# CellID	NodeIndex	X	Y	R	Theta
8	0	44.483	-1.14477	46.8409	0.32785
8	1	44.5824	-0.921679	47.0072	0.331663
8	2	44.6692	-0.691324	47.1646	0.335682
8	3	44.7416	-0.455428	47.3111	0.339885
8	4	44.7998	-0.216379	47.4461	0.344226
8	5	44.8452	0.0241407	47.5705	0.348664
8	6	44.8798	0.265775	47.686	0.353178
8	7	44.9044	0.509144	47.7939	0.357777
8	8	44.9189	0.755067	47.894	0.362481
8	9	44.9216	1.00373	47.9854	0.367306
8	10	44.9112	1.25416	48.0661	0.372247
8	11	44.8871	1.50452	48.1353	0.377274
8	12	44.8503	1.75323	48.1934	0.382353
8	13	44.8025	1.9999	48.2417	0.387467
8	14	44.7446	2.24514	48.2814	0.392623
8	15	44.6764	2.48979	48.3126	0.397841
8	16	44.5963	2.73389	48.334	0.403139
8	17	44.5027	2.97613	48.3437	0.408508
8	18	44.3954	3.21424	48.3405	0.413911
8	19	44.2758	3.44651	48.3251	0.419307
8	20	44.1461	3.67288	48.2995	0.424681
8	21	44.0074	3.89446	48.2651	0.430047
8	22	43.8594	4.11225	48.2221	0.435432
8	23	43.7005	4.32595	48.1689	0.440846
8	24	43.5294	4.53377	48.1035	0.446271
8	25	43.3469	4.73339	48.0257	0.451661
8	26	43.155	4.92389	47.9369	0.456983
8	27	42.956	5.10629	47.8395	0.46224
8	28	42.7504	5.28233	47.7346	0.467462
8	29	42.5385	5.45185	47.6225	0.472645
8	30	42.3187	5.61384	47.5011	0.477788
8	31	42.0902	5.7658	47.3687	0.482854
8	32	41.8547	5.90553	47.2256	0.487791
8	33	41.6147	6.03301	47.0738	0.492573
8	34	41.3716	6.14995	46.9155	0.497219
8	35	41.1252	6.25788	46.7509	0.501762
8	36	40.8742	6.35665	46.5788	0.506213
8	37	40.6177	6.44436	46.3974	0.510547
8	38	40.3567	6.51875	46.2065	0.514711
8	39	40.0938	6.57924	46.0078	0.518669
8	40	39.831	6.62752	45.8038	0.522429
8	41	39.5686	6.666	45.5959	0.526032
8	42	39.3058	6.69615	45.384	0.529514
8	43	39.0417	6.71684	45.1668	0.532863
8	44	38.8042	6.72042	44.9642	0.535614
8	45	38.585	6.70742	44.7692	0.537863
8	46	38.3778	6.67837	44.5764	0.539686
8	47	38.1808	6.62629	44.3807	0.54096
8	48	38.0141	6.53492	44.1907	0.54113
8	49	37.8678	6.39954	43.9957	0.540205
8	50	37.7323	6.25119	43.8032	0.538891
8	51	37.6029	6.10169	43.6155	0.537472
8	52	37.4754	5.95361	43.4301	0.536047
8	53	37.3512	5.80527	43.2476	0.534565
8	54	37.2285	5.65795	43.0671	0.533072
8	55	37.1103	5.50928	42.8898	0.531487
8	56	36.9937	5.3596	42.7135	0.52985
8	57	36.883	5.20428	42.5395	0.528014
8	58	36.7746	5.04715	42.3668	0.5261
8	59	36.6717	4.8868	42.1973	0.524039
8	60	36.5725	4.72757	42.0319	0.52194
8	61	36.4764	4.5696	41.8699	0.519813
8	62	36.3853	4.40891	41.7112	0.517554
8	63	36.297	4.24669	41.5543	0.515213
8	64	36.2106	4.08299	41.3986	0.512801
8	65	36.1307	3.91555	41.2469	0.510214
8	66	36.0515	3.74754	41.0958	0.507588
8	67	35.9804	3.57631	40.9507	0.504777
8	68	35.9133	3.40473	40.8091	0.501893
8	69	35.8518	3.23291	40.6727	0.498917
8	70	35.7959	3.06135	40.5418	0.49586
8	71	35.7429	2.89099	40.4142	0.492777
8	72	35.6943	2.72101	40.2913	0.48963
8	73	35.6497	2.55122	40.1722	0.486422
8	74	35.6086	2.38149	40.0568	0.483156
8	75	35.5739	2.21122	39.9472	0.479785
8	76	35.5455	2.04085	39.8436	0.476321
8	77	35.5237	1.87055	39.7464	0.472765
8	78	35.5097	1.70201	39.6574	0.469142
8	79	35.506	1.53499	39.5789	0.46542
8	80	35.5062	1.36847	39.5046	0.461651
8	81	35.5311	1.19943	39.4519	0.457534
8	82	35.564	1.02133	39.4032	0.453109
8	83	35.6221	0.837964	39.3756	0.448277
8	84	35.6952	0.641558	39.3569	0.442974
8	85	35.7835	0.451043	39.3556	0.437639
8	86	35.8899	0.263273	39.3729	0.432175
8	87	36.0134	0.0781819	39.4082	0.426596
8	88	36.1513	-0.104253	39.4589	0.420941
8	89	36.2949	-0.283533	39.5173	0.415316
8	90	36.4414	-0.459422	39.581	0.409756
8	91	36.5873	-0.634128	39.6458	0.404249
8	92	36.7317	-0.80634	39.7114	0.398832
8	93	36.877	-0.975516	39.7802	0.393494
8	94	37.0232	-1.14332	39.8514	0.388198
8	95	37.1684	-1.31167	39.9227	0.382918
8	96	37.3145	-1.47789	39.9966	0.377699
8	97	37.461	-1.64047	40.0733	0.37258
8	98	37.6068	-1.79918	40.1519	0.367576
8	99	37.7492	-1.95684	40.2287	0.362646
8	100	37.8912	-2.11181	40.3068	0.357802
8	101	38.0341	-2.26409	40.3879	0.353031
8	102	38.177	-2.41569	40.47	0.348296
8	103	38.3195	-2.56665	40.5529	0.343597
8	104	38.4618	-2.71552	40.6371	0.338968
8	105	38.6043	-2.85977	40.724	0.334464
8	106	38.7448	-2.99984	40.8111	0.330092
8	107	38.8845	-3.13357	40.9002	0.325892
8	108	39.0209	-3.26334	40.9882	0.321828
8	109	39.1573	-3.38589	41.0793	0.317946
8	110	39.2902	-3.50311	41.1691	0.314233
8	111	39.425	-3.60791	41.2652	0.310808
8	112	39.5514	-3.71253	41.3537	0.307465
8	113	39.6785	-3.79581	41.4498	0.304622
8	114	39.8195	-3.83591	41.5724	0.302684
8	115	39.9703	-3.86153	41.7088	0.30102
8	116	40.1269	-3.89054	41.8497	0.299249
8	117	40.2978	-3.90069	42.0102	0.297818
8	118	40.4884	-3.90083	42.1923	0.29649
8	119	40.7018	-3.87922	42.4028	0.295506
8	120	40.9466	-3.8419	42.6478	0.294672
8	121	41.1881	-3.79269	42.8932	0.294135
8	122	41.4272	-3.73439	43.1389	0.293822
8	123	41.6638	-3.66551	43.3854	0.293761
8	124	41.8979	-3.58474	43.6328	0.29398
8	125	42.1276	-3.49017	43.88	0.294526
8	126	42.3505	-3.38164	44.1249	0.295413
8	127	42.5649	-3.26061	44.3652	0.296616
8	128	42.7701	-3.12942	44.5999	0.298084
8	129	42.9672	-2.9899	44.8294	0.299768
8	130	43.1574	-2.8426	45.0546	0.301645
8	131	43.3411	-2.68696	45.2764	0.303722
8	132	43.5178	-2.52194	45.4945	0.306021
8	133	43.686	-2.34699	45.7077	0.308563
8	134	43.8439	-2.16273	45.9143	0.311342
8	135	43.9909	-1.97076	46.1133	0.314328
8	136	44.1274	-1.77271	46.3045	0.317484
8	137	44.2546	-1.56935	46.4891	0.320786
8	138	44.3732	-1.36037	46.6678	0.324234
9	0	-35.4658	3.37798	40.6442	2.63822
9	1	-35.5318	3.54503	40.7827	2.63542
9	2	-35.6015	3.71231	40.925	2.63267
9	3	-35.6783	3.87705	41.0725	2.63008
9	4	-35.7594	4.0388	41.2224	2.62762
9	5	-35.8441	4.1965	41.3739	2.6253
9	6	-35.9308	4.35031	41.5253	2.62311
9	7	-36.0205	4.49945	41.6772	2.62107
9	8	-36.1117	4.64824	41.8304	2.61907
9	9	-36.2113	4.79466	41.9898	2.61723
9	10	-36.3139	4.94227	42.1526	2.61542
9	11	-36.4243	5.08748	42.3211	2.61376
9	12	-36.5397	5.23147	42.4934	2.6122
9	13	-36.6594	5.37398	42.6687	2.61074
9	14	-36.7846	5.51241	42.8468	2.60943
9	15	-36.9111	5.64925	43.0253	2.60818
9	16	-37.0417	5.78101	43.2047	2.60709
9	17	-37.1734	5.9103	43.384	2.60607
9	18	-37.3085	6.03488	43.5638	2.6052
9	19	-37.4448	6.15768	43.7436	2.60438
9	20	-37.5829	6.27525	43.9225	2.60369
9	21	-37.7227	6.38822	44.1004	2.60311
9	22	-37.8696	6.48877	44.2781	2.60286
9	23	-38.0082	6.5971	44.4526	2.60237
9	24	-38.1653	6.65867	44.6191	2.60299
9	25	-38.3551	6.67379	44.7898	2.60488
9	26	-38.551	6.6981	44.9707	2.60664
9	27	-38.7611	6.70139	45.1533	2.60895
9	28	-38.9916	6.68429	45.3433	2.61186
9	29	-39.2504	6.6451	45.5472	2.61547
9	30	-39.5076	6.59572	45.7451	2.61923
9	31	-39.764	6.53788	45.9388	2.6231
9	32	-40.0201	6.47028	46.1281	2.62713
9	33	-40.2748	6.39078	46.3111	2.63133
9	34	-40.5258	6.29834	46.4855	2.6357
9	35	-40.7713	6.19401	46.6501	2.64021
9	36	-41.0108	6.07981	46.8057	2.64481
9	37	-41.2454	5.95694	46.954	2.64949
9	38	-41.4762	5.82489	47.0955	2.65427
9	39	-41.7027	5.68193	47.2293	2.6592
9	40	-41.9231	5.52676	47.3531	2.66426
9	41	-42.1347	5.36011	47.4652	2.66942
9	42	-42.3368	5.18448	47.5659	2.67464
9	43	-42.5302	5.00219	47.6572	2.67989
9	44	-42.7168	4.8139	47.7411	2.68516
9	45	-42.896	4.61959	47.8169	2.69046
9	46	-43.067	4.41768	47.8835	2.69581
9	47	-43.2276	4.20745	47.9384	2.70121
9	48	-43.3757	3.99	47.9805	2.70663
9	49	-43.511	3.7676	48.0101	2.71202
9	50	-43.6345	3.54197	48.0291	2.71736
9	51	-43.7477	3.31339	48.0389	2.72266
9	52	-43.8512	3.08096	48.0395	2.72796
9	53	-43.9438	2.84359	48.0296	2.73326
9	54	-44.0234	2.60117	48.0071	2.73855
9	55	-44.0883	2.3553	47.9709	2.7438
9	56	-44.1383	2.10844	47.922	2.74895
9	57	-44.175	1.8624	47.8625	2.754
9	58	-44.2004	1.61754	47.794	2.75894
9	59	-44.2156	1.37326	47.7174	2.76381
9	60	-44.22	1.12876	47.6319	2.76861
9	61	-44.2124	0.883926	47.5362	2.77335
9	62	-44.1913	0.639755	47.4291	2.77799
9	63	-44.1564	0.398045	47.311	2.78251
9	64	-44.1085	0.160361	47.1831	2.78687
9	65	-44.0493	-0.0727809	47.047	2.79108
9	66	-43.98	-0.301856	46.9036	2.79516
9	67	-43.9006	-0.527646	46.7526	2.79912
9	68	-43.8099	-0.750423	46.5928	2.80297
9	69	-43.7063	-0.969306	46.4226	2.80668
9	70	-43.5885	-1.18218	46.2417	2.81019
9	71	-43.4571	-1.38659	46.0512	2.81346
9	72	-43.3141	-1.5811	45.8534	2.81647
9	73	-43.162	-1.76591	45.6503	2.81924
9	74	-43.0021	-1.94225	45.443	2.8218
9	75	-42.8347	-2.1113	45.2311	2.82419
9	76	-42.6591	-2.27344	45.0137	2.82639
9	77	-42.4742	-2.42786	44.7901	2.82839
9	78	-42.2795	-2.57285	44.5603	2.83014
9	79	-42.0758	-2.70661	44.3254	2.8316
9	80	-41.8648	-2.82837	44.0874	2.83278
9	81	-41.6482	-2.93869	43.8475	2.83367
9	82	-41.4266	-3.03875	43.6061	2.83432
9	83	-41.1999	-3.12927	43.3626	2.83473
9	84	-40.967	-3.20983	43.1162	2.83488
9	85	-40.7276	-3.27883	42.8672	2.83472
9	86	-40.4828	-3.33463	42.6169	2.83424
9	87	-40.2346	-3.37599	42.3679	2.83339
9	88	-39.9852	-3.40373	42.1219	2.83223
9	89	-39.7647	-3.40987	41.91	2.83076
9	90	-39.564	-3.40382	41.7208	2.82915
9	91	-39.3763	-3.37889	41.55	2.8272
9	92	-39.1948	-3.34983	41.3865	2.82517
9	93	-39.0203	-3.29421	41.238	2.82257
9	94	-38.8526	-3.20767	41.1062	2.81929
9	95	-38.6885	-3.06892	40.9949	2.81482
9	96	-38.5263	-2.91841	40.8901	2.81006
9	97	-38.3656	-2.76258	40.7893	2.80516
9	98	-38.2048	-2.60752	40.6892	2.80026
9	99	-38.0467	-2.45133	40.593	2.79533
9	100	-37.8918	-2.29514	40.5007	2.7904
9	101	-37.7381	-2.14073	40.41	2.78551
9	102	-37.5872	-1.98745	40.3225	2.78064
9	103	-37.4391	-1.83376	40.2388	2.77577
9	104	-37.2925	-1.68051	40.1572	2.7709
9	105	-37.1469	-1.52891	40.0769	2.76606
9	106	-37.0043	-1.37918	39.9995	2.76127
9	107	-36.8657	-1.23229	39.9258	2.75656
9	108	-36.7283	-1.08478	39.8543	2.75184
9	109	-36.5932	-0.936218	39.7862	2.74709
9	110	-36.4587	-0.788041	39.7195	2.74235
9	111	-36.327	-0.637951	39.6569	2.73757
9	112	-36.1957	-0.487846	39.5957	2.73278
9	113	-36.0692	-0.334751	39.5409	2.72795
9	114	-35.9455	-0.181593	39.4896	2.72314
9	115	-35.8295	-0.0262825	39.4472	2.71835
9	116	-35.7192	0.128327	39.4106	2.71363
9	117	-35.6168	0.283292	39.3822	2.70897
9	118	-35.5208	0.436014	39.3594	2.70442
9	119	-35.4273	0.585837	39.3386	2.69996
9	120	-35.3465	0.740255	39.3319	2.69554
9	121	-35.2615	0.895108	39.3224	2.69105
9	122	-35.2009	1.06624	39.3428	2.68647
9	123	-35.1496	1.24669	39.3765	2.68178
9	124	-35.1033	1.43764	39.4202	2.67691
9	125	-35.0796	1.62398	39.4829	2.67243
9	126	-35.0769	1.80723	39.5637	2.66826
9	127	-35.0846	1.98782	39.6532	2.6643
9	128	-35.1105	2.16662	39.7586	2.6606
9	129	-35.1442	2.34516	39.8713	2.65702
9	130	-35.1902	2.52055	39.994	2.65368
9	131	-35.2363	2.69516	40.1167	2.65037
9	132	-35.2887	2.86761	40.2445	2.64721
9	133	-35.3446	3.03881	40.3751	2.64413
9	134	-35.405	3.20849	40.5094	2.64116
17	0	39.1773	-4.96934	40.6313	0.280766
17	1	39.1656	-4.77124	40.6754	0.285525
17	2	39.1326	-4.58219	40.6974	0.290211
17	3	39.094	-4.39485	40.7145	0.294891
17	4	39.0143	-4.21843	40.6899	0.29961
17	5	38.899	-4.04221	40.6323	0.304591
17	6	38.7539	-3.86966	40.5462	0.309724
17	7	38.6043	-3.69691	40.4569	0.314917
17	8	38.4531	-3.52614	40.3666	0.3201
17	9	38.3016	-3.35844	40.276	0.325236
17	10	38.1519	-3.19161	40.188	0.33036
17	11	38.0035	-3.02479	40.1023	0.335495
17	12	37.8547	-2.85824	40.0172	0.340649
17	13	37.7053	-2.69179	39.9325	0.345828
17	14	37.556	-2.5252	39.849	0.351032
17	15	37.4095	-2.35903	39.7692	0.356221
17	16	37.2601	-2.19955	39.6852	0.361301
17	17	37.1145	-2.04017	39.6059	0.366364
17	18	36.9711	-1.88134	39.5294	0.371416
17	19	36.8261	-1.72547	39.4514	0.376431
17	20	36.6819	-1.57036	39.3748	0.38144
17	21	36.5395	-1.41574	39.3007	0.386441
17	22	36.3981	-1.26369	39.2275	0.39139
17	23	36.2564	-1.11656	39.1531	0.396244
17	24	36.1163	-0.973019	39.0797	0.401016
17	25	35.9787	-0.832082	39.0085	0.40572
17	26	35.8419	-0.694837	38.9374	0.410345
17	27	35.7057	-0.561414	38.8661	0.414891
17	28	35.5687	-0.433415	38.7927	0.419334
17	29	35.4322	-0.309976	38.7186	0.423681
17	30	35.2911	-0.194118	38.638	0.427916
17	31	35.1489	-0.0819759	38.5555	0.432093
17	32	35.0016	0.0217152	38.4654	0.436145
17	33	34.8487	0.119387	38.3684	0.440136
17	34	34.6827	0.210887	38.2576	0.444148
17	35	34.5015	0.292564	38.1293	0.448124
17	36	34.3128	0.363632	37.9903	0.451962
17	37	34.122	0.412701	37.8404	0.45533
17	38	33.9309	0.448672	37.6847	0.458418
17	39	33.7367	0.462332	37.5167	0.461035
17	40	33.5409	0.465003	37.3426	0.463432
17	41	33.3449	0.454016	37.1626	0.465525
17	42	33.1502	0.434086	36.9797	0.467407
17	43	32.9575	0.4074	36.7957	0.469119
17	44	32.768	0.372414	36.6108	0.470607
17	45	32.581	0.333499	36.4266	0.471983
17	46	32.3969	0.287844	36.2419	0.473169
17	47	32.2141	0.239771	36.0572	0.474294
17	48	32.0351	0.17856	35.8701	0.475054
17	49	31.8569	0.112296	35.6813	0.475688
17	50	31.6928	0.0156046	35.4911	0.475384
17	51	31.5351	-0.101613	35.2973	0.474475
17	52	31.391	-0.253078	35.1	0.472512
17	53	31.2508	-0.426651	34.8962	0.469912
17	54	31.1338	-0.606976	34.7104	0.466806
17	55	31.0361	-0.790155	34.541	0.463343
17	56	30.957	-0.980061	34.3856	0.459431
17	57	30.8883	-1.1729	34.2388	0.455272
17	58	30.8266	-1.36746	34.0982	0.450943
17	59	30.768	-1.5635	33.9604	0.446499
17	60	30.7123	-1.7619	33.8247	0.441921
17	61	30.6593	-1.96314	33.6912	0.437193
17	62	30.6101	-2.167	33.5607	0.432311
17	63	30.564	-2.37526	33.432	0.427232
17	64	30.5212	-2.58662	33.306	0.421989
17	65	30.4817	-2.79987	33.183	0.416614
17	66	30.445	-3.01412	33.0632	0.411139
17	67	30.411	-3.22914	32.9467	0.405568
17	68	30.3803	-3.44474	32.834	0.399903
17	69	30.3535	-3.66021	32.7259	0.394157
17	70	30.3279	-3.87969	32.6186	0.388246
17	71	30.304	-4.1015	32.5131	0.382209
17	72	30.2823	-4.32418	32.4105	0.376084
17	73	30.263	-4.54696	32.3113	0.369891
17	74	30.2464	-4.76977	32.2159	0.363629
17	75	30.233	-4.99287	32.1247	0.357286
17	76	30.222	-5.2179	32.0364	0.350826
17	77	30.215	-5.44386	31.9528	0.34426
17	78	30.2123	-5.67079	31.8744	0.337587
17	79	30.2153	-5.89702	31.803	0.330843
17	80	30.2248	-6.12145	31.7398	0.324059
17	81	30.245	-6.34073	31.6898	0.317297
17	82	30.2776	-6.55415	31.655	0.310569
17	83	30.3265	-6.7639	31.6382	0.303785
17	84	30.3862	-6.97342	31.6332	0.2969
17	85	30.4669	-7.16921	31.6538	0.290239
17	86	30.5507	-7.34951	31.6831	0.28403
17	87	30.6596	-7.50245	31.7453	0.278444
17	88	30.7724	-7.64511	31.815	0.273157
17	89	30.8975	-7.7748	31.9009	0.268185
17	90	31.0271	-7.89997	31.993	0.263339
17	91	31.159	-8.02401	32.0884	0.258537
17	92	31.2979	-8.14349	32.1925	0.253846
17	93	31.4398	-8.26165	32.3005	0.249202
17	94	31.5853	-8.37897	32.413	0.244587
17	95	31.7357	-8.49479	32.5312	0.240013
17	96	31.8898	-8.61095	32.6536	0.235436
17	97	32.0486	-8.72571	32.7816	0.230901
17	98	32.21	-8.8408	32.9127	0.226375
17	99	32.3733	-8.95559	33.0465	0.221881
17	100	32.5374	-9.07118	33.1813	0.217395
17	101	32.7034	-9.18593	33.3191	0.212957
17	102	32.8704	-9.30268	33.4579	0.208492
17	103	33.0405	-9.41948	33.6005	0.204042
17	104	33.2148	-9.53589	33.7479	0.199618
17	105	33.3921	-9.65302	33.8988	0.195194
17	106	33.5707	-9.77134	34.0514	0.190768
17	107	33.749	-9.88773	34.2047	0.186439
17	108	33.9267	-10.0006	34.3588	0.182251
17	109	34.1068	-10.104	34.5174	0.178361
17	110	34.2769	-10.2157	34.6653	0.17432
17	111	34.4442	-10.2662	34.8214	0.172058
17	112	34.618	-10.2645	34.9928	0.171256
17	113	34.7925	-10.2764	35.1629	0.170076
17	114	34.9722	-10.2685	35.3412	0.169434
17	115	35.1612	-10.2426	35.532	0.169256
17	116	35.3655	-10.1951	35.7413	0.169603
17	117	35.5903	-10.1209	35.9755	0.170583
17	118	35.8426	-10.0144	36.2422	0.172297
17	119	36.0879	-9.89464	36.5045	0.174376
17	120	36.3258	-9.76456	36.7615	0.176738
17	121	36.5569	-9.62549	37.0135	0.179339
17	122	36.782	-9.47726	37.2616	0.182176
17	123	37.0009	-9.31873	37.5057	0.185276
17	124	37.212	-9.14899	37.7448	0.188665
17	125	37.4136	-8.96863	37.9769	0.192334
17	126	37.605	-8.77953	38.2011	0.196236
17	127	37.7867	-8.58338	38.418	0.200321
17	128	37.9602	-8.3805	38.6287	0.204575
17	129	38.1257	-8.16986	38.8339	0.20902
17	130	38.2819	-7.95001	39.0328	0.213699
17	131	38.4265	-7.72057	39.2232	0.218634
17	132	38.5575	-7.48309	39.4031	0.223797
17	133	38.6748	-7.24	39.572	0.229128
17	134	38.7802	-6.99285	39.7314	0.234584
17	135	38.8751	-6.7416	39.8827	0.240158
17	136	38.9596	-6.48534	40.0264	0.245874
17	137	39.0324	-6.22359	40.1614	0.251754
17	138	39.0919	-5.95727	40.2861	0.257789
17	139	39.138	-5.68854	40.3999	0.26393
17	140	39.1697	-5.41893	40.5017	0.270152
17	141	39.1832	-5.18205	40.5786	0.275689
18	0	-30.6692	-3.45435	33.3494	2.74853
18	1	-30.6951	-3.2498	33.4522	2.74317
18	2	-30.7249	-3.04414	33.5599	2.73787
18	3	-30.7572	-2.83922	33.6706	2.73265
18	4	-30.7904	-2.6363	33.7822	2.72753
18	5	-30.8235	-2.43627	33.8934	2.72252
18	6	-30.8602	-2.23383	34.0097	2.71752
18	7	-30.9011	-2.03085	34.131	2.7126
18	8	-30.9462	-1.82931	34.2562	2.70779
18	9	-30.9956	-1.63132	34.3846	2.70317
18	10	-31.0478	-1.43826	34.5142	2.69875
18	11	-31.1046	-1.24871	34.647	2.69451
18	12	-31.1623	-1.06232	34.78	2.69039
18	13	-31.2249	-0.879959	34.916	2.68647
18	14	-31.2862	-0.698482	35.0511	2.68259
18	15	-31.3595	-0.521686	35.1954	2.67901
18	16	-31.4364	-0.346192	35.3427	2.67554
18	17	-31.5382	-0.178308	35.5093	2.6726
18	18	-31.6465	-0.00774169	35.6832	2.66971
18	19	-31.7856	0.152976	35.8802	2.66748
18	20	-31.9236	0.299754	36.07	2.66561
18	21	-32.0843	0.403237	36.2603	2.66511
18	22	-32.2497	0.493366	36.4486	2.66499
18	23	-32.4286	0.550532	36.6338	2.66584
18	24	-32.6075	0.60288	36.8169	2.6668
18	25	-32.7895	0.642224	36.9968	2.66811
18	26	-32.9723	0.674986	37.1744	2.66957
18	27	-33.1567	0.697724	37.349	2.67127
18	28	-33.3426	0.71417	37.5223	2.67312
18	29	-33.5309	0.707578	37.6874	2.67553
18	30	-33.722	0.689034	37.8499	2.67824
18	31	-33.9148	0.6341	37.998	2.6818
18	32	-34.1137	0.555847	38.1419	2.68595
18	33	-34.3168	0.445778	38.2763	2.69087
18	34	-34.5097	0.322933	38.397	2.69594
18	35	-34.6918	0.185461	38.5025	2.7012
18	36	-34.8652	0.0351462	38.5959	2.70664
18	37	-35.0325	-0.123437	38.6813	2.71218
18	38	-35.197	-0.2855	38.7641	2.71775
18	39	-35.361	-0.448733	38.847	2.72331
18	40	-35.5244	-0.612316	38.9305	2.72886
18	41	-35.6875	-0.776075	39.0148	2.73438
18	42	-35.8498	-0.93951	39.0997	2.73986
18	43	-36.0081	-1.10435	39.1815	2.74531
18	44	-36.1653	-1.26744	39.2641	2.75069
18	45	-36.3229	-1.42792	39.3492	2.75599
18	46	-36.475	-1.5925	39.4288	2.76131
18	47	-36.629	-1.75529	39.5119	2.76658
18	48	-36.7838	-1.91796	39.597	2.77183
18	49	-36.9352	-2.08412	39.6787	2.77712
18	50	-37.0851	-2.24751	39.7611	2.7823
18	51	-37.2324	-2.40938	39.8425	2.7874
18	52	-37.3752	-2.56867	39.9217	2.79239
18	53	-37.5141	-2.7259	39.9989	2.79727
18	54	-37.6506	-2.88069	40.0756	2.80205
18	55	-37.7822	-3.03336	40.1492	2.80673
18	56	-37.9077	-3.18437	40.2186	2.8113
18	57	-38.0278	-3.33239	40.2846	2.81575
18	58	-38.1413	-3.47549	40.3467	2.82001
18	59	-38.2482	-3.61407	40.4046	2.8241
18	60	-38.3472	-3.75007	40.4566	2.82805
18	61	-38.4484	-3.87729	40.5139	2.83181
18	62	-38.5037	-4.01957	40.5234	2.83557
18	63	-38.5525	-4.1723	40.5242	2.83953
18	64	-38.5611	-4.34006	40.4829	2.84355
18	65	-38.5787	-4.51684	40.4482	2.84785
18	66	-38.5722	-4.71243	40.3857	2.85244
18	67	-38.5581	-4.93434	40.3095	2.85762
18	68	-38.5223	-5.19129	40.2038	2.8635
18	69	-38.473	-5.44707	40.0869	2.8693
18	70	-38.4092	-5.69909	39.9583	2.87495
18	71	-38.3325	-5.94547	39.8199	2.88041
18	72	-38.2447	-6.18575	39.6737	2.88569
18	73	-38.1474	-6.4207	39.5206	2.89082
18	74	-38.0406	-6.6513	39.3604	2.89582
18	75	-37.9233	-6.87779	39.192	2.9007
18	76	-37.7942	-7.09925	39.0142	2.90542
18	77	-37.6527	-7.31384	38.8269	2.90994
18	78	-37.4999	-7.51988	38.6312	2.91422
18	79	-37.3376	-7.71693	38.4289	2.91827
18	80	-37.167	-7.90569	38.2211	2.92209
18	81	-36.9885	-8.08704	38.0076	2.92573
18	82	-36.8012	-8.26112	37.7876	2.92917
18	83	-36.6043	-8.42694	37.5603	2.93238
18	84	-36.3979	-8.58281	37.3262	2.93531
18	85	-36.1834	-8.72762	37.0868	2.93795
18	86	-35.9627	-8.86122	36.8437	2.94029
18	87	-35.7375	-8.98526	36.5983	2.94238
18	88	-35.5076	-9.09986	36.3503	2.94422
18	89	-35.301	-9.18675	36.1308	2.94546
18	90	-35.1099	-9.25134	35.9308	2.94618
18	91	-34.9288	-9.30335	35.743	2.94663
18	92	-34.7498	-9.33394	35.5614	2.9465
18	93	-34.571	-9.3573	35.3815	2.94616
18	94	-34.3966	-9.31817	35.2181	2.94411
18	95	-34.2106	-9.24452	35.0503	2.94101
18	96	-34.0329	-9.14337	34.8966	2.93716
18	97	-33.8536	-9.04147	34.742	2.93324
18	98	-33.6757	-8.93825	34.5896	2.92925
18	99	-33.5	-8.83178	34.4405	2.92515
18	100	-33.324	-8.72639	34.2916	2.92105
18	101	-33.1508	-8.62019	34.1461	2.91691
18	102	-32.98	-8.51327	34.0037	2.91272
18	103	-32.8115	-8.40598	33.8643	2.90851
18	104	-32.6463	-8.29804	33.7288	2.90426
18	105	-32.4843	-8.19161	33.5966	2.90005
18	106	-32.3248	-8.08209	33.4683	2.89573
18	107	-32.1669	-7.97285	33.342	2.8914
18	108	-32.0149	-7.85863	33.2233	2.88694
18	109	-31.864	-7.74625	33.106	2.88251
18	110	-31.7198	-7.62836	32.9971	2.87793
18	111	-31.5776	-7.51029	32.8909	2.87334
18	112	-31.4409	-7.39027	32.7913	2.86871
18	113	-31.3096	-7.26792	32.6981	2.86402
18	114	-31.1848	-7.14135	32.6132	2.85924
18	115	-31.0662	-7.00991	32.5363	2.85434
18	116	-30.9528	-6.8726	32.4669	2.8493
18	117	-30.8576	-6.71725	32.421	2.84386
18	118	-30.7657	-6.5448	32.3842	2.83794
18	119	-30.6966	-6.34929	32.3774	2.83154
18	120	-30.6316	-6.15789	32.3746	2.8253
18	121	-30.589	-5.96209	32.3956	2.81914
18	122	-30.5557	-5.76256	32.4279	2.81298
18	123	-30.544	-5.55388	32.4847	2.80679
18	124	-30.5376	-5.34222	32.5489	2.80058
18	125	-30.5388	-5.12871	32.622	2.79442
18	126	-30.5436	-4.91519	32.6998	2.78833
18	127	-30.5532	-4.70359	32.7826	2.78238
18	128	-30.567	-4.49283	32.8702	2.77652
18	129	-30.5837	-4.2841	32.9608	2.77079
18	130	-30.6011	-4.07802	33.0523	2.76517
18	131	-30.6216	-3.87022	33.1482	2.75957
18	132	-30.6445	-3.6618	33.2477	2.75401
25	0	34.2742	-12.3522	34.3565	0.11305
25	1	34.275	-12.0714	34.3901	0.121162
25	2	34.262	-11.8331	34.4068	0.128083
25	3	34.2398	-11.6274	34.4117	0.134091
25	4	34.2049	-11.4464	34.4018	0.139442
25	5	34.1613	-11.2823	34.3819	0.144346
25	6	34.1311	-11.1211	34.3755	0.149113
25	7	34.0522	-10.9919	34.317	0.153177
25	8	33.9648	-10.863	34.2506	0.157286
25	9	33.8375	-10.7584	34.1414	0.160894
25	10	33.7131	-10.6434	34.0373	0.164817
25	11	33.5811	-10.529	33.9262	0.168782
25	12	33.4425	-10.4146	33.8091	0.172805
25	13	33.2979	-10.3007	33.6865	0.176874
25	14	33.1494	-10.1865	33.5607	0.181002
25	15	32.9965	-10.0747	33.4306	0.185116
25	16	32.8417	-9.96292	33.2993	0.189271
25	17	32.6848	-9.85161	33.1665	0.193456
25	18	32.5261	-9.73991	33.0325	0.197699
25	19	32.3655	-9.62691	32.8975	0.202026
25	20	32.2018	-9.51375	32.7602	0.206412
25	21	32.0358	-9.39979	32.6214	0.210875
25	22	31.8671	-9.28702	32.4804	0.215357
25	23	31.6976	-9.17479	32.3392	0.219867
25	24	31.5276	-9.06449	32.1976	0.224361
25	25	31.3585	-8.95453	32.0575	0.228879
25	26	31.1894	-8.84584	31.9178	0.233398
25	27	31.019	-8.73992	31.7769	0.237881
25	28	30.8457	-8.63681	31.633	0.24234
25	29	30.6706	-8.53535	31.4877	0.246803
25	30	30.4878	-8.45032	31.3315	0.25086
25	31	30.3075	-8.37209	31.1765	0.254726
25	32	30.1176	-8.32875	31.0038	0.257622
25	33	29.9258	-8.29013	30.8283	0.260418
25	34	29.7264	-8.28703	30.6365	0.262192
25	35	29.5283	-8.28573	30.4455	0.26392
25	36	29.3395	-8.31722	30.2551	0.264543
25	37	29.1557	-8.34901	30.0692	0.265121
25	38	28.9791	-8.40915	29.8831	0.264727
25	39	28.8022	-8.4705	29.6963	0.264292
25	40	28.6286	-8.54339	29.5097	0.263444
25	41	28.4549	-8.61976	29.3221	0.262472
25	42	28.2813	-8.69961	29.1338	0.261371
25	43	28.111	-8.78792	28.9465	0.259944
25	44	27.941	-8.87687	28.7594	0.258474
25	45	27.7765	-8.97404	28.5755	0.256659
25	46	27.6145	-9.07283	28.3938	0.254742
25	47	27.4567	-9.17567	28.2152	0.252624
25	48	27.3052	-9.28502	28.0413	0.250199
25	49	27.1563	-9.39643	27.8696	0.247648
25	50	27.0143	-9.51671	27.7025	0.244696
25	51	26.8846	-9.6532	27.5438	0.241029
25	52	26.76	-9.80252	27.3874	0.23682
25	53	26.6536	-9.97584	27.2436	0.231552
25	54	26.5545	-10.1477	27.1082	0.22622
25	55	26.4751	-10.3275	26.9909	0.220389
25	56	26.4028	-10.5094	26.8811	0.214374
25	57	26.3456	-10.6978	26.7857	0.207953
25	58	26.2924	-10.8873	26.6951	0.201421
25	59	26.2469	-11.0779	26.613	0.194746
25	60	26.2018	-11.2679	26.5325	0.18805
25	61	26.1621	-11.4583	26.4586	0.181259
25	62	26.1242	-11.6507	26.3872	0.174346
25	63	26.0924	-11.8449	26.3229	0.167292
25	64	26.0635	-12.0384	26.2628	0.160208
25	65	26.0398	-12.2297	26.2095	0.153147
25	66	26.0201	-12.4215	26.1615	0.146015
25	67	26.0057	-12.6125	26.1201	0.138861
25	68	25.9936	-12.8016	26.0826	0.131744
25	69	25.9848	-12.9886	26.05	0.124673
25	70	25.9774	-13.1732	26.0204	0.11767
25	71	25.9729	-13.355	25.9952	0.110746
25	72	25.9722	-13.5379	25.9749	0.10375
25	73	25.9769	-13.7201	25.9613	0.0967518
25	74	25.986	-13.8996	25.9536	0.0898328
25	75	25.9975	-14.0749	25.95	0.0830656
25	76	26.0137	-14.2443	25.9526	0.0765069
25	77	26.0329	-14.4114	25.9595	0.0700339
25	78	26.0581	-14.5743	25.9738	0.0637084
25	79	26.088	-14.7325	25.9941	0.0575625
25	80	26.1206	-14.8863	26.0183	0.0515896
25	81	26.1607	-15.0363	26.051	0.04576
25	82	26.2042	-15.1838	26.0881	0.040036
25	83	26.2589	-15.3272	26.1374	0.0344678
25	84	26.33	-15.4679	26.204	0.0290081
25	85	26.4064	-15.6111	26.2766	0.0234785
25	86	26.5019	-15.7537	26.3692	0.0179839
25	87	26.6076	-15.8793	26.4729	0.0131696
25	88	26.7121	-15.9982	26.576	0.00864662
25	89	26.8339	-16.097	26.6972	0.00490466
25	90	26.9525	-16.2	26.8156	0.00104126
25	91	27.0804	-16.2946	26.9435	-0.00247563
25	92	27.2101	-16.3903	27.0736	-0.00599873
25	93	27.3462	-16.4822	27.2103	-0.00934396
25	94	27.486	-16.5748	27.3512	-0.0126811
25	95	27.6323	-16.665	27.4987	-0.0158926
25	96	27.7829	-16.7564	27.651	-0.0191146
25	97	27.9395	-16.8465	27.8094	-0.022246
25	98	28.0985	-16.935	27.9704	-0.0252806
25	99	28.2598	-17.0192	28.134	-0.0281298
25	100	28.4217	-17.1001	28.2981	-0.0308262
25	101	28.5871	-17.18	28.466	-0.0334531
25	102	28.7547	-17.2603	28.6363	-0.0360588
25	103	28.925	-17.3399	28.8094	-0.038608
25	104	29.0974	-17.4203	28.985	-0.041147
25	105	29.2728	-17.5	29.1636	-0.0436313
25	106	29.4506	-17.5797	29.3448	-0.0460817
25	107	29.6304	-17.6584	29.5281	-0.0484623
25	108	29.8119	-17.7373	29.7132	-0.050818
25	109	29.9949	-17.8127	29.8999	-0.0530269
25	110	30.1813	-17.872	30.0892	-0.0546673
25	111	30.3515	-17.8811	30.2597	-0.0546603
25	112	30.5175	-17.8413	30.4233	-0.0530541
25	113	30.687	-17.813	30.5911	-0.0518366
25	114	30.857	-17.7656	30.7585	-0.0500106
25	115	31.0319	-17.699	30.9299	-0.0475777
25	116	31.2177	-17.6103	31.1114	-0.0444479
25	117	31.4205	-17.4936	31.3091	-0.0404359
25	118	31.648	-17.342	31.5307	-0.035341
25	119	31.87	-17.1775	31.7472	-0.0299133
25	120	32.0844	-17.0006	31.9567	-0.0241808
25	121	32.2888	-16.8134	32.1572	-0.018208
25	122	32.4835	-16.6185	32.3489	-0.0120727
25	123	32.6701	-16.4168	32.5337	-0.00580559
25	124	32.8495	-16.2077	32.7125	0.000619673
25	125	33.021	-15.9895	32.8849	0.00725204
25	126	33.1823	-15.7618	33.0486	0.014106
25	127	33.3314	-15.5264	33.2018	0.0211314
25	128	33.4689	-15.2859	33.3452	0.0282541
25	129	33.5968	-15.0417	33.4808	0.0354381
25	130	33.7166	-14.7931	33.6102	0.0427034
25	131	33.828	-14.5385	33.7333	0.0501046
25	132	33.9286	-14.2765	33.8479	0.057685
25	133	34.0154	-14.0082	33.951	0.0654266
25	134	34.0875	-13.7365	34.0418	0.0732546
25	135	34.1465	-13.4634	34.1217	0.0811076
25	136	34.1948	-13.1893	34.1931	0.0889832
25	137	34.233	-12.913	34.2568	0.0969198
25	138	34.2601	-12.6336	34.3119	0.104948
26	0	-24.4462	-13.1509	24.7751	3.01707
26	1	-24.4691	-12.97	24.8209	3.00995
26	2	-24.4927	-12.7862	24.869	3.00275
26	3	-24.5214	-12.598	24.9241	2.99543
26	4	-24.5532	-12.4064	24.9842	2.98803
26	5	-24.5919	-12.2138	25.0526	2.98067
26	6	-24.6339	-12.0189	25.126	2.97328
26	7	-24.6814	-11.824	25.2061	2.96598
26	8	-24.7304	-11.6295	25.289	2.95874
26	9	-24.7831	-11.4363	25.3766	2.95163
26	10	-24.8366	-11.2412	25.4666	2.94451
26	11	-24.8938	-11.0451	25.5617	2.93742
26	12	-24.9541	-10.8477	25.6615	2.93036
26	13	-25.0202	-10.648	25.7686	2.92332
26	14	-25.0927	-10.4478	25.8833	2.91638
26	15	-25.1734	-10.2495	26.0069	2.90964
26	16	-25.2631	-10.0538	26.1397	2.90314
26	17	-25.3663	-9.86404	26.2854	2.89705
26	18	-25.4923	-9.68205	26.452	2.89153
26	19	-25.6619	-9.49903	26.662	2.88646
26	20	-25.8828	-9.31118	26.9234	2.88177
26	21	-26.0438	-9.14553	27.1218	2.8774
26	22	-26.1748	-8.99411	27.2881	2.87329
26	23	-26.3091	-8.86393	27.4523	2.87002
26	24	-26.4446	-8.73754	27.6168	2.86693
26	25	-26.5958	-8.62196	27.7938	2.8644
26	26	-26.757	-8.50281	27.9815	2.86188
26	27	-26.9304	-8.40292	28.1758	2.86017
26	28	-27.1091	-8.30818	28.3738	2.85871
26	29	-27.2963	-8.2263	28.5764	2.85779
26	30	-27.4853	-8.1455	28.7805	2.85693
26	31	-27.6782	-8.07198	28.9863	2.85637
26	32	-27.8714	-7.99908	29.1922	2.85583
26	33	-28.0685	-7.93436	29.3996	2.85561
26	34	-28.2661	-7.8735	29.6063	2.85552
26	35	-28.4639	-7.82078	29.8109	2.8557
26	36	-28.6593	-7.77012	30.0127	2.85591
26	37	-28.8538	-7.72615	30.2117	2.85633
26	38	-29.048	-7.68314	30.4101	2.85677
26	39	-29.2442	-7.64822	30.6083	2.85748
26	40	-29.4428	-7.61871	30.8072	2.85837
26	41	-29.6459	-7.6042	31.0063	2.85975
26	42	-29.8571	-7.60501	31.209	2.86165
26	43	-30.0759	-7.62645	31.4135	2.86423
26	44	-30.2849	-7.66533	31.604	2.86723
26	45	-30.4861	-7.72164	31.7826	2.87065
26	46	-30.6804	-7.79496	31.9503	2.87449
26	47	-30.8695	-7.88689	32.1089	2.8788
26	48	-31.056	-7.99118	32.2621	2.88343
26	49	-31.2403	-8.09982	32.413	2.88812
26	50	-31.4246	-8.20943	32.5642	2.8928
26	51	-31.609	-8.31926	32.7163	2.89744
26	52	-31.7936	-8.4315	32.8686	2.90211
26	53	-31.9771	-8.54607	33.0201	2.9068
26	54	-32.1586	-8.66206	33.17	2.91147
26	55	-32.3377	-8.77846	33.3182	2.9161
26	56	-32.5154	-8.8937	33.466	2.92064
26	57	-32.6916	-9.00952	33.6128	2.92515
26	58	-32.8645	-9.12608	33.757	2.92963
26	59	-33.0357	-9.24273	33.9002	2.93405
26	60	-33.2041	-9.35814	34.0415	2.93839
26	61	-33.3683	-9.47312	34.1794	2.94265
26	62	-33.5264	-9.58908	34.3118	2.94688
26	63	-33.6791	-9.70426	34.4396	2.95102
26	64	-33.8241	-9.8191	34.5605	2.95507
26	65	-33.9582	-9.93773	34.6706	2.95915
26	66	-34.097	-10.0431	34.7882	2.96286
26	67	-34.1954	-10.1725	34.8623	2.96701
26	68	-34.2604	-10.3407	34.8976	2.97208
26	69	-34.3394	-10.5125	34.9469	2.97731
26	70	-34.4049	-10.7037	34.9808	2.98301
26	71	-34.4592	-10.9207	35.001	2.98937
26	72	-34.5027	-11.1718	35.0067	2.99665
26	73	-34.5347	-11.4664	34.9971	3.00511
26	74	-34.5536	-11.7619	34.9769	3.01356
26	75	-34.5616	-12.0563	34.9484	3.02194
26	76	-34.5602	-12.3499	34.9133	3.03029
26	77	-34.5493	-12.644	34.871	3.03863
26	78	-34.5269	-12.9389	34.8196	3.04699
26	79	-34.4912	-13.233	34.7575	3.05532
26	80	-34.4428	-13.5239	34.6854	3.06355
26	81	-34.3841	-13.8109	34.6056	3.07169
26	82	-34.3165	-14.0951	34.5195	3.07977
26	83	-34.2393	-14.3778	34.4261	3.08783
26	84	-34.1503	-14.6589	34.3232	3.09586
26	85	-34.0482	-14.9361	34.2096	3.10382
26	86	-33.9342	-15.207	34.0865	3.11164
26	87	-33.811	-15.4714	33.9564	3.11931
26	88	-33.68	-15.731	33.8207	3.1269
26	89	-33.5404	-15.9871	33.6783	3.13444
26	90	-33.3895	-16.2395	33.5265	-3.14125
26	91	-33.2255	-16.4855	33.3635	-3.13387
26	92	-33.0494	-16.7221	33.1901	-3.1267
26	93	-32.8643	-16.9485	33.0091	-3.11976
26	94	-32.6722	-17.1668	32.8227	-3.11298
26	95	-32.4729	-17.3787	32.6302	-3.10632
26	96	-32.2645	-17.5839	32.4298	-3.09977
26	97	-32.0459	-17.7802	32.2204	-3.0934
26	98	-31.8189	-17.9655	32.0031	-3.08727
26	99	-31.5863	-18.14	31.7808	-3.08139
26	100	-31.3499	-18.3058	31.5554	-3.0757
26	101	-31.1092	-18.4633	31.3261	-3.07017
26	102	-30.8933	-18.5889	31.12	-3.06565
26	103	-30.6931	-18.6866	30.928	-3.06201
26	104	-30.5054	-18.7684	30.7475	-3.05888
26	105	-30.3201	-18.8262	30.5677	-3.05649
26	106	-30.1357	-18.8697	30.3878	-3.05455
26	107	-29.9554	-18.8523	30.2067	-3.0546
26	108	-29.7672	-18.7908	30.0139	-3.0561
26	109	-29.5839	-18.7088	29.8243	-3.05832
26	110	-29.4034	-18.626	29.6376	-3.06059
26	111	-29.2245	-18.5461	29.4529	-3.0628
26	112	-29.0481	-18.4637	29.2706	-3.06513
26	113	-28.8722	-18.3827	29.0891	-3.06745
26	114	-28.6979	-18.3003	28.9093	-3.06985
26	115	-28.5247	-18.2176	28.7307	-3.07229
26	116	-28.3533	-18.1346	28.554	-3.07477
26	117	-28.1843	-18.0519	28.38	-3.07728
26	118	-28.016	-17.9659	28.2066	-3.07994
26	119	-27.8474	-17.8806	28.0331	-3.0826
26	120	-27.6803	-17.7939	27.8613	-3.08536
26	121	-27.5152	-17.7052	27.6916	-3.08822
26	122	-27.3512	-17.6161	27.5232	-3.09114
26	123	-27.1884	-17.5265	27.3563	-3.0941
26	124	-27.027	-17.4371	27.1909	-3.09711
26	125	-26.8686	-17.346	27.0288	-3.10022
26	126	-26.7125	-17.2565	26.8692	-3.1033
26	127	-26.5617	-17.1656	26.7151	-3.10649
26	128	-26.4142	-17.0781	26.5648	-3.10958
26	129	-26.2748	-16.9872	26.4227	-3.11285
26	130	-26.138	-16.8982	26.2836	-3.11609
26	131	-26.0073	-16.8061	26.1507	-3.11948
26	132	-25.8821	-16.7115	26.0236	-3.12301
26	133	-25.7611	-16.6156	25.901	-3.12662
26	134	-25.6463	-16.5149	25.7849	-3.13046
26	135	-25.5339	-16.4125	25.6715	-3.1344
26	136	-25.4284	-16.3014	25.5655	-3.13872
26	137	-25.3277	-16.1781	25.4648	3.13964
26	138	-25.2382	-16.0374	25.3759	3.13408
26	139	-25.1527	-15.881	25.2921	3.12787
26	140	-25.0779	-15.7211	25.22	3.12149
26	141	-25.0089	-15.5581	25.1548	3.11496
26	142	-24.9426	-15.3898	25.0937	3.10819
26	143	-24.8842	-15.2061	25.042	3.10077
26	144	-24.7957	-15.0013	24.9629	3.09244
26	145	-24.6481	-14.7741	24.8277	3.083
26	146	-24.5469	-14.5733	24.7393	3.07466
26	147	-24.4865	-14.3897	24.692	3.06708
26	148	-24.4424	-14.2133	24.6618	3.05981
26	149	-24.4265	-14.0368	24.6611	3.05262
26	150	-24.4105	-13.8599	24.6614	3.04542
26	151	-24.4138	-13.6836	24.6823	3.03833
26	152	-24.4192	-13.5068	24.7065	3.03123
26	153	-24.4305	-13.3293	24.7379	3.02415
32	0	30.6602	-21.4481	30.9663	-0.169382
32	1	30.6694	-21.1525	30.927	-0.159914
32	2	30.6625	-20.8582	30.8747	-0.150536
32	3	30.6427	-20.5671	30.8127	-0.141293
32	4	30.6132	-20.2787	30.7443	-0.132139
32	5	30.5752	-19.9913	30.6699	-0.123014
32	6	30.5269	-19.7044	30.5881	-0.113901
32	7	30.4724	-19.4597	30.5071	-0.106135
32	8	30.4093	-19.249	30.4227	-0.0994671
32	9	30.3354	-19.0653	30.3314	-0.0936815
32	10	30.2475	-18.9036	30.2291	-0.0886278
32	11	30.1762	-18.743	30.1443	-0.0835305
32	12	30.0709	-18.6291	30.0301	-0.0800452
32	13	29.9233	-18.5475	29.8765	-0.0777172
32	14	29.7809	-18.4489	29.727	-0.0747802
32	15	29.6282	-18.3585	29.5681	-0.0721175
32	16	29.4703	-18.2676	29.4041	-0.0694236
32	17	29.3076	-18.1781	29.2357	-0.0667542
32	18	29.141	-18.0866	29.0635	-0.063994
32	19	28.9688	-17.9955	28.8859	-0.0612299
32	20	28.7923	-17.9033	28.7042	-0.0583988
32	21	28.614	-17.8123	28.521	-0.0555799
32	22	28.4352	-17.7213	28.3376	-0.0527229
32	23	28.2575	-17.6328	28.1556	-0.0499169
32	24	28.0814	-17.545	27.9754	-0.047097
32	25	27.905	-17.4598	27.7953	-0.0443342
32	26	27.7259	-17.3748	27.6128	-0.0415446
32	27	27.5435	-17.2896	27.427	-0.0387178
32	28	27.3579	-17.2035	27.2383	-0.0358219
32	29	27.1694	-17.1177	27.047	-0.0329011
32	30	26.9788	-17.0346	26.8539	-0.0300426
32	31	26.7881	-16.9544	26.661	-0.0272518
32	32	26.5983	-16.8837	26.4694	-0.0247778
32	33	26.4105	-16.8225	26.2802	-0.0226257
32	34	26.2222	-16.77	26.0908	-0.0207782
32	35	26.0312	-16.7286	25.899	-0.0193305
32	36	25.8361	-16.6949	25.7033	-0.0181673
32	37	25.6496	-16.683	25.5167	-0.0178348
32	38	25.4708	-16.6778	25.3378	-0.0177558
32	39	25.2966	-16.6935	25.1639	-0.0185009
32	40	25.1256	-16.7131	24.9933	-0.0194146
32	41	24.9559	-16.7456	24.8243	-0.0208546
32	42	24.7873	-16.785	24.6566	-0.0225952
32	43	24.6202	-16.8299	24.4906	-0.0245831
32	44	24.4572	-16.8833	24.329	-0.0269421
32	45	24.2927	-16.9391	24.1661	-0.0294316
32	46	24.1285	-17.0001	24.0039	-0.0321741
32	47	23.9656	-17.0653	23.8433	-0.0351244
32	48	23.8001	-17.1336	23.6805	-0.0382557
32	49	23.6343	-17.2077	23.5177	-0.0416735
32	50	23.4694	-17.286	23.3564	-0.0453165
32	51	23.3042	-17.3697	23.1953	-0.0492415
32	52	23.1406	-17.4583	23.0364	-0.0534328
32	53	22.9804	-17.5508	22.8816	-0.0578473
32	54	22.8228	-17.6479	22.7301	-0.0625097
32	55	22.6666	-17.7463	22.5807	-0.0672901
32	56	22.5135	-17.849	22.4351	-0.0723172
32	57	22.3604	-17.9522	22.2902	-0.0774331
32	58	22.2128	-18.063	22.1519	-0.0829356
32	59	22.0683	-18.1781	22.0179	-0.088687
32	60	21.9353	-18.3061	21.8972	-0.095047
32	61	21.8106	-18.4448	21.7867	-0.101928
32	62	21.6966	-18.5975	21.6894	-0.109468
32	63	21.5925	-18.7666	21.6051	-0.117775
32	64	21.5081	-18.9318	21.5414	-0.125851
32	65	21.4388	-19.0961	21.494	-0.133841
32	66	21.3822	-19.2618	21.4607	-0.141844
32	67	21.332	-19.4268	21.435	-0.149796
32	68	21.2895	-19.5949	21.4188	-0.157851
32	69	21.2473	-19.7641	21.4044	-0.165969
32	70	21.2087	-19.9382	21.3958	-0.17429
32	71	21.1747	-20.1161	21.3939	-0.182757
32	72	21.1446	-20.295	21.3976	-0.191232
32	73	21.1215	-20.4791	21.4107	-0.199879
32	74	21.1011	-20.664	21.4283	-0.208527
32	75	21.0866	-20.8526	21.454	-0.217268
32	76	21.0748	-21.0412	21.4839	-0.225958
32	77	21.0695	-21.2262	21.521	-0.23439
32	78	21.0659	-21.4116	21.5613	-0.242794
32	79	21.0659	-21.5953	21.6062	-0.251046
32	80	21.0669	-21.7814	21.6542	-0.25936
32	81	21.0706	-21.9687	21.7065	-0.267654
32	82	21.0757	-22.1604	21.7629	-0.276089
32	83	21.0858	-22.3551	21.8265	-0.284546
32	84	21.1014	-22.5502	21.8969	-0.292896
32	85	21.125	-22.7468	21.9771	-0.301153
32	86	21.1535	-22.9425	22.063	-0.309241
32	87	21.1892	-23.1368	22.1569	-0.317102
32	88	21.2248	-23.3294	22.2515	-0.32483
32	89	21.2661	-23.5199	22.352	-0.332316
32	90	21.3078	-23.7089	22.4537	-0.339669
32	91	21.3568	-23.896	22.5628	-0.346762
32	92	21.4123	-24.081	22.6783	-0.353601
32	93	21.4797	-24.2638	22.8054	-0.360099
32	94	21.5608	-24.4439	22.9452	-0.3662
32	95	21.6586	-24.6224	23.1008	-0.3719
32	96	21.77	-24.7828	23.2631	-0.37658
32	97	21.8941	-24.9265	23.4315	-0.380336
32	98	22.0362	-25.0517	23.61	-0.383025
32	99	22.1878	-25.1677	23.7941	-0.385168
32	100	22.3486	-25.2736	23.9829	-0.386742
32	101	22.512	-25.3777	24.1735	-0.388178
32	102	22.6794	-25.4777	24.3663	-0.389377
32	103	22.8475	-25.5785	24.5601	-0.390577
32	104	23.0192	-25.6776	24.7567	-0.391637
32	105	23.1928	-25.7763	24.9548	-0.392637
32	106	23.3675	-25.8728	25.1532	-0.393526
32	107	23.5413	-25.968	25.3501	-0.394366
32	108	23.7136	-26.0605	25.5448	-0.395115
32	109	23.884	-26.1507	25.7368	-0.395802
32	110	24.0523	-26.2399	25.9264	-0.396474
32	111	24.2195	-26.3271	26.1144	-0.39708
32	112	24.3863	-26.4122	26.3011	-0.397613
32	113	24.5582	-26.496	26.4921	-0.398016
32	114	24.7336	-26.5807	26.6866	-0.398395
32	115	24.9104	-26.663	26.8815	-0.398666
32	116	25.0865	-26.7443	27.0753	-0.398907
32	117	25.2618	-26.8224	27.2671	-0.399049
32	118	25.4327	-26.8977	27.4538	-0.399158
32	119	25.6003	-26.9682	27.6357	-0.399151
32	120	25.7648	-27.0362	27.8137	-0.399108
32	121	25.9288	-27.0976	27.9886	-0.398852
32	122	26.0922	-27.1487	28.1591	-0.398269
32	123	26.2473	-27.215	28.3277	-0.398303
32	124	26.4003	-27.2226	28.4718	-0.396463
32	125	26.5643	-27.1765	28.6055	-0.392763
32	126	26.7392	-27.1387	28.7528	-0.389222
32	127	26.9223	-27.075	28.8983	-0.384778
32	128	27.1175	-26.9855	29.0461	-0.379399
32	129	27.332	-26.8696	29.203	-0.37299
32	130	27.5733	-26.7225	29.3749	-0.365336
32	131	27.8092	-26.5673	29.5408	-0.357576
32	132	28.0406	-26.4037	29.7011	-0.349689
32	133	28.2675	-26.2298	29.8557	-0.341613
32	134	28.488	-26.043	30.0019	-0.333285
32	135	28.6984	-25.8431	30.1364	-0.32473
32	136	28.8965	-25.6328	30.2582	-0.316056
32	137	29.0833	-25.4156	30.3694	-0.307345
32	138	29.2614	-25.1925	30.4728	-0.298599
32	139	29.432	-24.9624	30.5694	-0.289763
32	140	29.5941	-24.7235	30.6577	-0.280786
32	141	29.745	-24.4759	30.7354	-0.271685
32	142	29.8833	-24.2218	30.8017	-0.262533
32	143	30.01	-23.9636	30.8583	-0.253386
32	144	30.1272	-23.7016	30.9075	-0.24423
32	145	30.2357	-23.4346	30.9494	-0.23501
32	146	30.3337	-23.1611	30.9824	-0.225687
32	147	30.4188	-22.8817	31.0041	-0.21629
32	148	30.4898	-22.599	31.0142	-0.206895
32	149	30.5485	-22.3151	31.0147	-0.197548
32	150	30.5969	-22.0296	31.0075	-0.188216
32	151	30.635	-21.741	30.9923	-0.178836
33	0	-20.7203	-21.1415	21.4283	-2.91023
33	1	-20.7518	-20.9245	21.4102	-2.92044
33	2	-20.7887	-20.7065	21.3996	-2.93075
33	3	-20.8285	-20.4876	21.3939	-2.94115
33	4	-20.8709	-20.2686	21.393	-2.95157
33	5	-20.9159	-20.0498	21.397	-2.96201
33	6	-20.9622	-19.8299	21.4044	-2.97251
33	7	-21.0116	-19.6082	21.417	-2.9831
33	8	-21.0671	-19.3855	21.4379	-2.99377
33	9	-21.1305	-19.1642	21.4692	-3.0044
33	10	-21.2053	-18.9479	21.5149	-3.01483
33	11	-21.2948	-18.7405	21.5786	-3.02489
33	12	-21.4004	-18.5399	21.6611	-3.03465
33	13	-21.5213	-18.3443	21.7615	-3.04419
33	14	-21.6553	-18.1619	21.878	-3.05308
33	15	-21.7979	-18.0011	22.0065	-3.06093
33	16	-21.9542	-17.8665	22.1519	-3.06755
33	17	-22.126	-17.7542	22.3153	-3.07314
33	18	-22.3078	-17.657	22.4903	-3.07801
33	19	-22.4962	-17.57	22.673	-3.08237
33	20	-22.689	-17.4917	22.861	-3.08629
33	21	-22.8841	-17.4205	23.052	-3.08984
33	22	-23.0804	-17.3563	23.2449	-3.09303
33	23	-23.277	-17.2975	23.4384	-3.09595
33	24	-23.4741	-17.244	23.6329	-3.09859
33	25	-23.6722	-17.1952	23.8289	-3.10099
33	26	-23.8726	-17.1533	24.0274	-3.10307
33	27	-24.0761	-17.1212	24.2296	-3.10472
33	28	-24.2838	-17.1024	24.4365	-3.1058
33	29	-24.4956	-17.0996	24.648	-3.10622
33	30	-24.7139	-17.1157	24.8668	-3.10588
33	31	-24.9248	-17.1497	25.0787	-3.10483
33	32	-25.1299	-17.1985	25.2855	-3.1032
33	33	-25.33	-17.2645	25.4881	-3.10091
33	34	-25.5288	-17.3467	25.6902	-3.09803
33	35	-25.7263	-17.4366	25.8916	-3.09489
33	36	-25.9234	-17.5286	26.0928	-3.09173
33	37	-26.1203	-17.6213	26.2942	-3.08858
33	38	-26.3165	-17.7143	26.4952	-3.08546
33	39	-26.5108	-17.8074	26.6946	-3.08239
33	40	-26.7031	-17.8989	26.8921	-3.07942
33	41	-26.8931	-17.9908	27.0875	-3.07647
33	42	-27.0792	-18.0838	27.2794	-3.07351
33	43	-27.2629	-18.1775	27.4692	-3.07056
33	44	-27.4466	-18.2693	27.659	-3.06772
33	45	-27.6288	-18.3626	27.8478	-3.06486
33	46	-27.8091	-18.4576	28.0349	-3.06198
33	47	-27.987	-18.5539	28.22	-3.05908
33	48	-28.164	-18.6475	28.4042	-3.05631
33	49	-28.3378	-18.7432	28.5857	-3.05349
33	50	-28.5106	-18.8386	28.7663	-3.05071
33	51	-28.6814	-18.9325	28.945	-3.04802
33	52	-28.8496	-19.0276	29.1215	-3.04531
33	53	-29.0138	-19.1229	29.2942	-3.04261
33	54	-29.1749	-19.2164	29.4638	-3.03999
33	55	-29.3285	-19.3144	29.6268	-3.03723
33	56	-29.475	-19.4121	29.7827	-3.03447
33	57	-29.6222	-19.4994	29.9385	-3.0321
33	58	-29.7363	-19.6162	30.0648	-3.02865
33	59	-29.8347	-19.7415	30.1769	-3.02489
33	60	-29.8986	-19.9034	30.2597	-3.01983
33	61	-29.9591	-20.0755	30.341	-3.01444
33	62	-30.0162	-20.2639	30.4221	-3.00854
33	63	-30.0631	-20.4798	30.498	-3.00172
33	64	-30.1006	-20.7323	30.5712	-2.99372
33	65	-30.1289	-21.0319	30.6448	-2.98418
33	66	-30.1395	-21.3351	30.7042	-2.97448
33	67	-30.1333	-21.6371	30.7498	-2.96476
33	68	-30.1131	-21.9354	30.7838	-2.95511
33	69	-30.082	-22.2306	30.8094	-2.94551
33	70	-30.0405	-22.5248	30.8275	-2.93589
33	71	-29.9866	-22.8184	30.8362	-2.92621
33	72	-29.9186	-23.1099	30.8334	-2.9165
33	73	-29.837	-23.3967	30.8194	-2.90684
33	74	-29.7441	-23.6783	30.7959	-2.89724
33	75	-29.6408	-23.9559	30.7642	-2.88767
33	76	-29.5255	-24.2307	30.7231	-2.87807
33	77	-29.3959	-24.501	30.6698	-2.86846
33	78	-29.2519	-24.7637	30.6034	-2.85893
33	79	-29.0961	-25.0171	30.5257	-2.84953
33	80	-28.9313	-25.2621	30.4398	-2.84027
33	81	-28.7579	-25.5008	30.3464	-2.83106
33	82	-28.5743	-25.7335	30.2439	-2.82188
33	83	-28.3791	-25.9585	30.1306	-2.81275
33	84	-28.1733	-26.1732	30.0063	-2.80377
33	85	-27.9592	-26.3773	29.8732	-2.79494
33	86	-27.7381	-26.5724	29.7327	-2.78625
33	87	-27.5087	-26.7595	29.5838	-2.77762
33	88	-27.2687	-26.9371	29.4238	-2.76907
33	89	-27.018	-27.102	29.2513	-2.76071
33	90	-26.7598	-27.2521	29.0684	-2.75261
33	91	-26.4976	-27.3894	28.8787	-2.74477
33	92	-26.2324	-27.516	28.6839	-2.73712
33	93	-25.9971	-27.6134	28.5065	-2.73073
33	94	-25.7821	-27.6865	28.339	-2.72534
33	95	-25.5799	-27.7398	28.1759	-2.72071
33	96	-25.3849	-27.7728	28.0117	-2.71678
33	97	-25.1936	-27.7805	27.8406	-2.7137
33	98	-25.014	-27.7379	27.6596	-2.71241
33	99	-24.8362	-27.6423	27.4581	-2.71288
33	100	-24.6547	-27.5498	27.2546	-2.7132
33	101	-24.4775	-27.4517	27.0527	-2.71378
33	102	-24.3037	-27.3517	26.8531	-2.71448
33	103	-24.1328	-27.2506	26.6556	-2.71527
33	104	-23.9639	-27.149	26.4598	-2.71613
33	105	-23.7944	-27.0503	26.2647	-2.71689
33	106	-23.6253	-26.9487	26.0688	-2.71777
33	107	-23.4566	-26.8453	25.8725	-2.71873
33	108	-23.2885	-26.7409	25.6764	-2.71975
33	109	-23.1222	-26.6356	25.4816	-2.72085
33	110	-22.9581	-26.529	25.2883	-2.72205
33	111	-22.794	-26.4239	25.0956	-2.72321
33	112	-22.6314	-26.3165	24.9034	-2.7245
33	113	-22.4714	-26.2074	24.713	-2.72591
33	114	-22.3124	-26.0978	24.5232	-2.72738
33	115	-22.1565	-25.9883	24.3365	-2.72892
33	116	-22.0043	-25.8795	24.1534	-2.73052
33	117	-21.8596	-25.767	23.9759	-2.73241
33	118	-21.7209	-25.6539	23.8037	-2.73445
33	119	-21.5891	-25.5411	23.6381	-2.73663
33	120	-21.4654	-25.4256	23.4789	-2.73907
33	121	-21.349	-25.3072	23.3256	-2.74179
33	122	-21.2367	-25.1859	23.175	-2.74472
33	123	-21.1283	-25.056	23.0249	-2.7481
33	124	-21.041	-24.902	22.8855	-2.75285
33	125	-20.9517	-24.7396	22.7416	-2.75798
33	126	-20.8768	-24.5532	22.6029	-2.76439
33	127	-20.8146	-24.366	22.4767	-2.77111
33	128	-20.7676	-24.1784	22.3654	-2.77817
33	129	-20.7292	-23.9889	22.2628	-2.78551
33	130	-20.6994	-23.7985	22.1691	-2.79309
33	131	-20.6721	-23.6062	22.0785	-2.80085
33	132	-20.6529	-23.4115	21.996	-2.8089
33	133	-20.6359	-23.2155	21.9167	-2.8171
33	134	-20.625	-23.0173	21.8439	-2.82555
33	135	-20.6163	-22.8145	21.7735	-2.83427
33	136	-20.6144	-22.6087	21.7102	-2.84328
33	137	-20.6184	-22.4032	21.6545	-2.85241
33	138	-20.6268	-22.1946	21.6041	-2.86177
33	139	-20.639	-21.9856	21.559	-2.87125
33	140	-20.6549	-21.7782	21.52	-2.88073
33	141	-20.6727	-21.5677	21.4839	-2.89041
33	142	-20.6938	-21.3549	21.4525	-2.90026
38	0	26.3091	-29.6513	29.4137	-0.473904
38	1	26.2907	-29.3448	29.2587	-0.46487
38	2	26.2569	-29.0434	29.0944	-0.456132
38	3	26.2123	-28.7866	28.942	-0.448844
38	4	26.1583	-28.5622	28.7965	-0.442638
38	5	26.0963	-28.3598	28.6543	-0.437182
38	6	26.023	-28.1724	28.5088	-0.432315
38	7	25.9336	-27.9971	28.3545	-0.428023
38	8	25.81	-27.8522	28.1821	-0.425165
38	9	25.6459	-27.7293	27.9819	-0.423584
38	10	25.4649	-27.6199	27.7719	-0.42267
38	11	25.283	-27.5143	27.5627	-0.421882
38	12	25.1008	-27.4121	27.3547	-0.421202
38	13	24.9206	-27.3111	27.1489	-0.42052
38	14	24.7418	-27.2126	26.9455	-0.419893
38	15	24.5637	-27.1166	26.7437	-0.419331
38	16	24.3857	-27.023	26.5431	-0.418838
38	17	24.2099	-26.9277	26.3436	-0.418248
38	18	24.0347	-26.8347	26.1458	-0.417718
38	19	23.8584	-26.7444	25.948	-0.417294
38	20	23.6805	-26.6552	25.7493	-0.416929
38	21	23.5023	-26.566	25.5502	-0.416562
38	22	23.3252	-26.478	25.3526	-0.416213
38	23	23.1482	-26.391	25.1556	-0.415893
38	24	22.9728	-26.3064	24.9609	-0.415633
38	25	22.799	-26.2228	24.7682	-0.415379
38	26	22.6243	-26.1453	24.5771	-0.415362
38	27	22.4515	-26.0689	24.3882	-0.415354
38	28	22.2777	-26.0026	24.2024	-0.415744
38	29	22.1068	-25.9376	24.0198	-0.416142
38	30	21.937	-25.8837	23.8427	-0.416954
38	31	21.7703	-25.8318	23.6693	-0.4178
38	32	21.6043	-25.7848	23.4984	-0.418843
38	33	21.4345	-25.7507	23.3295	-0.420465
38	34	21.2588	-25.7205	23.1568	-0.422369
38	35	21.0707	-25.7224	22.9862	-0.4258
38	36	20.8725	-25.7287	22.8085	-0.429642
38	37	20.662	-25.7664	22.6331	-0.435032
38	38	20.4536	-25.8133	22.4642	-0.440834
38	39	20.2501	-25.885	22.3113	-0.447633
38	40	20.0481	-25.9736	22.1682	-0.455177
38	41	19.8499	-26.0755	22.0357	-0.463289
38	42	19.656	-26.1813	21.9102	-0.47156
38	43	19.4658	-26.2882	21.7901	-0.479895
38	44	19.278	-26.3939	21.6731	-0.488226
38	45	19.0922	-26.4988	21.559	-0.496565
38	46	18.9075	-26.6068	21.4489	-0.505094
38	47	18.7256	-26.7178	21.3441	-0.513769
38	48	18.5477	-26.8299	21.2451	-0.522481
38	49	18.3756	-26.942	21.1527	-0.531131
38	50	18.2079	-27.0562	21.0667	-0.539841
38	51	18.0457	-27.1719	20.9879	-0.548541
38	52	17.8876	-27.2859	20.9132	-0.557134
38	53	17.735	-27.4005	20.8451	-0.565671
38	54	17.5853	-27.5176	20.7821	-0.574289
38	55	17.4425	-27.641	20.7301	-0.583028
38	56	17.3037	-27.771	20.6866	-0.591967
38	57	17.174	-27.912	20.6586	-0.601133
38	58	17.0492	-28.0675	20.6446	-0.610766
38	59	16.9348	-28.2403	20.651	-0.6208
38	60	16.8367	-28.4168	20.6748	-0.630505
38	61	16.7567	-28.599	20.7185	-0.639884
38	62	16.6881	-28.7859	20.776	-0.649071
38	63	16.6305	-28.9775	20.8467	-0.658061
38	64	16.5785	-29.1717	20.9252	-0.666926
38	65	16.5332	-29.3686	21.0122	-0.675623
38	66	16.4923	-29.5668	21.105	-0.684163
38	67	16.4583	-29.7667	21.2057	-0.692482
38	68	16.4303	-29.9663	21.3123	-0.700529
38	69	16.4055	-30.1636	21.4211	-0.708314
38	70	16.384	-30.3576	21.5316	-0.715808
38	71	16.3645	-30.5516	21.6448	-0.723163
38	72	16.3492	-30.7454	21.7621	-0.730302
38	73	16.3354	-30.938	21.8809	-0.737281
38	74	16.3267	-31.1288	22.0032	-0.743968
38	75	16.3221	-31.3208	22.1304	-0.750493
38	76	16.3254	-31.5118	22.2634	-0.756667
38	77	16.3323	-31.6995	22.3977	-0.762546
38	78	16.3448	-31.8823	22.5333	-0.768029
38	79	16.3598	-32.0629	22.6699	-0.773299
38	80	16.3798	-32.2404	22.8085	-0.778257
38	81	16.4009	-32.4153	22.9466	-0.783041
38	82	16.425	-32.5881	23.0858	-0.787606
38	83	16.4563	-32.7621	23.2314	-0.791936
38	84	16.4948	-32.9367	23.3829	-0.796009
38	85	16.5555	-33.1082	23.548	-0.799263
38	86	16.6328	-33.2787	23.7243	-0.80194
38	87	16.7287	-33.4475	23.9123	-0.803964
38	88	16.8361	-33.5963	24.094	-0.805041
38	89	16.9487	-33.7319	24.2697	-0.805568
38	90	17.0709	-33.8495	24.4392	-0.805295
38	91	17.2013	-33.9561	24.6065	-0.804476
38	92	17.3348	-34.0599	24.7738	-0.8035
38	93	17.4747	-34.1587	24.942	-0.802212
38	94	17.6181	-34.2593	25.1141	-0.800891
38	95	17.7679	-34.3576	25.289	-0.799345
38	96	17.9242	-34.4541	25.4672	-0.797586
38	97	18.0867	-34.5495	25.649	-0.795652
38	98	18.2551	-34.6433	25.8339	-0.793535
38	99	18.4275	-34.7367	26.0214	-0.791329
38	100	18.6029	-34.8292	26.2106	-0.789051
38	101	18.7802	-34.9216	26.4011	-0.786751
38	102	18.9597	-35.0133	26.5929	-0.784404
38	103	19.1411	-35.1062	26.787	-0.782076
38	104	19.3255	-35.1991	26.9834	-0.779701
38	105	19.5139	-35.2908	27.1819	-0.777227
38	106	19.7056	-35.3815	27.3822	-0.774681
38	107	19.8981	-35.4732	27.5841	-0.772175
38	108	20.0917	-35.5627	27.7853	-0.769621
38	109	20.286	-35.6492	27.9851	-0.767007
38	110	20.4812	-35.733	28.1839	-0.764344
38	111	20.6786	-35.8183	28.3855	-0.761699
38	112	20.8796	-35.9042	28.5904	-0.759022
38	113	21.0845	-35.9883	28.797	-0.756244
38	114	21.2937	-36.0633	29.0008	-0.753176
38	115	21.4972	-36.1468	29.2065	-0.750496
38	116	21.691	-36.1673	29.3624	-0.746503
38	117	21.8866	-36.1289	29.4804	-0.741043
38	118	22.0877	-36.0999	29.6096	-0.735736
38	119	22.2931	-36.0474	29.7272	-0.729789
38	120	22.509	-35.97	29.8372	-0.723032
38	121	22.7432	-35.8635	29.9432	-0.715191
38	122	23.0046	-35.7214	30.0486	-0.705913
38	123	23.2612	-35.5631	30.1426	-0.696396
38	124	23.5093	-35.3896	30.2231	-0.686726
38	125	23.746	-35.2042	30.29	-0.677037
38	126	23.9726	-35.0104	30.3466	-0.667382
38	127	24.1914	-34.8089	30.3952	-0.65772
38	128	24.4034	-34.5983	30.4357	-0.647985
38	129	24.607	-34.377	30.4658	-0.638161
38	130	24.7996	-34.146	30.4844	-0.628309
38	131	24.9811	-33.9078	30.4927	-0.618491
38	132	25.1531	-33.6636	30.4927	-0.608694
38	133	25.3167	-33.412	30.4846	-0.598853
38	134	25.4704	-33.1507	30.4657	-0.588928
38	135	25.6103	-32.8797	30.433	-0.578969
38	136	25.7344	-32.6023	30.3866	-0.569091
38	137	25.8446	-32.3217	30.3297	-0.559341
38	138	25.9438	-32.0384	30.2649	-0.549667
38	139	26.033	-31.7509	30.1922	-0.540004
38	140	26.1105	-31.4582	30.1096	-0.530343
38	141	26.1744	-31.1618	30.0161	-0.520746
38	142	26.2251	-30.8639	29.9132	-0.511267
38	143	26.2645	-30.5654	29.8028	-0.501881
38	144	26.2935	-30.2644	29.6847	-0.492524
38	145	26.3096	-29.9593	29.556	-0.48317
39	0	-16.2049	-30.4453	21.6608	-2.4256
39	1	-16.2102	-30.2544	21.54	-2.43246
39	2	-16.2203	-30.0636	21.424	-2.43952
39	3	-16.2354	-29.8706	21.3115	-2.44689
39	4	-16.2539	-29.6766	21.2021	-2.45448
39	5	-16.2777	-29.483	21.0983	-2.46229
39	6	-16.3043	-29.2903	20.9986	-2.47022
39	7	-16.3362	-29.0988	20.9051	-2.47834
39	8	-16.3719	-28.9076	20.8162	-2.48664
39	9	-16.4112	-28.7165	20.7318	-2.4951
39	10	-16.4604	-28.5275	20.658	-2.50384
39	11	-16.5157	-28.3404	20.5918	-2.51274
39	12	-16.5892	-28.1611	20.5467	-2.5219
39	13	-16.6745	-27.9883	20.5167	-2.53118
39	14	-16.7801	-27.8244	20.5102	-2.54067
39	15	-16.8975	-27.6636	20.5171	-2.55037
39	16	-17.0257	-27.5253	20.5473	-2.55944
39	17	-17.1525	-27.3979	20.5839	-2.568
39	18	-17.288	-27.2859	20.6376	-2.57612
39	19	-17.4266	-27.1787	20.6978	-2.58408
39	20	-17.5691	-27.0753	20.7647	-2.59193
39	21	-17.7155	-26.9731	20.8368	-2.59979
39	22	-17.8696	-26.8767	20.9197	-2.60753
39	23	-18.0262	-26.7792	21.0055	-2.61533
39	24	-18.1897	-26.6866	21.101	-2.62301
39	25	-18.3566	-26.5943	21.2008	-2.63069
39	26	-18.5275	-26.5062	21.3074	-2.63823
39	27	-18.7002	-26.4191	21.4172	-2.64568
39	28	-18.8747	-26.3335	21.5306	-2.65303
39	29	-19.0513	-26.2503	21.6481	-2.66025
39	30	-19.2283	-26.1664	21.7667	-2.66743
39	31	-19.4097	-26.0894	21.8934	-2.67435
39	32	-19.5912	-26.0135	22.0217	-2.68113
39	33	-19.7792	-25.963	22.1682	-2.68695
39	34	-19.9674	-25.9222	22.3196	-2.69229
39	35	-20.162	-25.9179	22.4932	-2.69622
39	36	-20.3611	-25.9204	22.6742	-2.6999
39	37	-20.5508	-25.947	22.857	-2.7024
39	38	-20.7345	-25.9813	23.038	-2.70444
39	39	-20.9117	-26.0356	23.2215	-2.70555
39	40	-21.0859	-26.1085	23.4102	-2.70587
39	41	-21.2586	-26.1885	23.6005	-2.70589
39	42	-21.4285	-26.2763	23.7916	-2.70556
39	43	-21.5982	-26.3659	23.9833	-2.70516
39	44	-21.7664	-26.4593	24.1752	-2.7046
39	45	-21.9343	-26.5555	24.3681	-2.70394
39	46	-22.1015	-26.6536	24.5611	-2.70321
39	47	-22.2669	-26.753	24.753	-2.70241
39	48	-22.4299	-26.8521	24.9427	-2.70159
39	49	-22.5897	-26.9507	25.1293	-2.70075
39	50	-22.7468	-27.0475	25.3127	-2.69994
39	51	-22.9011	-27.1426	25.4928	-2.69915
39	52	-23.056	-27.2396	25.6744	-2.69832
39	53	-23.2109	-27.3394	25.8571	-2.6974
39	54	-23.366	-27.4406	26.0407	-2.69646
39	55	-23.5192	-27.5446	26.2237	-2.69539
39	56	-23.671	-27.6484	26.4054	-2.69433
39	57	-23.8181	-27.7543	26.5839	-2.69313
39	58	-23.961	-27.8601	26.7586	-2.69188
39	59	-24.0979	-27.964	26.927	-2.69061
39	60	-24.2279	-28.0677	27.0893	-2.68926
39	61	-24.3549	-28.1678	27.2472	-2.68799
39	62	-24.4734	-28.2723	27.3996	-2.68646
39	63	-24.5838	-28.3811	27.5466	-2.68467
39	64	-24.6989	-28.479	27.6932	-2.68334
39	65	-24.7721	-28.6011	27.8129	-2.68056
39	66	-24.8112	-28.7561	27.9172	-2.67621
39	67	-24.8659	-28.9167	28.0384	-2.67197
39	68	-24.9034	-29.0951	28.1529	-2.66692
39	69	-24.9279	-29.2961	28.2671	-2.66099
39	70	-24.938	-29.527	28.3835	-2.65395
39	71	-24.9344	-29.7958	28.5072	-2.64555
39	72	-24.9196	-30.0638	28.6228	-2.63708
39	73	-24.8953	-30.3304	28.7315	-2.62854
39	74	-24.8617	-30.5965	28.8338	-2.61993
39	75	-24.8175	-30.8624	28.9291	-2.6112
39	76	-24.761	-31.1276	29.0156	-2.60233
39	77	-24.6911	-31.39	29.0916	-2.59336
39	78	-24.6091	-31.6476	29.1571	-2.58435
39	79	-24.5171	-31.8998	29.2136	-2.57536
39	80	-24.4169	-32.1476	29.2631	-2.56637
39	81	-24.3082	-32.3923	29.3063	-2.55735
39	82	-24.1895	-32.6343	29.3419	-2.54824
39	83	-24.0586	-32.8722	29.3676	-2.53903
39	84	-23.9147	-33.1033	29.3813	-2.52977
39	85	-23.7597	-33.3256	29.3834	-2.52055
39	86	-23.5961	-33.539	29.3757	-2.5114
39	87	-23.4254	-33.7451	29.3605	-2.50231
39	88	-23.2472	-33.9451	29.338	-2.49321
39	89	-23.0601	-34.1387	29.3071	-2.48409
39	90	-22.8633	-34.3244	29.266	-2.47496
39	91	-22.6577	-34.4999	29.2141	-2.46588
39	92	-22.4456	-34.6649	29.153	-2.45692
39	93	-22.229	-34.8204	29.0846	-2.44807
39	94	-22.0081	-34.9671	29.0097	-2.43931
39	95	-21.8094	-35.0814	28.9326	-2.43186
39	96	-21.6257	-35.17	28.8516	-2.42538
39	97	-21.4499	-35.2351	28.7622	-2.41966
39	98	-21.2789	-35.2819	28.6652	-2.41449
39	99	-21.1081	-35.3069	28.5545	-2.40986
39	100	-20.9424	-35.3464	28.458	-2.40494
39	101	-20.7739	-35.3302	28.3225	-2.40137
39	102	-20.5913	-35.2508	28.1342	-2.39907
39	103	-20.4034	-35.1832	27.9502	-2.39631
39	104	-20.2196	-35.1097	27.7653	-2.39376
39	105	-20.0383	-35.0351	27.5818	-2.39128
39	106	-19.8598	-34.9605	27.4003	-2.38883
39	107	-19.6832	-34.8873	27.2215	-2.38635
39	108	-19.5096	-34.8129	27.0442	-2.38396
39	109	-19.3388	-34.7376	26.8685	-2.38162
39	110	-19.1681	-34.6587	26.6904	-2.37936
39	111	-18.9966	-34.5799	26.5121	-2.37704
39	112	-18.8268	-34.4987	26.3334	-2.3748
39	113	-18.6599	-34.4152	26.1553	-2.37268
39	114	-18.4966	-34.3299	25.9787	-2.37067
39	115	-18.3348	-34.2474	25.8052	-2.36859
39	116	-18.1763	-34.164	25.6335	-2.3666
39	117	-18.0214	-34.0789	25.4634	-2.36473
39	118	-17.8704	-33.9918	25.2947	-2.363
39	119	-17.7212	-33.9066	25.1287	-2.36125
39	120	-17.5793	-33.8151	24.9634	-2.35985
39	121	-17.4409	-33.7239	24.8011	-2.35853
39	122	-17.3122	-33.6252	24.6402	-2.35769
39	123	-17.1859	-33.5302	24.4836	-2.35679
39	124	-17.071	-33.4234	24.3269	-2.35656
39	125	-16.9543	-33.3174	24.1694	-2.35625
39	126	-16.8543	-33.1899	24.0086	-2.35706
39	127	-16.7548	-33.054	23.8421	-2.35814
39	128	-16.6635	-32.8992	23.6683	-2.36006
39	129	-16.5892	-32.7416	23.5046	-2.36259
39	130	-16.5167	-32.5855	23.3435	-2.36516
39	131	-16.4651	-32.423	23.1929	-2.36861
39	132	-16.4174	-32.2596	23.0447	-2.37223
39	133	-16.3716	-32.0927	22.896	-2.37608
39	134	-16.3349	-31.9204	22.7503	-2.38042
39	135	-16.3001	-31.7442	22.6038	-2.385
39	136	-16.2706	-31.5645	22.4593	-2.38992
39	137	-16.2503	-31.3818	22.32	-2.39528
39	138	-16.2306	-31.1975	22.1808	-2.40078
39	139	-16.2201	-31.0114	22.0478	-2.40669
39	140	-16.2095	-30.8242	21.9148	-2.4127
39	141	-16.2064	-30.6354	21.7871	-2.41907
43	0	21.8141	-38.5818	31.1382	-0.800767
43	1	21.7926	-38.2882	30.9131	-0.794656
43	2	21.7537	-37.9956	30.6775	-0.788879
43	3	21.702	-37.7481	30.4658	-0.784357
43	4	21.6397	-37.5368	30.2727	-0.780871
43	5	21.5674	-37.353	30.0921	-0.778224
43	6	21.4836	-37.1898	29.9178	-0.776305
43	7	21.4122	-37.0281	29.7537	-0.774109
43	8	21.3089	-36.9025	29.5921	-0.773514
43	9	21.1709	-36.7964	29.4191	-0.774212
43	10	21.0176	-36.7028	29.2441	-0.775588
43	11	20.8604	-36.605	29.0634	-0.776972
43	12	20.6958	-36.509	28.8788	-0.778596
43	13	20.5255	-36.4119	28.6894	-0.780355
43	14	20.35	-36.3138	28.4957	-0.782244
43	15	20.1717	-36.2178	28.3016	-0.784279
43	16	19.9911	-36.1242	28.1078	-0.786457
43	17	19.8092	-36.0311	27.9135	-0.788716
43	18	19.6253	-35.9383	27.7181	-0.791061
43	19	19.439	-35.8446	27.5205	-0.793484
43	20	19.2496	-35.7504	27.3206	-0.796005
43	21	19.0577	-35.6563	27.1193	-0.798635
43	22	18.8641	-35.5637	26.918	-0.801387
43	23	18.6704	-35.4716	26.7171	-0.804196
43	24	18.476	-35.381	26.5171	-0.807108
43	25	18.2795	-35.2923	26.3173	-0.810169
43	26	18.0808	-35.2032	26.1159	-0.813327
43	27	17.8799	-35.1127	25.9123	-0.816562
43	28	17.6764	-35.024	25.7084	-0.81997
43	29	17.4711	-34.939	25.5064	-0.82358
43	30	17.2654	-34.8585	25.3077	-0.827381
43	31	17.0597	-34.7821	25.1124	-0.831354
43	32	16.854	-34.7142	24.9238	-0.835613
43	33	16.6462	-34.6606	24.7451	-0.84039
43	34	16.4345	-34.6263	24.5786	-0.845877
43	35	16.2155	-34.6137	24.4245	-0.852242
43	36	15.988	-34.6212	24.2809	-0.859501
43	37	15.774	-34.6488	24.1628	-0.866956
43	38	15.5704	-34.6949	24.0669	-0.874644
43	39	15.3761	-34.7586	23.992	-0.882562
43	40	15.1848	-34.8315	23.9276	-0.890673
43	41	14.9975	-34.9111	23.8725	-0.898869
43	42	14.8129	-34.9932	23.8226	-0.90708
43	43	14.6288	-35.0791	23.7777	-0.915406
43	44	14.442	-35.1675	23.7348	-0.923913
43	45	14.2562	-35.2628	23.6997	-0.932593
43	46	14.074	-35.3642	23.6735	-0.941326
43	47	13.8981	-35.4698	23.6562	-0.949964
43	48	13.7235	-35.5786	23.644	-0.95865
43	49	13.5504	-35.6887	23.6356	-0.967317
43	50	13.3801	-35.8002	23.6316	-0.97593
43	51	13.2071	-35.9137	23.6296	-0.984685
43	52	13.0337	-36.0318	23.633	-0.993562
43	53	12.8619	-36.155	23.6434	-1.00249
43	54	12.6923	-36.285	23.6626	-1.01149
43	55	12.5274	-36.4204	23.6909	-1.02043
43	56	12.3714	-36.5618	23.7307	-1.02914
43	57	12.2264	-36.7088	23.7828	-1.03755
43	58	12.0938	-36.8644	23.8501	-1.04566
43	59	11.9713	-37.0293	23.9321	-1.05354
43	60	11.8609	-37.2086	24.0341	-1.06122
43	61	11.7673	-37.3909	24.1482	-1.06829
43	62	11.6922	-37.58	24.2783	-1.07475
43	63	11.6327	-37.7759	24.4227	-1.08072
43	64	11.5867	-37.9768	24.5786	-1.08621
43	65	11.5501	-38.18	24.7417	-1.09135
43	66	11.521	-38.3848	24.9103	-1.09618
43	67	11.4963	-38.5906	25.0823	-1.1008
43	68	11.4745	-38.798	25.2575	-1.10529
43	69	11.4543	-39.0079	25.4363	-1.1097
43	70	11.4361	-39.2216	25.6199	-1.11405
43	71	11.4214	-39.4403	25.8099	-1.1183
43	72	11.4121	-39.6639	26.0071	-1.12238
43	73	11.4106	-39.8911	26.2114	-1.12619
43	74	11.4179	-40.119	26.4204	-1.12965
43	75	11.4332	-40.3447	26.6312	-1.13275
43	76	11.4524	-40.5702	26.8437	-1.13567
43	77	11.4756	-40.7951	27.0575	-1.13839
43	78	11.5037	-41.0197	27.2733	-1.14091
43	79	11.5398	-41.2435	27.4919	-1.14311
43	80	11.5868	-41.4651	27.713	-1.14488
43	81	11.6529	-41.6808	27.9367	-1.14592
43	82	11.7398	-41.89	28.1632	-1.14617
43	83	11.8324	-42.0315	28.3303	-1.14524
43	84	11.9458	-42.1689	28.5023	-1.14361
43	85	12.0866	-42.3005	28.6805	-1.14104
43	86	12.2269	-42.4125	28.8409	-1.13824
43	87	12.3769	-42.5006	28.984	-1.13481
43	88	12.5279	-42.5816	29.1213	-1.13129
43	89	12.6848	-42.6471	29.2476	-1.12739
43	90	12.846	-42.7099	29.3736	-1.12335
43	91	13.0139	-42.7664	29.4976	-1.11905
43	92	13.1878	-42.8226	29.6243	-1.11459
43	93	13.3684	-42.876	29.7521	-1.10993
43	94	13.5562	-42.9249	29.8798	-1.10503
43	95	13.7478	-42.9705	30.0069	-1.10001
43	96	13.9435	-43.011	30.1322	-1.09483
43	97	14.1411	-43.0494	30.2573	-1.08961
43	98	14.3406	-43.0855	30.3821	-1.08434
43	99	14.5437	-43.1218	30.5096	-1.07901
43	100	14.7478	-43.1557	30.6362	-1.07366
43	101	14.9546	-43.1868	30.7627	-1.06823
43	102	15.1625	-43.2141	30.8872	-1.06276
43	103	15.3715	-43.2376	31.0099	-1.05724
43	104	15.5788	-43.2579	31.1299	-1.05176
43	105	15.786	-43.2765	31.2493	-1.0463
43	106	15.9929	-43.2936	31.3681	-1.04086
43	107	16.2017	-43.309	31.4874	-1.03539
43	108	16.4106	-43.3215	31.6052	-1.0299
43	109	16.6206	-43.3303	31.7214	-1.02437
43	110	16.8295	-43.3343	31.8338	-1.01883
43	111	17.0368	-43.3342	31.9429	-1.0133
43	112	17.2427	-43.3316	32.0501	-1.00781
43	113	17.4481	-43.3274	32.1567	-1.00233
43	114	17.6546	-43.3221	32.2639	-0.996853
43	115	17.8637	-43.3149	32.3719	-0.99131
43	116	18.0758	-43.3048	32.4801	-0.985674
43	117	18.2906	-43.2906	32.5875	-0.979938
43	118	18.5069	-43.2722	32.6932	-0.974129
43	119	18.7238	-43.2502	32.7974	-0.968284
43	120	18.9413	-43.2271	32.9023	-0.962438
43	121	19.1602	-43.2014	33.0068	-0.956552
43	122	19.3819	-43.174	33.1128	-0.950603
43	123	19.6061	-43.1434	33.2188	-0.944576
43	124	19.8278	-43.1014	33.3153	-0.938446
43	125	20.0235	-43.0221	33.3677	-0.93231
43	126	20.2002	-42.9001	33.3757	-0.92588
43	127	20.3645	-42.7574	33.3611	-0.919374
43	128	20.5221	-42.5959	33.3289	-0.912674
43	129	20.6781	-42.4106	33.2786	-0.90556
43	130	20.8381	-42.1934	33.2075	-0.897733
43	131	20.998	-41.9509	33.1187	-0.889391
43	132	21.1477	-41.6977	33.0176	-0.88104
43	133	21.2832	-41.4333	32.9009	-0.872749
43	134	21.4004	-41.1605	32.7684	-0.864658
43	135	21.5002	-40.8842	32.6239	-0.856833
43	136	21.5862	-40.6059	32.4708	-0.849221
43	137	21.6606	-40.3246	32.3096	-0.841739
43	138	21.7226	-40.0383	32.1383	-0.834367
43	139	21.7694	-39.7476	31.9552	-0.827171
43	140	21.8001	-39.4554	31.7617	-0.820233
43	141	21.8165	-39.1642	31.5606	-0.813558
43	142	21.8212	-38.8736	31.3533	-0.807083
44	0	-11.5577	-39.1633	25.7448	-2.04233
44	1	-11.5677	-38.9715	25.5787	-2.04609
44	2	-11.5797	-38.7813	25.4152	-2.04993
44	3	-11.5935	-38.5885	25.2508	-2.05394
44	4	-11.609	-38.3957	25.0874	-2.05805
44	5	-11.6276	-38.2052	24.928	-2.06229
44	6	-11.6466	-38.0137	24.7684	-2.06662
44	7	-11.6689	-37.8221	24.6107	-2.07112
44	8	-11.6929	-37.6307	24.4545	-2.07573
44	9	-11.7221	-37.4394	24.3015	-2.08059
44	10	-11.7564	-37.2495	24.1529	-2.08567
44	11	-11.802	-37.0644	24.0145	-2.09112
44	12	-11.8628	-36.8876	23.8918	-2.097
44	13	-11.938	-36.7176	23.783	-2.10333
44	14	-12.0307	-36.555	23.6906	-2.11018
44	15	-12.1361	-36.3951	23.6082	-2.11749
44	16	-12.2541	-36.2537	23.5493	-2.12489
44	17	-12.3731	-36.1206	23.4994	-2.13218
44	18	-12.5038	-36.0001	23.4676	-2.13963
44	19	-12.6358	-35.8791	23.4374	-2.14715
44	20	-12.7752	-35.7622	23.4161	-2.15487
44	21	-12.9187	-35.6438	23.3972	-2.16277
44	22	-13.0698	-35.5303	23.388	-2.17084
44	23	-13.2247	-35.4178	23.3834	-2.17903
44	24	-13.3865	-35.3123	23.3901	-2.18728
44	25	-13.5494	-35.2065	23.3988	-2.19558
44	26	-13.7169	-35.1069	23.4168	-2.20387
44	27	-13.8851	-35.0066	23.4362	-2.21218
44	28	-14.0572	-34.9109	23.4633	-2.2205
44	29	-14.2308	-34.8152	23.493	-2.22885
44	30	-14.409	-34.7254	23.5317	-2.23718
44	31	-14.5894	-34.6354	23.5733	-2.24555
44	32	-14.7733	-34.5509	23.623	-2.25387
44	33	-14.9583	-34.471	23.6786	-2.26206
44	34	-15.1448	-34.396	23.7405	-2.27012
44	35	-15.3319	-34.3242	23.8067	-2.27808
44	36	-15.5215	-34.268	23.8878	-2.28564
44	37	-15.7102	-34.2169	23.9736	-2.29298
44	38	-15.9045	-34.1904	24.0827	-2.29976
44	39	-16.1023	-34.1687	24.1989	-2.30646
44	40	-16.3076	-34.1736	24.3407	-2.31258
44	41	-16.5083	-34.1869	24.4866	-2.31825
44	42	-16.7043	-34.2238	24.6471	-2.32307
44	43	-16.8984	-34.2713	24.8146	-2.32747
44	44	-17.0904	-34.3404	24.9969	-2.33116
44	45	-17.2825	-34.4125	25.1817	-2.33471
44	46	-17.473	-34.4925	25.3714	-2.33795
44	47	-17.6647	-34.5739	25.5631	-2.34114
44	48	-17.8551	-34.6584	25.7565	-2.34416
44	49	-18.0447	-34.7433	25.9498	-2.3471
44	50	-18.232	-34.8292	26.1424	-2.34991
44	51	-18.4169	-34.9145	26.3332	-2.35263
44	52	-18.5995	-34.9992	26.522	-2.35527
44	53	-18.7805	-35.083	26.7093	-2.35785
44	54	-18.9606	-35.1668	26.8961	-2.36037
44	55	-19.1401	-35.2509	27.0828	-2.36283
44	56	-19.3181	-35.3366	27.2698	-2.36518
44	57	-19.4937	-35.424	27.4564	-2.36739
44	58	-19.6658	-35.5131	27.6418	-2.36944
44	59	-19.8323	-35.6019	27.8231	-2.37133
44	60	-19.9943	-35.6894	28.0003	-2.37311
44	61	-20.1497	-35.7775	28.1733	-2.3747
44	62	-20.3006	-35.8644	28.3423	-2.37618
44	63	-20.4442	-35.9538	28.5078	-2.37741
44	64	-20.5792	-36.0486	28.6708	-2.37828
44	65	-20.7145	-36.1331	28.8271	-2.37941
44	66	-20.8129	-36.248	28.9776	-2.37889
44	67	-20.8809	-36.4033	29.1342	-2.37665
44	68	-20.963	-36.5625	29.3036	-2.37467
44	69	-21.0316	-36.744	29.4791	-2.37185
44	70	-21.0895	-36.9529	29.6663	-2.36815
44	71	-21.1396	-37.196	29.8722	-2.3635
44	72	-21.1847	-37.4821	30.1057	-2.35778
44	73	-21.2198	-37.7696	30.3341	-2.35188
44	74	-21.2441	-38.0599	30.5579	-2.34576
44	75	-21.2551	-38.3532	30.7757	-2.33935
44	76	-21.2502	-38.6474	30.9846	-2.33263
44	77	-21.23	-38.9397	31.1829	-2.3257
44	78	-21.1972	-39.2289	31.3718	-2.31862
44	79	-21.1532	-39.5164	31.5536	-2.3114
44	80	-21.0966	-39.8039	31.7284	-2.30397
44	81	-21.0239	-40.0905	31.8937	-2.29626
44	82	-20.9337	-40.3725	32.0458	-2.28832
44	83	-20.8284	-40.6466	32.1841	-2.28025
44	84	-20.7115	-40.9131	32.3113	-2.27213
44	85	-20.5847	-41.1741	32.4299	-2.26395
44	86	-20.4467	-41.4308	32.5404	-2.25565
44	87	-20.2958	-41.6821	32.6407	-2.2472
44	88	-20.132	-41.9251	32.7289	-2.23865
44	89	-19.9576	-42.1578	32.8047	-2.23008
44	90	-19.7965	-42.3479	32.8572	-2.22266
44	91	-19.6436	-42.5054	32.8904	-2.21606
44	92	-19.4941	-42.6386	32.9075	-2.21
44	93	-19.3432	-42.7537	32.9103	-2.20423
44	94	-19.1868	-42.8552	32.9002	-2.19857
44	95	-19.0216	-42.9438	32.8753	-2.19292
44	96	-18.8579	-43.0404	32.859	-2.18716
44	97	-18.6701	-43.0987	32.7986	-2.18146
44	98	-18.4505	-43.1152	32.6867	-2.17567
44	99	-18.2345	-43.1383	32.5834	-2.16981
44	100	-18.0209	-43.1534	32.476	-2.16412
44	101	-17.8099	-43.1662	32.3691	-2.15849
44	102	-17.6006	-43.1779	32.2634	-2.15289
44	103	-17.3924	-43.1887	32.1584	-2.1473
44	104	-17.1848	-43.197	32.0527	-2.14173
44	105	-16.9783	-43.2026	31.9463	-2.13619
44	106	-16.7738	-43.2045	31.8388	-2.13074
44	107	-16.5721	-43.2039	31.7316	-2.12536
44	108	-16.3731	-43.2005	31.6244	-2.12007
44	109	-16.1759	-43.1956	31.5177	-2.11482
44	110	-15.9793	-43.1881	31.41	-2.10958
44	111	-15.7823	-43.1777	31.3004	-2.10435
44	112	-15.5842	-43.1637	31.188	-2.09911
44	113	-15.3851	-43.145	31.0719	-2.09388
44	114	-15.1869	-43.1238	30.955	-2.08868
44	115	-14.9895	-43.0996	30.8366	-2.0835
44	116	-14.795	-43.0747	30.7199	-2.07838
44	117	-14.6026	-43.0489	30.6043	-2.0733
44	118	-14.4115	-43.0212	30.4883	-2.06824
44	119	-14.2213	-42.9918	30.3721	-2.0632
44	120	-14.0323	-42.9574	30.2528	-2.05823
44	121	-13.8463	-42.9214	30.1343	-2.05334
44	122	-13.664	-42.8798	30.0132	-2.0486
44	123	-13.4862	-42.8367	29.8934	-2.04398
44	124	-13.3128	-42.7889	29.7721	-2.03953
44	125	-13.1441	-42.738	29.6509	-2.03523
44	126	-12.9794	-42.6837	29.5288	-2.03107
44	127	-12.8163	-42.6304	29.4088	-2.0269
44	128	-12.659	-42.5612	29.2776	-2.02312
44	129	-12.5007	-42.4869	29.1418	-2.01935
44	130	-12.3542	-42.3955	28.9961	-2.01616
44	131	-12.2105	-42.2834	28.8331	-2.01334
44	132	-12.0578	-42.1554	28.6522	-2.01044
44	133	-11.935	-42.0019	28.461	-2.00883
44	134	-11.8276	-41.8647	28.2912	-2.00745
44	135	-11.7592	-41.6882	28.1024	-2.0079
44	136	-11.7006	-41.5186	27.9239	-2.00857
44	137	-11.6519	-41.3543	27.7545	-2.00949
44	138	-11.6131	-41.1919	27.591	-2.01072
44	139	-11.5916	-41.0207	27.427	-2.01267
44	140	-11.5687	-40.8469	27.2602	-2.01463
44	141	-11.5547	-40.6691	27.0937	-2.01698
44	142	-11.5424	-40.4885	26.9255	-2.01947
44	143	-11.5358	-40.3026	26.7552	-2.02226
44	144	-11.5318	-40.113	26.583	-2.02523
44	145	-11.5321	-39.9219	26.4116	-2.02842
44	146	-11.5356	-39.7317	26.2427	-2.03174
44	147	-11.5422	-39.5445	26.0781	-2.03516
44	148	-11.5496	-39.3547	25.9119	-2.0387
48	0	21.4556	-46.5811	37.0917	-0.958494
48	1	21.4103	-46.3172	36.8499	-0.955385
48	2	21.3504	-46.0548	36.6012	-0.95258
48	3	21.2766	-45.7965	36.348	-0.950118
48	4	21.191	-45.5437	36.0927	-0.947971
48	5	21.0958	-45.2955	35.8357	-0.946091
48	6	20.991	-45.051	35.5761	-0.944459
48	7	20.8754	-44.8102	35.3133	-0.943114
48	8	20.7478	-44.5752	35.0482	-0.942124
48	9	20.626	-44.38	34.8186	-0.941658
48	10	20.5076	-44.2171	34.6172	-0.941654
48	11	20.3908	-44.0788	34.4367	-0.942032
48	12	20.274	-43.9576	34.27	-0.942708
48	13	20.1432	-43.8661	34.1191	-0.944235
48	14	19.9924	-43.8353	34.006	-0.947296
48	15	19.8253	-43.8498	33.9204	-0.951545
48	16	19.656	-43.8531	33.8251	-0.955677
48	17	19.4849	-43.8619	33.7339	-0.959969
48	18	19.3113	-43.8663	33.6382	-0.964272
48	19	19.1342	-43.8658	33.5372	-0.968602
48	20	18.9545	-43.871	33.44	-0.973118
48	21	18.7723	-43.8757	33.3418	-0.977716
48	22	18.5881	-43.8784	33.2414	-0.982358
48	23	18.4023	-43.8807	33.1405	-0.987059
48	24	18.2156	-43.8864	33.0428	-0.991868
48	25	18.0283	-43.8904	32.944	-0.996693
48	26	17.8404	-43.8924	32.8441	-1.00153
48	27	17.6521	-43.8973	32.7471	-1.00645
48	28	17.464	-43.9006	32.6497	-1.01138
48	29	17.2774	-43.9007	32.5511	-1.01624
48	30	17.0937	-43.8996	32.4538	-1.02103
48	31	16.9147	-43.9035	32.364	-1.02581
48	32	16.7362	-43.9019	32.2705	-1.03051
48	33	16.5586	-43.8955	32.1739	-1.03515
48	34	16.3818	-43.8912	32.0804	-1.03982
48	35	16.2064	-43.8841	31.9857	-1.04443
48	36	16.0329	-43.8725	31.8889	-1.04895
48	37	15.8571	-43.8569	31.788	-1.0535
48	38	15.6798	-43.8446	31.6901	-1.05818
48	39	15.5034	-43.8316	31.5925	-1.06284
48	40	15.3298	-43.8162	31.495	-1.06742
48	41	15.1608	-43.7981	31.3979	-1.07185
48	42	14.9922	-43.7766	31.2987	-1.07626
48	43	14.8239	-43.7581	31.2028	-1.08072
48	44	14.6571	-43.7376	31.1065	-1.08514
48	45	14.4889	-43.7124	31.006	-1.08956
48	46	14.3191	-43.6887	30.9067	-1.09407
48	47	14.1489	-43.6649	30.8078	-1.09863
48	48	13.9786	-43.6449	30.7128	-1.10327
48	49	13.8068	-43.6203	30.6138	-1.10792
48	50	13.6336	-43.5924	30.5118	-1.11259
48	51	13.4583	-43.5685	30.4132	-1.11741
48	52	13.2809	-43.5442	30.314	-1.12232
48	53	13.1022	-43.5211	30.2161	-1.12732
48	54	12.9238	-43.4988	30.1198	-1.13235
48	55	12.747	-43.4773	30.0256	-1.13738
48	56	12.5725	-43.463	29.9398	-1.14247
48	57	12.4233	-43.4734	29.8876	-1.14716
48	58	12.2932	-43.5325	29.8883	-1.15193
48	59	12.1886	-43.6439	29.9479	-1.15664
48	60	12.0905	-43.7882	30.0409	-1.16156
48	61	12.012	-43.9425	30.1515	-1.16599
48	62	11.9536	-44.1057	30.2787	-1.16988
48	63	11.9195	-44.2855	30.4312	-1.17322
48	64	11.9008	-44.4705	30.5946	-1.17612
48	65	11.8906	-44.6577	30.7636	-1.17877
48	66	11.8774	-44.8448	30.9315	-1.18147
48	67	11.8676	-45.0312	31.1004	-1.18404
48	68	11.8603	-45.2165	31.2693	-1.18649
48	69	11.856	-45.4023	31.4401	-1.18884
48	70	11.8542	-45.5885	31.6122	-1.19109
48	71	11.8503	-45.7744	31.7836	-1.19337
48	72	11.8503	-45.9628	31.9587	-1.19554
48	73	11.8538	-46.1522	32.1363	-1.1976
48	74	11.8597	-46.3415	32.3148	-1.19956
48	75	11.867	-46.5299	32.4931	-1.20146
48	76	11.8725	-46.7173	32.6699	-1.20337
48	77	11.8761	-46.9036	32.8452	-1.20531
48	78	11.8796	-47.0926	33.0229	-1.20725
48	79	11.8848	-47.2832	33.203	-1.20915
48	80	11.8919	-47.4747	33.3847	-1.21098
48	81	11.9007	-47.6662	33.5671	-1.21274
48	82	11.9108	-47.8573	33.7497	-1.21444
48	83	11.9217	-48.0482	33.9324	-1.21611
48	84	11.9334	-48.2392	34.1156	-1.21773
48	85	11.9463	-48.4308	34.2999	-1.21931
48	86	11.9609	-48.6229	34.4853	-1.22083
48	87	11.9775	-48.815	34.6715	-1.22228
48	88	11.996	-49.0063	34.8576	-1.22365
48	89	12.0156	-49.1963	35.043	-1.22497
48	90	12.036	-49.3852	35.2277	-1.22625
48	91	12.0553	-49.5739	35.4118	-1.22753
48	92	12.0736	-49.7631	35.5962	-1.22884
48	93	12.091	-49.9539	35.7818	-1.23017
48	94	12.1101	-50.1463	35.9696	-1.23145
48	95	12.1321	-50.3398	36.1594	-1.23266
48	96	12.1574	-50.5333	36.3503	-1.23377
48	97	12.1863	-50.7256	36.5414	-1.23477
48	98	12.2186	-50.9162	36.732	-1.23565
48	99	12.2459	-51.1065	36.9207	-1.23664
48	100	12.2668	-51.2973	37.1078	-1.2378
48	101	12.2785	-51.4906	37.2943	-1.23919
48	102	12.3001	-51.6829	37.4833	-1.24032
48	103	12.3474	-51.8469	37.6537	-1.24055
48	104	12.4229	-51.9901	37.8137	-1.23988
48	105	12.5145	-52.1239	37.97	-1.23875
48	106	12.6182	-52.2533	38.1262	-1.23728
48	107	12.7455	-52.3736	38.2816	-1.23517
48	108	12.8968	-52.4902	38.4417	-1.23245
48	109	13.0749	-52.6043	38.6087	-1.22908
48	110	13.2857	-52.7204	38.789	-1.22496
48	111	13.5016	-52.8279	38.9637	-1.22069
48	112	13.7223	-52.9279	39.1337	-1.21626
48	113	13.9487	-53.0193	39.2984	-1.21167
48	114	14.1809	-53.1004	39.4564	-1.20688
48	115	14.4181	-53.1692	39.6056	-1.2019
48	116	14.6584	-53.2253	39.7451	-1.19677
48	117	14.9001	-53.2698	39.8754	-1.19154
48	118	15.1427	-53.3045	39.998	-1.18623
48	119	15.3867	-53.3302	40.1139	-1.18083
48	120	15.6327	-53.3462	40.2229	-1.17532
48	121	15.8807	-53.3509	40.3234	-1.16969
48	122	16.1292	-53.3429	40.4137	-1.16395
48	123	16.3766	-53.3227	40.4937	-1.15815
48	124	16.6219	-53.2918	40.5645	-1.1523
48	125	16.8656	-53.2515	40.6275	-1.14642
48	126	17.1083	-53.2018	40.6828	-1.14048
48	127	17.3502	-53.1411	40.7293	-1.13446
48	128	17.5901	-53.0677	40.7649	-1.12836
48	129	17.8258	-52.9812	40.7884	-1.12223
48	130	18.0559	-52.8833	40.8007	-1.11611
48	131	18.2805	-52.7761	40.8038	-1.11001
48	132	18.5006	-52.661	40.7994	-1.10393
48	133	18.7172	-52.5377	40.7875	-1.09782
48	134	18.9299	-52.4045	40.7666	-1.09169
48	135	19.137	-52.2602	40.7348	-1.08554
48	136	19.3367	-52.1052	40.6916	-1.07943
48	137	19.5279	-51.9411	40.6379	-1.07337
48	138	19.7107	-51.7688	40.5744	-1.06739
48	139	19.8865	-51.5893	40.5027	-1.06145
48	140	20.0571	-51.4034	40.4243	-1.05552
48	141	20.2209	-51.2095	40.337	-1.04962
48	142	20.3762	-51.0078	40.2401	-1.04377
48	143	20.5222	-50.7994	40.134	-1.03802
48	144	20.6593	-50.5858	40.0203	-1.03236
48	145	20.7887	-50.3672	39.8996	-1.02676
48	146	20.9106	-50.1428	39.7714	-1.02122
48	147	21.0239	-49.9114	39.6338	-1.01573
48	148	21.1264	-49.6726	39.4854	-1.01034
48	149	21.2163	-49.428	39.3266	-1.0051
48	150	21.2936	-49.1799	39.1591	-1.00004
48	151	21.3599	-48.9295	38.9847	-0.995135
48	152	21.4165	-48.6766	38.8038	-0.990362
48	153	21.4634	-48.4199	38.6153	-0.985702
48	154	21.4987	-48.159	38.4176	-0.981186
48	155	21.5204	-47.8952	38.2108	-0.976872
48	156	21.5284	-47.6308	37.9964	-0.972804
48	157	21.5244	-47.3677	37.7771	-0.96897
48	158	21.5108	-47.1059	37.5538	-0.965323
48	159	21.4882	-46.8441	37.3259	-0.961828
49	0	-12.1354	-46.6979	32.8486	-1.95369
49	1	-12.1212	-46.5134	32.6722	-1.9554
49	2	-12.1102	-46.3273	32.4957	-1.95723
49	3	-12.1038	-46.1404	32.3202	-1.95922
49	4	-12.1011	-45.953	32.1458	-1.96136
49	5	-12.1023	-45.7665	31.9738	-1.96361
49	6	-12.1072	-45.5817	31.8051	-1.96598
49	7	-12.115	-45.399	31.6395	-1.96843
49	8	-12.1239	-45.2179	31.4762	-1.97092
49	9	-12.1317	-45.0376	31.3132	-1.97339
49	10	-12.1416	-44.8574	31.1514	-1.97595
49	11	-12.155	-44.6774	30.9913	-1.97864
49	12	-12.1724	-44.4985	30.8342	-1.98146
49	13	-12.1954	-44.3218	30.6815	-1.98444
49	14	-12.2266	-44.1485	30.5355	-1.98766
49	15	-12.2706	-43.9819	30.4012	-1.9912
49	16	-12.3348	-43.8356	30.2941	-1.99511
49	17	-12.4214	-43.7033	30.2094	-1.99952
49	18	-12.5307	-43.5823	30.1452	-2.00449
49	19	-12.6682	-43.5099	30.1376	-2.00964
49	20	-12.8207	-43.4749	30.1711	-2.01471
49	21	-12.9864	-43.4703	30.2386	-2.01972
49	22	-13.1571	-43.4808	30.3225	-2.02464
49	23	-13.3297	-43.4951	30.4113	-2.02954
49	24	-13.5032	-43.5118	30.5036	-2.03439
49	25	-13.6769	-43.5285	30.5964	-2.03923
49	26	-13.8517	-43.5472	30.6924	-2.04403
49	27	-14.0274	-43.566	30.7896	-2.04884
49	28	-14.2039	-43.5866	30.8894	-2.0536
49	29	-14.3814	-43.6056	30.989	-2.05839
49	30	-14.5597	-43.6223	31.0877	-2.0632
49	31	-14.741	-43.643	31.192	-2.06801
49	32	-14.924	-43.664	31.2981	-2.07283
49	33	-15.1068	-43.6868	31.4064	-2.07759
49	34	-15.2887	-43.7084	31.5139	-2.0823
49	35	-15.4694	-43.7279	31.6197	-2.08698
49	36	-15.6484	-43.75	31.7277	-2.09154
49	37	-15.8268	-43.7677	31.8321	-2.09613
49	38	-16.005	-43.7779	31.9307	-2.1008
49	39	-16.1869	-43.784	32.0282	-2.1056
49	40	-16.3715	-43.7861	32.1245	-2.11051
49	41	-16.558	-43.7837	32.2187	-2.11551
49	42	-16.7461	-43.7792	32.3127	-2.12057
49	43	-16.9359	-43.7777	32.411	-2.12558
49	44	-17.1273	-43.7747	32.5097	-2.13064
49	45	-17.3199	-43.7713	32.6095	-2.1357
49	46	-17.5127	-43.7701	32.7121	-2.1407
49	47	-17.7042	-43.769	32.8149	-2.14563
49	48	-17.8929	-43.7683	32.9173	-2.15045
49	49	-18.0782	-43.7677	33.0187	-2.15515
49	50	-18.2599	-43.7695	33.1207	-2.1597
49	51	-18.4381	-43.7701	33.2206	-2.16415
49	52	-18.6132	-43.765	33.3146	-2.16859
49	53	-18.7845	-43.7489	33.398	-2.1731
49	54	-18.9491	-43.7059	33.4562	-2.17789
49	55	-19.0799	-43.7222	33.5443	-2.18081
49	56	-19.1812	-43.792	33.6596	-2.18209
49	57	-19.2638	-43.8842	33.7825	-2.18253
49	58	-19.3427	-43.9858	33.911	-2.18271
49	59	-19.4207	-44.1011	34.0503	-2.18264
49	60	-19.5003	-44.2354	34.2059	-2.18229
49	61	-19.5836	-44.3945	34.384	-2.18162
49	62	-19.6726	-44.5851	34.5911	-2.18056
49	63	-19.7685	-44.8143	34.8341	-2.17905
49	64	-19.8531	-45.0473	35.0736	-2.17724
49	65	-19.9266	-45.2821	35.3085	-2.17516
49	66	-19.9906	-45.5181	35.5392	-2.17287
49	67	-20.0463	-45.7559	35.7669	-2.17039
49	68	-20.0932	-45.9968	35.9923	-2.16768
49	69	-20.1291	-46.2417	36.2152	-2.1647
49	70	-20.1511	-46.4898	36.4333	-2.16139
49	71	-20.1578	-46.7386	36.6439	-2.15776
49	72	-20.15	-46.9853	36.8453	-2.15388
49	73	-20.1299	-47.2286	37.0377	-2.14981
49	74	-20.0998	-47.4689	37.2227	-2.1456
49	75	-20.0603	-47.7074	37.4017	-2.14125
49	76	-20.0105	-47.9447	37.5749	-2.13672
49	77	-19.9487	-48.1801	37.7409	-2.13199
49	78	-19.874	-48.4119	37.8978	-2.12707
49	79	-19.7872	-48.638	38.0445	-2.12199
49	80	-19.6903	-48.8575	38.1813	-2.11682
49	81	-19.5853	-49.071	38.3097	-2.11158
49	82	-19.4728	-49.2797	38.4313	-2.10628
49	83	-19.352	-49.4845	38.5464	-2.10087
49	84	-19.2209	-49.6851	38.6538	-2.09532
49	85	-19.0778	-49.8798	38.7512	-2.08961
49	86	-18.9225	-50.066	38.8366	-2.08376
49	87	-18.7585	-50.2432	38.9112	-2.07785
49	88	-18.5827	-50.4055	38.9683	-2.07189
49	89	-18.4005	-50.557	39.0144	-2.06592
49	90	-18.2131	-50.7002	39.0521	-2.05996
49	91	-18.02	-50.836	39.0819	-2.05397
49	92	-17.8197	-50.9636	39.1026	-2.04791
49	93	-17.6114	-51.0809	39.1118	-2.04181
49	94	-17.3957	-51.1855	39.1079	-2.03568
49	95	-17.1748	-51.2765	39.0909	-2.02958
49	96	-16.951	-51.3549	39.0628	-2.02356
49	97	-16.7254	-51.4229	39.026	-2.0176
49	98	-16.498	-51.4823	38.982	-2.01168
49	99	-16.2677	-51.5334	38.9306	-2.00577
49	100	-16.0334	-51.5747	38.8699	-1.99985
49	101	-15.795	-51.6034	38.7976	-1.99396
49	102	-15.554	-51.6173	38.7119	-1.98813
49	103	-15.3129	-51.6159	38.6136	-1.98244
49	104	-15.0737	-51.6009	38.5047	-1.9769
49	105	-14.8368	-51.5748	38.3877	-1.9715
49	106	-14.6016	-51.539	38.2635	-1.96621
49	107	-14.3672	-51.4935	38.1317	-1.961
49	108	-14.1339	-51.4368	37.9911	-1.95588
49	109	-13.9027	-51.3678	37.8407	-1.95091
49	110	-13.676	-51.2858	37.6809	-1.94612
49	111	-13.4867	-51.2023	37.5341	-1.94225
49	112	-13.3277	-51.1155	37.3957	-1.93913
49	113	-13.1926	-51.0233	37.2612	-1.93664
49	114	-13.0768	-50.9234	37.1265	-1.93469
49	115	-12.9777	-50.818	36.9928	-1.9332
49	116	-12.886	-50.7098	36.8591	-1.93191
49	117	-12.8003	-50.5952	36.7217	-1.93083
49	118	-12.7235	-50.4708	36.5782	-1.93006
49	119	-12.6657	-50.3239	36.4204	-1.93
49	120	-12.6253	-50.1474	36.2409	-1.93066
49	121	-12.5903	-49.9709	36.0634	-1.93148
49	122	-12.5504	-49.7937	35.8835	-1.93218
49	123	-12.5121	-49.6144	35.7023	-1.93295
49	124	-12.4766	-49.4331	35.5202	-1.93383
49	125	-12.4446	-49.2511	35.3387	-1.93481
49	126	-12.4155	-49.0693	35.1585	-1.93588
49	127	-12.3881	-48.8886	34.9799	-1.93699
49	128	-12.3617	-48.7086	34.8025	-1.93813
49	129	-12.3348	-48.5293	34.6254	-1.93927
49	130	-12.3075	-48.3498	34.4482	-1.94041
49	131	-12.2811	-48.1698	34.2709	-1.94159
49	132	-12.2549	-47.9878	34.0917	-1.9428
49	133	-12.2297	-47.8038	33.9112	-1.94408
49	134	-12.2068	-47.6184	33.7303	-1.94546
49	135	-12.1871	-47.4328	33.5503	-1.94693
49	136	-12.1707	-47.2477	33.3722	-1.94852
49	137	-12.1576	-47.0638	33.1965	-1.95019
49	138	-12.1477	-46.8812	33.0232	-1.95196
