# CellID	NodeIndex	X	Y	R	Theta
8	0	43.5699	-1.48542	46.2831	0.344264
8	1	43.6568	-1.26317	46.4403	0.348138
8	2	43.7297	-1.03533	46.587	0.352201
8	3	43.7888	-0.804103	46.7226	0.35641
8	4	43.8354	-0.571087	46.848	0.360724
8	5	43.8711	-0.336707	46.9645	0.365126
8	6	43.8968	-0.100507	47.0734	0.369617
8	7	43.9125	0.138185	47.1747	0.374215
8	8	43.9168	0.379547	47.2676	0.378934
8	9	43.9087	0.622806	47.3505	0.383771
8	10	43.8875	0.866422	47.4227	0.388702
8	11	43.854	1.10895	47.4842	0.393696
8	12	43.8096	1.34986	47.5362	0.398734
8	13	43.7552	1.58953	47.5797	0.40382
8	14	43.6907	1.82868	47.615	0.408971
8	15	43.6149	2.06751	47.6411	0.414204
8	16	43.5261	2.30504	47.6561	0.419516
8	17	43.4236	2.53924	47.6585	0.424881
8	18	43.3083	2.76817	47.6486	0.430255
8	19	43.1823	2.99124	47.6278	0.435615
8	20	43.0472	3.20923	47.598	0.440965
8	21	42.9032	3.42325	47.5598	0.446327
8	22	42.7492	3.63358	47.5124	0.451719
8	23	42.584	3.83913	47.4541	0.457136
8	24	42.4072	4.03783	47.3839	0.462546
8	25	42.2205	4.22819	47.3024	0.467909
8	26	42.0259	4.41043	47.2116	0.473213
8	27	41.8246	4.58597	47.1131	0.478477
8	28	41.6161	4.75598	47.0069	0.48373
8	29	41.4001	4.91921	46.8922	0.488954
8	30	41.1754	5.07364	46.767	0.494126
8	31	40.9425	5.21659	46.6304	0.499193
8	32	40.7039	5.34689	46.4838	0.504111
8	33	40.4619	5.46571	46.3298	0.50888
8	34	40.2171	5.57499	46.1698	0.513531
8	35	39.9687	5.6757	46.0034	0.518089
8	36	39.7159	5.76717	45.8296	0.522555
8	37	39.4588	5.84777	45.6474	0.526897
8	38	39.1987	5.91649	45.4575	0.531081
8	39	38.9374	5.97394	45.2617	0.535099
8	40	38.6755	6.02177	45.0611	0.538976
8	41	38.4122	6.06119	44.8557	0.542743
8	42	38.1466	6.09253	44.6447	0.546417
8	43	37.8786	6.11479	44.4276	0.549979
8	44	37.6096	6.12789	44.2054	0.553412
8	45	37.3547	6.12377	43.9866	0.556379
8	46	37.1312	6.09308	43.7807	0.558479
8	47	36.9704	6.01068	43.6007	0.558831
8	48	36.8318	5.90623	43.4278	0.558483
8	49	36.7191	5.78025	43.2654	0.557395
8	50	36.6084	5.65478	43.1051	0.556283
8	51	36.4994	5.52597	42.9446	0.555076
8	52	36.3927	5.393	42.7839	0.553749
8	53	36.2831	5.25807	42.6197	0.552409
8	54	36.1717	5.11926	42.4521	0.551002
8	55	36.0627	4.97473	42.2836	0.549439
8	56	35.9556	4.82521	42.1143	0.547739
8	57	35.8511	4.67264	41.9457	0.545931
8	58	35.7526	4.51484	41.7797	0.543927
8	59	35.6585	4.35579	41.6169	0.541828
8	60	35.5688	4.19542	41.4574	0.53963
8	61	35.4846	4.03355	41.3021	0.537315
8	62	35.4025	3.87178	41.149	0.534958
8	63	35.3233	3.7095	40.9982	0.532538
8	64	35.248	3.54621	40.8505	0.530031
8	65	35.1738	3.3832	40.7043	0.527496
8	66	35.1065	3.21845	40.5633	0.524822
8	67	35.0414	3.05455	40.425	0.52212
8	68	34.9849	2.89007	40.2941	0.519282
8	69	34.9321	2.72756	40.1679	0.516421
8	70	34.8828	2.56314	40.044	0.513458
8	71	34.8376	2.39694	39.9232	0.510388
8	72	34.7924	2.22995	39.8023	0.507283
8	73	34.7546	2.06013	39.687	0.504006
8	74	34.7168	1.88921	39.5715	0.500685
8	75	34.6872	1.71569	39.4626	0.497187
8	76	34.6605	1.53957	39.3553	0.493578
8	77	34.6374	1.36174	39.251	0.489866
8	78	34.623	1.18308	39.1546	0.486013
8	79	34.6132	1.00545	39.0632	0.482109
8	80	34.6119	0.829396	38.9807	0.478123
8	81	34.6137	0.654696	38.9023	0.474115
8	82	34.6377	0.481428	38.8448	0.469864
8	83	34.6803	0.306943	38.8042	0.465358
8	84	34.7315	0.128176	38.7702	0.460645
8	85	34.8033	-0.0570178	38.7527	0.455541
8	86	34.8988	-0.241715	38.7578	0.450177
8	87	35.0015	-0.423342	38.7718	0.444806
8	88	35.1207	-0.598651	38.8045	0.439407
8	89	35.2544	-0.771166	38.8527	0.433924
8	90	35.3968	-0.937927	38.9124	0.428497
8	91	35.5432	-1.10068	38.9784	0.423139
8	92	35.6909	-1.26079	39.048	0.417846
8	93	35.8387	-1.41981	39.119	0.412598
8	94	35.9863	-1.57846	39.1911	0.40738
8	95	36.137	-1.73677	39.2673	0.402158
8	96	36.29	-1.89447	39.347	0.396947
8	97	36.4448	-2.05038	39.4299	0.391783
8	98	36.5996	-2.20437	39.5147	0.386685
8	99	36.7533	-2.35708	39.6	0.381649
8	100	36.907	-2.50821	39.6868	0.376673
8	101	37.0625	-2.6569	39.7773	0.371759
8	102	37.2186	-2.80518	39.8693	0.366872
8	103	37.3742	-2.95362	39.9617	0.362008
8	104	37.5298	-3.10014	40.0558	0.357211
8	105	37.685	-3.24399	40.1514	0.352503
8	106	37.8397	-3.38479	40.2483	0.347893
8	107	37.9935	-3.52337	40.3461	0.343364
8	108	38.1481	-3.65902	40.4465	0.338919
8	109	38.3038	-3.79263	40.5493	0.334535
8	110	38.4561	-3.92156	40.6511	0.330309
8	111	38.6099	-4.0436	40.7574	0.326253
8	112	38.7518	-4.16833	40.8521	0.322248
8	113	38.8965	-4.23412	40.9687	0.319606
8	114	39.0543	-4.25155	41.1131	0.317997
8	115	39.2131	-4.28332	41.2541	0.316062
8	116	39.3827	-4.29334	41.4122	0.314559
8	117	39.5673	-4.29187	41.5882	0.31322
8	118	39.7734	-4.27189	41.7905	0.312155
8	119	40.0097	-4.23983	42.0252	0.311154
8	120	40.2434	-4.19696	42.2608	0.310427
8	121	40.4752	-4.1453	42.4974	0.309918
8	122	40.7049	-4.08246	42.7353	0.309679
8	123	40.9317	-4.00748	42.9742	0.309733
8	124	41.1537	-3.91934	43.2125	0.310109
8	125	41.3693	-3.81874	43.4484	0.3108
8	126	41.5773	-3.70719	43.6806	0.311776
8	127	41.7779	-3.58638	43.9087	0.312993
8	128	41.9719	-3.45719	44.1331	0.314424
8	129	42.1598	-3.3195	44.3544	0.316066
8	130	42.3415	-3.17256	44.5728	0.317933
8	131	42.5157	-3.01565	44.7874	0.320045
8	132	42.6809	-2.84887	44.9968	0.322408
8	133	42.8359	-2.67335	45.1996	0.325004
8	134	42.9806	-2.49066	45.3953	0.3278
8	135	43.1158	-2.30203	45.5842	0.330763
8	136	43.2423	-2.10786	45.7672	0.333878
8	137	43.3608	-1.90762	45.945	0.33715
8	138	43.4705	-1.70037	46.1173	0.340604
9	0	-34.7383	2.1601	39.7255	2.63525
9	1	-34.7902	2.31625	39.8467	2.63245
9	2	-34.8442	2.47539	39.9716	2.62963
9	3	-34.9049	2.63558	40.1031	2.62689
9	4	-34.9667	2.79831	40.2372	2.62413
9	5	-35.0367	2.95982	40.378	2.62151
9	6	-35.1095	3.12092	40.5215	2.61895
9	7	-35.1889	3.27843	40.6689	2.61657
9	8	-35.2728	3.43157	40.8184	2.61435
9	9	-35.3589	3.58545	40.9704	2.61217
9	10	-35.4507	3.73764	41.1266	2.6101
9	11	-35.544	3.8907	41.2846	2.60805
9	12	-35.6446	4.04122	41.4479	2.60616
9	13	-35.7479	4.19247	41.614	2.6043
9	14	-35.8593	4.34058	41.7856	2.60262
9	15	-35.9737	4.49154	41.9612	2.60093
9	16	-36.0946	4.64148	42.1421	2.59935
9	17	-36.2187	4.79182	42.3261	2.59783
9	18	-36.3472	4.94085	42.5131	2.59639
9	19	-36.4787	5.08922	42.7026	2.59501
9	20	-36.6127	5.23777	42.8943	2.59368
9	21	-36.7498	5.38629	43.0888	2.5924
9	22	-36.8907	5.53455	43.2863	2.59117
9	23	-37.0391	5.67794	43.4878	2.59015
9	24	-37.2025	5.80313	43.6926	2.58967
9	25	-37.3968	5.87668	43.8966	2.59056
9	26	-37.6369	5.8959	44.1114	2.59304
9	27	-37.8866	5.88745	44.3203	2.59614
9	28	-38.1472	5.86132	44.5298	2.59968
9	29	-38.4054	5.82512	44.7327	2.60335
9	30	-38.6612	5.78098	44.9299	2.60711
9	31	-38.9152	5.72922	45.1225	2.61096
9	32	-39.1684	5.6687	45.3106	2.61494
9	33	-39.421	5.59725	45.4934	2.61909
9	34	-39.6712	5.51297	45.6687	2.62343
9	35	-39.9168	5.41577	45.8343	2.62792
9	36	-40.1561	5.30748	45.99	2.63253
9	37	-40.3895	5.19026	46.1372	2.63721
9	38	-40.6183	5.06505	46.2775	2.64197
9	39	-40.8432	4.93115	46.4113	2.64683
9	40	-41.0638	4.78702	46.5376	2.6518
9	41	-41.2781	4.63175	46.6543	2.6569
9	42	-41.4842	4.46626	46.7601	2.66209
9	43	-41.6814	4.29272	46.8557	2.66731
9	44	-41.8707	4.11283	46.9426	2.67256
9	45	-42.0521	3.92779	47.0214	2.67782
9	46	-42.226	3.73664	47.0921	2.6831
9	47	-42.3916	3.53807	47.1534	2.68843
9	48	-42.5467	3.33173	47.2031	2.6938
9	49	-42.6896	3.11884	47.2405	2.69917
9	50	-42.82	2.90145	47.266	2.70451
9	51	-42.9392	2.68106	47.2813	2.7098
9	52	-43.0484	2.4579	47.2878	2.71505
9	53	-43.1481	2.23125	47.2854	2.72029
9	54	-43.2372	2.00031	47.2729	2.72552
9	55	-43.314	1.76515	47.2487	2.73073
9	56	-43.3771	1.52714	47.2121	2.73588
9	57	-43.4264	1.28831	47.1638	2.74095
9	58	-43.4631	1.05019	47.1053	2.74591
9	59	-43.489	0.813141	47.0384	2.75077
9	60	-43.505	0.576691	46.9637	2.75555
9	61	-43.5109	0.340132	46.8806	2.76028
9	62	-43.5055	0.103237	46.7879	2.76493
9	63	-43.4871	-0.133252	46.6843	2.7695
9	64	-43.4551	-0.367696	46.5697	2.77394
9	65	-43.4097	-0.598337	46.4448	2.77822
9	66	-43.3523	-0.824177	46.3114	2.78234
9	67	-43.2845	-1.04523	46.1705	2.7863
9	68	-43.207	-1.26209	46.0228	2.79014
9	69	-43.1196	-1.47527	45.8676	2.79384
9	70	-43.0211	-1.68459	45.7039	2.79741
9	71	-42.9104	-1.8889	45.5311	2.80082
9	72	-42.7873	-2.08638	45.3493	2.80402
9	73	-42.6528	-2.27536	45.16	2.80698
9	74	-42.5085	-2.45515	44.9648	2.8097
9	75	-42.3562	-2.6262	44.7653	2.8122
9	76	-42.1968	-2.78946	44.5617	2.81451
9	77	-42.03	-2.9457	44.3537	2.81664
9	78	-41.8553	-3.0949	44.1405	2.81858
9	79	-41.6715	-3.23606	43.9215	2.8203
9	80	-41.4784	-3.36739	43.6969	2.82176
9	81	-41.2769	-3.48715	43.4679	2.82291
9	82	-41.0685	-3.59454	43.2364	2.82376
9	83	-40.855	-3.68998	43.0038	2.82432
9	84	-40.6374	-3.77465	42.7706	2.82461
9	85	-40.4156	-3.84945	42.5366	2.82466
9	86	-40.1891	-3.91451	42.3011	2.82445
9	87	-39.9574	-3.96878	42.0641	2.82396
9	88	-39.7212	-4.01142	41.8264	2.82316
9	89	-39.4819	-4.04088	41.5899	2.82204
9	90	-39.2413	-4.0597	41.3556	2.82064
9	91	-39.0277	-4.06057	41.1526	2.81902
9	92	-38.8321	-4.05562	40.9688	2.81739
9	93	-38.6546	-4.02097	40.8116	2.8152
9	94	-38.494	-3.97313	40.675	2.81282
9	95	-38.3496	-3.87799	40.5693	2.80946
9	96	-38.2051	-3.77416	40.4668	2.80587
9	97	-38.0571	-3.66535	40.3631	2.80211
9	98	-37.9095	-3.54815	40.2633	2.79815
9	99	-37.761	-3.42411	40.1656	2.79399
9	100	-37.611	-3.29434	40.0692	2.78967
9	101	-37.4612	-3.15852	39.9758	2.78519
9	102	-37.3137	-3.01867	39.8868	2.78062
9	103	-37.1675	-2.8772	39.8004	2.77599
9	104	-37.0228	-2.73463	39.7166	2.77134
9	105	-36.8781	-2.59195	39.6338	2.76666
9	106	-36.7337	-2.44849	39.5524	2.76195
9	107	-36.59	-2.30385	39.473	2.7572
9	108	-36.4486	-2.15748	39.3972	2.75241
9	109	-36.3106	-2.01021	39.326	2.74761
9	110	-36.1722	-1.86042	39.2561	2.74273
9	111	-36.0338	-1.70961	39.1876	2.73782
9	112	-35.896	-1.55793	39.1209	2.73287
9	113	-35.7586	-1.40541	39.056	2.72789
9	114	-35.6223	-1.25081	38.9938	2.72285
9	115	-35.4845	-1.09332	38.9325	2.71772
9	116	-35.3483	-0.93118	38.8755	2.71247
9	117	-35.2152	-0.76517	38.8241	2.70716
9	118	-35.0911	-0.593897	38.7842	2.7018
9	119	-34.9736	-0.4218	38.7517	2.6965
9	120	-34.8707	-0.245822	38.7351	2.69125
9	121	-34.7753	-0.0691187	38.7267	2.68607
9	122	-34.6928	0.1131	38.7333	2.68091
9	123	-34.634	0.282401	38.7563	2.67632
9	124	-34.5841	0.440196	38.7828	2.67211
9	125	-34.5606	0.596519	38.8328	2.66824
9	126	-34.5448	0.746733	38.8876	2.66462
9	127	-34.5353	0.896764	38.9482	2.66109
9	128	-34.5358	1.04845	39.019	2.65765
9	129	-34.5455	1.20324	39.0999	2.65426
9	130	-34.5646	1.36034	39.1904	2.65094
9	131	-34.5837	1.52036	39.283	2.64758
9	132	-34.6182	1.68	39.3892	2.64443
9	133	-34.6498	1.84167	39.4943	2.64121
9	134	-34.6942	2.0009	39.6099	2.63822
17	0	38.49	-5.52753	40.1915	0.292229
17	1	38.4628	-5.34919	40.2172	0.29667
17	2	38.4202	-5.18613	40.2245	0.300856
17	3	38.373	-5.03235	40.2253	0.304855
17	4	38.3134	-4.88557	40.2128	0.308782
17	5	38.2444	-4.74201	40.191	0.312706
17	6	38.1777	-4.59378	40.1735	0.316728
17	7	38.077	-4.44682	40.1239	0.32099
17	8	37.9337	-4.29665	40.0358	0.325679
17	9	37.7908	-4.14098	39.9507	0.330515
17	10	37.6423	-3.98631	39.8609	0.335394
17	11	37.4934	-3.83101	39.7718	0.340314
17	12	37.3417	-3.67618	39.681	0.345268
17	13	37.1891	-3.52309	39.5897	0.350212
17	14	37.035	-3.37047	39.4978	0.35518
17	15	36.8826	-3.21643	39.409	0.360189
17	16	36.7291	-3.06267	39.3201	0.365224
17	17	36.5732	-2.9097	39.2296	0.370286
17	18	36.4153	-2.75749	39.138	0.375371
17	19	36.2581	-2.60482	39.0482	0.380485
17	20	36.1007	-2.45479	38.9582	0.385561
17	21	35.9433	-2.30826	38.868	0.390577
17	22	35.7864	-2.16474	38.778	0.39554
17	23	35.6309	-2.02244	38.6899	0.400482
17	24	35.4752	-1.88242	38.6015	0.405395
17	25	35.3195	-1.74422	38.5134	0.410288
17	26	35.163	-1.60913	38.4242	0.415136
17	27	35.0088	-1.47776	38.3365	0.419894
17	28	34.8556	-1.35162	38.2485	0.424539
17	29	34.7039	-1.22888	38.1612	0.429106
17	30	34.5507	-1.11191	38.0709	0.433575
17	31	34.3977	-0.996513	37.981	0.438024
17	32	34.238	-0.88936	37.8821	0.442374
17	33	34.0715	-0.78624	37.7762	0.446727
17	34	33.8915	-0.697206	37.6527	0.450925
17	35	33.6971	-0.613405	37.5145	0.455194
17	36	33.5031	-0.558389	37.3647	0.4588
17	37	33.3125	-0.516049	37.2128	0.462088
17	38	33.1218	-0.500554	37.0491	0.464757
17	39	32.9324	-0.495046	36.8824	0.467192
17	40	32.7447	-0.505312	36.7102	0.469245
17	41	32.5587	-0.521266	36.5372	0.471159
17	42	32.3738	-0.542305	36.3629	0.472951
17	43	32.19	-0.570955	36.1863	0.474559
17	44	32.006	-0.601666	36.0086	0.476136
17	45	31.8222	-0.639325	35.8281	0.477553
17	46	31.6391	-0.683756	35.6451	0.478807
17	47	31.4556	-0.730776	35.4606	0.480014
17	48	31.2772	-0.794539	35.2729	0.480746
17	49	31.0988	-0.857643	35.0855	0.481503
17	50	30.935	-0.950386	34.8975	0.481321
17	51	30.7779	-1.05361	34.7104	0.480781
17	52	30.6437	-1.19839	34.5245	0.47886
17	53	30.5147	-1.36504	34.3334	0.476283
17	54	30.3967	-1.55966	34.1395	0.472802
17	55	30.2916	-1.7538	33.9578	0.469121
17	56	30.2038	-1.95414	33.7892	0.465007
17	57	30.1303	-2.16326	33.63	0.460429
17	58	30.0685	-2.38024	33.4786	0.455444
17	59	30.0138	-2.60263	33.3322	0.450173
17	60	29.9663	-2.8266	33.1924	0.444721
17	61	29.9248	-3.05087	33.059	0.439136
17	62	29.8882	-3.27318	32.9318	0.4335
17	63	29.856	-3.4939	32.8105	0.427807
17	64	29.8266	-3.7128	32.6934	0.422087
17	65	29.7985	-3.92991	32.5794	0.416361
17	66	29.7719	-4.14497	32.4687	0.410635
17	67	29.7494	-4.36211	32.3619	0.404761
17	68	29.7312	-4.57936	32.2602	0.398792
17	69	29.7162	-4.79448	32.1634	0.39281
17	70	29.7027	-5.00599	32.0705	0.386878
17	71	29.6897	-5.21328	31.9808	0.381029
17	72	29.6793	-5.4225	31.8939	0.375061
17	73	29.6718	-5.63336	31.8103	0.36898
17	74	29.6689	-5.84552	31.7317	0.362776
17	75	29.6713	-6.05812	31.6591	0.356471
17	76	29.6809	-6.26978	31.5948	0.350087
17	77	29.6936	-6.47722	31.5363	0.34377
17	78	29.7121	-6.67968	31.4861	0.337518
17	79	29.7316	-6.87796	31.4394	0.331362
17	80	29.7597	-7.07227	31.4034	0.325219
17	81	29.7907	-7.26492	31.3718	0.319085
17	82	29.841	-7.45354	31.361	0.312871
17	83	29.9044	-7.64285	31.3637	0.306505
17	84	29.9909	-7.83247	31.3896	0.299915
17	85	30.0911	-8.01703	31.4315	0.293363
17	86	30.2076	-8.1857	31.4949	0.287167
17	87	30.3372	-8.34141	31.5755	0.281275
17	88	30.4848	-8.48224	31.6788	0.275711
17	89	30.643	-8.61395	31.7956	0.27037
17	90	30.809	-8.73783	31.9229	0.265242
17	91	30.9752	-8.85905	32.0519	0.260233
17	92	31.141	-8.97804	32.1819	0.255334
17	93	31.3076	-9.0961	32.3137	0.250496
17	94	31.476	-9.21257	32.4483	0.245733
17	95	31.6455	-9.32839	32.5848	0.24102
17	96	31.8158	-9.44263	32.7234	0.236387
17	97	31.9857	-9.55545	32.8624	0.231839
17	98	32.1544	-9.66585	33.0016	0.227408
17	99	32.3213	-9.77436	33.1401	0.223083
17	100	32.4867	-9.88085	33.2781	0.218863
17	101	32.6509	-9.98591	33.4158	0.214727
17	102	32.8144	-10.0891	33.5539	0.210682
17	103	32.9774	-10.1905	33.6923	0.206728
17	104	33.1402	-10.2881	33.8319	0.202919
17	105	33.3011	-10.383	33.9706	0.199228
17	106	33.4616	-10.4714	34.1106	0.195757
17	107	33.617	-10.5574	34.2465	0.19241
17	108	33.7692	-10.6338	34.3814	0.189383
17	109	33.9184	-10.6991	34.5158	0.186709
17	110	34.0547	-10.7771	34.6354	0.183767
17	111	34.1901	-10.8012	34.7641	0.182375
17	112	34.3348	-10.7865	34.9091	0.182036
17	113	34.4864	-10.788	35.058	0.181211
17	114	34.643	-10.7598	35.2171	0.181197
17	115	34.8137	-10.7323	35.3899	0.181094
17	116	34.9983	-10.6725	35.5823	0.181812
17	117	35.21	-10.5993	35.8038	0.182752
17	118	35.4517	-10.4933	36.0608	0.184425
17	119	35.6876	-10.3753	36.3144	0.186427
17	120	35.915	-10.2448	36.5621	0.188783
17	121	36.1338	-10.1045	36.8035	0.191413
17	122	36.345	-9.95541	37.0393	0.194279
17	123	36.5495	-9.79772	37.2706	0.197371
17	124	36.7472	-9.63037	37.4975	0.200713
17	125	36.9368	-9.45251	37.719	0.204332
17	126	37.1166	-9.26448	37.9335	0.208224
17	127	37.2855	-9.06785	38.1397	0.212352
17	128	37.444	-8.86432	38.3379	0.21667
17	129	37.5933	-8.65455	38.5292	0.221155
17	130	37.7338	-8.43796	38.7142	0.225817
17	131	37.8649	-8.21337	38.8928	0.23069
17	132	37.9846	-7.98026	39.0631	0.235799
17	133	38.0907	-7.73978	39.223	0.241129
17	134	38.1827	-7.49427	39.3715	0.246626
17	135	38.2621	-7.24572	39.5098	0.252236
17	136	38.3307	-6.99467	39.6396	0.257937
17	137	38.39	-6.74052	39.7624	0.263737
17	138	38.4392	-6.48236	39.8779	0.269665
17	139	38.4774	-6.22017	39.9853	0.275731
17	140	38.5011	-5.9551	40.0811	0.281933
17	141	38.5056	-5.72679	40.1495	0.287364
18	0	-30.2841	-4.66815	32.7411	2.75192
18	1	-30.3049	-4.46398	32.8385	2.74641
18	2	-30.3282	-4.26021	32.9388	2.74097
18	3	-30.3545	-4.05852	33.0422	2.73566
18	4	-30.3826	-3.85324	33.1496	2.7303
18	5	-30.4121	-3.64476	33.2604	2.72491
18	6	-30.4435	-3.43394	33.375	2.71952
18	7	-30.4783	-3.22251	33.4938	2.71418
18	8	-30.518	-3.01304	33.6172	2.709
18	9	-30.5613	-2.80256	33.7451	2.70388
18	10	-30.6079	-2.59284	33.8767	2.69885
18	11	-30.6581	-2.38483	34.0116	2.69396
18	12	-30.7117	-2.17783	34.1499	2.68917
18	13	-30.7691	-1.97042	34.2926	2.68447
18	14	-30.8352	-1.76734	34.4419	2.68002
18	15	-30.9114	-1.57072	34.5979	2.67592
18	16	-31.0025	-1.38101	34.7648	2.67222
18	17	-31.1031	-1.19448	34.9391	2.66876
18	18	-31.2235	-1.01645	35.1275	2.66581
18	19	-31.3455	-0.859366	35.308	2.66343
18	20	-31.4844	-0.734001	35.489	2.6621
18	21	-31.6276	-0.628313	35.6648	2.66132
18	22	-31.7893	-0.558647	35.8404	2.66168
18	23	-31.95	-0.491221	36.0142	2.66208
18	24	-32.1169	-0.44364	36.1841	2.66304
18	25	-32.2832	-0.397796	36.3529	2.66403
18	26	-32.4517	-0.360195	36.5199	2.66524
18	27	-32.6225	-0.330827	36.6852	2.66666
18	28	-32.7955	-0.310436	36.8484	2.66831
18	29	-32.9707	-0.300053	37.0091	2.67022
18	30	-33.1483	-0.296613	37.169	2.67231
18	31	-33.3259	-0.324504	37.3149	2.67513
18	32	-33.5092	-0.362595	37.4617	2.67824
18	33	-33.6855	-0.445707	37.5826	2.68231
18	34	-33.8721	-0.536765	37.7099	2.68667
18	35	-34.0384	-0.65186	37.809	2.69134
18	36	-34.2001	-0.765623	37.9055	2.6959
18	37	-34.3501	-0.89165	37.987	2.70059
18	38	-34.501	-1.01702	38.0703	2.70526
18	39	-34.6496	-1.14874	38.1498	2.71004
18	40	-34.7997	-1.28395	38.23	2.71489
18	41	-34.9518	-1.42434	38.3109	2.71987
18	42	-35.1077	-1.56939	38.3942	2.72498
18	43	-35.2649	-1.71807	38.4784	2.73017
18	44	-35.4234	-1.8701	38.5633	2.73542
18	45	-35.5804	-2.02363	38.6474	2.74068
18	46	-35.7381	-2.17768	38.733	2.74593
18	47	-35.8938	-2.33286	38.8174	2.75116
18	48	-36.0489	-2.48942	38.9018	2.7564
18	49	-36.2019	-2.64941	38.984	2.76168
18	50	-36.357	-2.80835	39.0696	2.76693
18	51	-36.5135	-2.96577	39.1582	2.77214
18	52	-36.6639	-3.12775	39.2406	2.77737
18	53	-36.8158	-3.28677	39.3263	2.78252
18	54	-36.9685	-3.44446	39.4144	2.78763
18	55	-37.1182	-3.6034	39.5003	2.79272
18	56	-37.268	-3.76113	39.5876	2.79776
18	57	-37.4144	-3.92022	39.6723	2.80278
18	58	-37.5586	-4.07861	39.7562	2.80774
18	59	-37.6804	-4.24187	39.8182	2.81261
18	60	-37.7806	-4.39947	39.8626	2.81717
18	61	-37.8456	-4.5665	39.8713	2.82166
18	62	-37.9008	-4.73374	39.8715	2.82608
18	63	-37.9507	-4.90313	39.8668	2.8305
18	64	-37.9899	-5.0812	39.8499	2.83506
18	65	-38.0064	-5.2738	39.808	2.8398
18	66	-38.0123	-5.48615	39.751	2.84494
18	67	-37.9956	-5.72753	39.6651	2.85064
18	68	-37.9668	-5.96932	39.5689	2.85628
18	69	-37.9242	-6.21014	39.4608	2.86184
18	70	-37.8677	-6.44782	39.3414	2.86724
18	71	-37.7974	-6.67999	39.2114	2.87246
18	72	-37.7154	-6.90559	39.0728	2.87747
18	73	-37.6233	-7.12483	38.9272	2.88229
18	74	-37.5222	-7.33869	38.7751	2.88695
18	75	-37.4121	-7.54798	38.6162	2.89148
18	76	-37.292	-7.75279	38.4495	2.89586
18	77	-37.1605	-7.95217	38.2738	2.90008
18	78	-37.0171	-8.14432	38.0889	2.90408
18	79	-36.8625	-8.32742	37.8958	2.90781
18	80	-36.6983	-8.5006	37.6962	2.91127
18	81	-36.5261	-8.66414	37.4914	2.91447
18	82	-36.347	-8.81898	37.2822	2.91744
18	83	-36.1608	-8.96581	37.0681	2.92018
18	84	-35.9668	-9.10459	36.8485	2.9227
18	85	-35.7647	-9.23443	36.6231	2.92496
18	86	-35.5548	-9.35406	36.3925	2.92693
18	87	-35.3386	-9.46242	36.1582	2.92859
18	88	-35.1175	-9.55794	35.9219	2.92989
18	89	-34.9183	-9.62455	35.7132	2.93054
18	90	-34.7343	-9.66459	35.5249	2.93055
18	91	-34.5603	-9.67764	35.3521	2.92988
18	92	-34.3978	-9.70685	35.1871	2.92973
18	93	-34.2449	-9.6741	35.0445	2.92789
18	94	-34.0891	-9.65311	34.8967	2.92636
18	95	-33.9304	-9.62332	34.7481	2.92455
18	96	-33.7731	-9.57203	34.6057	2.92212
18	97	-33.6124	-9.51739	34.4608	2.91956
18	98	-33.4489	-9.45497	34.3152	2.91673
18	99	-33.2828	-9.385	34.1691	2.91365
18	100	-33.1181	-9.30539	34.0268	2.91028
18	101	-32.9522	-9.22425	33.8842	2.90683
18	102	-32.7889	-9.13631	33.746	2.90317
18	103	-32.6257	-9.04773	33.6086	2.89946
18	104	-32.4646	-8.95555	33.4745	2.89563
18	105	-32.304	-8.86272	33.3416	2.89176
18	106	-32.1426	-8.76691	33.2092	2.88776
18	107	-31.9801	-8.66938	33.0767	2.88367
18	108	-31.8164	-8.56757	32.9446	2.87942
18	109	-31.6521	-8.46291	32.8134	2.87504
18	110	-31.4906	-8.35306	32.6869	2.8705
18	111	-31.3316	-8.24125	32.5639	2.86588
18	112	-31.1776	-8.12439	32.448	2.86112
18	113	-31.0272	-8.00599	32.3365	2.85632
18	114	-30.8879	-7.87782	32.2393	2.85129
18	115	-30.7624	-7.74293	32.1582	2.84615
18	116	-30.6528	-7.59417	32.0971	2.84072
18	117	-30.553	-7.43451	32.0497	2.83504
18	118	-30.4599	-7.26257	32.0134	2.82904
18	119	-30.3903	-7.09047	32.0005	2.82326
18	120	-30.3296	-6.91931	31.997	2.81758
18	121	-30.2947	-6.7446	32.02	2.81206
18	122	-30.2694	-6.5697	32.0531	2.80665
18	123	-30.252	-6.39186	32.0957	2.80123
18	124	-30.2416	-6.21151	32.1465	2.79584
18	125	-30.2332	-6.02904	32.2009	2.79042
18	126	-30.2306	-5.84467	32.2623	2.78502
18	127	-30.2305	-5.65608	32.3286	2.77956
18	128	-30.2327	-5.46334	32.3994	2.77402
18	129	-30.2395	-5.26712	32.4768	2.76845
18	130	-30.2498	-5.06874	32.5591	2.7629
18	131	-30.2657	-4.87055	32.6477	2.75744
25	0	33.9371	-12.8137	34.205	0.125824
25	1	33.9269	-12.5393	34.2305	0.133815
25	2	33.9041	-12.3041	34.24	0.140712
25	3	33.8698	-12.0979	34.2356	0.146815
25	4	33.8234	-11.9126	34.2174	0.152371
25	5	33.7646	-11.7416	34.1857	0.157575
25	6	33.6894	-11.5822	34.1368	0.162533
25	7	33.6264	-11.4195	34.1014	0.167542
25	8	33.5178	-11.2835	34.0173	0.172015
25	9	33.3526	-11.167	33.8748	0.176239
25	10	33.1902	-11.0424	33.7372	0.180717
25	11	33.0239	-10.9249	33.595	0.18505
25	12	32.8584	-10.81	33.4538	0.189336
25	13	32.693	-10.6965	33.313	0.193614
25	14	32.5279	-10.584	33.1729	0.197901
25	15	32.3627	-10.4718	33.0333	0.202213
25	16	32.1969	-10.3602	32.8936	0.206549
25	17	32.0306	-10.2496	32.7538	0.210895
25	18	31.8639	-10.1411	32.6138	0.215219
25	19	31.6981	-10.0347	32.4749	0.219511
25	20	31.5337	-9.93122	32.3373	0.223741
25	21	31.3716	-9.82973	32.202	0.227931
25	22	31.2107	-9.73174	32.0677	0.232042
25	23	31.051	-9.63632	31.9345	0.236099
25	24	30.8917	-9.54476	31.8012	0.24007
25	25	30.732	-9.45867	31.6668	0.243911
25	26	30.5734	-9.37595	31.5332	0.24767
25	27	30.4132	-9.30366	31.3957	0.251154
25	28	30.2578	-9.23287	31.263	0.254582
25	29	30.1029	-9.17233	31.1285	0.257717
25	30	29.9498	-9.11738	30.9946	0.260691
25	31	29.7975	-9.06502	30.8611	0.263602
25	32	29.6387	-9.03562	30.7155	0.265873
25	33	29.4713	-9.00702	30.5616	0.268215
25	34	29.2935	-9.00738	30.39	0.269755
25	35	29.1039	-9.00621	30.2077	0.271464
25	36	28.9213	-9.03279	30.0246	0.272243
25	37	28.7403	-9.05999	29.843	0.272995
25	38	28.5655	-9.11683	29.6593	0.272739
25	39	28.3887	-9.18067	29.4719	0.272269
25	40	28.2184	-9.26314	29.2857	0.27112
25	41	28.0492	-9.34709	29.1002	0.269898
25	42	27.8851	-9.43761	28.9179	0.268394
25	43	27.7255	-9.5313	28.7393	0.266724
25	44	27.5697	-9.6258	28.5641	0.26497
25	45	27.4205	-9.72579	28.394	0.262947
25	46	27.2745	-9.82645	28.2269	0.260848
25	47	27.1316	-9.92916	28.0624	0.258626
25	48	26.9949	-10.0388	27.9023	0.256081
25	49	26.8629	-10.1534	27.7457	0.253291
25	50	26.7339	-10.2713	27.5914	0.250323
25	51	26.6123	-10.3985	27.4422	0.246932
25	52	26.5077	-10.5456	27.3051	0.242643
25	53	26.41	-10.7035	27.1726	0.237866
25	54	26.3282	-10.8609	27.0563	0.232925
25	55	26.2654	-11.0193	26.959	0.227745
25	56	26.2115	-11.1772	26.8713	0.222475
25	57	26.1645	-11.3351	26.791	0.217112
25	58	26.1215	-11.4954	26.7149	0.211599
25	59	26.0855	-11.6594	26.6457	0.205865
25	60	26.0488	-11.8261	26.5761	0.200008
25	61	26.0167	-11.9969	26.5112	0.193933
25	62	25.9866	-12.171	26.4486	0.187694
25	63	25.9634	-12.3481	26.3933	0.181266
25	64	25.9413	-12.5287	26.3396	0.174673
25	65	25.9263	-12.7122	26.2935	0.167901
25	66	25.9121	-12.8966	26.2493	0.161065
25	67	25.9034	-13.0814	26.2118	0.154158
25	68	25.8962	-13.2659	26.177	0.147237
25	69	25.8925	-13.4498	26.147	0.140298
25	70	25.8935	-13.6328	26.123	0.133356
25	71	25.8972	-13.8141	26.1032	0.126456
25	72	25.9091	-13.9919	26.0931	0.119639
25	73	25.9208	-14.1708	26.084	0.112774
25	74	25.9382	-14.3487	26.0819	0.105922
25	75	25.9579	-14.524	26.0836	0.0991598
25	76	25.9812	-14.6997	26.09	0.0923682
25	77	26.0072	-14.8752	26.1003	0.0855821
25	78	26.0358	-15.0495	26.1145	0.0788392
25	79	26.068	-15.2246	26.1333	0.0720629
25	80	26.1025	-15.3999	26.1558	0.0652813
25	81	26.1478	-15.5727	26.1903	0.0585854
25	82	26.1979	-15.7427	26.2308	0.0520043
25	83	26.2638	-15.906	26.2887	0.0456705
25	84	26.3446	-16.0624	26.3628	0.039604
25	85	26.4385	-16.2139	26.4511	0.0337409
25	86	26.552	-16.3582	26.56	0.0281639
25	87	26.6684	-16.4944	26.6729	0.02294
25	88	26.7935	-16.6197	26.7954	0.0181553
25	89	26.9259	-16.7375	26.9259	0.0136939
25	90	27.0683	-16.8478	27.0671	0.00954668
25	91	27.2188	-16.9521	27.2167	0.00566191
25	92	27.3738	-17.054	27.3713	0.00190593
25	93	27.5338	-17.1524	27.5314	-0.0016772
25	94	27.6966	-17.2491	27.6945	-0.00515968
25	95	27.8623	-17.3407	27.8608	-0.00841931
25	96	28.0264	-17.432	28.0258	-0.0116263
25	97	28.1899	-17.5187	28.1904	-0.014633
25	98	28.3526	-17.6039	28.3545	-0.0175536
25	99	28.5149	-17.6865	28.5184	-0.0203507
25	100	28.6769	-17.7669	28.6821	-0.0230365
25	101	28.8381	-17.8462	28.8451	-0.0256575
25	102	28.9991	-17.9224	29.0081	-0.0281414
25	103	29.1594	-17.9954	29.1705	-0.0304873
25	104	29.3175	-18.0658	29.3308	-0.032723
25	105	29.4745	-18.129	29.4898	-0.0346912
25	106	29.6279	-18.1885	29.6452	-0.0365179
25	107	29.7778	-18.2436	29.797	-0.038183
25	108	29.9256	-18.2911	29.9466	-0.0395794
25	109	30.0728	-18.3242	30.095	-0.0404844
25	110	30.209	-18.3678	30.2329	-0.041743
25	111	30.3406	-18.3816	30.3649	-0.0420171
25	112	30.4765	-18.3297	30.4985	-0.0401289
25	113	30.6217	-18.2956	30.6423	-0.0388269
25	114	30.7753	-18.2482	30.794	-0.0370958
25	115	30.9343	-18.1737	30.9502	-0.0344985
25	116	31.1106	-18.0836	31.1235	-0.0314106
25	117	31.3057	-17.9619	31.315	-0.0273288
25	118	31.5276	-17.8051	31.5329	-0.0221681
25	119	31.7414	-17.6349	31.7433	-0.0166561
25	120	31.9454	-17.454	31.9448	-0.01089
25	121	32.1397	-17.2652	32.1376	-0.0049472
25	122	32.3258	-17.0695	32.3234	0.00113485
25	123	32.5049	-16.8665	32.5033	0.00737524
25	124	32.6763	-16.6547	32.677	0.0138182
25	125	32.8381	-16.4335	32.8425	0.0204823
25	126	32.9883	-16.2045	32.9982	0.0273292
25	127	33.127	-15.9697	33.144	0.0342948
25	128	33.2556	-15.7305	33.2816	0.0413461
25	129	33.3752	-15.4863	33.412	0.0485003
25	130	33.4853	-15.2359	33.535	0.0558005
25	131	33.584	-14.9787	33.6488	0.0632683
25	132	33.6692	-14.7162	33.7515	0.0708705
25	133	33.7412	-14.4508	33.843	0.0785427
25	134	33.8015	-14.1838	33.9251	0.0862481
25	135	33.8518	-13.9149	33.9994	0.0939999
25	136	33.8919	-13.643	34.0659	0.101837
25	137	33.9202	-13.3676	34.1231	0.109781
25	138	33.9352	-13.0904	34.1695	0.117798
26	0	-24.3376	-14.3115	24.5	3.02728
26	1	-24.3437	-14.1365	24.5266	3.02021
26	2	-24.354	-13.955	24.5594	3.01293
26	3	-24.3695	-13.7681	24.5995	3.00548
26	4	-24.3882	-13.5765	24.6447	2.99788
26	5	-24.4146	-13.3817	24.6995	2.99022
26	6	-24.4455	-13.185	24.7604	2.98256
26	7	-24.4833	-12.9861	24.83	2.97489
26	8	-24.5249	-12.7868	24.9048	2.96728
26	9	-24.5712	-12.5886	24.9855	2.95979
26	10	-24.6198	-12.3916	25.0696	2.95241
26	11	-24.6712	-12.1958	25.1575	2.94515
26	12	-24.7248	-11.9988	25.2492	2.93791
26	13	-24.78	-11.8013	25.3439	2.93072
26	14	-24.8367	-11.6018	25.4418	2.92351
26	15	-24.898	-11.4023	25.5454	2.91641
26	16	-24.9656	-11.2051	25.656	2.90951
26	17	-25.0393	-11.0202	25.7707	2.90318
26	18	-25.1233	-10.8366	25.8962	2.89706
26	19	-25.2235	-10.6583	26.0369	2.89135
26	20	-25.3485	-10.487	26.2009	2.88619
26	21	-25.5171	-10.3023	26.411	2.88104
26	22	-25.7396	-10.0939	26.6801	2.87564
26	23	-25.8995	-9.91549	26.8816	2.8708
26	24	-26.0562	-9.7718	27.0711	2.86723
26	25	-26.2165	-9.64641	27.2596	2.8644
26	26	-26.3844	-9.53555	27.4514	2.86219
26	27	-26.5561	-9.43329	27.6448	2.86035
26	28	-26.7324	-9.34129	27.8397	2.85893
26	29	-26.9104	-9.25143	28.0357	2.85762
26	30	-27.0924	-9.16658	28.2342	2.85654
26	31	-27.277	-9.08201	28.4351	2.85551
26	32	-27.4664	-9.00155	28.6396	2.85469
26	33	-27.6593	-8.92156	28.8472	2.85392
26	34	-27.8562	-8.84494	29.0578	2.85331
26	35	-28.056	-8.77145	29.2702	2.85285
26	36	-28.2577	-8.70199	29.4834	2.85254
26	37	-28.4597	-8.63517	29.696	2.85232
26	38	-28.6621	-8.57144	29.9081	2.85221
26	39	-28.8657	-8.5145	30.1195	2.85232
26	40	-29.0703	-8.46739	30.3291	2.85276
26	41	-29.2772	-8.43754	30.536	2.85375
26	42	-29.4886	-8.41953	30.7438	2.85514
26	43	-29.7056	-8.42001	30.9519	2.85714
26	44	-29.9077	-8.43488	31.1417	2.85942
26	45	-30.0957	-8.47269	31.3119	2.86225
26	46	-30.2733	-8.52203	31.4692	2.86531
26	47	-30.4425	-8.58786	31.6142	2.86878
26	48	-30.6111	-8.65494	31.7587	2.87224
26	49	-30.7786	-8.72939	31.9005	2.87589
26	50	-30.9495	-8.80557	32.0456	2.87958
26	51	-31.1222	-8.88721	32.1915	2.88342
26	52	-31.2956	-8.97366	32.3374	2.88737
26	53	-31.4707	-9.06476	32.4842	2.89144
26	54	-31.6474	-9.16007	32.6321	2.89561
26	55	-31.8266	-9.2573	32.7825	2.89982
26	56	-32.0053	-9.35581	32.9328	2.90403
26	57	-32.1836	-9.45569	33.0829	2.90823
26	58	-32.3621	-9.55724	33.2333	2.91244
26	59	-32.5412	-9.6607	33.3845	2.91668
26	60	-32.7215	-9.76566	33.5371	2.92093
26	61	-32.9023	-9.87205	33.6906	2.92519
26	62	-33.0821	-9.98029	33.8432	2.92945
26	63	-33.2598	-10.0897	33.9942	2.9337
26	64	-33.4338	-10.2014	34.1418	2.93795
26	65	-33.6031	-10.3166	34.2845	2.94224
26	66	-33.7616	-10.4432	34.4152	2.94676
26	67	-33.889	-10.5912	34.512	2.95168
26	68	-33.9894	-10.7695	34.5775	2.95729
26	69	-34.0769	-10.9606	34.6291	2.96318
26	70	-34.1551	-11.165	34.6704	2.96938
26	71	-34.224	-11.3862	34.7012	2.976
26	72	-34.2808	-11.6284	34.7182	2.98315
26	73	-34.3237	-11.895	34.7195	2.99093
26	74	-34.3531	-12.1893	34.7056	2.99944
26	75	-34.3711	-12.4822	34.6832	3.00787
26	76	-34.3801	-12.7747	34.6544	3.01627
26	77	-34.3796	-13.0682	34.6184	3.02468
26	78	-34.3671	-13.3629	34.5728	3.03311
26	79	-34.3408	-13.657	34.5161	3.0415
26	80	-34.3017	-13.9478	34.4493	3.04978
26	81	-34.2522	-14.2347	34.3748	3.05796
26	82	-34.1938	-14.5192	34.294	3.06609
26	83	-34.1255	-14.8027	34.2056	3.0742
26	84	-34.0444	-15.085	34.1068	3.0823
26	85	-33.9488	-15.3634	33.9959	3.0903
26	86	-33.84	-15.6348	33.8744	3.09814
26	87	-33.721	-15.899	33.7451	3.10581
26	88	-33.5938	-16.1574	33.6097	3.11336
26	89	-33.4581	-16.4114	33.4678	3.12083
26	90	-33.3126	-16.6607	33.3181	3.12822
26	91	-33.1571	-16.9039	33.1602	3.13549
26	92	-32.9928	-17.1397	32.9953	-3.14058
26	93	-32.8209	-17.3686	32.8244	-3.1336
26	94	-32.641	-17.5918	32.6471	-3.12672
26	95	-32.4509	-17.8089	32.4609	-3.11994
26	96	-32.2485	-18.0174	32.2638	-3.11334
26	97	-32.0345	-18.2139	32.0561	-3.10703
26	98	-31.8124	-18.3968	31.8411	-3.10105
26	99	-31.5855	-18.5684	31.6218	-3.09533
26	100	-31.355	-18.7313	31.3995	-3.08981
26	101	-31.1202	-18.887	31.1736	-3.08444
26	102	-30.9136	-19.0121	30.9747	-3.08002
26	103	-30.7267	-19.1113	30.7946	-3.07643
26	104	-30.5522	-19.1864	30.6254	-3.07362
26	105	-30.384	-19.2371	30.4611	-3.07158
26	106	-30.2304	-19.3014	30.3125	-3.06911
26	107	-30.0908	-19.3055	30.1735	-3.06864
26	108	-29.9475	-19.2569	30.0271	-3.0699
26	109	-29.7952	-19.224	29.8729	-3.07064
26	110	-29.6433	-19.1764	29.7179	-3.07187
26	111	-29.4886	-19.1253	29.5601	-3.07324
26	112	-29.3315	-19.0678	29.3995	-3.07482
26	113	-29.1722	-19.0086	29.2366	-3.07648
26	114	-29.0117	-18.9438	29.0723	-3.07834
26	115	-28.8487	-18.8763	28.9054	-3.08031
26	116	-28.6834	-18.8063	28.7362	-3.08239
26	117	-28.5161	-18.7341	28.565	-3.08457
26	118	-28.3478	-18.6598	28.3929	-3.08685
26	119	-28.1797	-18.5838	28.2209	-3.08921
26	120	-28.0127	-18.5069	28.0502	-3.09164
26	121	-27.847	-18.43	27.8809	-3.09409
26	122	-27.6831	-18.3532	27.7136	-3.09658
26	123	-27.5211	-18.2761	27.5485	-3.09911
26	124	-27.3592	-18.1971	27.3834	-3.10174
26	125	-27.1981	-18.1159	27.2193	-3.10449
26	126	-27.0354	-18.0316	27.0537	-3.10738
26	127	-26.8722	-17.9453	26.8878	-3.11038
26	128	-26.7098	-17.8575	26.7229	-3.11347
26	129	-26.5494	-17.7691	26.5601	-3.11663
26	130	-26.3921	-17.6796	26.4008	-3.11987
26	131	-26.2363	-17.5899	26.2433	-3.12316
26	132	-26.0842	-17.4979	26.0896	-3.12658
26	133	-25.9365	-17.4038	25.9406	-3.13012
26	134	-25.7981	-17.3018	25.8013	-3.13401
26	135	-25.6654	-17.1993	25.668	-3.13796
26	136	-25.5471	-17.0824	25.5496	3.14066
26	137	-25.4341	-16.9601	25.437	3.13585
26	138	-25.3255	-16.8327	25.3295	3.1308
26	139	-25.2199	-16.7018	25.2256	3.12556
26	140	-25.1401	-16.5586	25.1485	3.11982
26	141	-25.0558	-16.4206	25.0676	3.11424
26	142	-24.9906	-16.2723	25.0069	3.10824
26	143	-24.9267	-16.1217	24.9486	3.10212
26	144	-24.8628	-15.9643	24.8915	3.0957
26	145	-24.8073	-15.7876	24.8448	3.08849
26	146	-24.7116	-15.5904	24.7605	3.08034
26	147	-24.5666	-15.3966	24.6284	3.07212
26	148	-24.4652	-15.2322	24.5393	3.06515
26	149	-24.4119	-15.0805	24.4983	3.05881
26	150	-24.3713	-14.9316	24.4706	3.05261
26	151	-24.3526	-14.7835	24.4656	3.04651
26	152	-24.344	-14.6331	24.4717	3.04036
26	153	-24.3343	-14.4792	24.4781	3.03407
32	0	30.3944	-21.991	30.782	-0.159363
32	1	30.4153	-21.6892	30.7562	-0.149568
32	2	30.4196	-21.386	30.7168	-0.139788
32	3	30.4087	-21.0852	30.6654	-0.130122
32	4	30.3863	-20.7876	30.606	-0.120576
32	5	30.3551	-20.492	30.5409	-0.111091
32	6	30.3147	-20.1973	30.4694	-0.101624
32	7	30.2662	-19.9428	30.3963	-0.0934567
32	8	30.2081	-19.719	30.3184	-0.086286
32	9	30.141	-19.5176	30.2348	-0.0798399
32	10	30.0626	-19.3326	30.1425	-0.0739303
32	11	29.9675	-19.1625	30.0355	-0.0685173
32	12	29.8396	-19.0283	29.899	-0.0643324
32	13	29.6719	-18.9202	29.7248	-0.0610647
32	14	29.495	-18.8228	29.5425	-0.0581388
32	15	29.3171	-18.7289	29.3595	-0.0553008
32	16	29.1392	-18.6366	29.1769	-0.0524779
32	17	28.9612	-18.5453	28.9945	-0.0496553
32	18	28.7843	-18.4518	28.8133	-0.046717
32	19	28.6069	-18.3595	28.6319	-0.0437867
32	20	28.4291	-18.2698	28.4504	-0.0409109
32	21	28.2521	-18.1828	28.2702	-0.0380914
32	22	28.0784	-18.0956	28.0934	-0.0352254
32	23	27.9068	-18.0112	27.919	-0.0324229
32	24	27.7366	-17.9301	27.7463	-0.0297008
32	25	27.5671	-17.8522	27.5748	-0.0270581
32	26	27.3986	-17.7753	27.4043	-0.0244192
32	27	27.2323	-17.7005	27.2363	-0.0218224
32	28	27.0671	-17.629	27.0696	-0.0193167
32	29	26.903	-17.5606	26.9043	-0.0168923
32	30	26.7383	-17.4996	26.7387	-0.0147137
32	31	26.5764	-17.44	26.576	-0.0125629
32	32	26.4121	-17.3941	26.4112	-0.0109018
32	33	26.2487	-17.3454	26.2473	-0.00911555
32	34	26.0762	-17.3215	26.0747	-0.00825952
32	35	25.8977	-17.2998	25.8959	-0.00747624
32	36	25.7092	-17.2967	25.7074	-0.00741124
32	37	25.529	-17.3053	25.5273	-0.00780017
32	38	25.3518	-17.3205	25.3502	-0.0084546
32	39	25.1766	-17.3519	25.1753	-0.00976055
32	40	25.0004	-17.3847	24.9995	-0.0111407
32	41	24.8245	-17.4291	24.8241	-0.0130086
32	42	24.6478	-17.4756	24.6481	-0.0149884
32	43	24.4722	-17.5301	24.4734	-0.0173207
32	44	24.2981	-17.5868	24.3004	-0.0197788
32	45	24.1266	-17.6484	24.1303	-0.0224739
32	46	23.9573	-17.7113	23.9625	-0.0252576
32	47	23.7911	-17.778	23.7981	-0.0282319
32	48	23.6256	-17.8442	23.6346	-0.0312298
32	49	23.4634	-17.9159	23.4749	-0.0345023
32	50	23.3017	-17.9868	23.3158	-0.0377777
32	51	23.1434	-18.0646	23.1608	-0.0413945
32	52	22.9881	-18.145	23.0091	-0.0451645
32	53	22.8357	-18.2264	22.8607	-0.0490223
32	54	22.6887	-18.314	22.7183	-0.0531924
32	55	22.5453	-18.4025	22.5801	-0.0574436
32	56	22.4064	-18.4929	22.4468	-0.0618186
32	57	22.2724	-18.5882	22.3192	-0.0664523
32	58	22.1412	-18.6856	22.195	-0.0712232
32	59	22.0124	-18.7893	22.0742	-0.0763222
32	60	21.8906	-18.9031	21.9618	-0.0819102
32	61	21.7727	-19.0248	21.8546	-0.0879042
32	62	21.6624	-19.1579	21.7569	-0.0944424
32	63	21.5612	-19.3037	21.6705	-0.101583
32	64	21.4638	-19.4608	21.5902	-0.109277
32	65	21.3808	-19.637	21.5276	-0.117835
32	66	21.3015	-19.8295	21.4724	-0.127171
32	67	21.236	-20.0262	21.4334	-0.136664
32	68	21.1773	-20.2237	21.4031	-0.146177
32	69	21.1273	-20.4224	21.3836	-0.155713
32	70	21.0829	-20.6224	21.3717	-0.165281
32	71	21.0428	-20.8256	21.3665	-0.174968
32	72	21.0067	-21.0304	21.3676	-0.184699
32	73	20.9735	-21.2358	21.3738	-0.194433
32	74	20.9458	-21.4429	21.3876	-0.204186
32	75	20.9234	-21.6489	21.4084	-0.21382
32	76	20.9076	-21.8552	21.4378	-0.223378
32	77	20.8962	-22.0583	21.4725	-0.23272
32	78	20.8867	-22.2566	21.5099	-0.241796
32	79	20.8797	-22.4531	21.5511	-0.250725
32	80	20.8753	-22.6465	21.5956	-0.25945
32	81	20.875	-22.8403	21.6458	-0.268107
32	82	20.8784	-23.0321	21.7007	-0.276587
32	83	20.8854	-23.2201	21.7595	-0.284813
32	84	20.8959	-23.4056	21.8224	-0.292835
32	85	20.9128	-23.5861	21.8914	-0.300504
32	86	20.9322	-23.7637	21.9631	-0.307969
32	87	20.9566	-23.9366	22.0393	-0.315111
32	88	20.9832	-24.1073	22.118	-0.322075
32	89	21.0132	-24.2753	22.2002	-0.328825
32	90	21.0446	-24.4434	22.2846	-0.335508
32	91	21.0897	-24.6078	22.3818	-0.34178
32	92	21.1319	-24.7758	22.4784	-0.348195
32	93	21.2012	-24.9427	22.6008	-0.354089
32	94	21.283	-25.1097	22.7359	-0.359732
32	95	21.3662	-25.2633	22.868	-0.36474
32	96	21.4686	-25.3922	23.0099	-0.368381
32	97	21.57	-25.5132	23.1481	-0.371684
32	98	21.6859	-25.6175	23.2941	-0.374048
32	99	21.8029	-25.7213	23.4409	-0.376345
32	100	21.9263	-25.82	23.592	-0.378315
32	101	22.0557	-25.916	23.7478	-0.380057
32	102	22.1896	-26.0108	23.9073	-0.381662
32	103	22.3286	-26.1046	24.0713	-0.383129
32	104	22.4743	-26.1961	24.2407	-0.384383
32	105	22.6244	-26.289	24.4147	-0.385604
32	106	22.7808	-26.3797	24.5937	-0.38663
32	107	22.9404	-26.4717	24.7762	-0.387642
32	108	23.1036	-26.5622	24.9615	-0.388526
32	109	23.2685	-26.6523	25.1483	-0.389358
32	110	23.4344	-26.7417	25.3357	-0.390136
32	111	23.601	-26.831	25.5238	-0.39089
32	112	23.769	-26.9195	25.7128	-0.391582
32	113	23.9398	-27.0057	25.9036	-0.392142
32	114	24.1131	-27.0915	26.0966	-0.392642
32	115	24.2885	-27.1778	26.2916	-0.393121
32	116	24.4651	-27.2653	26.4883	-0.393621
32	117	24.6425	-27.352	26.6853	-0.394072
32	118	24.8208	-27.435	26.8819	-0.394374
32	119	24.9998	-27.5176	27.0788	-0.39465
32	120	25.1786	-27.6009	27.276	-0.394947
32	121	25.359	-27.6819	27.4736	-0.395145
32	122	25.543	-27.7553	27.6717	-0.395032
32	123	25.7222	-27.841	27.8701	-0.395396
32	124	25.8991	-27.8683	28.0439	-0.393864
32	125	26.0856	-27.8464	28.2078	-0.390611
32	126	26.2739	-27.7957	28.3629	-0.386429
32	127	26.4701	-27.7287	28.5197	-0.381662
32	128	26.6774	-27.638	28.6788	-0.376032
32	129	26.9022	-27.5202	28.8452	-0.369373
32	130	27.1506	-27.3682	29.0229	-0.361399
32	131	27.392	-27.2074	29.1929	-0.353324
32	132	27.6281	-27.0393	29.3572	-0.345168
32	133	27.8599	-26.8625	29.5165	-0.336874
32	134	28.0866	-26.6742	29.6693	-0.328357
32	135	28.3052	-26.4721	29.8121	-0.319577
32	136	28.5118	-26.2577	29.9421	-0.310609
32	137	28.7058	-26.0347	30.0599	-0.301573
32	138	28.8896	-25.8057	30.1686	-0.292517
32	139	29.0654	-25.5706	30.2704	-0.283406
32	140	29.2334	-25.3277	30.3651	-0.274177
32	141	29.3914	-25.0757	30.4503	-0.264808
32	142	29.5369	-24.8163	30.5242	-0.255355
32	143	29.6701	-24.5521	30.5877	-0.245899
32	144	29.7932	-24.2848	30.6435	-0.236461
32	145	29.9081	-24.0137	30.693	-0.226996
32	146	30.0143	-23.7369	30.7356	-0.217442
32	147	30.1093	-23.4533	30.7686	-0.207778
32	148	30.1903	-23.1647	30.7898	-0.198062
32	149	30.2575	-22.8738	30.7999	-0.188375
32	150	30.3133	-22.5822	30.8015	-0.178733
32	151	30.3593	-22.2885	30.796	-0.169084
33	0	-20.7502	-21.5902	21.2316	-2.92879
33	1	-20.7789	-21.3777	21.2158	-2.93887
33	2	-20.8111	-21.1691	21.2064	-2.94881
33	3	-20.8485	-20.9592	21.204	-2.95887
33	4	-20.8893	-20.7502	21.2072	-2.96891
33	5	-20.9323	-20.5431	21.215	-2.97887
33	6	-20.9803	-20.3363	21.2299	-2.98885
33	7	-21.0362	-20.1284	21.2546	-2.99892
33	8	-21.102	-19.9221	21.2915	-3.00895
33	9	-21.1791	-19.7193	21.3421	-3.01885
33	10	-21.2697	-19.5229	21.409	-3.02847
33	11	-21.3724	-19.3327	21.4905	-3.0378
33	12	-21.4886	-19.1494	21.588	-3.0468
33	13	-21.6177	-18.9707	21.7004	-3.05556
33	14	-21.7559	-18.8174	21.8256	-3.06311
33	15	-21.9	-18.679	21.9589	-3.06991
33	16	-22.0563	-18.5596	22.1066	-3.0758
33	17	-22.2166	-18.4478	22.2596	-3.08129
33	18	-22.3882	-18.3523	22.4253	-3.086
33	19	-22.5622	-18.2597	22.5942	-3.09052
33	20	-22.7433	-18.1806	22.7711	-3.09439
33	21	-22.9254	-18.1049	22.9496	-3.09806
33	22	-23.1102	-18.0384	23.1315	-3.10128
33	23	-23.2956	-17.9762	23.3144	-3.10426
33	24	-23.4819	-17.9179	23.4984	-3.10704
33	25	-23.6703	-17.8665	23.685	-3.10948
33	26	-23.8603	-17.8175	23.8733	-3.11179
33	27	-24.0544	-17.7819	24.0663	-3.11351
33	28	-24.2527	-17.7546	24.2638	-3.11487
33	29	-24.4569	-17.7491	24.4678	-3.11531
33	30	-24.6687	-17.7561	24.6797	-3.11526
33	31	-24.8672	-17.7854	24.8789	-3.11429
33	32	-25.0543	-17.8229	25.067	-3.113
33	33	-25.2317	-17.8765	25.246	-3.11108
33	34	-25.407	-17.9317	25.4229	-3.10911
33	35	-25.5806	-17.9951	25.5986	-3.10686
33	36	-25.7555	-18.061	25.7757	-3.10454
33	37	-25.9326	-18.1325	25.9554	-3.10204
33	38	-26.1115	-18.2072	26.1372	-3.09945
33	39	-26.2921	-18.2865	26.3211	-3.09673
33	40	-26.4716	-18.3682	26.5041	-3.09396
33	41	-26.6502	-18.4516	26.6866	-3.09115
33	42	-26.8285	-18.5361	26.8691	-3.08835
33	43	-27.008	-18.6206	27.0529	-3.08558
33	44	-27.185	-18.7088	27.2347	-3.08271
33	45	-27.3631	-18.7955	27.4176	-3.07994
33	46	-27.5441	-18.8784	27.6035	-3.07734
33	47	-27.7274	-18.9591	27.7917	-3.07487
33	48	-27.9092	-19.0446	27.9789	-3.07225
33	49	-28.09	-19.132	28.1654	-3.0696
33	50	-28.2697	-19.2209	28.3512	-3.06693
33	51	-28.4508	-19.3075	28.5383	-3.06438
33	52	-28.6322	-19.3961	28.7261	-3.06179
33	53	-28.8144	-19.4871	28.9151	-3.05916
33	54	-28.9953	-19.5843	29.1035	-3.05634
33	55	-29.1806	-19.6787	29.2962	-3.05367
33	56	-29.3693	-19.7694	29.4923	-3.05117
33	57	-29.5514	-19.8716	29.683	-3.04829
33	58	-29.6812	-20.0034	29.8248	-3.0443
33	59	-29.7865	-20.1559	29.9447	-3.03957
33	60	-29.8627	-20.3265	30.0382	-3.03418
33	61	-29.9421	-20.5017	30.1365	-3.02868
33	62	-30.0054	-20.6964	30.2219	-3.02252
33	63	-30.0664	-20.9139	30.309	-3.01563
33	64	-30.115	-21.1674	30.39	-3.00755
33	65	-30.1521	-21.4677	30.4684	-2.99795
33	66	-30.1713	-21.7723	30.5325	-2.98817
33	67	-30.1728	-22.0767	30.5819	-2.97834
33	68	-30.159	-22.3777	30.6187	-2.96856
33	69	-30.1335	-22.6755	30.6463	-2.95885
33	70	-30.0972	-22.972	30.6659	-2.94913
33	71	-30.0484	-23.2679	30.6761	-2.93935
33	72	-29.9855	-23.5616	30.6749	-2.92956
33	73	-29.909	-23.8507	30.6625	-2.91982
33	74	-29.8211	-24.1349	30.6406	-2.91014
33	75	-29.7224	-24.4153	30.6103	-2.90048
33	76	-29.6109	-24.6929	30.5698	-2.8908
33	77	-29.4844	-24.9657	30.5163	-2.8811
33	78	-29.3428	-25.2305	30.4492	-2.8715
33	79	-29.1895	-25.4856	30.3708	-2.86206
33	80	-29.027	-25.7323	30.284	-2.85275
33	81	-28.8554	-25.9727	30.1893	-2.8435
33	82	-28.6728	-26.2067	30.0848	-2.83428
33	83	-28.4782	-26.4322	29.9687	-2.82515
33	84	-28.2729	-26.6467	29.8416	-2.81617
33	85	-28.0594	-26.8503	29.7055	-2.80738
33	86	-27.8385	-27.0448	29.5617	-2.79872
33	87	-27.6085	-27.2305	29.4086	-2.79014
33	88	-27.3674	-27.4055	29.2435	-2.78168
33	89	-27.1158	-27.566	29.0656	-2.77346
33	90	-26.8576	-27.711	28.8778	-2.76556
33	91	-26.596	-27.8428	28.6837	-2.75794
33	92	-26.3319	-27.9641	28.485	-2.75052
33	93	-26.1021	-28.0581	28.3089	-2.74436
33	94	-25.8968	-28.1282	28.147	-2.73924
33	95	-25.7077	-28.1758	27.9919	-2.73503
33	96	-25.5283	-28.2	27.837	-2.73168
33	97	-25.3596	-28.236	27.6967	-2.72806
33	98	-25.2128	-28.218	27.555	-2.72652
33	99	-25.0702	-28.1491	27.3968	-2.72672
33	100	-24.9179	-28.0927	27.2348	-2.72636
33	101	-24.7668	-28.0234	27.0685	-2.72645
33	102	-24.6159	-27.9483	26.9001	-2.72674
33	103	-24.4644	-27.8679	26.7291	-2.72721
33	104	-24.3102	-27.7846	26.5544	-2.72775
33	105	-24.1527	-27.697	26.375	-2.72838
33	106	-23.9932	-27.6071	26.1928	-2.72908
33	107	-23.832	-27.5136	26.0076	-2.72989
33	108	-23.6689	-27.4178	25.8198	-2.73076
33	109	-23.5055	-27.3185	25.6304	-2.73177
33	110	-23.3419	-27.2177	25.4401	-2.73284
33	111	-23.1783	-27.1152	25.2494	-2.73399
33	112	-23.0144	-27.0114	25.0578	-2.7352
33	113	-22.8497	-26.9057	24.8647	-2.73649
33	114	-22.6835	-26.7971	24.6691	-2.73788
33	115	-22.5149	-26.6857	24.4704	-2.73936
33	116	-22.3439	-26.5714	24.2683	-2.74094
33	117	-22.1734	-26.4547	24.0658	-2.74263
33	118	-22.0044	-26.3363	23.8641	-2.74446
33	119	-21.8388	-26.2157	23.6648	-2.74645
33	120	-21.677	-26.0936	23.4686	-2.7486
33	121	-21.5218	-25.967	23.2768	-2.75107
33	122	-21.3748	-25.8342	23.0904	-2.75396
33	123	-21.2456	-25.6886	22.9159	-2.75772
33	124	-21.1323	-25.5268	22.7505	-2.76245
33	125	-21.0327	-25.3497	22.5928	-2.7681
33	126	-20.9464	-25.1542	22.4416	-2.7748
33	127	-20.8779	-24.955	22.3068	-2.78204
33	128	-20.8243	-24.752	22.1858	-2.78975
33	129	-20.7834	-24.5459	22.0772	-2.79788
33	130	-20.7531	-24.3369	21.9791	-2.80637
33	131	-20.729	-24.1265	21.8878	-2.81508
33	132	-20.7093	-23.9156	21.8024	-2.82395
33	133	-20.6928	-23.703	21.7213	-2.83302
33	134	-20.6808	-23.4893	21.6458	-2.84225
33	135	-20.6726	-23.2756	21.5759	-2.8516
33	136	-20.6701	-23.0617	21.5134	-2.8611
33	137	-20.672	-22.8504	21.4576	-2.87059
33	138	-20.679	-22.6389	21.4087	-2.88019
33	139	-20.6883	-22.4291	21.3645	-2.88979
33	140	-20.6982	-22.2216	21.3234	-2.89933
33	141	-20.711	-22.0122	21.2865	-2.90903
33	142	-20.7272	-21.8031	21.2552	-2.91877
38	0	25.8415	-30.2814	29.0042	-0.471534
38	1	25.8403	-29.9912	28.8724	-0.462597
38	2	25.8239	-29.7016	28.7296	-0.453831
38	3	25.7943	-29.4563	28.5962	-0.446576
38	4	25.753	-29.2462	28.4688	-0.440546
38	5	25.6997	-29.063	28.3427	-0.435502
38	6	25.632	-28.9007	28.2132	-0.431297
38	7	25.5791	-28.7423	28.0992	-0.426964
38	8	25.4928	-28.6234	27.9715	-0.424373
38	9	25.3687	-28.5311	27.8204	-0.423186
38	10	25.2473	-28.4272	27.667	-0.421564
38	11	25.1146	-28.3294	27.506	-0.420292
38	12	24.975	-28.2333	27.3394	-0.419167
38	13	24.8288	-28.1377	27.1669	-0.418145
38	14	24.676	-28.0421	26.9885	-0.417206
38	15	24.5187	-27.9491	26.807	-0.416411
38	16	24.3586	-27.8568	26.6233	-0.415672
38	17	24.1958	-27.7663	26.4378	-0.415028
38	18	24.0311	-27.6761	26.2507	-0.414412
38	19	23.8641	-27.586	26.0616	-0.41383
38	20	23.6944	-27.4955	25.8698	-0.413263
38	21	23.5213	-27.4049	25.6749	-0.41274
38	22	23.3458	-27.3128	25.4771	-0.412192
38	23	23.1676	-27.221	25.2772	-0.411688
38	24	22.9872	-27.1316	25.076	-0.411299
38	25	22.8057	-27.0435	24.8745	-0.410969
38	26	22.6247	-26.9534	24.6725	-0.410555
38	27	22.4418	-26.8648	24.4694	-0.410216
38	28	22.2559	-26.7781	24.2644	-0.409997
38	29	22.0677	-26.6919	24.0574	-0.409829
38	30	21.8773	-26.6072	23.8491	-0.409754
38	31	21.6857	-26.5249	23.6405	-0.409788
38	32	21.4925	-26.4489	23.433	-0.410097
38	33	21.2995	-26.3807	23.2288	-0.410717
38	34	21.1039	-26.3295	23.0291	-0.41207
38	35	20.9049	-26.295	22.833	-0.414177
38	36	20.698	-26.2819	22.6385	-0.417326
38	37	20.4822	-26.2857	22.4429	-0.421378
38	38	20.27	-26.3078	22.2585	-0.426181
38	39	20.0597	-26.3459	22.0831	-0.431689
38	40	19.8501	-26.4051	21.918	-0.438144
38	41	19.6396	-26.4878	21.7631	-0.44569
38	42	19.4304	-26.5864	21.6176	-0.453975
38	43	19.2261	-26.6904	21.4804	-0.4625
38	44	19.0261	-26.795	21.3488	-0.471061
38	45	18.8276	-26.8994	21.2201	-0.479693
38	46	18.6295	-27.0056	21.0942	-0.488495
38	47	18.4322	-27.1134	20.9714	-0.497446
38	48	18.2369	-27.2222	20.8526	-0.506504
38	49	18.0457	-27.3316	20.7393	-0.515587
38	50	17.8576	-27.4451	20.6324	-0.524869
38	51	17.6744	-27.5608	20.5328	-0.534218
38	52	17.4958	-27.6757	20.4385	-0.543506
38	53	17.322	-27.79	20.3497	-0.552728
38	54	17.1491	-27.9025	20.2625	-0.561936
38	55	16.9826	-28.0204	20.1852	-0.571271
38	56	16.8279	-28.1351	20.118	-0.580225
38	57	16.6951	-28.2634	20.0781	-0.589196
38	58	16.576	-28.3971	20.0541	-0.59804
38	59	16.4634	-28.5321	20.0378	-0.606773
38	60	16.3655	-28.674	20.0391	-0.615374
38	61	16.2864	-28.8257	20.0627	-0.623825
38	62	16.2104	-28.9776	20.0905	-0.632172
38	63	16.1412	-29.1331	20.1272	-0.640439
38	64	16.0783	-29.2921	20.1724	-0.648621
38	65	16.0189	-29.4556	20.2246	-0.656835
38	66	15.9623	-29.6238	20.2832	-0.665106
38	67	15.9058	-29.7961	20.3458	-0.673484
38	68	15.8514	-29.9735	20.4146	-0.681938
38	69	15.7987	-30.1538	20.4881	-0.69039
38	70	15.7493	-30.3353	20.5663	-0.698726
38	71	15.705	-30.5177	20.6504	-0.706872
38	72	15.665	-30.7009	20.7396	-0.714839
38	73	15.629	-30.8826	20.8321	-0.722562
38	74	15.5948	-31.0636	20.9267	-0.730128
38	75	15.5663	-31.2444	21.0268	-0.737439
38	76	15.5415	-31.4291	21.133	-0.744696
38	77	15.5248	-31.616	21.248	-0.751697
38	78	15.5093	-31.8048	21.3661	-0.758649
38	79	15.5016	-31.992	21.4898	-0.765219
38	80	15.4984	-32.1756	21.6151	-0.771443
38	81	15.4998	-32.3558	21.742	-0.777342
38	82	15.5166	-32.5302	21.8767	-0.782486
38	83	15.5323	-32.7034	22.0102	-0.787563
38	84	15.5771	-32.8735	22.1625	-0.791546
38	85	15.6312	-33.0477	22.3246	-0.795304
38	86	15.7203	-33.2182	22.5088	-0.797783
38	87	15.8225	-33.3991	22.7097	-0.800123
38	88	15.9593	-33.5855	22.9388	-0.801504
38	89	16.1071	-33.7567	23.1646	-0.802064
38	90	16.2733	-33.906	23.3874	-0.801393
38	91	16.4553	-34.0388	23.6095	-0.799769
38	92	16.6451	-34.1596	23.8285	-0.79759
38	93	16.8375	-34.2742	24.045	-0.795191
38	94	17.0317	-34.3838	24.2593	-0.792638
38	95	17.2268	-34.4905	24.4723	-0.790022
38	96	17.4225	-34.5951	24.6844	-0.787374
38	97	17.6179	-34.6976	24.895	-0.784718
38	98	17.8136	-34.7979	25.1044	-0.782035
38	99	18.008	-34.8959	25.3115	-0.77937
38	100	18.2029	-34.9919	25.5178	-0.776679
38	101	18.3981	-35.087	25.7237	-0.773997
38	102	18.594	-35.1819	25.9303	-0.771333
38	103	18.7911	-35.2766	26.1377	-0.768673
38	104	18.9896	-35.3699	26.3452	-0.76598
38	105	19.1883	-35.4606	26.5515	-0.763257
38	106	19.3858	-35.548	26.7547	-0.760514
38	107	19.5807	-35.6327	26.9544	-0.757806
38	108	19.773	-35.7148	27.1506	-0.755134
38	109	19.9629	-35.7949	27.3439	-0.752507
38	110	20.1514	-35.8723	27.5345	-0.74988
38	111	20.3383	-35.947	27.7223	-0.747255
38	112	20.5244	-36.0158	27.9056	-0.744533
38	113	20.7079	-36.0806	28.0846	-0.741801
38	114	20.8868	-36.1427	28.2585	-0.739144
38	115	21.0624	-36.1801	28.4136	-0.735953
38	116	21.2305	-36.202	28.5531	-0.73257
38	117	21.4025	-36.1754	28.6635	-0.727868
38	118	21.5772	-36.1406	28.7711	-0.722926
38	119	21.7624	-36.0966	28.8813	-0.717539
38	120	21.9633	-36.0329	28.9913	-0.711327
38	121	22.1873	-35.944	29.1037	-0.703989
38	122	22.444	-35.8268	29.2247	-0.695247
38	123	22.6958	-35.694	29.3342	-0.686272
38	124	22.9399	-35.5473	29.4313	-0.677161
38	125	23.1746	-35.3893	29.5164	-0.668008
38	126	23.4011	-35.2226	29.5922	-0.658842
38	127	23.6212	-35.0472	29.6602	-0.649624
38	128	23.835	-34.8617	29.7195	-0.640302
38	129	24.0406	-34.6648	29.7681	-0.630872
38	130	24.2356	-34.4576	29.8046	-0.621397
38	131	24.4195	-34.2424	29.8302	-0.611943
38	132	24.5941	-34.021	29.8473	-0.602513
38	133	24.7608	-33.7929	29.8566	-0.593051
38	134	24.9191	-33.5557	29.8568	-0.583501
38	135	25.0662	-33.3082	29.8445	-0.573863
38	136	25.1986	-33.0516	29.8178	-0.564227
38	137	25.3158	-32.7898	29.7782	-0.554691
38	138	25.4203	-32.5249	29.7288	-0.545268
38	139	25.5144	-32.2569	29.6715	-0.535898
38	140	25.5984	-31.984	29.6058	-0.526524
38	141	25.6706	-31.7057	29.5296	-0.517147
38	142	25.7289	-31.4233	29.4419	-0.507832
38	143	25.7735	-31.1395	29.3442	-0.498639
38	144	25.8066	-30.8552	29.2385	-0.489558
38	145	25.8295	-30.5696	29.1256	-0.480535
39	0	-16.1638	-30.7589	21.16	-2.44029
39	1	-16.173	-30.5786	21.0511	-2.44712
39	2	-16.1825	-30.4008	20.9452	-2.45393
39	3	-16.1993	-30.2269	20.8482	-2.46089
39	4	-16.2186	-30.0545	20.7553	-2.46793
39	5	-16.2428	-29.8843	20.6685	-2.47509
39	6	-16.271	-29.716	20.5873	-2.48236
39	7	-16.3021	-29.5494	20.5103	-2.48971
39	8	-16.338	-29.3842	20.4393	-2.4972
39	9	-16.3799	-29.2205	20.375	-2.50486
39	10	-16.4248	-29.0569	20.3144	-2.51265
39	11	-16.4854	-28.8971	20.2701	-2.52078
39	12	-16.5539	-28.7382	20.2341	-2.52914
39	13	-16.6459	-28.5852	20.2222	-2.53795
39	14	-16.7524	-28.4355	20.2257	-2.54703
39	15	-16.8772	-28.2856	20.2461	-2.55662
39	16	-17.011	-28.1532	20.2853	-2.56571
39	17	-17.1451	-28.0301	20.3315	-2.57437
39	18	-17.2851	-27.9167	20.3894	-2.58275
39	19	-17.4293	-27.8073	20.4544	-2.59103
39	20	-17.5765	-27.6987	20.5237	-2.59929
39	21	-17.7296	-27.5935	20.6012	-2.6075
39	22	-17.888	-27.4903	20.6857	-2.61569
39	23	-18.0505	-27.3885	20.7758	-2.62385
39	24	-18.2181	-27.2905	20.8737	-2.63191
39	25	-18.388	-27.1924	20.9748	-2.63994
39	26	-18.562	-27.099	21.083	-2.64779
39	27	-18.7368	-27.0048	21.193	-2.65562
39	28	-18.9148	-26.9131	21.3082	-2.66332
39	29	-19.0952	-26.8217	21.4269	-2.67099
39	30	-19.2805	-26.7365	21.554	-2.67841
39	31	-19.4678	-26.6543	21.6854	-2.68566
39	32	-19.6593	-26.5864	21.828	-2.69231
39	33	-19.8508	-26.5305	21.9766	-2.69839
39	34	-20.046	-26.4965	22.1386	-2.70356
39	35	-20.2433	-26.4716	22.307	-2.70832
39	36	-20.4264	-26.4694	22.4724	-2.71183
39	37	-20.596	-26.4799	22.631	-2.71453
39	38	-20.7531	-26.5096	22.7864	-2.7162
39	39	-20.9033	-26.5503	22.94	-2.71729
39	40	-21.0498	-26.5996	23.0938	-2.71795
39	41	-21.1965	-26.6522	23.2492	-2.71848
39	42	-21.3435	-26.7098	23.4068	-2.71882
39	43	-21.4886	-26.7779	23.5671	-2.71871
39	44	-21.6379	-26.8484	23.7321	-2.71858
39	45	-21.7887	-26.9264	23.9017	-2.7182
39	46	-21.9417	-27.0086	24.075	-2.71769
39	47	-22.0965	-27.0943	24.2513	-2.7171
39	48	-22.2518	-27.1834	24.4296	-2.7164
39	49	-22.4077	-27.2748	24.6093	-2.71563
39	50	-22.5644	-27.3674	24.7903	-2.71483
39	51	-22.7214	-27.4625	24.9726	-2.71397
39	52	-22.8785	-27.5603	25.1561	-2.71302
39	53	-23.0357	-27.6608	25.3408	-2.71199
39	54	-23.1941	-27.7613	25.5267	-2.711
39	55	-23.3521	-27.8631	25.7128	-2.70997
39	56	-23.5095	-27.9654	25.8986	-2.70892
39	57	-23.6636	-28.0708	26.0827	-2.70773
39	58	-23.8199	-28.1748	26.2682	-2.70664
39	59	-23.9791	-28.2764	26.4554	-2.70569
39	60	-24.1346	-28.3857	26.6425	-2.70444
39	61	-24.2926	-28.4922	26.8309	-2.70333
39	62	-24.4554	-28.5941	27.0215	-2.70247
39	63	-24.6062	-28.7119	27.2081	-2.70091
39	64	-24.705	-28.8455	27.3546	-2.69803
39	65	-24.7602	-29.0041	27.4728	-2.69368
39	66	-24.8297	-29.1587	27.6025	-2.68973
39	67	-24.8798	-29.3255	27.7208	-2.6851
39	68	-24.918	-29.5056	27.8348	-2.6799
39	69	-24.9384	-29.7055	27.9427	-2.67382
39	70	-24.9461	-29.9315	28.0521	-2.66675
39	71	-24.938	-30.1925	28.1652	-2.65838
39	72	-24.9216	-30.4532	28.2729	-2.64994
39	73	-24.8966	-30.7143	28.3751	-2.64142
39	74	-24.8612	-30.976	28.4705	-2.63275
39	75	-24.8128	-31.2368	28.5565	-2.62395
39	76	-24.7508	-31.4946	28.6313	-2.61506
39	77	-24.6763	-31.7471	28.6949	-2.60614
39	78	-24.5915	-31.994	28.7491	-2.59725
39	79	-24.4979	-32.2364	28.7957	-2.58837
39	80	-24.3955	-32.475	28.8351	-2.57946
39	81	-24.2834	-32.7099	28.8666	-2.57051
39	82	-24.161	-32.9399	28.8891	-2.56152
39	83	-24.0287	-33.1637	28.9023	-2.55253
39	84	-23.8877	-33.3808	28.9068	-2.54358
39	85	-23.7391	-33.5916	28.9039	-2.53466
39	86	-23.5827	-33.797	28.8937	-2.52573
39	87	-23.4171	-33.9968	28.8751	-2.51677
39	88	-23.2408	-34.1895	28.846	-2.50777
39	89	-23.0537	-34.3728	28.8049	-2.4988
39	90	-22.8577	-34.5448	28.7522	-2.48992
39	91	-22.6554	-34.7058	28.6901	-2.48119
39	92	-22.4487	-34.8575	28.621	-2.47257
39	93	-22.2375	-35.0009	28.5454	-2.46404
39	94	-22.0222	-35.1375	28.4643	-2.45556
39	95	-21.8317	-35.2428	28.3843	-2.44844
39	96	-21.6623	-35.3293	28.3098	-2.44227
39	97	-21.5029	-35.39	28.2273	-2.43698
39	98	-21.3536	-35.4408	28.1468	-2.43217
39	99	-21.206	-35.468	28.0527	-2.42801
39	100	-21.0687	-35.5122	27.9781	-2.42361
39	101	-20.9352	-35.5038	27.8721	-2.42068
39	102	-20.7911	-35.4501	27.7286	-2.4187
39	103	-20.6368	-35.4109	27.587	-2.41607
39	104	-20.4822	-35.3571	27.4357	-2.4138
39	105	-20.3234	-35.3014	27.2802	-2.41145
39	106	-20.1638	-35.2405	27.1207	-2.4092
39	107	-20.0019	-35.1784	26.9589	-2.4069
39	108	-19.8387	-35.1122	26.7935	-2.40465
39	109	-19.6738	-35.0438	26.6255	-2.40238
39	110	-19.5085	-34.9721	26.455	-2.40018
39	111	-19.343	-34.8985	26.2833	-2.39799
39	112	-19.1791	-34.8221	26.1111	-2.3959
39	113	-19.0173	-34.745	25.9399	-2.39385
39	114	-18.8537	-34.666	25.7663	-2.39178
39	115	-18.6882	-34.5862	25.5909	-2.38965
39	116	-18.5212	-34.5047	25.4133	-2.3875
39	117	-18.3527	-34.4214	25.2335	-2.38534
39	118	-18.1837	-34.3346	25.051	-2.38323
39	119	-18.0146	-34.2446	24.8665	-2.38118
39	120	-17.8458	-34.1502	24.6792	-2.37924
39	121	-17.6781	-34.0536	24.4912	-2.37736
39	122	-17.5147	-33.9527	24.3034	-2.37571
39	123	-17.3538	-33.8505	24.1166	-2.37414
39	124	-17.2009	-33.7424	23.9315	-2.37295
39	125	-17.0576	-33.6267	23.7481	-2.37226
39	126	-16.9223	-33.5021	23.5643	-2.37206
39	127	-16.795	-33.3666	23.3785	-2.37244
39	128	-16.6737	-33.2187	23.1885	-2.37338
39	129	-16.5696	-33.0664	23.0079	-2.375
39	130	-16.4818	-32.9084	22.8351	-2.37732
39	131	-16.409	-32.744	22.6688	-2.38033
39	132	-16.3567	-32.5689	22.5104	-2.38436
39	133	-16.3105	-32.3911	22.3549	-2.38872
39	134	-16.2757	-32.2105	22.2063	-2.39358
39	135	-16.245	-32.0298	22.0612	-2.39864
39	136	-16.2196	-31.8494	21.9207	-2.40392
39	137	-16.2002	-31.6685	21.7851	-2.40946
39	138	-16.1826	-31.4881	21.6517	-2.41512
39	139	-16.172	-31.3063	21.5234	-2.4211
39	140	-16.1639	-31.1238	21.3973	-2.42726
39	141	-16.1634	-30.9411	21.2777	-2.43374
43	0	21.3671	-38.6566	30.3458	-0.789728
43	1	21.3298	-38.3794	30.1232	-0.78413
43	2	21.2771	-38.1024	29.8907	-0.778813
43	3	21.2066	-37.8292	29.649	-0.773924
43	4	21.1239	-37.5945	29.4259	-0.770184
43	5	21.0309	-37.3888	29.2161	-0.767347
43	6	20.9308	-37.2045	29.0161	-0.765169
43	7	20.8223	-37.0338	28.8197	-0.763507
43	8	20.6991	-36.8759	28.6215	-0.762497
43	9	20.5382	-36.7422	28.4128	-0.763006
43	10	20.327	-36.6316	28.1839	-0.765349
43	11	20.117	-36.5132	27.9505	-0.767498
43	12	19.9019	-36.402	27.7185	-0.769997
43	13	19.6861	-36.2946	27.4889	-0.77266
43	14	19.4723	-36.1906	27.2633	-0.775403
43	15	19.2617	-36.0891	27.042	-0.778173
43	16	19.0536	-35.9889	26.8236	-0.780959
43	17	18.8467	-35.8896	26.6068	-0.783783
43	18	18.6398	-35.7916	26.3912	-0.786685
43	19	18.4333	-35.6956	26.1775	-0.789683
43	20	18.228	-35.6022	25.9667	-0.792764
43	21	18.0249	-35.5107	25.7592	-0.795888
43	22	17.8239	-35.4205	25.5542	-0.799036
43	23	17.6242	-35.331	25.3509	-0.802221
43	24	17.4242	-35.243	25.1488	-0.805504
43	25	17.2234	-35.1575	24.9482	-0.808938
43	26	17.0245	-35.0762	24.7522	-0.812482
43	27	16.8282	-34.9996	24.5618	-0.816142
43	28	16.6341	-34.9293	24.3778	-0.819966
43	29	16.4418	-34.8641	24.1991	-0.823937
43	30	16.2515	-34.8046	24.0263	-0.828067
43	31	16.0626	-34.749	23.8578	-0.832322
43	32	15.872	-34.7008	23.6941	-0.836903
43	33	15.6769	-34.6647	23.537	-0.84203
43	34	15.4744	-34.6482	23.3902	-0.848017
43	35	15.2628	-34.655	23.2559	-0.855039
43	36	15.0408	-34.6852	23.1338	-0.863135
43	37	14.8333	-34.735	23.0376	-0.871384
43	38	14.636	-34.8001	22.9612	-0.879784
43	39	14.4482	-34.8819	22.9054	-0.888379
43	40	14.2659	-34.976	22.8643	-0.897164
43	41	14.0883	-35.0804	22.836	-0.906093
43	42	13.9119	-35.1882	22.813	-0.915096
43	43	13.7382	-35.302	22.7982	-0.924177
43	44	13.5655	-35.4175	22.7873	-0.933279
43	45	13.3961	-35.5357	22.7824	-0.942342
43	46	13.2297	-35.6546	22.7816	-0.951319
43	47	13.0683	-35.774	22.786	-0.960131
43	48	12.9092	-35.8948	22.7946	-0.968884
43	49	12.7537	-36.0166	22.8079	-0.97753
43	50	12.6017	-36.138	22.8244	-0.986028
43	51	12.4513	-36.263	22.8464	-0.994535
43	52	12.3062	-36.3915	22.8759	-1.00292
43	53	12.1651	-36.5182	22.9076	-1.01108
43	54	12.0324	-36.6523	22.9515	-1.01908
43	55	11.9036	-36.7857	22.9983	-1.02689
43	56	11.7865	-36.924	23.0566	-1.03435
43	57	11.6707	-37.0629	23.1175	-1.04172
43	58	11.5648	-37.2102	23.1918	-1.04887
43	59	11.4602	-37.3617	23.2716	-1.05601
43	60	11.3672	-37.531	23.3737	-1.06304
43	61	11.277	-37.7103	23.4871	-1.07011
43	62	11.2059	-37.8994	23.6194	-1.07659
43	63	11.1455	-38.0941	23.7626	-1.08272
43	64	11.1063	-38.2971	23.9238	-1.08814
43	65	11.0825	-38.5074	24.0994	-1.09307
43	66	11.0758	-38.7283	24.2927	-1.09749
43	67	11.0813	-38.9568	24.4988	-1.10154
43	68	11.0952	-39.189	24.7123	-1.10529
43	69	11.1114	-39.4193	24.9256	-1.10886
43	70	11.1334	-39.6424	25.1352	-1.11203
43	71	11.1548	-39.8583	25.3384	-1.11505
43	72	11.1777	-40.0645	25.5337	-1.11779
43	73	11.2041	-40.2676	25.728	-1.12033
43	74	11.2327	-40.469	25.9218	-1.12272
43	75	11.2629	-40.6689	26.1151	-1.12499
43	76	11.2974	-40.8671	26.3088	-1.12706
43	77	11.3348	-41.0644	26.5032	-1.12898
43	78	11.38	-41.2603	26.6996	-1.13058
43	79	11.4341	-41.4542	26.8981	-1.13184
43	80	11.5021	-41.6411	27.0962	-1.1325
43	81	11.5926	-41.8343	27.3095	-1.1325
43	82	11.6989	-42.007	27.511	-1.13166
43	83	11.7809	-42.1557	27.6805	-1.13127
43	84	11.9022	-42.275	27.8401	-1.12915
43	85	12.0328	-42.3967	28.0061	-1.12679
43	86	12.1948	-42.4753	28.1469	-1.12279
43	87	12.365	-42.5586	28.2959	-1.11865
43	88	12.5431	-42.6223	28.4313	-1.11399
43	89	12.7225	-42.6861	28.568	-1.10934
43	90	12.9334	-42.7517	28.7211	-1.10378
43	91	13.152	-42.8113	28.8732	-1.09795
43	92	13.3722	-42.8678	29.0244	-1.09208
43	93	13.5921	-42.9218	29.174	-1.08625
43	94	13.8114	-42.9711	29.3203	-1.08041
43	95	14.0305	-43.0168	29.4644	-1.07458
43	96	14.2513	-43.06	29.608	-1.06872
43	97	14.4733	-43.1015	29.7517	-1.06285
43	98	14.6961	-43.1409	29.895	-1.05698
43	99	14.9213	-43.1766	30.0373	-1.05103
43	100	15.1438	-43.209	30.1764	-1.04516
43	101	15.3643	-43.2381	30.3127	-1.03935
43	102	15.5819	-43.2649	30.4466	-1.03364
43	103	15.7966	-43.2908	30.5792	-1.02804
43	104	16.0114	-43.3147	30.7111	-1.02245
43	105	16.2257	-43.3356	30.8411	-1.01688
43	106	16.438	-43.3525	30.9676	-1.01133
43	107	16.6483	-43.3644	31.0898	-1.0058
43	108	16.8546	-43.3707	31.2061	-1.00033
43	109	17.0552	-43.374	31.3176	-0.994993
43	110	17.2514	-43.3737	31.4247	-0.98975
43	111	17.4425	-43.3728	31.5292	-0.98467
43	112	17.6298	-43.3696	31.6305	-0.97968
43	113	17.8145	-43.3637	31.729	-0.974742
43	114	17.9968	-43.3561	31.8254	-0.969869
43	115	18.1762	-43.3466	31.9194	-0.965064
43	116	18.3547	-43.3357	32.0124	-0.960285
43	117	18.5322	-43.3224	32.1036	-0.955519
43	118	18.7108	-43.3075	32.1949	-0.950722
43	119	18.8909	-43.2892	32.285	-0.945852
43	120	19.0723	-43.2674	32.3738	-0.940913
43	121	19.2546	-43.239	32.4588	-0.93586
43	122	19.439	-43.2093	32.5446	-0.930758
43	123	19.6196	-43.1622	32.6151	-0.925453
43	124	19.7986	-43.1102	32.6818	-0.92012
43	125	19.9578	-43.0155	32.7034	-0.914492
43	126	20.1145	-42.8993	32.7075	-0.908531
43	127	20.251	-42.7491	32.6736	-0.902408
43	128	20.3889	-42.5823	32.6288	-0.895924
43	129	20.5217	-42.3839	32.5577	-0.88893
43	130	20.6647	-42.149	32.4664	-0.880952
43	131	20.7985	-41.9071	32.366	-0.873005
43	132	20.9231	-41.657	32.2555	-0.865065
43	133	21.0342	-41.3977	32.1312	-0.8572
43	134	21.1286	-41.1316	31.9927	-0.849524
43	135	21.2064	-40.8626	31.843	-0.842108
43	136	21.2706	-40.5925	31.685	-0.83492
43	137	21.3235	-40.3208	31.5199	-0.82789
43	138	21.3651	-40.0461	31.3464	-0.820986
43	139	21.3933	-39.768	31.1629	-0.814243
43	140	21.4065	-39.4885	30.9693	-0.807738
43	141	21.4053	-39.2099	30.7678	-0.801507
43	142	21.3918	-38.933	30.56	-0.795521
44	0	-11.6477	-38.998	24.7987	-2.05985
44	1	-11.6565	-38.8197	24.6457	-2.06356
44	2	-11.6694	-38.6453	24.4983	-2.06739
44	3	-11.684	-38.4708	24.3521	-2.07134
44	4	-11.703	-38.2987	24.2103	-2.07544
44	5	-11.7237	-38.1303	24.0732	-2.07957
44	6	-11.746	-37.9666	23.9412	-2.08371
44	7	-11.7705	-37.8049	23.8126	-2.08794
44	8	-11.7997	-37.6468	23.6898	-2.09231
44	9	-11.8323	-37.4899	23.5703	-2.09683
44	10	-11.8735	-37.3382	23.4601	-2.10159
44	11	-11.9102	-37.1875	23.3489	-2.10622
44	12	-11.9678	-37.0421	23.2535	-2.11154
44	13	-12.0339	-36.8974	23.1639	-2.1172
44	14	-12.1119	-36.7505	23.0794	-2.1234
44	15	-12.206	-36.6022	23.0031	-2.13026
44	16	-12.3269	-36.458	22.9458	-2.13806
44	17	-12.4538	-36.3203	22.8985	-2.14597
44	18	-12.588	-36.1876	22.861	-2.15405
44	19	-12.7382	-36.0656	22.8426	-2.16248
44	20	-12.8939	-35.9431	22.8286	-2.17113
44	21	-13.0569	-35.8278	22.8264	-2.17988
44	22	-13.2208	-35.712	22.8261	-2.18867
44	23	-13.3881	-35.6006	22.8331	-2.19747
44	24	-13.5551	-35.4916	22.8437	-2.20619
44	25	-13.7245	-35.3882	22.8618	-2.21484
44	26	-13.8934	-35.2878	22.8838	-2.22338
44	27	-14.0629	-35.1927	22.912	-2.23177
44	28	-14.2308	-35.0987	22.9416	-2.24007
44	29	-14.4005	-35.0105	22.9785	-2.24824
44	30	-14.5696	-34.9232	23.0172	-2.25634
44	31	-14.7414	-34.8433	23.0649	-2.2643
44	32	-14.9134	-34.7671	23.1169	-2.27213
44	33	-15.0841	-34.6979	23.1749	-2.27968
44	34	-15.2523	-34.6338	23.2363	-2.28697
44	35	-15.4192	-34.5781	23.3045	-2.29394
44	36	-15.5834	-34.5239	23.373	-2.30075
44	37	-15.7505	-34.4867	23.4571	-2.30711
44	38	-15.9175	-34.4463	23.5399	-2.31352
44	39	-16.0928	-34.4294	23.6464	-2.31947
44	40	-16.2753	-34.4138	23.7596	-2.32554
44	41	-16.4515	-34.4205	23.8856	-2.33072
44	42	-16.6207	-34.4392	24.0159	-2.33529
44	43	-16.7877	-34.4735	24.1564	-2.3393
44	44	-16.9532	-34.5183	24.3038	-2.34291
44	45	-17.1194	-34.5685	24.4559	-2.34635
44	46	-17.2868	-34.6254	24.6139	-2.34959
44	47	-17.4561	-34.6859	24.7759	-2.35274
44	48	-17.6271	-34.752	24.9435	-2.35574
44	49	-17.7996	-34.821	25.1143	-2.35865
44	50	-17.9742	-34.8938	25.2896	-2.36148
44	51	-18.1535	-34.9679	25.4691	-2.36436
44	52	-18.3346	-35.0446	25.6522	-2.36719
44	53	-18.5175	-35.1255	25.8396	-2.36989
44	54	-18.6996	-35.209	26.0284	-2.37247
44	55	-18.8811	-35.2925	26.217	-2.375
44	56	-19.0616	-35.3764	26.4053	-2.37745
44	57	-19.241	-35.4613	26.5937	-2.37982
44	58	-19.4213	-35.5459	26.7825	-2.38218
44	59	-19.6022	-35.6326	26.9735	-2.38447
44	60	-19.7839	-35.7227	27.1676	-2.38665
44	61	-19.9664	-35.8154	27.364	-2.38875
44	62	-20.1502	-35.9097	27.5628	-2.39081
44	63	-20.3301	-36.0111	27.7635	-2.39256
44	64	-20.511	-36.1035	27.9589	-2.39455
44	65	-20.6414	-36.2229	28.1357	-2.39458
44	66	-20.7327	-36.3756	28.3065	-2.39282
44	67	-20.835	-36.5229	28.4817	-2.39147
44	68	-20.9239	-36.6846	28.6571	-2.38946
44	69	-21.0029	-36.8645	28.8378	-2.38678
44	70	-21.0734	-37.0698	29.0299	-2.38329
44	71	-21.1355	-37.3096	29.2402	-2.3788
44	72	-21.1883	-37.5942	29.4755	-2.37305
44	73	-21.2251	-37.883	29.7033	-2.36692
44	74	-21.2464	-38.1724	29.9216	-2.36051
44	75	-21.2546	-38.4605	30.1309	-2.35391
44	76	-21.2513	-38.748	30.333	-2.34715
44	77	-21.2355	-39.0367	30.5287	-2.34015
44	78	-21.2041	-39.3264	30.7157	-2.33286
44	79	-21.1548	-39.614	30.8907	-2.32527
44	80	-21.0893	-39.896	31.0522	-2.31752
44	81	-21.0113	-40.1715	31.2024	-2.30969
44	82	-20.9231	-40.4426	31.3443	-2.30178
44	83	-20.8238	-40.711	31.4789	-2.29374
44	84	-20.7108	-40.9765	31.6043	-2.2855
44	85	-20.5823	-41.2362	31.7173	-2.27707
44	86	-20.4397	-41.4869	31.8167	-2.26855
44	87	-20.2867	-41.7282	31.9044	-2.26001
44	88	-20.1254	-41.962	31.9835	-2.25148
44	89	-19.9565	-42.1898	32.0554	-2.24291
44	90	-19.8043	-42.3767	32.1077	-2.23557
44	91	-19.6651	-42.5318	32.1446	-2.22919
44	92	-19.53	-42.6565	32.1611	-2.22349
44	93	-19.4027	-42.765	32.1704	-2.2183
44	94	-19.2708	-42.8505	32.1594	-2.21343
44	95	-19.1373	-42.9235	32.1382	-2.20874
44	96	-19.0112	-43.0026	32.127	-2.20412
44	97	-18.8687	-43.0477	32.0793	-2.19971
44	98	-18.7001	-43.0618	31.9919	-2.19519
44	99	-18.5275	-43.0853	31.9104	-2.19037
44	100	-18.3496	-43.1027	31.8217	-2.1855
44	101	-18.167	-43.12	31.7309	-2.18048
44	102	-17.9799	-43.1365	31.6377	-2.17534
44	103	-17.7875	-43.1521	31.5416	-2.17004
44	104	-17.5923	-43.162	31.4402	-2.16473
44	105	-17.3952	-43.168	31.3353	-2.15941
44	106	-17.1971	-43.1686	31.2262	-2.15413
44	107	-16.9984	-43.1676	31.1164	-2.14881
44	108	-16.7987	-43.1638	31.0045	-2.14348
44	109	-16.5972	-43.1599	30.8925	-2.13807
44	110	-16.393	-43.1535	30.7778	-2.13259
44	111	-16.1878	-43.1442	30.6612	-2.12709
44	112	-15.9814	-43.1299	30.5405	-2.12159
44	113	-15.7758	-43.11	30.4164	-2.11618
44	114	-15.5712	-43.0848	30.2891	-2.11083
44	115	-15.367	-43.0561	30.1599	-2.10552
44	116	-15.1621	-43.0251	30.0292	-2.10017
44	117	-14.9552	-42.9922	29.8968	-2.09475
44	118	-14.7452	-42.9572	29.7619	-2.08923
44	119	-14.5322	-42.919	29.6236	-2.08363
44	120	-14.3186	-42.8767	29.4824	-2.07802
44	121	-14.1047	-42.8308	29.3389	-2.0724
44	122	-13.8906	-42.7825	29.194	-2.06677
44	123	-13.6751	-42.7332	29.0486	-2.06105
44	124	-13.4573	-42.6828	28.902	-2.05522
44	125	-13.2363	-42.6304	28.7533	-2.04927
44	126	-13.0146	-42.5707	28.5987	-2.04335
44	127	-12.8073	-42.4904	28.4332	-2.03814
44	128	-12.6076	-42.3963	28.2596	-2.03334
44	129	-12.4283	-42.2907	28.0854	-2.0293
44	130	-12.27	-42.1915	27.9265	-2.02579
44	131	-12.1391	-42.0796	27.7685	-2.02333
44	132	-12.028	-41.9527	27.6058	-2.02172
44	133	-11.9368	-41.8164	27.4434	-2.02089
44	134	-11.861	-41.6712	27.2797	-2.02071
44	135	-11.7932	-41.5108	27.1058	-2.02103
44	136	-11.7418	-41.3403	26.9299	-2.02206
44	137	-11.7134	-41.1643	26.7592	-2.02398
44	138	-11.6849	-40.9868	26.5872	-2.02593
44	139	-11.6672	-40.8059	26.417	-2.02834
44	140	-11.6509	-40.6233	26.246	-2.03086
44	141	-11.6411	-40.4394	26.077	-2.03365
44	142	-11.6327	-40.2556	25.909	-2.03653
44	143	-11.6291	-40.0739	25.7451	-2.03958
44	144	-11.6278	-39.8923	25.5826	-2.04274
44	145	-11.6291	-39.7118	25.4226	-2.04601
44	146	-11.6316	-39.533	25.2649	-2.04933
44	147	-11.6346	-39.3563	25.1096	-2.05268
44	148	-11.6394	-39.1774	24.9534	-2.05618
48	0	21.3358	-46.7854	36.5509	-0.947566
48	1	21.3019	-46.5327	36.3261	-0.944266
48	2	21.2552	-46.2802	36.0943	-0.94121
48	3	21.195	-46.03	35.8568	-0.938457
48	4	21.1225	-45.7839	35.6156	-0.936017
48	5	21.0394	-45.5425	35.372	-0.93386
48	6	20.9468	-45.3048	35.1258	-0.931956
48	7	20.8439	-45.0701	34.8761	-0.930313
48	8	20.729	-44.8393	34.6224	-0.928988
48	9	20.6007	-44.6149	34.366	-0.928071
48	10	20.4767	-44.4308	34.1443	-0.927746
48	11	20.3422	-44.2574	33.9248	-0.927853
48	12	20.2036	-44.1021	33.7174	-0.928384
48	13	20.0543	-43.9993	33.5457	-0.93011
48	14	19.8925	-43.9592	33.417	-0.933274
48	15	19.7224	-43.9529	33.311	-0.937265
48	16	19.5525	-43.9439	33.2034	-0.941229
48	17	19.37	-43.9555	33.1057	-0.94589
48	18	19.1852	-43.9712	33.0107	-0.950709
48	19	18.9975	-43.9872	32.9151	-0.955634
48	20	18.8066	-44.0055	32.8202	-0.960704
48	21	18.613	-44.0208	32.7223	-0.965822
48	22	18.4166	-44.0301	32.6187	-0.970937
48	23	18.2179	-44.0356	32.5115	-0.976076
48	24	18.0196	-44.0423	32.4064	-0.981261
48	25	17.8216	-44.0435	32.2977	-0.986376
48	26	17.6235	-44.0385	32.1847	-0.991424
48	27	17.4268	-44.0363	32.0755	-0.996519
48	28	17.232	-44.0302	31.965	-1.00153
48	29	17.0401	-44.0172	31.8509	-1.00639
48	30	16.8515	-43.9986	31.7347	-1.01109
48	31	16.6651	-43.9842	31.6239	-1.01585
48	32	16.4814	-43.9658	31.5118	-1.02049
48	33	16.3003	-43.9425	31.3976	-1.02502
48	34	16.1183	-43.9243	31.2879	-1.02969
48	35	15.937	-43.9046	31.178	-1.03435
48	36	15.758	-43.8812	31.0667	-1.03892
48	37	15.5828	-43.8557	30.9561	-1.04338
48	38	15.4078	-43.8322	30.8481	-1.0479
48	39	15.2344	-43.8098	30.7424	-1.05242
48	40	15.0638	-43.7851	30.6367	-1.05686
48	41	14.8964	-43.7573	30.5305	-1.06118
48	42	14.7279	-43.7313	30.4259	-1.0656
48	43	14.5598	-43.7063	30.323	-1.07006
48	44	14.394	-43.6802	30.2208	-1.07445
48	45	14.2323	-43.6512	30.1186	-1.07872
48	46	14.0699	-43.628	30.0217	-1.08312
48	47	13.9092	-43.6038	29.9253	-1.08748
48	48	13.7513	-43.5785	29.8298	-1.09178
48	49	13.5912	-43.5577	29.7378	-1.09623
48	50	13.4308	-43.5393	29.6484	-1.10076
48	51	13.2713	-43.5235	29.5625	-1.10533
48	52	13.1142	-43.5105	29.4806	-1.10989
48	53	12.9597	-43.4982	29.4011	-1.11441
48	54	12.8088	-43.4863	29.3242	-1.11885
48	55	12.661	-43.4765	29.2512	-1.12325
48	56	12.5175	-43.4727	29.186	-1.12763
48	57	12.3869	-43.4913	29.1471	-1.13195
48	58	12.2652	-43.5351	29.1352	-1.13637
48	59	12.166	-43.6194	29.1702	-1.14067
48	60	12.0803	-43.7277	29.2332	-1.14488
48	61	12.016	-43.8443	29.313	-1.14852
48	62	11.9697	-43.9682	29.4072	-1.15169
48	63	11.937	-44.1176	29.5305	-1.15476
48	64	11.9189	-44.2742	29.6665	-1.15745
48	65	11.91	-44.4356	29.8108	-1.1599
48	66	11.8956	-44.5994	29.9553	-1.16252
48	67	11.8846	-44.7664	30.1043	-1.16506
48	68	11.8764	-44.9362	30.2573	-1.16752
48	69	11.8712	-45.1084	30.4137	-1.1699
48	70	11.8686	-45.2824	30.573	-1.1722
48	71	11.8646	-45.459	30.7343	-1.17455
48	72	11.8596	-45.639	30.8984	-1.17695
48	73	11.8559	-45.8221	31.0662	-1.17932
48	74	11.8538	-46.0078	31.2371	-1.18165
48	75	11.853	-46.1951	31.4102	-1.18393
48	76	11.8521	-46.3835	31.5845	-1.18621
48	77	11.8518	-46.5731	31.7602	-1.18846
48	78	11.8519	-46.7642	31.9375	-1.19069
48	79	11.8519	-46.9569	32.1166	-1.19292
48	80	11.8533	-47.1514	32.2979	-1.1951
48	81	11.8568	-47.347	32.4813	-1.19721
48	82	11.8618	-47.5434	32.666	-1.19926
48	83	11.8668	-47.74	32.8511	-1.20129
48	84	11.8726	-47.9372	33.0371	-1.20328
48	85	11.8794	-48.1352	33.2244	-1.20523
48	86	11.8875	-48.3345	33.4135	-1.20714
48	87	11.8977	-48.5351	33.6046	-1.20898
48	88	11.91	-48.7364	33.7974	-1.21075
48	89	11.9239	-48.938	33.9909	-1.21245
48	90	11.9377	-49.1395	34.1846	-1.21414
48	91	11.9519	-49.3414	34.3787	-1.21581
48	92	11.9663	-49.5443	34.574	-1.21745
48	93	11.9816	-49.7488	34.7712	-1.21908
48	94	11.9984	-49.9549	34.9706	-1.22066
48	95	12.0171	-50.1624	35.1719	-1.22218
48	96	12.0375	-50.3706	35.3746	-1.22365
48	97	12.0566	-50.5796	35.5777	-1.22514
48	98	12.073	-50.7901	35.7814	-1.2267
48	99	12.0955	-51.004	35.9904	-1.22812
48	100	12.1409	-51.1835	36.1746	-1.22861
48	101	12.2074	-51.3408	36.3452	-1.22834
48	102	12.2838	-51.4933	36.5144	-1.22777
48	103	12.3673	-51.6405	36.6812	-1.22697
48	104	12.4598	-51.7823	36.8459	-1.22591
48	105	12.5648	-51.9198	37.0109	-1.22449
48	106	12.6851	-52.0565	37.1803	-1.2227
48	107	12.8348	-52.1871	37.3542	-1.22012
48	108	13.0153	-52.3192	37.5405	-1.21682
48	109	13.2022	-52.4432	37.7218	-1.21331
48	110	13.3947	-52.5601	37.899	-1.20963
48	111	13.5935	-52.6697	38.072	-1.20576
48	112	13.7991	-52.7704	38.2398	-1.20168
48	113	14.0114	-52.8604	38.4007	-1.19737
48	114	14.2289	-52.9384	38.5531	-1.19285
48	115	14.45	-53.0046	38.6966	-1.18817
48	116	14.6734	-53.0602	38.8321	-1.18337
48	117	14.8986	-53.1066	38.9606	-1.17847
48	118	15.1262	-53.1443	39.0829	-1.17346
48	119	15.3564	-53.1727	39.1987	-1.16832
48	120	15.5892	-53.1906	39.3069	-1.16305
48	121	15.8233	-53.1971	39.4063	-1.15766
48	122	16.0575	-53.1924	39.4966	-1.15219
48	123	16.291	-53.1778	39.5787	-1.14664
48	124	16.5241	-53.1541	39.6537	-1.14104
48	125	16.7572	-53.1212	39.7216	-1.13536
48	126	16.9905	-53.078	39.7815	-1.12959
48	127	17.2232	-53.0225	39.8314	-1.12371
48	128	17.4534	-52.9539	39.8697	-1.11776
48	129	17.6793	-52.8729	39.8965	-1.11178
48	130	17.9002	-52.7816	39.9133	-1.1058
48	131	18.1167	-52.682	39.922	-1.09984
48	132	18.3298	-52.5746	39.9237	-1.09386
48	133	18.5399	-52.4587	39.9179	-1.08785
48	134	18.7463	-52.3328	39.903	-1.08181
48	135	18.9473	-52.1965	39.8777	-1.07575
48	136	19.1414	-52.0503	39.842	-1.06972
48	137	19.3283	-51.8959	39.7971	-1.06374
48	138	19.5086	-51.7343	39.7441	-1.0578
48	139	19.6812	-51.5639	39.6811	-1.0519
48	140	19.8496	-51.3876	39.6122	-1.046
48	141	20.0117	-51.2035	39.5347	-1.04012
48	142	20.1657	-51.0116	39.4479	-1.03429
48	143	20.3109	-50.8132	39.3522	-1.02854
48	144	20.4476	-50.6098	39.2491	-1.02288
48	145	20.5768	-50.4016	39.1394	-1.0173
48	146	20.6991	-50.1881	39.0226	-1.01175
48	147	20.8137	-49.9682	38.8976	-1.00626
48	148	20.9188	-49.7415	38.7628	-1.00084
48	149	21.0126	-49.509	38.6182	-0.995543
48	150	21.0948	-49.2725	38.465	-0.990406
48	151	21.1663	-49.0336	38.3049	-0.985424
48	152	21.2285	-48.7923	38.1386	-0.980568
48	153	21.2817	-48.5477	37.9655	-0.975819
48	154	21.3247	-48.2992	37.7841	-0.971191
48	155	21.3555	-48.0471	37.5938	-0.966731
48	156	21.3731	-47.7935	37.3954	-0.96249
48	157	21.3784	-47.5403	37.1909	-0.958483
48	158	21.3732	-47.2883	36.9821	-0.954682
48	159	21.3591	-47.0371	36.769	-0.951048
49	0	-12.1313	-46.5345	31.8317	-1.96188
49	1	-12.1248	-46.3406	31.65	-1.96402
49	2	-12.1189	-46.1465	31.4685	-1.96621
49	3	-12.1141	-45.9523	31.2876	-1.96846
49	4	-12.1104	-45.7585	31.1075	-1.97076
49	5	-12.1065	-45.5653	30.9281	-1.97308
49	6	-12.1031	-45.3723	30.7493	-1.97544
49	7	-12.0986	-45.1793	30.5701	-1.97778
49	8	-12.0932	-44.9858	30.3904	-1.98014
49	9	-12.0865	-44.7905	30.2087	-1.98251
49	10	-12.0816	-44.5934	30.0262	-1.98499
49	11	-12.0803	-44.3951	29.8443	-1.98762
49	12	-12.0852	-44.1974	29.6655	-1.99047
49	13	-12.1004	-44.0063	29.4973	-1.99358
49	14	-12.1244	-43.8392	29.355	-1.99666
49	15	-12.1589	-43.6969	29.2398	-1.99975
49	16	-12.2013	-43.5758	29.1474	-2.0028
49	17	-12.2538	-43.459	29.0635	-2.00612
49	18	-12.3101	-43.3562	28.9942	-2.00938
49	19	-12.3866	-43.2784	28.9564	-2.01291
49	20	-12.5078	-43.2416	28.9753	-2.01724
49	21	-12.639	-43.2359	29.0271	-2.0214
49	22	-12.7979	-43.2565	29.1151	-2.026
49	23	-12.9596	-43.2848	29.2119	-2.03055
49	24	-13.1257	-43.3108	29.3092	-2.03523
49	25	-13.296	-43.3333	29.406	-2.04007
49	26	-13.4697	-43.3552	29.5044	-2.04498
49	27	-13.6451	-43.3824	29.609	-2.04983
49	28	-13.8222	-43.4091	29.7148	-2.05471
49	29	-14.0026	-43.4349	29.8218	-2.05966
49	30	-14.1856	-43.4644	29.9342	-2.0646
49	31	-14.3719	-43.4928	30.0479	-2.06961
49	32	-14.5611	-43.5203	30.163	-2.07468
49	33	-14.7516	-43.552	30.2831	-2.07968
49	34	-14.9429	-43.5833	30.4039	-2.08468
49	35	-15.1337	-43.6136	30.5246	-2.08963
49	36	-15.3226	-43.6474	30.6479	-2.09444
49	37	-15.5097	-43.6793	30.7695	-2.09919
49	38	-15.6954	-43.7063	30.8867	-2.10394
49	39	-15.8841	-43.7252	30.9993	-2.10887
49	40	-16.0754	-43.7363	31.1072	-2.11397
49	41	-16.2686	-43.7405	31.2111	-2.1192
49	42	-16.4635	-43.7413	31.3138	-2.12449
49	43	-16.6599	-43.7436	31.4195	-2.12977
49	44	-16.8583	-43.7459	31.5271	-2.13507
49	45	-17.0591	-43.7493	31.6379	-2.14037
49	46	-17.2621	-43.751	31.7493	-2.14573
49	47	-17.4668	-43.7514	31.8614	-2.15112
49	48	-17.6717	-43.7575	31.9792	-2.15637
49	49	-17.878	-43.758	32.0941	-2.16172
49	50	-18.0848	-43.749	32.2023	-2.16721
49	51	-18.292	-43.729	32.3026	-2.17286
49	52	-18.5001	-43.7	32.3972	-2.17866
49	53	-18.7101	-43.6765	32.4983	-2.18438
49	54	-18.8755	-43.7065	32.6184	-2.188
49	55	-19.0049	-43.7855	32.7577	-2.18982
49	56	-19.1205	-43.8794	32.9013	-2.19103
49	57	-19.2261	-43.985	33.0486	-2.19177
49	58	-19.329	-44.1007	33.2026	-2.19226
49	59	-19.4297	-44.2336	33.3692	-2.1924
49	60	-19.529	-44.3905	33.5546	-2.19208
49	61	-19.6282	-44.5788	33.7655	-2.19122
49	62	-19.7289	-44.8055	34.0085	-2.18976
49	63	-19.8165	-45.0365	34.2475	-2.18793
49	64	-19.8923	-45.2695	34.4815	-2.18581
49	65	-19.9581	-45.5034	34.7106	-2.18347
49	66	-20.015	-45.7387	34.9359	-2.18093
49	67	-20.0628	-45.9761	35.1581	-2.17817
49	68	-20.1002	-46.2164	35.3768	-2.17517
49	69	-20.1253	-46.4588	35.5908	-2.17188
49	70	-20.137	-46.7017	35.798	-2.16831
49	71	-20.136	-46.9431	35.9972	-2.16451
49	72	-20.1237	-47.1819	36.1886	-2.16054
49	73	-20.1018	-47.4185	36.3733	-2.15642
49	74	-20.0707	-47.6535	36.5523	-2.15216
49	75	-20.0295	-47.8875	36.7256	-2.14772
49	76	-19.977	-48.12	36.8922	-2.14309
49	77	-19.912	-48.3495	37.0504	-2.13826
49	78	-19.8348	-48.5742	37.1988	-2.13327
49	79	-19.7471	-48.7929	37.3375	-2.12816
49	80	-19.6507	-49.0056	37.4676	-2.12297
49	81	-19.5467	-49.2133	37.5904	-2.11771
49	82	-19.4349	-49.4168	37.7066	-2.11237
49	83	-19.314	-49.6162	37.8157	-2.10692
49	84	-19.1826	-49.8105	37.9162	-2.10132
49	85	-19.0398	-49.9977	38.0061	-2.09559
49	86	-18.8866	-50.1762	38.0844	-2.08976
49	87	-18.7265	-50.3462	38.1533	-2.0839
49	88	-18.5563	-50.503	38.207	-2.07801
49	89	-18.3802	-50.6506	38.2511	-2.07211
49	90	-18.199	-50.7905	38.2874	-2.0662
49	91	-18.0118	-50.9229	38.3156	-2.06026
49	92	-17.8176	-51.0468	38.3344	-2.05427
49	93	-17.6162	-51.1602	38.3418	-2.04825
49	94	-17.4085	-51.2613	38.3369	-2.04222
49	95	-17.1964	-51.3498	38.32	-2.03624
49	96	-16.9817	-51.4265	38.2929	-2.03033
49	97	-16.7654	-51.4933	38.2575	-2.02449
49	98	-16.5475	-51.5515	38.2149	-2.0187
49	99	-16.327	-51.6011	38.1648	-2.01293
49	100	-16.1034	-51.641	38.1058	-2.00718
49	101	-15.8764	-51.6689	38.0358	-2.00146
49	102	-15.6472	-51.6828	37.9533	-1.99582
49	103	-15.4179	-51.6818	37.8584	-1.99031
49	104	-15.1905	-51.6668	37.7526	-1.98497
49	105	-14.9659	-51.6398	37.6381	-1.9798
49	106	-14.7442	-51.6029	37.5165	-1.97477
49	107	-14.5247	-51.5569	37.3884	-1.96985
49	108	-14.3069	-51.5015	37.2531	-1.96504
49	109	-14.091	-51.4355	37.1097	-1.96035
49	110	-13.8783	-51.358	36.9576	-1.95583
49	111	-13.6704	-51.2686	36.797	-1.9515
49	112	-13.4689	-51.1677	36.6288	-1.94742
49	113	-13.3025	-51.0673	36.4744	-1.94419
49	114	-13.1651	-50.9637	36.3279	-1.94171
49	115	-13.0537	-50.8523	36.1838	-1.93995
49	116	-12.9541	-50.7404	36.0435	-1.9385
49	117	-12.8627	-50.6251	35.9031	-1.93728
49	118	-12.7758	-50.505	35.7598	-1.93621
49	119	-12.6908	-50.3796	35.6124	-1.93524
49	120	-12.6088	-50.2481	35.4603	-1.9344
49	121	-12.5376	-50.1048	35.3011	-1.93396
49	122	-12.4834	-49.933	35.1212	-1.93426
49	123	-12.4473	-49.7287	34.9174	-1.93537
49	124	-12.419	-49.5244	34.7165	-1.93671
49	125	-12.3885	-49.3221	34.5166	-1.93798
49	126	-12.3578	-49.1213	34.3182	-1.93924
49	127	-12.3285	-48.9224	34.1222	-1.94054
49	128	-12.3012	-48.7239	33.9273	-1.9419
49	129	-12.2754	-48.5255	33.733	-1.94332
49	130	-12.2504	-48.3265	33.5387	-1.94479
49	131	-12.2264	-48.1263	33.3436	-1.94631
49	132	-12.2044	-47.9248	33.1481	-1.94792
49	133	-12.1853	-47.7223	32.9528	-1.94965
49	134	-12.1701	-47.5199	32.7593	-1.9515
49	135	-12.1588	-47.3189	32.5685	-1.95347
49	136	-12.1504	-47.1201	32.3809	-1.95553
49	137	-12.1436	-46.9234	32.1962	-1.95762
49	138	-12.1374	-46.7285	32.0134	-1.95974
