# CellID	NodeIndex	X	Y	R	Theta
8	0	43.5694	12.8099	42.3108	-0.00998127
8	1	43.7401	13.0408	42.4798	-0.0045063
8	2	43.8962	13.2785	42.6355	0.00108615
8	3	44.0405	13.5219	42.7808	0.00677094
8	4	44.1743	13.7723	42.917	0.0125849
8	5	44.2958	14.0317	43.0425	0.0185751
8	6	44.4017	14.2995	43.1542	0.0247337
8	7	44.4903	14.5721	43.2503	0.030985
8	8	44.5637	14.8465	43.333	0.037261
8	9	44.6248	15.1222	43.4052	0.0435567
8	10	44.6745	15.4009	43.4679	0.0499133
8	11	44.711	15.684	43.5194	0.0563682
8	12	44.7314	15.9704	43.5568	0.0629061
8	13	44.7349	16.2568	43.5792	0.0694601
8	14	44.7236	16.5409	43.5886	0.0759815
8	15	44.6999	16.8233	43.5873	0.0824828
8	16	44.6636	17.1058	43.5754	0.0890119
8	17	44.6117	17.389	43.5498	0.0955954
8	18	44.5408	17.6704	43.5071	0.102188
8	19	44.4513	17.9452	43.447	0.108692
8	20	44.3472	18.2115	43.3733	0.115054
8	21	44.2321	18.4705	43.2894	0.121305
8	22	44.1064	18.7248	43.1963	0.1275
8	23	43.968	18.975	43.0917	0.133666
8	24	43.8145	19.2188	42.9728	0.139766
8	25	43.6464	19.4526	42.8397	0.145717
8	26	43.4671	19.6749	42.6953	0.151479
8	27	43.2792	19.8873	42.5423	0.157081
8	28	43.0827	20.0921	42.3809	0.162577
8	29	42.8752	20.2892	42.2086	0.167982
8	30	42.6543	20.4758	42.0226	0.173239
8	31	42.4211	20.6478	41.8231	0.178251
8	32	42.1798	20.8037	41.6137	0.182967
8	33	41.9332	20.9458	41.3975	0.187426
8	34	41.6815	21.0766	41.1749	0.191687
8	35	41.4234	21.1966	40.9447	0.195764
8	36	41.1585	21.3046	40.7062	0.199633
8	37	40.9243	21.3904	40.4939	0.202855
8	38	40.7141	21.4581	40.3018	0.205552
8	39	40.5202	21.5109	40.1228	0.207826
8	40	40.3351	21.5525	39.9504	0.209802
8	41	40.1507	21.584	39.7767	0.21154
8	42	39.9589	21.607	39.594	0.213127
8	43	39.7484	21.6203	39.3911	0.214587
8	44	39.4974	21.62	39.1459	0.215944
8	45	39.2132	21.6375	38.8721	0.21795
8	46	38.9888	21.6089	38.6469	0.218485
8	47	38.7934	21.5349	38.44	0.217705
8	48	38.6159	21.4426	38.2468	0.216353
8	49	38.4526	21.3348	38.0643	0.214508
8	50	38.2948	21.2225	37.8862	0.212498
8	51	38.1443	21.1023	37.7139	0.210223
8	52	37.996	20.9783	37.5431	0.207817
8	53	37.8503	20.8495	37.3741	0.20525
8	54	37.7045	20.7156	37.2042	0.202526
8	55	37.5617	20.575	37.0361	0.199583
8	56	37.4194	20.433	36.8687	0.196573
8	57	37.2823	20.2844	36.7054	0.193331
8	58	37.1475	20.1354	36.5447	0.19004
8	59	37.0166	19.9826	36.3875	0.186595
8	60	36.8865	19.8301	36.2316	0.183124
8	61	36.7597	19.6767	36.0792	0.179584
8	62	36.633	19.5212	35.927	0.175957
8	63	36.5086	19.3633	35.7772	0.17222
8	64	36.3872	19.2009	35.6299	0.168313
8	65	36.2695	19.0367	35.4867	0.164307
8	66	36.1605	18.8708	35.3523	0.160182
8	67	36.0543	18.7059	35.2215	0.15604
8	68	35.9583	18.5388	35.101	0.151763
8	69	35.8621	18.3732	34.9813	0.147497
8	70	35.7779	18.2021	34.8732	0.143
8	71	35.6945	18.0304	34.7665	0.138455
8	72	35.6283	17.8494	34.6764	0.133547
8	73	35.5731	17.659	34.5968	0.128305
8	74	35.5444	17.4528	34.5425	0.122491
8	75	35.5428	17.216	34.5128	0.115688
8	76	35.5812	16.9323	34.5193	0.107396
8	77	35.5748	16.6934	34.4882	0.100528
8	78	35.5466	16.4849	34.4398	0.0945878
8	79	35.529	16.2903	34.4045	0.0890043
8	80	35.5299	16.0996	34.389	0.083479
8	81	35.533	15.9071	34.3765	0.0778895
8	82	35.5627	15.709	34.3913	0.0720805
8	83	35.5997	15.5138	34.4147	0.0663451
8	84	35.6676	15.3263	34.4706	0.0607885
8	85	35.7481	15.139	34.54	0.0552348
8	86	35.8444	14.9587	34.6268	0.0498798
8	87	35.9421	14.7795	34.7159	0.0445837
8	88	36.046	14.6042	34.8123	0.0394226
8	89	36.1491	14.4288	34.9089	0.0342843
8	90	36.255	14.255	35.0092	0.029218
8	91	36.3637	14.081	35.1133	0.0241745
8	92	36.4758	13.9086	35.2216	0.0192047
8	93	36.5888	13.7381	35.3317	0.0143202
8	94	36.7003	13.5692	35.4412	0.00950934
8	95	36.8112	13.4025	35.5509	0.00478954
8	96	36.9242	13.2387	35.6635	0.000183484
8	97	37.038	13.076	35.7776	-0.00436589
8	98	37.1523	12.9132	35.893	-0.00888758
8	99	37.2679	12.7509	36.0104	-0.0133659
8	100	37.3849	12.5903	36.1299	-0.0177671
8	101	37.5024	12.4323	36.2505	-0.0220691
8	102	37.6196	12.2775	36.3714	-0.0262512
8	103	37.7361	12.1261	36.4921	-0.0303141
8	104	37.8521	11.978	36.6129	-0.0342623
8	105	37.9669	11.832	36.7329	-0.0381276
8	106	38.0847	11.691	36.8562	-0.0418278
8	107	38.2006	11.5514	36.9781	-0.0454689
8	108	38.323	11.421	37.1065	-0.0488291
8	109	38.4429	11.2931	37.2328	-0.052104
8	110	38.5703	11.1782	37.366	-0.0549979
8	111	38.6994	11.0754	37.5008	-0.0575451
8	112	38.8165	10.9669	37.6241	-0.060245
8	113	38.9512	10.9019	37.7625	-0.06175
8	114	39.1158	10.876	37.9283	-0.0621628
8	115	39.2856	10.8382	38.1001	-0.0628767
8	116	39.472	10.8175	38.2875	-0.0631097
8	117	39.6815	10.8117	38.497	-0.0629157
8	118	39.9212	10.8234	38.7355	-0.0622258
8	119	40.2012	10.856	39.0129	-0.0609463
8	120	40.4823	10.9053	39.2905	-0.0592584
8	121	40.7609	10.9723	39.5648	-0.0571495
8	122	41.0334	11.0556	39.8322	-0.0546726
8	123	41.2991	11.1518	40.0924	-0.0519125
8	124	41.5597	11.2598	40.3473	-0.0489057
8	125	41.8164	11.3808	40.5979	-0.0456205
8	126	42.0677	11.5171	40.843	-0.042004
8	127	42.3102	11.6691	41.0792	-0.0380591
8	128	42.5417	11.8338	41.3047	-0.033862
8	129	42.7633	12.0079	41.5206	-0.0294915
8	130	42.9771	12.1905	41.7294	-0.0249662
8	131	43.1843	12.3835	41.9322	-0.0202412
8	132	43.3831	12.5898	42.1273	-0.0152507
9	0	-28.3722	55.3445	51.4933	2.18398
9	1	-28.4284	55.5419	51.6871	2.18267
9	2	-28.4938	55.7384	51.8855	2.18153
9	3	-28.5652	55.9325	52.0855	2.18051
9	4	-28.6421	56.1222	52.2851	2.17964
9	5	-28.72	56.308	52.482	2.17883
9	6	-28.8	56.489	52.6764	2.17812
9	7	-28.8835	56.6713	52.8737	2.17745
9	8	-28.974	56.8534	53.0749	2.17689
9	9	-29.0697	57.0358	53.2793	2.17642
9	10	-29.1733	57.2159	53.4864	2.17609
9	11	-29.2835	57.3925	53.6943	2.17591
9	12	-29.4006	57.5638	53.9018	2.17589
9	13	-29.5233	57.7302	54.1084	2.176
9	14	-29.6491	57.8919	54.313	2.17621
9	15	-29.7793	58.0501	54.5172	2.17653
9	16	-29.9118	58.205	54.72	2.1769
9	17	-30.0494	58.3551	54.9218	2.17741
9	18	-30.191	58.5012	55.1225	2.17801
9	19	-30.3384	58.6401	55.3207	2.17876
9	20	-30.489	58.7725	55.5154	2.17963
9	21	-30.6422	58.8972	55.7054	2.1806
9	22	-30.7963	59.0156	55.8907	2.18165
9	23	-30.9509	59.1286	56.072	2.18275
9	24	-31.1052	59.2377	56.25	2.18388
9	25	-31.2616	59.3403	56.4239	2.1851
9	26	-31.4195	59.4364	56.5935	2.1864
9	27	-31.5752	59.5343	56.7634	2.18765
9	28	-31.7444	59.5753	56.8948	2.18966
9	29	-31.9191	59.6036	57.0193	2.19187
9	30	-32.0977	59.5978	57.1188	2.19447
9	31	-32.2806	59.5869	57.2169	2.19717
9	32	-32.4723	59.5584	57.3065	2.20018
9	33	-32.679	59.5093	57.3888	2.20359
9	34	-32.9071	59.435	57.4642	2.20756
9	35	-33.1677	59.3362	57.5404	2.21222
9	36	-33.4252	59.2247	57.6057	2.21696
9	37	-33.6797	59.099	57.6593	2.22179
9	38	-33.9277	58.9556	57.6963	2.22672
9	39	-34.1647	58.7953	57.7144	2.23167
9	40	-34.3886	58.622	57.7158	2.23657
9	41	-34.6011	58.4392	57.7039	2.24143
9	42	-34.8047	58.247	57.6806	2.24626
9	43	-34.9997	58.0433	57.6442	2.25111
9	44	-35.1833	57.8261	57.5915	2.25596
9	45	-35.3516	57.5969	57.5212	2.26075
9	46	-35.5036	57.3596	57.4355	2.26542
9	47	-35.6416	57.1174	57.3384	2.26997
9	48	-35.7686	56.8705	57.2317	2.27445
9	49	-35.8851	56.6169	57.1143	2.27888
9	50	-35.9887	56.3545	56.9829	2.28325
9	51	-36.0753	56.084	56.8354	2.28752
9	52	-36.143	55.8092	56.6731	2.2916
9	53	-36.1936	55.5337	56.4999	2.29549
9	54	-36.2301	55.2578	56.318	2.29923
9	55	-36.2537	54.98	56.1268	2.30284
9	56	-36.2623	54.6988	55.9237	2.30631
9	57	-36.2523	54.4154	55.7071	2.30959
9	58	-36.2223	54.1338	55.479	2.31261
9	59	-36.1752	53.8577	55.2438	2.31536
9	60	-36.1145	53.5869	55.0037	2.31788
9	61	-36.042	53.3197	54.7586	2.32023
9	62	-35.9563	53.0545	54.5061	2.32239
9	63	-35.8544	52.7923	54.2451	2.32432
9	64	-35.735	52.5365	53.977	2.32595
9	65	-35.6003	52.2904	53.7055	2.32726
9	66	-35.4538	52.054	53.433	2.3283
9	67	-35.2968	51.8253	53.159	2.32911
9	68	-35.128	51.603	52.8815	2.32969
9	69	-34.9442	51.3883	52.5993	2.32996
9	70	-34.744	51.1855	52.3143	2.32985
9	71	-34.5304	50.9985	52.0317	2.32935
9	72	-34.3087	50.8272	51.7549	2.32852
9	73	-34.0815	50.6694	51.4841	2.32742
9	74	-33.8792	50.5468	51.2561	2.32619
9	75	-33.6941	50.452	51.0603	2.32482
9	76	-33.5196	50.3795	50.888	2.3233
9	77	-33.3507	50.3231	50.7315	2.32163
9	78	-33.1821	50.2838	50.5879	2.31972
9	79	-33.0122	50.264	50.4578	2.31752
9	80	-32.8426	50.2894	50.3614	2.31471
9	81	-32.6623	50.3608	50.2922	2.31111
9	82	-32.4857	50.4494	50.2388	2.30733
9	83	-32.3126	50.5416	50.1912	2.30354
9	84	-32.1421	50.6348	50.1468	2.29976
9	85	-31.9742	50.728	50.1048	2.29603
9	86	-31.8085	50.8207	50.0647	2.29232
9	87	-31.6447	50.9138	50.0267	2.28863
9	88	-31.48	51.009	49.9904	2.2849
9	89	-31.3155	51.1076	49.9575	2.28112
9	90	-31.151	51.2077	49.9265	2.27731
9	91	-30.9893	51.311	49.9005	2.2735
9	92	-30.8301	51.4149	49.8773	2.26972
9	93	-30.6749	51.5207	49.8587	2.26597
9	94	-30.5214	51.626	49.8416	2.26226
9	95	-30.3696	51.7323	49.827	2.25855
9	96	-30.2172	51.8384	49.8126	2.25483
9	97	-30.0654	51.9471	49.8013	2.25109
9	98	-29.913	52.0566	49.791	2.24733
9	99	-29.7635	52.1704	49.7864	2.24356
9	100	-29.6154	52.2839	49.7833	2.23981
9	101	-29.473	52.4004	49.7866	2.23611
9	102	-29.3349	52.5165	49.7931	2.23249
9	103	-29.202	52.6328	49.8034	2.22895
9	104	-29.0764	52.7519	49.8211	2.2255
9	105	-28.9526	52.8686	49.8386	2.2221
9	106	-28.838	52.9909	49.8667	2.21879
9	107	-28.7254	53.1124	49.8959	2.21552
9	108	-28.6246	53.2421	49.9392	2.21234
9	109	-28.5285	53.3725	49.9865	2.20924
9	110	-28.4354	53.5044	50.0371	2.20617
9	111	-28.3691	53.6529	50.1175	2.20335
9	112	-28.2987	53.8104	50.2031	2.20037
9	113	-28.2689	53.9917	50.3322	2.19777
9	114	-28.2383	54.1846	50.4706	2.19503
9	115	-28.2309	54.3766	50.6222	2.1927
9	116	-28.2337	54.5672	50.7789	2.19056
9	117	-28.2497	54.7583	50.9439	2.18863
9	118	-28.2812	54.9519	51.12	2.18694
9	119	-28.3217	55.1477	51.3033	2.18538
17	0	37.8422	8.86701	36.841	-0.118766
17	1	37.9494	9.13824	36.9164	-0.111127
17	2	38.0465	9.41262	36.9836	-0.103462
17	3	38.1178	9.65905	37.0298	-0.0966441
17	4	38.1658	9.88724	37.0564	-0.0903898
17	5	38.1922	10.1045	37.0637	-0.0844885
17	6	38.1933	10.3155	37.0476	-0.0788094
17	7	38.1515	10.5121	36.9909	-0.0736019
17	8	38.0601	10.7001	36.8864	-0.068699
17	9	37.9402	10.8831	36.7546	-0.0639581
17	10	37.817	11.0613	36.6206	-0.0593157
17	11	37.6952	11.2385	36.489	-0.054665
17	12	37.5742	11.4147	36.3589	-0.0500098
17	13	37.4513	11.5888	36.2279	-0.0453792
17	14	37.3274	11.7618	36.0966	-0.0407461
17	15	37.2053	11.9354	35.9679	-0.036062
17	16	37.0826	12.1069	35.8395	-0.0314035
17	17	36.9602	12.276	35.7123	-0.0267774
17	18	36.8362	12.4412	35.5843	-0.022232
17	19	36.7161	12.6071	35.4609	-0.0176279
17	20	36.6007	12.7758	35.343	-0.0129145
17	21	36.4865	12.945	35.227	-0.00815421
17	22	36.3697	13.1116	35.1092	-0.00343634
17	23	36.2535	13.2767	34.9928	0.00127193
17	24	36.1385	13.4402	34.8784	0.00596233
17	25	36.0244	13.6016	34.7657	0.0106252
17	26	35.9107	13.7613	34.6541	0.0152672
17	27	35.7973	13.9197	34.5434	0.0199041
17	28	35.6822	14.076	34.4319	0.0245077
17	29	35.5666	14.2304	34.3204	0.029089
17	30	35.4475	14.38	34.206	0.0335615
17	31	35.3299	14.5246	34.0937	0.0379155
17	32	35.211	14.6617	33.9803	0.0420819
17	33	35.0926	14.7939	33.8679	0.0461281
17	34	34.9716	14.9188	33.753	0.0499895
17	35	34.8498	15.0412	33.6378	0.0538046
17	36	34.716	15.1528	33.5104	0.0573442
17	37	34.5748	15.2636	33.3759	0.0609027
17	38	34.4156	15.3605	33.2231	0.0641047
17	39	34.2415	15.4571	33.0558	0.0673582
17	40	34.0596	15.5306	32.8794	0.0699617
17	41	33.8767	15.5971	32.7016	0.0723814
17	42	33.688	15.6436	32.5168	0.0742258
17	43	33.4978	15.6858	32.3303	0.075966
17	44	33.3061	15.7157	32.1414	0.0773451
17	45	33.1147	15.7441	31.9529	0.078694
17	46	32.9225	15.7663	31.763	0.0798651
17	47	32.7291	15.7859	31.5719	0.0809749
17	48	32.534	15.8	31.3785	0.0819247
17	49	32.3373	15.8081	31.1831	0.0826992
17	50	32.1403	15.8067	30.9868	0.0831792
17	51	31.946	15.7915	30.7918	0.0832134
17	52	31.7538	15.7618	30.5979	0.0827656
17	53	31.5639	15.715	30.4047	0.0817506
17	54	31.3739	15.6544	30.2104	0.080265
17	55	31.2015	15.5782	30.0326	0.0781964
17	56	31.0374	15.4984	29.8627	0.0759594
17	57	30.8848	15.4039	29.7036	0.0731771
17	58	30.7339	15.3048	29.5459	0.0702059
17	59	30.5828	15.2006	29.3881	0.0670311
17	60	30.4311	15.0906	29.2296	0.0636231
17	61	30.2837	14.9713	29.0751	0.0598502
17	62	30.1374	14.8484	28.9219	0.0559109
17	63	29.9975	14.7178	28.7752	0.0516501
17	64	29.8614	14.5844	28.6326	0.0472438
17	65	29.7313	14.4476	28.4965	0.0426626
17	66	29.6	14.3076	28.3597	0.0379287
17	67	29.469	14.1636	28.2237	0.033007
17	68	29.3385	14.0165	28.0887	0.0279243
17	69	29.2107	13.8656	27.9572	0.0226592
17	70	29.0877	13.712	27.8311	0.0172398
17	71	28.9703	13.5571	27.7114	0.011725
17	72	28.8548	13.3991	27.5946	0.00604698
17	73	28.7407	13.2391	27.48	0.000251213
17	74	28.6294	13.0767	27.3691	-0.00568074
17	75	28.5206	12.9122	27.2618	-0.0117368
17	76	28.4122	12.7432	27.1559	-0.0180076
17	77	28.306	12.5696	27.0534	-0.0244943
17	78	28.204	12.3921	26.9564	-0.0311706
17	79	28.109	12.2113	26.8677	-0.0380069
17	80	28.0186	12.0296	26.7849	-0.0449132
17	81	27.9354	11.8458	26.7107	-0.0519261
17	82	27.8582	11.6613	26.6439	-0.0589947
17	83	27.799	11.4734	26.5965	-0.0661764
17	84	27.7543	11.2802	26.5654	-0.0735469
17	85	27.7277	11.0791	26.5544	-0.0811703
17	86	27.7166	10.8679	26.5614	-0.0891325
17	87	27.7283	10.6627	26.592	-0.0967773
17	88	27.7621	10.4632	26.6457	-0.104106
17	89	27.824	10.2688	26.728	-0.111102
17	90	27.9031	10.0777	26.8285	-0.117853
17	91	27.993	9.8919	26.9402	-0.12431
17	92	28.0849	9.70875	27.0546	-0.130606
17	93	28.1804	9.52894	27.1732	-0.136709
17	94	28.2756	9.35027	27.2924	-0.142719
17	95	28.3734	9.1724	27.415	-0.148634
17	96	28.4713	8.99467	27.5386	-0.15449
17	97	28.5728	8.81785	27.6665	-0.160241
17	98	28.6758	8.64222	27.7967	-0.165887
17	99	28.78	8.46874	27.9285	-0.171397
17	100	28.884	8.29693	28.0607	-0.176798
17	101	28.987	8.12591	28.1926	-0.182127
17	102	29.0903	7.95613	28.3253	-0.187361
17	103	29.1961	7.78902	28.4607	-0.192438
17	104	29.3025	7.62446	28.597	-0.197374
17	105	29.4076	7.46263	28.7321	-0.20218
17	106	29.5151	7.30063	28.8703	-0.206929
17	107	29.6242	7.13888	29.0106	-0.211614
17	108	29.7336	6.97668	29.1519	-0.216265
17	109	29.8441	6.8142	29.2951	-0.220873
17	110	29.9562	6.65123	29.4404	-0.22544
17	111	30.0706	6.48857	29.5886	-0.229934
17	112	30.1877	6.32733	29.7397	-0.234316
17	113	30.3079	6.16933	29.8935	-0.238523
17	114	30.4265	6.01572	30.0454	-0.242558
17	115	30.5464	5.86875	30.1972	-0.246329
17	116	30.6636	5.72444	30.3462	-0.249999
17	117	30.7862	5.58813	30.499	-0.253335
17	118	30.912	5.46029	30.6529	-0.256344
17	119	31.0325	5.33007	30.8026	-0.259441
17	120	31.1802	5.24204	30.968	-0.260965
17	121	31.3669	5.18636	31.1627	-0.261146
17	122	31.5697	5.15055	31.3679	-0.26058
17	123	31.7931	5.12515	31.5904	-0.259534
17	124	32.0465	5.11376	31.8383	-0.257837
17	125	32.3384	5.1189	32.1193	-0.255366
17	126	32.6288	5.13508	32.3963	-0.252618
17	127	32.9181	5.16146	32.6699	-0.249623
17	128	33.2075	5.1996	32.9412	-0.24633
17	129	33.4974	5.25254	33.2097	-0.242656
17	130	33.785	5.32297	33.4722	-0.238549
17	131	34.0664	5.40978	33.7254	-0.234076
17	132	34.3406	5.50929	33.9695	-0.229354
17	133	34.6094	5.61905	34.2066	-0.224443
17	134	34.8745	5.73956	34.4388	-0.219318
17	135	35.1358	5.87322	34.6652	-0.213915
17	136	35.3904	6.02139	34.8831	-0.208215
17	137	35.6357	6.18236	35.0905	-0.202281
17	138	35.8718	6.35321	35.2881	-0.196194
17	139	36.1005	6.53288	35.478	-0.189971
17	140	36.3227	6.72276	35.6611	-0.183565
17	141	36.5369	6.92486	35.8356	-0.176929
17	142	36.74	7.13892	35.9987	-0.170083
17	143	36.9307	7.36216	36.1497	-0.163104
17	144	37.1103	7.59232	36.2905	-0.156042
17	145	37.2808	7.82971	36.4229	-0.148876
17	146	37.4417	8.07639	36.5465	-0.141547
17	147	37.5902	8.33332	36.6583	-0.134037
17	148	37.7235	8.59812	36.7561	-0.126413
18	0	-23.5244	47.6694	42.4291	2.19463
18	1	-23.5545	47.8602	42.6016	2.19259
18	2	-23.5848	48.0533	42.7762	2.19054
18	3	-23.6205	48.2473	42.955	2.18859
18	4	-23.6575	48.4421	43.1353	2.18667
18	5	-23.7012	48.6354	43.3184	2.18492
18	6	-23.747	48.8268	43.5013	2.18325
18	7	-23.7984	49.014	43.6841	2.18174
18	8	-23.8504	49.2029	43.8687	2.18024
18	9	-23.9064	49.3921	44.0559	2.17883
18	10	-23.964	49.5819	44.2446	2.17745
18	11	-24.0272	49.7703	44.4355	2.1762
18	12	-24.0935	49.9575	44.6272	2.17503
18	13	-24.1661	50.1408	44.8193	2.17404
18	14	-24.2404	50.3257	45.0137	2.17307
18	15	-24.3194	50.51	45.2104	2.1722
18	16	-24.4001	50.6948	45.4084	2.17136
18	17	-24.4851	50.8786	45.6081	2.17063
18	18	-24.572	51.0655	45.8115	2.16989
18	19	-24.6632	51.254	46.0185	2.16922
18	20	-24.7583	51.443	46.2283	2.16861
18	21	-24.8587	51.6302	46.4395	2.16813
18	22	-24.9635	51.8145	46.6508	2.16777
18	23	-25.0737	51.9941	46.8614	2.16756
18	24	-25.1903	52.1679	47.0707	2.16753
18	25	-25.3189	52.3277	47.2751	2.16788
18	26	-25.4617	52.476	47.4781	2.16861
18	27	-25.6192	52.6151	47.6817	2.1697
18	28	-25.794	52.7465	47.8888	2.17117
18	29	-25.9743	52.855	48.0803	2.17299
18	30	-26.1614	52.941	48.2572	2.17517
18	31	-26.3572	53.0003	48.4175	2.1778
18	32	-26.5587	53.0416	48.5665	2.18073
18	33	-26.7617	53.0593	48.6976	2.18393
18	34	-26.9656	53.058	48.8141	2.18737
18	35	-27.1708	53.0315	48.9115	2.1911
18	36	-27.3805	52.9908	49.0007	2.19507
18	37	-27.5759	52.932	49.0675	2.199
18	38	-27.7643	52.8669	49.126	2.20288
18	39	-27.943	52.7821	49.1636	2.20683
18	40	-28.1188	52.6858	49.1909	2.21087
18	41	-28.2895	52.5734	49.203	2.21502
18	42	-28.4609	52.4565	49.213	2.21923
18	43	-28.6303	52.3357	49.2195	2.22345
18	44	-28.7984	52.2145	49.2258	2.22766
18	45	-28.9646	52.0932	49.2316	2.23184
18	46	-29.1275	51.9704	49.2351	2.23598
18	47	-29.2912	51.851	49.2425	2.2401
18	48	-29.4562	51.7343	49.2539	2.24419
18	49	-29.617	51.6127	49.2594	2.24828
18	50	-29.7788	51.4942	49.269	2.25235
18	51	-29.9417	51.3791	49.2826	2.25639
18	52	-30.0984	51.2587	49.2891	2.2604
18	53	-30.256	51.1423	49.2998	2.26436
18	54	-30.4165	51.0318	49.3179	2.2683
18	55	-30.5807	50.9273	49.3437	2.27221
18	56	-30.7476	50.8272	49.3752	2.2761
18	57	-30.9144	50.7275	49.4078	2.27998
18	58	-31.0789	50.6261	49.4384	2.28384
18	59	-31.2417	50.5253	49.469	2.28766
18	60	-31.4031	50.4259	49.5005	2.29144
18	61	-31.5617	50.3257	49.5302	2.29518
18	62	-31.7176	50.2243	49.5579	2.29889
18	63	-31.8696	50.1198	49.5814	2.30259
18	64	-32.0213	50.022	49.6103	2.30618
18	65	-32.1673	49.9233	49.6353	2.30969
18	66	-32.3085	49.8253	49.6583	2.31312
18	67	-32.4437	49.7263	49.677	2.31647
18	68	-32.5669	49.6218	49.6841	2.31972
18	69	-32.6966	49.5352	49.7092	2.32282
18	70	-32.784	49.4202	49.6851	2.32569
18	71	-32.836	49.2598	49.6042	2.32867
18	72	-32.9068	49.0968	49.5347	2.33197
18	73	-32.9645	48.9154	49.4434	2.33534
18	74	-33.0144	48.7103	49.3303	2.33895
18	75	-33.0584	48.4729	49.1905	2.34295
18	76	-33.0964	48.1925	49.0167	2.34749
18	77	-33.1221	47.9084	48.8325	2.35195
18	78	-33.1342	47.6228	48.6387	2.35626
18	79	-33.1332	47.3383	48.4372	2.3604
18	80	-33.121	47.0554	48.2297	2.36438
18	81	-33.0985	46.7734	48.0163	2.36824
18	82	-33.0652	46.4918	47.7961	2.37197
18	83	-33.0199	46.211	47.5685	2.37555
18	84	-32.9625	45.933	47.3347	2.37894
18	85	-32.8945	45.6586	47.0961	2.38215
18	86	-32.817	45.3875	46.8535	2.38521
18	87	-32.7298	45.1188	46.6059	2.38812
18	88	-32.6317	44.8524	46.3523	2.39086
18	89	-32.5215	44.59	46.0929	2.3934
18	90	-32.4	44.3334	45.8293	2.3957
18	91	-32.2689	44.0829	45.5631	2.39778
18	92	-32.1291	43.8376	45.2942	2.39968
18	93	-31.9796	43.5966	45.0213	2.40138
18	94	-31.8186	43.3608	44.7434	2.40284
18	95	-31.6454	43.1327	44.4618	2.40401
18	96	-31.4616	42.9143	44.1789	2.40487
18	97	-31.2699	42.7054	43.8966	2.40546
18	98	-31.0714	42.5044	43.6145	2.40582
18	99	-30.8655	42.3101	43.3315	2.40596
18	100	-30.6509	42.1234	43.0471	2.40583
18	101	-30.4275	41.946	42.7624	2.4054
18	102	-30.197	41.779	42.4795	2.40467
18	103	-29.961	41.6219	42.1992	2.40367
18	104	-29.7199	41.4733	41.9208	2.40242
18	105	-29.4729	41.3328	41.6437	2.40092
18	106	-29.219	41.2028	41.3687	2.39909
18	107	-28.9913	41.1055	41.1352	2.3971
18	108	-28.7825	41.0368	40.9352	2.39487
18	109	-28.5865	40.9924	40.7613	2.39241
18	110	-28.403	40.9445	40.5944	2.39019
18	111	-28.2313	40.9421	40.4675	2.38734
18	112	-28.0616	40.9764	40.3675	2.38384
18	113	-27.8947	41.0402	40.2905	2.37984
18	114	-27.7274	41.1085	40.2169	2.37574
18	115	-27.5601	41.1826	40.148	2.37153
18	116	-27.389	41.2585	40.0785	2.36719
18	117	-27.214	41.3375	40.009	2.36272
18	118	-27.0358	41.4208	39.9411	2.35811
18	119	-26.8553	41.5087	39.8757	2.35335
18	120	-26.6742	41.6016	39.8144	2.34848
18	121	-26.4937	41.6988	39.7574	2.34353
18	122	-26.314	41.7986	39.704	2.33853
18	123	-26.1357	41.9014	39.6546	2.3335
18	124	-25.9542	42.0065	39.6057	2.32835
18	125	-25.7695	42.1145	39.5578	2.32308
18	126	-25.5825	42.2252	39.5114	2.31771
18	127	-25.3951	42.3396	39.4687	2.31226
18	128	-25.2091	42.4577	39.4307	2.30676
18	129	-25.0251	42.5786	39.3974	2.30123
18	130	-24.8421	42.7015	39.3675	2.29569
18	131	-24.6611	42.8272	39.3421	2.29013
18	132	-24.4849	42.9592	39.3259	2.28455
18	133	-24.3167	43.0989	39.322	2.27898
18	134	-24.1636	43.2524	39.3397	2.27349
18	135	-24.0279	43.4208	39.3811	2.2681
18	136	-23.9085	43.6056	39.4465	2.26277
18	137	-23.8089	43.7823	39.5195	2.25798
18	138	-23.7372	43.9566	39.6091	2.25379
18	139	-23.6733	44.124	39.6989	2.24988
18	140	-23.6312	44.2944	39.8054	2.24636
18	141	-23.5929	44.4638	39.9138	2.24296
18	142	-23.5572	44.6355	40.0261	2.23959
18	143	-23.528	44.8102	40.1453	2.23632
18	144	-23.4999	44.9875	40.2677	2.23306
18	145	-23.4782	45.1676	40.3966	2.22989
18	146	-23.4562	45.3507	40.5281	2.2267
18	147	-23.4431	45.5371	40.6679	2.22364
18	148	-23.4301	45.7251	40.8096	2.22059
18	149	-23.4254	45.9145	40.9578	2.2177
18	150	-23.4226	46.1043	41.1077	2.21487
18	151	-23.4259	46.2937	41.2613	2.21218
18	152	-23.43	46.4868	41.4186	2.20946
18	153	-23.4372	46.6831	41.5806	2.20679
18	154	-23.4468	46.8814	41.746	2.20415
18	155	-23.4608	47.0804	41.9148	2.20161
18	156	-23.4778	47.2788	42.0852	2.19916
18	157	-23.5	47.4753	42.2573	2.19685
25	0	30.2064	4.09451	30.3538	-0.305783
25	1	30.2569	4.31036	30.3377	-0.298497
25	2	30.2882	4.51512	30.3082	-0.291736
25	3	30.3017	4.71385	30.2646	-0.285319
25	4	30.2938	4.90905	30.2026	-0.27919
25	5	30.2429	5.09625	30.1025	-0.273679
25	6	30.1467	5.28469	29.9593	-0.268491
25	7	30.0393	5.4677	29.8077	-0.263526
25	8	29.9306	5.64788	29.6561	-0.258616
25	9	29.8222	5.82627	29.5061	-0.25371
25	10	29.7155	6.0039	29.3586	-0.248766
25	11	29.6074	6.18089	29.2106	-0.243804
25	12	29.4974	6.3569	29.0617	-0.23884
25	13	29.3857	6.5342	28.9115	-0.233796
25	14	29.2732	6.71219	28.7613	-0.228682
25	15	29.1597	6.88955	28.6109	-0.223544
25	16	29.0457	7.06629	28.4609	-0.218376
25	17	28.9319	7.2434	28.3119	-0.21314
25	18	28.8155	7.41996	28.1611	-0.207887
25	19	28.7005	7.59952	28.0119	-0.202462
25	20	28.5864	7.78223	27.8639	-0.196862
25	21	28.4675	7.9611	27.7127	-0.191371
25	22	28.3507	8.14048	27.5643	-0.185789
25	23	28.2365	8.31758	27.4198	-0.18021
25	24	28.1214	8.49092	27.2759	-0.174714
25	25	28.0072	8.66269	27.134	-0.169212
25	26	27.8934	8.83341	26.9935	-0.163688
25	27	27.7781	9.00191	26.8527	-0.158196
25	28	27.6616	9.16759	26.712	-0.152758
25	29	27.5442	9.32706	26.572	-0.147499
25	30	27.4275	9.4817	26.4342	-0.142361
25	31	27.3085	9.63047	26.2956	-0.137403
25	32	27.1882	9.77463	26.1571	-0.132573
25	33	27.0664	9.91437	26.0181	-0.127868
25	34	26.9405	10.0506	25.8761	-0.123268
25	35	26.7982	10.1736	25.72	-0.1192
25	36	26.6428	10.2922	25.5518	-0.115316
25	37	26.4657	10.3973	25.3639	-0.112003
25	38	26.2681	10.4954	25.1567	-0.109006
25	39	26.0666	10.5712	24.9482	-0.106865
25	40	25.8616	10.6286	24.7383	-0.105442
25	41	25.6521	10.6671	24.5259	-0.104777
25	42	25.4417	10.6952	24.3137	-0.104535
25	43	25.2307	10.7158	24.1017	-0.104597
25	44	25.0188	10.7322	23.8893	-0.104839
25	45	24.8056	10.7446	23.6759	-0.105262
25	46	24.5913	10.7523	23.462	-0.105897
25	47	24.3765	10.7543	23.2482	-0.106786
25	48	24.1622	10.7507	23.0355	-0.107937
25	49	23.9493	10.7413	22.8249	-0.109348
25	50	23.7382	10.7268	22.6166	-0.111005
25	51	23.5284	10.7063	22.4105	-0.112949
25	52	23.3203	10.6778	22.207	-0.115281
25	53	23.1144	10.6363	22.0073	-0.118232
25	54	22.9116	10.5768	21.8132	-0.122036
25	55	22.7098	10.4955	21.623	-0.126904
25	56	22.5088	10.3933	21.4369	-0.132822
25	57	22.3282	10.2768	21.2737	-0.139375
25	58	22.1677	10.1485	21.1332	-0.14644
25	59	22.0259	10.0053	21.0144	-0.154169
25	60	21.8939	9.85548	20.9076	-0.162217
25	61	21.7701	9.7002	20.8113	-0.170541
25	62	21.6496	9.54224	20.7201	-0.179041
25	63	21.5312	9.38061	20.6331	-0.187772
25	64	21.4134	9.21466	20.5492	-0.196776
25	65	21.2988	9.04329	20.4713	-0.20608
25	66	21.1871	8.86728	20.3989	-0.215646
25	67	21.0812	8.68614	20.3351	-0.225462
25	68	20.9795	8.50229	20.2781	-0.235421
25	69	20.8826	8.31638	20.2283	-0.245475
25	70	20.7892	8.12945	20.1841	-0.255584
25	71	20.6995	7.94122	20.146	-0.265749
25	72	20.6138	7.75174	20.1141	-0.275958
25	73	20.5329	7.56113	20.0892	-0.286185
25	74	20.4535	7.36642	20.0692	-0.296608
25	75	20.3769	7.16872	20.0548	-0.307153
25	76	20.3036	6.96918	20.0463	-0.317747
25	77	20.2338	6.7684	20.0439	-0.32835
25	78	20.1674	6.56643	20.0473	-0.338955
25	79	20.1046	6.36281	20.0569	-0.349571
25	80	20.0459	6.15717	20.0733	-0.360198
25	81	19.9904	5.94858	20.0961	-0.370885
25	82	19.9396	5.73786	20.1263	-0.381557
25	83	19.894	5.52525	20.1642	-0.392186
25	84	19.8543	5.31204	20.2101	-0.402686
25	85	19.8208	5.0989	20.2639	-0.41301
25	86	19.7945	4.88576	20.3264	-0.423134
25	87	19.7768	4.67236	20.3989	-0.433029
25	88	19.7722	4.45813	20.4856	-0.442616
25	89	19.7866	4.24293	20.5916	-0.45176
25	90	19.8243	4.02456	20.7216	-0.460447
25	91	19.8869	3.80333	20.8768	-0.468608
25	92	19.9681	3.59751	21.0426	-0.475592
25	93	20.0659	3.40404	21.2185	-0.481588
25	94	20.1799	3.22235	21.404	-0.486644
25	95	20.3098	3.05035	21.5995	-0.490869
25	96	20.4501	2.88464	21.8015	-0.49454
25	97	20.5939	2.72256	22.0051	-0.497922
25	98	20.7406	2.56311	22.2103	-0.501074
25	99	20.8897	2.40558	22.4168	-0.504042
25	100	21.0408	2.2502	22.6242	-0.506831
25	101	21.1926	2.09755	22.8312	-0.509448
25	102	21.3435	1.94792	23.0359	-0.511924
25	103	21.4927	1.80185	23.2376	-0.51426
25	104	21.6415	1.65813	23.4379	-0.516475
25	105	21.7901	1.51664	23.6371	-0.518575
25	106	21.9407	1.37543	23.8379	-0.520589
25	107	22.0931	1.23435	24.0403	-0.522529
25	108	22.2465	1.09384	24.2434	-0.524393
25	109	22.4008	0.955549	24.4462	-0.52613
25	110	22.555	0.820217	24.6476	-0.527735
25	111	22.7085	0.687865	24.8469	-0.529226
25	112	22.861	0.558169	25.044	-0.530622
25	113	23.0131	0.431349	25.2395	-0.531905
25	114	23.1652	0.307234	25.4334	-0.533079
25	115	23.3185	0.187716	25.6263	-0.534055
25	116	23.4721	0.0720427	25.8173	-0.534884
25	117	23.6244	-0.0373936	26.0042	-0.535519
25	118	23.7751	-0.140622	26.1865	-0.535972
25	119	23.9282	-0.23149	26.3645	-0.535971
25	120	24.0719	-0.329274	26.538	-0.536373
25	121	24.2242	-0.382877	26.6963	-0.535183
25	122	24.3957	-0.395329	26.8502	-0.532325
25	123	24.5735	-0.418358	27.0153	-0.529719
25	124	24.7667	-0.423674	27.1848	-0.526298
25	125	24.9791	-0.410813	27.3623	-0.521991
25	126	25.219	-0.377281	27.5539	-0.516596
25	127	25.4953	-0.319098	27.766	-0.509858
25	128	25.7702	-0.245984	27.971	-0.50278
25	129	26.0408	-0.159225	28.167	-0.495452
25	130	26.3055	-0.0611056	28.3541	-0.487969
25	131	26.5651	0.0464688	28.5338	-0.480373
25	132	26.821	0.163474	28.7075	-0.47264
25	133	27.0732	0.291456	28.8747	-0.464717
25	134	27.3201	0.43168	29.0335	-0.456588
25	135	27.5595	0.583359	29.1825	-0.448306
25	136	27.7908	0.744221	29.3223	-0.439942
25	137	28.0153	0.912725	29.4547	-0.43152
25	138	28.2343	1.08934	29.5808	-0.423
25	139	28.4476	1.27608	29.6997	-0.414319
25	140	28.6528	1.47454	29.8089	-0.405453
25	141	28.8472	1.68384	29.9062	-0.396458
25	142	29.0298	1.90115	29.9919	-0.387423
25	143	29.2023	2.12434	30.0686	-0.378382
25	144	29.3665	2.35343	30.1377	-0.369307
25	145	29.5223	2.58982	30.199	-0.360144
25	146	29.668	2.8344	30.2504	-0.35088
25	147	29.8013	3.0859	30.2905	-0.34157
25	148	29.9223	3.34165	30.3201	-0.332285
25	149	30.0327	3.59985	30.3415	-0.323055
25	150	30.133	3.86071	30.3551	-0.313856
26	0	-19.4416	35.7723	30.6046	2.31372
26	1	-19.4369	36.0047	30.773	2.3085
26	2	-19.434	36.2346	30.9416	2.30343
26	3	-19.4319	36.4615	31.1092	2.2985
26	4	-19.4328	36.6914	31.2819	2.29364
26	5	-19.4374	36.9238	31.4595	2.28886
26	6	-19.4461	37.158	31.642	2.2842
26	7	-19.4593	37.3929	31.8286	2.27968
26	8	-19.4769	37.6269	32.018	2.27534
26	9	-19.4974	37.8584	32.2079	2.27117
26	10	-19.5194	38.0864	32.3967	2.26715
26	11	-19.542	38.3108	32.5836	2.26327
26	12	-19.5684	38.5368	32.7746	2.25949
26	13	-19.5994	38.7638	32.9698	2.25583
26	14	-19.6352	38.991	33.1686	2.25234
26	15	-19.6762	39.2172	33.3703	2.24902
26	16	-19.7223	39.4406	33.5733	2.24592
26	17	-19.7723	39.6602	33.7761	2.24301
26	18	-19.8248	39.8755	33.9774	2.24027
26	19	-19.8789	40.087	34.1769	2.23767
26	20	-19.9357	40.2975	34.3776	2.23518
26	21	-19.9964	40.5075	34.5804	2.23282
26	22	-20.0635	40.717	34.787	2.23064
26	23	-20.1421	40.9247	34.9994	2.22878
26	24	-20.2407	41.1266	35.2194	2.22749
26	25	-20.3626	41.3228	35.4492	2.22683
26	26	-20.5078	41.515	35.6901	2.22677
26	27	-20.6716	41.6943	35.9322	2.22734
26	28	-20.8458	41.8532	36.1644	2.22847
26	29	-21.0336	41.989	36.3867	2.23028
26	30	-21.2375	42.1051	36.6035	2.23274
26	31	-21.4473	42.2093	36.8148	2.23549
26	32	-21.6617	42.3052	37.0226	2.23845
26	33	-21.8801	42.3927	37.2268	2.2416
26	34	-22.1036	42.4697	37.4262	2.245
26	35	-22.3325	42.5296	37.6162	2.24876
26	36	-22.5646	42.5641	37.789	2.25297
26	37	-22.8009	42.5733	37.9455	2.25765
26	38	-23.0421	42.5603	38.0889	2.26277
26	39	-23.2784	42.5263	38.214	2.26809
26	40	-23.5017	42.4767	38.3199	2.27339
26	41	-23.7127	42.4121	38.4075	2.27867
26	42	-23.9159	42.3355	38.482	2.28398
26	43	-24.1159	42.2522	38.5504	2.28932
26	44	-24.3158	42.1646	38.6166	2.29471
26	45	-24.5168	42.0724	38.6812	2.30018
26	46	-24.7196	41.9754	38.7446	2.30575
26	47	-24.9221	41.873	38.8051	2.31139
26	48	-25.1251	41.7662	38.8639	2.3171
26	49	-25.3296	41.6567	38.9229	2.32287
26	50	-25.5357	41.5454	38.9832	2.32868
26	51	-25.7451	41.4324	39.0456	2.33456
26	52	-25.9557	41.3162	39.1081	2.34051
26	53	-26.1676	41.1963	39.1702	2.34652
26	54	-26.38	41.0735	39.232	2.35258
26	55	-26.5927	40.949	39.2942	2.35865
26	56	-26.8062	40.8239	39.358	2.36473
26	57	-27.0201	40.6985	39.4234	2.3708
26	58	-27.2352	40.5723	39.4905	2.37689
26	59	-27.4503	40.4422	39.5564	2.38303
26	60	-27.6552	40.2989	39.6073	2.38921
26	61	-27.814	40.1272	39.6065	2.39512
26	62	-27.9329	39.9191	39.5533	2.40102
26	63	-28.0322	39.6933	39.4748	2.40694
26	64	-28.1184	39.4474	39.3747	2.41305
26	65	-28.1927	39.1738	39.2489	2.41951
26	66	-28.2577	38.8618	39.0924	2.42659
26	67	-28.3141	38.5475	38.9298	2.43364
26	68	-28.3615	38.2296	38.7601	2.44067
26	69	-28.3969	37.9082	38.5808	2.44762
26	70	-28.4185	37.586	38.3922	2.45444
26	71	-28.4279	37.2652	38.1968	2.46108
26	72	-28.4276	36.9458	37.9964	2.46761
26	73	-28.4184	36.6262	37.7906	2.47407
26	74	-28.3987	36.3055	37.5774	2.48045
26	75	-28.3663	35.985	37.3557	2.48669
26	76	-28.3215	35.6671	37.1272	2.49274
26	77	-28.2666	35.3526	36.8941	2.49864
26	78	-28.2031	35.0402	36.6566	2.50442
26	79	-28.1302	34.7285	36.4131	2.51011
26	80	-28.0452	34.4178	36.1616	2.51565
26	81	-27.9468	34.1107	35.9025	2.52098
26	82	-27.8371	33.8095	35.6386	2.52607
26	83	-27.7192	33.5137	35.3719	2.53097
26	84	-27.5943	33.2213	35.1023	2.53575
26	85	-27.4609	32.931	34.8278	2.54043
26	86	-27.3164	32.6437	34.5465	2.54492
26	87	-27.1598	32.3623	34.2591	2.54914
26	88	-26.9929	32.0887	33.9681	2.55308
26	89	-26.8185	31.8221	33.6753	2.55679
26	90	-26.637	31.5606	33.3798	2.56032
26	91	-26.4469	31.3037	33.08	2.56366
26	92	-26.2465	31.0527	32.7753	2.56673
26	93	-26.0365	30.8101	32.4672	2.56949
26	94	-25.8192	30.5761	32.1579	2.57194
26	95	-25.5957	30.3492	31.8474	2.57416
26	96	-25.3653	30.1281	31.5344	2.57615
26	97	-25.1261	29.9138	31.2176	2.57784
26	98	-24.8778	29.7085	30.8981	2.57916
26	99	-24.6228	29.5137	30.5785	2.5801
26	100	-24.3636	29.3279	30.2601	2.58074
26	101	-24.0999	29.1503	29.9424	2.58108
26	102	-23.8603	29.0095	29.6646	2.5808
26	103	-23.6373	28.8974	29.4162	2.58
26	104	-23.4231	28.8098	29.1882	2.57863
26	105	-23.2102	28.7514	28.977	2.57641
26	106	-23.0031	28.7498	28.8015	2.57261
26	107	-22.79	28.8026	28.6509	2.56705
26	108	-22.5813	28.8757	28.516	2.56092
26	109	-22.3762	28.9565	28.3894	2.55458
26	110	-22.174	29.0414	28.2686	2.54811
26	111	-21.9746	29.1303	28.1537	2.54153
26	112	-21.7785	29.225	28.046	2.5348
26	113	-21.5871	29.3292	27.9488	2.52783
26	114	-21.405	29.4496	27.87	2.52054
26	115	-21.2347	29.5923	27.8154	2.5128
26	116	-21.0719	29.7561	27.781	2.50459
26	117	-20.9168	29.9446	27.7696	2.49581
26	118	-20.7816	30.1413	27.7809	2.48722
26	119	-20.6664	30.3476	27.8161	2.47882
26	120	-20.5685	30.5636	27.8728	2.47055
26	121	-20.4819	30.7848	27.9434	2.46242
26	122	-20.4007	31.007	28.0207	2.45443
26	123	-20.3219	31.2298	28.102	2.44652
26	124	-20.2457	31.4536	28.1877	2.4387
26	125	-20.1718	31.6783	28.2774	2.43094
26	126	-20.1003	31.9037	28.3711	2.42328
26	127	-20.032	32.1287	28.4685	2.41575
26	128	-19.9693	32.355	28.5726	2.40837
26	129	-19.9116	32.581	28.6817	2.40117
26	130	-19.8571	32.8057	28.7938	2.39413
26	131	-19.8042	33.0289	28.9074	2.38722
26	132	-19.7525	33.2506	29.0222	2.38043
26	133	-19.7045	33.4761	29.1437	2.3737
26	134	-19.6615	33.7047	29.2722	2.36706
26	135	-19.6238	33.9349	29.4069	2.36057
26	136	-19.591	34.1651	29.5463	2.35425
26	137	-19.5614	34.394	29.6881	2.34811
26	138	-19.5334	34.6207	29.8306	2.3421
26	139	-19.5063	34.8454	29.9733	2.33623
26	140	-19.4827	35.0738	30.1222	2.33041
26	141	-19.4638	35.3052	30.2774	2.3247
26	142	-19.4502	35.5386	30.4387	2.31912
32	0	23.6351	-2.58048	27.3981	-0.61523
32	1	23.6629	-2.29123	27.255	-0.605974
32	2	23.6825	-2.00221	27.1076	-0.596799
32	3	23.6868	-1.74604	26.968	-0.588852
32	4	23.6759	-1.51204	26.8297	-0.581824
32	5	23.6489	-1.29214	26.6868	-0.575497
32	6	23.5993	-1.08238	26.5315	-0.569881
32	7	23.5071	-0.894205	26.3526	-0.565757
32	8	23.3653	-0.720419	26.1398	-0.563052
32	9	23.2015	-0.559317	25.9153	-0.56117
32	10	23.0401	-0.398842	25.6933	-0.559224
32	11	22.8784	-0.243336	25.4738	-0.557418
32	12	22.7191	-0.0901259	25.2576	-0.555606
32	13	22.5591	0.0609074	25.042	-0.553853
32	14	22.4003	0.213227	24.8269	-0.551997
32	15	22.2403	0.364922	24.6111	-0.55016
32	16	22.0782	0.515159	24.3945	-0.548384
32	17	21.9154	0.66399	24.178	-0.54664
32	18	21.7537	0.811497	23.9632	-0.54489
32	19	21.5929	0.956583	23.7506	-0.543174
32	20	21.4341	1.10064	23.5402	-0.541422
32	21	21.2758	1.24325	23.3311	-0.539681
32	22	21.1163	1.38385	23.122	-0.538009
32	23	20.955	1.52269	22.9124	-0.536413
32	24	20.7953	1.65967	22.7051	-0.534822
32	25	20.6364	1.79346	22.5003	-0.533305
32	26	20.4787	1.92365	22.2983	-0.531873
32	27	20.3222	2.05008	22.0993	-0.530534
32	28	20.1681	2.17163	21.905	-0.529307
32	29	20.0153	2.28818	21.7142	-0.528228
32	30	19.8633	2.4016	21.5258	-0.527235
32	31	19.7097	2.50936	21.3388	-0.526494
32	32	19.5554	2.61593	21.1518	-0.525803
32	33	19.3915	2.7094	20.9632	-0.52587
32	34	19.2189	2.79275	20.7721	-0.52657
32	35	19.0263	2.85382	20.5749	-0.52871
32	36	18.82	2.90468	20.3712	-0.531663
32	37	18.618	2.93175	20.1835	-0.53558
32	38	18.4195	2.94589	20.0058	-0.540035
32	39	18.2236	2.93713	19.8426	-0.54549
32	40	18.0272	2.91632	19.6859	-0.55157
32	41	17.8326	2.88343	19.5378	-0.558223
32	42	17.638	2.85036	19.3907	-0.564987
32	43	17.4447	2.80951	19.2498	-0.572155
32	44	17.2511	2.76894	19.1095	-0.579426
32	45	17.0591	2.72037	18.976	-0.587106
32	46	16.8677	2.67185	18.8441	-0.594878
32	47	16.6799	2.61515	18.721	-0.603006
32	48	16.4943	2.55922	18.6004	-0.611145
32	49	16.3132	2.49723	18.4883	-0.619511
32	50	16.1354	2.43328	18.3813	-0.627958
32	51	15.9609	2.36563	18.2805	-0.636562
32	52	15.7887	2.29438	18.1851	-0.645341
32	53	15.6214	2.21231	18.1016	-0.654522
32	54	15.4578	2.12011	18.0288	-0.664103
32	55	15.3022	2.00486	17.9782	-0.674486
32	56	15.1503	1.87221	17.9435	-0.685549
32	57	15.0028	1.71643	17.9293	-0.697481
32	58	14.8698	1.55226	17.934	-0.709263
32	59	14.7514	1.37809	17.9588	-0.720916
32	60	14.6459	1.19345	18.0026	-0.732489
32	61	14.5494	1.00336	18.0592	-0.743887
32	62	14.4599	0.810731	18.1249	-0.755052
32	63	14.3735	0.617836	18.1953	-0.766028
32	64	14.2889	0.424891	18.2691	-0.776848
32	65	14.2065	0.230602	18.3476	-0.787549
32	66	14.1275	0.0353151	18.4313	-0.798063
32	67	14.0531	-0.163239	18.5225	-0.808422
32	68	13.9843	-0.362612	18.6201	-0.818489
32	69	13.9201	-0.559979	18.7212	-0.828197
32	70	13.8612	-0.758668	18.8286	-0.837636
32	71	13.8062	-0.956506	18.9396	-0.846786
32	72	13.7546	-1.15256	19.0531	-0.85563
32	73	13.7066	-1.35199	19.1729	-0.864341
32	74	13.6629	-1.5535	19.2985	-0.872841
32	75	13.6228	-1.75525	19.4279	-0.881098
32	76	13.5868	-1.95547	19.5601	-0.88903
32	77	13.5558	-2.15764	19.6981	-0.896721
32	78	13.5299	-2.35916	19.8399	-0.904081
32	79	13.5071	-2.55801	19.9826	-0.911132
32	80	13.4894	-2.75953	20.1315	-0.917962
32	81	13.4746	-2.96212	20.2839	-0.924606
32	82	13.4642	-3.16476	20.4398	-0.930983
32	83	13.4558	-3.36621	20.5968	-0.937151
32	84	13.455	-3.57072	20.7615	-0.943012
32	85	13.4586	-3.77542	20.9296	-0.94862
32	86	13.4694	-3.97755	21.1004	-0.953786
32	87	13.4814	-4.17542	21.269	-0.958708
32	88	13.5012	-4.37264	21.442	-0.963237
32	89	13.5241	-4.56818	21.6158	-0.967532
32	90	13.5527	-4.76109	21.7911	-0.971476
32	91	13.5832	-4.9521	21.9662	-0.975233
32	92	13.621	-5.14087	22.1437	-0.978603
32	93	13.6625	-5.33028	22.3242	-0.981796
32	94	13.7194	-5.51734	22.5114	-0.984311
32	95	13.7877	-5.70341	22.7042	-0.98634
32	96	13.8806	-5.88795	22.9094	-0.987401
32	97	13.9927	-6.07239	23.1251	-0.987751
32	98	14.1171	-6.24031	23.3338	-0.98726
32	99	14.2497	-6.39745	23.538	-0.98624
32	100	14.3944	-6.54303	23.7393	-0.98454
32	101	14.5532	-6.68018	23.9414	-0.982184
32	102	14.724	-6.81067	24.1449	-0.979301
32	103	14.9	-6.93762	24.3485	-0.976208
32	104	15.0796	-7.06221	24.5525	-0.972991
32	105	15.2613	-7.18447	24.756	-0.969702
32	106	15.4431	-7.30502	24.9583	-0.966429
32	107	15.6242	-7.42292	25.1584	-0.963167
32	108	15.8053	-7.53735	25.3558	-0.95988
32	109	15.9841	-7.64902	25.55	-0.956656
32	110	16.1597	-7.76071	25.7426	-0.95358
32	111	16.3347	-7.87001	25.9331	-0.950517
32	112	16.5089	-7.97725	26.1218	-0.947477
32	113	16.6823	-8.08139	26.3077	-0.944434
32	114	16.8542	-8.18193	26.49	-0.941402
32	115	17.0241	-8.27784	26.6677	-0.938369
32	116	17.1911	-8.36996	26.8408	-0.935381
32	117	17.3551	-8.45856	27.0096	-0.932439
32	118	17.5167	-8.54418	27.1748	-0.929541
32	119	17.6767	-8.62723	27.3371	-0.926669
32	120	17.8371	-8.70284	27.4941	-0.923654
32	121	17.9945	-8.77895	27.6498	-0.920773
32	122	18.1539	-8.84445	27.7985	-0.917634
32	123	18.3277	-8.83888	27.9001	-0.912566
32	124	18.5127	-8.80183	27.9845	-0.906526
32	125	18.7102	-8.75722	28.0717	-0.900006
32	126	18.9212	-8.68627	28.148	-0.892568
32	127	19.1523	-8.58741	28.2171	-0.883992
32	128	19.4142	-8.46378	28.2889	-0.874064
32	129	19.6699	-8.33122	28.3528	-0.864144
32	130	19.9212	-8.19244	28.4118	-0.854246
32	131	20.169	-8.04638	28.4658	-0.844311
32	132	20.4135	-7.89094	28.5134	-0.834281
32	133	20.6527	-7.72374	28.5517	-0.824141
32	134	20.8836	-7.54471	28.5786	-0.813955
32	135	21.1048	-7.35623	28.5949	-0.803806
32	136	21.3173	-7.1608	28.6031	-0.793716
32	137	21.5229	-6.95913	28.605	-0.783647
32	138	21.7225	-6.75027	28.6004	-0.773548
32	139	21.915	-6.53309	28.5879	-0.763407
32	140	22.0987	-6.30793	28.5664	-0.753266
32	141	22.2729	-6.07649	28.5366	-0.743174
32	142	22.4387	-5.8401	28.5002	-0.73313
32	143	22.5974	-5.59829	28.4577	-0.723086
32	144	22.7484	-5.3492	28.4075	-0.712993
32	145	22.8893	-5.09122	28.3469	-0.702857
32	146	23.0169	-4.82531	28.2738	-0.692765
32	147	23.1303	-4.5548	28.1896	-0.682812
32	148	23.2317	-4.28234	28.0978	-0.67301
32	149	23.3242	-4.00817	28.0005	-0.663294
32	150	23.4089	-3.7308	27.8978	-0.653591
32	151	23.4845	-3.4485	27.7874	-0.643872
32	152	23.548	-3.16106	27.667	-0.634184
32	153	23.5978	-2.87076	27.5364	-0.62462
33	0	-16.1568	20.7836	18.984	2.7325
33	1	-16.1316	21.0055	19.0504	2.72129
33	2	-16.1125	21.2299	19.1256	2.71017
33	3	-16.0984	21.4543	19.2079	2.69925
33	4	-16.0876	21.677	19.2946	2.68858
33	5	-16.079	21.8969	19.3841	2.67819
33	6	-16.0743	22.119	19.4802	2.66788
33	7	-16.0733	22.3425	19.5823	2.65769
33	8	-16.0753	22.5668	19.6894	2.64766
33	9	-16.0801	22.7914	19.8011	2.63779
33	10	-16.0875	23.0152	19.9165	2.62813
33	11	-16.0981	23.2372	20.0356	2.61873
33	12	-16.115	23.4601	20.1625	2.60957
33	13	-16.1378	23.6819	20.2955	2.60073
33	14	-16.1649	23.9015	20.4325	2.5922
33	15	-16.1945	24.1184	20.5717	2.58395
33	16	-16.2252	24.333	20.7119	2.57595
33	17	-16.2566	24.5459	20.8532	2.56814
33	18	-16.2903	24.7592	20.9979	2.56047
33	19	-16.3277	24.9728	21.147	2.553
33	20	-16.3715	25.1862	21.3024	2.54581
33	21	-16.4261	25.3978	21.4668	2.53908
33	22	-16.4982	25.6074	21.6455	2.53299
33	23	-16.5902	25.8148	21.8398	2.5276
33	24	-16.702	26.0196	22.0494	2.52294
33	25	-16.8303	26.2146	22.2672	2.51914
33	26	-16.9675	26.3918	22.482	2.51629
33	27	-17.1157	26.5533	22.6968	2.51435
33	28	-17.2752	26.7014	22.9129	2.5132
33	29	-17.443	26.8411	23.1308	2.51258
33	30	-17.6167	26.9751	23.3501	2.51232
33	31	-17.795	27.1051	23.5707	2.51231
33	32	-17.9772	27.2315	23.7924	2.51252
33	33	-18.1625	27.3545	24.0146	2.51292
33	34	-18.35	27.474	24.2365	2.51348
33	35	-18.5388	27.5896	24.4572	2.5142
33	36	-18.7285	27.7016	24.6765	2.51503
33	37	-18.9188	27.8107	24.8946	2.51597
33	38	-19.1103	27.917	25.1122	2.517
33	39	-19.3037	28.0204	25.3296	2.51815
33	40	-19.5	28.1196	25.5469	2.51949
33	41	-19.7003	28.2126	25.7638	2.52108
33	42	-19.9054	28.2956	25.9791	2.52308
33	43	-20.1166	28.3643	26.191	2.52561
33	44	-20.337	28.4168	26.4014	2.52881
33	45	-20.5668	28.452	26.6098	2.5327
33	46	-20.7972	28.466	26.8071	2.53718
33	47	-21.0175	28.4555	26.9827	2.54214
33	48	-21.2317	28.4204	27.1402	2.54767
33	49	-21.4421	28.3676	27.2855	2.55358
33	50	-21.6495	28.3054	27.4241	2.55966
33	51	-21.8553	28.2376	27.5592	2.56583
33	52	-22.0604	28.1657	27.6927	2.57204
33	53	-22.265	28.09	27.8247	2.57829
33	54	-22.4682	28.0086	27.9536	2.58464
33	55	-22.6654	27.9138	28.0715	2.59122
33	56	-22.8336	27.7883	28.1499	2.59814
33	57	-22.9687	27.6155	28.177	2.60587
33	58	-23.0795	27.4061	28.1663	2.61427
33	59	-23.1778	27.1715	28.1344	2.62323
33	60	-23.27	26.9057	28.0841	2.63308
33	61	-23.3604	26.5982	28.0152	2.64424
33	62	-23.4443	26.2894	27.9433	2.65539
33	63	-23.5226	25.9783	27.8689	2.66657
33	64	-23.5933	25.6638	27.7897	2.6778
33	65	-23.654	25.3463	27.7037	2.68903
33	66	-23.7037	25.0276	27.6107	2.70019
33	67	-23.7437	24.7094	27.5127	2.71127
33	68	-23.776	24.3915	27.4111	2.7223
33	69	-23.801	24.0728	27.3058	2.73334
33	70	-23.8175	23.7524	27.1954	2.74439
33	71	-23.8236	23.4309	27.0784	2.75543
33	72	-23.8191	23.1102	26.955	2.76639
33	73	-23.8056	22.7914	26.8272	2.77726
33	74	-23.7849	22.4741	26.6963	2.78809
33	75	-23.7571	22.157	26.5621	2.79893
33	76	-23.7212	21.8394	26.4231	2.80979
33	77	-23.6753	21.5223	26.2779	2.82063
33	78	-23.6195	21.2072	26.1271	2.8314
33	79	-23.5556	20.8952	25.9725	2.84209
33	80	-23.4854	20.5857	25.8156	2.85275
33	81	-23.4091	20.2773	25.656	2.86342
33	82	-23.3251	19.9695	25.4922	2.87413
33	83	-23.2313	19.6631	25.3222	2.88482
33	84	-23.1271	19.3601	25.1459	2.89542
33	85	-23.0142	19.0619	24.9651	2.9059
33	86	-22.8941	18.7677	24.781	2.91631
33	87	-22.7672	18.4763	24.5935	2.92671
33	88	-22.6321	18.1871	24.4012	2.93711
33	89	-22.4871	17.9013	24.2025	2.94746
33	90	-22.3326	17.6208	23.998	2.95768
33	91	-22.1704	17.3464	23.7896	2.96778
33	92	-22.0025	17.0769	23.5787	2.9778
33	93	-21.8288	16.8109	23.3652	2.98783
33	94	-21.6481	16.5478	23.1475	2.99786
33	95	-21.4584	16.289	22.9239	3.00785
33	96	-21.2594	16.0366	22.6941	3.0177
33	97	-21.053	15.7915	22.46	3.02739
33	98	-20.8414	15.5528	22.2236	3.03698
33	99	-20.6257	15.3184	21.9856	3.04656
33	100	-20.4047	15.0883	21.7448	3.05613
33	101	-20.2022	14.9003	21.5277	3.06403
33	102	-20.011	14.7459	21.3255	3.07055
33	103	-19.8239	14.6203	21.1302	3.07585
33	104	-19.6356	14.5257	20.9363	3.07977
33	105	-19.4461	14.496	20.7453	3.08063
33	106	-19.2413	14.5246	20.5427	3.07864
33	107	-19.042	14.5876	20.3479	3.07493
33	108	-18.8516	14.6789	20.1642	3.06979
33	109	-18.6653	14.8039	19.9879	3.06288
33	110	-18.4814	14.9536	19.817	3.05462
33	111	-18.3178	15.1087	19.6682	3.04604
33	112	-18.1687	15.2698	19.536	3.0371
33	113	-18.0342	15.44	19.4208	3.02767
33	114	-17.9121	15.6201	19.321	3.01768
33	115	-17.7987	15.8072	19.2326	3.0073
33	116	-17.6904	15.9985	19.1519	2.99665
33	117	-17.586	16.1928	19.0779	2.98578
33	118	-17.4842	16.3894	19.0089	2.97473
33	119	-17.3846	16.5877	18.9448	2.96353
33	120	-17.2888	16.7889	18.8874	2.95215
33	121	-17.197	16.9915	18.8367	2.94067
33	122	-17.1091	17.1938	18.7922	2.92919
33	123	-17.0257	17.3981	18.755	2.9176
33	124	-16.9461	17.6028	18.7241	2.906
33	125	-16.8689	17.8068	18.6979	2.89442
33	126	-16.7936	18.0098	18.6757	2.8829
33	127	-16.7213	18.2161	18.6599	2.87122
33	128	-16.6526	18.425	18.6508	2.85944
33	129	-16.5875	18.6354	18.6482	2.84763
33	130	-16.5268	18.8459	18.6523	2.83589
33	131	-16.4719	19.0603	18.6658	2.82405
33	132	-16.4228	19.2764	18.6879	2.81224
33	133	-16.3779	19.4922	18.7165	2.80056
33	134	-16.3355	19.7063	18.7494	2.78904
33	135	-16.2946	19.9181	18.7854	2.77771
33	136	-16.2564	20.1327	18.8272	2.76633
33	137	-16.2207	20.3491	18.8746	2.75497
33	138	-16.1874	20.5664	18.9268	2.74367
38	0	17.9513	-10.9373	29.3725	-0.966432
38	1	17.9384	-10.6312	29.1137	-0.960821
38	2	17.9057	-10.3664	28.8782	-0.956497
38	3	17.8544	-10.1344	28.6592	-0.953295
38	4	17.7876	-9.92753	28.4519	-0.950998
38	5	17.7053	-9.73897	28.2506	-0.949493
38	6	17.6321	-9.55258	28.0565	-0.947746
38	7	17.5181	-9.39646	27.8632	-0.947801
38	8	17.3574	-9.26086	27.6593	-0.949659
38	9	17.1842	-9.13597	27.4571	-0.952142
38	10	17.0091	-9.01313	27.2555	-0.954762
38	11	16.8322	-8.89106	27.0538	-0.957491
38	12	16.6539	-8.77043	26.8526	-0.960336
38	13	16.4748	-8.65238	26.6534	-0.963301
38	14	16.2973	-8.53599	26.4566	-0.966298
38	15	16.1218	-8.42252	26.2636	-0.969343
38	16	15.9475	-8.31324	26.075	-0.972483
38	17	15.7752	-8.2063	25.8898	-0.975654
38	18	15.6055	-8.09979	25.7065	-0.978798
38	19	15.4364	-7.99591	25.5261	-0.982025
38	20	15.2679	-7.8945	25.3483	-0.985332
38	21	15.1003	-7.79571	25.1735	-0.988711
38	22	14.9336	-7.70156	25.0034	-0.992208
38	23	14.77	-7.61048	24.8379	-0.995719
38	24	14.6072	-7.52843	24.6806	-0.999448
38	25	14.4467	-7.44798	24.5263	-1.00318
38	26	14.2849	-7.37722	24.3799	-1.00721
38	27	14.1246	-7.30879	24.2366	-1.0113
38	28	13.9634	-7.24492	24.0971	-1.01556
38	29	13.7986	-7.19111	23.9648	-1.02022
38	30	13.6302	-7.14019	23.8336	-1.02512
38	31	13.4502	-7.11245	23.7169	-1.031
38	32	13.257	-7.09401	23.6023	-1.03762
38	33	13.0495	-7.09749	23.5005	-1.0453
38	34	12.8495	-7.11562	23.4165	-1.05308
38	35	12.658	-7.15458	23.3564	-1.06103
38	36	12.4717	-7.21114	23.3156	-1.06919
38	37	12.2895	-7.27996	23.2891	-1.07747
38	38	12.111	-7.35655	23.2729	-1.08578
38	39	11.9353	-7.43687	23.2628	-1.09407
38	40	11.7622	-7.52099	23.2589	-1.10235
38	41	11.5908	-7.60827	23.2602	-1.11062
38	42	11.4212	-7.69897	23.2669	-1.11888
38	43	11.2546	-7.79607	23.2823	-1.12714
38	44	11.09	-7.8983	23.3048	-1.1354
38	45	10.9328	-8.01314	23.3434	-1.14358
38	46	10.7828	-8.13866	23.3962	-1.15164
38	47	10.6479	-8.28652	23.4771	-1.15945
38	48	10.5208	-8.4485	23.5754	-1.16714
38	49	10.4144	-8.62204	23.6938	-1.17414
38	50	10.3211	-8.79055	23.8137	-1.18049
38	51	10.248	-8.96215	23.9449	-1.18604
38	52	10.1797	-9.13408	24.079	-1.19135
38	53	10.1214	-9.30904	24.2202	-1.19626
38	54	10.0661	-9.48408	24.3632	-1.20101
38	55	10.0158	-9.6635	24.5126	-1.20556
38	56	9.96933	-9.84553	24.6662	-1.20996
38	57	9.92834	-10.0299	24.8245	-1.21413
38	58	9.89063	-10.2186	24.9883	-1.21818
38	59	9.85897	-10.4089	25.1561	-1.22197
38	60	9.83354	-10.5964	25.3238	-1.22544
38	61	9.80905	-10.7869	25.4949	-1.22888
38	62	9.78675	-10.9763	25.666	-1.23217
38	63	9.76997	-11.1743	25.8473	-1.23533
38	64	9.73169	-11.3887	26.0374	-1.23943
38	65	9.64313	-11.6235	26.2311	-1.24553
38	66	9.51037	-11.8431	26.3975	-1.25296
38	67	9.4357	-12.0635	26.5839	-1.25821
38	68	9.40108	-12.2829	26.7822	-1.26196
38	69	9.38979	-12.4981	26.9839	-1.26479
38	70	9.39375	-12.7115	27.1886	-1.26701
38	71	9.40808	-12.9193	27.3913	-1.26878
38	72	9.42528	-13.1171	27.5853	-1.27032
38	73	9.45112	-13.3105	27.7777	-1.27149
38	74	9.47969	-13.4949	27.9623	-1.27246
38	75	9.52225	-13.6757	28.1476	-1.2729
38	76	9.57894	-13.8598	28.3402	-1.2729
38	77	9.6612	-14.0416	28.5382	-1.27201
38	78	9.78418	-14.2293	28.7539	-1.26985
38	79	9.96246	-14.4085	28.9781	-1.2658
38	80	10.0869	-14.6166	29.214	-1.26388
38	81	10.1669	-14.8204	29.4324	-1.26338
38	82	10.2304	-15.0237	29.6455	-1.26341
38	83	10.3016	-15.2212	29.8552	-1.26314
38	84	10.3753	-15.4179	30.065	-1.26279
38	85	10.453	-15.6131	30.2745	-1.2623
38	86	10.5373	-15.8034	30.4815	-1.26155
38	87	10.6304	-15.9885	30.6861	-1.2605
38	88	10.7363	-16.1636	30.8852	-1.25897
38	89	10.8554	-16.3301	31.0803	-1.25697
38	90	10.9908	-16.4869	31.2714	-1.25439
38	91	11.1353	-16.6307	31.4531	-1.25145
38	92	11.2878	-16.7543	31.6186	-1.2481
38	93	11.4467	-16.8616	31.771	-1.24443
38	94	11.6179	-16.9495	31.9094	-1.24023
38	95	11.7963	-17.0282	32.042	-1.23576
38	96	11.9818	-17.0974	32.1688	-1.23102
38	97	12.1708	-17.1629	32.2938	-1.22618
38	98	12.3627	-17.2223	32.415	-1.22122
38	99	12.5549	-17.2785	32.534	-1.21627
38	100	12.7474	-17.3282	32.6478	-1.21127
38	101	12.938	-17.3737	32.7579	-1.20631
38	102	13.126	-17.4146	32.8635	-1.20141
38	103	13.3105	-17.454	32.9673	-1.19662
38	104	13.4922	-17.4896	33.0672	-1.1919
38	105	13.6706	-17.525	33.1665	-1.18729
38	106	13.8471	-17.5556	33.2612	-1.18272
38	107	14.0212	-17.5851	33.3547	-1.17822
38	108	14.1941	-17.6065	33.441	-1.17369
38	109	14.3652	-17.6154	33.5157	-1.16908
38	110	14.5321	-17.6389	33.6029	-1.16479
38	111	14.6845	-17.6082	33.6352	-1.16026
38	112	14.8357	-17.5068	33.6031	-1.15493
38	113	15.0045	-17.4159	33.5887	-1.14924
38	114	15.1723	-17.2979	33.5502	-1.14324
38	115	15.3456	-17.152	33.49	-1.13672
38	116	15.5317	-16.9738	33.4075	-1.12943
38	117	15.7388	-16.7567	33.3009	-1.12102
38	118	15.9405	-16.5341	33.1893	-1.11263
38	119	16.1368	-16.3045	33.0714	-1.10423
38	120	16.3258	-16.066	32.9445	-1.09586
38	121	16.5043	-15.8187	32.8073	-1.08757
38	122	16.6714	-15.565	32.6614	-1.07943
38	123	16.8286	-15.307	32.5091	-1.07142
38	124	16.9778	-15.0447	32.3514	-1.06349
38	125	17.1194	-14.7765	32.1867	-1.0556
38	126	17.2514	-14.501	32.013	-1.04777
38	127	17.3712	-14.219	31.8295	-1.04008
38	128	17.4781	-13.9333	31.6381	-1.0326
38	129	17.5742	-13.6456	31.4411	-1.02528
38	130	17.6615	-13.3553	31.2392	-1.01807
38	131	17.7398	-13.0608	31.0303	-1.01094
38	132	17.8064	-12.7608	30.8123	-1.00394
38	133	17.8584	-12.4569	30.5845	-0.997169
38	134	17.8959	-12.1524	30.3498	-0.990686
38	135	17.9222	-11.8492	30.1112	-0.984438
38	136	17.9401	-11.5466	29.8696	-0.978333
38	137	17.9504	-11.243	29.624	-0.972319
39	0	-13.8842	2.53723	18.5405	-2.52673
39	1	-13.8377	2.79196	18.3565	-2.53661
39	2	-13.796	3.04686	18.1781	-2.54684
39	3	-13.7594	3.30048	18.0068	-2.55737
39	4	-13.7276	3.55165	17.8427	-2.56812
39	5	-13.6963	3.80511	17.68	-2.57921
39	6	-13.6665	4.06065	17.5197	-2.59064
39	7	-13.6405	4.31747	17.3643	-2.60246
39	8	-13.6195	4.57394	17.2159	-2.61462
39	9	-13.6004	4.83207	17.0709	-2.62712
39	10	-13.5833	5.0912	16.9299	-2.63995
39	11	-13.5693	5.35114	16.794	-2.65312
39	12	-13.5592	5.61174	16.6644	-2.66665
39	13	-13.5511	5.87429	16.5387	-2.68054
39	14	-13.5463	6.13823	16.4186	-2.69481
39	15	-13.5457	6.40244	16.3057	-2.70941
39	16	-13.5479	6.66587	16.1991	-2.72423
39	17	-13.5527	6.92872	16.0988	-2.73928
39	18	-13.5614	7.19152	16.0058	-2.7546
39	19	-13.5767	7.45446	15.9227	-2.77026
39	20	-13.6038	7.71707	15.8547	-2.78631
39	21	-13.6492	7.97803	15.8086	-2.80279
39	22	-13.717	8.24017	15.7877	-2.81987
39	23	-13.803	8.4916	15.792	-2.8367
39	24	-13.9016	8.72513	15.818	-2.85266
39	25	-14.013	8.93952	15.8654	-2.86761
39	26	-14.1357	9.14466	15.9297	-2.88209
39	27	-14.2644	9.34551	16.0043	-2.89629
39	28	-14.3978	9.54404	16.087	-2.91027
39	29	-14.5356	9.7405	16.1776	-2.92405
39	30	-14.6778	9.93434	16.2761	-2.93756
39	31	-14.8237	10.125	16.3818	-2.95076
39	32	-14.9724	10.3125	16.4936	-2.96363
39	33	-15.123	10.4971	16.6105	-2.97618
39	34	-15.2762	10.6821	16.7324	-2.98859
39	35	-15.4323	10.8675	16.8596	-3.00087
39	36	-15.5917	11.0529	16.9928	-3.01299
39	37	-15.7549	11.2372	17.1322	-3.02488
39	38	-15.9213	11.4196	17.2774	-3.03649
39	39	-16.0904	11.5999	17.4277	-3.04779
39	40	-16.2616	11.7777	17.5826	-3.05878
39	41	-16.4352	11.9529	17.7421	-3.06942
39	42	-16.6115	12.1248	17.9065	-3.07971
39	43	-16.7909	12.2959	18.0759	-3.08977
39	44	-16.9739	12.4643	18.2508	-3.09951
39	45	-17.1608	12.6276	18.4314	-3.10879
39	46	-17.3517	12.7838	18.6179	-3.1175
39	47	-17.547	12.931	18.8101	-3.12558
39	48	-17.7485	13.0663	19.01	-3.13286
39	49	-17.9596	13.1855	19.2203	-3.13916
39	50	-18.1849	13.2891	19.4457	3.13867
39	51	-18.4273	13.3798	19.6886	3.13409
39	52	-18.6649	13.4457	19.9267	3.13088
39	53	-18.9013	13.4811	20.1635	3.12925
39	54	-19.1388	13.4796	20.4011	3.12946
39	55	-19.3668	13.4279	20.6285	3.13211
39	56	-19.563	13.3059	20.8239	3.13805
39	57	-19.7362	13.1118	20.9973	-3.13586
39	58	-19.8967	12.8809	21.1603	-3.12499
39	59	-20.0545	12.6108	21.3243	-3.11245
39	60	-20.216	12.293	21.4973	-3.09789
39	61	-20.369	11.9733	21.6664	-3.08346
39	62	-20.5165	11.652	21.8345	-3.06916
39	63	-20.6586	11.3272	22.0019	-3.0549
39	64	-20.7929	10.9974	22.1666	-3.0406
39	65	-20.9169	10.6634	22.3259	-3.02628
39	66	-21.0308	10.3278	22.4799	-3.01203
39	67	-21.1371	9.99167	22.631	-2.99791
39	68	-21.2375	9.65392	22.781	-2.98387
39	69	-21.3312	9.31288	22.9294	-2.96982
39	70	-21.4159	8.9682	23.074	-2.95573
39	71	-21.4903	8.62186	23.2134	-2.94166
39	72	-21.556	8.27581	23.3489	-2.92769
39	73	-21.6156	7.92983	23.4828	-2.91383
39	74	-21.6695	7.58235	23.616	-2.90001
39	75	-21.7157	7.23216	23.747	-2.88616
39	76	-21.752	6.88014	23.8733	-2.87227
39	77	-21.7783	6.52868	23.9944	-2.85845
39	78	-21.7969	6.17861	24.1124	-2.84472
39	79	-21.8094	5.8288	24.2289	-2.83107
39	80	-21.815	5.47794	24.3437	-2.81741
39	81	-21.8117	5.12617	24.4549	-2.80373
39	82	-21.7988	4.77531	24.5614	-2.79008
39	83	-21.778	4.42642	24.6642	-2.77651
39	84	-21.7507	4.0787	24.7651	-2.763
39	85	-21.7163	3.73077	24.8641	-2.74949
39	86	-21.6728	3.38247	24.9592	-2.73592
39	87	-21.6187	3.03566	25.0487	-2.72235
39	88	-21.5554	2.69213	25.133	-2.70884
39	89	-21.4852	2.35137	25.2145	-2.6954
39	90	-21.4084	2.0117	25.294	-2.68198
39	91	-21.3225	1.67225	25.37	-2.66849
39	92	-21.225	1.33459	25.4394	-2.65492
39	93	-21.1162	1.0017	25.5012	-2.64139
39	94	-20.9991	0.674301	25.5578	-2.62795
39	95	-20.8763	0.35063	25.6122	-2.61459
39	96	-20.7476	0.0288134	25.665	-2.60123
39	97	-20.6106	-0.291556	25.7147	-2.5878
39	98	-20.4631	-0.608635	25.7584	-2.57432
39	99	-20.3059	-0.919874	25.7953	-2.56087
39	100	-20.1418	-1.22511	25.8279	-2.5475
39	101	-19.9724	-1.52622	25.8584	-2.53419
39	102	-19.7971	-1.82471	25.8871	-2.52085
39	103	-19.6137	-2.12033	25.9122	-2.50746
39	104	-19.4213	-2.41096	25.9317	-2.49403
39	105	-19.2214	-2.69504	25.946	-2.48065
39	106	-19.0165	-2.97354	25.9575	-2.46733
39	107	-18.8074	-3.24856	25.9682	-2.45403
39	108	-18.593	-3.52112	25.9778	-2.44069
39	109	-18.3701	-3.78914	25.9826	-2.42727
39	110	-18.1603	-4.00643	25.9682	-2.41566
39	111	-17.9566	-4.1804	25.9326	-2.40542
39	112	-17.7524	-4.31268	25.8712	-2.39633
39	113	-17.5523	-4.37202	25.7651	-2.38938
39	114	-17.3451	-4.36868	25.6118	-2.38394
39	115	-17.1416	-4.32812	25.4364	-2.3796
39	116	-16.9454	-4.25742	25.2458	-2.37627
39	117	-16.7582	-4.15563	25.0404	-2.37402
39	118	-16.576	-4.01833	24.8139	-2.3729
39	119	-16.3982	-3.84931	24.5686	-2.37281
39	120	-16.2388	-3.67283	24.3313	-2.37347
39	121	-16.0924	-3.4893	24.0985	-2.37473
39	122	-15.9581	-3.29812	23.8692	-2.37659
39	123	-15.8341	-3.09773	23.641	-2.37907
39	124	-15.7167	-2.89084	23.4134	-2.382
39	125	-15.6035	-2.6801	23.1862	-2.38523
39	126	-15.4937	-2.46585	22.9595	-2.38873
39	127	-15.3873	-2.24848	22.7334	-2.39251
39	128	-15.2841	-2.02849	22.5082	-2.39655
39	129	-15.1837	-1.80622	22.2839	-2.40082
39	130	-15.0861	-1.58167	22.0605	-2.40535
39	131	-14.992	-1.35474	21.8387	-2.41016
39	132	-14.9022	-1.12583	21.6193	-2.41526
39	133	-14.8134	-0.892807	21.3984	-2.42065
39	134	-14.7264	-0.656318	21.1773	-2.42632
39	135	-14.6425	-0.417349	20.9576	-2.43231
39	136	-14.562	-0.176866	20.7404	-2.43858
39	137	-14.4853	0.0645331	20.5262	-2.44513
39	138	-14.4128	0.306447	20.3158	-2.45198
39	139	-14.345	0.548141	20.1103	-2.45911
39	140	-14.278	0.793422	19.9042	-2.46655
39	141	-14.2128	1.04118	19.699	-2.4743
39	142	-14.1505	1.2901	19.4967	-2.48235
39	143	-14.0917	1.53908	19.2983	-2.49068
39	144	-14.0366	1.78733	19.1048	-2.49927
39	145	-13.9854	2.03413	18.9167	-2.50809
39	146	-13.9341	2.28425	18.7281	-2.51724
43	0	15.3865	-20.9625	36.9975	-1.17905
43	1	15.3197	-20.6312	36.6658	-1.17728
43	2	15.2384	-20.3016	36.3303	-1.17587
43	3	15.1435	-19.9776	35.9948	-1.17484
43	4	15.0378	-19.6602	35.6612	-1.17414
43	5	14.9276	-19.3732	35.3538	-1.17388
43	6	14.8144	-19.1283	35.0842	-1.17416
43	7	14.6934	-18.9162	34.8419	-1.17501
43	8	14.5599	-18.7305	34.6191	-1.1765
43	9	14.4366	-18.5482	34.4035	-1.17778
43	10	14.2775	-18.4272	34.2309	-1.18071
43	11	14.0719	-18.3572	34.0883	-1.18551
43	12	13.8641	-18.2818	33.9408	-1.19035
43	13	13.6525	-18.2186	33.804	-1.19547
43	14	13.4408	-18.1624	33.6745	-1.20071
43	15	13.2311	-18.1102	33.5505	-1.20597
43	16	13.024	-18.0602	33.4303	-1.21123
43	17	12.8189	-18.0127	33.3142	-1.21648
43	18	12.6157	-17.9673	33.2016	-1.22175
43	19	12.4139	-17.9267	33.0949	-1.22706
43	20	12.2139	-17.8898	32.9932	-1.23239
43	21	12.0159	-17.8582	32.8982	-1.23775
43	22	11.8216	-17.8307	32.8091	-1.24307
43	23	11.63	-17.8088	32.7272	-1.2484
43	24	11.4403	-17.7892	32.649	-1.25372
43	25	11.2502	-17.7801	32.5815	-1.25918
43	26	11.0578	-17.7811	32.5239	-1.26482
43	27	10.8598	-17.8116	32.494	-1.27091
43	28	10.6543	-17.8634	32.4835	-1.27743
43	29	10.4416	-17.9401	32.4962	-1.28437
43	30	10.2391	-18.0318	32.5276	-1.29114
43	31	10.0477	-18.1394	32.579	-1.2977
43	32	9.86397	-18.2608	32.6469	-1.30412
43	33	9.68711	-18.3916	32.7272	-1.31039
43	34	9.51531	-18.5278	32.8152	-1.31652
43	35	9.34711	-18.6674	32.9085	-1.32253
43	36	9.18174	-18.8088	33.0056	-1.32844
43	37	9.01793	-18.9521	33.1059	-1.33428
43	38	8.85509	-19.0983	33.2105	-1.34008
43	39	8.69451	-19.2477	33.3198	-1.3458
43	40	8.53719	-19.4016	33.4352	-1.35141
43	41	8.38527	-19.5603	33.5575	-1.35686
43	42	8.24206	-19.7247	33.6882	-1.36205
43	43	8.11138	-19.8958	33.8289	-1.36688
43	44	7.99318	-20.0758	33.9816	-1.37136
43	45	7.88508	-20.2668	34.1477	-1.37557
43	46	7.78931	-20.4718	34.3304	-1.37946
43	47	7.71357	-20.6712	34.512	-1.38272
43	48	7.65843	-20.8692	34.6964	-1.38534
43	49	7.61896	-21.0662	34.8827	-1.3875
43	50	7.59207	-21.2657	35.0741	-1.38929
43	51	7.57096	-21.4667	35.268	-1.39091
43	52	7.55842	-21.6688	35.4646	-1.39227
43	53	7.54974	-21.8705	35.6617	-1.39352
43	54	7.54764	-22.0738	35.8614	-1.39457
43	55	7.54804	-22.2782	36.0627	-1.39556
43	56	7.55436	-22.4833	36.2658	-1.39637
43	57	7.56429	-22.6886	36.4697	-1.39708
43	58	7.58096	-22.8928	36.6737	-1.39759
43	59	7.60235	-23.0945	36.876	-1.39797
43	60	7.62807	-23.2987	37.0817	-1.39823
43	61	7.65687	-23.504	37.2888	-1.39841
43	62	7.68877	-23.7085	37.4958	-1.39851
43	63	7.72115	-23.9117	37.7016	-1.39859
43	64	7.75527	-24.1112	37.904	-1.3986
43	65	7.79048	-24.318	38.1137	-1.39862
43	66	7.8354	-24.5309	38.3312	-1.39842
43	67	7.84903	-24.7792	38.5781	-1.39918
43	68	7.79731	-25.0423	38.8286	-1.40165
43	69	7.83903	-25.287	39.0769	-1.40165
43	70	7.96716	-25.5047	39.3131	-1.39937
43	71	8.19467	-25.6715	39.5168	-1.39441
43	72	8.36928	-25.8617	39.7349	-1.39093
43	73	8.50067	-26.0569	39.9506	-1.38857
43	74	8.61795	-26.2499	40.1617	-1.38657
43	75	8.74073	-26.4392	40.3704	-1.38443
43	76	8.86656	-26.6258	40.5772	-1.38224
43	77	8.99574	-26.8072	40.7797	-1.37996
43	78	9.12863	-26.9866	40.9811	-1.37761
43	79	9.26464	-27.162	41.1796	-1.37519
43	80	9.4029	-27.3361	41.3773	-1.37272
43	81	9.54442	-27.5074	41.5732	-1.3702
43	82	9.68954	-27.6745	41.766	-1.36759
43	83	9.84209	-27.8357	41.9548	-1.3648
43	84	10.0038	-27.9815	42.1309	-1.36176
43	85	10.1782	-28.1114	42.2944	-1.35836
43	86	10.3647	-28.229	42.449	-1.35465
43	87	10.5668	-28.3293	42.5906	-1.35052
43	88	10.7645	-28.4059	42.709	-1.34639
43	89	10.961	-28.4506	42.7967	-1.34215
43	90	11.1567	-28.4706	42.8609	-1.33781
43	91	11.353	-28.4654	42.9015	-1.33333
43	92	11.5485	-28.4535	42.9364	-1.32884
43	93	11.7435	-28.4316	42.9623	-1.32431
43	94	11.9395	-28.4081	42.9878	-1.31975
43	95	12.137	-28.3789	43.009	-1.31514
43	96	12.3367	-28.3471	43.0293	-1.31046
43	97	12.5379	-28.3108	43.0464	-1.30573
43	98	12.74	-28.2712	43.0616	-1.30096
43	99	12.9418	-28.2265	43.0729	-1.29616
43	100	13.1431	-28.1785	43.0818	-1.29136
43	101	13.344	-28.1281	43.0892	-1.28656
43	102	13.545	-28.0757	43.0958	-1.28174
43	103	13.7455	-28.0174	43.0975	-1.2769
43	104	13.9472	-27.9592	43.1008	-1.27203
43	105	14.1368	-27.8774	43.0789	-1.26726
43	106	14.2975	-27.7497	43.0055	-1.26281
43	107	14.4363	-27.5685	42.8754	-1.25844
43	108	14.5611	-27.3635	42.719	-1.25419
43	109	14.6807	-27.1321	42.5367	-1.24982
43	110	14.7989	-26.8665	42.3225	-1.24519
43	111	14.9201	-26.5566	42.0681	-1.24011
43	112	15.0326	-26.244	41.8095	-1.23513
43	113	15.1369	-25.9274	41.5454	-1.23025
43	114	15.2306	-25.6055	41.2738	-1.22551
43	115	15.3114	-25.2797	40.995	-1.22096
43	116	15.3798	-24.9528	40.7117	-1.21663
43	117	15.4384	-24.6254	40.4253	-1.21246
43	118	15.4884	-24.2959	40.1346	-1.20842
43	119	15.528	-23.963	39.8377	-1.20453
43	120	15.5547	-23.6276	39.5343	-1.20086
43	121	15.5683	-23.2924	39.227	-1.19744
43	122	15.5713	-22.9587	38.9175	-1.19424
43	123	15.5654	-22.6253	38.6055	-1.19121
43	124	15.5499	-22.2911	38.2895	-1.18835
43	125	15.5237	-21.957	37.9699	-1.18571
43	126	15.487	-21.6244	37.648	-1.18329
43	127	15.4413	-21.2934	37.3244	-1.18108
44	0	-12.0759	-16.4116	32.5057	-1.99356
44	1	-11.998	-16.1703	32.2537	-1.99443
44	2	-11.9218	-15.9294	32.0028	-1.99535
44	3	-11.8477	-15.6895	31.7536	-1.99634
44	4	-11.7783	-15.4454	31.5028	-1.99753
44	5	-11.714	-15.1995	31.2522	-1.99892
44	6	-11.6536	-14.9534	31.0033	-2.00044
44	7	-11.5957	-14.7081	30.7563	-2.00205
44	8	-11.5393	-14.464	30.511	-2.00371
44	9	-11.4848	-14.2206	30.2672	-2.00545
44	10	-11.4358	-13.9743	30.0232	-2.00743
44	11	-11.393	-13.7267	29.7808	-2.00964
44	12	-11.3559	-13.4794	29.5413	-2.01206
44	13	-11.3246	-13.2331	29.3053	-2.01468
44	14	-11.3028	-12.9837	29.0709	-2.01769
44	15	-11.3023	-12.7292	28.8414	-2.02149
44	16	-11.3179	-12.4701	28.6152	-2.02592
44	17	-11.3545	-12.2037	28.3925	-2.03121
44	18	-11.4185	-11.9388	28.1841	-2.03742
44	19	-11.5006	-11.6907	28.0001	-2.04402
44	20	-11.6148	-11.4523	27.8407	-2.05158
44	21	-11.7279	-11.2143	27.6828	-2.05917
44	22	-11.8565	-10.9835	27.5402	-2.06723
44	23	-11.9909	-10.758	27.4068	-2.07546
44	24	-12.128	-10.5362	27.28	-2.08379
44	25	-12.2674	-10.3118	27.1538	-2.09232
44	26	-12.4096	-10.0853	27.0293	-2.10106
44	27	-12.5557	-9.85847	26.9086	-2.11001
44	28	-12.7056	-9.63291	26.7931	-2.11913
44	29	-12.8585	-9.40896	26.6828	-2.12839
44	30	-13.0136	-9.18586	26.5768	-2.13779
44	31	-13.1709	-8.96256	26.4741	-2.14733
44	32	-13.3312	-8.73859	26.375	-2.15706
44	33	-13.4954	-8.51445	26.2804	-2.16698
44	34	-13.6636	-8.29133	26.1916	-2.17708
44	35	-13.8351	-8.07005	26.1088	-2.1873
44	36	-14.0088	-7.85037	26.0314	-2.19763
44	37	-14.1845	-7.63134	25.9584	-2.20806
44	38	-14.3627	-7.41219	25.8898	-2.21863
44	39	-14.5446	-7.19299	25.8263	-2.22937
44	40	-14.7312	-6.97492	25.7695	-2.24027
44	41	-14.9221	-6.75966	25.7208	-2.25129
44	42	-15.1164	-6.54838	25.6804	-2.26234
44	43	-15.3143	-6.34219	25.6494	-2.27341
44	44	-15.5184	-6.14778	25.6344	-2.28439
44	45	-15.7309	-5.97911	25.6474	-2.29496
44	46	-15.9567	-5.83185	25.6881	-2.30534
44	47	-16.1959	-5.69833	25.7507	-2.31571
44	48	-16.4538	-5.58163	25.8411	-2.32611
44	49	-16.7077	-5.50979	25.9639	-2.33513
44	50	-16.9604	-5.48644	26.1227	-2.34273
44	51	-17.2113	-5.51028	26.3154	-2.34893
44	52	-17.4439	-5.59198	26.537	-2.35301
44	53	-17.6474	-5.75376	26.7952	-2.35414
44	54	-17.8272	-5.99312	27.0917	-2.35261
44	55	-17.9951	-6.27609	27.4109	-2.34968
44	56	-18.1635	-6.60721	27.7651	-2.34562
44	57	-18.3256	-6.94028	28.1167	-2.34145
44	58	-18.4836	-7.2754	28.4675	-2.33723
44	59	-18.6363	-7.61446	28.8179	-2.33289
44	60	-18.7807	-7.95766	29.1662	-2.32835
44	61	-18.9162	-8.30285	29.5105	-2.32365
44	62	-19.0449	-8.64886	29.8513	-2.31887
44	63	-19.1684	-8.99675	30.1907	-2.31403
44	64	-19.2857	-9.34826	30.5292	-2.30907
44	65	-19.3944	-9.70333	30.8654	-2.30393
44	66	-19.4939	-10.0598	31.1973	-2.29865
44	67	-19.5863	-10.4165	31.5255	-2.29331
44	68	-19.6729	-10.7748	31.852	-2.28791
44	69	-19.7523	-11.1365	32.1774	-2.28238
44	70	-19.8217	-11.5015	32.4996	-2.27667
44	71	-19.8803	-11.867	32.8164	-2.2708
44	72	-19.9308	-12.2315	33.1283	-2.26488
44	73	-19.9754	-12.596	33.4375	-2.25893
44	74	-20.0141	-12.9615	33.7451	-2.25294
44	75	-20.0456	-13.328	34.05	-2.24687
44	76	-20.0701	-13.6942	34.3516	-2.24076
44	77	-20.0887	-14.0601	34.6506	-2.23462
44	78	-20.1013	-14.4268	34.9479	-2.22844
44	79	-20.1061	-14.795	35.2429	-2.22216
44	80	-20.1014	-15.1632	35.5336	-2.21577
44	81	-20.0882	-15.5298	35.8194	-2.20933
44	82	-20.0684	-15.895	36.1016	-2.20286
44	83	-20.0419	-16.2606	36.3817	-2.19633
44	84	-20.0062	-16.627	36.6587	-2.18969
44	85	-19.9596	-16.9923	36.93	-2.18292
44	86	-19.9038	-17.3543	37.195	-2.1761
44	87	-19.8415	-17.7135	37.4559	-2.16928
44	88	-19.7731	-18.072	37.7144	-2.16242
44	89	-19.6965	-18.4305	37.9701	-2.15548
44	90	-19.6096	-18.7874	38.2207	-2.14843
44	91	-19.5132	-19.1404	38.4648	-2.14132
44	92	-19.4101	-19.4897	38.704	-2.13421
44	93	-19.301	-19.837	38.9404	-2.12708
44	94	-19.1844	-20.1832	39.1739	-2.11988
44	95	-19.0586	-20.527	39.4025	-2.11261
44	96	-18.9247	-20.8664	39.6253	-2.10529
44	97	-18.7849	-21.2022	39.8441	-2.09798
44	98	-18.6399	-21.5361	40.0608	-2.09066
44	99	-18.4871	-21.8683	40.2743	-2.08327
44	100	-18.3377	-22.1499	40.4474	-2.07663
44	101	-18.1848	-22.3895	40.5836	-2.07048
44	102	-18.018	-22.5885	40.6791	-2.06454
44	103	-17.8344	-22.7064	40.6966	-2.05919
44	104	-17.6282	-22.7595	40.6472	-2.0541
44	105	-17.4267	-22.8193	40.6071	-2.04902
44	106	-17.2232	-22.8635	40.5531	-2.04406
44	107	-17.0187	-22.8965	40.4897	-2.0392
44	108	-16.8135	-22.9203	40.4188	-2.0344
44	109	-16.6075	-22.9332	40.3387	-2.02969
44	110	-16.4006	-22.9304	40.2449	-2.02511
44	111	-16.1961	-22.8992	40.1275	-2.02087
44	112	-15.9934	-22.8296	39.977	-2.01706
44	113	-15.7887	-22.7212	39.7911	-2.0136
44	114	-15.5812	-22.5788	39.5737	-2.0104
44	115	-15.3875	-22.4205	39.3481	-2.00766
44	116	-15.2067	-22.2462	39.1138	-2.00536
44	117	-15.0373	-22.0547	38.8689	-2.00348
44	118	-14.8773	-21.8522	38.618	-2.00192
44	119	-14.7235	-21.6435	38.3642	-2.00055
44	120	-14.5734	-21.4317	38.1092	-1.99928
44	121	-14.4267	-21.2169	37.8528	-1.99812
44	122	-14.2829	-20.9995	37.5954	-1.99703
44	123	-14.1419	-20.7801	37.3373	-1.99602
44	124	-14.004	-20.5598	37.0798	-1.99508
44	125	-13.8698	-20.34	36.8242	-1.99422
44	126	-13.74	-20.1175	36.5681	-1.99348
44	127	-13.6141	-19.8937	36.3123	-1.99285
44	128	-13.4907	-19.6695	36.0572	-1.99227
44	129	-13.369	-19.4455	35.803	-1.99173
44	130	-13.2496	-19.2218	35.5501	-1.99124
44	131	-13.1346	-18.9934	35.2947	-1.99091
44	132	-13.0245	-18.7622	35.0387	-1.99073
44	133	-12.9183	-18.5306	34.7839	-1.99065
44	134	-12.8142	-18.3004	34.5313	-1.99062
44	135	-12.7112	-18.0723	34.281	-1.99059
44	136	-12.6104	-17.8398	34.0276	-1.99067
44	137	-12.5127	-17.6038	33.7723	-1.99087
44	138	-12.4183	-17.3657	33.5164	-1.9912
44	139	-12.3274	-17.1277	33.262	-1.99163
44	140	-12.2397	-16.8917	33.0108	-1.99212
44	141	-12.1561	-16.6525	32.7583	-1.99278
48	0	16.6544	-32.3402	48.102	-1.24504
48	1	16.5596	-32.0639	47.8099	-1.24507
48	2	16.4573	-31.7905	47.5182	-1.24527
48	3	16.3482	-31.5188	47.2259	-1.24562
48	4	16.2313	-31.2478	46.9318	-1.24614
48	5	16.1041	-30.9779	46.6354	-1.24687
48	6	15.9652	-30.7113	46.3385	-1.24789
48	7	15.8155	-30.4505	46.0437	-1.24917
48	8	15.6579	-30.1958	45.7522	-1.25068
48	9	15.4945	-29.9455	45.4633	-1.25236
48	10	15.3254	-29.698	45.1754	-1.2542
48	11	15.149	-29.4539	44.8886	-1.25624
48	12	14.9871	-29.2506	44.6453	-1.25828
48	13	14.8358	-29.0789	44.4355	-1.26033
48	14	14.6838	-28.9377	44.2548	-1.26263
48	15	14.5314	-28.8182	44.0947	-1.2651
48	16	14.3708	-28.7228	43.9556	-1.26793
48	17	14.1971	-28.6974	43.8799	-1.27154
48	18	14.0037	-28.7371	43.8612	-1.27601
48	19	13.8119	-28.7901	43.8566	-1.28055
48	20	13.6179	-28.8385	43.8479	-1.28511
48	21	13.422	-28.8828	43.8357	-1.28968
48	22	13.2246	-28.9257	43.8226	-1.29428
48	23	13.0263	-28.9707	43.8123	-1.29891
48	24	12.8263	-29.0162	43.8028	-1.30359
48	25	12.6249	-29.0641	43.7963	-1.30832
48	26	12.4222	-29.1122	43.7907	-1.31307
48	27	12.2192	-29.1614	43.787	-1.31784
48	28	12.0165	-29.2105	43.7844	-1.3226
48	29	11.8153	-29.2602	43.7836	-1.32734
48	30	11.616	-29.3105	43.7849	-1.33203
48	31	11.4195	-29.3646	43.7914	-1.33668
48	32	11.2274	-29.429	43.81	-1.34129
48	33	11.046	-29.5184	43.8562	-1.34578
48	34	10.8742	-29.6376	43.9345	-1.3502
48	35	10.711	-29.7836	44.0416	-1.35454
48	36	10.5478	-29.953	44.1725	-1.35897
48	37	10.4026	-30.1301	44.3155	-1.36301
48	38	10.2751	-30.318	44.4734	-1.36669
48	39	10.163	-30.5172	44.646	-1.37005
48	40	10.0622	-30.7223	44.8271	-1.37317
48	41	9.9687	-30.929	45.0115	-1.37611
48	42	9.87895	-31.135	45.1965	-1.37894
48	43	9.79075	-31.34	45.3811	-1.38171
48	44	9.70195	-31.5436	45.5645	-1.38446
48	45	9.61189	-31.7465	45.7474	-1.38722
48	46	9.52227	-31.9507	45.932	-1.38995
48	47	9.43447	-32.1558	46.1182	-1.39262
48	48	9.35008	-32.362	46.3063	-1.3952
48	49	9.27128	-32.5686	46.496	-1.39765
48	50	9.19933	-32.7749	46.687	-1.39993
48	51	9.13655	-32.9823	46.8808	-1.402
48	52	9.08644	-33.1914	47.0785	-1.40379
48	53	9.05107	-33.4064	47.2848	-1.40529
48	54	9.03198	-33.628	47.5002	-1.40645
48	55	9.03184	-33.8614	47.7305	-1.40726
48	56	9.05113	-34.0843	47.9536	-1.40762
48	57	9.09089	-34.2994	48.1722	-1.40753
48	58	9.14957	-34.5081	48.3877	-1.40703
48	59	9.22134	-34.7126	48.6012	-1.40626
48	60	9.30131	-34.9134	48.8124	-1.40532
48	61	9.38594	-35.1106	49.0208	-1.40428
48	62	9.47283	-35.305	49.227	-1.40319
48	63	9.56074	-35.4976	49.4316	-1.40209
48	64	9.64938	-35.6888	49.635	-1.40097
48	65	9.73763	-35.8799	49.8383	-1.39988
48	66	9.82708	-36.0704	50.0413	-1.39876
48	67	9.91835	-36.2598	50.2435	-1.39762
48	68	10.0123	-36.4466	50.4438	-1.39642
48	69	10.108	-36.6303	50.6413	-1.39519
48	70	10.2038	-36.8109	50.8359	-1.39395
48	71	10.2972	-36.9899	51.0286	-1.39277
48	72	10.3911	-37.1671	51.2197	-1.39158
48	73	10.4842	-37.3436	51.4099	-1.39041
48	74	10.5773	-37.5191	51.5994	-1.38924
48	75	10.6712	-37.6935	51.7879	-1.38807
48	76	10.7686	-37.8663	51.9756	-1.38683
48	77	10.8692	-38.0366	52.1614	-1.38553
48	78	10.9717	-38.2036	52.3445	-1.38419
48	79	11.0746	-38.3674	52.5245	-1.38285
48	80	11.177	-38.5281	52.7016	-1.38151
48	81	11.2763	-38.6877	52.8771	-1.38023
48	82	11.3772	-38.8456	53.0513	-1.37893
48	83	11.4795	-39.0019	53.2243	-1.3776
48	84	11.5832	-39.1566	53.3961	-1.37625
48	85	11.688	-39.3094	53.5663	-1.37488
48	86	11.7938	-39.4598	53.7344	-1.3735
48	87	11.9002	-39.607	53.8997	-1.3721
48	88	12.0091	-39.7512	54.0627	-1.37065
48	89	12.1199	-39.8922	54.2229	-1.36916
48	90	12.2313	-40.0302	54.3805	-1.36766
48	91	12.3426	-40.166	54.536	-1.36617
48	92	12.4522	-40.3007	54.6903	-1.36471
48	93	12.5612	-40.4338	54.8429	-1.36326
48	94	12.6698	-40.5649	54.9936	-1.36182
48	95	12.7803	-40.6937	55.1426	-1.36034
48	96	12.892	-40.8197	55.2891	-1.35884
48	97	13.0015	-40.9449	55.4347	-1.35739
48	98	13.1116	-41.0661	55.5766	-1.35591
48	99	13.2235	-41.1814	55.7131	-1.35439
48	100	13.3469	-41.25	55.8067	-1.35249
48	101	13.4841	-41.2649	55.8511	-1.35015
48	102	13.6269	-41.2457	55.8638	-1.34758
48	103	13.7694	-41.2067	55.8575	-1.34494
48	104	13.9143	-41.1493	55.8343	-1.34218
48	105	14.0658	-41.0709	55.7924	-1.33922
48	106	14.2287	-40.9675	55.7295	-1.33595
48	107	14.4087	-40.835	55.6429	-1.33225
48	108	14.6126	-40.6686	55.5298	-1.32797
48	109	14.8098	-40.494	55.4084	-1.32376
48	110	14.9991	-40.311	55.2777	-1.31963
48	111	15.1843	-40.1231	55.1421	-1.31553
48	112	15.3644	-39.928	54.9993	-1.31147
48	113	15.5377	-39.7244	54.8474	-1.30746
48	114	15.7025	-39.512	54.6856	-1.30354
48	115	15.8573	-39.292	54.5147	-1.29973
48	116	16.0023	-39.0664	54.3365	-1.29605
48	117	16.1389	-38.8364	54.1525	-1.29247
48	118	16.2684	-38.6019	53.963	-1.28897
48	119	16.391	-38.3619	53.7669	-1.28554
48	120	16.5054	-38.1155	53.563	-1.28219
48	121	16.6099	-37.8629	53.3508	-1.27897
48	122	16.7034	-37.6055	53.1315	-1.27589
48	123	16.7865	-37.3452	52.9067	-1.27296
48	124	16.8609	-37.0824	52.6775	-1.27014
48	125	16.9273	-36.8164	52.4433	-1.26743
48	126	16.9851	-36.5461	52.2028	-1.26483
48	127	17.0324	-36.2711	51.955	-1.26236
48	128	17.0673	-35.9927	51.7005	-1.26009
48	129	17.0898	-35.7132	51.4413	-1.25801
48	130	17.102	-35.4339	51.1795	-1.2561
48	131	17.1058	-35.1547	50.9152	-1.25433
48	132	17.1022	-34.8744	50.6478	-1.25268
48	133	17.0902	-34.5921	50.376	-1.25115
48	134	17.0682	-34.3082	50.0995	-1.24979
48	135	17.0351	-34.0241	49.8195	-1.24862
48	136	16.992	-33.7414	49.5378	-1.24764
48	137	16.9407	-33.4604	49.2551	-1.24682
48	138	16.8821	-33.1802	48.9707	-1.24613
48	139	16.8157	-32.8997	48.6838	-1.24558
48	140	16.7401	-32.6192	48.3939	-1.24521
49	0	-13.0164	-35.6463	50.9209	-1.85498
49	1	-12.9528	-35.4239	50.6896	-1.85501
49	2	-12.8912	-35.1992	50.4567	-1.85509
49	3	-12.8322	-34.9731	50.2232	-1.85522
49	4	-12.7756	-34.7463	49.9896	-1.85541
49	5	-12.7171	-34.5197	49.7557	-1.85556
49	6	-12.6567	-34.2924	49.5205	-1.85568
49	7	-12.5945	-34.0633	49.2832	-1.85577
49	8	-12.5336	-33.8311	49.0432	-1.85591
49	9	-12.4752	-33.5962	48.8013	-1.85612
49	10	-12.4215	-33.3588	48.5585	-1.85643
49	11	-12.3746	-33.12	48.3161	-1.85689
49	12	-12.3373	-32.88	48.0753	-1.85756
49	13	-12.3138	-32.6382	47.8368	-1.85852
49	14	-12.3105	-32.39	47.5979	-1.85993
49	15	-12.3252	-32.1346	47.3574	-1.86177
49	16	-12.3609	-31.8653	47.1098	-1.86413
49	17	-12.4139	-31.6098	46.8807	-1.86679
49	18	-12.486	-31.3635	46.6664	-1.86981
49	19	-12.5759	-31.1253	46.4655	-1.87317
49	20	-12.6768	-30.8909	46.272	-1.87676
49	21	-12.7846	-30.6601	46.0848	-1.8805
49	22	-12.8964	-30.4325	45.9024	-1.88433
49	23	-13.0092	-30.2054	45.7215	-1.88821
49	24	-13.1212	-29.9768	45.5396	-1.89211
49	25	-13.2329	-29.746	45.3563	-1.89605
49	26	-13.3443	-29.5123	45.1708	-1.90004
49	27	-13.4577	-29.2765	44.9847	-1.90412
49	28	-13.5739	-29.04	44.7996	-1.9083
49	29	-13.6923	-28.804	44.6165	-1.91256
49	30	-13.811	-28.569	44.4354	-1.91685
49	31	-13.9277	-28.3332	44.2535	-1.92113
49	32	-14.0422	-28.0954	44.0698	-1.92543
49	33	-14.1558	-27.8548	43.884	-1.92976
49	34	-14.2711	-27.6121	43.6978	-1.93418
49	35	-14.387	-27.3677	43.5109	-1.93867
49	36	-14.5042	-27.1228	43.325	-1.94322
49	37	-14.622	-26.8781	43.1405	-1.94783
49	38	-14.7389	-26.6331	42.9561	-1.95246
49	39	-14.8549	-26.3868	42.7712	-1.95712
49	40	-14.9697	-26.1388	42.5852	-1.96181
49	41	-15.0856	-25.889	42.399	-1.96658
49	42	-15.2041	-25.6382	42.2137	-1.97147
49	43	-15.3267	-25.3882	42.0319	-1.97647
49	44	-15.4547	-25.141	41.8558	-1.98161
49	45	-15.5899	-24.8988	41.6883	-1.9869
49	46	-15.7367	-24.6644	41.5339	-1.99242
49	47	-15.9047	-24.4405	41.3991	-1.99834
49	48	-16.0776	-24.2511	41.2991	-2.00405
49	49	-16.2623	-24.1082	41.2475	-2.00957
49	50	-16.4588	-24.0082	41.2411	-2.01491
49	51	-16.6635	-23.9379	41.2662	-2.02012
49	52	-16.8718	-23.8835	41.3082	-2.02523
49	53	-17.0824	-23.8402	41.3622	-2.03027
49	54	-17.2944	-23.8064	41.4265	-2.03522
49	55	-17.5073	-23.7829	41.5013	-2.04006
49	56	-17.7204	-23.7738	41.59	-2.04473
49	57	-17.9314	-23.7941	41.7047	-2.04901
49	58	-18.1147	-23.9085	41.8908	-2.05163
49	59	-18.2946	-24.0936	42.1382	-2.05339
49	60	-18.466	-24.317	42.4157	-2.05452
49	61	-18.6388	-24.5815	42.7302	-2.05522
49	62	-18.8213	-24.8953	43.0929	-2.05558
49	63	-18.9971	-25.2104	43.4535	-2.05578
49	64	-19.1685	-25.5262	43.8128	-2.05588
49	65	-19.3352	-25.8446	44.1722	-2.05586
49	66	-19.4947	-26.1671	44.5319	-2.05565
49	67	-19.6443	-26.4926	44.8896	-2.05522
49	68	-19.7845	-26.8183	45.2431	-2.05461
49	69	-19.9181	-27.1429	45.5927	-2.05389
49	70	-20.0471	-27.4673	45.9399	-2.0531
49	71	-20.1713	-27.7933	46.2863	-2.05221
49	72	-20.2883	-28.1224	46.6322	-2.05116
49	73	-20.3954	-28.4535	46.9754	-2.04993
49	74	-20.493	-28.784	47.3137	-2.04854
49	75	-20.5836	-29.1128	47.6474	-2.04705
49	76	-20.6693	-29.4408	47.9782	-2.04551
49	77	-20.7497	-29.7699	48.3077	-2.04388
49	78	-20.8223	-30.1018	48.6364	-2.04209
49	79	-20.883	-30.4362	48.962	-2.0401
49	80	-20.9309	-30.7696	49.2811	-2.03791
49	81	-20.969	-31.0996	49.593	-2.03559
49	82	-21.001	-31.426	49.8993	-2.03324
49	83	-21.0293	-31.7501	50.2021	-2.03086
49	84	-21.0543	-32.0731	50.5028	-2.02846
49	85	-21.0746	-32.3966	50.8021	-2.02601
49	86	-21.0869	-32.7218	51.0998	-2.02343
49	87	-21.0873	-33.048	51.3935	-2.02066
49	88	-21.0738	-33.372	51.6796	-2.0177
49	89	-21.0488	-33.6908	51.9566	-2.01461
49	90	-21.0161	-34.0047	52.2262	-2.01146
49	91	-20.978	-34.3151	52.491	-2.00829
49	92	-20.9343	-34.6239	52.7525	-2.00506
49	93	-20.8829	-34.9318	53.0105	-2.00173
49	94	-20.821	-35.2379	53.2631	-1.99827
49	95	-20.7476	-35.5398	53.5077	-1.99469
49	96	-20.6645	-35.8356	53.7436	-1.99102
49	97	-20.5743	-36.1258	53.972	-1.9873
49	98	-20.4778	-36.4119	54.195	-1.98353
49	99	-20.3741	-36.6948	54.413	-1.9797
49	100	-20.2612	-36.9743	54.6249	-1.97577
49	101	-20.1382	-37.2483	54.8288	-1.97174
49	102	-20.0061	-37.5151	55.0234	-1.96764
49	103	-19.8672	-37.7749	55.2097	-1.9635
49	104	-19.7225	-38.0288	55.3894	-1.95933
49	105	-19.5718	-38.2779	55.5634	-1.95512
49	106	-19.4137	-38.5222	55.731	-1.95085
49	107	-19.2472	-38.7601	55.8908	-1.9465
49	108	-19.0729	-38.9903	56.0414	-1.9421
49	109	-18.8925	-39.2122	56.1833	-1.93768
49	110	-18.7074	-39.427	56.318	-1.93324
49	111	-18.518	-39.6362	56.447	-1.92879
49	112	-18.3244	-39.8411	56.5717	-1.92431
49	113	-18.1223	-40.0377	56.6867	-1.91977
49	114	-17.9126	-40.2254	56.792	-1.91517
49	115	-17.6968	-40.4032	56.8872	-1.91054
49	116	-17.4767	-40.5719	56.9734	-1.90591
49	117	-17.253	-40.7326	57.0522	-1.90128
49	118	-17.0256	-40.8862	57.1244	-1.89665
49	119	-16.7937	-41.0324	57.1893	-1.89199
49	120	-16.5569	-41.1698	57.2455	-1.8873
49	121	-16.3159	-41.297	57.2919	-1.88262
49	122	-16.1012	-41.3946	57.3195	-1.87853
49	123	-15.9049	-41.4671	57.3295	-1.87488
49	124	-15.7194	-41.5153	57.3203	-1.87154
49	125	-15.5392	-41.5255	57.2769	-1.86848
49	126	-15.4099	-41.4449	57.162	-1.86674
49	127	-15.2953	-41.3168	57.0061	-1.86547
49	128	-15.1959	-41.1708	56.8375	-1.86454
49	129	-15.1038	-41.0163	56.663	-1.86377
49	130	-15.015	-40.8568	56.4847	-1.86308
49	131	-14.9284	-40.6932	56.3031	-1.86245
49	132	-14.8438	-40.5264	56.119	-1.86186
49	133	-14.7607	-40.3571	55.933	-1.8613
49	134	-14.6784	-40.1859	55.7454	-1.86077
49	135	-14.5954	-40.0136	55.5565	-1.86022
49	136	-14.512	-39.8395	55.3659	-1.85968
49	137	-14.4275	-39.6636	55.1732	-1.85912
49	138	-14.3433	-39.4846	54.9777	-1.85858
49	139	-14.2606	-39.3022	54.7793	-1.85807
49	140	-14.1802	-39.1164	54.5783	-1.85763
49	141	-14.1031	-38.9275	54.3754	-1.85725
49	142	-14.0296	-38.7367	54.1716	-1.85694
49	143	-13.9591	-38.5448	53.9676	-1.85669
49	144	-13.8888	-38.3513	53.7621	-1.85645
49	145	-13.817	-38.1564	53.5549	-1.85619
49	146	-13.7445	-37.9594	53.3454	-1.85593
49	147	-13.6719	-37.7595	53.1332	-1.85567
49	148	-13.6004	-37.5564	52.9182	-1.85546
49	149	-13.5317	-37.3501	52.7009	-1.85531
49	150	-13.4664	-37.1417	52.4825	-1.85523
49	151	-13.4024	-36.9316	52.2629	-1.85518
49	152	-13.3389	-36.7206	52.0426	-1.85514
49	153	-13.2747	-36.5092	51.8216	-1.8551
49	154	-13.2097	-36.2967	51.5995	-1.85505
49	155	-13.1449	-36.0825	51.3757	-1.855
49	156	-13.0808	-35.8658	51.1497	-1.85499
