# CellID	NodeIndex	X	Y	R	Theta
8	0	45.3972	6.40132	46.6622	0.248725
8	1	45.5041	6.66085	46.8302	0.253535
8	2	45.5953	6.92395	46.985	0.258469
8	3	45.6737	7.18946	47.1293	0.263491
8	4	45.7406	7.4586	47.2646	0.268619
8	5	45.7949	7.73296	47.3904	0.273897
8	6	45.8334	8.01217	47.5038	0.279336
8	7	45.8546	8.29322	47.6023	0.284889
8	8	45.8599	8.57295	47.6868	0.290487
8	9	45.8525	8.85067	47.76	0.296103
8	10	45.8338	9.12774	47.8238	0.301758
8	11	45.803	9.40552	47.8776	0.307489
8	12	45.7574	9.68354	47.9192	0.313307
8	13	45.6957	9.95909	47.9462	0.319171
8	14	45.6193	10.2295	47.9593	0.325026
8	15	45.5308	10.4946	47.9609	0.330852
8	16	45.4313	10.7559	47.9526	0.33668
8	17	45.3191	11.0146	47.933	0.342547
8	18	45.1912	11.2694	47.8988	0.348455
8	19	45.0462	11.5164	47.8477	0.354341
8	20	44.887	11.7521	47.781	0.360125
8	21	44.7175	11.977	47.7024	0.365788
8	22	44.5398	12.1934	47.6146	0.371368
8	23	44.3529	12.4032	47.5173	0.376909
8	24	44.1545	12.6056	47.408	0.382418
8	25	43.9437	12.7975	47.2848	0.387848
8	26	43.7225	12.9763	47.1483	0.393132
8	27	43.4944	13.1422	47.0018	0.398251
8	28	43.2608	13.2975	46.8473	0.403242
8	29	43.0207	13.444	46.6845	0.408146
8	30	42.7718	13.5805	46.5108	0.412964
8	31	42.5133	13.7036	46.3239	0.417638
8	32	42.2476	13.8103	46.1247	0.422088
8	33	41.9785	13.9008	45.9167	0.426287
8	34	41.7076	13.9778	45.7023	0.430272
8	35	41.4344	14.0434	45.4816	0.434089
8	36	41.1573	14.0972	45.2532	0.437743
8	37	40.8767	14.1378	45.0166	0.441202
8	38	40.6315	14.165	44.8066	0.444088
8	39	40.4136	14.1797	44.6163	0.446483
8	40	40.2152	14.1865	44.4403	0.44855
8	41	40.0279	14.1821	44.2698	0.450293
8	42	39.8438	14.1722	44.0997	0.451909
8	43	39.6548	14.1498	43.92	0.453329
8	44	39.4504	14.1168	43.7218	0.454699
8	45	39.2117	14.0613	43.4831	0.455962
8	46	38.9317	14.0178	43.2126	0.457911
8	47	38.7198	13.9401	42.9882	0.45847
8	48	38.5443	13.8253	42.78	0.45788
8	49	38.3946	13.693	42.5872	0.456646
8	50	38.257	13.5544	42.4027	0.455144
8	51	38.1334	13.4064	42.2267	0.453283
8	52	38.0112	13.2584	42.0521	0.451391
8	53	37.8984	13.1033	41.883	0.449234
8	54	37.7838	12.9465	41.7118	0.44704
8	55	37.6762	12.7822	41.5439	0.444595
8	56	37.5689	12.6161	41.3757	0.442085
8	57	37.4684	12.443	41.211	0.439331
8	58	37.3704	12.2683	41.0482	0.436496
8	59	37.2792	12.0892	40.89	0.433469
8	60	37.1905	11.9103	40.7345	0.430398
8	61	37.106	11.7285	40.5821	0.427196
8	62	37.0224	11.5464	40.4308	0.423952
8	63	36.9409	11.3602	40.2801	0.420573
8	64	36.8607	11.1712	40.13	0.417087
8	65	36.7851	10.9794	39.9835	0.413469
8	66	36.7141	10.7845	39.8403	0.409704
8	67	36.6495	10.5886	39.7034	0.405826
8	68	36.5917	10.3941	39.5737	0.401888
8	69	36.5394	10.2001	39.4501	0.397881
8	70	36.4929	10.007	39.3327	0.393812
8	71	36.4519	9.81263	39.2207	0.389637
8	72	36.4192	9.61614	39.1161	0.385308
8	73	36.3981	9.41593	39.0217	0.380757
8	74	36.3958	9.20922	38.9432	0.375851
8	75	36.4205	8.99437	38.8879	0.370479
8	76	36.4837	8.75862	38.8622	0.364235
8	77	36.6011	8.48899	38.877	0.356679
8	78	36.66	8.24973	38.8494	0.350379
8	79	36.6897	8.04089	38.8061	0.345061
8	80	36.7281	7.84844	38.7777	0.340056
8	81	36.7724	7.66373	38.7583	0.335182
8	82	36.8273	7.48081	38.7505	0.330258
8	83	36.8954	7.31361	38.761	0.325608
8	84	36.9726	7.15699	38.7845	0.321145
8	85	37.066	7.01283	38.828	0.316862
8	86	37.1618	6.87142	38.8753	0.312638
8	87	37.2692	6.73571	38.936	0.308474
8	88	37.3805	6.59913	39.001	0.304271
8	89	37.4975	6.46395	39.0725	0.300072
8	90	37.6209	6.33002	39.1511	0.295873
8	91	37.7492	6.19555	39.235	0.291641
8	92	37.8842	6.06166	39.3261	0.287393
8	93	38.0245	5.92741	39.4229	0.283119
8	94	38.1693	5.79385	39.5251	0.27885
8	95	38.3162	5.66036	39.6299	0.274592
8	96	38.4648	5.52878	39.7376	0.270391
8	97	38.6139	5.39874	39.8469	0.266246
8	98	38.7633	5.26982	39.9575	0.26215
8	99	38.914	5.14209	40.0702	0.258096
8	100	39.0679	5.01182	40.1861	0.253985
8	101	39.2261	4.87942	40.3063	0.249819
8	102	39.3887	4.74526	40.431	0.24561
8	103	39.5545	4.6095	40.5592	0.241369
8	104	39.7208	4.47513	40.689	0.237185
8	105	39.8905	4.34143	40.8228	0.233025
8	106	40.0617	4.20473	40.9582	0.228812
8	107	40.2358	4.06377	41.0962	0.224511
8	108	40.4157	3.92005	41.24	0.220142
8	109	40.5993	3.77434	41.3877	0.215738
8	110	40.7876	3.63142	41.5415	0.211407
8	111	40.9786	3.51323	41.7037	0.207675
8	112	41.1659	3.45132	41.8743	0.205306
8	113	41.3591	3.43291	42.0598	0.203941
8	114	41.5545	3.43772	42.2521	0.203115
8	115	41.755	3.45687	42.4523	0.202605
8	116	41.9662	3.49435	42.6668	0.202469
8	117	42.1963	3.55221	42.9038	0.202712
8	118	42.4542	3.63704	43.1735	0.203434
8	119	42.7102	3.73643	43.4444	0.204484
8	120	42.9621	3.85194	43.7145	0.205901
8	121	43.2062	3.98325	43.9803	0.207689
8	122	43.4405	4.12766	44.2395	0.209791
8	123	43.6659	4.2826	44.4924	0.212142
8	124	43.8843	4.44778	44.7408	0.214723
8	125	44.0959	4.62487	44.9854	0.217567
8	126	44.2984	4.81543	45.2245	0.220715
8	127	44.4888	5.01849	45.455	0.224157
8	128	44.666	5.23073	45.6753	0.227825
8	129	44.8317	5.44937	45.8864	0.231651
8	130	44.9882	5.67404	46.0906	0.235616
8	131	45.1362	5.90649	46.2892	0.239752
8	132	45.2738	6.14887	46.4809	0.244115
9	0	-35.5768	22.792	45.3328	2.47927
9	1	-35.6394	22.9724	45.4931	2.47699
9	2	-35.7098	23.1515	45.6591	2.47485
9	3	-35.7824	23.3312	45.8275	2.47275
9	4	-35.8636	23.5077	46.0006	2.47083
9	5	-35.9459	23.6821	46.1736	2.46898
9	6	-36.0371	23.8523	46.351	2.46733
9	7	-36.1312	24.0199	46.5292	2.46578
9	8	-36.2301	24.1835	46.7088	2.46438
9	9	-36.3315	24.345	46.8891	2.46305
9	10	-36.4364	24.5047	47.071	2.4618
9	11	-36.5454	24.6633	47.2555	2.46064
9	12	-36.6597	24.8206	47.4434	2.45959
9	13	-36.7802	24.9758	47.6347	2.45865
9	14	-36.9072	25.1271	47.8288	2.45787
9	15	-37.039	25.2744	48.024	2.45723
9	16	-37.1752	25.4166	48.2194	2.45673
9	17	-37.3136	25.5553	48.4143	2.45632
9	18	-37.4546	25.6904	48.609	2.456
9	19	-37.5981	25.823	48.8041	2.45576
9	20	-37.7454	25.9522	48.9999	2.45562
9	21	-37.8974	26.0771	49.1966	2.45562
9	22	-38.0514	26.1968	49.3916	2.45572
9	23	-38.2083	26.3091	49.5842	2.45597
9	24	-38.3681	26.4132	49.7738	2.45638
9	25	-38.5302	26.5045	49.9571	2.45702
9	26	-38.6858	26.5996	50.1378	2.45751
9	27	-38.8477	26.6518	50.2962	2.45874
9	28	-39.0267	26.6635	50.4426	2.4608
9	29	-39.2104	26.6819	50.5971	2.4628
9	30	-39.4021	26.6811	50.7458	2.46519
9	31	-39.6067	26.6604	50.8927	2.46802
9	32	-39.8311	26.616	51.0407	2.47145
9	33	-40.083	26.5421	51.1926	2.47563
9	34	-40.3498	26.4407	51.3404	2.4804
9	35	-40.6092	26.3223	51.473	2.48531
9	36	-40.8589	26.1908	51.5912	2.49028
9	37	-41.0997	26.0497	51.6979	2.49527
9	38	-41.3339	25.8999	51.7953	2.50031
9	39	-41.5626	25.7395	51.8832	2.50542
9	40	-41.7842	25.5659	51.9591	2.51064
9	41	-41.9953	25.3786	52.0197	2.51594
9	42	-42.1931	25.1803	52.0647	2.52125
9	43	-42.3784	24.9742	52.0964	2.52654
9	44	-42.5536	24.7618	52.1176	2.53181
9	45	-42.72	24.5414	52.1285	2.5371
9	46	-42.8759	24.3107	52.1265	2.54245
9	47	-43.0176	24.0688	52.1078	2.54781
9	48	-43.1416	23.8185	52.0713	2.55313
9	49	-43.2484	23.5643	52.0197	2.55833
9	50	-43.341	23.3083	51.9566	2.56343
9	51	-43.4219	23.0499	51.8839	2.56845
9	52	-43.4912	22.7875	51.8005	2.57343
9	53	-43.5466	22.5203	51.704	2.57836
9	54	-43.5853	22.2499	51.593	2.5832
9	55	-43.6071	21.9795	51.4687	2.58788
9	56	-43.6141	21.7112	51.3342	2.59239
9	57	-43.6087	21.445	51.1911	2.59677
9	58	-43.5914	21.1792	51.039	2.60105
9	59	-43.5603	20.9132	50.8759	2.60522
9	60	-43.5126	20.648	50.6998	2.60923
9	61	-43.4472	20.3872	50.5114	2.61303
9	62	-43.366	20.1335	50.3137	2.61657
9	63	-43.2722	19.8874	50.1094	2.61988
9	64	-43.1673	19.6474	49.8992	2.623
9	65	-43.0506	19.4125	49.6816	2.62594
9	66	-42.9201	19.1834	49.4552	2.62867
9	67	-42.7744	18.9626	49.22	2.63113
9	68	-42.6148	18.7532	48.9786	2.63327
9	69	-42.4443	18.556	48.7338	2.6351
9	70	-42.2654	18.3697	48.487	2.63667
9	71	-42.0782	18.1927	48.2376	2.638
9	72	-41.8813	18.0245	47.984	2.63909
9	73	-41.6727	17.8672	47.7254	2.63988
9	74	-41.4525	17.7241	47.4635	2.64029
9	75	-41.2235	17.5978	47.202	2.6403
9	76	-40.9892	17.4892	46.9444	2.63993
9	77	-40.7855	17.4117	46.7286	2.63929
9	78	-40.6057	17.3557	46.544	2.63849
9	79	-40.4421	17.3192	46.3831	2.63748
9	80	-40.2893	17.2966	46.2384	2.63631
9	81	-40.1423	17.2955	46.1093	2.63479
9	82	-40.0004	17.2803	45.9779	2.63358
9	83	-39.8683	17.3106	45.8773	2.6316
9	84	-39.7336	17.3896	45.7985	2.62866
9	85	-39.586	17.4583	45.7038	2.62576
9	86	-39.4381	17.5437	45.6175	2.62254
9	87	-39.2859	17.6368	45.5318	2.6191
9	88	-39.1332	17.7389	45.4507	2.61548
9	89	-38.9791	17.8469	45.3721	2.61171
9	90	-38.8248	17.9606	45.2967	2.60783
9	91	-38.6697	18.0785	45.2235	2.60384
9	92	-38.5128	18.1997	45.1512	2.59975
9	93	-38.3535	18.3251	45.0798	2.59555
9	94	-38.193	18.4539	45.01	2.59125
9	95	-38.0315	18.5877	44.9427	2.58683
9	96	-37.8721	18.726	44.8805	2.58234
9	97	-37.7151	18.8669	44.8227	2.57782
9	98	-37.5602	19.0089	44.7681	2.57329
9	99	-37.4075	19.1514	44.7165	2.56876
9	100	-37.2542	19.2933	44.6651	2.56423
9	101	-37.1012	19.4374	44.616	2.55966
9	102	-36.9487	19.5856	44.5706	2.555
9	103	-36.7969	19.7379	44.5289	2.55026
9	104	-36.6467	19.8931	44.4912	2.54548
9	105	-36.501	20.0514	44.46	2.5407
9	106	-36.3572	20.2114	44.4324	2.5359
9	107	-36.215	20.3725	44.4077	2.53109
9	108	-36.0744	20.5353	44.3864	2.52627
9	109	-35.9367	20.7018	44.3706	2.52142
9	110	-35.8044	20.8744	44.3637	2.51652
9	111	-35.6828	21.0552	44.3715	2.51161
9	112	-35.583	21.2453	44.4034	2.50682
9	113	-35.5075	21.4481	44.4633	2.50215
9	114	-35.4516	21.6611	44.546	2.49756
9	115	-35.4229	21.8635	44.6449	2.49355
9	116	-35.4146	22.0583	44.7562	2.48997
9	117	-35.4308	22.2462	44.8833	2.48686
9	118	-35.4664	22.43	45.0235	2.4841
9	119	-35.5177	22.6118	45.1754	2.48161
17	0	40.8601	1.03449	41.1468	0.149288
17	1	40.8938	1.32463	41.2242	0.156127
17	2	40.9155	1.61722	41.2922	0.163045
17	3	40.9199	1.86932	41.3382	0.169045
17	4	40.9071	2.08911	41.3631	0.174335
17	5	40.878	2.28366	41.3686	0.179089
17	6	40.8327	2.45524	41.355	0.183366
17	7	40.8014	2.61684	41.354	0.187347
17	8	40.7357	2.74443	41.3134	0.190677
17	9	40.6334	2.85296	41.2338	0.193732
17	10	40.5377	2.9715	41.163	0.197005
17	11	40.4302	3.08625	41.0802	0.200256
17	12	40.3183	3.20312	40.9939	0.203594
17	13	40.1992	3.31997	40.9012	0.20698
17	14	40.0753	3.43881	40.8047	0.210454
17	15	39.9439	3.55977	40.7016	0.214035
17	16	39.8066	3.68381	40.5941	0.217739
17	17	39.6647	3.81066	40.4833	0.221556
17	18	39.5193	3.9399	40.3702	0.225471
17	19	39.3717	4.06736	40.2551	0.229377
17	20	39.2215	4.19718	40.1386	0.233377
17	21	39.0664	4.32703	40.0181	0.23743
17	22	38.9093	4.46102	39.8973	0.241621
17	23	38.7511	4.6011	39.7776	0.245991
17	24	38.5868	4.73579	39.6514	0.250295
17	25	38.4238	4.8727	39.5278	0.254672
17	26	38.2623	5.01196	39.4069	0.259125
17	27	38.0982	5.14974	39.284	0.263585
17	28	37.9323	5.28852	39.1604	0.268111
17	29	37.7636	5.42848	39.0352	0.272713
17	30	37.5929	5.57026	38.9094	0.277404
17	31	37.4199	5.71166	38.7822	0.282132
17	32	37.246	5.85212	38.6547	0.286874
17	33	37.0721	5.99168	38.5279	0.291625
17	34	36.8983	6.12811	38.401	0.29633
17	35	36.7228	6.26075	38.2723	0.300984
17	36	36.5445	6.38141	38.1382	0.305391
17	37	36.3593	6.48839	37.994	0.309542
17	38	36.1666	6.58271	37.8395	0.313468
17	39	35.9721	6.65561	37.6772	0.3169
17	40	35.7819	6.70863	37.5132	0.319823
17	41	35.5938	6.73878	37.3442	0.322173
17	42	35.4077	6.75608	37.1732	0.324199
17	43	35.2218	6.75931	36.9981	0.325883
17	44	35.0356	6.76027	36.8221	0.327526
17	45	34.8484	6.75294	36.6425	0.328981
17	46	34.6595	6.74571	36.4614	0.330467
17	47	34.4691	6.73003	36.2763	0.331761
17	48	34.2779	6.70846	36.0884	0.332922
17	49	34.0866	6.68239	35.8992	0.333976
17	50	33.8992	6.64091	35.7085	0.3346
17	51	33.7156	6.59436	35.5199	0.335059
17	52	33.536	6.53904	35.332	0.335252
17	53	33.3708	6.44943	35.1466	0.334391
17	54	33.2084	6.35049	34.9607	0.333242
17	55	33.0525	6.2446	34.7788	0.331831
17	56	32.9092	6.13283	34.6069	0.330127
17	57	32.7858	6.00384	34.4485	0.327746
17	58	32.6639	5.87427	34.2915	0.325313
17	59	32.5493	5.7349	34.1384	0.322518
17	60	32.4343	5.59183	33.9842	0.319597
17	61	32.3244	5.44174	33.8329	0.316405
17	62	32.2181	5.28705	33.6839	0.313023
17	63	32.1172	5.1276	33.5391	0.309426
17	64	32.021	4.96529	33.3982	0.305674
17	65	31.9289	4.80126	33.2613	0.301805
17	66	31.8379	4.63229	33.1244	0.297751
17	67	31.7465	4.45937	32.9866	0.293552
17	68	31.6573	4.28179	32.8502	0.289163
17	69	31.571	4.10064	32.7161	0.284609
17	70	31.4887	3.91696	32.586	0.279907
17	71	31.4114	3.73191	32.4609	0.275087
17	72	31.3381	3.5466	32.3404	0.270188
17	73	31.2694	3.36103	32.2251	0.265207
17	74	31.2008	3.17237	32.1098	0.260097
17	75	31.1344	2.97984	31.9966	0.254816
17	76	31.0711	2.78377	31.8864	0.249366
17	77	31.0139	2.58461	31.7823	0.243737
17	78	30.963	2.38412	31.6851	0.237984
17	79	30.9177	2.18333	31.5943	0.232146
17	80	30.8788	1.98313	31.5109	0.226247
17	81	30.8493	1.78353	31.4379	0.220271
17	82	30.833	1.58455	31.3791	0.214196
17	83	30.8315	1.38367	31.3355	0.207942
17	84	30.8458	1.17965	31.3081	0.201472
17	85	30.8788	0.969836	31.2991	0.194693
17	86	30.9315	0.769145	31.3128	0.188079
17	87	31.0048	0.577676	31.3496	0.181642
17	88	31.0992	0.394691	31.41	0.175369
17	89	31.208	0.218344	31.4869	0.169252
17	90	31.3262	0.0480484	31.5753	0.163305
17	91	31.4488	-0.118545	31.6698	0.157485
17	92	31.5736	-0.282977	31.7677	0.151757
17	93	31.6988	-0.446574	31.8673	0.146088
17	94	31.827	-0.609338	31.9709	0.140467
17	95	31.9574	-0.770822	32.078	0.134913
17	96	32.0896	-0.929889	32.188	0.129464
17	97	32.2219	-1.08629	32.2995	0.124134
17	98	32.3539	-1.23989	32.4118	0.118927
17	99	32.4848	-1.39141	32.5243	0.113823
17	100	32.615	-1.54132	32.637	0.108807
17	101	32.7443	-1.6898	32.7498	0.103871
17	102	32.8723	-1.83627	32.8623	0.0990345
17	103	33.0038	-1.98218	32.9791	0.0942375
17	104	33.1373	-2.12703	33.0988	0.0895011
17	105	33.272	-2.2706	33.2205	0.0848341
17	106	33.4068	-2.41378	33.343	0.0802129
17	107	33.5431	-2.55572	33.4678	0.0756593
17	108	33.6805	-2.69716	33.5946	0.0711517
17	109	33.8207	-2.83656	33.7248	0.0667333
17	110	33.961	-2.97514	33.8559	0.0623726
17	111	34.1031	-3.1093	33.9896	0.0581727
17	112	34.2434	-3.24076	34.1223	0.0540875
17	113	34.3845	-3.36569	34.2568	0.0502231
17	114	34.5232	-3.48787	34.3894	0.0464724
17	115	34.662	-3.60532	34.5227	0.0428875
17	116	34.7992	-3.71789	34.6552	0.0394723
17	117	34.9379	-3.82294	34.7898	0.0362978
17	118	35.0677	-3.93647	34.9156	0.0329132
17	119	35.2185	-3.99951	35.0644	0.030975
17	120	35.383	-4.05164	35.2272	0.0293512
17	121	35.5709	-4.04355	35.4152	0.0294238
17	122	35.7697	-4.04102	35.614	0.0293305
17	123	35.9864	-4.01047	35.8315	0.0300054
17	124	36.2301	-3.96967	36.0763	0.0309333
17	125	36.5089	-3.90606	36.3571	0.0324449
17	126	36.7858	-3.8323	36.6362	0.034212
17	127	37.0613	-3.74601	36.9146	0.0362928
17	128	37.3348	-3.64397	37.1918	0.0387679
17	129	37.6026	-3.52394	37.4642	0.0416923
17	130	37.8609	-3.38793	37.7282	0.0450087
17	131	38.1093	-3.24009	37.9832	0.0486028
17	132	38.3501	-3.08265	38.2316	0.05241
17	133	38.5851	-2.91477	38.4754	0.0564473
17	134	38.8135	-2.73408	38.714	0.0607745
17	135	39.0323	-2.53974	38.9446	0.0654141
17	136	39.2391	-2.3341	39.1648	0.0703086
17	137	39.4344	-2.12016	39.3752	0.0753801
17	138	39.6204	-1.89868	39.5779	0.0806064
17	139	39.7977	-1.66804	39.7738	0.0860272
17	140	39.9644	-1.42656	39.9613	0.0916893
17	141	40.1173	-1.17522	40.1373	0.0975763
17	142	40.2556	-0.917259	40.3007	0.103613
17	143	40.3812	-0.654714	40.4536	0.109747
17	144	40.496	-0.386869	40.5978	0.115995
17	145	40.5992	-0.111795	40.733	0.122409
17	146	40.6877	0.170736	40.8562	0.129008
17	147	40.7594	0.457777	40.9652	0.135732
17	148	40.8158	0.745948	41.061	0.1425
18	0	-30.408	15.3142	36.759	2.55328
18	1	-30.4378	15.5364	36.9075	2.54872
18	2	-30.4704	15.757	37.0581	2.54428
18	3	-30.5043	15.976	37.2097	2.53992
18	4	-30.5385	16.1939	37.3615	2.53563
18	5	-30.5731	16.4104	37.5136	2.53141
18	6	-30.6124	16.6296	37.6718	2.52724
18	7	-30.6571	16.8498	37.8355	2.52317
18	8	-30.7065	17.0694	38.0034	2.51921
18	9	-30.7595	17.2873	38.1737	2.51538
18	10	-30.8147	17.5034	38.3454	2.51166
18	11	-30.8713	17.7177	38.5177	2.50803
18	12	-30.929	17.9304	38.6902	2.50448
18	13	-30.9877	18.1409	38.8629	2.50103
18	14	-31.0496	18.3505	39.038	2.49767
18	15	-31.117	18.5588	39.2172	2.49446
18	16	-31.1891	18.7641	39.3987	2.4914
18	17	-31.2644	18.9662	39.5811	2.48849
18	18	-31.342	19.1656	39.7641	2.48569
18	19	-31.4217	19.3633	39.948	2.48299
18	20	-31.5053	19.5598	40.1344	2.48039
18	21	-31.5983	19.7548	40.3278	2.47799
18	22	-31.7067	19.9453	40.5306	2.47593
18	23	-31.8302	20.1315	40.7427	2.47421
18	24	-31.9743	20.3134	40.9685	2.4729
18	25	-32.1264	20.4702	41.1851	2.4722
18	26	-32.2906	20.5938	41.3906	2.47232
18	27	-32.4664	20.6892	41.5877	2.47315
18	28	-32.6514	20.7614	41.7776	2.47454
18	29	-32.8395	20.8232	41.9637	2.47615
18	30	-33.0307	20.8737	42.1453	2.47801
18	31	-33.223	20.9193	42.3251	2.47996
18	32	-33.4181	20.9556	42.5013	2.48211
18	33	-33.6154	20.981	42.6729	2.48447
18	34	-33.8147	20.9882	42.8353	2.48718
18	35	-34.0147	20.9677	42.9817	2.49039
18	36	-34.2182	20.9206	43.1153	2.49412
18	37	-34.4229	20.8481	43.2352	2.49831
18	38	-34.6103	20.7676	43.3372	2.50239
18	39	-34.7824	20.6732	43.4194	2.5065
18	40	-34.9443	20.574	43.4913	2.51054
18	41	-35.0947	20.4634	43.5478	2.51463
18	42	-35.2417	20.3496	43.6005	2.51873
18	43	-35.3887	20.2338	43.6527	2.52284
18	44	-35.5356	20.1143	43.7034	2.52702
18	45	-35.6833	19.9905	43.7531	2.53128
18	46	-35.8333	19.8636	43.8037	2.53562
18	47	-35.9856	19.7336	43.8553	2.54003
18	48	-36.1369	19.601	43.9053	2.54447
18	49	-36.2868	19.4663	43.954	2.54892
18	50	-36.4356	19.3299	44.0018	2.55338
18	51	-36.5861	19.1947	44.0523	2.55783
18	52	-36.7363	19.0582	44.1029	2.56229
18	53	-36.8856	18.9198	44.1525	2.56677
18	54	-37.0342	18.7807	44.2021	2.57123
18	55	-37.1832	18.6435	44.2538	2.57566
18	56	-37.3291	18.5059	44.3036	2.58005
18	57	-37.4696	18.3666	44.3488	2.58439
18	58	-37.6136	18.2283	44.3983	2.58875
18	59	-37.7643	18.0937	44.4563	2.59311
18	60	-37.9214	17.9627	44.5224	2.59746
18	61	-38.0836	17.8341	44.595	2.60181
18	62	-38.2484	17.7059	44.671	2.60617
18	63	-38.4092	17.5709	44.7408	2.6106
18	64	-38.5719	17.4373	44.8139	2.61501
18	65	-38.7367	17.305	44.8903	2.6194
18	66	-38.8979	17.1669	44.9616	2.62385
18	67	-39.0612	17.0281	45.0353	2.62832
18	68	-39.2196	16.8819	45.102	2.63287
18	69	-39.3836	16.7445	45.1787	2.6373
18	70	-39.496	16.5863	45.2011	2.64156
18	71	-39.5639	16.3986	45.1711	2.64593
18	72	-39.6414	16.2116	45.1507	2.65039
18	73	-39.7024	16.0105	45.1102	2.65496
18	74	-39.7492	15.7899	45.0489	2.65977
18	75	-39.7831	15.5415	44.9644	2.66502
18	76	-39.8054	15.2551	44.8536	2.67092
18	77	-39.8176	14.967	44.7347	2.67678
18	78	-39.8194	14.6776	44.6073	2.6826
18	79	-39.8092	14.3882	44.4707	2.68833
18	80	-39.7874	14.101	44.3259	2.69394
18	81	-39.7553	13.8166	44.1746	2.69943
18	82	-39.7141	13.5345	44.0173	2.70482
18	83	-39.6633	13.2537	43.8531	2.71013
18	84	-39.6013	12.9746	43.6806	2.71535
18	85	-39.5272	12.6988	43.4997	2.72041
18	86	-39.4421	12.4279	43.3118	2.72532
18	87	-39.3477	12.1622	43.1185	2.73007
18	88	-39.2446	11.9006	42.9198	2.7347
18	89	-39.132	11.6424	42.7147	2.7392
18	90	-39.0081	11.3885	42.5017	2.74356
18	91	-38.8727	11.1409	42.2812	2.74772
18	92	-38.7272	10.9011	42.0552	2.75165
18	93	-38.5737	10.669	41.8253	2.75539
18	94	-38.4131	10.4432	41.5917	2.75896
18	95	-38.2446	10.2229	41.3533	2.76239
18	96	-38.0665	10.0086	41.1089	2.76563
18	97	-37.8783	9.80248	40.8583	2.76863
18	98	-37.6811	9.60631	40.6033	2.77136
18	99	-37.4771	9.4201	40.3458	2.77383
18	100	-37.2671	9.2426	40.0862	2.77608
18	101	-37.0507	9.07295	39.8235	2.77811
18	102	-36.8268	8.91181	39.557	2.77991
18	103	-36.5951	8.76112	39.287	2.78141
18	104	-36.3573	8.6222	39.0156	2.78259
18	105	-36.1158	8.49515	38.7449	2.78347
18	106	-35.8721	8.37833	38.4757	2.7841
18	107	-35.6594	8.29278	38.2464	2.78425
18	108	-35.471	8.22761	38.0472	2.78412
18	109	-35.2974	8.18652	37.8702	2.78353
18	110	-35.1351	8.15695	37.7079	2.78276
18	111	-34.9792	8.15033	37.5596	2.78146
18	112	-34.8304	8.12535	37.4115	2.78069
18	113	-34.6936	8.14978	37.2922	2.77878
18	114	-34.5553	8.22748	37.1908	2.77551
18	115	-34.4051	8.29059	37.0733	2.77247
18	116	-34.2569	8.36695	36.9627	2.76909
18	117	-34.1091	8.45143	36.8561	2.7655
18	118	-33.9589	8.53839	36.7485	2.7618
18	119	-33.8085	8.63145	36.6436	2.75792
18	120	-33.6553	8.72593	36.5373	2.75395
18	121	-33.5024	8.82618	36.4339	2.74982
18	122	-33.3475	8.9285	36.3302	2.74558
18	123	-33.1926	9.03539	36.2288	2.74121
18	124	-33.0371	9.14479	36.1286	2.73675
18	125	-32.8826	9.25725	36.0312	2.73219
18	126	-32.7247	9.37264	35.9327	2.72749
18	127	-32.5648	9.49078	35.8343	2.72268
18	128	-32.4033	9.61105	35.7361	2.71777
18	129	-32.2407	9.73378	35.6389	2.71275
18	130	-32.0767	9.85895	35.5422	2.70763
18	131	-31.9117	9.98736	35.447	2.70239
18	132	-31.7462	10.1192	35.3537	2.69702
18	133	-31.5819	10.2552	35.2644	2.69153
18	134	-31.42	10.3946	35.1798	2.68597
18	135	-31.2602	10.5364	35.0993	2.68033
18	136	-31.1035	10.6803	35.0236	2.67466
18	137	-30.9524	10.8287	34.956	2.66893
18	138	-30.8109	10.9849	34.9018	2.6631
18	139	-30.689	11.1541	34.8721	2.65718
18	140	-30.5857	11.3407	34.8682	2.65106
18	141	-30.4967	11.5433	34.8858	2.64474
18	142	-30.4243	11.756	34.9242	2.6384
18	143	-30.3695	11.9713	34.9808	2.63225
18	144	-30.3352	12.1908	35.0584	2.62631
18	145	-30.3147	12.4135	35.1509	2.62051
18	146	-30.3025	12.6373	35.2524	2.61483
18	147	-30.2948	12.8612	35.3588	2.60924
18	148	-30.2911	13.0856	35.4701	2.60374
18	149	-30.291	13.3103	35.5856	2.59832
18	150	-30.2938	13.5349	35.7047	2.59297
18	151	-30.2992	13.7585	35.8263	2.58773
18	152	-30.3062	13.9799	35.9493	2.58259
18	153	-30.3151	14.2004	36.0741	2.57754
18	154	-30.327	14.4216	36.203	2.57255
18	155	-30.342	14.6438	36.3357	2.56762
18	156	-30.3601	14.867	36.4726	2.56275
18	157	-30.382	15.0908	36.6137	2.55796
25	0	34.563	-5.62746	34.3963	-0.0157585
25	1	34.5904	-5.37723	34.4206	-0.00847676
25	2	34.596	-5.15083	34.4251	-0.00189908
25	3	34.5809	-4.94047	34.4102	0.00421325
25	4	34.5453	-4.74048	34.376	0.0100353
25	5	34.5178	-4.54245	34.3511	0.015808
25	6	34.4419	-4.36341	34.2786	0.0210655
25	7	34.3151	-4.19124	34.1559	0.0261834
25	8	34.173	-4.02784	34.0185	0.0310944
25	9	34.0295	-3.86755	33.8804	0.0359547
25	10	33.8877	-3.70825	33.7449	0.0408236
25	11	33.7447	-3.54986	33.6089	0.0457061
25	12	33.5996	-3.39256	33.4714	0.0505988
25	13	33.4527	-3.23586	33.3331	0.0555166
25	14	33.3071	-3.07796	33.1968	0.0605094
25	15	33.1608	-2.92172	33.0607	0.065494
25	16	33.0149	-2.7672	32.9256	0.0704673
25	17	32.8671	-2.61618	32.7892	0.0753788
25	18	32.7226	-2.46264	32.6572	0.0804001
25	19	32.5824	-2.30423	32.5305	0.0856005
25	20	32.4439	-2.14237	32.4068	0.090942
25	21	32.3015	-1.9827	32.2799	0.0962687
25	22	32.1592	-1.82266	32.1542	0.101648
25	23	32.0157	-1.66384	32.028	0.107036
25	24	31.8727	-1.50737	31.903	0.112391
25	25	31.7291	-1.35283	31.7781	0.117731
25	26	31.5883	-1.19937	31.6568	0.123067
25	27	31.4483	-1.04835	31.5367	0.128365
25	28	31.3072	-0.901398	31.4161	0.133579
25	29	31.1668	-0.757828	31.2965	0.138723
25	30	31.0277	-0.617614	31.1785	0.143794
25	31	30.8885	-0.481772	31.0606	0.148764
25	32	30.75	-0.351571	30.9432	0.153589
25	33	30.6125	-0.224112	30.8273	0.158357
25	34	30.4697	-0.104133	30.7055	0.162949
25	35	30.3264	0.0160942	30.5839	0.167588
25	36	30.1693	0.122356	30.447	0.17189
25	37	30.001	0.222757	30.2986	0.176105
25	38	29.8119	0.303318	30.1267	0.179838
25	39	29.6072	0.373605	29.9381	0.18337
25	40	29.4026	0.419428	29.7455	0.186139
25	41	29.199	0.448844	29.5509	0.188393
25	42	28.9946	0.456686	29.3516	0.189959
25	43	28.7901	0.454613	29.1504	0.191214
25	44	28.5861	0.441225	28.9476	0.1921
25	45	28.3814	0.424638	28.7435	0.192893
25	46	28.176	0.400223	28.5372	0.193433
25	47	27.9693	0.371492	28.3289	0.19384
25	48	27.7629	0.334469	28.1192	0.193962
25	49	27.5576	0.291121	27.9094	0.193856
25	50	27.3556	0.23953	27.7012	0.193433
25	51	27.1584	0.178745	27.496	0.192642
25	52	26.9688	0.104803	27.2958	0.191313
25	53	26.793	0.00975919	27.1052	0.189104
25	54	26.626	-0.105423	26.9197	0.186068
25	55	26.466	-0.240753	26.7376	0.182201
25	56	26.3211	-0.376749	26.5707	0.178155
25	57	26.1935	-0.522731	26.4195	0.173573
25	58	26.0741	-0.670948	26.2766	0.168802
25	59	25.9718	-0.83066	26.1493	0.163438
25	60	25.8683	-0.991926	26.0213	0.157971
25	61	25.7753	-1.16143	25.9033	0.152073
25	62	25.6818	-1.33231	25.7854	0.146072
25	63	25.5951	-1.5085	25.6746	0.139774
25	64	25.5089	-1.68671	25.5648	0.133341
25	65	25.4263	-1.86869	25.4593	0.126688
25	66	25.3458	-2.05356	25.3568	0.119856
25	67	25.2688	-2.24131	25.2584	0.112841
25	68	25.1965	-2.43116	25.1659	0.105668
25	69	25.1286	-2.62115	25.079	0.0984205
25	70	25.0665	-2.80999	24.9993	0.0911475
25	71	25.0053	-3.00047	24.9217	0.0837592
25	72	24.9463	-3.19273	24.8475	0.0762475
25	73	24.8883	-3.3868	24.7757	0.068615
25	74	24.8326	-3.58346	24.7073	0.0608289
25	75	24.7791	-3.78265	24.6426	0.0528926
25	76	24.7301	-3.98418	24.5838	0.0448115
25	77	24.6857	-4.18657	24.5311	0.0366505
25	78	24.6468	-4.38855	24.4857	0.0284654
25	79	24.6116	-4.58884	24.4456	0.0203165
25	80	24.5778	-4.79094	24.4086	0.0120665
25	81	24.5443	-4.99497	24.3735	0.00371239
25	82	24.5139	-5.20163	24.3432	-0.00477245
25	83	24.4873	-5.41078	24.3185	-0.0133781
25	84	24.4678	-5.62176	24.3027	-0.0220697
25	85	24.4552	-5.833	24.2957	-0.0307735
25	86	24.4506	-6.04311	24.2985	-0.0394226
25	87	24.4543	-6.25092	24.3112	-0.0479579
25	88	24.4707	-6.45574	24.3383	-0.0563316
25	89	24.4999	-6.65979	24.3798	-0.0646205
25	90	24.5445	-6.86477	24.4383	-0.0728727
25	91	24.608	-7.07351	24.5177	-0.0811757
25	92	24.6888	-7.27149	24.6151	-0.088926
25	93	24.7915	-7.45765	24.7345	-0.0960539
25	94	24.9172	-7.63438	24.8772	-0.102641
25	95	25.0559	-7.80297	25.0328	-0.108772
25	96	25.2015	-7.96496	25.1956	-0.114536
25	97	25.3492	-8.12239	25.3607	-0.120038
25	98	25.4967	-8.27654	25.526	-0.125341
25	99	25.6449	-8.42846	25.6924	-0.130487
25	100	25.7942	-8.57866	25.8603	-0.135494
25	101	25.9448	-8.72745	26.0298	-0.140377
25	102	26.0967	-8.87417	26.201	-0.145111
25	103	26.2491	-9.01814	26.373	-0.149676
25	104	26.401	-9.15869	26.5444	-0.154059
25	105	26.5498	-9.29717	26.713	-0.158326
25	106	26.6963	-9.43246	26.8792	-0.162437
25	107	26.8417	-9.56333	27.044	-0.166343
25	108	26.9895	-9.69352	27.2115	-0.170162
25	109	27.1394	-9.82272	27.3813	-0.173886
25	110	27.2899	-9.95128	27.552	-0.177536
25	111	27.4426	-10.0757	27.7244	-0.180981
25	112	27.5941	-10.1986	27.8957	-0.184339
25	113	27.746	-10.3172	28.0669	-0.187499
25	114	27.8968	-10.4335	28.2369	-0.190549
25	115	28.0483	-10.5455	28.407	-0.193411
25	116	28.1978	-10.6547	28.5747	-0.196156
25	117	28.3475	-10.759	28.7421	-0.1987
25	118	28.4995	-10.8559	28.9103	-0.200949
25	119	28.6451	-10.9605	29.0739	-0.203474
25	120	28.8033	-11.0201	29.2408	-0.204377
25	121	28.9748	-11.0515	29.4152	-0.204238
25	122	29.1612	-11.037	29.5949	-0.202481
25	123	29.3579	-11.0152	29.7832	-0.200437
25	124	29.5705	-10.9731	29.9833	-0.19765
25	125	29.808	-10.9149	30.2048	-0.194217
25	126	30.0795	-10.8346	30.456	-0.189907
25	127	30.3493	-10.7449	30.7044	-0.185379
25	128	30.618	-10.6446	30.9504	-0.180596
25	129	30.8841	-10.5306	31.192	-0.175469
25	130	31.1442	-10.4018	31.4261	-0.169987
25	131	31.3959	-10.2602	31.6508	-0.164231
25	132	31.6395	-10.1086	31.8669	-0.158289
25	133	31.8769	-9.94805	32.0766	-0.15218
25	134	32.1089	-9.7773	32.2807	-0.145862
25	135	32.3342	-9.59444	32.4777	-0.139283
25	136	32.55	-9.39962	32.6651	-0.13246
25	137	32.7548	-9.19541	32.842	-0.125472
25	138	32.9498	-8.98431	33.0099	-0.118388
25	139	33.1371	-8.76677	33.171	-0.111209
25	140	33.3172	-8.54133	33.3259	-0.103886
25	141	33.4885	-8.30649	33.4728	-0.0963776
25	142	33.6483	-8.06275	33.6095	-0.0887014
25	143	33.7958	-7.81257	33.7352	-0.0809272
25	144	33.9323	-7.55781	33.8518	-0.0730998
25	145	34.0596	-7.29808	33.9607	-0.0651987
25	146	34.1771	-7.03155	34.0618	-0.0571654
25	147	34.2824	-6.75713	34.1523	-0.0489673
25	148	34.3726	-6.47667	34.2299	-0.0406547
25	149	34.448	-6.19386	34.2949	-0.0323256
25	150	34.5112	-5.91088	34.3502	-0.0240321
26	0	-25.2862	4.52063	27.2092	2.78077
26	1	-25.3043	4.7645	27.3132	2.77265
26	2	-25.3259	5.00953	27.4226	2.7646
26	3	-25.3515	5.25414	27.5373	2.75668
26	4	-25.3808	5.4966	27.6564	2.74896
26	5	-25.4129	5.73608	27.7784	2.74143
26	6	-25.4463	5.9728	27.9022	2.73409
26	7	-25.4807	6.20747	28.0275	2.72688
26	8	-25.5166	6.44051	28.1549	2.71982
26	9	-25.5569	6.67434	28.2881	2.71286
26	10	-25.6046	6.90894	28.4296	2.70606
26	11	-25.6568	7.14134	28.5757	2.69945
26	12	-25.7122	7.3711	28.7247	2.69305
26	13	-25.7702	7.5987	28.8761	2.68682
26	14	-25.8313	7.82512	29.031	2.68073
26	15	-25.8977	8.05099	29.1915	2.67482
26	16	-25.9736	8.2758	29.3609	2.66914
26	17	-26.0651	8.4965	29.5432	2.6639
26	18	-26.1754	8.7125	29.7408	2.65915
26	19	-26.3063	8.92538	29.9558	2.65489
26	20	-26.4476	9.11323	30.1687	2.65157
26	21	-26.5994	9.27963	30.3811	2.64909
26	22	-26.7652	9.4204	30.5937	2.6476
26	23	-26.9426	9.54305	30.8081	2.64683
26	24	-27.1269	9.65477	31.0234	2.64648
26	25	-27.3164	9.75985	31.2401	2.6464
26	26	-27.5107	9.85983	31.4585	2.64654
26	27	-27.7092	9.95483	31.6783	2.64688
26	28	-27.9114	10.0439	31.8985	2.64743
26	29	-28.1159	10.1269	32.1179	2.64817
26	30	-28.3215	10.2038	32.3355	2.64909
26	31	-28.5279	10.275	32.551	2.65016
26	32	-28.7359	10.3383	32.7643	2.65145
26	33	-28.9458	10.3899	32.9738	2.65307
26	34	-29.1592	10.4237	33.1782	2.65519
26	35	-29.3771	10.4372	33.3773	2.65788
26	36	-29.6002	10.4303	33.5717	2.66115
26	37	-29.8072	10.4081	33.7452	2.66457
26	38	-30.0018	10.3644	33.8983	2.66836
26	39	-30.183	10.3044	34.0325	2.67235
26	40	-30.3523	10.2233	34.1472	2.67671
26	41	-30.5192	10.1396	34.2592	2.68108
26	42	-30.681	10.0461	34.3629	2.68561
26	43	-30.8449	9.95271	34.4693	2.69014
26	44	-31.0093	9.85368	34.5744	2.69479
26	45	-31.1753	9.75153	34.6803	2.69951
26	46	-31.3425	9.64434	34.786	2.70435
26	47	-31.5115	9.53258	34.8922	2.70931
26	48	-31.6832	9.41838	35.0007	2.71432
26	49	-31.8563	9.30101	35.1101	2.71941
26	50	-32.03	9.17984	35.2193	2.72457
26	51	-32.2034	9.05671	35.3285	2.72974
26	52	-32.3797	8.93401	35.4414	2.73491
26	53	-32.5552	8.80888	35.5536	2.74009
26	54	-32.7308	8.68063	35.6655	2.74533
26	55	-32.9071	8.54951	35.7781	2.75061
26	56	-33.0856	8.41792	35.8935	2.75589
26	57	-33.2639	8.28397	36.0088	2.7612
26	58	-33.441	8.14768	36.1232	2.76653
26	59	-33.6178	8.01062	36.238	2.77183
26	60	-33.7935	7.87137	36.352	2.77715
26	61	-33.9726	7.73526	36.4713	2.78239
26	62	-34.1486	7.59343	36.5867	2.78771
26	63	-34.3109	7.44029	36.6865	2.79316
26	64	-34.4248	7.25716	36.7316	2.7989
26	65	-34.4942	7.03138	36.7218	2.80533
26	66	-34.5405	6.78801	36.6861	2.81201
26	67	-34.572	6.52247	36.6308	2.81914
26	68	-34.5902	6.2259	36.5552	2.827
26	69	-34.5962	5.88669	36.4575	2.8359
26	70	-34.5936	5.54767	36.3543	2.84477
26	71	-34.581	5.20756	36.2442	2.85364
26	72	-34.5554	4.86719	36.1245	2.86247
26	73	-34.5163	4.52952	35.9952	2.87119
26	74	-34.4661	4.19589	35.8591	2.87978
26	75	-34.4065	3.86475	35.7171	2.88831
26	76	-34.336	3.53437	35.5673	2.8968
26	77	-34.2512	3.20571	35.4066	2.90523
26	78	-34.1517	2.88237	35.2354	2.91349
26	79	-34.0406	2.56604	35.0568	2.92156
26	80	-33.9207	2.255	34.873	2.92952
26	81	-33.7911	1.94722	34.6825	2.9374
26	82	-33.6491	1.64317	34.4829	2.9452
26	83	-33.4937	1.34597	34.2735	2.95282
26	84	-33.3278	1.05758	34.0574	2.96023
26	85	-33.1541	0.776573	33.8367	2.96747
26	86	-32.9726	0.500729	33.611	2.97462
26	87	-32.7808	0.22987	33.3777	2.98166
26	88	-32.5769	-0.0333413	33.1353	2.98853
26	89	-32.3624	-0.286123	32.8855	2.99513
26	90	-32.1403	-0.528985	32.631	3.0015
26	91	-31.9112	-0.764148	32.3719	3.0077
26	92	-31.6727	-0.992065	32.1057	3.01375
26	93	-31.4232	-1.21012	31.831	3.01954
26	94	-31.1646	-1.41524	31.5498	3.025
26	95	-30.9005	-1.6078	31.2655	3.03013
26	96	-30.6327	-1.78999	30.9795	3.03502
26	97	-30.3976	-1.93537	30.7304	3.03891
26	98	-30.1847	-2.04981	30.5071	3.04192
26	99	-29.9855	-2.13691	30.3003	3.04413
26	100	-29.7943	-2.19676	30.1042	3.04549
26	101	-29.6194	-2.26938	29.9232	3.04734
26	102	-29.4646	-2.26888	29.7691	3.04684
26	103	-29.3092	-2.20192	29.6209	3.04409
26	104	-29.1418	-2.15266	29.4591	3.04187
26	105	-28.9746	-2.08817	29.2992	3.03911
26	106	-28.8099	-2.01165	29.1434	3.03592
26	107	-28.6437	-1.93276	28.9866	3.03261
26	108	-28.4782	-1.84678	28.8317	3.02902
26	109	-28.3101	-1.75977	28.6745	3.02535
26	110	-28.1406	-1.66828	28.517	3.02147
26	111	-27.9681	-1.57474	28.3572	3.01747
26	112	-27.7935	-1.47734	28.1962	3.01328
26	113	-27.6167	-1.37697	28.0341	3.00892
26	114	-27.4392	-1.27297	27.8722	3.00438
26	115	-27.2615	-1.16641	27.711	2.99969
26	116	-27.0844	-1.05735	27.5514	2.99486
26	117	-26.9078	-0.946226	27.3933	2.98991
26	118	-26.732	-0.832264	27.2371	2.9848
26	119	-26.5573	-0.714556	27.0833	2.9795
26	120	-26.384	-0.592128	26.9324	2.97397
26	121	-26.215	-0.462244	26.7879	2.96814
26	122	-26.0555	-0.32057	26.6558	2.96187
26	123	-25.9146	-0.161496	26.5462	2.95503
26	124	-25.7923	0.0190309	26.4603	2.94746
26	125	-25.6859	0.217617	26.3951	2.9393
26	126	-25.5924	0.437702	26.3488	2.93041
26	127	-25.5147	0.660908	26.3206	2.9215
26	128	-25.4527	0.889607	26.3111	2.9125
26	129	-25.4044	1.12698	26.3191	2.9033
26	130	-25.3637	1.36862	26.3377	2.89402
26	131	-25.3287	1.6136	26.3649	2.88469
26	132	-25.3014	1.86081	26.4025	2.87537
26	133	-25.2818	2.10819	26.4498	2.86615
26	134	-25.2684	2.35403	26.5049	2.85709
26	135	-25.259	2.59785	26.5653	2.84818
26	136	-25.252	2.84011	26.6298	2.83939
26	137	-25.2471	3.08139	26.6979	2.83071
26	138	-25.2446	3.32167	26.77	2.82214
26	139	-25.2448	3.56018	26.846	2.8137
26	140	-25.2489	3.79851	26.9276	2.80537
26	141	-25.2579	4.03797	27.016	2.79712
26	142	-25.2706	4.27854	27.1102	2.78892
32	0	28.293	-13.3075	29.2993	-0.284443
32	1	28.3175	-13.0149	29.2421	-0.274603
32	2	28.3335	-12.722	29.1796	-0.264792
32	3	28.332	-12.4642	29.1116	-0.256258
32	4	28.3153	-12.232	29.0375	-0.248669
32	5	28.2847	-12.0173	28.9557	-0.241743
32	6	28.2399	-11.814	28.8641	-0.235275
32	7	28.1747	-11.6202	28.7561	-0.22925
32	8	28.068	-11.448	28.6133	-0.224236
32	9	27.9141	-11.2873	28.4279	-0.219931
32	10	27.7494	-11.1394	28.2351	-0.216091
32	11	27.5891	-10.9893	28.0466	-0.21209
32	12	27.432	-10.8382	27.8614	-0.207972
32	13	27.2742	-10.6895	27.6766	-0.203894
32	14	27.1145	-10.5416	27.4904	-0.199802
32	15	26.9533	-10.3939	27.3033	-0.19567
32	16	26.7922	-10.2456	27.1167	-0.191462
32	17	26.6291	-10.1006	26.9292	-0.187329
32	18	26.4676	-9.9557	26.7438	-0.183129
32	19	26.3087	-9.80955	26.5612	-0.178808
32	20	26.146	-9.66843	26.3762	-0.174641
32	21	25.9837	-9.52586	26.1919	-0.170357
32	22	25.8226	-9.38325	26.0091	-0.166003
32	23	25.6592	-9.24327	25.8251	-0.161703
32	24	25.4978	-9.10558	25.6439	-0.157417
32	25	25.3386	-8.9708	25.4658	-0.15317
32	26	25.1818	-8.83999	25.291	-0.149004
32	27	25.0273	-8.71321	25.1197	-0.144926
32	28	24.8742	-8.59104	24.9507	-0.140967
32	29	24.7218	-8.47257	24.7834	-0.137098
32	30	24.57	-8.35878	24.6176	-0.133362
32	31	24.419	-8.24687	24.4533	-0.129647
32	32	24.2642	-8.14095	24.2862	-0.126146
32	33	24.1061	-8.0386	24.1166	-0.122761
32	34	23.9372	-7.95001	23.9382	-0.119952
32	35	23.7564	-7.8731	23.7496	-0.117648
32	36	23.5628	-7.8118	23.5501	-0.116028
32	37	23.3529	-7.76409	23.3362	-0.115038
32	38	23.1458	-7.73526	23.1271	-0.114828
32	39	22.9415	-7.72571	22.9231	-0.115435
32	40	22.7373	-7.73179	22.7209	-0.116736
32	41	22.534	-7.74771	22.5209	-0.11849
32	42	22.3311	-7.769	22.322	-0.120511
32	43	22.1281	-7.79554	22.1238	-0.122805
32	44	21.9246	-7.8256	21.9255	-0.125303
32	45	21.7211	-7.86109	21.7281	-0.128094
32	46	21.5178	-7.90079	21.5316	-0.131129
32	47	21.3163	-7.94678	21.338	-0.134501
32	48	21.1167	-7.9957	21.147	-0.138058
32	49	20.9203	-8.04986	20.96	-0.141908
32	50	20.7256	-8.10481	20.7752	-0.145851
32	51	20.5332	-8.16489	20.5937	-0.150096
32	52	20.3414	-8.22703	20.4136	-0.15451
32	53	20.1526	-8.29973	20.2385	-0.159495
32	54	19.9689	-8.38587	20.0711	-0.165186
32	55	19.7985	-8.4987	19.922	-0.17218
32	56	19.6383	-8.63958	19.7891	-0.180581
32	57	19.4867	-8.80564	19.6707	-0.190269
32	58	19.3423	-8.9989	19.5667	-0.201363
32	59	19.2184	-9.19933	19.4867	-0.212713
32	60	19.1129	-9.40562	19.4284	-0.224239
32	61	19.0218	-9.61835	19.3881	-0.235982
32	62	18.9393	-9.83447	19.3599	-0.247831
32	63	18.8624	-10.0523	19.3401	-0.259728
32	64	18.7897	-10.2734	19.328	-0.27175
32	65	18.7218	-10.4973	19.3241	-0.283853
32	66	18.6587	-10.723	19.3282	-0.295977
32	67	18.6003	-10.9489	19.3396	-0.308031
32	68	18.5482	-11.1755	19.3601	-0.320001
32	69	18.5008	-11.4005	19.3872	-0.331785
32	70	18.4559	-11.6224	19.4183	-0.343345
32	71	18.4141	-11.8453	19.4553	-0.354857
32	72	18.3747	-12.0684	19.4971	-0.366289
32	73	18.3379	-12.291	19.5438	-0.377599
32	74	18.3065	-12.518	19.5995	-0.388952
32	75	18.2811	-12.7465	19.6639	-0.400196
32	76	18.2607	-12.9736	19.7347	-0.411201
32	77	18.2437	-13.1972	19.8097	-0.42189
32	78	18.2314	-13.4225	19.8918	-0.432477
32	79	18.2228	-13.6484	19.9798	-0.44292
32	80	18.217	-13.8742	20.0724	-0.453206
32	81	18.2139	-14.0991	20.1692	-0.463302
32	82	18.2142	-14.3221	20.27	-0.473137
32	83	18.2214	-14.5466	20.3797	-0.482781
32	84	18.235	-14.7699	20.4962	-0.492122
32	85	18.253	-14.9901	20.6171	-0.501123
32	86	18.2732	-15.2066	20.7395	-0.509812
32	87	18.2947	-15.4193	20.8628	-0.518207
32	88	18.3203	-15.6324	20.9913	-0.52642
32	89	18.3511	-15.8449	21.1254	-0.534387
32	90	18.3865	-16.0563	21.2642	-0.542093
32	91	18.4278	-16.2655	21.4081	-0.549471
32	92	18.4753	-16.4718	21.5568	-0.55648
32	93	18.5334	-16.6749	21.7139	-0.563011
32	94	18.6054	-16.8733	21.8811	-0.568921
32	95	18.6957	-17.0707	22.0638	-0.574253
32	96	18.8025	-17.2676	22.2607	-0.579073
32	97	18.9181	-17.4457	22.4551	-0.582898
32	98	19.0438	-17.6098	22.6505	-0.585891
32	99	19.1858	-17.7567	22.8501	-0.587809
32	100	19.3463	-17.8901	23.0576	-0.588764
32	101	19.5176	-18.0149	23.2694	-0.589133
32	102	19.695	-18.1356	23.4839	-0.589213
32	103	19.8752	-18.2522	23.6985	-0.589079
32	104	20.0557	-18.366	23.9118	-0.588841
32	105	20.2352	-18.4767	24.1226	-0.588524
32	106	20.4133	-18.5843	24.3304	-0.588137
32	107	20.5892	-18.6905	24.5357	-0.587761
32	108	20.7642	-18.7945	24.739	-0.587336
32	109	20.9393	-18.8955	24.9407	-0.586819
32	110	21.1137	-18.9954	25.1413	-0.586287
32	111	21.2866	-19.095	25.3404	-0.585787
32	112	21.4581	-19.1926	25.5373	-0.585256
32	113	21.6281	-19.2865	25.7309	-0.584649
32	114	21.7953	-19.3782	25.9209	-0.58404
32	115	21.9602	-19.4662	26.107	-0.583367
32	116	22.123	-19.5507	26.2894	-0.582641
32	117	22.285	-19.6301	26.4685	-0.581777
32	118	22.4461	-19.7066	26.645	-0.580853
32	119	22.6062	-19.777	26.8176	-0.579773
32	120	22.7675	-19.8367	26.9852	-0.578348
32	121	22.9199	-19.9098	27.1528	-0.577536
32	122	23.0732	-19.9284	27.2915	-0.575037
32	123	23.2444	-19.8823	27.4104	-0.570232
32	124	23.428	-19.8532	27.5495	-0.565746
32	125	23.6199	-19.7985	27.6826	-0.56036
32	126	23.8244	-19.7181	27.8136	-0.554003
32	127	24.0484	-19.6093	27.9476	-0.546475
32	128	24.3003	-19.4685	28.0909	-0.537534
32	129	24.5478	-19.3204	28.2288	-0.528539
32	130	24.7921	-19.1658	28.3629	-0.519487
32	131	25.0334	-19.0027	28.4927	-0.510314
32	132	25.2701	-18.8286	28.6154	-0.500964
32	133	25.499	-18.6424	28.728	-0.491453
32	134	25.7178	-18.4461	28.8296	-0.481869
32	135	25.927	-18.2428	28.9221	-0.472287
32	136	26.1287	-18.0338	29.008	-0.462708
32	137	26.3244	-17.8186	29.0883	-0.453083
32	138	26.5136	-17.5955	29.1622	-0.443365
32	139	26.6944	-17.364	29.2276	-0.433557
32	140	26.8651	-17.1255	29.2838	-0.423715
32	141	27.0261	-16.8821	29.3319	-0.413895
32	142	27.1792	-16.635	29.3741	-0.404097
32	143	27.3257	-16.3835	29.4113	-0.394276
32	144	27.4652	-16.126	29.4426	-0.38438
32	145	27.5956	-15.8614	29.4658	-0.374397
32	146	27.7147	-15.5908	29.4791	-0.364377
32	147	27.8221	-15.3166	29.4833	-0.354387
32	148	27.9197	-15.0401	29.4803	-0.344441
32	149	28.0091	-14.7608	29.4715	-0.334497
32	150	28.09	-14.4771	29.4563	-0.3245
32	151	28.1601	-14.1881	29.4321	-0.314432
32	152	28.2169	-13.895	29.397	-0.304353
32	153	28.2603	-13.6008	29.3517	-0.294347
33	0	-21.1492	-7.27348	21.4322	-3.03932
33	1	-21.1408	-7.05298	21.4024	-3.04953
33	2	-21.1345	-6.83517	21.3772	-3.05965
33	3	-21.1325	-6.61547	21.3583	-3.0699
33	4	-21.1343	-6.39501	21.3455	-3.0802
33	5	-21.1393	-6.17439	21.3381	-3.09054
33	6	-21.1473	-5.95395	21.3359	-3.10088
33	7	-21.1581	-5.7341	21.3389	-3.11119
33	8	-21.1718	-5.51552	21.3471	-3.12145
33	9	-21.1886	-5.29926	21.3606	-3.13158
33	10	-21.2094	-5.08368	21.3803	3.14151
33	11	-21.236	-4.86844	21.4081	3.13146
33	12	-21.2679	-4.65438	21.4432	3.12149
33	13	-21.3041	-4.4417	21.4848	3.11162
33	14	-21.3443	-4.23004	21.5323	3.10186
33	15	-21.3876	-4.01906	21.5849	3.09217
33	16	-21.4363	-3.8087	21.645	3.08257
33	17	-21.4947	-3.59992	21.7166	3.07313
33	18	-21.5697	-3.39186	21.8065	3.06385
33	19	-21.6638	-3.18474	21.9174	3.05476
33	20	-21.7781	-2.9792	22.0499	3.04592
33	21	-21.9031	-2.79365	22.1928	3.03814
33	22	-22.0406	-2.62855	22.3471	3.03143
33	23	-22.1915	-2.48234	22.5134	3.02571
33	24	-22.3526	-2.34911	22.6892	3.0207
33	25	-22.5198	-2.2222	22.8707	3.01607
33	26	-22.6919	-2.09945	23.057	3.01172
33	27	-22.8686	-1.98011	23.248	3.00762
33	28	-23.0502	-1.86505	23.4434	3.00379
33	29	-23.2356	-1.75448	23.6424	3.00023
33	30	-23.4241	-1.64907	23.844	2.99697
33	31	-23.6141	-1.54845	24.0467	2.99397
33	32	-23.8057	-1.45306	24.2503	2.99124
33	33	-23.9985	-1.36229	24.4546	2.98875
33	34	-24.1941	-1.27959	24.6605	2.98664
33	35	-24.3905	-1.20864	24.8655	2.98504
33	36	-24.5912	-1.15211	25.0726	2.98406
33	37	-24.7962	-1.10308	25.2828	2.98342
33	38	-25.0083	-1.07343	25.4969	2.98358
33	39	-25.2081	-1.05733	25.6968	2.98419
33	40	-25.3932	-1.07801	25.8764	2.9861
33	41	-25.5688	-1.11603	26.0441	2.98858
33	42	-25.7379	-1.17132	26.2029	2.99165
33	43	-25.9036	-1.23369	26.3576	2.99493
33	44	-26.0695	-1.29744	26.5124	2.99823
33	45	-26.2346	-1.3676	26.666	3.00171
33	46	-26.4007	-1.43989	26.8206	3.00525
33	47	-26.5675	-1.5165	26.9757	3.0089
33	48	-26.7354	-1.59831	27.1314	3.01271
33	49	-26.9052	-1.684	27.289	3.01662
33	50	-27.0772	-1.77332	27.4487	3.02063
33	51	-27.2517	-1.86469	27.6112	3.02468
33	52	-27.4271	-1.95986	27.7746	3.02882
33	53	-27.6041	-2.05625	27.9398	3.03296
33	54	-27.781	-2.15547	28.1051	3.03715
33	55	-27.9578	-2.25754	28.2706	3.04139
33	56	-28.1349	-2.36203	28.4366	3.04567
33	57	-28.3139	-2.46672	28.605	3.04992
33	58	-28.4943	-2.57264	28.7752	3.05416
33	59	-28.674	-2.68267	28.9449	3.05848
33	60	-28.857	-2.7911	29.1185	3.06272
33	61	-29.0189	-2.91953	29.2701	3.06753
33	62	-29.1317	-3.079	29.3713	3.07323
33	63	-29.2037	-3.27815	29.4303	3.08014
33	64	-29.2538	-3.49126	29.468	3.08747
33	65	-29.2906	-3.72096	29.4931	3.09531
33	66	-29.3158	-3.97486	29.5077	3.10395
33	67	-29.3298	-4.26272	29.5122	3.11371
33	68	-29.3331	-4.59667	29.5081	3.12503
33	69	-29.3296	-4.93061	29.501	3.13634
33	70	-29.3185	-5.26568	29.49	-3.13548
33	71	-29.2967	-5.60143	29.4722	-3.12408
33	72	-29.2632	-5.93546	29.4464	-3.11272
33	73	-29.2197	-6.26607	29.4144	-3.10144
33	74	-29.1685	-6.59387	29.3782	-3.09023
33	75	-29.1096	-6.92034	29.338	-3.07901
33	76	-29.0415	-7.2458	29.2923	-3.06777
33	77	-28.9631	-7.56882	29.2397	-3.05656
33	78	-28.8753	-7.8878	29.1811	-3.04541
33	79	-28.7797	-8.20299	29.1181	-3.03432
33	80	-28.6767	-8.51581	29.0509	-3.02324
33	81	-28.5641	-8.82694	28.9776	-3.01211
33	82	-28.4393	-9.13478	28.8955	-3.00099
33	83	-28.3027	-9.43638	28.8041	-2.98996
33	84	-28.1569	-9.73078	28.7063	-2.97906
33	85	-28.0045	-10.0196	28.6043	-2.96823
33	86	-27.8455	-10.3047	28.4985	-2.95741
33	87	-27.6781	-10.5863	28.3871	-2.94658
33	88	-27.501	-10.8628	28.2687	-2.93577
33	89	-27.3154	-11.1323	28.1436	-2.92505
33	90	-27.1234	-11.3951	28.0142	-2.91441
33	91	-26.9262	-11.6529	27.8817	-2.90381
33	92	-26.7227	-11.9063	27.7452	-2.89321
33	93	-26.5104	-12.1531	27.6016	-2.88265
33	94	-26.3143	-12.3521	27.4641	-2.87382
33	95	-26.1278	-12.5096	27.3267	-2.86645
33	96	-25.9458	-12.6315	27.1851	-2.86032
33	97	-25.7636	-12.7211	27.0353	-2.85526
33	98	-25.5983	-12.8203	26.9051	-2.84999
33	99	-25.4318	-12.8472	26.7535	-2.84724
33	100	-25.2479	-12.8061	26.5656	-2.84671
33	101	-25.0579	-12.7784	26.3758	-2.84562
33	102	-24.8702	-12.7374	26.1842	-2.84503
33	103	-24.6845	-12.6903	25.9929	-2.84467
33	104	-24.5003	-12.6409	25.8023	-2.84442
33	105	-24.318	-12.5887	25.6126	-2.84428
33	106	-24.1365	-12.536	25.4237	-2.84417
33	107	-23.9567	-12.4776	25.2346	-2.8443
33	108	-23.7782	-12.4177	25.0465	-2.8445
33	109	-23.6041	-12.3512	24.8605	-2.845
33	110	-23.4333	-12.2835	24.6775	-2.8456
33	111	-23.2685	-12.2102	24.4984	-2.8465
33	112	-23.1078	-12.1355	24.3229	-2.84752
33	113	-22.952	-12.0595	24.1518	-2.84866
33	114	-22.8006	-11.9812	23.9843	-2.84996
33	115	-22.6529	-11.8995	23.8194	-2.85147
33	116	-22.504	-11.8196	23.6538	-2.8529
33	117	-22.368	-11.7161	23.4941	-2.85548
33	118	-22.2268	-11.6113	23.3291	-2.85808
33	119	-22.1126	-11.4626	23.1781	-2.86286
33	120	-21.9909	-11.3053	23.0182	-2.86798
33	121	-21.885	-11.1168	22.8657	-2.87466
33	122	-21.7862	-10.9267	22.7209	-2.88158
33	123	-21.7054	-10.7281	22.5924	-2.88916
33	124	-21.636	-10.5227	22.4746	-2.89724
33	125	-21.5772	-10.3125	22.3675	-2.90572
33	126	-21.5239	-10.1005	22.267	-2.91442
33	127	-21.4756	-9.88699	22.1727	-2.92331
33	128	-21.4305	-9.67276	22.0832	-2.93234
33	129	-21.3881	-9.4582	21.9981	-2.94148
33	130	-21.3489	-9.24176	21.9176	-2.9508
33	131	-21.3148	-9.02294	21.8436	-2.96034
33	132	-21.2855	-8.80333	21.7762	-2.97002
33	133	-21.2596	-8.58453	21.7143	-2.97975
33	134	-21.2354	-8.36759	21.6566	-2.98945
33	135	-21.2121	-8.15303	21.602	-2.99911
33	136	-21.1917	-7.93574	21.552	-3.00895
33	137	-21.1744	-7.71618	21.5068	-3.01897
33	138	-21.1603	-7.49506	21.4669	-3.02911
38	0	22.8483	-21.9759	28.2763	-0.640178
38	1	22.8327	-21.6774	28.0864	-0.631982
38	2	22.8024	-21.4189	27.9099	-0.62515
38	3	22.7606	-21.1901	27.7425	-0.619347
38	4	22.7069	-20.982	27.5784	-0.614332
38	5	22.6357	-20.7895	27.4095	-0.610089
38	6	22.5297	-20.6328	27.2329	-0.607603
38	7	22.3846	-20.5024	27.0393	-0.606708
38	8	22.2224	-20.3856	26.8395	-0.606582
38	9	22.0566	-20.2726	26.6389	-0.606644
38	10	21.8892	-20.1606	26.4375	-0.606773
38	11	21.7215	-20.0482	26.2356	-0.606899
38	12	21.5513	-19.938	26.033	-0.60715
38	13	21.3799	-19.8303	25.8308	-0.607509
38	14	21.2082	-19.7262	25.6303	-0.608001
38	15	21.0376	-19.6246	25.4324	-0.608553
38	16	20.8684	-19.5257	25.237	-0.609169
38	17	20.701	-19.4281	25.0438	-0.6098
38	18	20.5348	-19.3319	24.8524	-0.610454
38	19	20.369	-19.2376	24.6626	-0.611174
38	20	20.2039	-19.1448	24.4741	-0.611941
38	21	20.0383	-19.0562	24.2877	-0.612872
38	22	19.8734	-18.9711	24.1039	-0.61392
38	23	19.7093	-18.8914	23.9238	-0.615148
38	24	19.5465	-18.8176	23.7483	-0.616566
38	25	19.3861	-18.7482	23.5773	-0.618097
38	26	19.227	-18.6857	23.4115	-0.61986
38	27	19.0696	-18.6283	23.2501	-0.621784
38	28	18.9136	-18.5774	23.0937	-0.623926
38	29	18.7598	-18.525	22.9383	-0.62599
38	30	18.5998	-18.495	22.7911	-0.629037
38	31	18.4344	-18.4642	22.6394	-0.632235
38	32	18.2563	-18.4697	22.4993	-0.637112
38	33	18.069	-18.4794	22.3548	-0.642444
38	34	17.8669	-18.5114	22.2126	-0.64905
38	35	17.6721	-18.5595	22.0871	-0.656115
38	36	17.4821	-18.6215	21.975	-0.663624
38	37	17.2987	-18.7061	21.8834	-0.671834
38	38	17.1172	-18.7976	21.799	-0.680301
38	39	16.9412	-18.8996	21.7272	-0.689045
38	40	16.7673	-19.003	21.6595	-0.697835
38	41	16.5974	-19.111	21.5997	-0.70672
38	42	16.429	-19.2203	21.5434	-0.715652
38	43	16.263	-19.3337	21.4934	-0.724703
38	44	16.098	-19.4488	21.447	-0.733824
38	45	15.9372	-19.5702	21.4098	-0.743064
38	46	15.778	-19.6937	21.3771	-0.752356
38	47	15.6262	-19.8253	21.3571	-0.761712
38	48	15.4794	-19.9609	21.3454	-0.771053
38	49	15.3449	-20.107	21.3517	-0.78035
38	50	15.2213	-20.2652	21.3761	-0.789678
38	51	15.1093	-20.4363	21.4197	-0.799016
38	52	15.0057	-20.6235	21.4825	-0.80855
38	53	14.919	-20.8073	21.5565	-0.817348
38	54	14.8477	-20.9919	21.6431	-0.825586
38	55	14.7875	-21.1768	21.7388	-0.833389
38	56	14.7378	-21.3617	21.8428	-0.840765
38	57	14.6914	-21.5494	21.9523	-0.848044
38	58	14.6514	-21.7401	22.0694	-0.85512
38	59	14.6153	-21.9312	22.1905	-0.861998
38	60	14.5861	-22.1205	22.3156	-0.868509
38	61	14.5591	-22.3112	22.4443	-0.87492
38	62	14.5358	-22.5005	22.5751	-0.881086
38	63	14.5189	-22.698	22.717	-0.887192
38	64	14.4824	-22.9118	22.8603	-0.894335
38	65	14.3999	-23.1462	22.9924	-0.903515
38	66	14.2668	-23.3721	23.0888	-0.914102
38	67	14.1936	-23.5968	23.2229	-0.922504
38	68	14.1616	-23.8196	23.3817	-0.929347
38	69	14.1535	-24.0388	23.5529	-0.935192
38	70	14.1559	-24.2496	23.7243	-0.940386
38	71	14.1696	-24.4567	23.8999	-0.94503
38	72	14.1866	-24.6569	24.0724	-0.949328
38	73	14.2154	-24.8555	24.2508	-0.953132
38	74	14.25	-25.0498	24.4294	-0.956583
38	75	14.3031	-25.2452	24.6197	-0.959397
38	76	14.375	-25.4396	24.8203	-0.96152
38	77	14.4885	-25.6408	25.0502	-0.962399
38	78	14.6591	-25.8359	25.3079	-0.961274
38	79	14.774	-26.0578	25.5555	-0.962559
38	80	14.8478	-26.2714	25.7731	-0.964944
38	81	14.9248	-26.4756	25.9849	-0.966982
38	82	15.0015	-26.676	26.1934	-0.968917
38	83	15.0817	-26.872	26.4005	-0.970616
38	84	15.1716	-27.0599	26.6063	-0.971817
38	85	15.2707	-27.2423	26.8128	-0.972598
38	86	15.3857	-27.4167	27.0217	-0.972717
38	87	15.5118	-27.5879	27.2342	-0.972431
38	88	15.6506	-27.7329	27.4322	-0.971228
38	89	15.7905	-27.868	27.6227	-0.969805
38	90	15.9495	-27.9727	27.799	-0.967219
38	91	16.1171	-28.0667	27.9716	-0.964193
38	92	16.2937	-28.1445	28.1365	-0.960611
38	93	16.4721	-28.2191	28.3	-0.956957
38	94	16.6524	-28.29	28.462	-0.953214
38	95	16.8345	-28.3577	28.6229	-0.949397
38	96	17.0182	-28.4217	28.7821	-0.945501
38	97	17.2021	-28.4836	28.9402	-0.941602
38	98	17.3856	-28.5413	29.095	-0.93767
38	99	17.5666	-28.5967	29.2469	-0.933801
38	100	17.7441	-28.6483	29.3942	-0.929988
38	101	17.9168	-28.698	29.5375	-0.926309
38	102	18.0884	-28.7439	29.6775	-0.922615
38	103	18.2586	-28.7862	29.8142	-0.918923
38	104	18.4269	-28.8254	29.9477	-0.915248
38	105	18.5938	-28.8598	30.0769	-0.911546
38	106	18.7589	-28.8918	30.2035	-0.907876
38	107	18.921	-28.9197	30.3255	-0.904227
38	108	19.0809	-28.9427	30.4426	-0.900568
38	109	19.2389	-28.9516	30.548	-0.896696
38	110	19.3917	-28.9776	30.6639	-0.893331
38	111	19.5322	-28.9505	30.7311	-0.889215
38	112	19.6759	-28.8532	30.7465	-0.883591
38	113	19.8385	-28.7684	30.7846	-0.877764
38	114	19.9998	-28.6563	30.802	-0.871408
38	115	20.1664	-28.5167	30.8033	-0.864351
38	116	20.3449	-28.3451	30.7896	-0.856324
38	117	20.5425	-28.135	30.7617	-0.846996
38	118	20.7504	-27.8976	30.7231	-0.836807
38	119	20.953	-27.6531	30.6789	-0.826566
38	120	21.1488	-27.3996	30.6266	-0.816257
38	121	21.3343	-27.1366	30.5637	-0.80594
38	122	21.5077	-26.8667	30.4907	-0.795706
38	123	21.6705	-26.5925	30.4102	-0.785573
38	124	21.825	-26.3143	30.3242	-0.775482
38	125	21.9719	-26.0301	30.2317	-0.76537
38	126	22.1089	-25.7383	30.1299	-0.755237
38	127	22.2329	-25.4399	30.0172	-0.745165
38	128	22.3437	-25.138	29.8954	-0.73523
38	129	22.4438	-24.8344	29.7674	-0.725408
38	130	22.5354	-24.528	29.6341	-0.715621
38	131	22.6176	-24.2166	29.4932	-0.705826
38	132	22.6869	-23.8995	29.3417	-0.696067
38	133	22.741	-23.5794	29.1793	-0.686461
38	134	22.7814	-23.2597	29.0092	-0.677053
38	135	22.8118	-22.941	28.8345	-0.667777
38	136	22.8342	-22.6216	28.6555	-0.658542
38	137	22.8475	-22.2999	28.4703	-0.649319
39	0	-17.0981	-20.2955	23.0123	-2.4195
39	1	-17.0778	-20.0463	22.8331	-2.42711
39	2	-17.0624	-19.7943	22.657	-2.43506
39	3	-17.0526	-19.5406	22.4856	-2.44336
39	4	-17.0489	-19.2868	22.3204	-2.45197
39	5	-17.0507	-19.0346	22.1622	-2.4608
39	6	-17.0563	-18.7851	22.0105	-2.46977
39	7	-17.0641	-18.5383	21.8638	-2.47883
39	8	-17.0731	-18.2934	21.7212	-2.48797
39	9	-17.0846	-18.0472	21.5815	-2.49735
39	10	-17.0993	-17.7998	21.4457	-2.50698
39	11	-17.1185	-17.552	21.3153	-2.51688
39	12	-17.1439	-17.3052	21.1927	-2.52703
39	13	-17.1735	-17.0601	21.0766	-2.53734
39	14	-17.2071	-16.8172	20.9674	-2.54778
39	15	-17.2473	-16.5763	20.8671	-2.55843
39	16	-17.2998	-16.3359	20.7798	-2.56948
39	17	-17.3675	-16.0948	20.7076	-2.58104
39	18	-17.4543	-15.849	20.652	-2.59335
39	19	-17.5537	-15.6288	20.6234	-2.60497
39	20	-17.6677	-15.4285	20.6203	-2.61615
39	21	-17.7984	-15.2475	20.6438	-2.62691
39	22	-17.9444	-15.0834	20.6912	-2.63729
39	23	-18.0987	-14.9301	20.7533	-2.64735
39	24	-18.2576	-14.7836	20.8246	-2.65716
39	25	-18.419	-14.6403	20.9017	-2.66683
39	26	-18.5824	-14.4985	20.9832	-2.6764
39	27	-18.7483	-14.3573	21.0691	-2.68592
39	28	-18.9176	-14.2169	21.1603	-2.6954
39	29	-19.0913	-14.0779	21.258	-2.70482
39	30	-19.27	-13.9418	21.3632	-2.71413
39	31	-19.4532	-13.8095	21.476	-2.72327
39	32	-19.6398	-13.6816	21.5954	-2.73219
39	33	-19.8275	-13.5568	21.7188	-2.74091
39	34	-20.0159	-13.4342	21.8451	-2.74944
39	35	-20.2049	-13.3128	21.9742	-2.75783
39	36	-20.3953	-13.1929	22.1066	-2.76609
39	37	-20.5885	-13.0757	22.2441	-2.77418
39	38	-20.7864	-12.9647	22.3896	-2.78198
39	39	-20.9892	-12.8686	22.5462	-2.78913
39	40	-21.1997	-12.7884	22.7165	-2.79564
39	41	-21.4176	-12.7225	22.8995	-2.80158
39	42	-21.6343	-12.6762	23.0887	-2.8066
39	43	-21.8437	-12.6509	23.2783	-2.81058
39	44	-22.0472	-12.6498	23.4706	-2.81344
39	45	-22.2475	-12.6741	23.668	-2.8152
39	46	-22.4467	-12.7159	23.8701	-2.81622
39	47	-22.6443	-12.7657	24.0733	-2.81688
39	48	-22.8414	-12.8188	24.2771	-2.8174
39	49	-23.0386	-12.8732	24.4813	-2.81786
39	50	-23.2355	-12.9284	24.6855	-2.81827
39	51	-23.4316	-12.9863	24.8899	-2.81857
39	52	-23.626	-13.0472	25.0935	-2.81873
39	53	-23.8176	-13.1106	25.2953	-2.81876
39	54	-24.0055	-13.1761	25.4944	-2.81866
39	55	-24.1899	-13.243	25.6904	-2.81847
39	56	-24.3708	-13.3109	25.8836	-2.8182
39	57	-24.5482	-13.3773	26.0729	-2.81795
39	58	-24.7229	-13.4428	26.2593	-2.8177
39	59	-24.8954	-13.5089	26.4439	-2.8174
39	60	-25.0641	-13.5798	26.6264	-2.8169
39	61	-25.2332	-13.6481	26.8084	-2.81649
39	62	-25.3894	-13.7387	26.9854	-2.81516
39	63	-25.516	-13.8766	27.1497	-2.81185
39	64	-25.6169	-14.0809	27.3117	-2.80596
39	65	-25.7014	-14.3088	27.4672	-2.79914
39	66	-25.7806	-14.5641	27.6284	-2.7914
39	67	-25.8586	-14.856	27.803	-2.7825
39	68	-25.9386	-15.1965	27.999	-2.77212
39	69	-26.0124	-15.5375	28.1925	-2.76179
39	70	-26.0799	-15.8808	28.3839	-2.75144
39	71	-26.1381	-16.2279	28.5713	-2.74097
39	72	-26.1837	-16.5776	28.7513	-2.73039
39	73	-26.217	-16.9266	28.9229	-2.71979
39	74	-26.2409	-17.274	29.0887	-2.70923
39	75	-26.2571	-17.6217	29.2507	-2.69867
39	76	-26.2639	-17.9712	29.4083	-2.68803
39	77	-26.2585	-18.3217	29.5587	-2.6773
39	78	-26.2409	-18.6702	29.7007	-2.66654
39	79	-26.2138	-19.0157	29.8364	-2.65582
39	80	-26.1792	-19.3597	29.9681	-2.64514
39	81	-26.1362	-19.7038	30.0959	-2.6344
39	82	-26.082	-20.0478	30.2174	-2.62358
39	83	-26.0158	-20.3889	30.3306	-2.61272
39	84	-25.94	-20.7256	30.4368	-2.60192
39	85	-25.8569	-21.0592	30.5387	-2.59115
39	86	-25.7655	-21.3918	30.6366	-2.58033
39	87	-25.6623	-21.7237	30.7277	-2.5694
39	88	-25.5443	-22.0515	30.8078	-2.55838
39	89	-25.4136	-22.3715	30.8768	-2.5474
39	90	-25.2749	-22.684	30.9387	-2.53652
39	91	-25.1312	-22.9916	30.9973	-2.52572
39	92	-24.9832	-23.2964	31.0543	-2.51496
39	93	-24.8291	-23.5999	31.1093	-2.50415
39	94	-24.6655	-23.9016	31.1592	-2.49324
39	95	-24.4885	-24.1988	31.1995	-2.48222
39	96	-24.2986	-24.4872	31.228	-2.4712
39	97	-24.1	-24.7658	31.2473	-2.46027
39	98	-23.8958	-25.0372	31.2615	-2.44941
39	99	-23.6865	-25.3041	31.2725	-2.43856
39	100	-23.4701	-25.5665	31.2789	-2.42769
39	101	-23.2742	-25.7846	31.2751	-2.41832
39	102	-23.092	-25.9671	31.2604	-2.41009
39	103	-22.9172	-26.1214	31.2342	-2.40267
39	104	-22.7374	-26.2429	31.1839	-2.39591
39	105	-22.5688	-26.2918	31.0935	-2.39108
39	106	-22.3936	-26.282	30.9589	-2.38745
39	107	-22.221	-26.249	30.8107	-2.38439
39	108	-22.049	-26.2179	30.6644	-2.38127
39	109	-21.8772	-26.1821	30.5154	-2.37825
39	110	-21.7042	-26.1444	30.3645	-2.37521
39	111	-21.529	-26.1061	30.2118	-2.3721
39	112	-21.3511	-26.065	30.0556	-2.36896
39	113	-21.17	-26.0217	29.8959	-2.36577
39	114	-20.9849	-25.9749	29.7311	-2.36253
39	115	-20.7958	-25.9247	29.5615	-2.35925
39	116	-20.6036	-25.8704	29.387	-2.35595
39	117	-20.4095	-25.812	29.2086	-2.35266
39	118	-20.2143	-25.7499	29.0273	-2.34939
39	119	-20.0191	-25.6846	28.8437	-2.34617
39	120	-19.824	-25.6164	28.6586	-2.34297
39	121	-19.6292	-25.5454	28.472	-2.33981
39	122	-19.4341	-25.4723	28.2839	-2.33665
39	123	-19.2395	-25.3953	28.0938	-2.33356
39	124	-19.0475	-25.3116	27.9006	-2.33065
39	125	-18.8611	-25.2167	27.7036	-2.32814
39	126	-18.6846	-25.1059	27.5019	-2.32624
39	127	-18.5216	-24.9729	27.2933	-2.32523
39	128	-18.37	-24.8158	27.075	-2.32513
39	129	-18.228	-24.6362	26.8469	-2.32585
39	130	-18.0923	-24.4294	26.6033	-2.32747
39	131	-17.9729	-24.217	26.3669	-2.32971
39	132	-17.8698	-23.9952	26.1352	-2.33268
39	133	-17.7809	-23.7608	25.9044	-2.33644
39	134	-17.6995	-23.5205	25.675	-2.34065
39	135	-17.6244	-23.2759	25.4474	-2.34522
39	136	-17.5551	-23.0287	25.2225	-2.35011
39	137	-17.4916	-22.7812	25.0021	-2.35526
39	138	-17.4349	-22.5331	24.7868	-2.36071
39	139	-17.3829	-22.2858	24.5762	-2.36636
39	140	-17.3332	-22.0398	24.369	-2.37215
39	141	-17.2853	-21.7945	24.1643	-2.37806
39	142	-17.2422	-21.5454	23.9615	-2.38433
39	143	-17.2052	-21.2937	23.7621	-2.39096
39	144	-17.174	-21.0413	23.5677	-2.39789
39	145	-17.147	-20.7902	23.3784	-2.40501
39	146	-17.1221	-20.5416	23.1936	-2.41223
43	0	19.9471	-32.0728	33.4576	-0.9384
43	1	19.8911	-31.7367	33.1538	-0.93377
43	2	19.8273	-31.4037	32.8484	-0.929301
43	3	19.756	-31.0716	32.54	-0.924949
43	4	19.6792	-30.7661	32.2501	-0.921151
43	5	19.598	-30.5012	31.9901	-0.918162
43	6	19.5106	-30.2673	31.7513	-0.915877
43	7	19.4132	-30.0573	31.5255	-0.91427
43	8	19.2937	-29.8726	31.3062	-0.913689
43	9	19.1378	-29.7565	31.1192	-0.915379
43	10	18.9418	-29.6881	30.9456	-0.919053
43	11	18.7478	-29.6124	30.768	-0.922573
43	12	18.5525	-29.5442	30.5959	-0.926317
43	13	18.3579	-29.4782	30.4265	-0.930125
43	14	18.1645	-29.4135	30.2592	-0.933973
43	15	17.9704	-29.3506	30.0934	-0.937914
43	16	17.7758	-29.2888	29.9288	-0.941937
43	17	17.5808	-29.2292	29.7661	-0.946055
43	18	17.3859	-29.1725	29.6064	-0.950274
43	19	17.1915	-29.1204	29.4513	-0.954618
43	20	17.0007	-29.0708	29.3008	-0.958955
43	21	16.8129	-29.0247	29.1554	-0.963316
43	22	16.6294	-28.9814	29.0155	-0.967657
43	23	16.4495	-28.9409	28.8803	-0.971993
43	24	16.2713	-28.9061	28.7515	-0.97643
43	25	16.0949	-28.8731	28.6256	-0.980891
43	26	15.9189	-28.8497	28.5085	-0.985562
43	27	15.7436	-28.8251	28.3916	-0.990232
43	28	15.566	-28.8208	28.2909	-0.995398
43	29	15.3853	-28.8263	28.1976	-1.00088
43	30	15.1985	-28.8677	28.1323	-1.00727
43	31	15.0056	-28.9211	28.0749	-1.01409
43	32	14.8055	-29.0025	28.0392	-1.02168
43	33	14.6145	-29.0906	28.0154	-1.02914
43	34	14.4333	-29.194	28.0113	-1.03658
43	35	14.2569	-29.3063	28.019	-1.04405
43	36	14.0847	-29.4275	28.0379	-1.05153
43	37	13.9134	-29.5522	28.062	-1.05903
43	38	13.7435	-29.6815	28.0924	-1.06656
43	39	13.5743	-29.8148	28.1281	-1.07412
43	40	13.4068	-29.953	28.1706	-1.08168
43	41	13.2423	-30.0942	28.2188	-1.08918
43	42	13.081	-30.2379	28.2722	-1.09659
43	43	12.9228	-30.3838	28.3304	-1.10391
43	44	12.7678	-30.531	28.3929	-1.11112
43	45	12.6163	-30.6811	28.4609	-1.11823
43	46	12.4704	-30.8364	28.5375	-1.12521
43	47	12.3339	-31.0006	28.6274	-1.13198
43	48	12.2083	-31.1776	28.735	-1.13855
43	49	12.0938	-31.3708	28.863	-1.14496
43	50	11.9933	-31.5828	29.0151	-1.15113
43	51	11.9149	-31.795	29.1774	-1.15655
43	52	11.8586	-32.0058	29.348	-1.1612
43	53	11.8159	-32.2175	29.5254	-1.16538
43	54	11.7815	-32.4293	29.7067	-1.16926
43	55	11.7521	-32.6415	29.8907	-1.17294
43	56	11.7263	-32.8549	30.0777	-1.17647
43	57	11.7043	-33.0706	30.2686	-1.17988
43	58	11.687	-33.2887	30.4638	-1.18314
43	59	11.6769	-33.5064	30.6616	-1.18612
43	60	11.6719	-33.7239	30.8615	-1.18892
43	61	11.6688	-33.9389	31.0599	-1.19159
43	62	11.668	-34.1497	31.2556	-1.19411
43	63	11.6693	-34.3621	31.4537	-1.19656
43	64	11.6728	-34.5766	31.6547	-1.19893
43	65	11.6737	-34.8065	31.8693	-1.20153
43	66	11.6802	-35.0624	32.1104	-1.20421
43	67	11.6194	-35.3421	32.3502	-1.20907
43	68	11.6505	-35.6067	32.6087	-1.21105
43	69	11.7749	-35.8442	32.8748	-1.21005
43	70	12.0049	-36.0384	33.1379	-1.20562
43	71	12.1632	-36.2444	33.387	-1.2034
43	72	12.2833	-36.4552	33.6269	-1.20232
43	73	12.391	-36.667	33.8633	-1.2016
43	74	12.5065	-36.8726	34.0967	-1.20062
43	75	12.6263	-37.0731	34.3271	-1.19948
43	76	12.7509	-37.2729	34.5584	-1.19822
43	77	12.8804	-37.4689	34.7882	-1.1968
43	78	13.0131	-37.6599	35.0145	-1.19527
43	79	13.1495	-37.8464	35.238	-1.19361
43	80	13.291	-38.0264	35.4576	-1.19177
43	81	13.4394	-38.1975	35.6716	-1.18968
43	82	13.5982	-38.3552	35.8771	-1.1872
43	83	13.7701	-38.5009	36.0767	-1.1843
43	84	13.9573	-38.6356	36.2722	-1.18092
43	85	14.144	-38.745	36.4446	-1.17732
43	86	14.3322	-38.8238	36.5899	-1.17339
43	87	14.5208	-38.8759	36.7112	-1.1692
43	88	14.7117	-38.9047	36.8126	-1.16474
43	89	14.9024	-38.9243	36.9064	-1.1602
43	90	15.0935	-38.9329	36.991	-1.15556
43	91	15.285	-38.9397	37.0748	-1.1509
43	92	15.4778	-38.9404	37.1545	-1.14617
43	93	15.6722	-38.9392	37.2339	-1.1414
43	94	15.8691	-38.9327	37.3104	-1.13653
43	95	16.0694	-38.9236	37.3869	-1.13157
43	96	16.2725	-38.9098	37.4613	-1.1265
43	97	16.4788	-38.8923	37.5346	-1.12134
43	98	16.686	-38.8687	37.6038	-1.11611
43	99	16.8937	-38.8399	37.6698	-1.11082
43	100	17.1017	-38.8067	37.7329	-1.10549
43	101	17.3103	-38.7707	37.7948	-1.10013
43	102	17.5201	-38.7322	37.8563	-1.09473
43	103	17.7319	-38.6916	37.9178	-1.08927
43	104	17.9457	-38.647	37.9779	-1.08374
43	105	18.1604	-38.5925	38.0308	-1.07808
43	106	18.3779	-38.5475	38.0947	-1.07249
43	107	18.5579	-38.446	38.092	-1.06707
43	108	18.7109	-38.281	38.0221	-1.06145
43	109	18.8459	-38.0942	37.9253	-1.05594
43	110	18.9726	-37.8884	37.8092	-1.05034
43	111	19.0957	-37.6579	37.6711	-1.04446
43	112	19.2194	-37.3937	37.5055	-1.03807
43	113	19.3488	-37.0842	37.3057	-1.03087
43	114	19.4706	-36.7703	37.0999	-1.0237
43	115	19.5832	-36.4497	36.8856	-1.01658
43	116	19.6825	-36.1228	36.6608	-1.00958
43	117	19.7673	-35.793	36.4276	-1.00279
43	118	19.8403	-35.4629	36.1893	-0.996182
43	119	19.9045	-35.1315	35.9469	-0.989674
43	120	19.9596	-34.7965	35.6978	-0.98323
43	121	20.002	-34.4565	35.4391	-0.976915
43	122	20.0286	-34.1142	35.171	-0.970843
43	123	20.041	-33.7737	34.8974	-0.965041
43	124	20.0433	-33.4352	34.621	-0.959421
43	125	20.0373	-33.0966	34.3409	-0.953902
43	126	20.0214	-32.7557	34.0541	-0.948493
43	127	19.9916	-32.4132	33.7589	-0.943296
44	0	-14.3563	-33.781	32.1633	-2.03944
44	1	-14.3235	-33.5515	31.9438	-2.04177
44	2	-14.2973	-33.3211	31.7267	-2.04432
44	3	-14.2756	-33.0921	31.5131	-2.04703
44	4	-14.2563	-32.8655	31.303	-2.0498
44	5	-14.2383	-32.6417	31.0962	-2.0526
44	6	-14.2241	-32.4153	30.8892	-2.05559
44	7	-14.2143	-32.1876	30.6833	-2.05876
44	8	-14.2087	-31.96	30.4798	-2.0621
44	9	-14.2072	-31.7341	30.2801	-2.06558
44	10	-14.2106	-31.5087	30.0835	-2.06923
44	11	-14.22	-31.2844	29.8913	-2.0731
44	12	-14.2344	-31.0624	29.7039	-2.07712
44	13	-14.2533	-30.8427	29.5211	-2.08129
44	14	-14.2791	-30.6213	29.3408	-2.08575
44	15	-14.3157	-30.3979	29.1648	-2.09061
44	16	-14.3695	-30.1667	28.9913	-2.09618
44	17	-14.4437	-29.9293	28.8237	-2.10254
44	18	-14.5342	-29.7066	28.6783	-2.1092
44	19	-14.6395	-29.4987	28.5545	-2.1161
44	20	-14.7568	-29.3	28.4462	-2.12324
44	21	-14.8815	-29.1078	28.3487	-2.13055
44	22	-15.0105	-28.9195	28.2584	-2.13795
44	23	-15.1425	-28.7322	28.1722	-2.14548
44	24	-15.2776	-28.5446	28.089	-2.15314
44	25	-15.4169	-28.3564	28.0093	-2.161
44	26	-15.5616	-28.1681	27.9343	-2.16905
44	27	-15.7122	-27.9812	27.8656	-2.17729
44	28	-15.8678	-27.797	27.8039	-2.18567
44	29	-16.0272	-27.616	27.749	-2.19412
44	30	-16.1894	-27.438	27.7001	-2.20263
44	31	-16.3542	-27.2624	27.6568	-2.21119
44	32	-16.522	-27.0891	27.6191	-2.21981
44	33	-16.6931	-26.9179	27.5872	-2.2285
44	34	-16.8697	-26.7511	27.5642	-2.23727
44	35	-17.0546	-26.5937	27.5558	-2.24608
44	36	-17.2481	-26.457	27.5711	-2.25465
44	37	-17.4514	-26.3393	27.6093	-2.26305
44	38	-17.6641	-26.2363	27.6667	-2.27135
44	39	-17.8873	-26.1498	27.7454	-2.27951
44	40	-18.1026	-26.0903	27.8411	-2.28677
44	41	-18.3075	-26.0642	27.9564	-2.29291
44	42	-18.5065	-26.0724	28.0945	-2.29803
44	43	-18.7024	-26.0957	28.2424	-2.30267
44	44	-18.897	-26.1283	28.397	-2.307
44	45	-19.0926	-26.1647	28.5556	-2.31122
44	46	-19.2907	-26.2056	28.7197	-2.31535
44	47	-19.4922	-26.2505	28.8894	-2.31943
44	48	-19.696	-26.3006	29.0651	-2.32339
44	49	-19.9015	-26.3553	29.2457	-2.32724
44	50	-20.1078	-26.4152	29.4311	-2.33094
44	51	-20.3151	-26.4776	29.6193	-2.33456
44	52	-20.524	-26.5411	29.8098	-2.33815
44	53	-20.7341	-26.6055	30.0023	-2.3417
44	54	-20.9463	-26.672	30.198	-2.34521
44	55	-21.1616	-26.7397	30.3971	-2.34871
44	56	-21.3804	-26.8083	30.5997	-2.35223
44	57	-21.6014	-26.8796	30.8062	-2.3557
44	58	-21.8228	-26.9547	31.0159	-2.35903
44	59	-22.0411	-27.0373	31.2292	-2.36209
44	60	-22.2469	-27.1403	31.448	-2.36436
44	61	-22.4124	-27.2937	31.6736	-2.36457
44	62	-22.5442	-27.5137	31.9218	-2.36255
44	63	-22.6572	-27.7595	32.1751	-2.35958
44	64	-22.763	-28.0347	32.4443	-2.35586
44	65	-22.8659	-28.3507	32.7409	-2.35126
44	66	-22.9673	-28.723	33.0774	-2.34552
44	67	-23.0558	-29.1014	33.4103	-2.33949
44	68	-23.1297	-29.4815	33.7356	-2.33323
44	69	-23.1924	-29.8602	34.0535	-2.32688
44	70	-23.2475	-30.2391	34.3676	-2.32049
44	71	-23.2938	-30.6213	34.6796	-2.31395
44	72	-23.3266	-31.0073	34.9868	-2.30718
44	73	-23.3442	-31.3926	35.285	-2.30021
44	74	-23.3504	-31.7752	35.5752	-2.29318
44	75	-23.3482	-32.157	35.8612	-2.28609
44	76	-23.336	-32.5405	36.1436	-2.27888
44	77	-23.3105	-32.9242	36.4194	-2.27149
44	78	-23.2727	-33.3048	36.687	-2.26402
44	79	-23.2261	-33.6825	36.9488	-2.25652
44	80	-23.1705	-34.0602	37.207	-2.24893
44	81	-23.1019	-34.4385	37.4597	-2.24117
44	82	-23.0178	-34.8136	37.7026	-2.23324
44	83	-22.9219	-35.1824	37.9356	-2.22527
44	84	-22.8179	-35.5471	38.1628	-2.21729
44	85	-22.7049	-35.9105	38.3861	-2.20923
44	86	-22.5791	-36.272	38.6027	-2.20104
44	87	-22.4402	-36.6276	38.8095	-2.19275
44	88	-22.2923	-36.9763	39.008	-2.18446
44	89	-22.1377	-37.3204	39.2017	-2.17618
44	90	-21.9969	-37.6113	39.3618	-2.16903
44	91	-21.863	-37.8609	39.4933	-2.16267
44	92	-21.7308	-38.0786	39.6009	-2.15683
44	93	-21.5949	-38.2713	39.6869	-2.15129
44	94	-21.4454	-38.4394	39.7461	-2.14583
44	95	-21.2849	-38.5405	39.7441	-2.14106
44	96	-21.1041	-38.5966	39.6942	-2.13646
44	97	-20.917	-38.6367	39.6282	-2.13193
44	98	-20.7288	-38.6737	39.5597	-2.12741
44	99	-20.5397	-38.7086	39.4899	-2.12287
44	100	-20.3499	-38.7423	39.4195	-2.11832
44	101	-20.1583	-38.772	39.3454	-2.11377
44	102	-19.9642	-38.7992	39.2688	-2.10918
44	103	-19.7668	-38.8213	39.187	-2.10457
44	104	-19.5662	-38.8398	39.1013	-2.09991
44	105	-19.3626	-38.8526	39.01	-2.09524
44	106	-19.158	-38.861	38.9153	-2.09058
44	107	-18.9527	-38.8646	38.8168	-2.08594
44	108	-18.7463	-38.8654	38.7163	-2.0813
44	109	-18.5397	-38.8617	38.6125	-2.07667
44	110	-18.332	-38.8543	38.5058	-2.07205
44	111	-18.1227	-38.8424	38.3952	-2.06742
44	112	-17.9114	-38.8257	38.2802	-2.06277
44	113	-17.6988	-38.8028	38.1601	-2.05815
44	114	-17.4859	-38.7734	38.0348	-2.05356
44	115	-17.2742	-38.7372	37.9048	-2.04906
44	116	-17.0646	-38.6955	37.7717	-2.04464
44	117	-16.8586	-38.6457	37.6337	-2.04037
44	118	-16.6599	-38.5814	37.4867	-2.03642
44	119	-16.4749	-38.4925	37.3245	-2.03306
44	120	-16.2997	-38.3767	37.1428	-2.03023
44	121	-16.1297	-38.2401	36.9452	-2.02775
44	122	-15.9621	-38.0795	36.7271	-2.02558
44	123	-15.8095	-37.9098	36.5078	-2.02387
44	124	-15.6725	-37.7273	36.2837	-2.02267
44	125	-15.5503	-37.5297	36.0525	-2.02202
44	126	-15.44	-37.3217	35.8173	-2.02178
44	127	-15.3388	-37.1081	35.5809	-2.02184
44	128	-15.2455	-36.8917	35.3455	-2.02213
44	129	-15.1575	-36.6747	35.1119	-2.02257
44	130	-15.0726	-36.458	34.8798	-2.02309
44	131	-14.9897	-36.2398	34.6474	-2.02369
44	132	-14.9105	-36.0192	34.4143	-2.02443
44	133	-14.8354	-35.797	34.1817	-2.0253
44	134	-14.7652	-35.5748	33.9513	-2.02632
44	135	-14.7016	-35.35	33.7215	-2.02756
44	136	-14.6436	-35.1252	33.4942	-2.02896
44	137	-14.589	-34.9023	33.2701	-2.03045
44	138	-14.5362	-34.6818	33.0492	-2.03198
44	139	-14.4863	-34.4585	32.827	-2.03365
44	140	-14.4395	-34.2332	32.6046	-2.03545
44	141	-14.3959	-34.0069	32.3828	-2.03738
48	0	20.3712	-42.9538	42.9192	-1.08076
48	1	20.3183	-42.6769	42.6501	-1.0788
48	2	20.2572	-42.3994	42.3768	-1.07698
48	3	20.1866	-42.1211	42.0983	-1.07532
48	4	20.105	-41.8431	41.8149	-1.07388
48	5	20.0126	-41.5671	41.5283	-1.07266
48	6	19.9113	-41.294	41.24	-1.07166
48	7	19.8027	-41.0228	40.9499	-1.07082
48	8	19.6866	-40.7523	40.6569	-1.07013
48	9	19.5616	-40.4822	40.36	-1.06964
48	10	19.4261	-40.214	40.0596	-1.06939
48	11	19.3023	-39.9903	39.804	-1.06941
48	12	19.1873	-39.8025	39.584	-1.06968
48	13	19.0781	-39.6422	39.391	-1.07016
48	14	18.972	-39.5016	39.2168	-1.07081
48	15	18.8662	-39.3737	39.0537	-1.07162
48	16	18.7439	-39.2697	38.9039	-1.0731
48	17	18.6038	-39.2336	38.8054	-1.07582
48	18	18.4394	-39.2583	38.7494	-1.07986
48	19	18.2746	-39.2995	38.7085	-1.08412
48	20	18.1056	-39.3334	38.6596	-1.08839
48	21	17.9322	-39.3595	38.6027	-1.09269
48	22	17.755	-39.3818	38.5413	-1.09703
48	23	17.575	-39.4081	38.483	-1.10151
48	24	17.3915	-39.4327	38.4224	-1.10606
48	25	17.2048	-39.4561	38.36	-1.11068
48	26	17.016	-39.4839	38.3015	-1.11542
48	27	16.8256	-39.5119	38.2434	-1.12021
48	28	16.6344	-39.5377	38.1838	-1.12502
48	29	16.4405	-39.5606	38.1213	-1.12986
48	30	16.2451	-39.5861	38.0614	-1.13479
48	31	16.0474	-39.6094	37.9996	-1.13977
48	32	15.8475	-39.6316	37.9366	-1.1448
48	33	15.6456	-39.6553	37.8752	-1.14991
48	34	15.4423	-39.6799	37.8152	-1.15509
48	35	15.2382	-39.7047	37.756	-1.1603
48	36	15.0351	-39.7321	37.7005	-1.16553
48	37	14.8345	-39.7644	37.6517	-1.17076
48	38	14.6382	-39.8067	37.6147	-1.176
48	39	14.4485	-39.8665	37.5975	-1.18127
48	40	14.2676	-39.9537	37.61	-1.1866
48	41	14.0923	-40.0685	37.6513	-1.19206
48	42	13.9203	-40.2078	37.7177	-1.19767
48	43	13.7659	-40.3592	37.8029	-1.20293
48	44	13.63	-40.5233	37.9076	-1.20783
48	45	13.5038	-40.6965	38.0251	-1.21255
48	46	13.387	-40.8772	38.1538	-1.21708
48	47	13.2782	-41.0632	38.2909	-1.22143
48	48	13.1768	-41.2523	38.4343	-1.22559
48	49	13.0823	-41.4432	38.5822	-1.22957
48	50	12.9938	-41.6341	38.7327	-1.23337
48	51	12.9103	-41.8244	38.885	-1.23702
48	52	12.8318	-42.0152	39.0398	-1.24052
48	53	12.7573	-42.2068	39.1971	-1.2439
48	54	12.6816	-42.3998	39.3558	-1.2473
48	55	12.6195	-42.5999	39.5259	-1.2504
48	56	12.5738	-42.8109	39.7119	-1.25316
48	57	12.5468	-43.0381	39.9195	-1.25558
48	58	12.5398	-43.2595	40.1278	-1.25746
48	59	12.5507	-43.4767	40.3379	-1.25886
48	60	12.5761	-43.6907	40.5494	-1.25989
48	61	12.6092	-43.9015	40.7602	-1.26069
48	62	12.6461	-44.1098	40.9698	-1.26139
48	63	12.6846	-44.3164	41.1784	-1.26202
48	64	12.7239	-44.5221	41.3863	-1.26263
48	65	12.7637	-44.7271	41.5938	-1.26321
48	66	12.804	-44.9313	41.8006	-1.26377
48	67	12.8445	-45.1343	42.0063	-1.26432
48	68	12.8852	-45.3357	42.2106	-1.26484
48	69	12.9272	-45.5349	42.4132	-1.26531
48	70	12.9708	-45.7321	42.6144	-1.26572
48	71	13.0128	-45.9288	42.8146	-1.26617
48	72	13.0539	-46.1254	43.0145	-1.26663
48	73	13.0965	-46.3218	43.2146	-1.26705
48	74	13.1415	-46.5173	43.4147	-1.26741
48	75	13.1892	-46.7111	43.6138	-1.26769
48	76	13.2389	-46.9028	43.8116	-1.26791
48	77	13.2898	-47.0919	44.0074	-1.26809
48	78	13.3411	-47.2788	44.201	-1.26824
48	79	13.3922	-47.4638	44.3929	-1.26838
48	80	13.4427	-47.648	44.5837	-1.26853
48	81	13.4937	-47.8317	44.7743	-1.26867
48	82	13.5458	-48.0151	44.9649	-1.26878
48	83	13.5998	-48.1978	45.1554	-1.26884
48	84	13.6558	-48.3792	45.3452	-1.26885
48	85	13.7133	-48.5586	45.5336	-1.26881
48	86	13.7699	-48.7362	45.72	-1.26879
48	87	13.8276	-48.9112	45.9042	-1.26872
48	88	13.8867	-49.0836	46.0864	-1.26861
48	89	13.9438	-49.2567	46.2686	-1.26854
48	90	13.9997	-49.4306	46.4513	-1.26851
48	91	14.0563	-49.6049	46.6346	-1.26846
48	92	14.112	-49.78	46.8183	-1.26844
48	93	14.1654	-49.956	47.0022	-1.26847
48	94	14.2234	-50.1308	47.1863	-1.2684
48	95	14.2896	-50.2882	47.3564	-1.26806
48	96	14.3972	-50.392	47.4875	-1.26655
48	97	14.536	-50.4534	47.5878	-1.26415
48	98	14.6824	-50.4933	47.6703	-1.26147
48	99	14.8367	-50.518	47.741	-1.25855
48	100	15.0035	-50.5282	47.8022	-1.2553
48	101	15.1885	-50.5232	47.8552	-1.25159
48	102	15.3984	-50.5026	47.9019	-1.2473
48	103	15.6411	-50.4659	47.9449	-1.24225
48	104	15.882	-50.4192	47.979	-1.23719
48	105	16.121	-50.3635	48.0052	-1.2321
48	106	16.3584	-50.299	48.0239	-1.22699
48	107	16.5944	-50.2247	48.0341	-1.22185
48	108	16.8285	-50.1388	48.0341	-1.21665
48	109	17.0592	-50.0397	48.0218	-1.21143
48	110	17.2841	-49.9272	47.9963	-1.20622
48	111	17.5019	-49.8031	47.9586	-1.20106
48	112	17.7127	-49.6699	47.9112	-1.19595
48	113	17.9178	-49.5291	47.8559	-1.19088
48	114	18.1183	-49.3811	47.7935	-1.18584
48	115	18.3145	-49.2249	47.7229	-1.1808
48	116	18.5051	-49.0585	47.6421	-1.17577
48	117	18.6859	-48.879	47.5466	-1.17081
48	118	18.8598	-48.6921	47.4427	-1.1659
48	119	19.0249	-48.4979	47.3298	-1.16108
48	120	19.1817	-48.2975	47.209	-1.15634
48	121	19.3313	-48.0914	47.0811	-1.15167
48	122	19.4742	-47.8786	46.9454	-1.14704
48	123	19.6095	-47.6581	46.8005	-1.14247
48	124	19.7355	-47.4295	46.6454	-1.13798
48	125	19.8504	-47.1938	46.48	-1.13361
48	126	19.9541	-46.953	46.3062	-1.12938
48	127	20.0478	-46.7088	46.1258	-1.12528
48	128	20.1333	-46.4613	45.9397	-1.12128
48	129	20.2113	-46.2099	45.7475	-1.11735
48	130	20.281	-45.9534	45.5478	-1.11351
48	131	20.3408	-45.6916	45.3396	-1.10978
48	132	20.3891	-45.4258	45.1233	-1.1062
48	133	20.4259	-45.1577	44.9004	-1.10279
48	134	20.4527	-44.8886	44.6726	-1.09954
48	135	20.4713	-44.6183	44.4405	-1.0964
48	136	20.482	-44.3457	44.203	-1.09337
48	137	20.4835	-44.0698	43.9588	-1.09046
48	138	20.4736	-43.7908	43.707	-1.08771
48	139	20.4508	-43.5106	43.4484	-1.08518
48	140	20.4159	-43.2314	43.1853	-1.08287
49	0	-13.5497	-46.3174	43.4549	-1.89204
49	1	-13.5283	-46.1068	43.2483	-1.89311
49	2	-13.5059	-45.8948	43.0402	-1.89417
49	3	-13.4845	-45.6806	42.8303	-1.89529
49	4	-13.4649	-45.4638	42.6187	-1.89648
49	5	-13.4476	-45.2461	42.4069	-1.89773
49	6	-13.4324	-45.0281	42.1956	-1.89905
49	7	-13.419	-44.8104	41.9852	-1.90042
49	8	-13.407	-44.5929	41.7756	-1.90183
49	9	-13.396	-44.376	41.567	-1.90328
49	10	-13.3867	-44.1588	41.3587	-1.90478
49	11	-13.3807	-43.9408	41.1508	-1.90638
49	12	-13.3815	-43.7217	40.9443	-1.90816
49	13	-13.395	-43.5032	40.7426	-1.91025
49	14	-13.4254	-43.2827	40.5449	-1.91276
49	15	-13.473	-43.0605	40.3517	-1.91572
49	16	-13.5408	-42.8322	40.1601	-1.91923
49	17	-13.6223	-42.6198	39.9885	-1.92296
49	18	-13.7162	-42.4168	39.8307	-1.92693
49	19	-13.8209	-42.222	39.685	-1.93112
49	20	-13.9354	-42.0306	39.5466	-1.93553
49	21	-14.0576	-41.8412	39.4137	-1.94014
49	22	-14.1862	-41.653	39.285	-1.94493
49	23	-14.3202	-41.4663	39.1607	-1.94985
49	24	-14.4581	-41.2817	39.0407	-1.95488
49	25	-14.5973	-41.0985	38.9235	-1.95996
49	26	-14.7369	-40.9153	38.8075	-1.96508
49	27	-14.8772	-40.7316	38.6923	-1.97026
49	28	-15.0188	-40.5474	38.5782	-1.97549
49	29	-15.1634	-40.3642	38.4673	-1.98082
49	30	-15.316	-40.1876	38.3668	-1.98631
49	31	-15.4824	-40.0259	38.2865	-1.99199
49	32	-15.6631	-39.8784	38.2265	-1.99788
49	33	-15.8579	-39.7426	38.1843	-2.004
49	34	-16.0473	-39.636	38.1677	-2.00967
49	35	-16.2347	-39.565	38.1836	-2.0149
49	36	-16.4197	-39.5321	38.2338	-2.01964
49	37	-16.6048	-39.5217	38.3052	-2.02412
49	38	-16.7893	-39.5202	38.3849	-2.02845
49	39	-16.9737	-39.5211	38.4676	-2.03274
49	40	-17.1588	-39.523	38.5521	-2.03702
49	41	-17.3456	-39.5249	38.6381	-2.04132
49	42	-17.5339	-39.5285	38.7271	-2.04561
49	43	-17.724	-39.5321	38.8176	-2.04992
49	44	-17.9151	-39.5368	38.9102	-2.05422
49	45	-18.1069	-39.5412	39.0036	-2.05852
49	46	-18.2986	-39.5459	39.0979	-2.0628
49	47	-18.4897	-39.5521	39.194	-2.06702
49	48	-18.6802	-39.558	39.2903	-2.07122
49	49	-18.8713	-39.5582	39.3824	-2.07547
49	50	-19.0641	-39.5514	39.4702	-2.07983
49	51	-19.2589	-39.5412	39.5565	-2.08426
49	52	-19.4555	-39.5341	39.6473	-2.08866
49	53	-19.6531	-39.525	39.7376	-2.0931
49	54	-19.851	-39.5115	39.825	-2.09757
49	55	-20.0487	-39.4931	39.9089	-2.10209
49	56	-20.2464	-39.4701	39.9896	-2.10664
49	57	-20.4439	-39.4428	40.0675	-2.11122
49	58	-20.641	-39.4113	40.1423	-2.11584
49	59	-20.8384	-39.372	40.2114	-2.12054
49	60	-21.0353	-39.3244	40.2742	-2.12533
49	61	-21.235	-39.2998	40.3589	-2.12986
49	62	-21.3853	-39.3781	40.5051	-2.13198
49	63	-21.5207	-39.5179	40.6955	-2.13297
49	64	-21.6381	-39.6827	40.8975	-2.13325
49	65	-21.7472	-39.87	41.1141	-2.13306
49	66	-21.8533	-40.0853	41.3529	-2.13246
49	67	-21.9598	-40.3369	41.6225	-2.13141
49	68	-22.0702	-40.6339	41.9328	-2.12987
49	69	-22.1712	-40.9313	42.2385	-2.12816
49	70	-22.265	-41.2283	42.5403	-2.12634
49	71	-22.3525	-41.5262	42.8396	-2.12441
49	72	-22.4323	-41.8264	43.137	-2.12232
49	73	-22.5017	-42.129	43.4312	-2.12003
49	74	-22.5594	-42.4317	43.7197	-2.11754
49	75	-22.6069	-42.7325	44.0016	-2.11491
49	76	-22.6469	-43.0311	44.2779	-2.11219
49	77	-22.6807	-43.3287	44.5505	-2.1094
49	78	-22.7075	-43.6269	44.8204	-2.1065
49	79	-22.7252	-43.926	45.0868	-2.10345
49	80	-22.7318	-44.2245	45.3475	-2.10024
49	81	-22.7278	-44.5203	45.6011	-2.09688
49	82	-22.7155	-44.8126	45.848	-2.09345
49	83	-22.6965	-45.1023	46.0898	-2.08996
49	84	-22.6709	-45.3907	46.3278	-2.08639
49	85	-22.6368	-45.6787	46.5618	-2.0827
49	86	-22.5919	-45.9653	46.7901	-2.07886
49	87	-22.5356	-46.2484	47.0104	-2.07489
49	88	-22.4692	-46.5264	47.2222	-2.07081
49	89	-22.395	-46.7995	47.4266	-2.06668
49	90	-22.3137	-47.0688	47.6252	-2.06249
49	91	-22.2246	-47.3354	47.8186	-2.05821
49	92	-22.1258	-47.599	48.0057	-2.05382
49	93	-22.0158	-47.8577	48.1843	-2.04931
49	94	-21.8956	-48.1097	48.3531	-2.0447
49	95	-21.7672	-48.3542	48.5126	-2.04004
49	96	-21.6323	-48.5924	48.6646	-2.03536
49	97	-21.4911	-48.8255	48.8103	-2.03063
49	98	-21.3426	-49.054	48.9496	-2.02584
49	99	-21.1857	-49.2768	49.0814	-2.02098
49	100	-21.0202	-49.4923	49.204	-2.01604
49	101	-20.8475	-49.6997	49.3174	-2.01107
49	102	-20.6701	-49.9	49.4236	-2.0061
49	103	-20.4873	-50.0932	49.5223	-2.0011
49	104	-20.2984	-50.2795	49.6135	-1.99608
49	105	-20.1027	-50.4593	49.6972	-1.991
49	106	-19.8995	-50.631	49.7717	-1.98586
49	107	-19.6892	-50.7927	49.8355	-1.98069
49	108	-19.4733	-50.944	49.8889	-1.97552
49	109	-19.2535	-51.0859	49.9335	-1.97035
49	110	-19.0303	-51.2197	49.9706	-1.96519
49	111	-18.8029	-51.3459	50.0004	-1.96003
49	112	-18.5702	-51.4636	50.0216	-1.95483
49	113	-18.3318	-51.5705	50.0321	-1.94961
49	114	-18.0887	-51.6651	50.0308	-1.9444
49	115	-17.843	-51.7474	50.0184	-1.93922
49	116	-17.5962	-51.8189	49.9969	-1.9341
49	117	-17.3484	-51.8816	49.9681	-1.92902
49	118	-17.0987	-51.936	49.9321	-1.92395
49	119	-16.846	-51.981	49.8875	-1.91889
49	120	-16.5898	-52.0138	49.8316	-1.91383
49	121	-16.3315	-52.0317	49.7622	-1.90882
49	122	-16.0736	-52.0341	49.6796	-1.90391
49	123	-15.8186	-52.0228	49.586	-1.89912
49	124	-15.5675	-51.9998	49.4839	-1.89447
49	125	-15.3535	-51.9649	49.3831	-1.89059
49	126	-15.1674	-51.9188	49.2811	-1.8873
49	127	-15.0017	-51.8636	49.1773	-1.88444
49	128	-14.8497	-51.7988	49.0689	-1.88191
49	129	-14.7089	-51.7198	48.9507	-1.87966
49	130	-14.5926	-51.6118	48.8125	-1.87806
49	131	-14.5035	-51.4762	48.6564	-1.87716
49	132	-14.4391	-51.2987	48.4677	-1.877
49	133	-14.387	-51.1155	48.2774	-1.87711
49	134	-14.338	-50.9297	48.0854	-1.87731
49	135	-14.289	-50.7414	47.8911	-1.87752
49	136	-14.2406	-50.5511	47.6951	-1.87776
49	137	-14.1948	-50.3588	47.4979	-1.87806
49	138	-14.1521	-50.1655	47.3008	-1.87843
49	139	-14.1118	-49.972	47.1042	-1.87886
49	140	-14.073	-49.7785	46.908	-1.87933
49	141	-14.0336	-49.5848	46.7115	-1.87978
49	142	-13.9945	-49.3899	46.5139	-1.88026
49	143	-13.9561	-49.1931	46.3148	-1.88076
49	144	-13.9194	-48.9941	46.114	-1.88132
49	145	-13.8853	-48.7932	45.9124	-1.88195
49	146	-13.8542	-48.5913	45.7107	-1.88265
49	147	-13.8245	-48.3892	45.5092	-1.88339
49	148	-13.7943	-48.1874	45.3079	-1.88413
49	149	-13.7634	-47.9853	45.1061	-1.88486
49	150	-13.7318	-47.7821	44.9031	-1.88559
49	151	-13.6991	-47.5771	44.6981	-1.88631
49	152	-13.6678	-47.3697	44.4913	-1.88709
49	153	-13.6389	-47.1602	44.2831	-1.88794
49	154	-13.6135	-46.9493	44.0748	-1.88888
49	155	-13.5913	-46.7381	43.8673	-1.88991
49	156	-13.5703	-46.5276	43.6609	-1.89097
