0 1 1 89.2736 1.51998 -1 1.30461 0 0 0 0 61.7784 0 129000 0 1.49706
1 1 1 81.3643 1.58475 -1 1.35069 0.678643 1 0 0 62.1765 0 129000 0 1.64454
2 1 1 92.7827 1.54353 -1 1.48857 2.10492 2 0 0 60.0023 0 129000 0 1.70707
3 1 1 94.1706 1.61531 -1 1.43933 2.15916 3 0 0 59.5953 0 129000 0 1.70185
4 1 1 88.0442 1.58251 -1 1.73939 2.75481 4 0 0 55.0857 0 129000 0 1.68433
5 1 1 75.0179 1.62151 -1 1.75192 3.71772 5 0 0 55.1745 0 129000 0 1.72243
6 1 1 93.2316 1.48845 -1 1.42867 3.20364 6 0 0 49.4569 0 129000 0 1.66691
7 1 1 61.8604 1.56213 -1 1.70063 3.76769 7 0 0 50.3066 0 129000 0 1.68859
8 1 1 74.1344 2.49437 -1 1.20464 4.14503 8 0 0 43.8934 0 129000 0 1.66905
9 1 1 76.3133 1.18463 -1 1.185 3.66397 9 0 0 45.0434 0 129000 0 1.66132
10 2 0 62.2714 1.6212 0 1.11565 9.07443 10 0 0 71.4613 0 129000 0 0
11 2 0 61.6482 2.59772 0 1.30892 9.48456 11 0 0 69.007 0 129000 0 0
12 2 0 56.1484 1.70596 -1 1.18044 10.5752 12 0 0 68.9522 0 129000 0 0
13 2 0 64.0611 2.73357 0 1.27668 12.6039 13 0 0 62.9743 0 129000 0 0
14 2 0 60.1243 0.393118 0 1.21415 12.0784 14 0 0 62.5389 0 129000 0 0
15 2 0 62.1057 1.68953 0 1.07502 12.4058 15 0 0 54.7738 0 129000 0 0
16 2 0 53.8235 3.05474 0 1.12183 12.831 16 0 0 54.5343 0 129000 0 0
17 2 1 76.8701 2.66832 -1 1.15207 12.623 17 0 0 47.6856 0 129000 0 0
18 2 1 55.7978 0.309252 -1 1.08749 11.8306 18 0 0 47.9239 0 129000 0 0
19 3 0 66.5036 1.4518 1.5708 1.67365 17.7986 19 0 0 79.5187 90.3672 129000 0 0
20 3 0 55.3934 0.466141 0 1.37168 17.6037 20 0 0 77.8521 89.4235 129000 0 0
21 3 0 71.5846 2.64038 0 1.33921 19.1842 21 0 0 69.8619 84.7217 129000 0 0
22 3 0 58.5272 1.60314 1.5708 1.35867 19.4535 22 0 0 68.6469 84.1274 129000 0 0
23 3 0 56.934 0.356694 -1 1.17173 20.1721 23 0 0 60.0818 74.6697 129000 0 0
24 3 0 74.2177 1.59551 1.5708 1.20775 20.5004 24 0 0 59.5333 74.3456 129000 0 0
25 3 1 78.8034 2.61633 -1 1.13551 20.6837 25 0 0 52.0076 65.0317 129000 0 0
26 3 1 84.683 2.58026 -1 1.13377 20.7906 26 0 0 50.939 63.6791 129000 0 0
27 4 0 65.5251 1.66381 1.5708 1.19055 25.708 27 0 0 76.724 103.769 129000 0 0
28 4 0 58.0171 2.76246 -1 1.27243 26.9254 28 0 0 71.3344 95.774 129000 0 0
29 4 0 64.9891 1.6971 1.5708 1.41343 26.5855 29 0 0 71.3887 95.5326 129000 0 0
30 4 0 67.5966 2.5763 -1 1.30451 28.1271 30 0 0 62.8462 83.1918 129000 0 0
31 4 0 58.1503 0.54728 -1 1.17982 28.5813 31 0 0 62.6144 83.2876 129000 0 0
32 4 1 80.3824 2.58492 -1 1.19982 28.7529 32 0 0 55.1701 72.2753 129000 0 0
33 4 1 78.7873 0.537872 -1 1.14257 29.1669 33 0 0 54.1269 70.8608 129000 0 0
34 5 0 67.859 1.57468 1.5708 1.23759 35.0441 34 0 0 66.3553 98.8191 129000 0 0
35 5 0 63.2667 1.56854 1.5708 1.14285 35.0969 35 0 0 65.9052 98.1253 129000 0 0
36 5 0 67.3686 1.49856 1.5708 1.32949 35.5624 36 0 0 61.9631 88.0415 129000 0 0
37 5 0 70.5815 1.36747 1.5708 1.10189 36.283 37 0 0 61.1368 87.2842 129000 0 0
38 5 1 71.0373 2.62706 -1 1.23901 36.4101 38 0 0 55.4928 76.5455 129000 0 0
39 5 1 74.0482 0.528118 -1 1.26323 36.7985 39 0 0 54.9338 75.748 129000 0 0
40 6 0 73.1205 2.8954 1.5708 1.10594 43.8865 40 0 0 58.1199 87.1441 129000 0 0
41 6 0 59.8749 2.92557 0 1.26958 43.3225 41 0 0 57.6724 85.3264 129000 0 0
42 6 0 51.6816 2.86252 -1 1.10166 43.7916 42 0 0 56.7929 84.0356 129000 0 0
43 6 1 74.5729 2.91071 -1 1.16267 44.3346 43 0 0 53.1544 76.4905 129000 0 0
44 6 1 75.2547 0.238836 -1 1.33244 44.4575 44 0 0 52.6079 75.4803 129000 0 0
45 7 0 91.03 1.51312 1.5708 1.3273 53.3256 45 0 0 49.9103 74.3677 129000 0 0
46 7 0 96.4369 1.71438 1.5708 1.39715 52.8471 46 0 0 49.5152 73.3037 129000 0 0
47 7 0 69.7578 1.49451 1.5708 1.6428 52.3817 47 0 0 49.6524 73.3885 129000 0 0
48 7 1 53.2517 0.113534 1.5708 1.09078 52.2916 48 0 0 47.7423 69.4553 129000 0 0
49 7 1 75.5691 3.0386 1.5708 1.12078 52.7036 49 0 0 47.2502 68.6488 129000 0 0
