0 1 1 89.636 1.57438 -1 1.3006 0 0 0 0 61.7784 0 135000 0 1.49943
1 1 1 81.5435 1.57606 -1 1.35667 0.657587 1 0 0 62.1765 0 135000 0 1.64216
2 1 1 92.8491 1.53304 -1 1.48545 2.13985 2 0 0 60.0023 0 135000 0 1.70917
3 1 1 94.8816 1.65265 -1 1.39143 2.02284 3 0 0 59.5953 0 135000 0 1.69255
4 1 1 88.1949 1.55998 -1 1.74723 2.81902 4 0 0 55.0857 0 135000 0 1.68705
5 1 1 75.2728 1.63609 -1 1.70904 3.58127 5 0 0 55.1745 0 135000 0 1.71574
6 1 1 93.1449 1.51784 -1 1.42235 3.22905 6 0 0 49.4569 0 135000 0 1.66758
7 1 1 61.8663 1.57568 -1 1.70284 3.73903 7 0 0 50.3066 0 135000 0 1.68707
8 1 1 74.9325 2.49897 -1 1.19875 4.13527 8 0 0 43.8934 0 135000 0 1.6686
9 1 1 76.4661 1.18959 -1 1.18726 3.71001 9 0 0 45.0434 0 135000 0 1.66225
10 2 0 63.054 0.612907 0 1.14846 9.08936 10 0 0 71.4613 0 135000 0 0
11 2 0 61.5029 2.55023 0 1.33362 9.50275 11 0 0 69.007 0 135000 0 0
12 2 0 56.6303 1.73702 -1 1.16336 10.4947 12 0 0 68.9522 0 135000 0 0
13 2 0 64.353 2.73448 0 1.27318 12.7107 13 0 0 62.9743 0 135000 0 0
14 2 0 60.2093 0.412485 0 1.21586 11.8366 14 0 0 62.5389 0 135000 0 0
15 2 0 63.3104 1.69724 0 1.07371 12.4663 15 0 0 54.7738 0 135000 0 0
16 2 0 54.1543 3.06724 0 1.12058 12.7672 16 0 0 54.5343 0 135000 0 0
17 2 1 76.7717 2.67131 -1 1.15345 12.6278 17 0 0 47.6856 0 135000 0 0
18 2 1 56.089 0.318043 -1 1.07706 11.9092 18 0 0 47.9239 0 135000 0 0
19 3 0 67.2946 1.45361 1.5708 1.69364 17.822 19 0 0 79.5187 90.3672 135000 0 0
20 3 0 55.9411 0.464201 0 1.40384 17.58 20 0 0 77.8521 89.4235 135000 0 0
21 3 0 72.322 2.66152 0 1.32953 19.3075 21 0 0 69.8619 84.7217 135000 0 0
22 3 0 59.3023 1.5348 1.5708 1.38459 19.3384 22 0 0 68.6469 84.1274 135000 0 0
23 3 0 57.6542 0.362357 -1 1.17943 20.3087 23 0 0 60.0818 74.6697 135000 0 0
24 3 0 75.2493 1.613 1.5708 1.26402 20.4231 24 0 0 59.5333 74.3456 135000 0 0
25 3 1 79.0638 2.58104 -1 1.13341 20.7347 25 0 0 52.0076 65.0317 135000 0 0
26 3 1 84.7931 2.59256 -1 1.13462 20.8697 26 0 0 50.939 63.6791 135000 0 0
27 4 0 65.9123 1.86184 1.5708 1.20245 25.7479 27 0 0 76.724 103.769 135000 0 0
28 4 0 60.2008 2.75378 -1 1.25055 27.0944 28 0 0 71.3344 95.774 135000 0 0
29 4 0 67.1419 1.69271 1.5708 1.41245 26.5703 29 0 0 71.3887 95.5326 135000 0 0
30 4 0 68.4873 2.56744 -1 1.30099 28.2908 30 0 0 62.8462 83.1918 135000 0 0
31 4 0 58.3298 0.516073 -1 1.16399 28.62 31 0 0 62.6144 83.2876 135000 0 0
32 4 1 80.7711 2.58254 -1 1.1975 28.8497 32 0 0 55.1701 72.2753 135000 0 0
33 4 1 79.0342 0.552927 -1 1.1354 29.2752 33 0 0 54.1269 70.8608 135000 0 0
34 5 0 67.7171 1.61797 1.5708 1.25993 35.2709 34 0 0 66.3553 98.8191 135000 0 0
35 5 0 63.1742 1.59385 1.5708 1.15003 35.1873 35 0 0 65.9052 98.1253 135000 0 0
36 5 0 67.9493 1.51475 1.5708 1.31891 35.7811 36 0 0 61.9631 88.0415 135000 0 0
37 5 0 70.7261 1.37083 1.5708 1.10347 36.3532 37 0 0 61.1368 87.2842 135000 0 0
38 5 1 73.089 2.62665 -1 1.2484 36.5508 38 0 0 55.4928 76.5455 135000 0 0
39 5 1 74.285 0.461439 -1 1.26116 36.9206 39 0 0 54.9338 75.748 135000 0 0
40 6 0 72.7895 2.84048 1.5708 1.14321 44.0497 40 0 0 58.1199 87.1441 135000 0 0
41 6 0 59.6465 2.93548 0 1.31057 43.5407 41 0 0 57.6724 85.3264 135000 0 0
42 6 0 51.6307 2.86319 -1 1.09969 43.873 42 0 0 56.7929 84.0356 135000 0 0
43 6 1 74.3187 2.91329 -1 1.17742 44.4782 43 0 0 53.1544 76.4905 135000 0 0
44 6 1 75.1344 0.241849 -1 1.3335 44.5611 44 0 0 52.6079 75.4803 135000 0 0
45 7 0 91.0458 1.51665 1.5708 1.31647 53.4281 45 0 0 49.9103 74.3677 135000 0 0
46 7 0 96.4097 1.7195 1.5708 1.38506 52.9565 46 0 0 49.5152 73.3037 135000 0 0
47 7 0 69.7785 1.49564 1.5708 1.64074 52.4645 47 0 0 49.6524 73.3885 135000 0 0
48 7 1 53.1697 0.110974 1.5708 1.09678 52.3875 48 0 0 47.7423 69.4553 135000 0 0
49 7 1 75.6124 3.03535 1.5708 1.12211 52.8016 49 0 0 47.2502 68.6488 135000 0 0
