0 1 1 75.8121 1.57475 -1 1.46483 0.000952397 0 0 0 66.2845 0 8000 0 1.5707
1 1 1 62.378 1.61537 -1 1.45559 0 1 0 0 66.2845 0 8000 0 1.5709
2 1 1 72.5249 1.6058 -1 1.48752 -0.0902571 2 0 0 62.6305 0 8000 0 1.56331
3 1 1 78.0062 1.58586 -1 1.39641 -0.176863 3 0 0 62.6305 0 8000 0 1.55599
4 1 1 71.7239 1.58992 -1 1.51275 -0.096181 4 0 0 57.2732 0 8000 0 1.56603
5 1 1 73.3374 1.66685 -1 1.56487 -0.376917 5 0 0 57.2732 0 8000 0 1.55236
6 1 1 82.4998 1.41476 -1 1.42663 -0.515603 6 0 0 51.5797 0 8000 0 1.5526
7 1 1 75.5768 1.75726 -1 1.51431 -0.220583 7 0 0 51.5797 0 8000 0 1.56307
8 1 1 57.3021 1.88841 -1 1.31776 0.798917 8 0 0 46.1085 0 8000 0 1.59297
9 1 1 68.4149 1.67983 -1 1.07546 0.589285 9 0 0 46.1085 0 8000 0 1.58727
10 2 0 54.3263 1.58565 0 1.23427 8.39217 10 0 0 75.6613 0 8000 0 0
11 2 0 51.6614 0.00933431 0 1.16969 8.09489 11 0 0 71.5836 0 8000 0 0
12 2 0 51.0909 1.57301 -1 1.41549 8.583 12 0 0 71.5836 0 8000 0 0
13 2 0 57.2588 3.10583 0 1.20182 8.08568 13 0 0 64.4227 0 8000 0 0
14 2 0 61.1197 2.97619 0 1.1379 8.56044 14 0 0 64.4227 0 8000 0 0
15 2 0 53.7717 1.56023 0 1.22106 8.25614 15 0 0 57.3268 0 8000 0 0
16 2 0 43.3322 3.12738 0 1.04291 8.11023 16 0 0 57.3268 0 8000 0 0
17 2 1 62.6424 2.61818 -1 1.13633 8.44119 17 0 0 50.8295 0 8000 0 0
18 2 1 48.1558 0.511519 -1 1.09937 8.04618 18 0 0 50.8295 0 8000 0 0
19 3 0 62.9844 2.94074 0 1.28038 15.8222 19 0 0 79.403 96.8517 8000 0 0
20 3 0 54.154 2.12012 0 1.10046 17.3119 20 0 0 79.403 96.8517 8000 0 0
21 3 0 53.975 1.53299 1.5708 1.72564 15.9612 21 0 0 70.1832 88.0274 8000 0 0
22 3 0 42.0407 3.0406 0 1.1929 16.0527 22 0 0 70.1832 88.0274 8000 0 0
23 3 0 58.5197 1.55237 -1 1.11433 16.5357 23 0 0 61.9924 78.1854 8000 0 0
24 3 0 50.5839 2.82069 0 1.12282 15.7567 24 0 0 61.9924 78.1854 8000 0 0
25 3 1 69.2443 2.66659 -1 1.15109 15.9914 25 0 0 54.7522 69.0449 8000 0 0
26 3 1 68.6362 0.51446 -1 1.05012 15.8095 26 0 0 54.7522 69.0449 8000 0 0
27 4 0 65.9986 1.49145 1.5708 1.2906 24.2691 27 0 0 73.7785 107.858 8000 0 0
28 4 0 63.7854 1.05397 -1 1.17899 24.9632 28 0 0 70.321 96.5123 8000 0 0
29 4 0 60.3445 2.00535 1.5708 1.35821 23.9181 29 0 0 70.321 96.5123 8000 0 0
30 4 0 65.7018 1.08699 -1 1.23802 23.883 30 0 0 63.7014 84.8672 8000 0 0
31 4 0 64.1732 1.67813 -1 1.23394 24.2681 31 0 0 63.7014 84.8672 8000 0 0
32 4 1 72.4394 2.68587 -1 1.17184 24.2362 32 0 0 56.872 74.5905 8000 0 0
33 4 1 70.1282 0.536291 -1 1.11383 23.8235 33 0 0 56.872 74.5905 8000 0 0
34 5 0 53.6605 1.85792 1.5708 1.22283 32.1634 34 0 0 64.6838 93.5094 8000 0 0
35 5 0 57.3318 2.12608 1.5708 1.22816 31.5952 35 0 0 64.6838 93.5094 8000 0 0
36 5 0 51.8074 3.10391 0 1.39614 31.9497 36 0 0 61.3808 86.132 8000 0 0
37 5 0 67.6189 1.61235 1.5708 1.46135 32.1471 37 0 0 61.3808 86.132 8000 0 0
38 5 1 58.2163 2.6291 -1 1.13899 31.9971 38 0 0 56.3789 77.053 8000 0 0
39 5 1 62.6048 0.477478 -1 1.12735 31.975 39 0 0 56.3789 77.053 8000 0 0
40 6 0 74.4043 2.91428 1.5708 1.46259 39.7569 40 0 0 57.543 83.2764 8000 0 0
41 6 0 61.662 1.87487 1.5708 1.23117 39.5696 41 0 0 56.4296 80.9302 8000 0 0
42 6 0 56.9914 0.295097 -1 1.04061 39.872 42 0 0 56.4296 80.9302 8000 0 0
43 6 1 72.2934 2.82215 -1 1.16971 39.7898 43 0 0 53.4821 75.229 8000 0 0
44 6 1 64.4026 0.2342 -1 1.19561 39.8859 44 0 0 53.4821 75.229 8000 0 0
45 7 0 60.4279 1.56649 1.5708 1.14079 47.7944 45 0 0 50.8188 73.1742 8000 0 0
46 7 0 61.803 1.54893 1.5708 1.17491 47.6822 46 0 0 50.0657 71.7236 8000 0 0
47 7 0 52.3629 1.54457 1.5708 1.16079 47.6594 47 0 0 50.0657 71.7236 8000 0 0
48 7 1 44.4591 0.00734745 1.5708 1.07686 47.6998 48 0 0 47.9854 67.8779 8000 0 0
49 7 1 54.0016 3.13695 1.5708 1.05011 47.746 49 0 0 47.9854 67.8779 8000 0 0
