0 1 1 92.3531 1.52508 -1 1.1633 0 0 0 0 61.8731 0 204000 0 1.55436
1 1 1 91.1441 1.5807 -1 1.17098 0.165102 1 0 0 62.0451 0 204000 0 1.58724
2 1 1 92.1776 1.46376 -1 1.38268 1.9627 2 0 0 59.8039 0 204000 0 1.70288
3 1 1 96.8502 1.66724 -1 1.44477 1.80477 3 0 0 58.6398 0 204000 0 1.68695
4 1 1 88.7291 1.48764 -1 1.62654 2.87819 4 0 0 54.5731 0 204000 0 1.69268
5 1 1 85.8601 1.75821 -1 1.609 3.43611 5 0 0 54.1208 0 204000 0 1.71313
6 1 1 92.3525 1.40349 -1 1.50165 3.75785 6 0 0 48.7566 0 204000 0 1.68726
7 1 1 63.9827 1.54953 -1 1.61359 4.01496 7 0 0 49.2524 0 204000 0 1.69696
8 1 1 77.7808 2.47746 -1 1.15055 5.3967 8 0 0 43.4305 0 204000 0 1.70237
9 1 1 77.3087 1.23828 -1 1.20737 4.67611 9 0 0 44.115 0 204000 0 1.68824
10 2 0 66.2603 0.515998 0 1.1343 8.48488 10 0 0 71.8392 0 204000 0 0
11 2 0 61.483 2.68531 0 1.22356 9.18523 11 0 0 68.9123 0 204000 0 0
12 2 0 59.2181 1.75 -1 1.24168 10.2105 12 0 0 68.5954 0 204000 0 0
13 2 0 65.5086 2.59616 0 1.26591 12.2658 13 0 0 62.2618 0 204000 0 0
14 2 0 69.3473 0.485216 0 1.17296 12.3219 14 0 0 62.2466 0 204000 0 0
15 2 0 68.7149 1.54763 0 1.13516 13.098 15 0 0 54.2631 0 204000 0 0
16 2 0 67.1313 0.18321 0 1.11039 13.3253 16 0 0 53.9299 0 204000 0 0
17 2 1 77.9181 2.6224 -1 1.10555 13.8678 17 0 0 47.1543 0 204000 0 0
18 2 1 56.5925 0.382992 -1 1.13223 12.6463 18 0 0 47.2415 0 204000 0 0
19 3 0 76.9745 1.48743 1.5708 1.37897 17.6803 19 0 0 78.6445 90.3368 204000 0 0
20 3 0 60.0483 1.51432 1.5708 1.24477 17.582 20 0 0 78.0439 89.7681 204000 0 0
21 3 0 75.6666 1.49084 1.5708 1.31634 19.3523 21 0 0 68.9464 84.3933 204000 0 0
22 3 0 65.0743 0.452174 0 1.33963 19.4242 22 0 0 68.1632 83.5948 204000 0 0
23 3 0 62.8142 0.271151 -1 1.13603 20.8324 23 0 0 59.5134 74.4505 204000 0 0
24 3 0 71.3782 0.400466 0 1.21804 21.1728 24 0 0 58.8504 73.6474 204000 0 0
25 3 1 80.07 2.52051 -1 1.10545 21.9198 25 0 0 51.4298 64.6661 204000 0 0
26 3 1 82.9815 1.68062 -1 1.05596 21.5328 26 0 0 50.4306 63.3056 204000 0 0
27 4 0 68.8931 0.493253 1.5708 1.11729 25.8946 27 0 0 76.6931 104.046 204000 0 0
28 4 0 57.7797 2.5352 -1 1.13671 27.5313 28 0 0 70.587 95.5668 204000 0 0
29 4 0 70.1899 1.61273 1.5708 1.13926 26.6911 29 0 0 71.147 94.8916 204000 0 0
30 4 0 66.6527 2.50114 -1 1.11049 29.2328 30 0 0 62.2179 83.2443 204000 0 0
31 4 0 60.6949 0.560633 -1 1.18306 28.4942 31 0 0 61.6577 82.0233 204000 0 0
32 4 1 82.7988 2.57254 -1 1.18685 29.7434 32 0 0 54.5916 71.9328 204000 0 0
33 4 1 81.0912 0.60141 -1 1.16501 29.7584 33 0 0 53.234 69.9319 204000 0 0
34 5 0 67.3356 1.46942 1.5708 1.38454 35.5303 34 0 0 65.4102 97.8608 204000 0 0
35 5 0 68.0979 1.60367 1.5708 1.297 35.5557 35 0 0 65.1535 96.9163 204000 0 0
36 5 0 69.5444 1.43129 1.5708 1.20431 36.3854 36 0 0 61.6338 88.4324 204000 0 0
37 5 0 74.2561 2.71586 0 1.06268 36.4682 37 0 0 60.6234 86.3327 204000 0 0
38 5 1 74.3427 2.64596 -1 1.27913 37.5348 38 0 0 55.1214 76.4691 204000 0 0
39 5 1 76.5548 0.56642 -1 1.23247 37.373 39 0 0 54.2246 74.8999 204000 0 0
40 6 0 73.514 2.90561 1.5708 1.10536 45.0712 40 0 0 56.7072 84.8718 204000 0 0
41 6 0 66.4591 2.74852 1.5708 1.19267 44.1302 41 0 0 56.5132 83.6896 204000 0 0
42 6 0 56.2585 2.7262 -1 1.15923 44.4569 42 0 0 56.0594 82.8765 204000 0 0
43 6 1 75.0056 2.91679 -1 1.26765 45.2999 43 0 0 52.4376 75.5163 204000 0 0
44 6 1 79.1475 0.374858 -1 1.2701 45.111 44 0 0 51.9546 74.6044 204000 0 0
45 7 0 91.5075 1.54708 1.5708 1.24699 54.3595 45 0 0 49.2503 73.2898 204000 0 0
46 7 0 96.6908 1.71223 1.5708 1.31759 53.9145 46 0 0 48.7225 72.0072 204000 0 0
47 7 0 70.074 1.50843 1.5708 1.64805 53.3705 47 0 0 48.9652 72.2995 204000 0 0
48 7 1 54.4887 0.145543 1.5708 1.11487 53.1416 48 0 0 47.0018 68.2603 204000 0 0
49 7 1 75.4275 3.0261 1.5708 1.10629 53.5689 49 0 0 46.6728 67.7816 204000 0 0
