0 1 1 69.0261 1.53969 -1 1.49065 0.177593 0 0 0 64.2788 0 15000 0 1.59362
1 1 1 72.9337 1.48336 -1 1.44778 0 1 0 0 63.7148 0 15000 0 1.54797
2 1 1 64.3719 1.54081 -1 1.5363 0.0555065 2 0 0 60.1883 0 15000 0 1.56851
3 1 1 68.5631 1.59072 -1 1.20866 -0.502021 3 0 0 60.4451 0 15000 0 1.52212
4 1 1 90.3638 1.5317 -1 1.39025 -0.728744 4 0 0 55.5375 0 15000 0 1.5305
5 1 1 81.9148 1.6325 -1 1.42688 -0.30817 5 0 0 55.4678 0 15000 0 1.55178
6 1 1 64.5923 1.39347 -1 1.46322 -0.374948 6 0 0 49.6456 0 15000 0 1.55472
7 1 1 58.6694 1.60174 -1 1.59045 -0.0789925 7 0 0 49.9432 0 15000 0 1.5651
8 1 1 61.1852 2.57804 -1 1.10586 1.12136 8 0 0 45.2785 0 15000 0 1.59924
9 1 1 79.6871 0.65637 -1 1.18774 0.748373 9 0 0 45.0306 0 15000 0 1.589
10 2 0 39.9767 0.306913 0 1.05413 8.37553 10 0 0 73.5193 0 15000 0 0
11 2 0 45.9911 0.157659 0 1.229 8.21665 11 0 0 70.2275 0 15000 0 0
12 2 0 50.5588 2.97153 0 1.04505 7.95504 12 0 0 69.8469 0 15000 0 0
13 2 0 55.2106 2.82254 0 1.33481 8.00971 13 0 0 63.0254 0 15000 0 0
14 2 0 52.614 1.54193 -1 1.20157 7.91409 14 0 0 63.2416 0 15000 0 0
15 2 0 45.0665 1.62628 -1 1.19444 7.7537 15 0 0 55.3938 0 15000 0 0
16 2 0 51.1996 2.8352 0 1.21275 7.99951 16 0 0 56.2211 0 15000 0 0
17 2 1 56.5785 2.64633 -1 1.12867 8.21816 17 0 0 49.8108 0 15000 0 0
18 2 1 58.4459 0.577384 -1 1.06439 8.41697 18 0 0 49.6656 0 15000 0 0
19 3 0 39.7048 3.13149 0 1.21816 14.7343 19 0 0 79.2903 91.3662 15000 0 0
20 3 0 39.2222 0.0308742 0 1.34937 15.0527 20 0 0 78.3552 91.3979 15000 0 0
21 3 0 48.43 0.0515518 0 1.36447 14.581 21 0 0 69.6679 84.311 15000 0 0
22 3 0 47.5157 1.53529 -1 1.21735 15.4558 22 0 0 69.071 84.3318 15000 0 0
23 3 0 46.8179 1.38338 -1 1.21412 15.8387 23 0 0 60.5365 74.6876 15000 0 0
24 3 0 46.4245 1.56114 0 1.06275 15.5089 24 0 0 61.4051 75.9074 15000 0 0
25 3 1 61.0481 2.66717 -1 1.0534 15.758 25 0 0 54.2006 67.352 15000 0 0
26 3 1 48.648 0.481661 -1 1.02487 15.4887 26 0 0 54.8208 68.0436 15000 0 0
27 4 0 63.3714 1.81634 0 1.10841 22.2881 27 0 0 77.2196 104.685 15000 0 0
28 4 0 72.5597 1.20006 1.5708 1.34852 22.9028 28 0 0 72.1419 95.8542 15000 0 0
29 4 0 66.9698 1.5925 1.5708 1.39155 22.8684 29 0 0 72.5699 96.141 15000 0 0
30 4 0 76.0418 1.63271 1.5708 1.3223 23.5797 30 0 0 64.4562 84.7026 15000 0 0
31 4 0 54.0886 1.59146 -1 1.14072 23.3894 31 0 0 64.1415 84.0228 15000 0 0
32 4 1 68.3484 2.68164 -1 1.10045 23.5373 32 0 0 57.1142 74.0358 15000 0 0
33 4 1 59.843 0.45671 -1 1.05219 23.1612 33 0 0 57.05 73.8622 15000 0 0
34 5 0 59.2691 1.60587 1.5708 1.32158 31.8601 34 0 0 66.3205 97.3165 15000 0 0
35 5 0 57.0718 1.54179 1.5708 1.54542 31.8092 35 0 0 66.6492 97.9351 15000 0 0
36 5 0 57.2576 2.80041 -1 1.23823 32.3329 36 0 0 63.0406 88.8627 15000 0 0
37 5 0 61.2841 2.64426 -1 1.07951 31.6806 37 0 0 62.8706 88.4289 15000 0 0
38 5 1 54.7507 2.7211 -1 1.0995 31.5424 38 0 0 57.1452 77.7982 15000 0 0
39 5 1 68.3785 0.479866 -1 1.07447 31.3749 39 0 0 57.1098 77.7232 15000 0 0
40 6 0 61.6224 0.218555 1.5708 1.1565 39.9759 40 0 0 58.6351 86.4967 15000 0 0
41 6 0 65.5401 1.6905 1.5708 1.21368 39.9999 41 0 0 57.0499 83.0817 15000 0 0
42 6 0 47.9994 1.37414 1.5708 1.25835 39.9964 42 0 0 56.7474 82.4982 15000 0 0
43 6 1 61.9563 2.83501 -1 1.13623 39.3846 43 0 0 54.4529 77.023 15000 0 0
44 6 1 52.1764 0.290721 -1 1.14412 39.2533 44 0 0 54.6872 77.3907 15000 0 0
45 7 0 53.3581 1.58213 1.5708 1.08667 47.6088 45 0 0 52.4278 76.9889 15000 0 0
46 7 0 48.7155 1.61457 1.5708 1.11857 47.6209 46 0 0 51.5608 75.2048 15000 0 0
47 7 0 56.224 1.53392 1.5708 1.17483 47.4807 47 0 0 51.6209 75.2833 15000 0 0
48 7 1 51.7975 0.0554192 1.5708 1.06118 47.3114 48 0 0 49.4942 71.0267 15000 0 0
49 7 1 64.209 1.68348 1.5708 1.0418 47.2768 49 0 0 49.4569 70.9336 15000 0 0
