0 1 1 104.321 0.152379 -1 1.09522 1.17062 0 0 0 58.6921 0 330000 0 1.67479
1 1 1 84.216 0.193777 -1 1.2716 0 1 0 0 58.3061 0 330000 0 1.4668
2 1 1 107.06 0.0807312 -1 1.07388 2.76293 2 0 0 55.0646 0 330000 0 1.69595
3 1 1 86.8603 0.379296 -1 1.40107 0.516696 3 0 0 54.1587 0 330000 0 1.57194
4 1 1 106.007 2.46818 -1 1.08799 6.01968 4 0 0 49.9807 0 330000 0 1.75853
5 1 1 103.128 0.43869 -1 1.16419 2.52439 5 0 0 48.6649 0 330000 0 1.64122
6 1 1 83.434 2.43193 -1 1.19193 10.4153 6 0 0 44.4759 0 330000 0 1.81728
7 1 1 103.747 0.477994 -1 1.08739 4.93286 7 0 0 42.7241 0 330000 0 1.68122
8 1 1 57.9626 2.21128 -1 1.20097 15.1327 8 0 0 39.8244 0 330000 0 1.8673
9 1 1 86.9599 0.708061 -1 1.22853 8.23846 9 0 0 37.6038 0 330000 0 1.72412
10 2 0 83.2093 2.56759 0 1.13697 8.97711 10 0 0 67.867 0 330000 0 0
11 2 0 84.7412 0.213991 0 1.17118 10.7443 11 0 0 65.3321 0 330000 0 0
12 2 0 86.7364 0.401358 0 1.21764 8.05429 12 0 0 63.0172 0 330000 0 0
13 2 0 86.7165 2.4802 0 1.1765 13.0571 13 0 0 58.3666 0 330000 0 0
14 2 0 88.8774 0.540936 0 1.40922 9.83629 14 0 0 56.2068 0 330000 0 0
15 2 0 87.8662 2.44197 0 1.26852 16.5927 15 0 0 50.4345 0 330000 0 0
16 2 0 85.1425 0.5471 0 1.43653 12.5264 16 0 0 48.3896 0 330000 0 0
17 2 1 78.5282 2.3002 -1 1.23877 20.9616 17 0 0 43.3826 0 330000 0 0
18 2 1 83.4963 0.720034 -1 1.22189 15.716 18 0 0 41.5848 0 330000 0 0
19 3 0 69.5154 0.313504 -1 1.15094 18.209 19 0 0 76.7337 83.5604 330000 0 0
20 3 0 75.2342 0.354995 -1 1.13202 17.3118 20 0 0 73.5522 81.1888 330000 0 0
21 3 0 75.3034 2.47765 -1 1.2684 20.152 21 0 0 67.0542 78.6773 330000 0 0
22 3 0 90.8419 0.52651 0 1.36943 17.6565 22 0 0 64.0528 74.4148 330000 0 0
23 3 0 76.3417 2.45359 -1 1.31704 23.1251 23 0 0 57.0207 69.8815 330000 0 0
24 3 0 88.0173 0.534334 0 1.3634 19.5727 24 0 0 54.2297 65.3524 330000 0 0
25 3 1 77.92 2.35576 -1 1.25372 26.4935 25 0 0 48.5461 60.8128 330000 0 0
26 3 1 59.4893 0.725779 -1 1.27419 21.6237 26 0 0 46.3747 56.9226 330000 0 0
27 4 0 85.7234 1.46517 0 1.09623 26.3882 27 0 0 79.0913 96.1589 330000 0 0
28 4 0 86.3258 1.39717 0 1.11495 27.6213 28 0 0 73.51 93.1742 330000 0 0
29 4 0 73.2142 0.514088 -1 1.23111 26.0352 29 0 0 68.9147 85.7645 330000 0 0
30 4 0 84.9346 2.44888 0 1.27149 29.6238 30 0 0 62.3022 80.5733 330000 0 0
31 4 0 76.1775 0.549665 -1 1.3344 27.5318 31 0 0 58.3392 74.0278 330000 0 0
32 4 1 80.6173 2.36372 -1 1.22512 33.052 32 0 0 52.3852 68.4393 330000 0 0
33 4 1 78.4087 0.548476 -1 1.21092 28.7826 33 0 0 49.8643 63.4944 330000 0 0
34 5 0 66.5451 2.50481 -1 1.10915 36.1275 34 0 0 68.415 105.714 330000 0 0
35 5 0 87.9414 1.50477 1.5708 1.29504 35.3493 35 0 0 66.5208 94.9669 330000 0 0
36 5 0 85.7288 2.46232 1.5708 1.15964 37.3533 36 0 0 63.0802 90.1192 330000 0 0
37 5 0 88.6331 0.50513 0 1.17043 35.8294 37 0 0 59.2131 80.9487 330000 0 0
38 5 1 79.3868 2.42487 -1 1.31065 39.4446 38 0 0 55.0533 76.0466 330000 0 0
39 5 1 83.7781 0.583408 -1 1.16146 36.9821 39 0 0 51.451 69.0482 330000 0 0
40 6 0 82.0172 1.53543 1.5708 1.17019 44.5982 40 0 0 59.8264 91.8639 330000 0 0
41 6 0 73.5838 0.328754 -1 1.09014 45.2283 41 0 0 58.9268 89.9318 330000 0 0
42 6 0 69.5071 0.423153 -1 1.11948 44.8341 42 0 0 56.2298 82.6139 330000 0 0
43 6 1 79.8515 2.89516 -1 1.31339 46.5833 43 0 0 53.7055 78.448 330000 0 0
44 6 1 75.1218 0.457139 -1 1.18657 45.1259 44 0 0 50.7902 71.9477 330000 0 0
45 7 0 97.6039 1.48129 1.5708 1.49802 54.6943 45 0 0 51.407 78.9734 330000 0 0
46 7 0 98.8763 1.5875 1.5708 1.43426 54.8964 46 0 0 50.5102 76.8768 330000 0 0
47 7 0 97.9734 1.47715 1.5708 1.36684 54.4014 47 0 0 50.3718 76.1992 330000 0 0
48 7 1 75.3709 0.18934 1.5708 1.13546 54.9914 48 0 0 47.964 71.2325 330000 0 0
49 7 1 85.9478 1.891 1.5708 1.04821 53.7996 49 0 0 47.5265 69.8046 330000 0 0
