0 1 1 105.131 0.163796 -1 1.19579 0.899028 0 0 0 58.772 0 420000 0 1.64826
1 1 1 81.4157 0.216671 -1 1.32239 0 1 0 0 58.2966 0 420000 0 1.49333
2 1 1 104.393 0.0620788 -1 1.1273 2.62686 2 0 0 54.9476 0 420000 0 1.69101
3 1 1 82.7557 0.315423 -1 1.33718 0.423463 3 0 0 53.8531 0 420000 0 1.572
4 1 1 108.858 2.4918 -1 1.18761 6.38478 4 0 0 49.529 0 420000 0 1.76811
5 1 1 106.233 0.446699 -1 1.2444 2.24187 5 0 0 48.2157 0 420000 0 1.6333
6 1 1 81.6145 2.34746 -1 1.17908 11.3712 6 0 0 43.9497 0 420000 0 1.83599
7 1 1 102.058 1.78776 -1 1.06042 4.70025 7 0 0 42.19 0 420000 0 1.67581
8 1 1 57.9914 2.18954 -1 1.18322 16.8139 8 0 0 39.52 0 420000 0 1.89778
9 1 1 86.5315 0.743621 -1 1.21964 8.15144 9 0 0 37.1752 0 420000 0 1.72264
10 2 0 82.9705 2.64627 0 1.17286 8.4454 10 0 0 67.659 0 420000 0 0
11 2 0 85.1066 0.262201 0 1.21292 10.0573 11 0 0 64.8462 0 420000 0 0
12 2 0 85.0072 0.404564 0 1.2238 7.78813 12 0 0 62.98 0 420000 0 0
13 2 0 86.4793 2.42364 0 1.212 12.6826 13 0 0 57.802 0 420000 0 0
14 2 0 84.8603 0.512869 0 1.35106 9.12463 14 0 0 55.7812 0 420000 0 0
15 2 0 89.1718 2.33629 0 1.22302 16.8719 15 0 0 50.0256 0 420000 0 0
16 2 0 85.7126 0.630106 0 1.45964 12.0243 16 0 0 47.7463 0 420000 0 0
17 2 1 77.5623 2.24582 -1 1.27391 21.9669 17 0 0 43.2252 0 420000 0 0
18 2 1 84.2063 0.75697 -1 1.18587 15.5357 18 0 0 41.0426 0 420000 0 0
19 3 0 69.2976 0.395983 -1 1.14781 17.3688 19 0 0 75.9936 82.9508 420000 0 0
20 3 0 73.8214 0.417702 -1 1.15248 16.6715 20 0 0 73.7303 81.3195 420000 0 0
21 3 0 73.0564 2.40978 -1 1.17151 19.3097 21 0 0 66.4979 77.9127 420000 0 0
22 3 0 91.1441 0.483825 0 1.37986 17.0509 22 0 0 63.7705 74.0611 420000 0 0
23 3 0 75.1394 2.31201 -1 1.29032 22.7777 23 0 0 56.9512 69.8718 420000 0 0
24 3 0 87.9449 0.633242 1.5708 1.30799 18.8618 24 0 0 53.6433 64.4988 420000 0 0
25 3 1 77.1834 2.24184 -1 1.27784 27.017 25 0 0 48.636 61.2154 420000 0 0
26 3 1 61.318 0.748215 -1 1.27167 21.343 26 0 0 45.8516 56.2244 420000 0 0
27 4 0 88.6781 1.42357 1.5708 1.17387 25.6957 27 0 0 80.0189 95.4923 420000 0 0
28 4 0 85.1574 1.36489 1.5708 1.30207 26.9701 28 0 0 73.244 91.9288 420000 0 0
29 4 0 73.5805 0.469358 -1 1.29518 25.1788 29 0 0 68.9043 85.2764 420000 0 0
30 4 0 85.708 2.31462 1.5708 1.18777 29.0557 30 0 0 62.5722 80.8234 420000 0 0
31 4 0 74.3573 0.614364 -1 1.34211 26.7973 31 0 0 58.0283 73.1871 420000 0 0
32 4 1 80.857 2.31966 -1 1.27267 32.6541 32 0 0 52.8819 69.2915 420000 0 0
33 4 1 76.5987 0.57545 -1 1.21198 28.4493 33 0 0 49.4427 62.7619 420000 0 0
34 5 0 64.8911 0.359502 -1 1.07122 35.5296 34 0 0 69.4095 106.471 420000 0 0
35 5 0 88.5146 1.46902 1.5708 1.22004 34.4113 35 0 0 67.365 95.3157 420000 0 0
36 5 0 80.4958 2.38913 1.5708 1.12802 36.9626 36 0 0 63.4852 90.5632 420000 0 0
37 5 0 85.5655 1.55475 1.5708 1.24928 34.8799 37 0 0 59.3484 80.4968 420000 0 0
38 5 1 77.0061 2.4325 -1 1.35497 39.0259 38 0 0 55.4114 76.6916 420000 0 0
39 5 1 83.4856 0.567413 -1 1.23253 36.3135 39 0 0 51.2199 68.3542 420000 0 0
40 6 0 80.5136 1.54518 1.5708 1.14932 43.6107 40 0 0 60.5855 92.8918 420000 0 0
41 6 0 70.6298 0.249315 -1 1.10397 44.4816 41 0 0 59.4991 90.7612 420000 0 0
42 6 0 67.6025 0.490453 -1 1.16276 43.8398 42 0 0 56.8416 83.0958 420000 0 0
43 6 1 77.1297 2.84979 -1 1.37531 46.0099 43 0 0 54.0149 78.8786 420000 0 0
44 6 1 72.3165 0.422344 -1 1.23588 44.2267 44 0 0 50.9898 71.8187 420000 0 0
45 7 0 98.5895 1.48816 1.5708 1.48932 53.7143 45 0 0 51.8383 79.5742 420000 0 0
46 7 0 99.2076 1.58892 1.5708 1.42124 53.9876 46 0 0 50.8976 77.3884 420000 0 0
47 7 0 98.1643 1.48919 1.5708 1.35665 53.2656 47 0 0 50.7994 76.6987 420000 0 0
48 7 1 74.8751 0.286967 1.5708 1.18408 54.1594 48 0 0 48.2083 71.4712 420000 0 0
49 7 1 84.4229 0.169861 1.5708 1.05049 52.5884 49 0 0 47.9074 70.1334 420000 0 0
