0 1 1 105.863 0.161351 -1 1.22168 0.918664 0 0 0 58.813 0 445000 0 1.64936
1 1 1 80.9483 0.21675 -1 1.32807 0 1 0 0 58.2878 0 445000 0 1.49223
2 1 1 104.899 0.0522686 -1 1.14358 2.70815 2 0 0 54.8545 0 445000 0 1.69389
3 1 1 83.9604 0.275373 -1 1.33725 0.352018 3 0 0 53.8964 0 445000 0 1.56735
4 1 1 109.267 2.46102 -1 1.21303 6.56259 4 0 0 49.3376 0 445000 0 1.77194
5 1 1 105.262 0.444193 -1 1.24047 2.04407 5 0 0 47.9872 0 445000 0 1.62586
6 1 1 82.2029 2.30528 -1 1.1935 11.7378 6 0 0 43.6566 0 445000 0 1.84209
7 1 1 102.422 1.79115 -1 1.04186 4.44119 7 0 0 41.8534 0 445000 0 1.66867
8 1 1 58.0591 2.15235 -1 1.18537 17.3889 8 0 0 39.2661 0 445000 0 1.90652
9 1 1 86.6703 0.747753 -1 1.22503 7.95696 9 0 0 36.8675 0 445000 0 1.71781
10 2 0 83.522 2.60939 0 1.17553 8.42951 10 0 0 67.1682 0 445000 0 0
11 2 0 85.4136 0.228677 0 1.22967 10.0519 11 0 0 64.7962 0 445000 0 0
12 2 0 85.4947 0.417567 0 1.23819 7.74319 12 0 0 62.6548 0 445000 0 0
13 2 0 85.729 2.41368 0 1.22556 12.6881 13 0 0 57.7409 0 445000 0 0
14 2 0 83.5986 0.505881 0 1.34597 8.96351 14 0 0 55.4647 0 445000 0 0
15 2 0 89.0119 2.3121 0 1.24166 16.9889 15 0 0 50.042 0 445000 0 0
16 2 0 85.436 0.635006 0 1.47388 11.6897 16 0 0 47.5117 0 445000 0 0
17 2 1 77.2324 2.23922 -1 1.29571 22.3159 17 0 0 43.338 0 445000 0 0
18 2 1 84.1921 0.724797 -1 1.18964 15.2798 18 0 0 40.8083 0 445000 0 0
19 3 0 70.6868 0.3458 -1 1.21435 17.3367 19 0 0 75.7516 82.5104 445000 0 0
20 3 0 73.7311 0.3637 -1 1.18541 16.5997 20 0 0 73.2129 80.647 445000 0 0
21 3 0 71.7777 2.48315 -1 1.24745 19.1916 21 0 0 66.7813 77.9928 445000 0 0
22 3 0 89.4415 0.498616 0 1.41221 16.8538 22 0 0 63.2649 73.4726 445000 0 0
23 3 0 73.5471 2.31682 -1 1.33172 22.7272 23 0 0 57.1668 70.1043 445000 0 0
24 3 0 85.6047 0.647513 1.5708 1.27417 18.5099 24 0 0 53.5764 64.4129 445000 0 0
25 3 1 76.6119 2.22838 -1 1.29391 27.1455 25 0 0 48.7924 61.4614 445000 0 0
26 3 1 61.5447 0.735447 -1 1.27915 20.9906 26 0 0 45.8228 56.1389 445000 0 0
27 4 0 86.2886 0.401851 0 1.15968 25.3449 27 0 0 80.2278 94.8841 445000 0 0
28 4 0 86.286 0.279032 0 1.17857 26.4338 28 0 0 73.9629 92.3463 445000 0 0
29 4 0 71.5549 0.433444 -1 1.28117 24.9432 29 0 0 69.0578 84.9838 445000 0 0
30 4 0 83.0285 2.24933 1.5708 1.17926 28.8661 30 0 0 63.0593 81.2363 445000 0 0
31 4 0 72.315 0.654287 -1 1.34199 26.4545 31 0 0 57.9715 73.1147 445000 0 0
32 4 1 80.4221 2.33423 -1 1.26021 32.6886 32 0 0 53.2329 69.6468 445000 0 0
33 4 1 76.3543 0.558769 -1 1.21584 28.0894 33 0 0 49.4661 62.8135 445000 0 0
34 5 0 65.434 1.449 -1 1.10582 34.7181 34 0 0 69.5384 107.352 445000 0 0
35 5 0 87.2534 0.406384 0 1.24526 33.6612 35 0 0 67.3508 94.8113 445000 0 0
36 5 0 82.9762 2.27833 1.5708 1.14677 36.3558 36 0 0 63.877 91.0502 445000 0 0
37 5 0 81.461 1.58802 1.5708 1.30812 34.4799 37 0 0 59.7255 80.9268 445000 0 0
38 5 1 76.5932 2.43 -1 1.36192 38.8851 38 0 0 55.6766 76.9954 445000 0 0
39 5 1 83.2644 0.55422 -1 1.20916 36.0284 39 0 0 51.3286 68.4804 445000 0 0
40 6 0 85.1535 1.57916 1.5708 1.16341 42.8946 40 0 0 60.8242 93.136 445000 0 0
41 6 0 73.7318 2.48091 -1 1.1494 43.9587 41 0 0 59.8237 91.342 445000 0 0
42 6 0 70.9805 0.538068 -1 1.17107 43.1479 42 0 0 56.9089 83.0994 445000 0 0
43 6 1 77.2223 2.84173 -1 1.36832 45.696 43 0 0 54.3736 79.3312 445000 0 0
44 6 1 72.2437 0.439319 -1 1.22749 43.9661 44 0 0 51.1884 72.0161 445000 0 0
45 7 0 100.281 1.4954 1.5708 1.48366 53.3016 45 0 0 52.2532 80.2096 445000 0 0
46 7 0 100.112 1.56473 1.5708 1.41891 53.6809 46 0 0 51.2329 77.8967 445000 0 0
47 7 0 99.59 1.4466 1.5708 1.38257 52.8467 47 0 0 51.0641 77.0147 445000 0 0
48 7 1 74.7537 0.20763 1.5708 1.16793 53.8473 48 0 0 48.4904 71.8752 445000 0 0
49 7 1 84.6062 0.155342 1.5708 1.0608 52.3081 49 0 0 48.0854 70.2689 445000 0 0
