# CellID	NodeIndex	X	Y	R	Theta
8	0	48.3284	8.90939	48.805	0.222835
8	1	48.4899	9.10794	49.0066	0.226059
8	2	48.6409	9.31499	49.2005	0.229472
8	3	48.7807	9.53147	49.3862	0.233096
8	4	48.9073	9.7574	49.5618	0.236942
8	5	49.0189	9.99117	49.7257	0.240984
8	6	49.1157	10.2305	49.8772	0.245181
8	7	49.1991	10.474	50.0176	0.249498
8	8	49.2701	10.7216	50.1481	0.253935
8	9	49.3287	10.9746	50.2689	0.258512
8	10	49.3729	11.2333	50.3784	0.263254
8	11	49.4002	11.4968	50.4739	0.268153
8	12	49.4096	11.7623	50.5539	0.273167
8	13	49.4024	12.0272	50.6191	0.278245
8	14	49.3809	12.291	50.6716	0.283367
8	15	49.3464	12.5544	50.7127	0.288544
8	16	49.2982	12.8182	50.7423	0.293799
8	17	49.2346	13.0818	50.7585	0.299132
8	18	49.1548	13.343	50.7599	0.304514
8	19	49.0599	13.5999	50.7472	0.309903
8	20	48.952	13.852	50.722	0.315285
8	21	48.8319	14.1005	50.6857	0.320681
8	22	48.6981	14.3462	50.6369	0.32612
8	23	48.5478	14.5879	50.5727	0.331599
8	24	48.3796	14.8219	50.4906	0.337065
8	25	48.196	15.0448	50.3917	0.342444
8	26	48.0008	15.2565	50.2796	0.347714
8	27	47.796	15.4594	50.1569	0.35291
8	28	47.581	15.6553	50.0236	0.358069
8	29	47.3558	15.8421	49.8788	0.363159
8	30	47.1203	16.0174	49.7215	0.368137
8	31	46.8767	16.1795	49.5531	0.37296
8	32	46.627	16.3296	49.3759	0.377631
8	33	46.3712	16.469	49.19	0.382184
8	34	46.1076	16.5976	48.9939	0.386626
8	35	45.8355	16.7127	48.7857	0.390914
8	36	45.5573	16.8117	48.5666	0.394982
8	37	45.2764	16.894	48.3393	0.398789
8	38	45.0317	16.9466	48.1345	0.401769
8	39	44.8137	16.9745	47.9448	0.404084
8	40	44.6139	16.9817	47.764	0.405867
8	41	44.4255	16.9701	47.5864	0.407205
8	42	44.244	16.9399	47.4078	0.408139
8	43	44.0624	16.9157	47.2315	0.409194
8	44	43.8954	16.8496	47.052	0.409317
8	45	43.7335	16.7435	46.8613	0.408615
8	46	43.5817	16.6193	46.6727	0.407465
8	47	43.4321	16.4943	46.4859	0.406272
8	48	43.2897	16.364	46.3036	0.404901
8	49	43.1491	16.2367	46.1243	0.403566
8	50	43.0135	16.1054	45.9481	0.402097
8	51	42.8813	15.9738	45.7749	0.400582
8	52	42.754	15.8417	45.6062	0.399002
8	53	42.6288	15.7068	45.4385	0.397337
8	54	42.5093	15.5691	45.2752	0.395553
8	55	42.3895	15.4282	45.1103	0.393695
8	56	42.2766	15.2816	44.9499	0.391646
8	57	42.1652	15.1366	44.7917	0.389605
8	58	42.0574	14.9857	44.6349	0.387395
8	59	41.9504	14.8339	44.4785	0.385143
8	60	41.847	14.6814	44.3255	0.382831
8	61	41.7474	14.5299	44.1767	0.380492
8	62	41.6516	14.3741	44.03	0.378013
8	63	41.5592	14.2176	43.8865	0.375477
8	64	41.4749	14.061	43.7508	0.372854
8	65	41.3959	13.9021	43.6195	0.370121
8	66	41.3262	13.7423	43.4969	0.367276
8	67	41.2649	13.5844	43.3832	0.364386
8	68	41.2084	13.4272	43.2745	0.361457
8	69	41.1637	13.269	43.1769	0.358395
8	70	41.1164	13.1131	43.0781	0.355392
8	71	41.0939	12.9519	43.0012	0.35206
8	72	41.0811	12.7854	42.9321	0.348522
8	73	41.0728	12.6122	42.8654	0.344791
8	74	41.0902	12.4389	42.8235	0.340844
8	75	41.1097	12.2728	42.7867	0.337034
8	76	41.1526	12.1153	42.7754	0.333227
8	77	41.2025	11.9603	42.7722	0.329421
8	78	41.2602	11.8055	42.777	0.32556
8	79	41.3331	11.6543	42.798	0.321668
8	80	41.4084	11.5006	42.8212	0.317707
8	81	41.4906	11.3478	42.8519	0.313721
8	82	41.5807	11.1966	42.8914	0.309718
8	83	41.6748	11.044	42.9348	0.305666
8	84	41.7748	10.8911	42.9846	0.301574
8	85	41.8787	10.7363	43.0381	0.297422
8	86	41.9856	10.5794	43.0948	0.293215
8	87	42.0942	10.4207	43.1532	0.288965
8	88	42.2046	10.2614	43.2141	0.284705
8	89	42.3185	10.1041	43.2796	0.280478
8	90	42.4345	9.94824	43.3482	0.276282
8	91	42.5489	9.79042	43.4156	0.272065
8	92	42.6661	9.63283	43.4865	0.267851
8	93	42.7866	9.47485	43.5613	0.263621
8	94	42.9097	9.31547	43.6391	0.25936
8	95	43.034	9.15401	43.7182	0.255061
8	96	43.163	8.99451	43.8032	0.250795
8	97	43.2916	8.83425	43.8884	0.24653
8	98	43.4197	8.67335	43.9738	0.242271
8	99	43.5513	8.51423	44.0637	0.238048
8	100	43.6813	8.35429	44.1527	0.233834
8	101	43.8122	8.1949	44.2435	0.229644
8	102	43.9449	8.037	44.3372	0.225494
8	103	44.0818	7.88553	44.4371	0.221484
8	104	44.2146	7.73304	44.5336	0.217488
8	105	44.3566	7.60445	44.6447	0.213989
8	106	44.5085	7.52544	44.7765	0.211545
8	107	44.6756	7.48606	44.9317	0.209907
8	108	44.8397	7.43798	45.0822	0.208105
8	109	45.0119	7.41034	45.245	0.206721
8	110	45.1952	7.39364	45.4211	0.205533
8	111	45.397	7.39839	45.6196	0.204732
8	112	45.6251	7.41953	45.8473	0.204172
8	113	45.8886	7.46601	46.1147	0.204001
8	114	46.1503	7.52834	46.3835	0.204174
8	115	46.4071	7.60811	46.6512	0.204732
8	116	46.6559	7.70388	46.9143	0.205652
8	117	46.8954	7.81319	47.1712	0.206884
8	118	47.1265	7.93386	47.4221	0.208374
8	119	47.3502	8.06561	47.6683	0.210107
8	120	47.5667	8.20956	47.9102	0.212102
8	121	47.7747	8.3669	48.1467	0.214388
8	122	47.9716	8.53733	48.3756	0.216964
8	123	48.1561	8.71888	48.595	0.219796
9	0	-40.0214	10.5339	42.5994	2.84598
9	1	-40.0976	10.695	42.7193	2.8429
9	2	-40.1894	10.8443	42.8512	2.8402
9	3	-40.2873	10.9906	42.9882	2.83762
9	4	-40.3928	11.1329	43.1317	2.8352
9	5	-40.5051	11.2712	43.2805	2.83294
9	6	-40.6232	11.409	43.435	2.83075
9	7	-40.7479	11.5446	43.5953	2.82866
9	8	-40.8772	11.6791	43.7598	2.82664
9	9	-41.0159	11.8092	43.9321	2.82481
9	10	-41.1565	11.94	44.1065	2.82298
9	11	-41.3037	12.0629	44.2849	2.82139
9	12	-41.453	12.1842	44.4648	2.81985
9	13	-41.6063	12.2984	44.6464	2.81851
9	14	-41.7596	12.4092	44.827	2.81726
9	15	-41.9168	12.5142	45.0095	2.81616
9	16	-42.0749	12.6172	45.1922	2.81512
9	17	-42.2384	12.7139	45.3781	2.81425
9	18	-42.4048	12.8072	45.5657	2.81349
9	19	-42.5783	12.8863	45.7555	2.81307
9	20	-42.7623	12.9476	45.9493	2.8131
9	21	-42.957	12.9606	46.1378	2.8142
9	22	-43.193	12.9229	46.3493	2.81661
9	23	-43.485	12.8949	46.6173	2.81917
9	24	-43.7174	12.8492	46.8233	2.82167
9	25	-43.9156	12.7952	46.9947	2.82409
9	26	-44.0963	12.7284	47.1456	2.82663
9	27	-44.2723	12.6563	47.2907	2.82924
9	28	-44.4479	12.5701	47.4316	2.8321
9	29	-44.6332	12.4765	47.5799	2.83516
9	30	-44.8322	12.3683	47.7372	2.83858
9	31	-45.0537	12.247	47.9127	2.84238
9	32	-45.3049	12.1073	48.1121	2.84669
9	33	-45.5509	11.9588	48.3047	2.85111
9	34	-45.7911	11.7978	48.4892	2.85571
9	35	-46.0239	11.6218	48.6636	2.86053
9	36	-46.2456	11.4305	48.8241	2.86555
9	37	-46.4538	11.2273	48.9697	2.87071
9	38	-46.6494	11.016	49.1022	2.87592
9	39	-46.8351	10.7977	49.2248	2.88119
9	40	-47.0105	10.5725	49.337	2.88652
9	41	-47.1741	10.3384	49.437	2.89193
9	42	-47.3228	10.0956	49.5218	2.89742
9	43	-47.4547	9.84702	49.5905	2.90293
9	44	-47.571	9.59532	49.6448	2.90841
9	45	-47.6738	9.34121	49.6868	2.91387
9	46	-47.7638	9.0837	49.717	2.91932
9	47	-47.8393	8.822	49.7338	2.92479
9	48	-47.8984	8.5572	49.7352	2.93024
9	49	-47.9403	8.29193	49.7213	2.93564
9	50	-47.9666	8.02831	49.6939	2.94094
9	51	-47.9793	7.76665	49.6548	2.94615
9	52	-47.979	7.50608	49.6046	2.9513
9	53	-47.9646	7.24598	49.5418	2.9564
9	54	-47.934	6.98721	49.4648	2.96143
9	55	-47.8864	6.73209	49.3729	2.96634
9	56	-47.8228	6.48297	49.2673	2.9711
9	57	-47.7454	6.24071	49.1504	2.97569
9	58	-47.6555	6.00476	49.0233	2.98013
9	59	-47.5531	5.77442	48.8857	2.98444
9	60	-47.4372	5.54998	48.7365	2.98862
9	61	-47.3069	5.33309	48.575	2.99262
9	62	-47.1626	5.12594	48.4019	2.99641
9	63	-47.0062	4.92977	48.2191	2.99997
9	64	-46.8397	4.74426	48.0284	3.00331
9	65	-46.6639	4.56839	47.8302	3.00644
9	66	-46.4781	4.4017	47.6239	3.00938
9	67	-46.2809	4.24522	47.408	3.01211
9	68	-46.0719	4.10139	47.1823	3.01456
9	69	-45.8524	3.97275	46.9483	3.01668
9	70	-45.6251	3.86012	46.7088	3.01847
9	71	-45.3925	3.76226	46.466	3.01994
9	72	-45.1554	3.6772	46.2204	3.02115
9	73	-44.9135	3.60382	45.9714	3.0221
9	74	-44.6663	3.54274	45.7188	3.02278
9	75	-44.4143	3.49711	45.4631	3.02312
9	76	-44.1903	3.47882	45.2385	3.02294
9	77	-43.988	3.48769	45.0387	3.02221
9	78	-43.8033	3.52448	44.8597	3.02091
9	79	-43.6259	3.5428	44.6859	3.02002
9	80	-43.4841	3.62471	44.5551	3.01781
9	81	-43.3337	3.69198	44.4143	3.01589
9	82	-43.1888	3.77592	44.2811	3.0136
9	83	-43.0511	3.87558	44.1575	3.01096
9	84	-42.9127	3.97986	44.0341	3.00821
9	85	-42.7785	4.09531	43.9165	3.00519
9	86	-42.642	4.21431	43.7977	3.00208
9	87	-42.5086	4.34195	43.6836	2.99876
9	88	-42.3764	4.47169	43.5715	2.99538
9	89	-42.2499	4.60589	43.4661	2.9919
9	90	-42.1262	4.73985	43.3641	2.98842
9	91	-42.0038	4.87838	43.2645	2.98483
9	92	-41.8795	5.01836	43.1639	2.98117
9	93	-41.7559	5.16233	43.0652	2.97741
9	94	-41.6305	5.3083	42.9656	2.97359
9	95	-41.5067	5.45903	42.8691	2.96964
9	96	-41.3834	5.61241	42.7742	2.96561
9	97	-41.2641	5.76958	42.6846	2.9615
9	98	-41.1472	5.92763	42.5983	2.95735
9	99	-41.0329	6.0854	42.5152	2.95321
9	100	-40.9223	6.24286	42.4364	2.94908
9	101	-40.8126	6.40428	42.36	2.94484
9	102	-40.7034	6.5696	42.2856	2.94051
9	103	-40.5931	6.73745	42.2115	2.93609
9	104	-40.4842	6.90842	42.1402	2.93159
9	105	-40.3778	7.08175	42.0727	2.92703
9	106	-40.2753	7.25693	42.0103	2.92244
9	107	-40.1752	7.43382	41.9515	2.9178
9	108	-40.0797	7.61325	41.8987	2.91312
9	109	-39.9878	7.79445	41.8506	2.90841
9	110	-39.9076	7.98098	41.8162	2.90362
9	111	-39.84	8.17187	41.796	2.8988
9	112	-39.7978	8.37104	41.8034	2.89394
9	113	-39.7763	8.57898	41.834	2.88899
9	114	-39.7776	8.78901	41.8883	2.88415
9	115	-39.792	8.99678	41.9556	2.87944
9	116	-39.8156	9.20521	42.0329	2.8748
9	117	-39.8419	9.42375	42.1163	2.86996
9	118	-39.8726	9.67062	42.2127	2.86452
9	119	-39.8726	9.94824	42.2895	2.85821
9	120	-39.9042	10.1725	42.3831	2.85333
9	121	-39.9528	10.3632	42.4842	2.84936
17	0	43.5387	5.42518	43.4268	0.168935
17	1	43.6516	5.66725	43.5793	0.173975
17	2	43.7543	5.91391	43.7238	0.179125
17	3	43.8315	6.12984	43.8386	0.183658
17	4	43.8855	6.32334	43.9274	0.187765
17	5	43.9176	6.50145	43.9926	0.191606
17	6	43.926	6.66763	44.0327	0.195275
17	7	43.9504	6.82306	44.0871	0.198626
17	8	43.9231	6.95195	44.0859	0.201614
17	9	43.845	7.0721	44.0337	0.204642
17	10	43.7796	7.20617	43.9971	0.207928
17	11	43.6981	7.33937	43.9451	0.211277
17	12	43.6115	7.47742	43.8896	0.214766
17	13	43.5174	7.61674	43.8277	0.218329
17	14	43.4209	7.76115	43.7651	0.222028
17	15	43.3179	7.90838	43.6974	0.225834
17	16	43.2125	8.05906	43.6287	0.229741
17	17	43.1027	8.21151	43.5568	0.233723
17	18	42.9904	8.36626	43.4838	0.237783
17	19	42.8758	8.52207	43.4094	0.241894
17	20	42.7604	8.6789	43.3353	0.246045
17	21	42.6416	8.83412	43.2583	0.250194
17	22	42.5236	8.99099	43.1832	0.25439
17	23	42.4057	9.14992	43.1095	0.258646
17	24	42.2844	9.30888	43.0332	0.262939
17	25	42.1614	9.46915	42.9566	0.267286
17	26	42.035	9.62844	42.8772	0.271647
17	27	41.9101	9.78933	42.8004	0.276052
17	28	41.7884	9.95297	42.7283	0.280513
17	29	41.6606	10.1123	42.6501	0.284932
17	30	41.5347	10.2741	42.5751	0.28941
17	31	41.4088	10.438	42.5017	0.293953
17	32	41.2782	10.601	42.4244	0.298522
17	33	41.1467	10.7651	42.3474	0.303138
17	34	41.0132	10.9279	42.269	0.307756
17	35	40.8797	11.0894	42.1912	0.312363
17	36	40.7445	11.2482	42.1117	0.316939
17	37	40.6075	11.4038	42.0305	0.321471
17	38	40.4623	11.5471	41.9384	0.325807
17	39	40.3084	11.678	41.8348	0.329951
17	40	40.1421	11.797	41.7165	0.333939
17	41	39.9637	11.9068	41.5842	0.337839
17	42	39.783	11.993	41.4425	0.341249
17	43	39.5995	12.0612	41.2926	0.344292
17	44	39.4133	12.1103	41.134	0.346943
17	45	39.2243	12.1438	40.9678	0.349281
17	46	39.0346	12.1683	40.798	0.351437
17	47	38.8447	12.1826	40.6247	0.353375
17	48	38.6551	12.1954	40.4514	0.355295
17	49	38.4653	12.1998	40.275	0.357037
17	50	38.2751	12.1997	40.0968	0.358692
17	51	38.0839	12.1935	39.9156	0.360227
17	52	37.8915	12.1823	39.7317	0.361672
17	53	37.7008	12.152	39.5426	0.36266
17	54	37.511	12.1171	39.3528	0.363543
17	55	37.3261	12.0553	39.158	0.363746
17	56	37.1394	11.9844	38.9583	0.363752
17	57	36.957	11.8866	38.7531	0.363067
17	58	36.7878	11.7825	38.558	0.362101
17	59	36.6378	11.6594	38.3741	0.360486
17	60	36.4968	11.5262	38.1952	0.358525
17	61	36.3668	11.38	38.0223	0.356125
17	62	36.2387	11.2299	37.85	0.353588
17	63	36.1167	11.0729	37.6814	0.3508
17	64	35.997	10.9117	37.5138	0.347863
17	65	35.884	10.7446	37.3507	0.344687
17	66	35.7755	10.5756	37.1917	0.341395
17	67	35.6736	10.4059	37.0391	0.337999
17	68	35.5757	10.2344	36.8901	0.334495
17	69	35.483	10.0619	36.7462	0.330888
17	70	35.3926	9.89072	36.6053	0.327268
17	71	35.3075	9.71971	36.47	0.323577
17	72	35.225	9.54589	36.3368	0.319764
17	73	35.151	9.36822	36.2109	0.315749
17	74	35.0823	9.18988	36.0906	0.311643
17	75	35.0238	9.01057	35.9802	0.307398
17	76	34.9693	8.83316	35.8749	0.303144
17	77	34.9256	8.65629	35.7807	0.298791
17	78	34.8815	8.48155	35.6876	0.294474
17	79	34.8575	8.30108	35.6126	0.28982
17	80	34.8391	8.11496	35.5422	0.28495
17	81	34.8474	7.91908	35.4956	0.279589
17	82	34.8676	7.71104	35.4582	0.273792
17	83	34.9094	7.50909	35.4444	0.267988
17	84	34.9677	7.31165	35.4489	0.262182
17	85	35.0477	7.11862	35.4768	0.256342
17	86	35.142	6.92884	35.5205	0.2505
17	87	35.2459	6.74244	35.5755	0.244701
17	88	35.3557	6.55851	35.6381	0.238947
17	89	35.4671	6.37729	35.704	0.233277
17	90	35.5786	6.19745	35.7715	0.227665
17	91	35.6901	6.01813	35.8402	0.222088
17	92	35.8022	5.83941	35.9107	0.216546
17	93	35.9153	5.66202	35.9836	0.211056
17	94	36.0282	5.48603	36.0577	0.205628
17	95	36.1417	5.31273	36.1339	0.200292
17	96	36.256	5.14231	36.2125	0.195052
17	97	36.371	4.97416	36.2932	0.189892
17	98	36.4835	4.80527	36.3723	0.184749
17	99	36.597	4.63761	36.4536	0.179655
17	100	36.7126	4.47207	36.5381	0.174633
17	101	36.8282	4.30824	36.624	0.169679
17	102	36.9426	4.14607	36.7098	0.164798
17	103	37.0568	3.98682	36.7967	0.16002
17	104	37.1711	3.83051	36.885	0.155343
17	105	37.2861	3.67707	36.9754	0.150761
17	106	37.402	3.52578	37.0676	0.146257
17	107	37.5174	3.37846	37.1606	0.141882
17	108	37.6314	3.23675	37.2538	0.137683
17	109	37.7478	3.10399	37.3512	0.133735
17	110	37.8708	2.98575	37.4575	0.130169
17	111	37.9782	2.86247	37.5482	0.126542
17	112	38.109	2.78671	37.6685	0.124109
17	113	38.2789	2.754	37.8332	0.122695
17	114	38.4534	2.70696	38.0006	0.120904
17	115	38.6434	2.67881	38.1859	0.119572
17	116	38.8548	2.66591	38.3942	0.118582
17	117	39.0959	2.6664	38.6338	0.117856
17	118	39.3773	2.68058	38.9149	0.117368
17	119	39.6592	2.7072	39.1979	0.1172
17	120	39.9404	2.74921	39.4821	0.117424
17	121	40.2176	2.80851	39.7644	0.118088
17	122	40.4879	2.88379	40.0417	0.11916
17	123	40.7505	2.97214	40.3129	0.120562
17	124	41.0067	3.07178	40.5793	0.12224
17	125	41.2576	3.18314	40.842	0.124197
17	126	41.5027	3.30792	41.1008	0.126471
17	127	41.74	3.44702	41.3539	0.129084
17	128	41.967	3.59915	41.5988	0.132008
17	129	42.1835	3.76176	41.835	0.13518
17	130	42.3907	3.93317	42.0636	0.138554
17	131	42.5899	4.11366	42.2861	0.142131
17	132	42.7811	4.30514	42.5028	0.145953
17	133	42.9619	4.50957	42.7118	0.150073
17	134	43.1288	4.72678	42.9097	0.154497
17	135	43.2797	4.95384	43.0942	0.159164
17	136	43.4155	5.18728	43.2658	0.163994
18	0	-32.9918	6.19212	34.6738	2.90674
18	1	-33.111	6.36292	34.8297	2.90277
18	2	-33.2326	6.5307	34.9878	2.89894
18	3	-33.3574	6.69603	35.1489	2.89522
18	4	-33.4873	6.85623	35.3142	2.89172
18	5	-33.6191	7.01234	35.4807	2.88837
18	6	-33.754	7.16205	35.649	2.88526
18	7	-33.8883	7.30829	35.8161	2.88226
18	8	-34.0246	7.44908	35.9841	2.87945
18	9	-34.1609	7.58836	36.152	2.8767
18	10	-34.3013	7.72305	36.3229	2.87414
18	11	-34.446	7.85414	36.4971	2.87172
18	12	-34.6001	7.97442	36.6779	2.86968
18	13	-34.7654	8.08393	36.8666	2.86802
18	14	-34.9439	8.18241	37.065	2.86677
18	15	-35.1385	8.26651	37.2751	2.86601
18	16	-35.3311	8.33038	37.4778	2.86577
18	17	-35.5237	8.37085	37.6743	2.86613
18	18	-35.7165	8.39517	37.8664	2.8669
18	19	-35.9101	8.4042	38.0552	2.86805
18	20	-36.1039	8.40816	38.2429	2.86932
18	21	-36.2983	8.40536	38.4294	2.87075
18	22	-36.4939	8.40029	38.6165	2.87223
18	23	-36.6912	8.39133	38.8044	2.8738
18	24	-36.8901	8.37786	38.9927	2.87549
18	25	-37.09	8.36096	39.1812	2.87724
18	26	-37.2895	8.33683	39.3675	2.87916
18	27	-37.4883	8.31058	39.5528	2.88111
18	28	-37.6847	8.27468	39.7334	2.88325
18	29	-37.8799	8.2393	39.9132	2.88536
18	30	-38.071	8.1885	40.0853	2.88779
18	31	-38.2619	8.13597	40.257	2.89025
18	32	-38.4475	8.05839	40.4177	2.89325
18	33	-38.6367	7.97627	40.5811	2.89635
18	34	-38.8019	7.86999	40.7158	2.89987
18	35	-38.9623	7.7666	40.847	2.90327
18	36	-39.0971	7.63903	40.9482	2.90707
18	37	-39.2249	7.50755	41.0422	2.91091
18	38	-39.3507	7.37344	41.1344	2.91479
18	39	-39.4701	7.23188	41.2192	2.91878
18	40	-39.5891	7.08683	41.3035	2.92285
18	41	-39.7089	6.93731	41.3883	2.927
18	42	-39.8307	6.78511	41.4753	2.93121
18	43	-39.954	6.62829	41.5636	2.93552
18	44	-40.0805	6.46721	41.6548	2.93993
18	45	-40.2074	6.30258	41.7466	2.9444
18	46	-40.3359	6.13525	41.8403	2.94892
18	47	-40.4606	5.96506	41.9305	2.95348
18	48	-40.5862	5.79561	42.0227	2.958
18	49	-40.7145	5.62743	42.1185	2.96248
18	50	-40.8383	5.4542	42.2098	2.96704
18	51	-40.9672	5.28252	42.3074	2.97157
18	52	-41.1042	5.11405	42.4144	2.97603
18	53	-41.2466	4.94703	42.5277	2.98045
18	54	-41.3816	4.7757	42.6339	2.98493
18	55	-41.5195	4.60842	42.7444	2.9893
18	56	-41.6609	4.44723	42.8601	2.99351
18	57	-41.803	4.28799	42.9775	2.99767
18	58	-41.9428	4.12656	43.0931	3.00184
18	59	-42.083	3.96507	43.2098	3.00599
18	60	-42.2219	3.80296	43.3259	3.01013
18	61	-42.3593	3.64154	43.4413	3.01423
18	62	-42.4898	3.48079	43.5507	3.01827
18	63	-42.6156	3.32316	43.6565	3.02221
18	64	-42.7314	3.16255	43.7527	3.02617
18	65	-42.8356	2.99848	43.8377	3.03016
18	66	-42.8974	2.82132	43.8797	3.03433
18	67	-42.9269	2.62575	43.8886	3.03883
18	68	-42.9338	2.42394	43.8752	3.04342
18	69	-42.9291	2.21476	43.8505	3.04816
18	70	-42.908	1.99464	43.8095	3.05312
18	71	-42.8697	1.75998	43.7512	3.05838
18	72	-42.8097	1.50782	43.6711	3.06402
18	73	-42.7267	1.23486	43.5681	3.07012
18	74	-42.6319	0.968137	43.4552	3.07609
18	75	-42.5271	0.706914	43.3343	3.08195
18	76	-42.412	0.450173	43.2048	3.08772
18	77	-42.2845	0.197986	43.0646	3.09341
18	78	-42.1427	-0.0476824	42.9118	3.09897
18	79	-41.9869	-0.283963	42.7468	3.10433
18	80	-41.8198	-0.509482	42.5719	3.10948
18	81	-41.644	-0.725215	42.3898	3.11443
18	82	-41.4604	-0.932981	42.2011	3.11924
18	83	-41.2681	-1.13367	42.0048	3.12391
18	84	-41.0655	-1.32639	41.7993	3.12844
18	85	-40.8521	-1.50891	41.5839	3.13276
18	86	-40.6296	-1.67946	41.3602	3.13683
18	87	-40.4	-1.83819	41.1302	3.14067
18	88	-40.1645	-1.98661	40.8948	-3.1389
18	89	-39.9227	-2.12579	40.6537	-3.13546
18	90	-39.6734	-2.25518	40.4053	-3.13222
18	91	-39.416	-2.37281	40.1493	-3.12923
18	92	-39.1521	-2.47694	39.8868	-3.12653
18	93	-38.8837	-2.56769	39.6199	-3.12414
18	94	-38.612	-2.64665	39.3497	-3.12201
18	95	-38.3362	-2.71495	39.0753	-3.12013
18	96	-38.0551	-2.77181	38.7956	-3.11851
18	97	-37.7683	-2.81475	38.5099	-3.11722
18	98	-37.4778	-2.84161	38.2201	-3.11633
18	99	-37.1865	-2.85292	37.9293	-3.11584
18	100	-36.8958	-2.85141	37.6386	-3.11568
18	101	-36.6048	-2.83952	37.3474	-3.1158
18	102	-36.3119	-2.81762	37.0541	-3.11619
18	103	-36.0169	-2.78324	36.7583	-3.11692
18	104	-35.7587	-2.73455	36.499	-3.11808
18	105	-35.529	-2.67061	36.2679	-3.11969
18	106	-35.3211	-2.59057	36.0583	-3.12178
18	107	-35.1327	-2.48879	35.8681	-3.12452
18	108	-34.9833	-2.35214	35.7166	-3.12827
18	109	-34.8647	-2.17406	35.5961	-3.13323
18	110	-34.7608	-1.98096	35.4912	-3.13864
18	111	-34.6603	-1.78476	35.3906	3.13901
18	112	-34.5617	-1.58625	35.293	3.13337
18	113	-34.4616	-1.38659	35.1952	3.12768
18	114	-34.3603	-1.18568	35.0972	3.12191
18	115	-34.2608	-0.98302	35.0024	3.11607
18	116	-34.1614	-0.780821	34.9088	3.11021
18	117	-34.0641	-0.57935	34.8184	3.10434
18	118	-33.9683	-0.379117	34.7307	3.09847
18	119	-33.8759	-0.178742	34.6476	3.09258
18	120	-33.7812	0.0198922	34.5634	3.0867
18	121	-33.6857	0.217953	34.4795	3.08082
18	122	-33.5928	0.416671	34.3995	3.07489
18	123	-33.5001	0.614094	34.3208	3.06897
18	124	-33.4104	0.810913	34.2462	3.06304
18	125	-33.3206	1.0059	34.1726	3.05715
18	126	-33.2305	1.19951	34.0997	3.05127
18	127	-33.1418	1.39299	34.0293	3.04537
18	128	-33.0533	1.58564	33.9603	3.03947
18	129	-32.9676	1.77778	33.8953	3.03358
18	130	-32.8847	1.96794	33.8339	3.02773
18	131	-32.8021	2.15391	33.7736	3.02198
18	132	-32.7234	2.33663	33.7178	3.01632
18	133	-32.6494	2.51641	33.6673	3.01075
18	134	-32.577	2.69539	33.6194	3.00519
18	135	-32.5084	2.87423	33.5763	2.99963
18	136	-32.44	3.05121	33.5342	2.99412
18	137	-32.3795	3.22869	33.5009	2.98861
18	138	-32.3243	3.40492	33.4737	2.98316
18	139	-32.275	3.5801	33.4532	2.97776
18	140	-32.2291	3.75433	33.4368	2.97239
18	141	-32.2018	3.93155	33.4402	2.96703
18	142	-32.1804	4.11098	33.4507	2.96163
18	143	-32.186	4.29854	33.4904	2.95616
18	144	-32.201	4.49532	33.5419	2.95047
18	145	-32.2382	4.70388	33.6187	2.94459
18	146	-32.2863	4.9053	33.7057	2.93901
18	147	-32.3509	5.10103	33.8089	2.93372
18	148	-32.4316	5.29246	33.9277	2.92869
18	149	-32.5321	5.47986	34.066	2.92394
18	150	-32.6412	5.66343	34.2125	2.91939
18	151	-32.7565	5.8426	34.3647	2.91504
18	152	-32.8728	6.01936	34.5181	2.91081
25	0	37.1131	1.59836	36.5484	0.0952137
25	1	37.1854	1.81245	36.6413	0.100843
25	2	37.2389	2.01454	36.7155	0.106172
25	3	37.2748	2.21135	36.7725	0.111391
25	4	37.2859	2.40702	36.8058	0.11664
25	5	37.2474	2.5925	36.7897	0.12177
25	6	37.1561	2.78016	36.7224	0.127144
25	7	37.0479	2.9629	36.6387	0.132466
25	8	36.937	3.14286	36.553	0.137747
25	9	36.8246	3.31916	36.4664	0.142959
25	10	36.7144	3.49341	36.3827	0.148131
25	11	36.6068	3.66599	36.3022	0.15327
25	12	36.496	3.83666	36.2192	0.158394
25	13	36.3856	4.00811	36.1378	0.163561
25	14	36.2742	4.17943	36.0562	0.168752
25	15	36.1621	4.35015	35.9748	0.173954
25	16	36.0504	4.51996	35.8947	0.179152
25	17	35.9386	4.68773	35.8151	0.184317
25	18	35.8259	4.85273	35.735	0.189434
25	19	35.7125	5.01552	35.6547	0.194518
25	20	35.6016	5.17908	35.5781	0.19963
25	21	35.4895	5.3412	35.5007	0.204733
25	22	35.375	5.50106	35.4216	0.209809
25	23	35.26	5.65915	35.3425	0.214861
25	24	35.1456	5.81475	35.2643	0.219864
25	25	35.0319	5.96686	35.187	0.224788
25	26	34.9167	6.11303	35.1077	0.229577
25	27	34.8039	6.25617	35.0308	0.23429
25	28	34.6882	6.39271	34.9503	0.238858
25	29	34.5713	6.5244	34.8683	0.243321
25	30	34.4526	6.65198	34.7841	0.247703
25	31	34.3283	6.77062	34.693	0.251896
25	32	34.2033	6.88698	34.6012	0.256054
25	33	34.0674	6.99645	34.4978	0.260121
25	34	33.9154	7.09615	34.3768	0.264061
25	35	33.7457	7.1838	34.2361	0.267826
25	36	33.5608	7.26531	34.0796	0.271569
25	37	33.3732	7.31974	33.9137	0.274598
25	38	33.1869	7.36489	33.7467	0.277383
25	39	32.9965	7.38513	33.5691	0.279516
25	40	32.8048	7.40056	33.3892	0.281545
25	41	32.6111	7.40472	33.2044	0.283285
25	42	32.4159	7.40376	33.0168	0.28491
25	43	32.2197	7.39765	32.8268	0.286411
25	44	32.0233	7.38274	32.6342	0.287673
25	45	31.8274	7.36358	32.4409	0.28882
25	46	31.6335	7.33616	32.2473	0.289718
25	47	31.4421	7.30373	32.0546	0.290454
25	48	31.2535	7.26636	31.8632	0.291026
25	49	31.069	7.21829	31.6726	0.291243
25	50	30.8884	7.1622	31.4836	0.291184
25	51	30.713	7.08386	31.2931	0.290395
25	52	30.5363	6.99693	31.0989	0.289343
25	53	30.3631	6.88373	30.9007	0.287431
25	54	30.2009	6.76678	30.712	0.285277
25	55	30.0637	6.63054	30.5421	0.282261
25	56	29.935	6.48936	30.3794	0.278977
25	57	29.8212	6.33516	30.2278	0.27511
25	58	29.7069	6.18043	30.0759	0.271192
25	59	29.5996	6.01939	29.9297	0.266968
25	60	29.4951	5.85591	29.7861	0.262599
25	61	29.3959	5.68861	29.6471	0.258018
25	62	29.3024	5.51779	29.5135	0.25323
25	63	29.2103	5.34439	29.3812	0.248302
25	64	29.1216	5.16489	29.2515	0.243099
25	65	29.0337	4.98181	29.1226	0.237724
25	66	28.9519	4.79452	28.9994	0.232112
25	67	28.8733	4.60626	28.88	0.226394
25	68	28.8018	4.41701	28.7684	0.220541
25	69	28.7338	4.22935	28.6615	0.214671
25	70	28.6682	4.03838	28.5573	0.208626
25	71	28.6032	3.84499	28.4541	0.202451
25	72	28.5423	3.64859	28.3556	0.196097
25	73	28.4856	3.45059	28.262	0.189616
25	74	28.4322	3.24873	28.1721	0.182937
25	75	28.3821	3.04481	28.0864	0.176122
25	76	28.3369	2.8399	28.0067	0.169202
25	77	28.2966	2.63484	27.9331	0.162208
25	78	28.2604	2.42951	27.8649	0.155146
25	79	28.2294	2.22257	27.8031	0.147964
25	80	28.2071	2.01416	27.7509	0.140655
25	81	28.202	1.80816	27.7178	0.133322
25	82	28.2138	1.60276	27.7029	0.125917
25	83	28.2437	1.39755	27.7076	0.118434
25	84	28.2886	1.19041	27.7285	0.110824
25	85	28.3521	0.999678	27.7713	0.103745
25	86	28.4265	0.819139	27.8272	0.0970153
25	87	28.5265	0.65362	27.9112	0.0907661
25	88	28.6379	0.493713	28.0082	0.0847196
25	89	28.7634	0.341946	28.1208	0.0789645
25	90	28.8928	0.191278	28.2384	0.0732841
25	91	29.028	0.0439077	28.3629	0.067753
25	92	29.1666	-0.10195	28.4918	0.0623161
25	93	29.3097	-0.243289	28.6261	0.057077
25	94	29.4549	-0.382303	28.7636	0.0519638
25	95	29.6023	-0.515945	28.9041	0.0470816
25	96	29.7501	-0.64711	29.0459	0.0423313
25	97	29.8977	-0.775749	29.1882	0.0377141
25	98	30.0439	-0.902645	29.3299	0.0332026
25	99	30.1906	-1.02545	29.4727	0.0288729
25	100	30.3357	-1.14575	29.6146	0.024671
25	101	30.4824	-1.26664	29.7585	0.0204882
25	102	30.6318	-1.38439	29.9057	0.0164492
25	103	30.7813	-1.49974	30.0535	0.0125297
25	104	30.9303	-1.61172	30.2013	0.00876064
25	105	31.0779	-1.71972	30.3481	0.00515945
25	106	31.2246	-1.82233	30.4945	0.00176964
25	107	31.3709	-1.91855	30.6408	-0.00137905
25	108	31.5162	-2.01325	30.7864	-0.00444857
25	109	31.6621	-2.10349	30.9327	-0.00734482
25	110	31.8113	-2.1834	31.0827	-0.00988038
25	111	31.9635	-2.25125	31.2356	-0.0120045
25	112	32.1075	-2.32972	31.3806	-0.0144498
25	113	32.2596	-2.3586	31.5331	-0.0152959
25	114	32.4331	-2.33689	31.7063	-0.0145275
25	115	32.617	-2.32664	31.89	-0.0141223
25	116	32.8113	-2.29313	32.0839	-0.0129925
25	117	33.022	-2.2369	32.2939	-0.0111666
25	118	33.2569	-2.15617	32.5279	-0.0086041
25	119	33.5257	-2.04764	32.796	-0.00522449
25	120	33.7922	-1.9287	33.0621	-0.00158517
25	121	34.0558	-1.79764	33.3258	0.00236027
25	122	34.314	-1.65246	33.5846	0.00666486
25	123	34.5634	-1.49403	33.8354	0.0112981
25	124	34.8033	-1.32527	34.0776	0.0161704
25	125	35.0353	-1.14815	34.3128	0.0212223
25	126	35.2607	-0.962446	34.5426	0.0264588
25	127	35.4794	-0.76687	34.7669	0.0319158
25	128	35.6894	-0.561201	34.9839	0.0376003
25	129	35.8895	-0.347063	35.1926	0.043467
25	130	36.0805	-0.126176	35.3936	0.0494675
25	131	36.2636	0.101534	35.5884	0.0556038
25	132	36.4387	0.337876	35.7771	0.0619275
25	133	36.6035	0.58438	35.9577	0.0684861
25	134	36.7549	0.839776	36.127	0.0752522
25	135	36.8924	1.10049	36.2846	0.0821322
25	136	37.0176	1.3642	36.4318	0.0890647
26	0	-24.6634	1.40798	25.605	3.01297
26	1	-24.7454	1.61707	25.714	3.00532
26	2	-24.8304	1.82119	25.8266	2.99793
26	3	-24.9171	2.02016	25.9416	2.99082
26	4	-25.0096	2.21738	26.0633	2.98387
26	5	-25.1084	2.41243	26.1921	2.97711
26	6	-25.214	2.60465	26.3283	2.97056
26	7	-25.3269	2.7928	26.4721	2.96429
26	8	-25.4466	2.97577	26.6227	2.95832
26	9	-25.5705	3.15304	26.7772	2.95265
26	10	-25.6982	3.32488	26.9353	2.94727
26	11	-25.8312	3.49126	27.0983	2.9422
26	12	-25.9731	3.65088	27.2693	2.93749
26	13	-26.1307	3.79892	27.4538	2.93337
26	14	-26.313	3.93614	27.6608	2.92988
26	15	-26.5184	4.06167	27.8881	2.92703
26	16	-26.7291	4.16333	28.1157	2.92509
26	17	-26.9468	4.23983	28.3447	2.92411
26	18	-27.1711	4.29248	28.5751	2.924
26	19	-27.3987	4.32736	28.8049	2.92452
26	20	-27.6264	4.35141	29.0324	2.9254
26	21	-27.8538	4.36885	29.2583	2.92649
26	22	-28.0819	4.38171	29.4839	2.92771
26	23	-28.3117	4.39026	29.7103	2.92907
26	24	-28.5435	4.39369	29.9376	2.9306
26	25	-28.7765	4.39083	30.1649	2.93231
26	26	-29.0097	4.38026	30.3908	2.93424
26	27	-29.2418	4.36268	30.6144	2.93636
26	28	-29.4723	4.34004	30.8355	2.93861
26	29	-29.702	4.31224	31.055	2.94097
26	30	-29.9314	4.2772	31.273	2.94353
26	31	-30.16	4.23074	31.4881	2.94641
26	32	-30.384	4.16603	31.6954	2.94978
26	33	-30.5998	4.07713	31.8906	2.95381
26	34	-30.8092	3.96228	32.0752	2.95854
26	35	-31.0128	3.82347	32.2506	2.96393
26	36	-31.1947	3.67314	32.4036	2.96948
26	37	-31.3558	3.50842	32.5346	2.97532
26	38	-31.4981	3.32633	32.6454	2.98154
26	39	-31.6278	3.13013	32.7429	2.98809
26	40	-31.7503	2.92647	32.8337	2.99479
26	41	-31.868	2.71818	32.9204	3.00157
26	42	-31.9816	2.50824	33.0043	3.00835
26	43	-32.0916	2.29919	33.0863	3.01506
26	44	-32.1992	2.0922	33.1677	3.02166
26	45	-32.3051	1.88656	33.2488	3.02818
26	46	-32.4097	1.681	33.3302	3.03466
26	47	-32.5144	1.47512	33.4131	3.04112
26	48	-32.6179	1.26815	33.4959	3.04758
26	49	-32.7177	1.0627	33.5768	3.05395
26	50	-32.8146	0.859314	33.6562	3.06022
26	51	-32.9111	0.658378	33.7366	3.06639
26	52	-33.0029	0.456531	33.8136	3.07255
26	53	-33.0982	0.256593	33.8955	3.07863
26	54	-33.1897	0.0552133	33.9748	3.08471
26	55	-33.28	-0.145198	34.0542	3.09074
26	56	-33.3682	-0.343771	34.1328	3.09668
26	57	-33.4547	-0.539947	34.2109	3.10252
26	58	-33.54	-0.73406	34.2892	3.10827
26	59	-33.6244	-0.92703	34.3677	3.11397
26	60	-33.7073	-1.11984	34.4457	3.11963
26	61	-33.7869	-1.31308	34.5216	3.12528
26	62	-33.8617	-1.50645	34.5939	3.1309
26	63	-33.9317	-1.69877	34.6623	3.13647
26	64	-33.9965	-1.88671	34.7266	-3.14129
26	65	-34.0588	-2.06962	34.7895	-3.13604
26	66	-34.1165	-2.24932	34.8486	-3.13089
26	67	-34.1712	-2.42679	34.9057	-3.12582
26	68	-34.2213	-2.60426	34.959	-3.12077
26	69	-34.2526	-2.78494	34.9945	-3.11562
26	70	-34.2452	-2.96773	34.9924	-3.1104
26	71	-34.1821	-3.16469	34.9361	-3.10471
26	72	-34.093	-3.36772	34.8551	-3.09879
26	73	-33.9746	-3.58001	34.7466	-3.09254
26	74	-33.8251	-3.80871	34.6092	-3.08573
26	75	-33.6372	-4.05971	34.4367	-3.07815
26	76	-33.4407	-4.30188	34.2568	-3.07073
26	77	-33.236	-4.53706	34.0702	-3.06342
26	78	-33.0209	-4.76557	33.8745	-3.0562
26	79	-32.7928	-4.98457	33.6668	-3.04914
26	80	-32.5531	-5.19015	33.4478	-3.04235
26	81	-32.3055	-5.38187	33.2211	-3.03587
26	82	-32.0519	-5.56237	32.9886	-3.02962
26	83	-31.7906	-5.73324	32.7487	-3.02354
26	84	-31.5192	-5.89257	32.4984	-3.01769
26	85	-31.2382	-6.03641	32.2379	-3.01219
26	86	-30.9519	-6.16365	31.9708	-3.00709
26	87	-30.6634	-6.2773	31.7006	-3.00231
26	88	-30.3723	-6.37942	31.4268	-2.99781
26	89	-30.111	-6.45235	31.1788	-2.99429
26	90	-29.8694	-6.49965	30.9469	-2.99163
26	91	-29.6406	-6.52515	30.7245	-2.9897
26	92	-29.4193	-6.52736	30.5061	-2.98853
26	93	-29.2088	-6.49245	30.2928	-2.98861
26	94	-29.0093	-6.40492	30.0823	-2.99048
26	95	-28.8155	-6.27414	29.8712	-2.99383
26	96	-28.6221	-6.14464	29.661	-2.99719
26	97	-28.4333	-6.01137	29.4552	-3.00074
26	98	-28.2459	-5.8777	29.251	-3.00437
26	99	-28.0591	-5.74351	29.0478	-3.00806
26	100	-27.8736	-5.60824	28.8462	-3.01185
26	101	-27.6909	-5.47217	28.6476	-3.01574
26	102	-27.5118	-5.33656	28.4531	-3.01968
26	103	-27.3361	-5.20213	28.2626	-3.02364
26	104	-27.1627	-5.06904	28.075	-3.02762
26	105	-26.9907	-4.9362	27.8892	-3.03165
26	106	-26.8192	-4.80292	27.7044	-3.03576
26	107	-26.6485	-4.66838	27.5207	-3.03996
26	108	-26.4792	-4.53297	27.3388	-3.04426
26	109	-26.3123	-4.39716	27.1597	-3.04864
26	110	-26.1477	-4.26209	26.9836	-3.05306
26	111	-25.9853	-4.1278	26.8101	-3.05751
26	112	-25.8241	-3.99415	26.6386	-3.06201
26	113	-25.6647	-3.85958	26.4693	-3.06659
26	114	-25.5072	-3.72382	26.3024	-3.07129
26	115	-25.3541	-3.58494	26.1402	-3.07618
26	116	-25.2046	-3.44471	25.9822	-3.08119
26	117	-25.0618	-3.30377	25.8315	-3.0863
26	118	-24.9224	-3.16456	25.6849	-3.09142
26	119	-24.7894	-3.02224	25.5453	-3.09672
26	120	-24.659	-2.87821	25.4089	-3.10215
26	121	-24.536	-2.72666	25.2804	-3.10795
26	122	-24.4206	-2.56522	25.1602	-3.11421
26	123	-24.3227	-2.38337	25.058	-3.12136
26	124	-24.2429	-2.17792	24.9749	-3.12952
26	125	-24.1812	-1.95199	24.9114	-3.13855
26	126	-24.1398	-1.72752	24.8704	3.13561
26	127	-24.1153	-1.50352	24.8483	3.12659
26	128	-24.1072	-1.2787	24.8445	3.11754
26	129	-24.114	-1.05039	24.8578	3.10836
26	130	-24.13	-0.821553	24.8826	3.09919
26	131	-24.1531	-0.591916	24.9164	3.09002
26	132	-24.1827	-0.362049	24.9589	3.08089
26	133	-24.2203	-0.132334	25.0113	3.07181
26	134	-24.2672	0.0956643	25.075	3.06287
26	135	-24.3217	0.320446	25.148	3.05413
26	136	-24.3816	0.541996	25.2279	3.04559
26	137	-24.4454	0.761204	25.3134	3.03721
26	138	-24.5133	0.978832	25.4044	3.02897
26	139	-24.5858	1.19478	25.5015	3.02087
32	0	31.6463	-5.39173	31.1154	-0.113223
32	1	31.6963	-5.07202	31.1306	-0.102836
32	2	31.7327	-4.75233	31.1356	-0.092503
32	3	31.7588	-4.43368	31.1339	-0.0822342
32	4	31.7762	-4.11487	31.1266	-0.0719805
32	5	31.7773	-3.83326	31.1088	-0.0629486
32	6	31.762	-3.57757	31.0784	-0.0547687
32	7	31.7286	-3.33951	31.0329	-0.047168
32	8	31.6693	-3.11552	30.9639	-0.0400322
32	9	31.5608	-2.92712	30.8485	-0.0340707
32	10	31.3995	-2.76154	30.6821	-0.0288561
32	11	31.2238	-2.6078	30.5024	-0.0239841
32	12	31.0476	-2.45693	30.323	-0.0191496
32	13	30.8716	-2.30864	30.1445	-0.0143427
32	14	30.6971	-2.16047	29.9683	-0.00948282
32	15	30.5242	-2.01088	29.7943	-0.00451701
32	16	30.3488	-1.86366	29.6186	0.000426449
32	17	30.1723	-1.71677	29.4426	0.00541806
32	18	29.9955	-1.57379	29.2669	0.0103362
32	19	29.8217	-1.43074	29.095	0.0153144
32	20	29.6496	-1.28835	28.9254	0.0203276
32	21	29.4755	-1.1492	28.7545	0.025289
32	22	29.3025	-1.01127	28.5854	0.0302658
32	23	29.1293	-0.874044	28.4169	0.0352769
32	24	28.9577	-0.739393	28.2504	0.0402546
32	25	28.7872	-0.607767	28.0857	0.0451817
32	26	28.6202	-0.479968	27.9249	0.0500238
32	27	28.4549	-0.356243	27.7664	0.0547717
32	28	28.29	-0.235756	27.6086	0.0594564
32	29	28.1238	-0.11883	27.45	0.0640681
32	30	27.9557	-0.00675402	27.2897	0.0685609
32	31	27.7807	0.0957825	27.1223	0.0727748
32	32	27.5919	0.18021	26.9404	0.0764098
32	33	27.3824	0.243111	26.7363	0.0793539
32	34	27.157	0.287857	26.5153	0.0817099
32	35	26.9238	0.313328	26.285	0.0834
32	36	26.6939	0.321639	26.0566	0.0844528
32	37	26.4653	0.312966	25.8281	0.0848647
32	38	26.2358	0.288505	25.5973	0.0846724
32	39	26.0067	0.254394	25.3662	0.0840962
32	40	25.7773	0.21301	25.1341	0.0832223
32	41	25.5474	0.16495	24.901	0.0820666
32	42	25.3177	0.110328	24.6676	0.0806229
32	43	25.0897	0.0496355	24.4355	0.0788987
32	44	24.8644	-0.0161446	24.2058	0.076923
32	45	24.6422	-0.0863169	23.9789	0.0747176
32	46	24.4226	-0.161359	23.7544	0.0722572
32	47	24.2058	-0.243488	23.5324	0.0694414
32	48	23.9931	-0.337276	23.3138	0.0660612
32	49	23.7905	-0.450425	23.1044	0.0617535
32	50	23.5962	-0.588468	22.9023	0.056261
32	51	23.4098	-0.74876	22.7076	0.0496749
32	52	23.2481	-0.91585	22.5384	0.0426266
32	53	23.1069	-1.08781	22.3907	0.0352221
32	54	22.9829	-1.26601	22.2611	0.0274182
32	55	22.8725	-1.45006	22.1465	0.0192476
32	56	22.7705	-1.63742	22.0417	0.0108378
32	57	22.6729	-1.82915	21.9428	0.00214839
32	58	22.5789	-2.02595	21.8492	-0.00684963
32	59	22.4894	-2.22827	21.762	-0.0161746
32	60	22.4058	-2.43553	21.6828	-0.0257945
32	61	22.3291	-2.64622	21.6127	-0.0356313
32	62	22.2595	-2.85856	21.5517	-0.0455929
32	63	22.1964	-3.07114	21.4995	-0.0556044
32	64	22.1388	-3.28284	21.4548	-0.0656055
32	65	22.0825	-3.49765	21.4138	-0.0757878
32	66	22.0279	-3.71557	21.377	-0.0861466
32	67	21.977	-3.93622	21.3464	-0.0966501
32	68	21.9317	-4.15837	21.324	-0.107224
32	69	21.893	-4.38019	21.3105	-0.117768
32	70	21.8607	-4.59973	21.3053	-0.12818
32	71	21.8305	-4.82116	21.3048	-0.138669
32	72	21.8023	-5.04421	21.309	-0.149219
32	73	21.7777	-5.26868	21.3192	-0.159803
32	74	21.7586	-5.49382	21.3373	-0.170363
32	75	21.7459	-5.71809	21.364	-0.180809
32	76	21.7371	-5.94465	21.3973	-0.191299
32	77	21.7323	-6.17197	21.437	-0.201752
32	78	21.7318	-6.39901	21.4831	-0.212111
32	79	21.7357	-6.62516	21.5356	-0.222339
32	80	21.742	-6.85384	21.5933	-0.232605
32	81	21.7524	-7.08476	21.6578	-0.242869
32	82	21.7696	-7.31666	21.7314	-0.253037
32	83	21.7951	-7.54748	21.815	-0.262988
32	84	21.8271	-7.777	21.9066	-0.272726
32	85	21.8659	-8.00405	22.0061	-0.282187
32	86	21.913	-8.22792	22.1146	-0.291316
32	87	21.9714	-8.44751	22.2345	-0.300022
32	88	22.0462	-8.66127	22.3699	-0.308163
32	89	22.1411	-8.87123	22.5246	-0.315768
32	90	22.2574	-9.07959	22.7005	-0.322901
32	91	22.3869	-9.26707	22.8832	-0.328875
32	92	22.53	-9.43669	23.0736	-0.33383
32	93	22.6904	-9.58546	23.274	-0.337612
32	94	22.8685	-9.71708	23.4859	-0.340386
32	95	23.0549	-9.83736	23.7017	-0.342545
32	96	23.245	-9.95122	23.9191	-0.344359
32	97	23.4366	-10.062	24.1368	-0.345998
32	98	23.6287	-10.1714	24.3547	-0.34755
32	99	23.821	-10.2798	24.5725	-0.349031
32	100	24.0153	-10.3854	24.7911	-0.350356
32	101	24.2105	-10.4875	25.0096	-0.351512
32	102	24.4054	-10.5862	25.2266	-0.352523
32	103	24.5988	-10.6822	25.4413	-0.353439
32	104	24.7905	-10.7762	25.6537	-0.354292
32	105	24.9807	-10.8691	25.8643	-0.35511
32	106	25.1704	-10.9603	26.0738	-0.355861
32	107	25.3598	-11.0492	26.2823	-0.356521
32	108	25.5493	-11.1338	26.4895	-0.357014
32	109	25.7383	-11.2133	26.6943	-0.357333
32	110	25.926	-11.2869	26.8959	-0.357452
32	111	26.1096	-11.3559	27.092	-0.357467
32	112	26.2903	-11.4179	27.283	-0.357279
32	113	26.4705	-11.4664	27.4688	-0.35664
32	114	26.6423	-11.529	27.6516	-0.356593
32	115	26.8086	-11.5307	27.8082	-0.354561
32	116	26.9874	-11.4683	27.9544	-0.350247
32	117	27.1791	-11.4171	28.1171	-0.346197
32	118	27.3791	-11.3401	28.2795	-0.341236
32	119	27.5945	-11.2356	28.448	-0.33524
32	120	27.8325	-11.0978	28.6281	-0.32796
32	121	28.0981	-10.9181	28.8229	-0.319089
32	122	28.3552	-10.7273	29.0084	-0.310065
32	123	28.6049	-10.5288	29.1867	-0.300977
32	124	28.8485	-10.3227	29.3595	-0.291811
32	125	29.0861	-10.1071	29.5263	-0.282505
32	126	29.3153	-9.88095	29.6848	-0.273035
32	127	29.5341	-9.64582	29.8334	-0.263468
32	128	29.7429	-9.40439	29.9736	-0.253876
32	129	29.944	-9.15731	30.1075	-0.244255
32	130	30.138	-8.90293	30.2356	-0.23454
32	131	30.3231	-8.63948	30.3559	-0.224682
32	132	30.4963	-8.36783	30.4658	-0.214722
32	133	30.6576	-8.09107	30.5659	-0.204751
32	134	30.8093	-7.81092	30.659	-0.194799
32	135	30.9532	-7.5264	30.7466	-0.184814
32	136	31.0886	-7.23526	30.8278	-0.174723
32	137	31.2122	-6.93672	30.8992	-0.164513
32	138	31.3218	-6.63317	30.9592	-0.154261
32	139	31.4185	-6.32748	31.0095	-0.14404
32	140	31.505	-6.01979	31.0525	-0.133834
32	141	31.5817	-5.70826	31.0886	-0.123574
33	0	-18.7492	-8.42729	20.5514	-2.81717
33	1	-18.7565	-8.21746	20.4924	-2.82699
33	2	-18.7696	-8.00768	20.441	-2.83695
33	3	-18.789	-7.79991	20.3982	-2.84695
33	4	-18.8133	-7.59574	20.3632	-2.85689
33	5	-18.8402	-7.39028	20.3323	-2.86696
33	6	-18.8692	-7.18387	20.3053	-2.87713
33	7	-18.9018	-6.97711	20.2838	-2.88739
33	8	-18.939	-6.771	20.269	-2.89769
33	9	-18.9801	-6.56224	20.2596	-2.90818
33	10	-19.0258	-6.35267	20.2568	-2.91877
33	11	-19.0768	-6.14441	20.2616	-2.92935
33	12	-19.1324	-5.93885	20.2738	-2.93984
33	13	-19.191	-5.73349	20.2912	-2.95034
33	14	-19.2533	-5.52849	20.3144	-2.96083
33	15	-19.3214	-5.32463	20.3459	-2.97129
33	16	-19.3975	-5.12329	20.3879	-2.98165
33	17	-19.4867	-4.92824	20.4459	-2.99176
33	18	-19.5931	-4.74398	20.5246	-3.00141
33	19	-19.7192	-4.57045	20.6261	-3.0106
33	20	-19.863	-4.40531	20.7479	-3.0194
33	21	-20.0139	-4.26142	20.8808	-3.02712
33	22	-20.1721	-4.13432	21.0239	-3.03398
33	23	-20.3402	-4.02632	21.1798	-3.0399
33	24	-20.5188	-3.93197	21.3482	-3.04515
33	25	-20.7025	-3.84616	21.523	-3.04994
33	26	-20.8891	-3.76417	21.7015	-3.05449
33	27	-21.0786	-3.6856	21.8837	-3.05882
33	28	-21.2706	-3.61023	22.069	-3.06294
33	29	-21.4644	-3.54008	22.2568	-3.06677
33	30	-21.6591	-3.47544	22.4463	-3.07029
33	31	-21.854	-3.4158	22.6366	-3.07353
33	32	-22.0489	-3.36057	22.8273	-3.07653
33	33	-22.2441	-3.30936	23.0189	-3.0793
33	34	-22.4405	-3.26272	23.2121	-3.08183
33	35	-22.6392	-3.22332	23.4081	-3.08402
33	36	-22.8403	-3.19631	23.6074	-3.08565
33	37	-23.0444	-3.18869	23.8108	-3.08645
33	38	-23.2528	-3.20167	24.0195	-3.08639
33	39	-23.4662	-3.23566	24.2345	-3.08547
33	40	-23.6678	-3.28594	24.4386	-3.08388
33	41	-23.8599	-3.35243	24.6344	-3.08164
33	42	-24.0446	-3.43398	24.8237	-3.0788
33	43	-24.2235	-3.53332	25.0087	-3.07529
33	44	-24.3999	-3.64345	25.1922	-3.07139
33	45	-24.5743	-3.76217	25.3747	-3.0672
33	46	-24.7489	-3.88557	25.5582	-3.0629
33	47	-24.9244	-4.01153	25.7432	-3.05855
33	48	-25.0995	-4.13924	25.9286	-3.05421
33	49	-25.2725	-4.26819	26.1125	-3.04986
33	50	-25.4435	-4.39925	26.295	-3.0455
33	51	-25.6148	-4.5286	26.4782	-3.04125
33	52	-25.785	-4.65867	26.6607	-3.03704
33	53	-25.9547	-4.78938	26.8434	-3.03286
33	54	-26.1228	-4.92299	27.0252	-3.02862
33	55	-26.2921	-5.0552	27.2086	-3.02449
33	56	-26.462	-5.18568	27.3928	-3.02048
33	57	-26.6268	-5.32041	27.5729	-3.01636
33	58	-26.7917	-5.45205	27.7532	-3.01239
33	59	-26.9563	-5.58196	27.9334	-3.00854
33	60	-27.1182	-5.71363	28.1115	-3.00466
33	61	-27.2792	-5.845	28.2891	-3.00084
33	62	-27.4388	-5.97598	28.4658	-2.99707
33	63	-27.5958	-6.10671	28.6402	-2.99334
33	64	-27.7497	-6.23619	28.8116	-2.98968
33	65	-27.9001	-6.36358	28.9797	-2.98612
33	66	-28.0463	-6.4894	29.1439	-2.98264
33	67	-28.1874	-6.61533	29.3033	-2.97916
33	68	-28.3251	-6.73994	29.4595	-2.97574
33	69	-28.4589	-6.8646	29.6123	-2.97233
33	70	-28.5858	-6.99264	29.759	-2.96881
33	71	-28.7142	-7.11521	29.9068	-2.96551
33	72	-28.8154	-7.25279	30.0308	-2.96159
33	73	-28.8768	-7.41564	30.1207	-2.95664
33	74	-28.9002	-7.6087	30.1798	-2.95049
33	75	-28.931	-7.81319	30.2495	-2.94405
33	76	-28.9463	-8.03942	30.3097	-2.93683
33	77	-28.9469	-8.29546	30.3634	-2.92857
33	78	-28.9308	-8.58972	30.4113	-2.919
33	79	-28.9047	-8.88379	30.4521	-2.9094
33	80	-28.8682	-9.17854	30.4858	-2.89971
33	81	-28.819	-9.47342	30.5101	-2.88994
33	82	-28.756	-9.76597	30.5234	-2.88014
33	83	-28.6805	-10.054	30.5264	-2.87039
33	84	-28.5949	-10.3375	30.5214	-2.86069
33	85	-28.4998	-10.6181	30.5092	-2.85099
33	86	-28.3933	-10.8965	30.4883	-2.84124
33	87	-28.273	-11.1711	30.4562	-2.83146
33	88	-28.1393	-11.4389	30.412	-2.82173
33	89	-27.9948	-11.6983	30.3578	-2.81212
33	90	-27.8421	-11.9507	30.2963	-2.80261
33	91	-27.6814	-12.1979	30.2283	-2.79313
33	92	-27.511	-12.4403	30.1523	-2.78364
33	93	-27.3294	-12.6761	30.0662	-2.77418
33	94	-27.1375	-12.9028	29.9699	-2.76482
33	95	-26.9376	-13.1203	29.8653	-2.75559
33	96	-26.7309	-13.3299	29.7539	-2.74645
33	97	-26.5163	-13.5326	29.6351	-2.73735
33	98	-26.2919	-13.7273	29.5066	-2.72829
33	99	-26.0577	-13.9112	29.3671	-2.71935
33	100	-25.816	-14.0817	29.2177	-2.71064
33	101	-25.6023	-14.2147	29.0798	-2.70341
33	102	-25.4097	-14.3183	28.9499	-2.69735
33	103	-25.2306	-14.398	28.8228	-2.69218
33	104	-25.0578	-14.4541	28.6918	-2.6878
33	105	-24.8989	-14.5233	28.5796	-2.68319
33	106	-24.7503	-14.5326	28.4506	-2.68058
33	107	-24.5957	-14.4878	28.2922	-2.67957
33	108	-24.4331	-14.4604	28.1345	-2.67787
33	109	-24.2691	-14.4159	27.968	-2.67667
33	110	-24.1014	-14.3669	27.7961	-2.67554
33	111	-23.932	-14.3079	27.6183	-2.67469
33	112	-23.7588	-14.2483	27.4367	-2.67379
33	113	-23.5849	-14.1813	27.2513	-2.67311
33	114	-23.4087	-14.1136	27.0636	-2.6724
33	115	-23.2319	-14.0423	26.8736	-2.67179
33	116	-23.0533	-13.9698	26.6815	-2.67118
33	117	-22.8732	-13.8948	26.487	-2.67062
33	118	-22.6914	-13.8176	26.29	-2.6701
33	119	-22.5084	-13.7382	26.0909	-2.66963
33	120	-22.3247	-13.6571	25.8904	-2.66919
33	121	-22.1414	-13.5748	25.6897	-2.6688
33	122	-21.9592	-13.4916	25.4897	-2.66845
33	123	-21.7785	-13.4074	25.2904	-2.66815
33	124	-21.599	-13.3221	25.0918	-2.66792
33	125	-21.4176	-13.2357	24.891	-2.66768
33	126	-21.2349	-13.1474	24.6881	-2.66749
33	127	-21.0512	-13.0572	24.4835	-2.66734
33	128	-20.8665	-12.964	24.2766	-2.66728
33	129	-20.6816	-12.8693	24.0689	-2.66728
33	130	-20.4982	-12.7718	23.8612	-2.6674
33	131	-20.316	-12.6727	23.6538	-2.66761
33	132	-20.1366	-12.569	23.4469	-2.66805
33	133	-19.9624	-12.46	23.2422	-2.66881
33	134	-19.7978	-12.34	23.041	-2.67019
33	135	-19.6466	-12.2046	22.8448	-2.67247
33	136	-19.507	-12.0525	22.6516	-2.67567
33	137	-19.3805	-11.8819	22.4622	-2.67992
33	138	-19.2734	-11.7101	22.2901	-2.68468
33	139	-19.1891	-11.5342	22.1371	-2.69014
33	140	-19.1154	-11.3577	21.9941	-2.6959
33	141	-19.0595	-11.1765	21.8661	-2.70227
33	142	-19.0096	-10.9949	21.7441	-2.70885
33	143	-18.9643	-10.8125	21.627	-2.71563
33	144	-18.922	-10.627	21.5124	-2.72267
33	145	-18.8848	-10.4373	21.4018	-2.73006
33	146	-18.8495	-10.2442	21.2929	-2.73771
33	147	-18.8215	-10.048	21.1907	-2.74571
33	148	-18.7993	-9.85084	21.0948	-2.75392
33	149	-18.7812	-9.65018	21.0031	-2.76244
33	150	-18.7668	-9.44771	20.9155	-2.77118
33	151	-18.7562	-9.24469	20.8329	-2.78008
33	152	-18.7498	-9.04203	20.7561	-2.7891
33	153	-18.7472	-8.84053	20.685	-2.7982
33	154	-18.7468	-8.6354	20.6165	-2.80757
38	0	26.8011	-15.4811	29.4072	-0.480965
38	1	26.8145	-15.1458	29.2656	-0.470594
38	2	26.8158	-14.81	29.116	-0.460297
38	3	26.8061	-14.4759	28.9603	-0.450108
38	4	26.7876	-14.143	28.8004	-0.439982
38	5	26.7606	-13.8099	28.6356	-0.429856
38	6	26.7226	-13.4759	28.4632	-0.419746
38	7	26.673	-13.1875	28.3015	-0.411156
38	8	26.6122	-12.9348	28.1455	-0.403787
38	9	26.5409	-12.7082	27.9915	-0.397346
38	10	26.4549	-12.5013	27.8326	-0.391684
38	11	26.3413	-12.3249	27.6605	-0.387359
38	12	26.1857	-12.1897	27.4655	-0.384943
38	13	25.992	-12.0833	27.246	-0.383991
38	14	25.8009	-11.9724	27.0273	-0.382838
38	15	25.6082	-11.865	26.8084	-0.381803
38	16	25.4151	-11.7581	26.5894	-0.380782
38	17	25.2213	-11.6533	26.3705	-0.379822
38	18	25.0259	-11.5511	26.1512	-0.378963
38	19	24.8309	-11.4507	25.9329	-0.378148
38	20	24.6367	-11.3532	25.7164	-0.377411
38	21	24.444	-11.2578	25.5021	-0.37672
38	22	24.2526	-11.1639	25.2896	-0.376049
38	23	24.0622	-11.0713	25.0785	-0.375403
38	24	23.8721	-10.9807	24.8685	-0.374818
38	25	23.6822	-10.8934	24.6597	-0.374341
38	26	23.4925	-10.8109	24.453	-0.374039
38	27	23.3039	-10.7334	24.2492	-0.373906
38	28	23.1171	-10.6604	24.0486	-0.373916
38	29	22.9339	-10.5914	23.8529	-0.374028
38	30	22.7528	-10.5274	23.6609	-0.374308
38	31	22.5733	-10.4652	23.4711	-0.374639
38	32	22.3921	-10.41	23.2823	-0.375279
38	33	22.2091	-10.3575	23.0928	-0.376068
38	34	22.019	-10.3247	22.9039	-0.377784
38	35	21.8192	-10.3109	22.7132	-0.380464
38	36	21.6079	-10.3235	22.5219	-0.384469
38	37	21.3836	-10.3559	22.3264	-0.389583
38	38	21.1699	-10.4069	22.1485	-0.395377
38	39	20.9651	-10.4758	21.9864	-0.401856
38	40	20.7673	-10.5623	21.8389	-0.409044
38	41	20.5742	-10.6596	21.701	-0.416697
38	42	20.3842	-10.7625	21.5695	-0.424623
38	43	20.1956	-10.8689	21.4422	-0.432771
38	44	20.0077	-10.9792	21.3187	-0.441162
38	45	19.8206	-11.0937	21.1992	-0.449819
38	46	19.6354	-11.2124	21.0849	-0.458706
38	47	19.4529	-11.3349	20.9763	-0.467794
38	48	19.2735	-11.4607	20.8738	-0.477047
38	49	19.0972	-11.5893	20.7772	-0.486441
38	50	18.9241	-11.7209	20.6866	-0.495979
38	51	18.7544	-11.8563	20.6028	-0.505677
38	52	18.59	-11.9979	20.5285	-0.515592
38	53	18.4341	-12.1492	20.4686	-0.525781
38	54	18.2876	-12.3142	20.4258	-0.536366
38	55	18.1522	-12.4943	20.4027	-0.547347
38	56	18.0283	-12.6939	20.4021	-0.558859
38	57	17.9266	-12.8934	20.4229	-0.569785
38	58	17.8439	-13.0948	20.463	-0.580248
38	59	17.7764	-13.2974	20.5187	-0.590311
38	60	17.7168	-13.5018	20.5839	-0.600175
38	61	17.6611	-13.7077	20.6552	-0.609923
38	62	17.6088	-13.9158	20.7325	-0.619597
38	63	17.5602	-14.1271	20.8166	-0.629216
38	64	17.5158	-14.3419	20.9081	-0.638769
38	65	17.4765	-14.5597	21.0074	-0.648209
38	66	17.4426	-14.7795	21.1139	-0.657477
38	67	17.4139	-14.9999	21.2268	-0.666521
38	68	17.3902	-15.2199	21.345	-0.675311
38	69	17.371	-15.4389	21.4677	-0.68383
38	70	17.3561	-15.6563	21.5942	-0.692073
38	71	17.3425	-15.877	21.7253	-0.700291
38	72	17.3312	-16.1005	21.8614	-0.708444
38	73	17.3231	-16.3257	22.0025	-0.716456
38	74	17.319	-16.5513	22.1482	-0.724259
38	75	17.3188	-16.776	22.2976	-0.731812
38	76	17.3222	-16.9991	22.4499	-0.739104
38	77	17.3293	-17.2204	22.6047	-0.746127
38	78	17.3401	-17.4395	22.7619	-0.752875
38	79	17.3529	-17.6618	22.9238	-0.75957
38	80	17.3687	-17.8865	23.0904	-0.766154
38	81	17.3888	-18.1118	23.2616	-0.772536
38	82	17.4137	-18.3361	23.4364	-0.778646
38	83	17.4435	-18.5579	23.6138	-0.784449
38	84	17.4774	-18.7768	23.7928	-0.789955
38	85	17.5132	-18.9973	23.975	-0.795366
38	86	17.5519	-19.2193	24.161	-0.800656
38	87	17.5955	-19.4421	24.3515	-0.80574
38	88	17.6456	-19.664	24.5466	-0.810529
38	89	17.7013	-19.8841	24.7447	-0.815027
38	90	17.7624	-20.1024	24.9457	-0.819248
38	91	17.8289	-20.3177	25.1486	-0.82316
38	92	17.9015	-20.529	25.3531	-0.826726
38	93	17.983	-20.7352	25.5601	-0.829846
38	94	18.078	-20.9342	25.7711	-0.832336
38	95	18.1882	-21.1281	25.9887	-0.83422
38	96	18.3172	-21.3176	26.2158	-0.835434
38	97	18.4496	-21.4849	26.4287	-0.835966
38	98	18.5944	-21.6289	26.6326	-0.835555
38	99	18.7456	-21.7519	26.8253	-0.834453
38	100	18.9099	-21.8503	27.0085	-0.83239
38	101	19.0743	-21.9453	27.1895	-0.830271
38	102	19.2453	-22.0259	27.3645	-0.827648
38	103	19.4155	-22.1077	27.54	-0.825105
38	104	19.5898	-22.1819	27.7129	-0.822301
38	105	19.7656	-22.2563	27.8872	-0.819497
38	106	19.9449	-22.3275	28.0617	-0.81656
38	107	20.1271	-22.3978	28.2378	-0.81356
38	108	20.3124	-22.4658	28.4147	-0.810468
38	109	20.5019	-22.5337	28.5946	-0.807301
38	110	20.6952	-22.6001	28.7763	-0.804044
38	111	20.8909	-22.6654	28.9593	-0.800741
38	112	21.0887	-22.7287	29.1426	-0.797384
38	113	21.2879	-22.7908	29.3264	-0.794001
38	114	21.4889	-22.8507	29.5102	-0.790567
38	115	21.6919	-22.9079	29.6938	-0.787061
38	116	21.8976	-22.9616	29.8773	-0.783454
38	117	22.1057	-23.0078	30.0576	-0.779657
38	118	22.3164	-23.0398	30.2302	-0.775509
38	119	22.5212	-23.0815	30.4058	-0.771775
38	120	22.7087	-23.0522	30.5201	-0.766803
38	121	22.8947	-22.948	30.5824	-0.760127
38	122	23.0957	-22.849	30.6606	-0.753271
38	123	23.2978	-22.7184	30.7196	-0.745669
38	124	23.5071	-22.5526	30.7619	-0.737093
38	125	23.7321	-22.3462	30.7913	-0.72722
38	126	23.9674	-22.112	30.8132	-0.716463
38	127	24.1973	-21.8685	30.8285	-0.705611
38	128	24.419	-21.6141	30.8341	-0.694666
38	129	24.6288	-21.35	30.8281	-0.683728
38	130	24.8267	-21.0801	30.8127	-0.67288
38	131	25.0154	-20.806	30.7913	-0.662099
38	132	25.197	-20.5268	30.7647	-0.651312
38	133	25.3709	-20.2409	30.7315	-0.640483
38	134	25.5348	-19.9486	30.6901	-0.629655
38	135	25.6885	-19.6523	30.6416	-0.618885
38	136	25.8339	-19.3532	30.5882	-0.608163
38	137	25.9723	-19.0503	30.5305	-0.597429
38	138	26.1026	-18.7413	30.4662	-0.586638
38	139	26.2216	-18.426	30.3925	-0.575831
38	140	26.3274	-18.1069	30.3093	-0.565101
38	141	26.4219	-17.7865	30.2192	-0.554471
38	142	26.5076	-17.4644	30.1241	-0.543882
38	143	26.5843	-17.1387	30.0229	-0.533277
38	144	26.6498	-16.809	29.9134	-0.522671
38	145	26.7027	-16.4773	29.7953	-0.51214
38	146	26.7443	-16.1458	29.6708	-0.501713
38	147	26.7771	-15.8143	29.5416	-0.49134
39	0	-15.6657	-19.3283	23.9457	-2.325
39	1	-15.6473	-19.1123	23.776	-2.33066
39	2	-15.6305	-18.8938	23.6066	-2.33652
39	3	-15.616	-18.6749	23.439	-2.34255
39	4	-15.6041	-18.4566	23.2748	-2.34872
39	5	-15.5947	-18.2401	23.1144	-2.35501
39	6	-15.5857	-18.0195	22.9523	-2.36151
39	7	-15.5778	-17.7952	22.7895	-2.36827
39	8	-15.5734	-17.5682	22.6283	-2.37531
39	9	-15.5741	-17.3405	22.4715	-2.38263
39	10	-15.5804	-17.1143	22.3211	-2.39018
39	11	-15.5891	-16.8878	22.1735	-2.39791
39	12	-15.5999	-16.6615	22.0289	-2.4058
39	13	-15.6134	-16.4353	21.8878	-2.41388
39	14	-15.6302	-16.2088	21.7504	-2.42217
39	15	-15.6539	-15.9828	21.6202	-2.43075
39	16	-15.6897	-15.7599	21.5027	-2.43969
39	17	-15.7433	-15.5424	21.4041	-2.44907
39	18	-15.8165	-15.3286	21.325	-2.45898
39	19	-15.9082	-15.1175	21.2642	-2.46941
39	20	-16.0126	-14.9287	21.2294	-2.47942
39	21	-16.1297	-14.76	21.2189	-2.48909
39	22	-16.261	-14.61	21.2332	-2.49846
39	23	-16.4001	-14.4684	21.2605	-2.50771
39	24	-16.5478	-14.3355	21.3016	-2.51685
39	25	-16.6993	-14.205	21.3491	-2.52595
39	26	-16.858	-14.0808	21.4078	-2.53497
39	27	-17.0207	-13.9598	21.4734	-2.54392
39	28	-17.1882	-13.8454	21.5483	-2.55268
39	29	-17.3583	-13.7361	21.6298	-2.56125
39	30	-17.5299	-13.6311	21.7165	-2.56963
39	31	-17.7039	-13.5319	21.8098	-2.57777
39	32	-17.8776	-13.4343	21.9051	-2.58578
39	33	-18.0559	-13.3467	22.0111	-2.59343
39	34	-18.2361	-13.2639	22.1224	-2.60087
39	35	-18.4254	-13.2032	22.2539	-2.60759
39	36	-18.6214	-13.1519	22.3969	-2.61401
39	37	-18.8292	-13.1253	22.5634	-2.61967
39	38	-19.0267	-13.109	22.7268	-2.62462
39	39	-19.2141	-13.1243	22.8974	-2.62809
39	40	-19.3931	-13.1464	23.0643	-2.63106
39	41	-19.5665	-13.1906	23.2372	-2.63305
39	42	-19.7397	-13.2353	23.4103	-2.63498
39	43	-19.9123	-13.2874	23.5866	-2.6366
39	44	-20.0857	-13.344	23.7657	-2.63805
39	45	-20.2618	-13.4029	23.9484	-2.63944
39	46	-20.4387	-13.4674	24.1345	-2.64063
39	47	-20.6187	-13.5338	24.3243	-2.64179
39	48	-20.8013	-13.6046	24.5185	-2.64282
39	49	-20.9873	-13.6775	24.7167	-2.64383
39	50	-21.176	-13.7533	24.9187	-2.64477
39	51	-21.3643	-13.8313	25.1214	-2.64562
39	52	-21.5529	-13.9098	25.3247	-2.64644
39	53	-21.7418	-13.9899	25.529	-2.64719
39	54	-21.9314	-14.0723	25.7349	-2.64787
39	55	-22.1225	-14.1563	25.9431	-2.64851
39	56	-22.316	-14.2405	26.1534	-2.64917
39	57	-22.5096	-14.329	26.3658	-2.64969
39	58	-22.7046	-14.4171	26.5794	-2.65023
39	59	-22.9009	-14.5049	26.7938	-2.6508
39	60	-23.0973	-14.5958	27.0099	-2.65126
39	61	-23.2963	-14.6862	27.228	-2.65177
39	62	-23.4979	-14.7783	27.4492	-2.65227
39	63	-23.7015	-14.8739	27.6739	-2.65268
39	64	-23.906	-14.9714	27.9002	-2.65303
39	65	-24.1098	-15.071	28.1269	-2.65331
39	66	-24.305	-15.1832	28.352	-2.65304
39	67	-24.454	-15.3245	28.5498	-2.65112
39	68	-24.565	-15.5057	28.7333	-2.64738
39	69	-24.6569	-15.7023	28.9078	-2.6429
39	70	-24.7382	-15.915	29.0813	-2.63781
39	71	-24.8121	-16.1513	29.2606	-2.63196
39	72	-24.8794	-16.422	29.4521	-2.62505
39	73	-24.9395	-16.74	29.6624	-2.61673
39	74	-24.9857	-17.063	29.8654	-2.60815
39	75	-25.0167	-17.3877	30.0584	-2.59937
39	76	-25.0339	-17.7112	30.2412	-2.5905
39	77	-25.0403	-18.0333	30.4165	-2.58159
39	78	-25.0361	-18.3563	30.5858	-2.57257
39	79	-25.0191	-18.6807	30.7475	-2.56338
39	80	-24.9869	-19.0044	30.8989	-2.55404
39	81	-24.9412	-19.3243	31.0395	-2.54464
39	82	-24.8852	-19.6403	31.1722	-2.53525
39	83	-24.8203	-19.9545	31.2993	-2.52582
39	84	-24.7443	-20.2683	31.42	-2.51627
39	85	-24.6541	-20.5806	31.5311	-2.50656
39	86	-24.5491	-20.8878	31.6303	-2.49677
39	87	-24.4323	-21.1881	31.719	-2.48699
39	88	-24.3062	-21.4831	31.8001	-2.47722
39	89	-24.1704	-21.7746	31.8744	-2.46739
39	90	-24.0222	-22.0623	31.9399	-2.45746
39	91	-23.8609	-22.3433	31.9941	-2.44747
39	92	-23.6888	-22.6157	32.0376	-2.4375
39	93	-23.5085	-22.8805	32.0732	-2.42756
39	94	-23.3199	-23.1398	32.102	-2.41761
39	95	-23.1213	-23.3935	32.1229	-2.4076
39	96	-22.9122	-23.6395	32.134	-2.39756
39	97	-22.6945	-23.8761	32.1357	-2.38755
39	98	-22.4706	-24.104	32.1302	-2.37761
39	99	-22.2401	-24.3237	32.1172	-2.36771
39	100	-22.0296	-24.5015	32.0922	-2.35916
39	101	-21.8302	-24.6431	32.0514	-2.35164
39	102	-21.6353	-24.7525	31.9927	-2.34491
39	103	-21.4403	-24.8326	31.9143	-2.33878
39	104	-21.2579	-24.9212	31.8519	-2.33273
39	105	-21.0751	-24.9388	31.7387	-2.32818
39	106	-20.8749	-24.8874	31.564	-2.32469
39	107	-20.6687	-24.8441	31.3916	-2.32085
39	108	-20.4654	-24.7914	31.2147	-2.31723
39	109	-20.2644	-24.7361	31.0377	-2.31369
39	110	-20.0642	-24.6784	30.8601	-2.31017
39	111	-19.8644	-24.6191	30.6818	-2.30666
39	112	-19.665	-24.558	30.5029	-2.30316
39	113	-19.4667	-24.4954	30.3239	-2.29968
39	114	-19.2706	-24.4311	30.1454	-2.29625
39	115	-19.0773	-24.3662	29.9688	-2.29286
39	116	-18.8873	-24.3008	29.7944	-2.28953
39	117	-18.7004	-24.2359	29.6226	-2.28622
39	118	-18.5162	-24.1709	29.4529	-2.28295
39	119	-18.335	-24.1047	29.2846	-2.27974
39	120	-18.1565	-24.0378	29.1177	-2.27658
39	121	-17.9827	-23.966	28.9504	-2.27362
39	122	-17.8126	-23.8929	28.7848	-2.27075
39	123	-17.6485	-23.814	28.6189	-2.26814
39	124	-17.4895	-23.7351	28.4563	-2.26564
39	125	-17.335	-23.6544	28.2955	-2.26328
39	126	-17.186	-23.5678	28.1338	-2.26116
39	127	-17.0399	-23.4768	27.9706	-2.25921
39	128	-16.9031	-23.3677	27.7995	-2.2579
39	129	-16.7696	-23.2424	27.618	-2.25704
39	130	-16.6419	-23.0968	27.4244	-2.2568
39	131	-16.5163	-22.93	27.2158	-2.25711
39	132	-16.4094	-22.7583	27.0152	-2.25808
39	133	-16.3197	-22.58	26.8205	-2.25971
39	134	-16.2464	-22.3933	26.6298	-2.26205
39	135	-16.182	-22.2032	26.4425	-2.26475
39	136	-16.1242	-22.0111	26.258	-2.26774
39	137	-16.0722	-21.8178	26.0765	-2.27097
39	138	-16.0218	-21.6217	25.8942	-2.27436
39	139	-15.9749	-21.4219	25.7117	-2.27799
39	140	-15.929	-21.2189	25.5278	-2.2818
39	141	-15.8874	-21.0124	25.3443	-2.28587
39	142	-15.849	-20.8036	25.1617	-2.29016
39	143	-15.8162	-20.5941	24.9827	-2.2947
39	144	-15.7877	-20.3865	24.8086	-2.29938
39	145	-15.7605	-20.1764	24.634	-2.30423
39	146	-15.7335	-19.965	24.4592	-2.3092
39	147	-15.708	-19.7527	24.2854	-2.31431
39	148	-15.6851	-19.5402	24.1138	-2.31957
43	0	23.3796	-27.4723	34.1783	-0.846397
43	1	23.3511	-27.1242	33.8994	-0.840221
43	2	23.3138	-26.7785	33.6176	-0.834186
43	3	23.2677	-26.4326	33.3309	-0.82824
43	4	23.2094	-26.0857	33.0365	-0.822441
43	5	23.1363	-25.7408	32.7345	-0.816906
43	6	23.0507	-25.4012	32.4288	-0.811661
43	7	22.9563	-25.0664	32.1214	-0.80662
43	8	22.8645	-24.7816	31.8525	-0.802513
43	9	22.7719	-24.5333	31.6098	-0.799162
43	10	22.6735	-24.3123	31.3829	-0.796498
43	11	22.5586	-24.1157	31.1621	-0.794723
43	12	22.4167	-23.9755	30.9625	-0.794823
43	13	22.2347	-23.8886	30.7732	-0.797067
43	14	22.0559	-23.7942	30.5807	-0.799089
43	15	21.8716	-23.7091	30.3913	-0.801484
43	16	21.6836	-23.6291	30.2031	-0.804113
43	17	21.4926	-23.5513	30.0148	-0.8069
43	18	21.2991	-23.4766	29.8271	-0.809851
43	19	21.1029	-23.4032	29.6387	-0.812937
43	20	20.903	-23.3301	29.4485	-0.816161
43	21	20.6989	-23.2567	29.2553	-0.819526
43	22	20.4914	-23.1848	29.0613	-0.823055
43	23	20.2805	-23.115	28.8669	-0.826766
43	24	20.0669	-23.0478	28.673	-0.830662
43	25	19.8518	-22.9831	28.4805	-0.834705
43	26	19.6365	-22.9203	28.2896	-0.838855
43	27	19.4214	-22.8588	28.1003	-0.843085
43	28	19.2061	-22.7987	27.9125	-0.847413
43	29	18.9899	-22.7418	27.727	-0.851901
43	30	18.7718	-22.6922	27.5463	-0.856673
43	31	18.5513	-22.6571	27.3757	-0.86192
43	32	18.3309	-22.6488	27.2265	-0.867867
43	33	18.1073	-22.6699	27.0987	-0.874667
43	34	17.88	-22.7144	26.9878	-0.882186
43	35	17.6571	-22.7809	26.8984	-0.890156
43	36	17.4466	-22.865	26.8322	-0.898224
43	37	17.2493	-22.9688	26.7913	-0.906397
43	38	17.0605	-23.0912	26.7722	-0.914771
43	39	16.8776	-23.2228	26.7658	-0.923184
43	40	16.6985	-23.3601	26.7683	-0.931616
43	41	16.522	-23.5021	26.778	-0.940067
43	42	16.348	-23.6484	26.7944	-0.948532
43	43	16.1769	-23.7985	26.8176	-0.95698
43	44	16.0096	-23.9517	26.8474	-0.965359
43	45	15.8467	-24.1078	26.884	-0.973648
43	46	15.6884	-24.2673	26.9278	-0.98184
43	47	15.5342	-24.4292	26.9776	-0.989925
43	48	15.3831	-24.5925	27.0321	-0.997915
43	49	15.2345	-24.7576	27.0912	-1.00582
43	50	15.089	-24.9251	27.1555	-1.01365
43	51	14.9475	-25.0958	27.2264	-1.02138
43	52	14.8115	-25.2699	27.3046	-1.02896
43	53	14.6816	-25.4466	27.3898	-1.03635
43	54	14.5567	-25.6234	27.4791	-1.04354
43	55	14.4361	-25.8	27.5716	-1.05054
43	56	14.3198	-25.9774	27.6684	-1.05738
43	57	14.2091	-26.158	27.772	-1.06404
43	58	14.1086	-26.3463	27.8884	-1.07047
43	59	14.0201	-26.5499	28.0251	-1.07672
43	60	13.945	-26.7686	28.1826	-1.08275
43	61	13.8876	-26.9964	28.3573	-1.0883
43	62	13.8492	-27.2238	28.5413	-1.09319
43	63	13.8299	-27.4523	28.7356	-1.09745
43	64	13.827	-27.683	28.9398	-1.10117
43	65	13.8327	-27.9126	29.1473	-1.10456
43	66	13.8427	-28.1416	29.3565	-1.10776
43	67	13.8566	-28.3703	29.5674	-1.1108
43	68	13.8732	-28.5991	29.78	-1.11371
43	69	13.8927	-28.8281	29.9942	-1.11649
43	70	13.9175	-29.0569	30.2108	-1.11908
43	71	13.9471	-29.2834	30.4276	-1.12145
43	72	13.9801	-29.5064	30.6429	-1.12365
43	73	14.0174	-29.7267	30.8577	-1.12564
43	74	14.0572	-29.9439	31.0709	-1.1275
43	75	14.0981	-30.1583	31.2821	-1.12925
43	76	14.143	-30.3728	31.4953	-1.13087
43	77	14.1915	-30.5863	31.7092	-1.13236
43	78	14.2433	-30.7975	31.9224	-1.1337
43	79	14.3013	-31.0083	32.138	-1.13484
43	80	14.3637	-31.2161	32.3527	-1.13581
43	81	14.4282	-31.4194	32.5643	-1.13664
43	82	14.4973	-31.6218	32.7769	-1.13732
43	83	14.5693	-31.822	32.9889	-1.13789
43	84	14.6426	-32.0198	33.1991	-1.13839
43	85	14.7171	-32.2146	33.4072	-1.13881
43	86	14.7964	-32.4082	33.6163	-1.13908
43	87	14.8806	-32.5981	33.824	-1.13916
43	88	14.9677	-32.7832	34.0285	-1.13911
43	89	15.0614	-32.9639	34.2319	-1.13884
43	90	15.1579	-33.1402	34.4324	-1.13844
43	91	15.2577	-33.3111	34.6294	-1.13789
43	92	15.358	-33.4794	34.8243	-1.1373
43	93	15.4654	-33.6435	35.0183	-1.13648
43	94	15.5802	-33.8035	35.2117	-1.13544
43	95	15.7138	-33.955	35.4055	-1.13382
43	96	15.8665	-34.0996	35.6013	-1.13165
43	97	16.0422	-34.2367	35.8002	-1.12884
43	98	16.224	-34.3526	35.9829	-1.12565
43	99	16.4145	-34.4436	36.1473	-1.12198
43	100	16.6158	-34.5107	36.2954	-1.11779
43	101	16.825	-34.5592	36.431	-1.1132
43	102	17.0362	-34.5971	36.5587	-1.10848
43	103	17.2479	-34.6276	36.6808	-1.10368
43	104	17.4598	-34.6527	36.7991	-1.09885
43	105	17.6719	-34.6741	36.915	-1.094
43	106	17.8846	-34.6917	37.0287	-1.08911
43	107	18.098	-34.706	37.1406	-1.0842
43	108	18.3117	-34.7158	37.2497	-1.07925
43	109	18.5248	-34.7215	37.3558	-1.07429
43	110	18.7362	-34.7227	37.458	-1.06935
43	111	18.9451	-34.7208	37.5572	-1.06444
43	112	19.1517	-34.7154	37.6531	-1.05958
43	113	19.3563	-34.7076	37.7469	-1.05475
43	114	19.5599	-34.6962	37.8379	-1.04992
43	115	19.7635	-34.6813	37.9267	-1.04507
43	116	19.9663	-34.663	38.0131	-1.04021
43	117	20.1691	-34.6411	38.0973	-1.03533
43	118	20.3708	-34.6163	38.1793	-1.03045
43	119	20.57	-34.5899	38.2596	-1.02563
43	120	20.7662	-34.5611	38.3372	-1.02087
43	121	20.9561	-34.5193	38.4012	-1.01608
43	122	21.1238	-34.436	38.4192	-1.01123
43	123	21.2807	-34.2944	38.3831	-1.00581
43	124	21.4278	-34.1304	38.3238	-1.00027
43	125	21.5736	-33.946	38.2481	-0.994463
43	126	21.7252	-33.7347	38.1543	-0.988113
43	127	21.8876	-33.4856	38.0366	-0.980942
43	128	22.0653	-33.1855	37.8874	-0.972639
43	129	22.2321	-32.8768	37.7275	-0.96438
43	130	22.3859	-32.5627	37.5584	-0.956247
43	131	22.5289	-32.2461	37.3833	-0.948239
43	132	22.6638	-31.9265	37.2034	-0.940284
43	133	22.7901	-31.6008	37.0161	-0.93234
43	134	22.9041	-31.2675	36.8175	-0.92446
43	135	23.0022	-30.9295	36.6079	-0.916759
43	136	23.0864	-30.5908	36.3913	-0.90926
43	137	23.1607	-30.2517	36.1703	-0.901881
43	138	23.2262	-29.9103	35.9441	-0.89456
43	139	23.2815	-29.5657	35.7109	-0.887313
43	140	23.3251	-29.2195	35.4709	-0.880197
43	141	23.3581	-28.8734	35.2259	-0.873214
43	142	23.3822	-28.5264	34.9763	-0.866316
43	143	23.3959	-28.1767	34.7196	-0.85949
43	144	23.3956	-27.8241	34.453	-0.852815
44	0	-13.7472	-30.9713	32.4979	-2.03251
44	1	-13.7043	-30.7683	32.2971	-2.03412
44	2	-13.6639	-30.5648	32.097	-2.03583
44	3	-13.6276	-30.3623	31.8998	-2.03766
44	4	-13.5913	-30.1569	31.7001	-2.03956
44	5	-13.5566	-29.9487	31.4988	-2.04156
44	6	-13.5246	-29.7387	31.2972	-2.04369
44	7	-13.4937	-29.5233	31.0914	-2.04596
44	8	-13.4664	-29.3039	30.8839	-2.04842
44	9	-13.4448	-29.0828	30.6778	-2.05111
44	10	-13.4268	-28.8599	30.4718	-2.05397
44	11	-13.4128	-28.6368	30.2679	-2.05698
44	12	-13.4028	-28.4145	30.0668	-2.06015
44	13	-13.3949	-28.192	29.867	-2.06341
44	14	-13.3907	-27.969	29.6686	-2.06684
44	15	-13.3929	-27.7456	29.4735	-2.07052
44	16	-13.4082	-27.5229	29.2855	-2.07462
44	17	-13.4432	-27.302	29.1093	-2.07934
44	18	-13.4972	-27.0817	28.9436	-2.08467
44	19	-13.5728	-26.8609	28.789	-2.09073
44	20	-13.6641	-26.6596	28.6602	-2.09698
44	21	-13.7717	-26.4761	28.5561	-2.10347
44	22	-13.8939	-26.3074	28.4736	-2.11018
44	23	-14.0256	-26.1473	28.4045	-2.11705
44	24	-14.1633	-25.9925	28.3445	-2.12403
44	25	-14.3051	-25.8405	28.2904	-2.13112
44	26	-14.4512	-25.6909	28.242	-2.13832
44	27	-14.6018	-25.5434	28.1993	-2.14564
44	28	-14.7572	-25.3989	28.1633	-2.15305
44	29	-14.917	-25.2585	28.1347	-2.16054
44	30	-15.0804	-25.1229	28.1137	-2.16806
44	31	-15.247	-24.9927	28.1005	-2.17557
44	32	-15.4166	-24.8685	28.0955	-2.18305
44	33	-15.5906	-24.7528	28.1016	-2.19048
44	34	-15.7705	-24.6519	28.1247	-2.19777
44	35	-15.9596	-24.5663	28.1671	-2.20499
44	36	-16.1592	-24.4934	28.2273	-2.21221
44	37	-16.3728	-24.437	28.3107	-2.21945
44	38	-16.5835	-24.4015	28.4103	-2.22612
44	39	-16.7926	-24.3917	28.5306	-2.23214
44	40	-17.0023	-24.4083	28.6728	-2.23755
44	41	-17.2123	-24.4458	28.8325	-2.24247
44	42	-17.4203	-24.4934	28.9995	-2.24706
44	43	-17.6258	-24.5463	29.1697	-2.25142
44	44	-17.8291	-24.6002	29.3398	-2.25566
44	45	-18.031	-24.6562	29.5111	-2.25975
44	46	-18.2323	-24.7128	29.683	-2.26378
44	47	-18.4331	-24.7708	29.8561	-2.26771
44	48	-18.6338	-24.8299	30.0305	-2.27157
44	49	-18.8333	-24.8915	30.2064	-2.2753
44	50	-19.0308	-24.9547	30.3827	-2.27891
44	51	-19.2248	-25.0203	30.5589	-2.28234
44	52	-19.4154	-25.0859	30.7332	-2.28564
44	53	-19.6019	-25.1527	30.906	-2.28878
44	54	-19.7853	-25.2186	31.0765	-2.29183
44	55	-19.9654	-25.286	31.2461	-2.29473
44	56	-20.1428	-25.3542	31.4149	-2.29753
44	57	-20.3171	-25.4248	31.5836	-2.30017
44	58	-20.489	-25.4962	31.7514	-2.30271
44	59	-20.6558	-25.5699	31.9178	-2.30505
44	60	-20.8202	-25.6413	32.0811	-2.30736
44	61	-20.9699	-25.7323	32.2491	-2.3089
44	62	-21.093	-25.8476	32.4172	-2.30932
44	63	-21.1825	-26.0203	32.6052	-2.30778
44	64	-21.2625	-26.208	32.798	-2.30575
44	65	-21.3319	-26.4156	32.9987	-2.30309
44	66	-21.4014	-26.6482	33.2182	-2.29996
44	67	-21.4694	-26.9175	33.4646	-2.29612
44	68	-21.5387	-27.236	33.7493	-2.29139
44	69	-21.598	-27.5592	34.0317	-2.28644
44	70	-21.6441	-27.8868	34.3097	-2.28118
44	71	-21.6748	-28.2159	34.5797	-2.27565
44	72	-21.6923	-28.5435	34.8412	-2.26994
44	73	-21.6995	-28.8702	35.0964	-2.26411
44	74	-21.6967	-29.198	35.3474	-2.25812
44	75	-21.681	-29.528	35.5932	-2.25189
44	76	-21.6493	-29.8579	35.8303	-2.24541
44	77	-21.6027	-30.1838	36.0565	-2.23876
44	78	-21.5452	-30.5052	36.274	-2.23202
44	79	-21.4789	-30.824	36.4858	-2.22522
44	80	-21.4027	-31.1421	36.6927	-2.2183
44	81	-21.3134	-31.4592	36.8926	-2.21118
44	82	-21.2098	-31.772	37.0826	-2.2039
44	83	-21.0946	-32.0783	37.2624	-2.19655
44	84	-20.9709	-32.3791	37.4347	-2.18916
44	85	-20.8393	-32.6763	37.6016	-2.18173
44	86	-20.6976	-32.9704	37.7623	-2.17419
44	87	-20.5629	-33.2165	37.8894	-2.16757
44	88	-20.4302	-33.4229	37.9861	-2.16163
44	89	-20.2954	-33.5966	38.0559	-2.15615
44	90	-20.1538	-33.7427	38.0999	-2.15093
44	91	-20.0283	-33.8903	38.1551	-2.14606
44	92	-19.888	-33.9709	38.1467	-2.14182
44	93	-19.7216	-34.0009	38.0824	-2.13772
44	94	-19.5555	-34.0465	38.0319	-2.13339
44	95	-19.384	-34.0798	37.9691	-2.1291
44	96	-19.2096	-34.1098	37.9024	-2.12478
44	97	-19.0318	-34.1352	37.8308	-2.12043
44	98	-18.8506	-34.1593	37.7571	-2.11601
44	99	-18.6652	-34.178	37.6773	-2.11154
44	100	-18.4758	-34.1967	37.5962	-2.10697
44	101	-18.2821	-34.2086	37.5079	-2.10237
44	102	-18.0861	-34.2191	37.4181	-2.09771
44	103	-17.8881	-34.2225	37.3218	-2.09308
44	104	-17.6886	-34.2229	37.223	-2.08843
44	105	-17.4874	-34.2182	37.1198	-2.08378
44	106	-17.2839	-34.2109	37.0139	-2.07908
44	107	-17.0776	-34.1998	36.9043	-2.07435
44	108	-16.8681	-34.1867	36.7921	-2.06953
44	109	-16.6562	-34.167	36.6739	-2.06471
44	110	-16.4434	-34.1431	36.5524	-2.0599
44	111	-16.2314	-34.1123	36.426	-2.05516
44	112	-16.0209	-34.0783	36.2983	-2.05046
44	113	-15.8132	-34.0367	36.166	-2.0459
44	114	-15.6101	-33.9893	36.0313	-2.04149
44	115	-15.4157	-33.9235	35.8847	-2.03749
44	116	-15.2339	-33.839	35.7276	-2.03401
44	117	-15.066	-33.7235	35.5494	-2.03124
44	118	-14.8997	-33.5939	35.3595	-2.02865
44	119	-14.7599	-33.4519	35.1704	-2.02687
44	120	-14.6337	-33.3078	34.9856	-2.02545
44	121	-14.535	-33.1492	34.7997	-2.0249
44	122	-14.4389	-32.9892	34.6137	-2.02443
44	123	-14.3589	-32.8206	34.4272	-2.02449
44	124	-14.278	-32.6531	34.2412	-2.02451
44	125	-14.2075	-32.4793	34.0541	-2.02489
44	126	-14.1374	-32.3041	33.8659	-2.0253
44	127	-14.0756	-32.1257	33.6785	-2.02597
44	128	-14.0134	-31.9433	33.4873	-2.0267
44	129	-13.9542	-31.7562	33.2933	-2.02758
44	130	-13.8987	-31.5666	33.0986	-2.0286
44	131	-13.8439	-31.371	32.8989	-2.02973
44	132	-13.7933	-31.1713	32.6975	-2.03105
48	0	22.3537	-39.2644	43.1908	-1.04645
48	1	22.323	-38.963	42.9147	-1.04355
48	2	22.2842	-38.6626	42.6357	-1.04079
48	3	22.2373	-38.3616	42.3525	-1.03815
48	4	22.1806	-38.0598	42.0638	-1.03567
48	5	22.1126	-37.7587	41.7702	-1.03339
48	6	22.0343	-37.4602	41.4739	-1.03133
48	7	21.9478	-37.1647	41.176	-1.02945
48	8	21.8543	-36.8709	40.8761	-1.02771
48	9	21.7531	-36.5777	40.5728	-1.02611
48	10	21.6415	-36.286	40.2655	-1.02472
48	11	21.5326	-36.0394	39.9982	-1.02385
48	12	21.4229	-35.8294	39.7618	-1.02346
48	13	21.3103	-35.6476	39.548	-1.0235
48	14	21.1923	-35.4865	39.349	-1.02393
48	15	21.0645	-35.3419	39.159	-1.02479
48	16	20.8994	-35.2766	39.0176	-1.02754
48	17	20.6961	-35.2833	38.9187	-1.0321
48	18	20.4905	-35.3111	38.8376	-1.03701
48	19	20.2851	-35.3321	38.7516	-1.04185
48	20	20.0803	-35.3456	38.6603	-1.0466
48	21	19.8756	-35.3543	38.5659	-1.05131
48	22	19.6712	-35.358	38.468	-1.05597
48	23	19.4672	-35.3564	38.3666	-1.06058
48	24	19.2642	-35.3518	38.2638	-1.06515
48	25	19.06	-35.3503	38.164	-1.06981
48	26	18.8559	-35.3498	38.066	-1.07451
48	27	18.6525	-35.3492	37.969	-1.07921
48	28	18.4503	-35.3505	37.8752	-1.08393
48	29	18.2492	-35.351	37.7819	-1.08864
48	30	18.0489	-35.351	37.6894	-1.09335
48	31	17.8492	-35.3528	37.5997	-1.09809
48	32	17.6503	-35.3545	37.5111	-1.10283
48	33	17.4527	-35.357	37.4246	-1.10757
48	34	17.2568	-35.3598	37.34	-1.1123
48	35	17.0628	-35.3632	37.2576	-1.11701
48	36	16.8703	-35.3677	37.1777	-1.12172
48	37	16.6789	-35.3738	37.1005	-1.12644
48	38	16.4878	-35.3822	37.0263	-1.1312
48	39	16.2961	-35.3972	36.9588	-1.13606
48	40	16.1036	-35.4285	36.9065	-1.14115
48	41	15.9101	-35.4863	36.8791	-1.14657
48	42	15.7126	-35.5742	36.8785	-1.15243
48	43	15.5115	-35.6901	36.9034	-1.15869
48	44	15.3265	-35.8228	36.9516	-1.16472
48	45	15.158	-35.974	37.0246	-1.17051
48	46	14.9982	-36.1351	37.1112	-1.17617
48	47	14.8458	-36.3028	37.208	-1.18168
48	48	14.698	-36.4738	37.3107	-1.18708
48	49	14.5527	-36.6463	37.4168	-1.19241
48	50	14.4095	-36.8209	37.5266	-1.19768
48	51	14.2678	-36.9972	37.6396	-1.20289
48	52	14.128	-37.175	37.7558	-1.20804
48	53	13.9915	-37.3543	37.8755	-1.21309
48	54	13.858	-37.5335	37.997	-1.21803
48	55	13.7268	-37.7115	38.1192	-1.22287
48	56	13.5976	-37.8888	38.2423	-1.22763
48	57	13.4697	-38.0656	38.3661	-1.23232
48	58	13.3432	-38.243	38.4918	-1.23695
48	59	13.2199	-38.4233	38.6223	-1.24149
48	60	13.1025	-38.6079	38.7593	-1.2459
48	61	12.9949	-38.7982	38.9056	-1.25008
48	62	12.9021	-38.9973	39.0656	-1.25394
48	63	12.8266	-39.2104	39.2448	-1.25746
48	64	12.7694	-39.4364	39.4425	-1.26061
48	65	12.7341	-39.655	39.64	-1.26314
48	66	12.7167	-39.8675	39.8373	-1.26517
48	67	12.7168	-40.0775	40.0376	-1.26675
48	68	12.7285	-40.2862	40.2403	-1.26803
48	69	12.7467	-40.4943	40.4443	-1.26913
48	70	12.7696	-40.7022	40.6497	-1.27011
48	71	12.796	-40.9109	40.8569	-1.27101
48	72	12.8257	-41.12	41.0655	-1.27182
48	73	12.8585	-41.3285	41.2744	-1.27255
48	74	12.8941	-41.5342	41.4815	-1.27318
48	75	12.9319	-41.737	41.6864	-1.27374
48	76	12.9685	-41.9401	41.8913	-1.27433
48	77	13.0043	-42.144	42.0968	-1.27493
48	78	13.0418	-42.3488	42.3037	-1.27549
48	79	13.0819	-42.5542	42.5119	-1.276
48	80	13.1254	-42.7596	42.721	-1.27642
48	81	13.1723	-42.9639	42.9301	-1.27675
48	82	13.222	-43.1665	43.1384	-1.27701
48	83	13.2734	-43.3673	43.3455	-1.27722
48	84	13.324	-43.5671	43.5515	-1.27743
48	85	13.3754	-43.7661	43.7568	-1.27763
48	86	13.428	-43.9645	43.9619	-1.27778
48	87	13.4825	-44.1622	44.1669	-1.2779
48	88	13.5395	-44.3587	44.3715	-1.27794
48	89	13.599	-44.5532	44.575	-1.27793
48	90	13.6607	-44.7452	44.7765	-1.27784
48	91	13.7242	-44.9343	44.9759	-1.27771
48	92	13.7891	-45.1207	45.1732	-1.27752
48	93	13.8556	-45.3045	45.3684	-1.27729
48	94	13.9236	-45.4859	45.5616	-1.27702
48	95	13.9927	-45.6684	45.7564	-1.27673
48	96	14.0632	-45.8516	45.9521	-1.27641
48	97	14.1357	-46.0343	46.148	-1.27606
48	98	14.2102	-46.2156	46.3431	-1.27566
48	99	14.2865	-46.3951	46.5371	-1.27521
48	100	14.3644	-46.5727	46.7297	-1.27472
48	101	14.4438	-46.7488	46.9213	-1.2742
48	102	14.5248	-46.9235	47.112	-1.27364
48	103	14.6074	-47.0971	47.3022	-1.27304
48	104	14.689	-47.2708	47.4922	-1.27247
48	105	14.7739	-47.4426	47.6814	-1.27183
48	106	14.8653	-47.6096	47.8679	-1.27103
48	107	14.9969	-47.7221	48.0144	-1.26911
48	108	15.1705	-47.782	48.1234	-1.26603
48	109	15.354	-47.8189	48.2138	-1.26263
48	110	15.5497	-47.8389	48.2926	-1.25889
48	111	15.7639	-47.8392	48.3591	-1.25468
48	112	16.0033	-47.8176	48.4136	-1.24984
48	113	16.2761	-47.773	48.458	-1.24421
48	114	16.546	-47.7168	48.4922	-1.23857
48	115	16.8131	-47.6517	48.5185	-1.23292
48	116	17.0783	-47.5782	48.5379	-1.22727
48	117	17.3424	-47.4952	48.5495	-1.22157
48	118	17.6045	-47.4003	48.5508	-1.21583
48	119	17.8627	-47.2921	48.5398	-1.21007
48	120	18.1145	-47.1714	48.5166	-1.20433
48	121	18.3598	-47.041	48.4836	-1.19864
48	122	18.5998	-46.9031	48.4431	-1.19299
48	123	18.8359	-46.7578	48.3959	-1.18735
48	124	19.0685	-46.6037	48.3408	-1.1817
48	125	19.296	-46.4391	48.2756	-1.17604
48	126	19.5164	-46.2638	48.1993	-1.17042
48	127	19.7285	-46.0794	48.1129	-1.16487
48	128	19.9322	-45.8873	48.0176	-1.15939
48	129	20.1301	-45.6894	47.9161	-1.15396
48	130	20.3238	-45.4855	47.8087	-1.14853
48	131	20.5118	-45.2733	47.6929	-1.14311
48	132	20.692	-45.0517	47.5667	-1.13773
48	133	20.8624	-44.8219	47.4303	-1.13243
48	134	21.0228	-44.5861	47.2855	-1.12724
48	135	21.175	-44.3454	47.134	-1.12214
48	136	21.3201	-44.0997	46.9762	-1.11708
48	137	21.4581	-43.8476	46.8106	-1.11207
48	138	21.5872	-43.5881	46.6357	-1.10713
48	139	21.7054	-43.3222	46.4513	-1.10229
48	140	21.8125	-43.0522	46.2593	-1.09759
48	141	21.9103	-42.7795	46.0616	-1.093
48	142	22.0006	-42.504	45.8589	-1.08849
48	143	22.0834	-42.224	45.6498	-1.08404
48	144	22.1571	-41.9385	45.4323	-1.07967
48	145	22.219	-41.6479	45.2057	-1.07543
48	146	22.2682	-41.3548	44.9716	-1.07137
48	147	22.3066	-41.0614	44.7327	-1.06747
48	148	22.3369	-40.7677	44.4903	-1.06369
48	149	22.3604	-40.4724	44.244	-1.05998
48	150	22.3762	-40.1741	43.9917	-1.05636
48	151	22.3816	-39.872	43.7316	-1.05285
48	152	22.374	-39.5678	43.4639	-1.04954
49	0	-12.4943	-41.3293	41.6104	-1.89422
49	1	-12.4486	-41.1183	41.3959	-1.89479
49	2	-12.4042	-40.9056	41.18	-1.89542
49	3	-12.3622	-40.691	40.9632	-1.89612
49	4	-12.3234	-40.4751	40.7464	-1.89691
49	5	-12.2883	-40.2591	40.5305	-1.89779
49	6	-12.2563	-40.0439	40.3164	-1.89876
49	7	-12.2266	-39.8297	40.1041	-1.89978
49	8	-12.1985	-39.6161	39.8929	-1.90084
49	9	-12.172	-39.4023	39.6821	-1.90195
49	10	-12.1481	-39.1876	39.4713	-1.90315
49	11	-12.1288	-38.9717	39.2609	-1.90448
49	12	-12.1175	-38.7546	39.0522	-1.90603
49	13	-12.1197	-38.5351	38.8457	-1.90794
49	14	-12.1415	-38.3133	38.6437	-1.91037
49	15	-12.1856	-38.0881	38.4462	-1.9134
49	16	-12.252	-37.8562	38.2504	-1.91708
49	17	-12.334	-37.6392	38.0744	-1.92104
49	18	-12.4287	-37.4346	37.915	-1.92523
49	19	-12.5364	-37.2381	37.7685	-1.92971
49	20	-12.6566	-37.0458	37.6311	-1.9345
49	21	-12.7854	-36.8567	37.5006	-1.9395
49	22	-12.9213	-36.6707	37.3766	-1.94469
49	23	-13.0623	-36.4876	37.2582	-1.95
49	24	-13.2067	-36.3074	37.1448	-1.95541
49	25	-13.3535	-36.1299	37.0359	-1.96088
49	26	-13.5014	-35.9539	36.9299	-1.9664
49	27	-13.6516	-35.779	36.827	-1.97199
49	28	-13.8059	-35.6068	36.7293	-1.97769
49	29	-13.9654	-35.4393	36.6392	-1.9835
49	30	-14.1389	-35.2882	36.5711	-1.9895
49	31	-14.3272	-35.1531	36.5249	-1.99572
49	32	-14.5298	-35.0346	36.5013	-2.00211
49	33	-14.7247	-34.9457	36.5026	-2.00798
49	34	-14.9162	-34.882	36.5265	-2.01347
49	35	-15.1025	-34.8475	36.5756	-2.01848
49	36	-15.2847	-34.8368	36.6452	-2.02308
49	37	-15.4657	-34.8367	36.7245	-2.02752
49	38	-15.6462	-34.8409	36.8083	-2.03187
49	39	-15.8271	-34.8465	36.8941	-2.03619
49	40	-16.0093	-34.8522	36.9813	-2.04053
49	41	-16.1933	-34.8584	37.0705	-2.04488
49	42	-16.3799	-34.8644	37.1614	-2.04927
49	43	-16.5688	-34.8709	37.2545	-2.05369
49	44	-16.7595	-34.8795	37.3511	-2.05811
49	45	-16.9516	-34.8881	37.449	-2.06253
49	46	-17.1449	-34.8929	37.5449	-2.06701
49	47	-17.3397	-34.893	37.6381	-2.07156
49	48	-17.5366	-34.8909	37.7311	-2.07617
49	49	-17.7361	-34.8917	37.8288	-2.08077
49	50	-17.938	-34.8917	37.9278	-2.08542
49	51	-18.142	-34.8909	38.028	-2.0901
49	52	-18.3473	-34.8953	38.134	-2.09471
49	53	-18.5537	-34.8949	38.2374	-2.09939
49	54	-18.7608	-34.8871	38.3355	-2.10416
49	55	-18.9685	-34.8713	38.428	-2.10902
49	56	-19.177	-34.848	38.5153	-2.11398
49	57	-19.3859	-34.8178	38.5979	-2.11902
49	58	-19.5952	-34.7819	38.6769	-2.12412
49	59	-19.8053	-34.7607	38.7697	-2.12902
49	60	-19.9818	-34.8121	38.907	-2.13217
49	61	-20.1256	-34.9458	39.0967	-2.13346
49	62	-20.2602	-35.0967	39.2962	-2.13431
49	63	-20.3897	-35.2686	39.5107	-2.13475
49	64	-20.5168	-35.4686	39.7476	-2.13477
49	65	-20.6445	-35.7042	40.015	-2.13432
49	66	-20.7776	-35.9838	40.3225	-2.1334
49	67	-20.9014	-36.2658	40.6271	-2.13228
49	68	-21.0178	-36.5503	40.93	-2.13098
49	69	-21.1263	-36.8389	41.2322	-2.1295
49	70	-21.2242	-37.1329	41.5333	-2.12774
49	71	-21.3085	-37.4305	41.8307	-2.12569
49	72	-21.3795	-37.7286	42.1216	-2.12339
49	73	-21.4399	-38.0256	42.4062	-2.12093
49	74	-21.4921	-38.3222	42.6864	-2.11834
49	75	-21.5366	-38.6197	42.9638	-2.11562
49	76	-21.5715	-38.9192	43.2382	-2.11272
49	77	-21.5951	-39.2194	43.5077	-2.10963
49	78	-21.6072	-39.5183	43.7707	-2.10636
49	79	-21.6099	-39.8149	44.0274	-2.10298
49	80	-21.6045	-40.11	44.2792	-2.09949
49	81	-21.5905	-40.4048	44.527	-2.09588
49	82	-21.5661	-40.6995	44.7701	-2.09211
49	83	-21.53	-40.9925	45.0065	-2.08817
49	84	-21.4827	-41.2817	45.235	-2.0841
49	85	-21.4264	-41.5668	45.456	-2.07994
49	86	-21.3622	-41.8488	45.6714	-2.0757
49	87	-21.2896	-42.1289	45.8818	-2.07136
49	88	-21.2061	-42.4073	46.0865	-2.06687
49	89	-21.1094	-42.6822	46.2827	-2.06221
49	90	-20.9996	-42.9506	46.4681	-2.0574
49	91	-20.8793	-43.2113	46.6428	-2.05251
49	92	-20.7508	-43.4651	46.8088	-2.04756
49	93	-20.6149	-43.7138	46.968	-2.04256
49	94	-20.4702	-43.958	47.1204	-2.03747
49	95	-20.3152	-44.1967	47.2644	-2.03227
49	96	-20.1497	-44.4276	47.3981	-2.02697
49	97	-19.9753	-44.6495	47.5212	-2.02162
49	98	-19.7944	-44.8629	47.6352	-2.01625
49	99	-19.6081	-45.0698	47.7423	-2.01086
49	100	-19.4167	-45.2722	47.8446	-2.00544
49	101	-19.2155	-45.4662	47.9365	-1.99993
49	102	-19.005	-45.651	48.0177	-1.99434
49	103	-18.7866	-45.8248	48.0872	-1.98872
49	104	-18.5625	-45.988	48.1462	-1.98309
49	105	-18.3343	-46.1422	48.1968	-1.97747
49	106	-18.1017	-46.289	48.2403	-1.97184
49	107	-17.8629	-46.4278	48.2757	-1.96616
49	108	-17.6165	-46.5564	48.3003	-1.96043
49	109	-17.3628	-46.6718	48.3114	-1.95466
49	110	-17.1043	-46.7725	48.3087	-1.94892
49	111	-16.8435	-46.8601	48.2947	-1.94323
49	112	-16.5815	-46.9374	48.2721	-1.93759
49	113	-16.3177	-47.0059	48.2422	-1.93198
49	114	-16.0512	-47.0654	48.2045	-1.92637
49	115	-15.7816	-47.1137	48.1566	-1.92077
49	116	-15.5461	-47.1392	48.1004	-1.91599
49	117	-15.3366	-47.1427	48.0332	-1.91186
49	118	-15.1466	-47.1257	47.9539	-1.90825
49	119	-14.9702	-47.0899	47.8621	-1.90502
49	120	-14.8042	-47.0346	47.7555	-1.90211
49	121	-14.6559	-46.9461	47.6237	-1.89977
49	122	-14.5336	-46.824	47.4687	-1.89817
49	123	-14.4315	-46.6594	47.2801	-1.89724
49	124	-14.3425	-46.4874	47.0886	-1.89662
49	125	-14.2588	-46.3124	46.8961	-1.89613
49	126	-14.1732	-46.1377	46.7032	-1.89558
49	127	-14.0886	-45.9615	46.5091	-1.89507
49	128	-14.0048	-45.7835	46.3138	-1.89458
49	129	-13.922	-45.6037	46.1169	-1.89412
49	130	-13.8404	-45.4223	45.919	-1.89369
49	131	-13.7603	-45.2399	45.7206	-1.89329
49	132	-13.6818	-45.0576	45.5229	-1.89293
49	133	-13.6052	-44.8764	45.3267	-1.89259
49	134	-13.5304	-44.6928	45.1289	-1.8923
49	135	-13.4574	-44.5069	44.9295	-1.89207
49	136	-13.3856	-44.319	44.7284	-1.89187
49	137	-13.315	-44.1286	44.5256	-1.89172
49	138	-13.2459	-43.9359	44.3209	-1.89161
49	139	-13.179	-43.7412	44.115	-1.89156
49	140	-13.1145	-43.5452	43.9087	-1.89157
49	141	-13.0521	-43.349	43.7028	-1.89164
49	142	-12.9909	-43.153	43.4975	-1.89172
49	143	-12.9303	-42.9572	43.2926	-1.89182
49	144	-12.8688	-42.7619	43.0879	-1.8919
49	145	-12.8076	-42.5664	42.8831	-1.89198
49	146	-12.7483	-42.3664	42.6745	-1.89214
49	147	-12.6921	-42.1624	42.4633	-1.8924
49	148	-12.6391	-41.9558	42.2505	-1.89276
49	149	-12.5891	-41.7478	42.0374	-1.8932
49	150	-12.5411	-41.539	41.8241	-1.89369
