# CellID	NodeIndex	X	Y	R	Theta
8	0	50.0347	7.00717	51.488	0.318444
8	1	50.0638	7.30882	51.6108	0.323818
8	2	50.0789	7.61005	51.7218	0.329247
8	3	50.0808	7.91288	51.8222	0.334765
8	4	50.0663	8.21866	51.9099	0.34042
8	5	50.0319	8.52494	51.9806	0.346195
8	6	49.9778	8.82685	52.033	0.352006
8	7	49.9081	9.12268	52.0704	0.3578
8	8	49.8255	9.41431	52.0961	0.363599
8	9	49.7288	9.70345	52.1094	0.369445
8	10	49.6156	9.98877	52.1078	0.375336
8	11	49.486	10.2667	52.09	0.381212
8	12	49.3432	10.5358	52.0584	0.38703
8	13	49.1891	10.7976	52.0154	0.392809
8	14	49.0225	11.0535	51.9604	0.398586
8	15	48.8413	11.3021	51.8907	0.404357
8	16	48.6457	11.5399	51.8053	0.410062
8	17	48.439	11.7657	51.7065	0.415661
8	18	48.223	11.9813	51.5967	0.421175
8	19	47.9962	12.188	51.4751	0.42664
8	20	47.7566	12.3838	51.3387	0.432045
8	21	47.5048	12.565	51.1867	0.437319
8	22	47.245	12.7306	51.0221	0.442415
8	23	46.9793	12.883	50.8478	0.447362
8	24	46.7064	13.0242	50.6635	0.452204
8	25	46.4243	13.1525	50.4664	0.456932
8	26	46.1338	13.2641	50.2554	0.461477
8	27	45.8388	13.3584	50.0337	0.465788
8	28	45.5418	13.438	49.8045	0.469896
8	29	45.2411	13.5054	49.5673	0.473855
8	30	44.9341	13.5588	49.3189	0.477658
8	31	44.621	13.5933	49.057	0.481218
8	32	44.3074	13.6067	48.7855	0.484437
8	33	43.9981	13.6019	48.5098	0.487318
8	34	43.7414	13.5797	48.2727	0.489402
8	35	43.5209	13.5446	48.0616	0.490914
8	36	43.3239	13.4958	47.8648	0.491956
8	37	43.1402	13.4344	47.6739	0.492639
8	38	42.97	13.3484	47.4833	0.49274
8	39	42.8318	13.2197	47.3007	0.491724
8	40	42.7233	13.0345	47.1177	0.489347
8	41	42.607	12.8543	46.9305	0.487121
8	42	42.4998	12.6712	46.7502	0.484736
8	43	42.3983	12.4872	46.5748	0.482255
8	44	42.3008	12.3051	46.4041	0.479752
8	45	42.2058	12.1263	46.2375	0.477269
8	46	42.1128	11.9513	46.0746	0.474823
8	47	42.0214	11.7724	45.9116	0.472268
8	48	41.9324	11.5905	45.7498	0.469613
8	49	41.8462	11.4078	45.5905	0.466894
8	50	41.7633	11.2267	45.435	0.464157
8	51	41.6831	11.0498	45.2843	0.461455
8	52	41.6054	10.8688	45.1343	0.458633
8	53	41.5288	10.6856	44.9847	0.455735
8	54	41.4547	10.5	44.8367	0.452745
8	55	41.3815	10.3135	44.6895	0.449709
8	56	41.3127	10.1265	44.5465	0.446598
8	57	41.2477	9.94136	44.4081	0.443471
8	58	41.1901	9.75942	44.2782	0.440318
8	59	41.1371	9.57785	44.1531	0.43711
8	60	41.0906	9.39743	44.0349	0.433844
8	61	41.0485	9.21898	43.9219	0.430561
8	62	41.0124	9.04146	43.8152	0.427223
8	63	40.9797	8.86423	43.7123	0.423843
8	64	40.9564	8.68556	43.6178	0.420329
8	65	40.9398	8.50398	43.5288	0.416676
8	66	40.9493	8.31611	43.4619	0.412635
8	67	40.9845	8.11607	43.4143	0.408089
8	68	41.0524	7.90544	43.3936	0.403013
8	69	41.1355	7.70337	43.3914	0.397977
8	70	41.2405	7.51056	43.414	0.392946
8	71	41.3569	7.32256	43.4501	0.387923
8	72	41.4821	7.13896	43.4971	0.382927
8	73	41.611	6.95667	43.5491	0.377939
8	74	41.7427	6.77501	43.605	0.372952
8	75	41.8757	6.59377	43.6633	0.367976
8	76	42.0099	6.41464	43.7247	0.36305
8	77	42.1427	6.2374	43.7864	0.358189
8	78	42.2751	6.06324	43.8498	0.353411
8	79	42.4091	5.89266	43.9169	0.348711
8	80	42.5438	5.72347	43.9862	0.344049
8	81	42.6769	5.5528	44.0545	0.339383
8	82	42.8116	5.38311	44.1254	0.334741
8	83	42.9476	5.21487	44.1991	0.330135
8	84	43.0842	5.04748	44.2746	0.325558
8	85	43.2226	4.88043	44.3527	0.320991
8	86	43.3637	4.71237	44.434	0.3164
8	87	43.5018	4.54375	44.5132	0.311835
8	88	43.6404	4.37687	44.5944	0.30732
8	89	43.7805	4.21331	44.6789	0.302882
8	90	43.9208	4.05304	44.7654	0.29853
8	91	44.0582	3.89394	44.8504	0.294238
8	92	44.1957	3.73781	44.9371	0.290026
8	93	44.335	3.58529	45.0273	0.285895
8	94	44.4746	3.43407	45.1191	0.281807
8	95	44.6127	3.28549	45.2107	0.277801
8	96	44.7468	3.14295	45.301	0.273963
8	97	44.8856	3.01502	45.4003	0.270423
8	98	45.0075	2.88642	45.4836	0.266983
8	99	45.1387	2.79554	45.5864	0.2643
8	100	45.3151	2.78079	45.7528	0.262982
8	101	45.4955	2.78165	45.9272	0.261979
8	102	45.6889	2.78825	46.1158	0.261031
8	103	45.9052	2.81388	46.3314	0.260361
8	104	46.157	2.86046	46.5867	0.259935
8	105	46.4615	2.92697	46.8981	0.259637
8	106	46.7638	3.01298	47.2123	0.259754
8	107	47.0591	3.12135	47.5255	0.260362
8	108	47.3414	3.25021	47.8315	0.261446
8	109	47.6103	3.394	48.1285	0.262888
8	110	47.8688	3.55017	48.4188	0.264615
8	111	48.1187	3.72014	48.7046	0.266641
8	112	48.3583	3.9066	48.985	0.269024
8	113	48.5836	4.10931	49.2562	0.271776
8	114	48.7928	4.3247	49.5158	0.274832
8	115	48.9876	4.54997	49.7647	0.278127
8	116	49.1699	4.78554	50.005	0.281655
8	117	49.3389	5.03349	50.2366	0.285462
8	118	49.4909	5.29405	50.4562	0.289569
8	119	49.6235	5.56393	50.6609	0.293927
8	120	49.7383	5.83973	50.8512	0.298464
8	121	49.8377	6.12102	51.0295	0.303159
8	122	49.922	6.40948	51.1966	0.308045
8	123	49.9884	6.70575	51.3504	0.313151
9	0	-38.8538	6.23394	42.8329	2.77514
9	1	-38.9027	6.42317	42.9467	2.77144
9	2	-38.9528	6.61121	43.0617	2.76779
9	3	-39.0076	6.79594	43.1805	2.76427
9	4	-39.0629	6.97647	43.2987	2.76086
9	5	-39.1238	7.15683	43.4224	2.75753
9	6	-39.1864	7.33605	43.5478	2.75425
9	7	-39.2519	7.51237	43.6753	2.75108
9	8	-39.3179	7.68579	43.8026	2.74799
9	9	-39.3823	7.85633	43.9277	2.74497
9	10	-39.4547	8.02845	44.0612	2.742
9	11	-39.53	8.20229	44.1983	2.73904
9	12	-39.6125	8.373	44.3413	2.73623
9	13	-39.6961	8.54034	44.4843	2.73351
9	14	-39.7816	8.70162	44.6269	2.73096
9	15	-39.8675	8.85571	44.7673	2.72857
9	16	-39.9513	9.00301	44.9033	2.72631
9	17	-40.0446	9.13494	45.042	2.72447
9	18	-40.1191	9.26791	45.164	2.72244
9	19	-40.2111	9.36265	45.2866	2.72136
9	20	-40.3452	9.4104	45.4286	2.7216
9	21	-40.4719	9.47748	45.5716	2.72139
9	22	-40.6164	9.5254	45.7231	2.72172
9	23	-40.7796	9.57031	45.8905	2.72228
9	24	-40.974	9.59852	46.0795	2.72344
9	25	-41.2079	9.62227	46.303	2.72502
9	26	-41.4949	9.63166	46.5693	2.72733
9	27	-41.7812	9.62608	46.8293	2.7299
9	28	-42.0658	9.60554	47.0821	2.73272
9	29	-42.3499	9.57076	47.3291	2.73578
9	30	-42.6336	9.51968	47.5699	2.73912
9	31	-42.9149	9.45033	47.8019	2.74276
9	32	-43.1905	9.36339	48.0225	2.74666
9	33	-43.4591	9.26164	48.2317	2.75075
9	34	-43.7223	9.1463	48.4315	2.75502
9	35	-43.9809	9.01547	48.6222	2.75952
9	36	-44.2325	8.86625	48.8006	2.76428
9	37	-44.4725	8.69901	48.9627	2.76926
9	38	-44.6987	8.51806	49.1082	2.77437
9	39	-44.9129	8.32705	49.2402	2.77955
9	40	-45.1178	8.12618	49.3614	2.78482
9	41	-45.3137	7.91299	49.4712	2.79025
9	42	-45.4973	7.68554	49.566	2.79583
9	43	-45.6646	7.44567	49.643	2.80152
9	44	-45.8151	7.19751	49.7029	2.80723
9	45	-45.9512	6.94306	49.7488	2.81296
9	46	-46.0745	6.68121	49.7818	2.81874
9	47	-46.1831	6.41042	49.7997	2.82459
9	48	-46.2738	6.13199	49.8	2.83047
9	49	-46.3459	5.84983	49.7831	2.83631
9	50	-46.4021	5.56633	49.7523	2.84208
9	51	-46.4446	5.28072	49.7094	2.84783
9	52	-46.4725	4.9912	49.6532	2.85357
9	53	-46.4828	4.69802	49.5805	2.8593
9	54	-46.4735	4.40468	49.4907	2.86494
9	55	-46.4462	4.11454	49.386	2.87044
9	56	-46.4021	3.82917	49.2677	2.87578
9	57	-46.3411	3.54711	49.1354	2.88099
9	58	-46.2607	3.26841	48.9866	2.88607
9	59	-46.1591	2.9961	48.8201	2.89094
9	60	-46.0379	2.73388	48.6381	2.89554
9	61	-45.9004	2.48255	48.444	2.89988
9	62	-45.7484	2.24041	48.2388	2.904
9	63	-45.5803	2.00649	48.0208	2.90791
9	64	-45.3937	1.78281	47.7877	2.91156
9	65	-45.1886	1.57426	47.5408	2.91485
9	66	-44.9701	1.38323	47.2851	2.91775
9	67	-44.742	1.20946	47.0243	2.92027
9	68	-44.5446	1.07976	46.8033	2.92205
9	69	-44.3656	0.987219	46.6084	2.92315
9	70	-44.2001	0.913913	46.4311	2.92392
9	71	-44.0356	0.868274	46.2606	2.92412
9	72	-43.8727	0.823824	46.0919	2.9243
9	73	-43.7022	0.817458	45.9241	2.92363
9	74	-43.5264	0.850406	45.7595	2.9221
9	75	-43.3369	0.954028	45.5975	2.91897
9	76	-43.1432	1.04978	45.4298	2.91598
9	77	-42.954	1.15129	45.2683	2.91286
9	78	-42.7676	1.2533	45.1102	2.90972
9	79	-42.5813	1.35716	44.953	2.90652
9	80	-42.3972	1.46238	44.7987	2.90328
9	81	-42.2143	1.56843	44.6462	2.9
9	82	-42.0333	1.67589	44.4965	2.89668
9	83	-41.8554	1.78379	44.3502	2.89335
9	84	-41.6821	1.89104	44.2088	2.89003
9	85	-41.5139	1.99581	44.0723	2.88678
9	86	-41.345	2.10442	43.9364	2.88342
9	87	-41.1746	2.21566	43.8003	2.87997
9	88	-41.0029	2.33013	43.6644	2.87642
9	89	-40.83	2.44749	43.5285	2.87278
9	90	-40.6582	2.56882	43.3955	2.86903
9	91	-40.4886	2.6923	43.2657	2.86523
9	92	-40.3232	2.81836	43.1413	2.86137
9	93	-40.1605	2.94448	43.0201	2.85751
9	94	-40.0017	3.0729	42.904	2.8536
9	95	-39.8455	3.20254	42.7914	2.84966
9	96	-39.6951	3.33756	42.6866	2.84561
9	97	-39.5501	3.47046	42.587	2.84163
9	98	-39.4157	3.6062	42.499	2.83765
9	99	-39.2876	3.74018	42.4172	2.83373
9	100	-39.1712	3.8781	42.3484	2.82979
9	101	-39.0569	4.01277	42.2813	2.82593
9	102	-38.9585	4.15803	42.2332	2.82194
9	103	-38.8603	4.308	42.1874	2.81783
9	104	-38.7905	4.48227	42.1771	2.81339
9	105	-38.7191	4.66879	42.1701	2.80866
9	106	-38.6867	4.8621	42.2031	2.80408
9	107	-38.6611	5.05586	42.2435	2.79955
9	108	-38.6729	5.25512	42.3219	2.79521
9	109	-38.6896	5.45629	42.4063	2.79088
9	110	-38.7251	5.65536	42.5084	2.78677
9	111	-38.7639	5.85149	42.6133	2.78277
9	112	-38.8069	6.04357	42.7213	2.77891
17	0	44.3723	1.7612	44.5836	0.246395
17	1	44.4101	1.94038	44.6642	0.25008
17	2	44.4252	2.11064	44.7213	0.253685
17	3	44.4174	2.27741	44.7559	0.257335
17	4	44.4279	2.44418	44.8087	0.260875
17	5	44.3784	2.59697	44.8006	0.264455
17	6	44.2593	2.7465	44.7251	0.268378
17	7	44.1519	2.91009	44.6652	0.272548
17	8	44.0349	3.07047	44.5961	0.276717
17	9	43.9146	3.22968	44.5243	0.280895
17	10	43.7928	3.38817	44.4517	0.28508
17	11	43.6666	3.54761	44.3757	0.289328
17	12	43.5394	3.71107	44.3009	0.293684
17	13	43.4087	3.87637	44.2241	0.298117
17	14	43.2736	4.04211	44.1441	0.302605
17	15	43.1372	4.20622	44.0632	0.307083
17	16	43.0035	4.37072	43.9859	0.311566
17	17	42.8701	4.53307	43.9091	0.316017
17	18	42.7379	4.69444	43.8341	0.320454
17	19	42.6045	4.8533	43.7579	0.32486
17	20	42.4738	5.01294	43.6855	0.329277
17	21	42.3461	5.17267	43.6167	0.33369
17	22	42.2177	5.32771	43.5465	0.338019
17	23	42.087	5.48183	43.4748	0.342361
17	24	41.9553	5.63455	43.4024	0.346694
17	25	41.8253	5.78776	43.3326	0.351039
17	26	41.6941	5.93898	43.2618	0.355364
17	27	41.5603	6.08698	43.1883	0.359654
17	28	41.4264	6.23345	43.1149	0.363928
17	29	41.2922	6.37706	43.0409	0.368155
17	30	41.1592	6.51767	42.9678	0.372323
17	31	41.0256	6.65269	42.8929	0.376387
17	32	40.8913	6.78146	42.8156	0.380338
17	33	40.757	6.90595	42.7374	0.384209
17	34	40.6193	7.02428	42.6544	0.387991
17	35	40.479	7.13884	42.5683	0.391729
17	36	40.3318	7.24821	42.4743	0.395432
17	37	40.1696	7.34588	42.3625	0.399034
17	38	39.9941	7.43581	42.2359	0.402612
17	39	39.8079	7.50361	42.0914	0.405827
17	40	39.6229	7.55196	41.9407	0.408627
17	41	39.439	7.57885	41.7827	0.410966
17	42	39.2546	7.58986	41.6182	0.412979
17	43	39.0705	7.596	41.4521	0.414897
17	44	38.8865	7.59217	41.2822	0.416609
17	45	38.7019	7.58916	41.1123	0.418359
17	46	38.5163	7.57813	40.9382	0.419955
17	47	38.3298	7.56515	40.7627	0.42153
17	48	38.1427	7.5449	40.5838	0.42296
17	49	37.9543	7.5249	40.4038	0.424423
17	50	37.7724	7.47719	40.2184	0.425204
17	51	37.5933	7.4292	40.0355	0.425957
17	52	37.428	7.34368	39.8496	0.425717
17	53	37.2625	7.25203	39.661	0.425336
17	54	37.1195	7.14687	39.4874	0.424405
17	55	36.992	7.03633	39.3256	0.423178
17	56	36.878	6.91807	39.1732	0.42162
17	57	36.768	6.79775	39.0236	0.419961
17	58	36.665	6.6703	38.8777	0.418047
17	59	36.5611	6.53957	38.7298	0.416052
17	60	36.4592	6.40224	38.5812	0.413863
17	61	36.3605	6.25776	38.4328	0.411455
17	62	36.265	6.10689	38.2851	0.40884
17	63	36.173	5.95073	38.1387	0.406042
17	64	36.0897	5.78843	37.9982	0.402984
17	65	36.0094	5.62494	37.8604	0.399844
17	66	35.9345	5.45561	37.7258	0.396482
17	67	35.8585	5.28419	37.5897	0.393056
17	68	35.7858	5.10885	37.4556	0.389475
17	69	35.7162	4.92981	37.3235	0.385746
17	70	35.6488	4.74748	37.1927	0.381885
17	71	35.5883	4.56089	37.0673	0.377823
17	72	35.5319	4.37134	36.9454	0.373617
17	73	35.4816	4.1802	36.8291	0.369284
17	74	35.4357	3.98926	36.7178	0.364885
17	75	35.4082	3.79832	36.6243	0.360283
17	76	35.3859	3.60971	36.5373	0.355667
17	77	35.3902	3.41898	36.4754	0.350724
17	78	35.402	3.22439	36.4201	0.345595
17	79	35.4399	3.02225	36.3879	0.340016
17	80	35.4899	2.82713	36.3704	0.3345
17	81	35.5635	2.63987	36.3791	0.328973
17	82	35.6576	2.4565	36.4094	0.323372
17	83	35.7697	2.27801	36.4596	0.317753
17	84	35.8879	2.10347	36.5179	0.312201
17	85	36.0075	1.93241	36.5797	0.306747
17	86	36.1279	1.76416	36.6442	0.301378
17	87	36.249	1.59865	36.7112	0.296094
17	88	36.3694	1.43417	36.7789	0.29086
17	89	36.4911	1.27166	36.8494	0.285689
17	90	36.6143	1.11165	36.9229	0.28059
17	91	36.7378	0.954353	36.9985	0.275581
17	92	36.858	0.798416	37.0722	0.270651
17	93	36.9801	0.643936	37.149	0.265765
17	94	37.1043	0.491178	37.2292	0.260929
17	95	37.2302	0.339006	37.312	0.256119
17	96	37.3554	0.184547	37.3944	0.251275
17	97	37.4833	0.0298657	37.4803	0.246429
17	98	37.6154	-0.124289	37.5712	0.241592
17	99	37.7508	-0.278292	37.6663	0.236762
17	100	37.8832	-0.430906	37.7596	0.232011
17	101	38.0149	-0.580315	37.8538	0.22737
17	102	38.1462	-0.727096	37.9491	0.222821
17	103	38.2777	-0.872002	38.0456	0.218343
17	104	38.4086	-1.01337	38.1433	0.213981
17	105	38.5386	-1.15218	38.2411	0.209713
17	106	38.6656	-1.28534	38.3379	0.205626
17	107	38.7909	-1.41089	38.4352	0.201762
17	108	38.9219	-1.51872	38.5422	0.19834
17	109	39.0311	-1.63458	38.6266	0.194843
17	110	39.1573	-1.69289	38.7393	0.192735
17	111	39.3326	-1.68982	38.9119	0.19195
17	112	39.5143	-1.70811	39.0869	0.190603
17	113	39.7119	-1.7044	39.2816	0.189743
17	114	39.934	-1.6836	39.5036	0.1892
17	115	40.1927	-1.64616	39.7648	0.188901
17	116	40.5026	-1.58828	40.08	0.188867
17	117	40.8111	-1.51375	40.397	0.189246
17	118	41.1139	-1.41947	40.7121	0.190121
17	119	41.4066	-1.30724	41.0209	0.191459
17	120	41.6891	-1.18102	41.3223	0.193157
17	121	41.9635	-1.0422	41.6183	0.195165
17	122	42.2306	-0.889047	41.9102	0.197514
17	123	42.4882	-0.719641	42.1962	0.200252
17	124	42.733	-0.53537	42.4729	0.203358
17	125	42.9645	-0.339853	42.7393	0.206745
17	126	43.1849	-0.134981	42.9974	0.210356
17	127	43.3958	0.0806197	43.249	0.214213
17	128	43.5956	0.310157	43.4934	0.218393
17	129	43.7795	0.554821	43.7264	0.222944
17	130	43.9437	0.810922	43.9437	0.227802
17	131	44.089	1.07319	44.145	0.232846
17	132	44.2185	1.33933	44.333	0.238013
17	133	44.3106	1.56428	44.476	0.24244
18	0	-33.7034	0.219024	36.067	2.87987
18	1	-33.7601	0.409135	36.1714	2.8752
18	2	-33.8189	0.59939	36.2785	2.87057
18	3	-33.8855	0.787078	36.3933	2.86609
18	4	-33.9526	0.974379	36.5092	2.86165
18	5	-34.0257	1.15956	36.6309	2.85734
18	6	-34.1001	1.34496	36.7547	2.85307
18	7	-34.1815	1.52846	36.8852	2.84893
18	8	-34.2661	1.71114	37.0192	2.84486
18	9	-34.357	1.89227	37.1594	2.84091
18	10	-34.4509	2.0713	37.3025	2.83708
18	11	-34.5501	2.24693	37.45	2.8334
18	12	-34.6552	2.41746	37.6021	2.82992
18	13	-34.7685	2.57813	37.7594	2.82679
18	14	-34.8946	2.72867	37.926	2.82405
18	15	-35.0318	2.87277	38.1015	2.82158
18	16	-35.1892	3.00635	38.293	2.81956
18	17	-35.3529	3.12215	38.485	2.81805
18	18	-35.5287	3.21558	38.6813	2.81721
18	19	-35.7152	3.29256	38.8826	2.81686
18	20	-35.9095	3.35396	39.0864	2.81696
18	21	-36.1064	3.40683	39.2898	2.81728
18	22	-36.3035	3.45332	39.4915	2.81775
18	23	-36.5	3.49534	39.6912	2.81833
18	24	-36.6956	3.5342	39.889	2.81896
18	25	-36.8915	3.56725	40.0853	2.81973
18	26	-37.088	3.59763	40.2813	2.82056
18	27	-37.2863	3.61852	40.4761	2.82161
18	28	-37.4867	3.62989	40.67	2.8229
18	29	-37.6895	3.62186	40.8601	2.82464
18	30	-37.899	3.59204	41.0499	2.82692
18	31	-38.1145	3.5363	41.2378	2.82982
18	32	-38.3185	3.46292	41.4096	2.83302
18	33	-38.5135	3.3724	41.5682	2.83652
18	34	-38.7035	3.26638	41.7179	2.84031
18	35	-38.8919	3.15069	41.8638	2.84429
18	36	-39.0795	3.02878	42.0078	2.84837
18	37	-39.2666	2.90307	42.1509	2.85251
18	38	-39.4525	2.77645	42.2934	2.85663
18	39	-39.6361	2.6509	42.4347	2.86069
18	40	-39.8169	2.52795	42.5746	2.86464
18	41	-39.9944	2.40121	42.711	2.86863
18	42	-40.1731	2.27532	42.8495	2.87258
18	43	-40.3565	2.15371	42.9943	2.87644
18	44	-40.543	2.0343	43.1434	2.88025
18	45	-40.7257	1.90832	43.2876	2.88415
18	46	-40.9105	1.78632	43.4356	2.88795
18	47	-41.0978	1.66848	43.5876	2.89164
18	48	-41.2823	1.54568	43.7363	2.89541
18	49	-41.4709	1.42655	43.8905	2.89909
18	50	-41.6641	1.31021	44.0504	2.9027
18	51	-41.8559	1.18807	44.2082	2.90641
18	52	-42.0458	1.06737	44.365	2.91006
18	53	-42.2313	0.943582	44.5175	2.91372
18	54	-42.4141	0.825509	44.6691	2.91722
18	55	-42.5944	0.710607	44.8196	2.92061
18	56	-42.7711	0.594338	44.9667	2.924
18	57	-42.9439	0.480012	45.111	2.9273
18	58	-43.1093	0.36912	45.2493	2.93047
18	59	-43.26	0.253553	45.3727	2.93366
18	60	-43.4145	0.163079	45.5053	2.9363
18	61	-43.5129	0.0452851	45.5779	2.93927
18	62	-43.5679	-0.116965	45.5994	2.943
18	63	-43.6391	-0.276529	45.6381	2.94674
18	64	-43.6937	-0.454589	45.6575	2.9508
18	65	-43.7368	-0.659046	45.6616	2.95537
18	66	-43.7718	-0.901617	45.6517	2.96073
18	67	-43.7999	-1.19748	45.6271	2.96722
18	68	-43.8141	-1.49592	45.5903	2.97372
18	69	-43.8112	-1.79548	45.5383	2.9802
18	70	-43.7899	-2.09258	45.4704	2.98657
18	71	-43.7522	-2.3847	45.389	2.9928
18	72	-43.7008	-2.67227	45.2964	2.99891
18	73	-43.6356	-2.95696	45.1922	3.00494
18	74	-43.5542	-3.23905	45.0739	3.0109
18	75	-43.4542	-3.51603	44.9395	3.01672
18	76	-43.3368	-3.78431	44.7902	3.02234
18	77	-43.2053	-4.04276	44.6296	3.02774
18	78	-43.0623	-4.29297	44.4597	3.03296
18	79	-42.9076	-4.53672	44.28	3.03806
18	80	-42.7391	-4.77377	44.0884	3.04301
18	81	-42.5552	-5.00147	43.8835	3.04776
18	82	-42.3573	-5.21681	43.6668	3.05224
18	83	-42.1485	-5.41936	43.4411	3.05646
18	84	-41.9304	-5.6109	43.2079	3.06045
18	85	-41.7022	-5.79273	42.966	3.06423
18	86	-41.4618	-5.96375	42.7134	3.06779
18	87	-41.2088	-6.12078	42.4497	3.07104
18	88	-40.9459	-6.26155	42.1777	3.07393
18	89	-40.6764	-6.38716	41.9004	3.07649
18	90	-40.4011	-6.50021	41.6185	3.07877
18	91	-40.1185	-6.60148	41.3302	3.08078
18	92	-39.8272	-6.68871	41.0341	3.08247
18	93	-39.5285	-6.75864	40.7319	3.08376
18	94	-39.2264	-6.811	40.4273	3.08462
18	95	-38.9227	-6.84883	40.122	3.08513
18	96	-38.6171	-6.87424	39.8154	3.08533
18	97	-38.3524	-6.88061	39.5508	3.08511
18	98	-38.1151	-6.86824	39.3146	3.08446
18	99	-37.8952	-6.83567	39.0969	3.08331
18	100	-37.6878	-6.77585	38.8934	3.08146
18	101	-37.5081	-6.66723	38.7207	3.07838
18	102	-37.3487	-6.50296	38.5725	3.07387
18	103	-37.1833	-6.33658	38.419	3.06926
18	104	-37.0222	-6.16706	38.2711	3.06454
18	105	-36.8639	-5.99522	38.1269	3.05972
18	106	-36.7045	-5.82372	37.9825	3.05488
18	107	-36.5451	-5.65423	37.8388	3.05005
18	108	-36.3887	-5.48053	37.6994	3.04508
18	109	-36.2335	-5.30596	37.5622	3.04006
18	110	-36.0805	-5.13168	37.4282	3.03501
18	111	-35.929	-4.95896	37.2964	3.02998
18	112	-35.7794	-4.7866	37.1674	3.02492
18	113	-35.6315	-4.61331	37.0412	3.01981
18	114	-35.4844	-4.43934	36.9167	3.01465
18	115	-35.3372	-4.26604	36.7932	3.00947
18	116	-35.194	-4.09146	36.6747	3.00424
18	117	-35.052	-3.91867	36.5582	2.99902
18	118	-34.9108	-3.74745	36.4433	2.99382
18	119	-34.7722	-3.57511	36.3321	2.98857
18	120	-34.6341	-3.40237	36.2224	2.98327
18	121	-34.4977	-3.22794	36.1157	2.97791
18	122	-34.3654	-3.05108	36.0146	2.97246
18	123	-34.2389	-2.87613	35.9199	2.96707
18	124	-34.1181	-2.70328	35.8314	2.96173
18	125	-34.0022	-2.53194	35.7485	2.95644
18	126	-33.893	-2.36212	35.6729	2.9512
18	127	-33.7883	-2.19398	35.6024	2.946
18	128	-33.6882	-2.0247	35.5376	2.94078
18	129	-33.6085	-1.84573	35.4957	2.93539
18	130	-33.5376	-1.65532	35.4659	2.92973
18	131	-33.493	-1.44784	35.4665	2.92375
18	132	-33.4612	-1.25298	35.4781	2.91819
18	133	-33.4639	-1.06545	35.5228	2.91306
18	134	-33.4738	-0.883439	35.5742	2.90814
18	135	-33.5037	-0.704318	35.6451	2.90344
18	136	-33.534	-0.524159	35.7174	2.89874
18	137	-33.5704	-0.342942	35.7967	2.89407
18	138	-33.6102	-0.158975	35.8807	2.88937
18	139	-33.6563	0.0277728	35.9724	2.88467
25	0	38.3733	-1.98886	37.9134	0.189034
25	1	38.3224	-1.83042	37.8936	0.193393
25	2	38.2115	-1.66571	37.8168	0.198231
25	3	38.085	-1.51109	37.7236	0.20291
25	4	37.9629	-1.35498	37.6359	0.207626
25	5	37.8362	-1.20442	37.5433	0.212246
25	6	37.7141	-1.05319	37.4563	0.216879
25	7	37.5941	-0.899945	37.3724	0.221575
25	8	37.4679	-0.751545	37.2824	0.226202
25	9	37.3442	-0.60092	37.196	0.230894
25	10	37.2226	-0.44777	37.1131	0.235661
25	11	37.0951	-0.299218	37.0242	0.240367
25	12	36.9702	-0.149094	36.9391	0.245119
25	13	36.8487	0.00203992	36.8583	0.249897
25	14	36.7232	0.146457	36.7728	0.254546
25	15	36.6033	0.291295	36.6936	0.259189
25	16	36.4852	0.439778	36.618	0.263935
25	17	36.3607	0.584516	36.536	0.268648
25	18	36.2369	0.731424	36.456	0.273435
25	19	36.1124	0.879414	36.3765	0.278276
25	20	35.9841	1.02534	36.2936	0.283114
25	21	35.8541	1.17008	36.2097	0.287954
25	22	35.7233	1.3134	36.1254	0.292787
25	23	35.5938	1.45139	36.0416	0.29749
25	24	35.4664	1.58493	35.9593	0.302079
25	25	35.3387	1.71256	35.8757	0.306534
25	26	35.2101	1.83483	35.7904	0.310875
25	27	35.0816	1.95119	35.7039	0.31508
25	28	34.9549	2.06627	35.6195	0.319253
25	29	34.8203	2.17075	35.5247	0.323235
25	30	34.6797	2.26833	35.4226	0.327108
25	31	34.524	2.35262	35.3025	0.330786
25	32	34.3538	2.42932	35.1667	0.33442
25	33	34.1637	2.49117	35.0076	0.337872
25	34	33.9767	2.53859	34.8471	0.340934
25	35	33.7887	2.55475	34.6754	0.343186
25	36	33.6016	2.56761	34.5036	0.345363
25	37	33.4145	2.56015	34.3251	0.347003
25	38	33.2269	2.5537	34.1466	0.348694
25	39	33.0384	2.53822	33.9641	0.350162
25	40	32.8478	2.52077	33.7791	0.351612
25	41	32.6553	2.49589	33.5899	0.35289
25	42	32.4615	2.46526	33.3974	0.354036
25	43	32.2679	2.42594	33.2023	0.354946
25	44	32.0755	2.38066	33.0061	0.355685
25	45	31.8861	2.32713	32.8099	0.356167
25	46	31.6988	2.27029	32.6146	0.356535
25	47	31.5158	2.20519	32.4203	0.356624
25	48	31.3349	2.13696	32.227	0.3566
25	49	31.1625	2.05173	32.0357	0.355985
25	50	30.9945	1.95857	31.8458	0.355081
25	51	30.8391	1.83986	31.6588	0.353273
25	52	30.6864	1.70815	31.4701	0.351024
25	53	30.5571	1.56401	31.2993	0.34812
25	54	30.4452	1.41685	31.144	0.344905
25	55	30.3504	1.26026	31.0021	0.341184
25	56	30.2637	1.09969	30.8669	0.337223
25	57	30.1821	0.936011	30.736	0.333075
25	58	30.1045	0.769224	30.6085	0.328755
25	59	30.0317	0.599501	30.4851	0.324256
25	60	29.9629	0.426814	30.3652	0.319587
25	61	29.9	0.250479	30.2504	0.314707
25	62	29.8415	0.0716015	30.1397	0.309665
25	63	29.7893	-0.10924	30.0353	0.30446
25	64	29.7401	-0.294442	29.9333	0.29905
25	65	29.6928	-0.482398	29.8332	0.293496
25	66	29.65	-0.672447	29.7377	0.287795
25	67	29.6077	-0.862958	29.6436	0.282037
25	68	29.571	-1.0547	29.5555	0.276152
25	69	29.5348	-1.24677	29.4688	0.270216
25	70	29.5057	-1.44024	29.3897	0.264136
25	71	29.4786	-1.63389	29.3135	0.258
25	72	29.4574	-1.83156	29.2431	0.25165
25	73	29.4369	-2.03142	29.1742	0.245189
25	74	29.4231	-2.23271	29.1125	0.238598
25	75	29.4117	-2.43414	29.0545	0.231954
25	76	29.4065	-2.63545	29.0038	0.22524
25	77	29.404	-2.83649	28.9572	0.218492
25	78	29.4076	-3.03799	28.9176	0.211663
25	79	29.4138	-3.23962	28.882	0.204792
25	80	29.435	-3.43941	28.8629	0.197865
25	81	29.4617	-3.63662	28.851	0.190981
25	82	29.5116	-3.82866	28.8642	0.18412
25	83	29.5628	-4.02116	28.88	0.177243
25	84	29.6428	-4.20704	28.9266	0.17043
25	85	29.7175	-4.38308	28.971	0.164004
25	86	29.8213	-4.53213	29.0495	0.158359
25	87	29.9218	-4.67459	29.1267	0.152985
25	88	30.0392	-4.80008	29.2239	0.148129
25	89	30.1565	-4.92529	29.3218	0.143315
25	90	30.2807	-5.04567	29.4279	0.138663
25	91	30.4093	-5.16544	29.539	0.134045
25	92	30.5471	-5.27953	29.6606	0.129613
25	93	30.6882	-5.39429	29.786	0.12518
25	94	30.8368	-5.50318	29.92	0.120949
25	95	30.9878	-5.6108	30.0573	0.116788
25	96	31.1413	-5.71546	30.1978	0.112754
25	97	31.2976	-5.81993	30.3416	0.108753
25	98	31.4577	-5.92249	30.4898	0.104839
25	99	31.621	-6.0242	30.6418	0.10098
25	100	31.7863	-6.12703	30.7961	0.0971169
25	101	31.9544	-6.22951	30.9538	0.0932953
25	102	32.1245	-6.33182	31.1137	0.0895122
25	103	32.296	-6.43272	31.2758	0.0858086
25	104	32.4686	-6.53143	31.4394	0.0822103
25	105	32.642	-6.62684	31.6046	0.078751
25	106	32.8168	-6.72191	31.7716	0.0753352
25	107	32.9942	-6.81671	31.9416	0.0719574
25	108	33.1748	-6.91006	32.1152	0.068654
25	109	33.3597	-6.99817	32.2937	0.0655394
25	110	33.5502	-7.07435	32.479	0.0628147
25	111	33.7345	-7.1571	32.6579	0.0599314
25	112	33.916	-7.17552	32.8379	0.0590406
25	113	34.1068	-7.13215	33.0309	0.0600105
25	114	34.3054	-7.09751	33.2313	0.0606925
25	115	34.5092	-7.03847	33.4384	0.0620851
25	116	34.7237	-6.95439	33.6577	0.0641831
25	117	34.956	-6.84212	33.8969	0.0670487
25	118	35.2141	-6.69515	34.1645	0.0708348
25	119	35.4684	-6.53649	34.4297	0.0749089
25	120	35.7178	-6.36515	34.6915	0.0792959
25	121	35.9589	-6.18078	34.9468	0.0840087
25	122	36.1896	-5.98584	35.1935	0.0889783
25	123	36.4108	-5.78309	35.4323	0.094123
25	124	36.6245	-5.57314	35.6653	0.0994205
25	125	36.8311	-5.35483	35.8931	0.104901
25	126	37.0293	-5.12733	36.1146	0.110591
25	127	37.2173	-4.89178	36.3281	0.116465
25	128	37.3956	-4.65008	36.5339	0.122469
25	129	37.5654	-4.40263	36.7333	0.12859
25	130	37.7272	-4.1479	36.9272	0.134869
25	131	37.8788	-3.88425	37.1137	0.141359
25	132	38.0173	-3.61274	37.2899	0.148045
25	133	38.1408	-3.33668	37.4537	0.154848
25	134	38.2382	-3.08336	37.5897	0.161107
25	135	38.3039	-2.86482	37.6901	0.166551
25	136	38.3488	-2.67145	37.7669	0.171403
25	137	38.3708	-2.493	37.8194	0.175953
25	138	38.3801	-2.32318	37.8587	0.180326
25	139	38.3678	-2.15657	37.8768	0.184712
26	0	-27.0871	-5.90273	28.4044	3.02832
26	1	-27.1255	-5.71392	28.4645	3.02189
26	2	-27.1674	-5.52524	28.5293	3.0155
26	3	-27.215	-5.33769	28.6006	3.0092
26	4	-27.2653	-5.15068	28.6757	3.00297
26	5	-27.3197	-4.96451	28.7559	2.99682
26	6	-27.3793	-4.77984	28.842	2.99078
26	7	-27.4427	-4.59711	28.9326	2.98486
26	8	-27.5136	-4.41896	29.031	2.97918
26	9	-27.5881	-4.24494	29.133	2.9737
26	10	-27.6654	-4.07707	29.2377	2.96848
26	11	-27.7456	-3.91474	29.345	2.9635
26	12	-27.8267	-3.75552	29.4534	2.95867
26	13	-27.9169	-3.60236	29.5703	2.95413
26	14	-28.0138	-3.45191	29.6938	2.94976
26	15	-28.1302	-3.30917	29.8354	2.94581
26	16	-28.2606	-3.16844	29.991	2.94205
26	17	-28.4152	-3.03694	30.1687	2.9388
26	18	-28.5776	-2.92202	30.3511	2.93617
26	19	-28.7533	-2.83032	30.5418	2.9344
26	20	-28.9331	-2.74696	30.735	2.93295
26	21	-29.1183	-2.67686	30.9306	2.93197
26	22	-29.3039	-2.60798	31.1266	2.93105
26	23	-29.4924	-2.54426	31.3242	2.93032
26	24	-29.6837	-2.48269	31.5242	2.92968
26	25	-29.8793	-2.4248	31.7276	2.92919
26	26	-30.0797	-2.37111	31.9348	2.92887
26	27	-30.2843	-2.32187	32.1452	2.92872
26	28	-30.4922	-2.27817	32.3576	2.92876
26	29	-30.7015	-2.23953	32.5704	2.92895
26	30	-30.9118	-2.20568	32.7831	2.9293
26	31	-31.1231	-2.17615	32.9958	2.92977
26	32	-31.3357	-2.15224	33.2087	2.93042
26	33	-31.5499	-2.13687	33.4214	2.93131
26	34	-31.7653	-2.13441	33.6326	2.93257
26	35	-31.9802	-2.15092	33.8394	2.93437
26	36	-32.1934	-2.19326	34.0395	2.93688
26	37	-32.4059	-2.26409	34.2333	2.94016
26	38	-32.6198	-2.36194	34.4236	2.94419
26	39	-32.8168	-2.4738	34.5952	2.94848
26	40	-33.0033	-2.59732	34.7549	2.953
26	41	-33.1821	-2.73321	34.9054	2.95778
26	42	-33.3557	-2.88291	35.0491	2.96289
26	43	-33.526	-3.04311	35.1888	2.96823
26	44	-33.6917	-3.20952	35.3238	2.97368
26	45	-33.8522	-3.37895	35.4543	2.97914
26	46	-34.0081	-3.54773	35.5814	2.98453
26	47	-34.1604	-3.71357	35.7063	2.98979
26	48	-34.3111	-3.87798	35.8309	2.99496
26	49	-34.4611	-4.04499	35.9554	3.00016
26	50	-34.6106	-4.21441	36.08	3.0054
26	51	-34.759	-4.38539	36.2043	3.01063
26	52	-34.9061	-4.55657	36.3283	3.01583
26	53	-35.0518	-4.72718	36.4519	3.02098
26	54	-35.1971	-4.89714	36.5762	3.02607
26	55	-35.3423	-5.06726	36.7013	3.03113
26	56	-35.4873	-5.23827	36.827	3.03618
26	57	-35.631	-5.41034	36.9523	3.04122
26	58	-35.7722	-5.58268	37.076	3.04623
26	59	-35.9104	-5.75424	37.1977	3.05117
26	60	-36.0459	-5.92463	37.3177	3.05605
26	61	-36.1792	-6.09439	37.4364	3.06087
26	62	-36.3101	-6.26478	37.5536	3.06567
26	63	-36.4382	-6.43675	37.6687	3.07048
26	64	-36.5621	-6.60695	37.7806	3.07521
26	65	-36.6792	-6.77623	37.8867	3.07987
26	66	-36.783	-6.94741	37.9801	3.08454
26	67	-36.8941	-7.10644	38.0823	3.08887
26	68	-36.9485	-7.26841	38.1285	3.09319
26	69	-36.9524	-7.44441	38.1242	3.09781
26	70	-36.968	-7.6249	38.1323	3.10255
26	71	-36.9622	-7.81877	38.1195	3.10763
26	72	-36.9339	-8.0307	38.0846	3.11317
26	73	-36.8795	-8.27072	38.0241	3.11944
26	74	-36.7935	-8.55058	37.933	3.12676
26	75	-36.6916	-8.82776	37.828	3.13405
26	76	-36.5751	-9.09915	37.7104	3.14122
26	77	-36.4467	-9.36314	37.5828	-3.13494
26	78	-36.3081	-9.6208	37.4468	-3.12804
26	79	-36.1582	-9.87349	37.3012	-3.12121
26	80	-35.9945	-10.1203	37.1434	-3.11448
26	81	-35.8163	-10.3578	36.9726	-3.10792
26	82	-35.6266	-10.5837	36.7913	-3.10161
26	83	-35.4286	-10.799	36.6028	-3.09552
26	84	-35.2232	-11.0062	36.4077	-3.08957
26	85	-35.0085	-11.206	36.2043	-3.08375
26	86	-34.7827	-11.3966	35.9906	-3.07811
26	87	-34.5466	-11.5747	35.7667	-3.07272
26	88	-34.3031	-11.7395	35.5356	-3.06762
26	89	-34.0539	-11.8927	35.2988	-3.06277
26	90	-33.7983	-12.036	35.0556	-3.05812
26	91	-33.5343	-12.1681	34.8039	-3.0537
26	92	-33.2621	-12.286	34.5434	-3.04961
26	93	-32.985	-12.3879	34.2771	-3.04591
26	94	-32.7062	-12.4745	34.008	-3.04259
26	95	-32.4619	-12.5353	33.771	-3.04008
26	96	-32.2423	-12.5749	33.5566	-3.03825
26	97	-32.039	-12.5986	33.3569	-3.03691
26	98	-31.845	-12.6044	33.1646	-3.03613
26	99	-31.6581	-12.593	32.9776	-3.03587
26	100	-31.4832	-12.5433	32.7983	-3.03682
26	101	-31.3089	-12.4617	32.6165	-3.03875
26	102	-31.1374	-12.3668	32.4363	-3.04111
26	103	-30.9646	-12.2683	32.2546	-3.04362
26	104	-30.7902	-12.166	32.0711	-3.04626
26	105	-30.6157	-12.0606	31.8875	-3.04903
26	106	-30.4404	-11.9516	31.703	-3.05194
26	107	-30.2638	-11.8384	31.5172	-3.05502
26	108	-30.0859	-11.7207	31.3299	-3.05827
26	109	-29.9077	-11.5983	31.1423	-3.06171
26	110	-29.7301	-11.4723	30.9555	-3.06531
26	111	-29.554	-11.3442	30.7702	-3.06902
26	112	-29.3786	-11.2155	30.5862	-3.0728
26	113	-29.2031	-11.0866	30.4025	-3.07664
26	114	-29.027	-10.9566	30.2185	-3.08055
26	115	-28.8507	-10.8243	30.0348	-3.08459
26	116	-28.6756	-10.689	29.8525	-3.08878
26	117	-28.5004	-10.5511	29.6706	-3.09311
26	118	-28.3264	-10.4117	29.4903	-3.09754
26	119	-28.1542	-10.271	29.3123	-3.10208
26	120	-27.9825	-10.1279	29.1355	-3.10676
26	121	-27.8124	-9.98049	28.9607	-3.11164
26	122	-27.6473	-9.82738	28.7914	-3.11678
26	123	-27.4927	-9.66497	28.6334	-3.12232
26	124	-27.3544	-9.49095	28.4922	-3.12833
26	125	-27.2332	-9.30443	28.3691	-3.13485
26	126	-27.1278	-9.10634	28.2631	3.14135
26	127	-27.0473	-8.9099	28.1833	3.13438
26	128	-26.9859	-8.71335	28.124	3.12738
26	129	-26.9472	-8.51506	28.0888	3.1203
26	130	-26.924	-8.313	28.0708	3.11308
26	131	-26.9117	-8.10856	28.065	3.10579
26	132	-26.9035	-7.90246	28.0649	3.09844
26	133	-26.902	-7.69556	28.0732	3.09107
26	134	-26.9054	-7.48942	28.0876	3.08375
26	135	-26.9132	-7.28576	28.108	3.07653
26	136	-26.9272	-7.08372	28.1358	3.0694
26	137	-26.9446	-6.8835	28.1683	3.06235
26	138	-26.9672	-6.68501	28.2072	3.0554
26	139	-26.9915	-6.48741	28.2491	3.04851
26	140	-27.0205	-6.29085	28.2969	3.04169
26	141	-27.0522	-6.09553	28.3486	3.03494
32	0	33.7668	-10.9466	32.6829	-0.0561265
32	1	33.8015	-10.6397	32.7019	-0.0466966
32	2	33.8254	-10.3296	32.7127	-0.037195
32	3	33.8358	-10.0174	32.713	-0.0276449
32	4	33.8328	-9.7059	32.7028	-0.0181258
32	5	33.8193	-9.39684	32.6852	-0.00867919
32	6	33.7978	-9.08961	32.6625	0.000721
32	7	33.7709	-8.82436	32.6369	0.00884904
32	8	33.7362	-8.59005	32.6051	0.0160444
32	9	33.6949	-8.37723	32.5679	0.0225989
32	10	33.6352	-8.18178	32.5133	0.0286503
32	11	33.5529	-8.01293	32.4363	0.0339265
32	12	33.4305	-7.8833	32.3186	0.0380636
32	13	33.2773	-7.77563	32.1698	0.0415892
32	14	33.1261	-7.66072	32.0237	0.0453709
32	15	32.9686	-7.55057	31.8716	0.0490473
32	16	32.8087	-7.44159	31.7175	0.0527264
32	17	32.6465	-7.33217	31.5615	0.0564594
32	18	32.4816	-7.2207	31.4034	0.0602995
32	19	32.3136	-7.11043	31.2425	0.0641467
32	20	32.1417	-7.00121	31.0782	0.0680083
32	21	31.9664	-6.89215	30.911	0.0719138
32	22	31.7898	-6.78076	30.7431	0.0759407
32	23	31.6106	-6.66968	30.5731	0.0800081
32	24	31.4291	-6.55905	30.4013	0.0841123
32	25	31.247	-6.45021	30.2293	0.0882062
32	26	31.0655	-6.33942	30.0584	0.0924098
32	27	30.882	-6.22904	29.8862	0.0966542
32	28	30.6956	-6.11987	29.7115	0.100917
32	29	30.5076	-6.01057	29.5357	0.10524
32	30	30.3193	-5.90065	29.3603	0.109636
32	31	30.131	-5.79231	29.1852	0.114032
32	32	29.9427	-5.6867	29.0105	0.118388
32	33	29.7536	-5.58604	28.8349	0.122629
32	34	29.5623	-5.49315	28.6566	0.126662
32	35	29.3668	-5.41263	28.473	0.130335
32	36	29.1642	-5.34947	28.2805	0.13348
32	37	28.952	-5.30424	28.0762	0.136083
32	38	28.7292	-5.27626	27.8594	0.138163
32	39	28.5126	-5.26849	27.6459	0.13952
32	40	28.301	-5.28111	27.4346	0.140138
32	41	28.0934	-5.31344	27.2246	0.140027
32	42	27.8888	-5.35904	27.0156	0.139413
32	43	27.6869	-5.41467	26.808	0.138404
32	44	27.4868	-5.47621	26.6013	0.137151
32	45	27.2883	-5.54287	26.3956	0.135677
32	46	27.0906	-5.61333	26.1902	0.134032
32	47	26.894	-5.68885	25.9853	0.132163
32	48	26.6992	-5.76936	25.7816	0.130064
32	49	26.5071	-5.85531	25.5801	0.127706
32	50	26.3189	-5.94626	25.382	0.125096
32	51	26.1346	-6.04093	25.1874	0.122279
32	52	25.9538	-6.13877	24.9961	0.119277
32	53	25.7755	-6.23897	24.8072	0.116122
32	54	25.6002	-6.34438	24.6211	0.112694
32	55	25.428	-6.45621	24.4376	0.108939
32	56	25.2631	-6.58091	24.2603	0.104569
32	57	25.1107	-6.72337	24.0942	0.0993484
32	58	24.9722	-6.88849	23.9405	0.0930594
32	59	24.8444	-7.07178	23.7968	0.0858895
32	60	24.7396	-7.25522	23.6773	0.07855
32	61	24.6522	-7.43678	23.5766	0.0711639
32	62	24.5848	-7.62019	23.4969	0.0635817
32	63	24.5288	-7.80461	23.4301	0.0558783
32	64	24.4828	-7.99003	23.3745	0.0480679
32	65	24.4368	-8.17722	23.3203	0.0401448
32	66	24.3937	-8.36829	23.2703	0.0320152
32	67	24.3525	-8.56296	23.2237	0.0236936
32	68	24.3168	-8.76194	23.1842	0.0151497
32	69	24.287	-8.96424	23.1521	0.00643262
32	70	24.2637	-9.16817	23.1285	-0.00237815
32	71	24.2465	-9.37157	23.1127	-0.0111806
32	72	24.2309	-9.57757	23.1003	-0.0201053
32	73	24.2161	-9.78558	23.0906	-0.0291251
32	74	24.2014	-9.99561	23.083	-0.0382384
32	75	24.1877	-10.2079	23.0784	-0.047453
32	76	24.1754	-10.4225	23.0773	-0.0567669
32	77	24.1657	-10.6388	23.0809	-0.0661482
32	78	24.159	-10.8557	23.0895	-0.075542
32	79	24.1553	-11.0721	23.1032	-0.0848927
32	80	24.1535	-11.287	23.1207	-0.0941599
32	81	24.1539	-11.5	23.142	-0.103322
32	82	24.1566	-11.7111	23.1674	-0.112374
32	83	24.1605	-11.9256	23.1963	-0.121545
32	84	24.1654	-12.1433	23.2286	-0.130821
32	85	24.1719	-12.3634	23.2648	-0.140165
32	86	24.1803	-12.5849	23.305	-0.149525
32	87	24.1913	-12.8067	23.3499	-0.158847
32	88	24.2044	-13.0284	23.399	-0.168115
32	89	24.2198	-13.2502	23.4523	-0.177332
32	90	24.2373	-13.4727	23.5097	-0.186515
32	91	24.2571	-13.697	23.5717	-0.195711
32	92	24.2807	-13.9223	23.6398	-0.204865
32	93	24.3152	-14.1432	23.7194	-0.213688
32	94	24.3622	-14.3572	23.8116	-0.22205
32	95	24.4298	-14.5599	23.9228	-0.229693
32	96	24.5092	-14.7568	24.0456	-0.236915
32	97	24.6101	-14.9449	24.1883	-0.243497
32	98	24.708	-15.1164	24.3251	-0.249369
32	99	24.8273	-15.2566	24.4756	-0.253717
32	100	24.9467	-15.3827	24.623	-0.257457
32	101	25.0781	-15.4909	24.7777	-0.260331
32	102	25.2136	-15.5928	24.9349	-0.262881
32	103	25.3504	-15.6952	25.0937	-0.265403
32	104	25.4943	-15.7921	25.2581	-0.26761
32	105	25.6439	-15.8867	25.4274	-0.269645
32	106	25.796	-15.981	25.5991	-0.271611
32	107	25.9543	-16.068	25.775	-0.273215
32	108	26.1139	-16.1556	25.9524	-0.274806
32	109	26.2774	-16.2392	26.1324	-0.276186
32	110	26.4426	-16.3227	26.3142	-0.277529
32	111	26.6109	-16.4045	26.4985	-0.278755
32	112	26.7817	-16.486	26.6851	-0.279931
32	113	26.9554	-16.5664	26.8743	-0.281021
32	114	27.1305	-16.6474	27.065	-0.282104
32	115	27.3072	-16.7274	27.257	-0.283118
32	116	27.484	-16.807	27.4491	-0.284103
32	117	27.6613	-16.8846	27.6409	-0.284999
32	118	27.8382	-16.9613	27.8323	-0.285855
32	119	28.0156	-17.0361	28.0236	-0.286634
32	120	28.1946	-17.1116	28.2167	-0.287406
32	121	28.3757	-17.1874	28.4118	-0.288156
32	122	28.5594	-17.2609	28.6089	-0.288794
32	123	28.748	-17.3262	28.8082	-0.289105
32	124	28.9319	-17.407	29.0076	-0.289968
32	125	29.1071	-17.4209	29.1794	-0.288706
32	126	29.2868	-17.3871	29.3422	-0.285857
32	127	29.4614	-17.3189	29.4907	-0.281968
32	128	29.6409	-17.2425	29.6421	-0.27781
32	129	29.8247	-17.1431	29.792	-0.272907
32	130	30.0228	-17.0249	29.9513	-0.267327
32	131	30.2389	-16.8767	30.1213	-0.260684
32	132	30.4824	-16.693	30.3102	-0.252757
32	133	30.7214	-16.5004	30.4944	-0.244684
32	134	30.9548	-16.2984	30.673	-0.236451
32	135	31.1803	-16.0872	30.8438	-0.22808
32	136	31.3971	-15.8687	31.0067	-0.219635
32	137	31.6064	-15.6443	31.1632	-0.211143
32	138	31.8093	-15.4133	31.3143	-0.202572
32	139	32.0051	-15.1741	31.4592	-0.193871
32	140	32.1915	-14.9262	31.5956	-0.185038
32	141	32.3672	-14.6718	31.7227	-0.176135
32	142	32.5332	-14.4128	31.842	-0.167215
32	143	32.6913	-14.1495	31.9554	-0.158264
32	144	32.8418	-13.8801	32.0628	-0.149228
32	145	32.9826	-13.6034	32.1623	-0.140071
32	146	33.1113	-13.3206	32.2516	-0.130831
32	147	33.2279	-13.0345	32.3312	-0.121585
32	148	33.3346	-12.7464	32.4036	-0.112361
32	149	33.4332	-12.4556	32.4704	-0.103121
32	150	33.5234	-12.1604	32.5311	-0.0938077
32	151	33.6026	-11.86	32.5833	-0.0844019
32	152	33.6689	-11.5563	32.6252	-0.0749543
32	153	33.7228	-11.2516	32.6576	-0.0655286
33	0	-21.6583	-14.6379	23.4536	-2.9038
33	1	-21.6779	-14.4366	23.426	-2.91235
33	2	-21.7	-14.238	23.4033	-2.92082
33	3	-21.7262	-14.04	23.3863	-2.92933
33	4	-21.7546	-13.8422	23.3733	-2.93786
33	5	-21.7867	-13.6448	23.3657	-2.94641
33	6	-21.8211	-13.4471	23.3619	-2.955
33	7	-21.8615	-13.2498	23.3659	-2.96362
33	8	-21.9058	-13.0533	23.3756	-2.97223
33	9	-21.9587	-12.8596	23.3959	-2.98077
33	10	-22.0164	-12.6689	23.4232	-2.9892
33	11	-22.0808	-12.4844	23.4596	-2.99739
33	12	-22.1452	-12.3041	23.4981	-3.00538
33	13	-22.2179	-12.1296	23.5472	-3.01314
33	14	-22.294	-11.9569	23.6012	-3.02081
33	15	-22.3926	-11.7899	23.6797	-3.02831
33	16	-22.4989	-11.62	23.7668	-3.03592
33	17	-22.6286	-11.4645	23.88	-3.04297
33	18	-22.7613	-11.3156	23.9979	-3.04969
33	19	-22.9138	-11.188	24.1384	-3.05553
33	20	-23.0731	-11.0665	24.287	-3.06108
33	21	-23.2461	-10.9631	24.4514	-3.06586
33	22	-23.4211	-10.8624	24.6186	-3.07048
33	23	-23.6011	-10.7728	24.792	-3.0746
33	24	-23.7801	-10.6832	24.9648	-3.07866
33	25	-23.9619	-10.6009	25.1413	-3.08238
33	26	-24.1434	-10.519	25.3178	-3.08604
33	27	-24.3291	-10.4467	25.4993	-3.08927
33	28	-24.5152	-10.3771	25.6816	-3.09236
33	29	-24.7034	-10.3193	25.8668	-3.09495
33	30	-24.8895	-10.2634	26.0502	-3.09743
33	31	-25.0758	-10.2176	26.2343	-3.09948
33	32	-25.2607	-10.1765	26.4174	-3.10133
33	33	-25.4455	-10.1412	26.6007	-3.10294
33	34	-25.6311	-10.1101	26.785	-3.10436
33	35	-25.8197	-10.095	26.9729	-3.10518
33	36	-26.0139	-10.0893	27.1668	-3.10566
33	37	-26.2158	-10.1082	27.3692	-3.10523
33	38	-26.4273	-10.1446	27.5819	-3.10419
33	39	-26.6271	-10.1995	27.7836	-3.10248
33	40	-26.8156	-10.2692	27.9748	-3.10026
33	41	-26.9947	-10.3519	28.1573	-3.09759
33	42	-27.1696	-10.4432	28.3361	-3.09464
33	43	-27.3439	-10.5386	28.5148	-3.09158
33	44	-27.5179	-10.6381	28.6938	-3.08842
33	45	-27.6929	-10.7417	28.8742	-3.08516
33	46	-27.8692	-10.8508	29.0565	-3.08175
33	47	-28.048	-10.9646	29.242	-3.07824
33	48	-28.2286	-11.0834	29.4299	-3.07459
33	49	-28.4083	-11.2058	29.6176	-3.07088
33	50	-28.587	-11.3309	29.8049	-3.06711
33	51	-28.766	-11.4575	29.9931	-3.06335
33	52	-28.9463	-11.5856	30.183	-3.05959
33	53	-29.1286	-11.7154	30.3756	-3.05582
33	54	-29.3126	-11.8477	30.5704	-3.05202
33	55	-29.4973	-11.9824	30.7667	-3.0482
33	56	-29.682	-12.1185	30.9635	-3.04438
33	57	-29.8664	-12.2552	31.1605	-3.04059
33	58	-30.0514	-12.3923	31.3586	-3.03683
33	59	-30.2375	-12.5307	31.5584	-3.03309
33	60	-30.4248	-12.6714	31.7601	-3.02932
33	61	-30.6144	-12.815	31.9648	-3.02552
33	62	-30.8021	-12.9634	32.1686	-3.02162
33	63	-30.9753	-13.1232	32.36	-3.01735
33	64	-31.0977	-13.3	32.5037	-3.01242
33	65	-31.1764	-13.5023	32.6085	-3.00658
33	66	-31.2348	-13.7159	32.6957	-3.00035
33	67	-31.2803	-13.9436	32.7735	-2.99367
33	68	-31.3143	-14.1934	32.8449	-2.9863
33	69	-31.3362	-14.4759	32.9113	-2.97792
33	70	-31.3459	-14.7616	32.9686	-2.96942
33	71	-31.3415	-15.049	33.0148	-2.96082
33	72	-31.3225	-15.3352	33.0488	-2.95219
33	73	-31.2909	-15.6185	33.0723	-2.9436
33	74	-31.2485	-15.8995	33.0873	-2.93502
33	75	-31.1954	-16.1795	33.0939	-2.92641
33	76	-31.1296	-16.4588	33.0905	-2.91774
33	77	-31.0495	-16.7352	33.075	-2.90906
33	78	-30.956	-17.0062	33.0478	-2.90043
33	79	-30.8519	-17.2709	33.011	-2.89188
33	80	-30.7389	-17.5308	32.967	-2.8834
33	81	-30.6166	-17.7873	32.9154	-2.87491
33	82	-30.4829	-18.0403	32.8543	-2.86641
33	83	-30.3364	-18.2875	32.7816	-2.85794
33	84	-30.1781	-18.5265	32.6977	-2.84957
33	85	-30.0104	-18.7568	32.6045	-2.84133
33	86	-29.835	-18.9798	32.504	-2.83317
33	87	-29.6511	-19.1968	32.3957	-2.82507
33	88	-29.4571	-19.407	32.2779	-2.81701
33	89	-29.2527	-19.6081	32.1492	-2.80905
33	90	-29.0394	-19.7986	32.0108	-2.80125
33	91	-28.8195	-19.9787	31.8646	-2.79362
33	92	-28.5937	-20.1501	31.7116	-2.78611
33	93	-28.3609	-20.3134	31.5511	-2.77869
33	94	-28.12	-20.4672	31.3813	-2.77138
33	95	-27.8718	-20.6096	31.2023	-2.76425
33	96	-27.6187	-20.7399	31.0157	-2.75734
33	97	-27.3624	-20.8597	30.8237	-2.75062
33	98	-27.1031	-20.9704	30.6268	-2.74405
33	99	-26.8747	-21.055	30.4494	-2.73859
33	100	-26.6679	-21.1165	30.2836	-2.73404
33	101	-26.4752	-21.1563	30.1228	-2.73029
33	102	-26.291	-21.1738	29.961	-2.7273
33	103	-26.1174	-21.2024	29.8137	-2.72407
33	104	-25.9598	-21.1782	29.6599	-2.72267
33	105	-25.8037	-21.1008	29.4859	-2.72291
33	106	-25.6389	-21.0343	29.3082	-2.7227
33	107	-25.4762	-20.9551	29.1274	-2.72291
33	108	-25.3138	-20.8691	28.9441	-2.72334
33	109	-25.1496	-20.7798	28.7577	-2.72386
33	110	-24.9832	-20.6865	28.5678	-2.72449
33	111	-24.8137	-20.5899	28.3737	-2.72518
33	112	-24.6418	-20.4886	28.1755	-2.726
33	113	-24.4677	-20.3827	27.9735	-2.72695
33	114	-24.2928	-20.2722	27.7689	-2.72805
33	115	-24.1176	-20.1582	27.5627	-2.72928
33	116	-23.9425	-20.042	27.3557	-2.73061
33	117	-23.7669	-19.9243	27.1477	-2.732
33	118	-23.5902	-19.8049	26.9382	-2.73346
33	119	-23.4128	-19.6828	26.7269	-2.73501
33	120	-23.2355	-19.557	26.5143	-2.73673
33	121	-23.0604	-19.4266	26.3021	-2.73866
33	122	-22.8891	-19.2924	26.0919	-2.74082
33	123	-22.7218	-19.1551	25.8843	-2.74318
33	124	-22.5601	-19.0142	25.6807	-2.7458
33	125	-22.4111	-18.8665	25.4864	-2.74889
33	126	-22.2775	-18.7097	25.3032	-2.75259
33	127	-22.1573	-18.5411	25.1283	-2.75699
33	128	-22.0473	-18.3603	24.9588	-2.76205
33	129	-21.9499	-18.163	24.7957	-2.76799
33	130	-21.8705	-17.9624	24.649	-2.77439
33	131	-21.8101	-17.7575	24.5197	-2.7813
33	132	-21.765	-17.5485	24.4045	-2.78867
33	133	-21.731	-17.3375	24.3004	-2.79633
33	134	-21.7025	-17.1266	24.2029	-2.80413
33	135	-21.6789	-16.9159	24.1117	-2.81205
33	136	-21.6582	-16.7056	24.0247	-2.82006
33	137	-21.6405	-16.4956	23.9424	-2.82814
33	138	-21.6254	-16.2868	23.8644	-2.83627
33	139	-21.6162	-16.0772	23.7935	-2.84456
33	140	-21.6118	-15.8682	23.7289	-2.85292
33	141	-21.6121	-15.6606	23.6709	-2.86134
33	142	-21.6152	-15.4544	23.6177	-2.86976
33	143	-21.6214	-15.2494	23.5695	-2.87821
33	144	-21.6302	-15.045	23.5256	-2.8867
33	145	-21.6426	-14.841	23.487	-2.89523
38	0	29.2889	-20.3216	30.3027	-0.378882
38	1	29.2653	-20.0063	30.1655	-0.369461
38	2	29.2334	-19.6935	30.0241	-0.360128
38	3	29.1939	-19.382	29.8787	-0.350838
38	4	29.1502	-19.1152	29.7469	-0.34292
38	5	29.0997	-18.8832	29.6219	-0.336118
38	6	29.0392	-18.6783	29.4978	-0.330235
38	7	28.9643	-18.4954	29.368	-0.325173
38	8	28.9086	-18.3167	29.2585	-0.319994
38	9	28.8113	-18.196	29.1283	-0.31711
38	10	28.6667	-18.1147	28.9656	-0.316
38	11	28.5295	-18.0157	28.8044	-0.314213
38	12	28.3819	-17.9266	28.6365	-0.312846
38	13	28.2302	-17.8394	28.4655	-0.311574
38	14	28.0735	-17.7549	28.2904	-0.310427
38	15	27.9138	-17.6674	28.1116	-0.309201
38	16	27.7499	-17.5823	27.9296	-0.30808
38	17	27.5834	-17.4961	27.7448	-0.306941
38	18	27.4129	-17.4111	27.5566	-0.30587
38	19	27.2399	-17.3261	27.3661	-0.304812
38	20	27.0647	-17.2422	27.1738	-0.303802
38	21	26.8883	-17.1593	26.9807	-0.302824
38	22	26.7113	-17.0774	26.7874	-0.301879
38	23	26.5335	-16.9972	26.5937	-0.300987
38	24	26.3548	-16.9176	26.3995	-0.300115
38	25	26.1745	-16.8391	26.2041	-0.299287
38	26	25.9928	-16.7599	26.0071	-0.298436
38	27	25.8089	-16.6819	25.8084	-0.297641
38	28	25.6238	-16.6036	25.6085	-0.296839
38	29	25.4366	-16.5301	25.408	-0.296226
38	30	25.2497	-16.4562	25.2077	-0.295588
38	31	25.0612	-16.3911	25.0084	-0.295294
38	32	24.8743	-16.3289	24.8114	-0.295089
38	33	24.6847	-16.2856	24.6175	-0.295644
38	34	24.4961	-16.2579	24.429	-0.296808
38	35	24.3029	-16.258	24.2442	-0.299143
38	36	24.1048	-16.2699	24.0586	-0.302041
38	37	23.8988	-16.3022	23.8717	-0.3059
38	38	23.702	-16.3464	23.6976	-0.31018
38	39	23.5121	-16.4047	23.5348	-0.315004
38	40	23.3279	-16.4776	23.3826	-0.320408
38	41	23.1467	-16.5587	23.2366	-0.326176
38	42	22.9697	-16.6488	23.0982	-0.332329
38	43	22.7943	-16.7418	22.9632	-0.338646
38	44	22.6215	-16.8411	22.8337	-0.345264
38	45	22.448	-16.9414	22.7049	-0.352007
38	46	22.2755	-17.0464	22.5797	-0.359007
38	47	22.1014	-17.1531	22.4548	-0.366177
38	48	21.9274	-17.2646	22.3328	-0.373632
38	49	21.7527	-17.3802	22.2131	-0.381346
38	50	21.5794	-17.5016	22.0981	-0.389365
38	51	21.4062	-17.6271	21.9863	-0.397634
38	52	21.2341	-17.7568	21.8786	-0.406147
38	53	21.0636	-17.8896	21.7753	-0.41484
38	54	20.8958	-18.0252	21.6772	-0.423686
38	55	20.7308	-18.1635	21.5845	-0.432671
38	56	20.569	-18.3054	21.4981	-0.441819
38	57	20.4115	-18.4519	21.4193	-0.451145
38	58	20.2617	-18.6059	21.3525	-0.460698
38	59	20.124	-18.7709	21.3036	-0.47051
38	60	19.9992	-18.9494	21.2744	-0.480644
38	61	19.887	-19.1421	21.2651	-0.491119
38	62	19.793	-19.3413	21.2773	-0.501457
38	63	19.72	-19.5383	21.309	-0.511212
38	64	19.6651	-19.7345	21.358	-0.520484
38	65	19.6265	-19.9312	21.4232	-0.529344
38	66	19.595	-20.1274	21.4959	-0.537965
38	67	19.5702	-20.3241	21.5762	-0.546381
38	68	19.5474	-20.5213	21.6599	-0.554708
38	69	19.5292	-20.7223	21.751	-0.563003
38	70	19.513	-20.9267	21.8471	-0.571311
38	71	19.5026	-21.134	21.9513	-0.579512
38	72	19.4964	-21.3427	22.0611	-0.58758
38	73	19.4962	-21.5509	22.177	-0.595399
38	74	19.4994	-21.7567	22.2957	-0.602963
38	75	19.5039	-21.9649	22.4182	-0.610497
38	76	19.5088	-22.1749	22.5432	-0.618005
38	77	19.5162	-22.386	22.6722	-0.625406
38	78	19.5271	-22.5971	22.8052	-0.63263
38	79	19.5427	-22.8062	22.942	-0.639577
38	80	19.561	-23.0175	23.0833	-0.646451
38	81	19.5818	-23.2289	23.2278	-0.653176
38	82	19.6052	-23.4386	23.3742	-0.659691
38	83	19.6309	-23.6451	23.5216	-0.665959
38	84	19.6573	-23.8536	23.6716	-0.672196
38	85	19.685	-24.0633	23.8243	-0.678357
38	86	19.7157	-24.2733	23.9804	-0.684375
38	87	19.749	-24.4864	24.1414	-0.690342
38	88	19.7868	-24.7008	24.3075	-0.696152
38	89	19.8304	-24.9141	24.4781	-0.701697
38	90	19.8786	-25.125	24.6514	-0.706969
38	91	19.9314	-25.3335	24.8273	-0.711972
38	92	19.9899	-25.5388	25.006	-0.716659
38	93	20.0571	-25.7395	25.1887	-0.720916
38	94	20.1359	-25.9346	25.3768	-0.724639
38	95	20.2309	-26.1248	25.5741	-0.727746
38	96	20.3399	-26.3137	25.7813	-0.730405
38	97	20.4584	-26.4792	25.98	-0.732106
38	98	20.584	-26.6245	26.1706	-0.733029
38	99	20.7235	-26.7441	26.3543	-0.73286
38	100	20.8679	-26.8522	26.534	-0.732246
38	101	21.0192	-26.9481	26.7106	-0.731129
38	102	21.1716	-27.0415	26.8864	-0.729929
38	103	21.3277	-27.128	27.0605	-0.728467
38	104	21.4851	-27.2127	27.2343	-0.72694
38	105	21.6458	-27.2924	27.4074	-0.725215
38	106	21.8081	-27.3704	27.5807	-0.723429
38	107	21.9748	-27.4476	27.7567	-0.721539
38	108	22.1455	-27.5249	27.936	-0.719578
38	109	22.3199	-27.603	28.1187	-0.717582
38	110	22.4981	-27.6799	28.3036	-0.715487
38	111	22.6787	-27.7566	28.4903	-0.713362
38	112	22.8611	-27.8308	28.6768	-0.711154
38	113	23.0437	-27.9031	28.8624	-0.708923
38	114	23.226	-27.9718	29.0456	-0.706632
38	115	23.41	-28.0405	29.2303	-0.704333
38	116	23.596	-28.1086	29.4161	-0.702005
38	117	23.7838	-28.176	29.6031	-0.699644
38	118	23.9735	-28.2425	29.7912	-0.697253
38	119	24.1655	-28.3087	29.981	-0.694831
38	120	24.3589	-28.3741	30.1715	-0.692395
38	121	24.5552	-28.4329	30.3603	-0.689759
38	122	24.7535	-28.4742	30.5396	-0.686668
38	123	24.9437	-28.4594	30.6776	-0.682366
38	124	25.1384	-28.388	30.7842	-0.676578
38	125	25.3301	-28.2882	30.8718	-0.670167
38	126	25.5267	-28.1669	30.9513	-0.663152
38	127	25.7347	-28.0199	31.0257	-0.655291
38	128	25.9622	-27.8411	31.0985	-0.646273
38	129	26.2022	-27.6391	31.1698	-0.636463
38	130	26.4377	-27.4285	31.2356	-0.626559
38	131	26.6662	-27.2075	31.2927	-0.616556
38	132	26.8846	-26.9769	31.3391	-0.606524
38	133	27.0926	-26.7398	31.3764	-0.596537
38	134	27.2924	-26.4977	31.4072	-0.586585
38	135	27.4855	-26.2496	31.4324	-0.576611
38	136	27.6713	-25.9937	31.4501	-0.566568
38	137	27.847	-25.7295	31.4582	-0.556482
38	138	28.0113	-25.4593	31.4565	-0.546431
38	139	28.1654	-25.1854	31.4475	-0.536444
38	140	28.3117	-24.9083	31.4332	-0.526485
38	141	28.4508	-24.6261	31.4132	-0.516495
38	142	28.5809	-24.3375	31.3853	-0.506452
38	143	28.6992	-24.043	31.3475	-0.496407
38	144	28.8053	-23.7455	31.3007	-0.486432
38	145	28.9015	-23.4465	31.2475	-0.476534
38	146	28.9899	-23.1454	31.1894	-0.466658
38	147	29.07	-22.8403	31.1253	-0.456745
38	148	29.1392	-22.5299	31.052	-0.446791
38	149	29.1944	-22.2158	30.9676	-0.436873
38	150	29.2359	-21.9013	30.8736	-0.427074
38	151	29.2665	-21.5876	30.7729	-0.417382
38	152	29.2883	-21.2735	30.667	-0.407732
38	153	29.3007	-20.9574	30.5545	-0.398074
38	154	29.3013	-20.6393	30.4331	-0.388432
39	0	-16.1748	-24.7172	23.3051	-2.40798
39	1	-16.1934	-24.4858	23.1646	-2.41594
39	2	-16.2152	-24.2565	23.0296	-2.42402
39	3	-16.2414	-24.0249	22.8978	-2.43239
39	4	-16.2702	-23.7944	22.7704	-2.4409
39	5	-16.3021	-23.5644	22.6473	-2.44956
39	6	-16.3385	-23.3351	22.5299	-2.45843
39	7	-16.381	-23.1075	22.4201	-2.4675
39	8	-16.4301	-22.8831	22.3194	-2.47673
39	9	-16.485	-22.6627	22.2276	-2.48606
39	10	-16.5423	-22.4468	22.1424	-2.49537
39	11	-16.6026	-22.2341	22.0634	-2.50471
39	12	-16.6677	-22.0232	21.9913	-2.51418
39	13	-16.745	-21.8157	21.9331	-2.5239
39	14	-16.8376	-21.61	21.8905	-2.53402
39	15	-16.9485	-21.407	21.8669	-2.54454
39	16	-17.067	-21.2257	21.864	-2.55444
39	17	-17.1974	-21.0666	21.8854	-2.56379
39	18	-17.3357	-20.9261	21.9254	-2.57261
39	19	-17.4879	-20.807	21.9902	-2.5809
39	20	-17.6422	-20.6941	22.0615	-2.58895
39	21	-17.8029	-20.5907	22.1447	-2.59673
39	22	-17.9644	-20.4873	22.2299	-2.60448
39	23	-18.1312	-20.3887	22.3234	-2.6121
39	24	-18.3009	-20.2897	22.4205	-2.61973
39	25	-18.4764	-20.1949	22.526	-2.62726
39	26	-18.6557	-20.1014	22.6368	-2.63475
39	27	-18.8401	-20.0134	22.7559	-2.64207
39	28	-19.0271	-19.928	22.8798	-2.64926
39	29	-19.2172	-19.848	23.01	-2.65623
39	30	-19.4088	-19.7703	23.1438	-2.66306
39	31	-19.6027	-19.697	23.2827	-2.66969
39	32	-19.7987	-19.6265	23.4257	-2.67618
39	33	-19.9976	-19.5602	23.5741	-2.68248
39	34	-20.1991	-19.4988	23.728	-2.68856
39	35	-20.4038	-19.4472	23.8898	-2.69425
39	36	-20.6104	-19.4075	24.0592	-2.69945
39	37	-20.8192	-19.3862	24.2391	-2.70393
39	38	-21.0319	-19.3804	24.4295	-2.70784
39	39	-21.2488	-19.3943	24.6323	-2.71103
39	40	-21.4517	-19.4198	24.8274	-2.7135
39	41	-21.6389	-19.4674	25.0174	-2.71488
39	42	-21.8182	-19.5244	25.2043	-2.71576
39	43	-21.9905	-19.5982	25.3917	-2.71592
39	44	-22.1623	-19.6761	25.5804	-2.71592
39	45	-22.3345	-19.7599	25.7718	-2.71572
39	46	-22.5084	-19.8491	25.967	-2.71536
39	47	-22.6814	-19.9454	26.1643	-2.71474
39	48	-22.8553	-20.0447	26.3637	-2.71404
39	49	-23.0284	-20.1496	26.5647	-2.71315
39	50	-23.2028	-20.2563	26.7678	-2.71223
39	51	-23.3782	-20.3665	26.9731	-2.71122
39	52	-23.5559	-20.4789	27.1815	-2.71019
39	53	-23.7357	-20.5947	27.3933	-2.7091
39	54	-23.9176	-20.7135	27.6083	-2.70795
39	55	-24.1011	-20.835	27.8258	-2.70676
39	56	-24.2856	-20.9583	28.0451	-2.70554
39	57	-24.4711	-21.0829	28.2659	-2.70432
39	58	-24.6581	-21.2085	28.4885	-2.70311
39	59	-24.8465	-21.3361	28.7133	-2.70187
39	60	-25.035	-21.4676	28.9399	-2.70053
39	61	-25.2197	-21.6069	29.1664	-2.69892
39	62	-25.4025	-21.7427	29.3898	-2.6974
39	63	-25.5295	-21.9036	29.5737	-2.69434
39	64	-25.6095	-22.0971	29.7299	-2.68963
39	65	-25.6967	-22.2913	29.8934	-2.68506
39	66	-25.7667	-22.5007	30.0491	-2.67983
39	67	-25.8216	-22.7309	30.2013	-2.67382
39	68	-25.8628	-22.99	30.3556	-2.66681
39	69	-25.8916	-23.2885	30.5187	-2.65854
39	70	-25.909	-23.5905	30.6755	-2.65009
39	71	-25.9133	-23.8953	30.8243	-2.64144
39	72	-25.903	-24.2	30.9626	-2.63264
39	73	-25.8796	-24.5019	31.0904	-2.6238
39	74	-25.8458	-24.8009	31.2103	-2.61494
39	75	-25.8028	-25.0985	31.324	-2.60603
39	76	-25.7492	-25.3959	31.4309	-2.59702
39	77	-25.6831	-25.692	31.5291	-2.58791
39	78	-25.6045	-25.9843	31.6173	-2.57873
39	79	-25.5155	-26.2719	31.6968	-2.56956
39	80	-25.418	-26.5556	31.7698	-2.56039
39	81	-25.3119	-26.837	31.8369	-2.55118
39	82	-25.1947	-27.1163	31.8964	-2.54186
39	83	-25.0644	-27.3915	31.9456	-2.53244
39	84	-24.9215	-27.6597	31.9832	-2.52301
39	85	-24.7688	-27.92	32.0112	-2.51362
39	86	-24.6082	-28.174	32.0319	-2.50426
39	87	-24.4393	-28.4232	32.0458	-2.49487
39	88	-24.2602	-28.6672	32.0514	-2.48543
39	89	-24.0702	-28.9039	32.0467	-2.47596
39	90	-23.8708	-29.1313	32.0318	-2.46653
39	91	-23.6645	-29.3501	32.0088	-2.45716
39	92	-23.4519	-29.5618	31.9793	-2.44783
39	93	-23.2322	-29.7672	31.9431	-2.43849
39	94	-23.0039	-29.9652	31.8984	-2.42913
39	95	-22.7676	-30.1537	31.8443	-2.4198
39	96	-22.5252	-30.3324	31.7817	-2.41054
39	97	-22.2781	-30.5025	31.7126	-2.40134
39	98	-22.0262	-30.6653	31.6378	-2.39217
39	99	-21.7682	-30.8202	31.5557	-2.38301
39	100	-21.5392	-30.9447	31.4761	-2.37513
39	101	-21.3308	-31.042	31.3943	-2.36829
39	102	-21.1396	-31.1256	31.3164	-2.36212
39	103	-20.9528	-31.1797	31.222	-2.35668
39	104	-20.7774	-31.2112	31.1206	-2.35198
39	105	-20.6144	-31.1764	30.9812	-2.34904
39	106	-20.454	-31.1094	30.8209	-2.34686
39	107	-20.2888	-31.0495	30.6626	-2.34438
39	108	-20.1256	-30.9793	30.4984	-2.34216
39	109	-19.9603	-30.9065	30.3311	-2.33993
39	110	-19.7921	-30.8304	30.1595	-2.33767
39	111	-19.6208	-30.75	29.9828	-2.33542
39	112	-19.4458	-30.6661	29.8012	-2.33313
39	113	-19.2694	-30.5754	29.6138	-2.33094
39	114	-19.0905	-30.4815	29.4226	-2.32873
39	115	-18.9117	-30.3822	29.2276	-2.32663
39	116	-18.7317	-30.2813	29.0308	-2.3245
39	117	-18.5513	-30.1774	28.8317	-2.3224
39	118	-18.3694	-30.0721	28.6306	-2.32027
39	119	-18.1866	-29.9637	28.4268	-2.31816
39	120	-18.0034	-29.852	28.2204	-2.31609
39	121	-17.8209	-29.7363	28.0117	-2.3141
39	122	-17.6387	-29.6182	27.8014	-2.31215
39	123	-17.4582	-29.4978	27.5908	-2.31028
39	124	-17.2809	-29.3745	27.3802	-2.30852
39	125	-17.1086	-29.2464	27.1696	-2.307
39	126	-16.9451	-29.1091	26.958	-2.30593
39	127	-16.7986	-28.9568	26.7468	-2.30569
39	128	-16.6683	-28.7849	26.532	-2.30639
39	129	-16.5501	-28.5956	26.3123	-2.30788
39	130	-16.4448	-28.3848	26.0855	-2.31032
39	131	-16.3594	-28.1701	25.8695	-2.31348
39	132	-16.2945	-27.9503	25.6639	-2.31741
39	133	-16.2479	-27.7251	25.4672	-2.32207
39	134	-16.2142	-27.4969	25.2778	-2.32726
39	135	-16.1883	-27.2675	25.0936	-2.33278
39	136	-16.1683	-27.0371	24.9135	-2.33859
39	137	-16.1526	-26.8059	24.7367	-2.34462
39	138	-16.1401	-26.5745	24.5629	-2.35084
39	139	-16.131	-26.3439	24.3931	-2.35723
39	140	-16.1276	-26.1119	24.2274	-2.3639
39	141	-16.1289	-25.8798	24.066	-2.37082
39	142	-16.1334	-25.6478	23.9082	-2.37791
39	143	-16.14	-25.4158	23.7531	-2.38515
39	144	-16.1486	-25.1831	23.6004	-2.39257
39	145	-16.16	-24.95	23.4506	-2.40018
43	0	25.1756	-32.4285	33.4894	-0.770089
43	1	25.1811	-32.091	33.2593	-0.762692
43	2	25.171	-31.7539	33.0199	-0.755521
43	3	25.1479	-31.4198	32.7748	-0.748585
43	4	25.1148	-31.088	32.5255	-0.741804
43	5	25.0715	-30.7567	32.2704	-0.735141
43	6	25.014	-30.4259	32.0066	-0.72868
43	7	24.944	-30.1426	31.7662	-0.723492
43	8	24.8604	-29.8985	31.5422	-0.719448
43	9	24.763	-29.6857	31.3288	-0.716387
43	10	24.6777	-29.4846	31.1326	-0.713313
43	11	24.5589	-29.342	30.9495	-0.712342
43	12	24.3963	-29.2488	30.7655	-0.713502
43	13	24.2397	-29.144	30.5785	-0.714266
43	14	24.0752	-29.0473	30.3909	-0.715405
43	15	23.9047	-28.9543	30.2013	-0.716785
43	16	23.729	-28.8605	30.0073	-0.718274
43	17	23.5471	-28.7696	29.8105	-0.719994
43	18	23.3612	-28.6803	29.6119	-0.721867
43	19	23.1706	-28.5941	29.4119	-0.723948
43	20	22.9782	-28.5101	29.2122	-0.726157
43	21	22.7835	-28.4283	29.0124	-0.728504
43	22	22.587	-28.3464	28.8113	-0.730923
43	23	22.3876	-28.2643	28.6082	-0.733441
43	24	22.1848	-28.182	28.4025	-0.736066
43	25	21.9801	-28.1021	28.1973	-0.738844
43	26	21.7738	-28.0251	27.993	-0.741771
43	27	21.5668	-27.9508	27.7904	-0.744833
43	28	21.3599	-27.8788	27.5895	-0.747999
43	29	21.1528	-27.8093	27.3906	-0.75128
43	30	20.945	-27.7435	27.194	-0.754728
43	31	20.7356	-27.6847	27.0014	-0.758453
43	32	20.5244	-27.638	26.8162	-0.762607
43	33	20.3131	-27.6151	26.6479	-0.767462
43	34	20.0986	-27.6176	26.4956	-0.773152
43	35	19.8806	-27.64	26.3558	-0.779537
43	36	19.6568	-27.6839	26.2282	-0.786725
43	37	19.4444	-27.744	26.1214	-0.79411
43	38	19.2413	-27.8213	26.035	-0.801752
43	39	19.0447	-27.9146	25.9662	-0.809694
43	40	18.8518	-28.0191	25.9097	-0.817866
43	41	18.661	-28.131	25.8617	-0.826209
43	42	18.4726	-28.2491	25.8219	-0.834672
43	43	18.2874	-28.3721	25.7896	-0.843195
43	44	18.1064	-28.4983	25.7643	-0.851702
43	45	17.9301	-28.6289	25.7474	-0.860194
43	46	17.7583	-28.7618	25.737	-0.868619
43	47	17.5905	-28.8955	25.7315	-0.876957
43	48	17.4253	-29.0288	25.7293	-0.885204
43	49	17.2635	-29.1624	25.7312	-0.89336
43	50	17.1048	-29.2994	25.7392	-0.9015
43	51	16.9517	-29.4403	25.7556	-0.909558
43	52	16.8032	-29.5822	25.7772	-0.917483
43	53	16.661	-29.7255	25.8054	-0.925236
43	54	16.5241	-29.8694	25.8386	-0.932819
43	55	16.39	-30.0126	25.8746	-0.940276
43	56	16.2588	-30.1579	25.9153	-0.947671
43	57	16.136	-30.3109	25.9685	-0.95495
43	58	16.0161	-30.4679	26.0282	-0.962195
43	59	15.9102	-30.64	26.1094	-0.969289
43	60	15.8111	-30.8223	26.2043	-0.976346
43	61	15.7367	-31.0101	26.3187	-0.982683
43	62	15.6719	-31.1968	26.4386	-0.988641
43	63	15.625	-31.3871	26.5722	-0.994055
43	64	15.5821	-31.5771	26.7083	-0.99928
43	65	15.5488	-31.7682	26.8514	-1.00417
43	66	15.5183	-31.9594	26.9966	-1.00893
43	67	15.4927	-32.1537	27.1477	-1.01354
43	68	15.4706	-32.3509	27.3038	-1.01805
43	69	15.4557	-32.5504	27.466	-1.02232
43	70	15.4469	-32.75	27.6319	-1.02636
43	71	15.4438	-32.9523	27.8035	-1.03022
43	72	15.4462	-33.1553	27.979	-1.03388
43	73	15.453	-33.357	28.156	-1.03734
43	74	15.4627	-33.5608	28.3365	-1.0407
43	75	15.4745	-33.7662	28.5198	-1.04399
43	76	15.4907	-33.9722	28.7063	-1.04711
43	77	15.5119	-34.1775	28.8948	-1.05002
43	78	15.5374	-34.3857	29.0881	-1.05282
43	79	15.568	-34.5947	29.285	-1.05545
43	80	15.604	-34.8026	29.4838	-1.05786
43	81	15.6457	-35.0074	29.6827	-1.06002
43	82	15.6904	-35.2133	29.8843	-1.06209
43	83	15.7392	-35.4195	30.0882	-1.06401
43	84	15.7922	-35.625	30.2936	-1.06577
43	85	15.85	-35.8321	30.5028	-1.0674
43	86	15.912	-36.0392	30.7142	-1.06888
43	87	15.979	-36.2443	30.9263	-1.07017
43	88	16.0492	-36.4481	31.1387	-1.07134
43	89	16.1263	-36.6478	31.351	-1.07223
43	90	16.2079	-36.8436	31.562	-1.07293
43	91	16.3032	-37.0302	31.7715	-1.0731
43	92	16.411	-37.2075	31.9787	-1.07278
43	93	16.5405	-37.3738	32.1867	-1.07172
43	94	16.6829	-37.5375	32.3986	-1.07027
43	95	16.8362	-37.6736	32.5916	-1.06815
43	96	16.9919	-37.7932	32.7716	-1.06574
43	97	17.1628	-37.8791	32.9296	-1.06247
43	98	17.3359	-37.9576	33.0826	-1.05905
43	99	17.5154	-38.0185	33.2238	-1.05524
43	100	17.6944	-38.0806	33.3664	-1.05149
43	101	17.877	-38.1357	33.5052	-1.04757
43	102	18.0614	-38.1904	33.6449	-1.04364
43	103	18.2498	-38.2408	33.7835	-1.03957
43	104	18.4423	-38.2899	33.9236	-1.03541
43	105	18.6383	-38.3349	34.0626	-1.03113
43	106	18.8373	-38.3772	34.2016	-1.02678
43	107	19.0393	-38.4159	34.3396	-1.02233
43	108	19.2415	-38.4502	34.4746	-1.01784
43	109	19.4434	-38.4806	34.6068	-1.01334
43	110	19.6452	-38.5078	34.737	-1.00882
43	111	19.8473	-38.5322	34.8657	-1.00429
43	112	20.0503	-38.5532	34.9927	-0.999718
43	113	20.2543	-38.5701	35.1176	-0.99509
43	114	20.4608	-38.5836	35.2418	-0.990384
43	115	20.6686	-38.593	35.364	-0.985614
43	116	20.8767	-38.598	35.4835	-0.980805
43	117	21.0856	-38.5998	35.6016	-0.975958
43	118	21.2952	-38.5992	35.719	-0.971087
43	119	21.5061	-38.5963	35.8361	-0.966184
43	120	21.7189	-38.5899	35.9522	-0.961213
43	121	21.9331	-38.5738	36.0622	-0.956086
43	122	22.1491	-38.568	36.1824	-0.951116
43	123	22.3457	-38.5082	36.2485	-0.945743
43	124	22.5323	-38.3902	36.2626	-0.939667
43	125	22.7089	-38.2481	36.2528	-0.933421
43	126	22.8833	-38.0857	36.2268	-0.926883
43	127	23.061	-37.8981	36.1844	-0.919845
43	128	23.2478	-37.678	36.1235	-0.912037
43	129	23.4508	-37.415	36.0413	-0.903118
43	130	23.6458	-37.1431	35.95	-0.894175
43	131	23.8301	-36.8613	35.8471	-0.885244
43	132	24.0007	-36.5719	35.7324	-0.876422
43	133	24.1587	-36.2783	35.6093	-0.867736
43	134	24.3073	-35.981	35.4799	-0.859123
43	135	24.4469	-35.6777	35.3427	-0.850526
43	136	24.5751	-35.3671	35.1951	-0.841967
43	137	24.6893	-35.0512	35.0367	-0.833532
43	138	24.7904	-34.7331	34.8704	-0.825251
43	139	24.8814	-34.413	34.6981	-0.817066
43	140	24.9626	-34.0888	34.5184	-0.808925
43	141	25.0314	-33.7596	34.3289	-0.800855
43	142	25.0855	-33.4276	34.1292	-0.792944
43	143	25.1263	-33.0955	33.9223	-0.785218
43	144	25.1564	-32.7632	33.7096	-0.777614
44	0	-10.1447	-36.4609	29.5827	-1.962
44	1	-10.1449	-36.2308	29.3702	-1.965
44	2	-10.1482	-36.001	29.1594	-1.96813
44	3	-10.1542	-35.7704	28.9493	-1.9714
44	4	-10.1637	-35.5383	28.7395	-1.97486
44	5	-10.1782	-35.3048	28.5307	-1.97854
44	6	-10.199	-35.0707	28.3242	-1.98249
44	7	-10.2269	-34.8375	28.1219	-1.98672
44	8	-10.2613	-34.6063	27.9246	-1.99119
44	9	-10.3006	-34.3763	27.731	-1.99587
44	10	-10.3444	-34.147	27.5405	-2.00075
44	11	-10.3933	-33.9179	27.353	-2.00587
44	12	-10.4498	-33.6888	27.1695	-2.01131
44	13	-10.5174	-33.4609	26.9926	-2.01717
44	14	-10.6009	-33.2356	26.826	-2.02361
44	15	-10.7095	-33.0169	26.6775	-2.03085
44	16	-10.8619	-32.8022	26.5538	-2.03959
44	17	-11.0794	-32.576	26.452	-2.05078
44	18	-11.2387	-32.3851	26.3572	-2.05949
44	19	-11.3795	-32.2215	26.2796	-2.06714
44	20	-11.5142	-32.0697	26.2109	-2.07442
44	21	-11.6568	-31.9208	26.1501	-2.08195
44	22	-11.8119	-31.7714	26.0965	-2.08993
44	23	-11.9856	-31.6209	26.053	-2.09859
44	24	-12.1667	-31.4799	26.0233	-2.10733
44	25	-12.3554	-31.3483	26.0078	-2.11615
44	26	-12.5517	-31.2241	26.0044	-2.12508
44	27	-12.7506	-31.1052	26.009	-2.13399
44	28	-12.9506	-30.9894	26.0189	-2.14286
44	29	-13.1515	-30.8756	26.033	-2.15172
44	30	-13.3533	-30.764	26.0514	-2.16055
44	31	-13.5554	-30.656	26.0751	-2.16929
44	32	-13.76	-30.5541	26.1072	-2.17797
44	33	-13.9656	-30.4589	26.1472	-2.1865
44	34	-14.1709	-30.3689	26.1933	-2.19488
44	35	-14.3737	-30.2815	26.2418	-2.2031
44	36	-14.5749	-30.1956	26.2922	-2.21121
44	37	-14.7758	-30.1118	26.3459	-2.21922
44	38	-14.9774	-30.0314	26.4044	-2.22714
44	39	-15.1808	-29.9576	26.4709	-2.23493
44	40	-15.3872	-29.8954	26.5499	-2.2425
44	41	-15.6015	-29.851	26.6492	-2.24983
44	42	-15.8249	-29.8253	26.7702	-2.25693
44	43	-16.0343	-29.8205	26.8996	-2.26306
44	44	-16.231	-29.8383	27.0393	-2.26824
44	45	-16.4167	-29.8782	27.1893	-2.27254
44	46	-16.5958	-29.9341	27.3478	-2.27622
44	47	-16.7727	-29.9969	27.5105	-2.27963
44	48	-16.9488	-30.0669	27.6784	-2.28282
44	49	-17.127	-30.14	27.8503	-2.28595
44	50	-17.3066	-30.2196	28.0284	-2.28892
44	51	-17.4891	-30.3028	28.2111	-2.29185
44	52	-17.6705	-30.3929	28.3987	-2.29456
44	53	-17.8521	-30.4866	28.5892	-2.29714
44	54	-18.0334	-30.5846	28.783	-2.29959
44	55	-18.2163	-30.6844	28.9793	-2.30201
44	56	-18.4012	-30.7867	29.179	-2.30438
44	57	-18.5889	-30.8911	29.3824	-2.30675
44	58	-18.7792	-30.9983	29.5897	-2.30908
44	59	-18.9714	-31.1081	29.8003	-2.31137
44	60	-19.1643	-31.2201	30.0132	-2.3136
44	61	-19.3575	-31.3332	30.2273	-2.31578
44	62	-19.5509	-31.4475	30.4424	-2.3179
44	63	-19.745	-31.5624	30.6586	-2.32
44	64	-19.9391	-31.6799	30.877	-2.32201
44	65	-20.1264	-31.8088	31.0991	-2.32358
44	66	-20.2673	-31.9637	31.3084	-2.32348
44	67	-20.3684	-32.156	31.5179	-2.32166
44	68	-20.45	-32.3647	31.7263	-2.31905
44	69	-20.5187	-32.5911	31.9391	-2.3158
44	70	-20.5747	-32.8419	32.1617	-2.3118
44	71	-20.6173	-33.1252	32.3999	-2.30687
44	72	-20.6457	-33.4509	32.661	-2.30081
44	73	-20.6648	-33.777	32.9173	-2.29464
44	74	-20.6754	-34.1048	33.1706	-2.28833
44	75	-20.675	-34.435	33.4198	-2.28183
44	76	-20.6608	-34.7658	33.662	-2.27509
44	77	-20.6336	-35.0942	33.8954	-2.26821
44	78	-20.5962	-35.4197	34.1218	-2.26124
44	79	-20.5498	-35.7442	34.3432	-2.25418
44	80	-20.4925	-36.0689	34.5597	-2.24697
44	81	-20.4219	-36.3925	34.7689	-2.23956
44	82	-20.338	-36.712	34.9685	-2.23201
44	83	-20.2439	-37.0263	35.1598	-2.22441
44	84	-20.1417	-37.3371	35.3454	-2.21677
44	85	-20.0305	-37.646	35.5263	-2.20903
44	86	-19.9081	-37.9523	35.7004	-2.20117
44	87	-19.7727	-38.2528	35.8645	-2.19318
44	88	-19.638	-38.5055	35.9922	-2.18605
44	89	-19.5041	-38.7225	36.0929	-2.17954
44	90	-19.3693	-38.9149	36.1743	-2.17345
44	91	-19.2313	-39.0916	36.2423	-2.16755
44	92	-19.0866	-39.2587	36.2998	-2.16166
44	93	-18.9279	-39.4143	36.3414	-2.15565
44	94	-18.7404	-39.5298	36.3348	-2.14959
44	95	-18.5151	-39.6081	36.2778	-2.14321
44	96	-18.2926	-39.692	36.2285	-2.1368
44	97	-18.0702	-39.7678	36.174	-2.13048
44	98	-17.8503	-39.8398	36.119	-2.12426
44	99	-17.633	-39.9093	36.0645	-2.11813
44	100	-17.4191	-39.9777	36.0123	-2.11207
44	101	-17.2065	-40.0455	35.9615	-2.10603
44	102	-16.9948	-40.1122	35.9115	-2.10001
44	103	-16.7827	-40.1767	35.8608	-2.094
44	104	-16.5696	-40.2376	35.8077	-2.08799
44	105	-16.3553	-40.2939	35.7513	-2.082
44	106	-16.1417	-40.346	35.693	-2.07607
44	107	-15.9279	-40.3948	35.6328	-2.07016
44	108	-15.7155	-40.4415	35.5727	-2.06428
44	109	-15.5048	-40.4875	35.514	-2.05845
44	110	-15.2938	-40.5327	35.4556	-2.05259
44	111	-15.0831	-40.5758	35.3968	-2.04675
44	112	-14.8716	-40.6154	35.3357	-2.04092
44	113	-14.6605	-40.6502	35.2717	-2.03513
44	114	-14.4493	-40.6795	35.2039	-2.0294
44	115	-14.2416	-40.7038	35.1343	-2.02379
44	116	-14.0366	-40.7243	35.0635	-2.01828
44	117	-13.8349	-40.7414	34.9921	-2.01287
44	118	-13.6345	-40.7544	34.9187	-2.00752
44	119	-13.4331	-40.7586	34.8378	-2.00224
44	120	-13.2298	-40.7457	34.7415	-1.99707
44	121	-13.0209	-40.7105	34.6235	-1.992
44	122	-12.8057	-40.6546	34.485	-1.98697
44	123	-12.5816	-40.574	34.3211	-1.98195
44	124	-12.3669	-40.476	34.1459	-1.97733
44	125	-12.1625	-40.3614	33.96	-1.97313
44	126	-11.9665	-40.2312	33.7637	-1.9693
44	127	-11.7785	-40.0894	33.5603	-1.96578
44	128	-11.5982	-39.9394	33.3526	-1.96252
44	129	-11.4255	-39.7785	33.1381	-1.95956
44	130	-11.263	-39.6092	32.92	-1.95694
44	131	-11.1079	-39.4335	32.699	-1.95457
44	132	-10.9531	-39.2434	32.4648	-1.95234
44	133	-10.7903	-39.0229	32.1996	-1.9502
44	134	-10.5833	-38.7582	31.8772	-1.94724
44	135	-10.451	-38.5211	31.6081	-1.94611
44	136	-10.3628	-38.2942	31.3646	-1.94614
44	137	-10.3018	-38.069	31.1328	-1.94697
44	138	-10.2572	-37.8432	30.9064	-1.94831
44	139	-10.2225	-37.6158	30.6823	-1.95
44	140	-10.195	-37.3865	30.4591	-1.95194
44	141	-10.1738	-37.1554	30.2368	-1.95413
44	142	-10.1586	-36.9234	30.016	-1.95655
44	143	-10.1488	-36.6918	29.7979	-1.95917
48	0	23.2459	-42.9627	40.4311	-0.992175
48	1	23.235	-42.6697	40.1801	-0.988413
48	2	23.215	-42.3775	39.9253	-0.984806
48	3	23.186	-42.0845	39.6654	-0.98133
48	4	23.1461	-41.7904	39.399	-0.978021
48	5	23.0938	-41.4968	39.1264	-0.974937
48	6	23.03	-41.206	38.85	-0.972096
48	7	22.9569	-40.9184	38.5715	-0.969461
48	8	22.8762	-40.6332	38.2907	-0.966985
48	9	22.7873	-40.3496	38.0069	-0.964672
48	10	22.7008	-40.1071	37.7583	-0.962896
48	11	22.613	-39.8972	37.536	-0.961623
48	12	22.5212	-39.7128	37.3323	-0.960814
48	13	22.4228	-39.5476	37.1404	-0.960436
48	14	22.3137	-39.3974	36.9548	-0.960527
48	15	22.1638	-39.319	36.8048	-0.962644
48	16	21.9737	-39.3005	36.6812	-0.966608
48	17	21.7787	-39.2954	36.5666	-0.970918
48	18	21.581	-39.2893	36.4503	-0.9753
48	19	21.381	-39.2808	36.3315	-0.979726
48	20	21.1803	-39.2699	36.2109	-0.984161
48	21	20.9787	-39.2554	36.0876	-0.988591
48	22	20.7756	-39.2364	35.9604	-0.993016
48	23	20.5705	-39.2126	35.8288	-0.99745
48	24	20.3627	-39.1861	35.6942	-1.00194
48	25	20.1538	-39.165	35.5642	-1.00657
48	26	19.9451	-39.1438	35.4352	-1.01122
48	27	19.7377	-39.1196	35.3049	-1.01584
48	28	19.5316	-39.0912	35.1726	-1.02039
48	29	19.3263	-39.0608	35.0396	-1.02493
48	30	19.1205	-39.0332	34.9096	-1.02956
48	31	18.9128	-39.0052	34.7789	-1.03427
48	32	18.7019	-38.9777	34.6479	-1.03909
48	33	18.4894	-38.9488	34.5156	-1.04397
48	34	18.276	-38.9193	34.3833	-1.04891
48	35	18.062	-38.8913	34.2528	-1.05391
48	36	17.8477	-38.8633	34.1229	-1.05897
48	37	17.6326	-38.8363	33.9945	-1.0641
48	38	17.4167	-38.8101	33.8672	-1.06929
48	39	17.2004	-38.7891	33.7454	-1.07462
48	40	16.9844	-38.7812	33.6361	-1.08015
48	41	16.7716	-38.8008	33.5537	-1.08602
48	42	16.5602	-38.8506	33.4999	-1.0923
48	43	16.3486	-38.9221	33.4667	-1.0989
48	44	16.134	-39.0189	33.4561	-1.10592
48	45	15.9331	-39.1298	33.4659	-1.11278
48	46	15.7447	-39.2538	33.4947	-1.11946
48	47	15.5642	-39.3903	33.5395	-1.12607
48	48	15.3889	-39.5351	33.5955	-1.13264
48	49	15.2177	-39.6866	33.6608	-1.13916
48	50	15.0524	-39.8455	33.7366	-1.14558
48	51	14.8913	-40.0069	33.8179	-1.15189
48	52	14.7352	-40.1703	33.9043	-1.15805
48	53	14.5837	-40.3353	33.9953	-1.16408
48	54	14.4369	-40.5022	34.0911	-1.16997
48	55	14.2952	-40.6725	34.1932	-1.17573
48	56	14.161	-40.8487	34.3047	-1.18132
48	57	14.0382	-41.0345	34.4305	-1.18667
48	58	13.9295	-41.2316	34.5729	-1.19172
48	59	13.837	-41.4435	34.7359	-1.19645
48	60	13.7694	-41.651	34.9046	-1.20043
48	61	13.7253	-41.856	35.0799	-1.20371
48	62	13.7006	-42.059	35.2607	-1.20643
48	63	13.6881	-42.2603	35.4444	-1.20879
48	64	13.6819	-42.462	35.6309	-1.21095
48	65	13.68	-42.6645	35.8199	-1.21299
48	66	13.682	-42.8686	36.0118	-1.21493
48	67	13.6881	-43.0744	36.2069	-1.21675
48	68	13.699	-43.2814	36.4049	-1.21844
48	69	13.7152	-43.4863	36.6028	-1.21996
48	70	13.735	-43.6906	36.8015	-1.22136
48	71	13.7568	-43.8942	37.0003	-1.22269
48	72	13.7781	-44.0972	37.1985	-1.22401
48	73	13.8001	-44.3003	37.3969	-1.2253
48	74	13.8234	-44.5038	37.5964	-1.22656
48	75	13.849	-44.7081	37.7973	-1.22774
48	76	13.8779	-44.9128	37.9999	-1.22884
48	77	13.911	-45.117	38.2034	-1.22981
48	78	13.948	-45.3197	38.4068	-1.23067
48	79	13.9875	-45.5204	38.6091	-1.23144
48	80	14.0265	-45.7193	38.8097	-1.2322
48	81	14.0665	-45.9166	39.0091	-1.23291
48	82	14.108	-46.113	39.2081	-1.23357
48	83	14.1517	-46.3086	39.4072	-1.23417
48	84	14.1984	-46.5033	39.6064	-1.23468
48	85	14.2488	-46.6961	39.8051	-1.23508
48	86	14.3027	-46.8861	40.0022	-1.23538
48	87	14.3597	-47.0724	40.1969	-1.23556
48	88	14.4185	-47.2546	40.3883	-1.23567
48	89	14.4778	-47.4372	40.5802	-1.23577
48	90	14.5372	-47.6204	40.7727	-1.23587
48	91	14.5978	-47.8042	40.9662	-1.23595
48	92	14.6606	-47.9881	41.1606	-1.23598
48	93	14.7266	-48.1711	41.3552	-1.23592
48	94	14.7965	-48.3521	41.549	-1.23577
48	95	14.8699	-48.5299	41.7411	-1.23551
48	96	14.9461	-48.7042	41.9308	-1.23516
48	97	15.0208	-48.8795	42.1208	-1.23485
48	98	15.0962	-49.0548	42.3113	-1.23454
48	99	15.1727	-49.2307	42.5025	-1.23421
48	100	15.2511	-49.407	42.6949	-1.23383
48	101	15.3267	-49.5858	42.8886	-1.23355
48	102	15.4122	-49.7611	43.0822	-1.23302
48	103	15.5154	-49.9023	43.2497	-1.23185
48	104	15.665	-49.9942	43.3863	-1.22931
48	105	15.8257	-50.0655	43.5075	-1.22637
48	106	15.9971	-50.1212	43.618	-1.22311
48	107	16.183	-50.1606	43.7187	-1.21942
48	108	16.3889	-50.1826	43.8106	-1.21518
48	109	16.6211	-50.187	43.8962	-1.21025
48	110	16.8876	-50.1751	43.9797	-1.20449
48	111	17.1535	-50.1532	44.0553	-1.19867
48	112	17.4193	-50.1224	44.124	-1.19281
48	113	17.6854	-50.0815	44.1849	-1.18687
48	114	17.9513	-50.0282	44.2359	-1.18085
48	115	18.215	-49.9612	44.275	-1.17476
48	116	18.4745	-49.8815	44.3024	-1.16866
48	117	18.7294	-49.7913	44.32	-1.16257
48	118	18.9806	-49.6923	44.3297	-1.15649
48	119	19.2293	-49.5842	44.3317	-1.15037
48	120	19.475	-49.4653	44.3242	-1.14421
48	121	19.7161	-49.3341	44.3054	-1.13803
48	122	19.9506	-49.1913	44.275	-1.13187
48	123	20.1779	-49.0392	44.2347	-1.12576
48	124	20.3994	-48.8797	44.1869	-1.11968
48	125	20.6162	-48.7128	44.1321	-1.11361
48	126	20.8285	-48.5371	44.0689	-1.10753
48	127	21.0337	-48.3498	43.9938	-1.10145
48	128	21.2295	-48.1512	43.9061	-1.09543
48	129	21.4172	-47.9457	43.8101	-1.08947
48	130	21.5966	-47.7339	43.7061	-1.08359
48	131	21.7689	-47.5161	43.595	-1.07776
48	132	21.9345	-47.291	43.4759	-1.07196
48	133	22.0921	-47.0573	43.3468	-1.06618
48	134	22.2394	-46.8152	43.2068	-1.06049
48	135	22.3754	-46.5669	43.0572	-1.05492
48	136	22.5011	-46.3142	42.9001	-1.04946
48	137	22.6185	-46.0577	42.7367	-1.04409
48	138	22.7281	-45.7961	42.5663	-1.03878
48	139	22.8287	-45.528	42.3869	-1.03352
48	140	22.9177	-45.2536	42.1972	-1.02838
48	141	22.9938	-44.9752	41.9986	-1.02341
48	142	23.0584	-44.6952	41.7936	-1.0186
48	143	23.114	-44.4142	41.584	-1.01392
48	144	23.1622	-44.1311	41.3696	-1.00931
48	145	23.2021	-43.844	41.1482	-1.00478
48	146	23.2307	-43.5522	40.9176	-1.00036
48	147	23.2453	-43.2574	40.6778	-0.996147
49	0	-13.1449	-45.5691	39.153	-1.94414
49	1	-13.1251	-45.3929	38.9817	-1.94531
49	2	-13.1054	-45.2143	38.8083	-1.94652
49	3	-13.0869	-45.0339	38.6338	-1.94779
49	4	-13.0711	-44.8528	38.4597	-1.94914
49	5	-13.0589	-44.6727	38.2878	-1.95059
49	6	-13.0487	-44.491	38.1153	-1.9521
49	7	-13.0406	-44.3089	37.9434	-1.95369
49	8	-13.0345	-44.1276	37.7729	-1.95534
49	9	-13.0288	-43.9442	37.6009	-1.95702
49	10	-13.0222	-43.759	37.4268	-1.95873
49	11	-13.0184	-43.5718	37.2522	-1.96053
49	12	-13.0177	-43.3813	37.0757	-1.96247
49	13	-13.0226	-43.1883	36.8994	-1.96458
49	14	-13.0356	-42.9947	36.7257	-1.96694
49	15	-13.0592	-42.8027	36.5577	-1.96956
49	16	-13.0947	-42.6147	36.3984	-1.97246
49	17	-13.1457	-42.4337	36.252	-1.97571
49	18	-13.2156	-42.263	36.1229	-1.97935
49	19	-13.3054	-42.101	36.0102	-1.98342
49	20	-13.4126	-41.9452	35.9108	-1.9879
49	21	-13.5263	-41.8058	35.8297	-1.99238
49	22	-13.6609	-41.6952	35.7843	-1.99707
49	23	-13.8144	-41.611	35.7716	-2.00195
49	24	-13.9804	-41.5438	35.7803	-2.00695
49	25	-14.1519	-41.4841	35.7991	-2.012
49	26	-14.3269	-41.4278	35.8234	-2.01709
49	27	-14.5052	-41.3738	35.8521	-2.02222
49	28	-14.686	-41.3233	35.886	-2.02737
49	29	-14.8673	-41.2752	35.9232	-2.03249
49	30	-15.0466	-41.2277	35.961	-2.03754
49	31	-15.2251	-41.1815	36.0006	-2.04255
49	32	-15.402	-41.137	36.0418	-2.04748
49	33	-15.5764	-41.0931	36.0832	-2.05234
49	34	-15.7529	-41.0535	36.1303	-2.05717
49	35	-15.9295	-41.0127	36.1772	-2.06201
49	36	-16.1054	-40.9707	36.2235	-2.06685
49	37	-16.2809	-40.9322	36.2736	-2.0716
49	38	-16.4534	-40.8914	36.321	-2.07631
49	39	-16.6265	-40.847	36.3664	-2.08107
49	40	-16.799	-40.7982	36.4085	-2.08585
49	41	-16.9701	-40.7444	36.4464	-2.09067
49	42	-17.1401	-40.688	36.4824	-2.09548
49	43	-17.3144	-40.6342	36.5235	-2.10035
49	44	-17.4907	-40.5802	36.5664	-2.10525
49	45	-17.6671	-40.5264	36.6104	-2.11015
49	46	-17.842	-40.4732	36.655	-2.11499
49	47	-18.0147	-40.4227	36.7017	-2.11973
49	48	-18.1835	-40.3718	36.7467	-2.12437
49	49	-18.3478	-40.3196	36.7891	-2.12891
49	50	-18.5123	-40.2703	36.8347	-2.13341
49	51	-18.6758	-40.2233	36.8825	-2.13784
49	52	-18.8369	-40.1768	36.9302	-2.14219
49	53	-18.9943	-40.1292	36.9756	-2.14647
49	54	-19.1493	-40.0915	37.0287	-2.15054
49	55	-19.2877	-40.1017	37.1132	-2.15351
49	56	-19.4015	-40.1844	37.2449	-2.15484
49	57	-19.5101	-40.2946	37.3967	-2.15564
49	58	-19.6137	-40.4224	37.5605	-2.15605
49	59	-19.7184	-40.5699	37.7413	-2.15621
49	60	-19.829	-40.742	37.9459	-2.15613
49	61	-19.9491	-40.9451	38.1815	-2.15582
49	62	-20.0814	-41.1863	38.4556	-2.15522
49	63	-20.2029	-41.4316	38.7272	-2.15434
49	64	-20.3144	-41.6794	38.9955	-2.15323
49	65	-20.4172	-41.9299	39.2613	-2.15191
49	66	-20.5117	-42.1841	39.5256	-2.15037
49	67	-20.5963	-42.4429	39.7886	-2.14859
49	68	-20.6691	-42.7058	40.0486	-2.14653
49	69	-20.7295	-42.9705	40.3037	-2.14421
49	70	-20.7787	-43.2356	40.5533	-2.14168
49	71	-20.8183	-43.5012	40.7982	-2.13898
49	72	-20.8486	-43.7683	41.0398	-2.1361
49	73	-20.8677	-44.0379	41.278	-2.13299
49	74	-20.8731	-44.3095	41.5109	-2.12961
49	75	-20.8636	-44.5804	41.7358	-2.12598
49	76	-20.8407	-44.848	41.9514	-2.12215
49	77	-20.8075	-45.1116	42.1589	-2.11821
49	78	-20.7659	-45.3724	42.3603	-2.11417
49	79	-20.7163	-45.6318	42.557	-2.11001
49	80	-20.6567	-45.8908	42.749	-2.10571
49	81	-20.5844	-46.1484	42.9343	-2.1012
49	82	-20.4977	-46.4023	43.1099	-2.09649
49	83	-20.3977	-46.6496	43.2741	-2.09162
49	84	-20.2868	-46.8895	43.4276	-2.08666
49	85	-20.1672	-47.123	43.5723	-2.08162
49	86	-20.0389	-47.3516	43.7096	-2.07651
49	87	-19.9007	-47.5756	43.8391	-2.07127
49	88	-19.751	-47.7934	43.9591	-2.06591
49	89	-19.5901	-48.003	44.0677	-2.06044
49	90	-19.42	-48.2032	44.165	-2.05491
49	91	-19.2444	-48.3957	44.2543	-2.04937
49	92	-19.0602	-48.5783	44.3323	-2.04378
49	93	-18.8691	-48.754	44.4023	-2.03815
49	94	-18.6698	-48.9221	44.4634	-2.03245
49	95	-18.4617	-49.0807	44.5134	-2.02667
49	96	-18.2458	-49.2278	44.5512	-2.02087
49	97	-18.0241	-49.3632	44.5774	-2.01507
49	98	-17.7983	-49.4885	44.5942	-2.00929
49	99	-17.5685	-49.6051	44.603	-2.00351
49	100	-17.3334	-49.7131	44.6033	-1.99771
49	101	-17.0919	-49.8107	44.5928	-1.99188
49	102	-16.8438	-49.8947	44.5689	-1.98603
49	103	-16.5915	-49.9635	44.5307	-1.98022
49	104	-16.3374	-50.0178	44.4801	-1.97449
49	105	-16.0831	-50.0601	44.4198	-1.96885
49	106	-15.8284	-50.0924	44.3516	-1.96328
49	107	-15.5727	-50.1153	44.2756	-1.95774
49	108	-15.3159	-50.1285	44.1916	-1.95225
49	109	-15.0953	-50.1333	44.1144	-1.94757
49	110	-14.9032	-50.1296	44.0406	-1.94354
49	111	-14.7328	-50.1165	43.9667	-1.94004
49	112	-14.5785	-50.0915	43.8879	-1.93697
49	113	-14.4375	-50.0474	43.7964	-1.93432
49	114	-14.3226	-49.9661	43.6796	-1.93253
49	115	-14.238	-49.8643	43.5545	-1.93154
49	116	-14.1741	-49.7298	43.4061	-1.93125
49	117	-14.121	-49.584	43.2509	-1.93129
49	118	-14.0707	-49.4332	43.0921	-1.93144
49	119	-14.018	-49.2815	42.9316	-1.93153
49	120	-13.967	-49.1289	42.7708	-1.93168
49	121	-13.9157	-48.9742	42.6079	-1.93183
49	122	-13.8631	-48.818	42.4432	-1.93197
49	123	-13.811	-48.6599	42.277	-1.93214
49	124	-13.7603	-48.5002	42.1096	-1.93236
49	125	-13.7116	-48.3393	41.9418	-1.93263
49	126	-13.6631	-48.1749	41.7709	-1.93294
49	127	-13.6156	-48.0076	41.5977	-1.93329
49	128	-13.5702	-47.8383	41.4233	-1.93372
49	129	-13.5277	-47.6679	41.2489	-1.93422
49	130	-13.4886	-47.4975	41.0757	-1.93481
49	131	-13.453	-47.3279	40.9046	-1.93547
49	132	-13.415	-47.157	40.7313	-1.93609
49	133	-13.3774	-46.9841	40.5565	-1.93675
49	134	-13.3387	-46.8099	40.3799	-1.9374
49	135	-13.3024	-46.6341	40.2028	-1.93812
49	136	-13.2698	-46.4575	40.0263	-1.93895
49	137	-13.2415	-46.2815	39.8519	-1.93987
49	138	-13.215	-46.1036	39.6765	-1.94087
49	139	-13.19	-45.9251	39.5011	-1.94191
49	140	-13.1666	-45.7468	39.3264	-1.943
