# CellID	NodeIndex	X	Y	R	Theta
8	0	39.9389	-1.0492	43.9224	0.432802
8	1	39.9043	-0.784115	44.0029	0.438601
8	2	39.8581	-0.518774	44.0746	0.444496
8	3	39.798	-0.254615	44.1347	0.450485
8	4	39.7234	0.0056761	44.1817	0.456524
8	5	39.6361	0.260188	44.2163	0.462562
8	6	39.5383	0.509015	44.2406	0.468581
8	7	39.4312	0.753454	44.2563	0.474602
8	8	39.3141	0.994464	44.263	0.480654
8	9	39.1852	1.23156	44.2592	0.486751
8	10	39.0436	1.46274	44.243	0.492867
8	11	38.8903	1.68592	44.2143	0.498954
8	12	38.7276	1.90068	44.1751	0.504985
8	13	38.5575	2.10829	44.1274	0.510967
8	14	38.38	2.31024	44.0721	0.516934
8	15	38.1935	2.50694	44.008	0.522914
8	16	37.9961	2.69697	43.9327	0.528905
8	17	37.7871	2.87748	43.8441	0.534866
8	18	37.5681	3.04613	43.7424	0.540734
8	19	37.3419	3.20296	43.63	0.546485
8	20	37.1101	3.34969	43.5088	0.552136
8	21	36.8721	3.48764	43.3792	0.55772
8	22	36.6266	3.61624	43.2397	0.563249
8	23	36.373	3.73304	43.0882	0.568684
8	24	36.1124	3.83531	42.9243	0.57396
8	25	35.8478	3.92224	42.7499	0.579029
8	26	35.5808	3.99492	42.5666	0.583891
8	27	35.3112	4.05441	42.375	0.588569
8	28	35.0379	4.10015	42.1735	0.593068
8	29	34.7602	4.12975	41.9601	0.597353
8	30	34.4791	4.14064	41.7342	0.601356
8	31	34.1976	4.13264	41.4978	0.605037
8	32	33.9169	4.10887	41.2537	0.608432
8	33	33.6802	4.07709	41.0414	0.611093
8	34	33.4716	4.03036	40.8438	0.613087
8	35	33.2887	3.94823	40.647	0.614023
8	36	33.1515	3.78915	40.4432	0.612763
8	37	33.0269	3.76619	40.3281	0.614074
8	38	33.0433	3.70439	40.306	0.612586
8	39	33.0355	3.81444	40.363	0.614929
8	40	32.9353	3.76769	40.2542	0.615415
8	41	33.0599	3.70886	40.3222	0.61244
8	42	33.0175	3.74591	40.3088	0.613797
8	43	33.0245	3.75195	40.318	0.613819
8	44	32.7448	3.93596	40.1966	0.621569
8	45	32.5339	4.37187	40.2818	0.633416
8	46	32.597	4.4083	40.3542	0.633218
8	47	32.7075	3.96378	40.1824	0.622673
8	48	32.6909	3.59377	39.9542	0.615393
8	49	32.6139	3.32748	39.738	0.61104
8	50	32.4909	3.12937	39.5237	0.60872
8	51	32.384	2.938	39.3267	0.606282
8	52	32.2791	2.76515	39.1421	0.60418
8	53	32.1805	2.5708	38.9507	0.601512
8	54	32.0767	2.37694	38.7555	0.598904
8	55	32.3429	2.56854	39.0834	0.599113
8	56	32.178	2.60421	38.9675	0.602255
8	57	32.0036	2.4463	38.7344	0.601445
8	58	31.76	2.41261	38.5146	0.604303
8	59	31.7258	2.49546	38.5337	0.606577
8	60	31.8141	2.50741	38.6131	0.605527
8	61	31.8776	2.30058	38.548	0.600179
8	62	31.8868	2.10586	38.446	0.595864
8	63	31.9252	1.89833	38.3618	0.590824
8	64	31.9505	1.68732	38.2658	0.585877
8	65	31.984	1.47365	38.1761	0.580727
8	66	32.0082	1.25243	38.0754	0.575521
8	67	32.0243	1.02405	37.9652	0.570244
8	68	32.0456	0.791862	37.8583	0.564777
8	69	32.0648	0.558848	37.7504	0.559291
8	70	32.0833	0.32847	37.6444	0.553843
8	71	32.1043	0.103151	37.5443	0.548445
8	72	32.1236	-0.116506	37.4467	0.543171
8	73	32.146	-0.329493	37.3564	0.537979
8	74	32.1702	-0.544267	37.2676	0.532699
8	75	32.198	-0.759671	37.1827	0.527328
8	76	32.2296	-0.973619	37.1029	0.521916
8	77	32.2658	-1.18919	37.0273	0.516383
8	78	32.3067	-1.40355	36.9577	0.510791
8	79	32.3502	-1.61684	36.8919	0.505172
8	80	32.3967	-1.82827	36.8309	0.499537
8	81	32.4476	-2.03661	36.7763	0.493901
8	82	32.5081	-2.24069	36.7334	0.488229
8	83	32.5818	-2.44163	36.7049	0.482453
8	84	32.6725	-2.64117	36.6933	0.476488
8	85	32.7868	-2.83929	36.7048	0.470263
8	86	32.914	-3.01457	36.7393	0.464441
8	87	33.0558	-3.16877	36.7976	0.458969
8	88	33.2088	-3.30708	36.874	0.453768
8	89	33.3666	-3.43948	36.9583	0.448676
8	90	33.5272	-3.572	37.046	0.443572
8	91	33.6895	-3.70593	37.1355	0.43844
8	92	33.8566	-3.84007	37.2304	0.433271
8	93	34.0303	-3.97815	37.3306	0.427961
8	94	34.209	-4.11579	37.4366	0.422635
8	95	34.3929	-4.2579	37.5465	0.417175
8	96	34.5813	-4.40226	37.6609	0.411643
8	97	34.7724	-4.54366	37.78	0.406189
8	98	34.9619	-4.6894	37.8971	0.400681
8	99	35.1547	-4.82873	38.0208	0.395328
8	100	35.3453	-4.97194	38.1422	0.389938
8	101	35.5323	-5.12422	38.2578	0.384399
8	102	35.7195	-5.28352	38.3722	0.378721
8	103	35.9143	-5.44125	38.4955	0.373043
8	104	36.1067	-5.60381	38.616	0.367307
8	105	36.2957	-5.7741	38.7319	0.361452
8	106	36.4888	-5.93981	38.8546	0.355705
8	107	36.6716	-6.11899	38.9643	0.34976
8	108	36.8358	-6.32127	39.05	0.343453
8	109	36.982	-6.55657	39.1094	0.336528
8	110	37.1147	-6.83081	39.1452	0.328797
8	111	37.3101	-7.03399	39.2654	0.322292
8	112	37.3864	-7.18448	39.2905	0.318044
8	113	37.3953	-7.11478	39.3208	0.319657
8	114	37.3125	-7.28945	39.1875	0.316089
8	115	37.3389	-7.21716	39.2351	0.317631
8	116	37.521	-7.06893	39.4545	0.319759
8	117	37.6344	-6.91669	39.6102	0.322508
8	118	37.7213	-6.76658	39.7404	0.325397
8	119	37.8182	-6.62637	39.8771	0.327952
8	120	37.9324	-6.48172	40.0319	0.330454
8	121	38.0569	-6.31226	40.2049	0.333436
8	122	38.2113	-6.11722	40.4148	0.336746
8	123	38.4068	-5.89081	40.6744	0.340411
8	124	38.5854	-5.65339	40.9224	0.344423
8	125	38.7492	-5.41092	41.1588	0.348624
8	126	38.9006	-5.16724	41.3846	0.352909
8	127	39.0423	-4.92386	41.6022	0.357221
8	128	39.1766	-4.68024	41.8135	0.361557
8	129	39.3035	-4.43479	42.0194	0.365952
8	130	39.4216	-4.1861	42.2191	0.370452
8	131	39.5289	-3.9341	42.4109	0.375074
8	132	39.6245	-3.67996	42.5934	0.379803
8	133	39.709	-3.42481	42.767	0.384612
8	134	39.7836	-3.1686	42.9328	0.389492
8	135	39.8487	-2.91028	43.0916	0.394464
8	136	39.903	-2.64855	43.2429	0.399569
8	137	39.9444	-2.38302	43.3849	0.404836
8	138	39.9707	-2.11495	43.5153	0.410261
8	139	39.9815	-1.84668	43.6329	0.4158
8	140	39.9786	-1.5798	43.7387	0.421409
8	141	39.964	-1.31434	43.8347	0.427071
9	0	-31.8735	-0.369564	37.2159	2.60261
9	1	-31.8931	-0.184048	37.3282	2.59862
9	2	-31.9221	0.0182467	37.4579	2.59439
9	3	-31.93	0.231454	37.576	2.58966
9	4	-31.9129	0.443856	37.6733	2.58462
9	5	-31.8821	0.646428	37.7547	2.57963
9	6	-31.8696	0.83803	37.8465	2.57517
9	7	-31.8742	1.02678	37.9521	2.57104
9	8	-31.8894	1.22753	38.0736	2.56682
9	9	-31.912	1.44722	38.2124	2.56232
9	10	-31.9436	1.66649	38.3593	2.55798
9	11	-31.9808	1.88284	38.5098	2.55383
9	12	-32.0208	2.10262	38.6653	2.54967
9	13	-32.0613	2.32384	38.8227	2.54552
9	14	-32.1019	2.54412	38.9803	2.54143
9	15	-32.1449	2.76004	39.1381	2.5375
9	16	-32.1905	2.98488	39.3036	2.53345
9	17	-32.2464	3.22358	39.4862	2.5293
9	18	-32.3003	3.47047	39.6726	2.52499
9	19	-32.3653	3.7262	39.8738	2.5207
9	20	-32.5249	3.72144	40.001	2.52312
9	21	-32.4779	4.03722	40.1468	2.51603
9	22	-32.5161	3.71133	39.9879	2.52319
9	23	-32.4955	3.73097	39.9826	2.52249
9	24	-32.2447	3.62307	39.7157	2.52104
9	25	-32.4181	3.77883	39.9474	2.52039
9	26	-32.553	3.86602	40.1079	2.52058
9	27	-32.7357	3.98499	40.3257	2.52082
9	28	-32.9407	4.062	40.5372	2.52222
9	29	-33.137	4.14497	40.7453	2.52336
9	30	-33.3113	4.23386	40.9389	2.52405
9	31	-33.4615	4.29096	41.0944	2.52504
9	32	-33.5797	4.32715	41.2118	2.52598
9	33	-33.6733	4.33501	41.2928	2.52713
9	34	-33.7803	4.33796	41.382	2.52857
9	35	-33.8777	4.32165	41.4522	2.53024
9	36	-33.9788	4.30536	41.5258	2.53196
9	37	-34.0898	4.27245	41.5981	2.53413
9	38	-34.2248	4.22794	41.6836	2.53686
9	39	-34.3889	4.15423	41.777	2.54054
9	40	-34.5997	4.0589	41.8974	2.54527
9	41	-34.8136	3.95103	42.0143	2.55025
9	42	-35.0351	3.84138	42.1376	2.55534
9	43	-35.2622	3.72961	42.2655	2.56052
9	44	-35.4918	3.61349	42.3944	2.56578
9	45	-35.7244	3.49626	42.5261	2.57107
9	46	-35.9584	3.37691	42.6592	2.57639
9	47	-36.1918	3.25384	42.791	2.58174
9	48	-36.422	3.12573	42.9187	2.58711
9	49	-36.6474	2.99194	43.0405	2.59251
9	50	-36.8675	2.85202	43.1559	2.59794
9	51	-37.083	2.70506	43.2649	2.60343
9	52	-37.2939	2.54918	43.3668	2.609
9	53	-37.4989	2.38226	43.4594	2.61471
9	54	-37.6956	2.20337	43.5402	2.62053
9	55	-37.8818	2.01373	43.608	2.62643
9	56	-38.0572	1.81574	43.6639	2.63235
9	57	-38.2231	1.61116	43.7097	2.63829
9	58	-38.3809	1.40019	43.747	2.64425
9	59	-38.531	1.18183	43.7755	2.65027
9	60	-38.6722	0.955076	43.7938	2.65636
9	61	-38.8024	0.720157	43.8003	2.66249
9	62	-38.9207	0.478823	43.7948	2.66863
9	63	-39.0276	0.233008	43.7788	2.67474
9	64	-39.1248	-0.0165625	43.7541	2.68083
9	65	-39.2132	-0.270507	43.7212	2.68693
9	66	-39.2923	-0.529934	43.6792	2.69306
9	67	-39.3602	-0.795147	43.6262	2.69922
9	68	-39.4154	-1.0648	43.5614	2.70535
9	69	-39.4576	-1.33676	43.4856	2.71143
9	70	-39.487	-1.60862	43.3997	2.71741
9	71	-39.505	-1.88067	43.3049	2.72331
9	72	-39.5121	-2.15382	43.2012	2.72915
9	73	-39.5074	-2.42852	43.0874	2.73495
9	74	-39.4896	-2.70399	42.9629	2.74067
9	75	-39.459	-2.97866	42.8282	2.7463
9	76	-39.417	-3.25157	42.685	2.75182
9	77	-39.3651	-3.52304	42.5344	2.75726
9	78	-39.3038	-3.79405	42.3766	2.76265
9	79	-39.2321	-4.06514	42.2103	2.76798
9	80	-39.1485	-4.33559	42.0344	2.77325
9	81	-39.0523	-4.60367	41.8487	2.7784
9	82	-38.944	-4.86787	41.654	2.7834
9	83	-38.8239	-5.12762	41.451	2.78825
9	84	-38.6912	-5.38263	41.2387	2.79294
9	85	-38.5438	-5.63186	41.0155	2.79743
9	86	-38.3793	-5.8734	40.7795	2.80164
9	87	-38.1992	-6.10774	40.5318	2.80561
9	88	-38.0385	-6.30775	40.3145	2.80898
9	89	-37.8809	-6.47436	40.1112	2.81162
9	90	-37.7096	-6.59962	39.9086	2.8132
9	91	-37.5159	-6.68676	39.6972	2.81371
9	92	-37.311	-6.68584	39.5036	2.81201
9	93	-37.2929	-6.72849	39.4726	2.81289
9	94	-37.3343	-6.83727	39.4769	2.81583
9	95	-37.1912	-6.66291	39.3977	2.81048
9	96	-37.1267	-6.45323	39.4055	2.80491
9	97	-36.9974	-6.2822	39.3404	2.79972
9	98	-36.8306	-6.1375	39.2322	2.79482
9	99	-36.648	-6.00196	39.107	2.78998
9	100	-36.466	-5.85611	38.9869	2.78486
9	101	-36.2765	-5.71662	38.8586	2.77979
9	102	-36.0806	-5.5828	38.7232	2.77477
9	103	-35.8849	-5.44375	38.5909	2.76959
9	104	-35.6876	-5.30596	38.4578	2.76438
9	105	-35.4935	-5.16456	38.3299	2.75909
9	106	-35.2999	-5.03028	38.2009	2.75394
9	107	-35.1068	-4.90267	38.0708	2.74892
9	108	-34.9203	-4.77082	37.9495	2.74383
9	109	-34.7346	-4.64648	37.8269	2.73889
9	110	-34.5482	-4.52695	37.7027	2.73404
9	111	-34.3669	-4.40741	37.5841	2.72921
9	112	-34.1897	-4.28861	37.4698	2.72441
9	113	-34.0154	-4.17186	37.3581	2.71966
9	114	-33.8443	-4.05655	37.2497	2.71495
9	115	-33.6796	-3.94273	37.1473	2.71033
9	116	-33.5202	-3.82967	37.0501	2.70576
9	117	-33.3628	-3.71881	36.9546	2.70124
9	118	-33.2104	-3.60708	36.8648	2.69674
9	119	-33.0612	-3.49736	36.7776	2.6923
9	120	-32.9167	-3.38462	36.6968	2.68782
9	121	-32.7738	-3.27142	36.6184	2.68333
9	122	-32.6323	-3.15491	36.5434	2.67876
9	123	-32.5076	-3.01623	36.4941	2.67383
9	124	-32.3803	-2.87054	36.4467	2.66869
9	125	-32.2751	-2.69689	36.4327	2.66313
9	126	-32.1794	-2.53141	36.4244	2.65789
9	127	-32.1199	-2.3576	36.4531	2.65291
9	128	-32.0648	-2.18553	36.4856	2.64804
9	129	-32.0312	-2.00746	36.5408	2.64331
9	130	-31.9958	-1.8281	36.5958	2.63854
9	131	-31.9672	-1.64557	36.6592	2.6338
9	132	-31.9393	-1.46066	36.7251	2.62903
9	133	-31.9142	-1.27348	36.7955	2.62427
9	134	-31.8909	-1.08591	36.8684	2.61953
9	135	-31.8728	-0.901013	36.9453	2.61495
9	136	-31.8621	-0.720921	37.0269	2.6106
9	137	-31.8622	-0.545732	37.116	2.60653
17	0	36.8237	-7.70347	38.595	0.30983
17	1	36.7827	-7.55974	38.6	0.313701
17	2	36.7374	-7.40874	38.6039	0.317783
17	3	36.681	-7.25402	38.599	0.322048
17	4	36.6358	-7.09567	38.6066	0.326309
17	5	36.6002	-6.94756	38.6207	0.330237
17	6	36.5208	-6.81117	38.5901	0.334247
17	7	36.4085	-6.68191	38.5267	0.338373
17	8	36.2983	-6.54807	38.4675	0.342606
17	9	36.1785	-6.41884	38.3985	0.346824
17	10	36.0514	-6.29452	38.3215	0.351002
17	11	35.9173	-6.16583	38.2402	0.355368
17	12	35.7756	-6.03553	38.1531	0.359863
17	13	35.6291	-5.9026	38.0632	0.364487
17	14	35.477	-5.77033	37.9686	0.369169
17	15	35.3238	-5.63958	37.8734	0.373848
17	16	35.1691	-5.51407	37.7755	0.378438
17	17	35.0158	-5.39364	37.678	0.382911
17	18	34.8642	-5.28161	37.5796	0.387183
17	19	34.7117	-5.16932	37.4811	0.391493
17	20	34.5584	-5.05883	37.3819	0.395791
17	21	34.4052	-4.95069	37.2826	0.400051
17	22	34.2523	-4.8473	37.1824	0.404214
17	23	34.0959	-4.74344	37.0797	0.408448
17	24	33.936	-4.64235	36.9734	0.412675
17	25	33.7751	-4.54364	36.866	0.416878
17	26	33.6125	-4.44818	36.7563	0.421044
17	27	33.4488	-4.35361	36.6459	0.425225
17	28	33.2833	-4.26403	36.5323	0.429328
17	29	33.1179	-4.17605	36.4189	0.433414
17	30	32.9502	-4.09698	36.3002	0.437331
17	31	32.7832	-4.01889	36.1822	0.441242
17	32	32.6124	-3.96297	36.0519	0.444667
17	33	32.44	-3.91578	35.9167	0.447919
17	34	32.2605	-3.88959	35.7665	0.450752
17	35	32.0733	-3.87689	35.6036	0.453363
17	36	31.8982	-3.88071	35.4446	0.45543
17	37	31.7319	-3.90656	35.2839	0.456845
17	38	31.5724	-3.94619	35.1233	0.457836
17	39	31.4171	-4.00188	34.9594	0.458371
17	40	31.267	-4.06901	34.7951	0.458549
17	41	31.1172	-4.13498	34.6316	0.458755
17	42	30.9725	-4.21042	34.4684	0.458652
17	43	30.8287	-4.2875	34.3053	0.458494
17	44	30.6873	-4.36725	34.1433	0.458232
17	45	30.5493	-4.45228	33.9819	0.457784
17	46	30.4122	-4.53928	33.8205	0.457268
17	47	30.2771	-4.63055	33.6589	0.456608
17	48	30.1469	-4.7283	33.499	0.455703
17	49	30.0227	-4.83295	33.3415	0.454522
17	50	29.9023	-4.94008	33.1863	0.453216
17	51	29.7858	-5.05298	33.0322	0.451686
17	52	29.7014	-5.19616	32.8938	0.448891
17	53	29.6088	-5.34055	32.7479	0.446145
17	54	29.5433	-5.50114	32.6197	0.44257
17	55	29.4841	-5.65875	32.4989	0.438969
17	56	29.4401	-5.81939	32.391	0.435057
17	57	29.4063	-5.98237	32.292	0.43092
17	58	29.3757	-6.14643	32.1959	0.426688
17	59	29.3501	-6.3124	32.1043	0.422311
17	60	29.3253	-6.48029	32.0132	0.417845
17	61	29.3047	-6.65125	31.9253	0.413213
17	62	29.2849	-6.82537	31.8376	0.408454
17	63	29.2715	-7.00324	31.755	0.403481
17	64	29.2582	-7.18375	31.6723	0.398404
17	65	29.2525	-7.3662	31.5968	0.393152
17	66	29.2463	-7.54949	31.5212	0.387856
17	67	29.2456	-7.73344	31.4515	0.38245
17	68	29.2464	-7.91803	31.3838	0.376984
17	69	29.2521	-8.10359	31.3213	0.371409
17	70	29.2598	-8.29057	31.2611	0.365746
17	71	29.2722	-8.47889	31.2058	0.359968
17	72	29.284	-8.66742	31.151	0.35417
17	73	29.3011	-8.85529	31.1024	0.348314
17	74	29.3194	-9.04196	31.0564	0.342463
17	75	29.3409	-9.22653	31.0153	0.336625
17	76	29.3665	-9.40849	30.9798	0.330809
17	77	29.3938	-9.58732	30.9481	0.325056
17	78	29.4261	-9.76295	30.9231	0.31934
17	79	29.4643	-9.93513	30.9058	0.313663
17	80	29.5123	-10.105	30.8995	0.307954
17	81	29.5734	-10.2724	30.9076	0.302195
17	82	29.6437	-10.4433	30.9244	0.296242
17	83	29.7341	-10.5943	30.9672	0.290726
17	84	29.8262	-10.7364	31.0151	0.285486
17	85	29.933	-10.8634	31.0822	0.280596
17	86	30.0451	-10.9849	31.1566	0.275853
17	87	30.1582	-11.1071	31.2325	0.271102
17	88	30.2796	-11.2249	31.3182	0.266439
17	89	30.4031	-11.3448	31.4062	0.261721
17	90	30.5328	-11.4644	31.5008	0.256989
17	91	30.6657	-11.5842	31.5993	0.252252
17	92	30.8044	-11.7027	31.7044	0.247543
17	93	30.9477	-11.8217	31.8146	0.242812
17	94	31.0969	-11.9404	31.9312	0.23808
17	95	31.2496	-12.0612	32.0515	0.233292
17	96	31.4047	-12.1793	32.1754	0.228608
17	97	31.5596	-12.2975	32.2998	0.223958
17	98	31.7131	-12.4122	32.4244	0.219456
17	99	31.8645	-12.5242	32.5481	0.215086
17	100	32.0155	-12.6307	32.6732	0.210915
17	101	32.1641	-12.7342	32.7971	0.206881
17	102	32.3108	-12.8329	32.9206	0.203031
17	103	32.4594	-12.9326	33.0463	0.199169
17	104	32.6032	-13.021	33.1699	0.1957
17	105	32.7501	-13.1063	33.2977	0.192328
17	106	32.8997	-13.1808	33.4304	0.189286
17	107	33.0405	-13.2616	33.5537	0.186131
17	108	33.152	-13.3705	33.6433	0.182337
17	109	33.2786	-13.3655	33.7687	0.181803
17	110	33.4125	-13.3159	33.9094	0.182528
17	111	33.5755	-13.2819	34.0758	0.18264
17	112	33.7374	-13.206	34.2489	0.18396
17	113	33.9107	-13.1072	34.4374	0.185861
17	114	34.0952	-12.9779	34.6428	0.188543
17	115	34.3061	-12.8201	34.8797	0.191856
17	116	34.5529	-12.621	35.1602	0.196074
17	117	34.7935	-12.4125	35.4372	0.200523
17	118	35.025	-12.1909	35.7086	0.205313
17	119	35.2434	-11.9562	35.9707	0.210464
17	120	35.4472	-11.7115	36.2217	0.215895
17	121	35.6386	-11.4597	36.4632	0.221515
17	122	35.8199	-11.2008	36.6976	0.227314
17	123	35.9907	-10.9329	36.925	0.23334
17	124	36.1482	-10.6558	37.143	0.239618
17	125	36.2904	-10.3722	37.3492	0.246089
17	126	36.4188	-10.0852	37.5445	0.25267
17	127	36.5358	-9.79526	37.7311	0.259336
17	128	36.6413	-9.50122	37.9094	0.266119
17	129	36.7328	-9.20275	38.077	0.27305
17	130	36.807	-8.90286	38.2303	0.28008
17	131	36.8622	-8.60643	38.3662	0.287108
17	132	36.8921	-8.36512	38.4639	0.292904
17	133	36.8968	-8.16557	38.5264	0.297829
17	134	36.8839	-7.9965	38.5641	0.302118
17	135	36.8611	-7.84537	38.5876	0.306033
18	0	-29.2493	-8.11366	31.4388	2.77198
18	1	-29.2415	-7.93238	31.4975	2.76653
18	2	-29.2356	-7.75207	31.5585	2.76114
18	3	-29.2366	-7.57255	31.6265	2.75588
18	4	-29.2408	-7.39427	31.6979	2.75072
18	5	-29.2504	-7.21262	31.7765	2.74555
18	6	-29.261	-7.0284	31.8577	2.74034
18	7	-29.2787	-6.8433	31.9467	2.73523
18	8	-29.2964	-6.65778	32.0368	2.73013
18	9	-29.3226	-6.47373	32.1348	2.7252
18	10	-29.3487	-6.29063	32.233	2.72034
18	11	-29.3817	-6.10859	32.3379	2.71562
18	12	-29.4151	-5.92588	32.4442	2.71091
18	13	-29.4591	-5.74531	32.56	2.70644
18	14	-29.5082	-5.56856	32.6793	2.70217
18	15	-29.5766	-5.39895	32.8136	2.69838
18	16	-29.6457	-5.2286	32.9493	2.69461
18	17	-29.7431	-5.06925	33.1061	2.69154
18	18	-29.8475	-4.92826	33.2616	2.68908
18	19	-29.9559	-4.80101	33.4148	2.68708
18	20	-30.0747	-4.68457	33.5726	2.68551
18	21	-30.2106	-4.58986	33.7364	2.68477
18	22	-30.3443	-4.49285	33.8992	2.68394
18	23	-30.4819	-4.40119	34.0632	2.68331
18	24	-30.6227	-4.31479	34.2277	2.68287
18	25	-30.7657	-4.23133	34.3928	2.68253
18	26	-30.9126	-4.15333	34.559	2.68239
18	27	-31.063	-4.08228	34.7254	2.68248
18	28	-31.2131	-4.00892	34.8925	2.6825
18	29	-31.375	-3.96326	35.0578	2.68338
18	30	-31.544	-3.93437	35.2222	2.68477
18	31	-31.7248	-3.91742	35.392	2.68659
18	32	-31.9212	-3.9184	35.5681	2.68904
18	33	-32.1085	-3.95586	35.7203	2.69228
18	34	-32.2924	-3.99615	35.8686	2.69551
18	35	-32.4697	-4.06492	35.9992	2.69936
18	36	-32.648	-4.13704	36.1298	2.70328
18	37	-32.823	-4.22075	36.2531	2.70742
18	38	-32.9987	-4.30541	36.3772	2.71156
18	39	-33.1741	-4.39243	36.5006	2.71573
18	40	-33.349	-4.48321	36.6227	2.71996
18	41	-33.5232	-4.57589	36.7441	2.72421
18	42	-33.6957	-4.66991	36.864	2.72843
18	43	-33.8655	-4.7639	36.9821	2.7326
18	44	-34.0323	-4.86065	37.097	2.73679
18	45	-34.1989	-4.96024	37.2112	2.74101
18	46	-34.3653	-5.06188	37.3251	2.74525
18	47	-34.5326	-5.16355	37.4405	2.74948
18	48	-34.6988	-5.26777	37.5546	2.75374
18	49	-34.8635	-5.37354	37.6674	2.75799
18	50	-35.0253	-5.48036	37.7778	2.76222
18	51	-35.1832	-5.58649	37.8855	2.76636
18	52	-35.3417	-5.69696	37.9929	2.7706
18	53	-35.5005	-5.81036	38.1001	2.77488
18	54	-35.6594	-5.9252	38.2076	2.77918
18	55	-35.8178	-6.04114	38.315	2.78348
18	56	-35.9751	-6.15665	38.4222	2.78773
18	57	-36.1241	-6.27436	38.5215	2.79193
18	58	-36.2734	-6.39393	38.6211	2.79617
18	59	-36.4108	-6.52528	38.7063	2.80056
18	60	-36.5397	-6.66052	38.7829	2.80496
18	61	-36.6616	-6.79888	38.8527	2.80936
18	62	-36.7678	-6.93864	38.9078	2.81364
18	63	-36.8544	-7.08456	38.9431	2.81791
18	64	-36.9474	-7.21737	38.9894	2.82189
18	65	-37.0253	-7.35166	39.0214	2.82579
18	66	-37.0972	-7.48246	39.0495	2.82954
18	67	-37.1658	-7.61349	39.0748	2.83328
18	68	-37.2171	-7.75575	39.0807	2.83714
18	69	-37.2607	-7.91254	39.0757	2.8413
18	70	-37.2784	-8.09493	39.0391	2.8459
18	71	-37.2863	-8.30929	38.9847	2.85122
18	72	-37.2694	-8.56668	38.8956	2.85744
18	73	-37.2405	-8.82537	38.796	2.86363
18	74	-37.1976	-9.08368	38.6846	2.86974
18	75	-37.1436	-9.3417	38.5641	2.87581
18	76	-37.078	-9.59973	38.4336	2.88184
18	77	-36.9993	-9.85746	38.2921	2.88782
18	78	-36.9059	-10.113	38.1382	2.89369
18	79	-36.7979	-10.3637	37.9726	2.89939
18	80	-36.6773	-10.6077	37.7976	2.90489
18	81	-36.546	-10.8452	37.6148	2.91022
18	82	-36.4049	-11.0772	37.4247	2.91538
18	83	-36.2531	-11.3039	37.2264	2.92041
18	84	-36.0894	-11.5243	37.0188	2.92524
18	85	-35.9139	-11.7365	36.8022	2.92985
18	86	-35.7278	-11.9391	36.5781	2.9342
18	87	-35.5326	-12.1324	36.3475	2.9383
18	88	-35.3284	-12.3174	36.1105	2.94217
18	89	-35.1139	-12.4938	35.8655	2.94581
18	90	-34.8881	-12.6604	35.6118	2.94916
18	91	-34.6511	-12.8142	35.35	2.95215
18	92	-34.4068	-12.9557	35.0835	2.9548
18	93	-34.1968	-13.0559	34.8586	2.95651
18	94	-34.0174	-13.1364	34.6674	2.95784
18	95	-33.8506	-13.1774	34.4959	2.95812
18	96	-33.6988	-13.2155	34.3397	2.95841
18	97	-33.5493	-13.2176	34.1924	2.95767
18	98	-33.4051	-13.2404	34.0465	2.95755
18	99	-33.2695	-13.2142	33.918	2.95606
18	100	-33.1299	-13.1188	33.7986	2.95253
18	101	-32.9713	-13.0268	33.6603	2.94896
18	102	-32.8128	-12.9252	33.5244	2.94508
18	103	-32.6524	-12.8207	33.3878	2.94107
18	104	-32.49	-12.7141	33.2502	2.93696
18	105	-32.3287	-12.6069	33.1143	2.93279
18	106	-32.1687	-12.5004	32.9801	2.92863
18	107	-32.0116	-12.3941	32.8493	2.92446
18	108	-31.8583	-12.287	32.723	2.92025
18	109	-31.7084	-12.1793	32.6007	2.91602
18	110	-31.5593	-12.0736	32.4793	2.91182
18	111	-31.4134	-11.9659	32.3621	2.90755
18	112	-31.2711	-11.8585	32.2489	2.90329
18	113	-31.132	-11.7514	32.1393	2.89903
18	114	-30.995	-11.6461	32.0318	2.89481
18	115	-30.8603	-11.5403	31.9273	2.89057
18	116	-30.727	-11.4347	31.8248	2.88631
18	117	-30.596	-11.3279	31.7253	2.88201
18	118	-30.4667	-11.2193	31.6285	2.87764
18	119	-30.3379	-11.1096	31.5331	2.87322
18	120	-30.211	-10.9967	31.4409	2.86869
18	121	-30.0886	-10.8796	31.355	2.86404
18	122	-29.9759	-10.7511	31.2822	2.8591
18	123	-29.8671	-10.6159	31.2159	2.85397
18	124	-29.7728	-10.464	31.169	2.84844
18	125	-29.6883	-10.3162	31.1312	2.84311
18	126	-29.6297	-10.1614	31.1212	2.8378
18	127	-29.5718	-10.0081	31.1122	2.83254
18	128	-29.5301	-9.84911	31.1213	2.82727
18	129	-29.4857	-9.68964	31.1288	2.82196
18	130	-29.4486	-9.5261	31.1454	2.8166
18	131	-29.4119	-9.35964	31.1642	2.81116
18	132	-29.3782	-9.18925	31.1881	2.80564
18	133	-29.3468	-9.01482	31.2165	2.80003
18	134	-29.3179	-8.83633	31.2495	2.79434
18	135	-29.2957	-8.6567	31.2903	2.7887
18	136	-29.277	-8.4773	31.3352	2.78312
18	137	-29.2635	-8.296	31.3867	2.77756
25	0	32.9471	-14.4206	33.2663	0.152407
25	1	33.0111	-14.3019	33.3477	0.155634
25	2	33.0839	-14.465	33.3949	0.150469
25	3	32.8805	-14.3126	33.2171	0.155923
25	4	32.8719	-14.1251	33.2383	0.161537
25	5	32.9697	-14.1322	33.3337	0.160855
25	6	32.9471	-14.229	33.296	0.158093
25	7	32.9393	-14.0821	33.3117	0.162485
25	8	32.7666	-13.894	33.1723	0.168924
25	9	32.5932	-13.7532	33.0255	0.17401
25	10	32.4436	-13.6192	32.9018	0.178807
25	11	32.2915	-13.4961	32.7744	0.183327
25	12	32.1361	-13.3779	32.6434	0.187757
25	13	31.9795	-13.26	32.5119	0.192218
25	14	31.8223	-13.145	32.3798	0.196631
25	15	31.6674	-13.0326	32.2502	0.200987
25	16	31.5155	-12.9238	32.1234	0.205251
25	17	31.3614	-12.8153	31.9949	0.209553
25	18	31.2063	-12.705	31.8665	0.213952
25	19	31.0498	-12.5924	31.7377	0.218466
25	20	30.8891	-12.4812	31.6053	0.223
25	21	30.727	-12.3696	31.4722	0.2276
25	22	30.5639	-12.2589	31.3386	0.232215
25	23	30.4012	-12.1496	31.2058	0.236823
25	24	30.2385	-12.0435	31.0728	0.24137
25	25	30.0763	-11.9368	30.9412	0.245971
25	26	29.9131	-11.8318	30.8088	0.250567
25	27	29.7482	-11.7295	30.6747	0.25513
25	28	29.5821	-11.6302	30.5393	0.259652
25	29	29.4102	-11.5443	30.3956	0.263833
25	30	29.2351	-11.468	30.2466	0.267778
25	31	29.0493	-11.418	30.0809	0.271015
25	32	28.858	-11.3742	29.9084	0.274141
25	33	28.67	-11.3631	29.7305	0.276209
25	34	28.4858	-11.3558	29.5554	0.278146
25	35	28.3042	-11.3727	29.3761	0.279294
25	36	28.1229	-11.3937	29.1961	0.280313
25	37	27.9432	-11.4245	29.0148	0.281005
25	38	27.7647	-11.4595	28.8336	0.281558
25	39	27.5872	-11.498	28.6524	0.281986
25	40	27.4111	-11.5419	28.4711	0.282227
25	41	27.2368	-11.5903	28.2901	0.282299
25	42	27.0645	-11.6425	28.1102	0.282223
25	43	26.896	-11.7004	27.9322	0.281911
25	44	26.7318	-11.7623	27.7573	0.281415
25	45	26.572	-11.8268	27.5859	0.280779
25	46	26.4181	-11.8967	27.4186	0.279884
25	47	26.2687	-11.9688	27.2551	0.278856
25	48	26.1235	-12.0442	27.0948	0.277657
25	49	25.9824	-12.1233	26.9375	0.276267
25	50	25.8452	-12.2072	26.7827	0.274653
25	51	25.7109	-12.2958	26.6294	0.272818
25	52	25.5768	-12.388	26.4755	0.27083
25	53	25.4609	-12.5058	26.3324	0.267694
25	54	25.3557	-12.6413	26.1953	0.263768
25	55	25.2505	-12.79	26.0552	0.259312
25	56	25.1606	-12.9446	25.9289	0.254437
25	57	25.0911	-13.1083	25.8209	0.248979
25	58	25.0301	-13.2752	25.7211	0.243276
25	59	24.9779	-13.4468	25.6296	0.237267
25	60	24.9363	-13.6225	25.5483	0.230966
25	61	24.8985	-13.7993	25.4716	0.22455
25	62	24.8614	-13.9765	25.3965	0.218071
25	63	24.8294	-14.155	25.3271	0.211463
25	64	24.7982	-14.3349	25.2595	0.204762
25	65	24.7742	-14.5166	25.1997	0.197894
25	66	24.7504	-14.6984	25.1411	0.190991
25	67	24.7343	-14.8799	25.0914	0.184008
25	68	24.7196	-15.0591	25.0449	0.177082
25	69	24.7093	-15.2351	25.0043	0.170226
25	70	24.7043	-15.4102	24.9703	0.163347
25	71	24.7032	-15.5842	24.9415	0.156473
25	72	24.7054	-15.7571	24.9173	0.149605
25	73	24.714	-15.9291	24.9008	0.142722
25	74	24.7225	-16.1006	24.8854	0.135852
25	75	24.7421	-16.2705	24.8824	0.128983
25	76	24.7613	-16.4391	24.8803	0.12216
25	77	24.7934	-16.6042	24.8926	0.11542
25	78	24.823	-16.7663	24.9039	0.108821
25	79	24.8625	-16.9223	24.9268	0.102423
25	80	24.9016	-17.0748	24.9505	0.0961837
25	81	24.9431	-17.2238	24.9779	0.0900863
25	82	24.9978	-17.3665	25.0201	0.0842096
25	83	25.0477	-17.5113	25.0581	0.0782866
25	84	25.1249	-17.6474	25.1247	0.0726463
25	85	25.2022	-17.7884	25.1921	0.0668379
25	86	25.3018	-17.9273	25.2826	0.0610948
25	87	25.4108	-18.0575	25.3838	0.0557119
25	88	25.5241	-18.1864	25.4901	0.0504154
25	89	25.6569	-18.2998	25.6173	0.045732
25	90	25.7949	-18.4155	25.7501	0.0410004
25	91	25.9461	-18.517	25.8973	0.0368458
25	92	26.0972	-18.6191	26.0447	0.0327137
25	93	26.2515	-18.7142	26.1961	0.0288943
25	94	26.4062	-18.8073	26.3481	0.0251906
25	95	26.5622	-18.8961	26.502	0.0216934
25	96	26.7175	-18.984	26.6556	0.0182689
25	97	26.8747	-19.0668	26.8113	0.0150756
25	98	27.0286	-19.1532	26.9641	0.0117868
25	99	27.1849	-19.2348	27.1195	0.00870677
25	100	27.3436	-19.3138	27.2777	0.00576258
25	101	27.5029	-19.3906	27.4366	0.00292779
25	102	27.6619	-19.4642	27.5955	0.000246402
25	103	27.8189	-19.5358	27.7525	-0.00233455
25	104	27.9739	-19.6041	27.9078	-0.00476917
25	105	28.1272	-19.6685	28.0615	-0.00703949
25	106	28.2777	-19.7317	28.2125	-0.00924126
25	107	28.4275	-19.789	28.3628	-0.0112144
25	108	28.5755	-19.8424	28.5116	-0.0130271
25	109	28.7221	-19.8914	28.6588	-0.0146701
25	110	28.8666	-19.9379	28.804	-0.0162113
25	111	29.0128	-19.9623	28.9506	-0.0169733
25	112	29.1476	-20.0001	29.086	-0.0181918
25	113	29.2774	-20.0065	29.2159	-0.0183314
25	114	29.4113	-19.9411	29.3487	-0.0160194
25	115	29.5571	-19.8948	29.4938	-0.0143691
25	116	29.7121	-19.8479	29.6481	-0.0127144
25	117	29.8752	-19.7815	29.8104	-0.0104164
25	118	30.0506	-19.69	29.985	-0.00730612
25	119	30.2456	-19.5717	30.1793	-0.00333857
25	120	30.4676	-19.4208	30.4013	0.00164912
25	121	30.6859	-19.2597	30.6202	0.00689833
25	122	30.8998	-19.0866	30.8357	0.0124655
25	123	31.1068	-18.8997	31.0457	0.0184026
25	124	31.3039	-18.6995	31.247	0.0246905
25	125	31.49	-18.489	31.4389	0.0312388
25	126	31.6667	-18.2704	31.6231	0.0379729
25	127	31.8365	-18.0437	31.8021	0.0448946
25	128	31.9999	-17.8065	31.9768	0.0520762
25	129	32.1546	-17.5562	32.1453	0.0596029
25	130	32.2966	-17.2929	32.3037	0.0674749
25	131	32.4245	-17.0206	32.4507	0.0755817
25	132	32.5406	-16.7425	32.5886	0.0838235
25	133	32.6481	-16.4584	32.7206	0.0921992
25	134	32.7465	-16.1662	32.8468	0.100781
25	135	32.8319	-15.864	32.9634	0.109641
25	136	32.8998	-15.5523	33.0664	0.118788
25	137	32.9512	-15.2315	33.157	0.128211
25	138	32.9834	-14.9505	33.2259	0.136476
25	139	32.9981	-14.6858	33.2775	0.144295
26	0	-24.6298	-15.7235	24.9789	2.991
26	1	-24.636	-15.5461	25.0123	2.98402
26	2	-24.6445	-15.3688	25.049	2.97709
26	3	-24.657	-15.1919	25.0909	2.97021
26	4	-24.6737	-15.0121	25.1387	2.96328
26	5	-24.693	-14.8296	25.1907	2.95628
26	6	-24.7202	-14.646	25.2519	2.94934
26	7	-24.7476	-14.4616	25.3146	2.9424
26	8	-24.7838	-14.2791	25.3867	2.93563
26	9	-24.8224	-14.0976	25.4622	2.92896
26	10	-24.8662	-13.9187	25.5434	2.92248
26	11	-24.9125	-13.7417	25.6275	2.91613
26	12	-24.9715	-13.5709	25.7237	2.91017
26	13	-25.0375	-13.4035	25.8267	2.90445
26	14	-25.11	-13.2379	25.9365	2.8989
26	15	-25.1912	-13.0727	26.0555	2.89349
26	16	-25.3014	-12.9182	26.2005	2.88881
26	17	-25.4101	-12.7701	26.343	2.8844
26	18	-25.5439	-12.6496	26.5032	2.88128
26	19	-25.682	-12.5333	26.6667	2.8784
26	20	-25.8372	-12.4374	26.8415	2.87646
26	21	-25.9943	-12.3429	27.0179	2.87461
26	22	-26.156	-12.258	27.1964	2.87316
26	23	-26.3188	-12.1771	27.3748	2.87189
26	24	-26.4816	-12.0986	27.5527	2.87072
26	25	-26.6463	-12.0263	27.7307	2.8698
26	26	-26.8102	-11.9532	27.9082	2.86885
26	27	-26.9765	-11.8877	28.086	2.8682
26	28	-27.143	-11.8226	28.2639	2.86757
26	29	-27.3126	-11.7682	28.4419	2.86734
26	30	-27.4811	-11.7157	28.6183	2.86717
26	31	-27.6503	-11.6727	28.7928	2.86733
26	32	-27.8157	-11.6307	28.9634	2.86748
26	33	-27.9789	-11.5943	29.1305	2.86779
26	34	-28.1402	-11.5612	29.2947	2.86819
26	35	-28.3003	-11.531	29.4569	2.86867
26	36	-28.4601	-11.5066	29.6174	2.86933
26	37	-28.6198	-11.4833	29.7775	2.87002
26	38	-28.7815	-11.478	29.9348	2.8713
26	39	-28.9462	-11.4709	30.0954	2.87253
26	40	-29.115	-11.4961	30.2515	2.87482
26	41	-29.2898	-11.5344	30.4101	2.87755
26	42	-29.458	-11.5787	30.5611	2.88039
26	43	-29.6211	-11.6378	30.7036	2.88362
26	44	-29.776	-11.7198	30.8326	2.88747
26	45	-29.9325	-11.8019	30.9637	2.89131
26	46	-30.0888	-11.8892	31.0937	2.89527
26	47	-30.2464	-11.9797	31.2247	2.89932
26	48	-30.4044	-12.0743	31.3557	2.90345
26	49	-30.5638	-12.1714	31.488	2.90764
26	50	-30.7246	-12.271	31.6216	2.91189
26	51	-30.8852	-12.3738	31.7548	2.91619
26	52	-31.0465	-12.4757	31.8896	2.92044
26	53	-31.2057	-12.5788	32.0226	2.92467
26	54	-31.3611	-12.6814	32.1525	2.92882
26	55	-31.513	-12.7858	32.2792	2.93298
26	56	-31.663	-12.8895	32.4048	2.93707
26	57	-31.8106	-12.994	32.5284	2.94113
26	58	-31.9564	-13.0982	32.6508	2.94515
26	59	-32.1002	-13.2021	32.7718	2.94912
26	60	-32.2398	-13.3068	32.889	2.95305
26	61	-32.3749	-13.4105	33.0025	2.95691
26	62	-32.4999	-13.5175	33.106	2.96078
26	63	-32.6206	-13.6191	33.2067	2.96444
26	64	-32.7283	-13.723	33.2946	2.96808
26	65	-32.8523	-13.7981	33.4039	2.97094
26	66	-32.9012	-13.9204	33.4316	2.97479
26	67	-32.9443	-14.0257	33.4568	2.97811
26	68	-33.0026	-14.1399	33.4959	2.98176
26	69	-33.0406	-14.2692	33.5132	2.98575
26	70	-33.0728	-14.4135	33.5229	2.99015
26	71	-33.0987	-14.5805	33.5238	2.99519
26	72	-33.1104	-14.7768	33.5073	3.00104
26	73	-33.1082	-15.0126	33.4729	3.008
26	74	-33.0857	-15.3	33.4135	3.01644
26	75	-33.0469	-15.588	33.3402	3.02486
26	76	-32.9932	-15.8731	33.2548	3.03319
26	77	-32.9268	-16.1533	33.1596	3.04137
26	78	-32.8499	-16.4293	33.0566	3.04945
26	79	-32.7621	-16.7025	32.945	3.05746
26	80	-32.6611	-16.9727	32.8227	3.06541
26	81	-32.5455	-17.2377	32.6883	3.07322
26	82	-32.4168	-17.4947	32.5432	3.08083
26	83	-32.2779	-17.7434	32.3904	3.08823
26	84	-32.1306	-17.9857	32.2313	3.09549
26	85	-31.9744	-18.2232	32.0651	3.10267
26	86	-31.8067	-18.4557	31.8893	3.10975
26	87	-31.6258	-18.6805	31.702	3.11666
26	88	-31.4327	-18.8946	31.5044	3.1233
26	89	-31.2307	-19.0973	31.2993	3.12966
26	90	-31.0215	-19.2905	31.0884	3.13579
26	91	-30.8048	-19.4758	30.8712	-3.14144
26	92	-30.5788	-19.6527	30.6458	-3.13566
26	93	-30.3432	-19.8186	30.4116	-3.13016
26	94	-30.1002	-19.9715	30.1707	-3.125
26	95	-29.8527	-20.1112	29.926	-3.1202
26	96	-29.6335	-20.218	29.7093	-3.11645
26	97	-29.4358	-20.3013	29.5138	-3.11345
26	98	-29.251	-20.3631	29.3309	-3.11117
26	99	-29.0734	-20.4079	29.1549	-3.10945
26	100	-28.9003	-20.4467	28.9831	-3.10792
26	101	-28.7245	-20.4735	28.8084	-3.10679
26	102	-28.5528	-20.4362	28.6354	-3.10788
26	103	-28.3695	-20.3664	28.45	-3.11011
26	104	-28.1929	-20.2756	28.2707	-3.11313
26	105	-28.0165	-20.1877	28.0921	-3.11608
26	106	-27.8428	-20.1006	27.9163	-3.11904
26	107	-27.6737	-20.0129	27.7454	-3.12206
26	108	-27.5074	-19.9246	27.5775	-3.12514
26	109	-27.3427	-19.8377	27.4115	-3.12821
26	110	-27.179	-19.7521	27.2468	-3.13127
26	111	-27.0171	-19.6658	27.0843	-3.1344
26	112	-26.8583	-19.5768	26.9249	-3.13766
26	113	-26.7015	-19.488	26.7679	-3.14096
26	114	-26.5475	-19.3998	26.614	3.13892
26	115	-26.3967	-19.3132	26.4636	3.13563
26	116	-26.2511	-19.2259	26.3187	3.13228
26	117	-26.1107	-19.1386	26.1792	3.1289
26	118	-25.9754	-19.0509	26.0452	3.12546
26	119	-25.8465	-18.9605	25.9179	3.1219
26	120	-25.7214	-18.8704	25.7948	3.11831
26	121	-25.6024	-18.7787	25.6781	3.11463
26	122	-25.4893	-18.6844	25.5678	3.11083
26	123	-25.3799	-18.5888	25.4616	3.10694
26	124	-25.2766	-18.4853	25.3622	3.10272
26	125	-25.1804	-18.3705	25.2708	3.09803
26	126	-25.0978	-18.2411	25.1942	3.09276
26	127	-25.0072	-18.1092	25.1106	3.08734
26	128	-24.9476	-17.9659	25.0592	3.0815
26	129	-24.8822	-17.8294	25.0026	3.07589
26	130	-24.8432	-17.6849	24.9736	3.07001
26	131	-24.798	-17.542	24.9391	3.06417
26	132	-24.7673	-17.3937	24.9205	3.05814
26	133	-24.7325	-17.2434	24.8988	3.05201
26	134	-24.7067	-17.0885	24.8874	3.04572
26	135	-24.6826	-16.9299	24.8791	3.03928
26	136	-24.663	-16.7668	24.8768	3.03268
26	137	-24.6475	-16.5994	24.8802	3.02592
26	138	-24.636	-16.4282	24.8891	3.01903
26	139	-24.6287	-16.2541	24.9037	3.01206
26	140	-24.6249	-16.078	24.9234	3.00503
26	141	-24.6263	-15.9009	24.9494	2.99801
32	0	29.4048	-22.9139	29.5397	-0.116817
32	1	29.3949	-22.6349	29.4987	-0.107464
32	2	29.3719	-22.3547	29.447	-0.0980859
32	3	29.3347	-22.0755	29.384	-0.0887559
32	4	29.2838	-21.8003	29.3101	-0.0795552
32	5	29.2244	-21.5661	29.2332	-0.071731
32	6	29.1569	-21.3632	29.152	-0.0649555
32	7	29.0808	-21.1831	29.0649	-0.0589426
32	8	28.9945	-21.0194	28.9696	-0.0534753
32	9	28.8943	-20.8691	28.8618	-0.0484601
32	10	28.8067	-20.7126	28.7671	-0.0431736
32	11	28.6768	-20.593	28.6324	-0.0391987
32	12	28.4931	-20.5043	28.4455	-0.0363334
32	13	28.3134	-20.4037	28.2624	-0.0330101
32	14	28.1297	-20.3109	28.0759	-0.0299225
32	15	27.9446	-20.2241	27.8883	-0.0270082
32	16	27.7626	-20.1367	27.7042	-0.0240332
32	17	27.5852	-20.0454	27.5248	-0.0208713
32	18	27.4107	-19.9518	27.3485	-0.0175813
32	19	27.234	-19.865	27.1705	-0.0145045
32	20	27.0592	-19.7771	26.9945	-0.0113401
32	21	26.8865	-19.6878	26.821	-0.008086
32	22	26.7137	-19.6028	26.6476	-0.00494735
32	23	26.5421	-19.5202	26.4757	-0.00185958
32	24	26.371	-19.4407	26.3046	0.00115056
32	25	26.2042	-19.3609	26.138	0.00421086
32	26	26.0388	-19.2844	25.9731	0.00718387
32	27	25.8738	-19.212	25.8087	0.0100357
32	28	25.7105	-19.1441	25.6462	0.0127454
32	29	25.55	-19.0783	25.4866	0.0154081
32	30	25.3918	-19.0201	25.3294	0.0178021
32	31	25.2366	-18.9662	25.1752	0.020051
32	32	25.0828	-18.9195	25.0224	0.0220401
32	33	24.9292	-18.8761	24.8699	0.0239196
32	34	24.77	-18.848	24.7115	0.0252116
32	35	24.6055	-18.8243	24.5477	0.0263468
32	36	24.431	-18.8204	24.3733	0.0266957
32	37	24.2608	-18.8249	24.2031	0.0266987
32	38	24.0928	-18.8406	24.0347	0.0262294
32	39	23.926	-18.8666	23.8672	0.0253251
32	40	23.7592	-18.9	23.6996	0.0240957
32	41	23.5926	-18.94	23.5321	0.0225647
32	42	23.4258	-18.9841	23.3644	0.0208385
32	43	23.2585	-19.0312	23.1962	0.0189606
32	44	23.0905	-19.0808	23.0274	0.0169424
32	45	22.9219	-19.134	22.858	0.0147408
32	46	22.7529	-19.1929	22.6882	0.0122564
32	47	22.5826	-19.2554	22.5172	0.00957275
32	48	22.411	-19.3224	22.3451	0.00664854
32	49	22.2395	-19.3958	22.1732	0.00338946
32	50	22.068	-19.4727	22.0016	-7.97585e-05
32	51	21.8986	-19.555	21.8323	-0.00385
32	52	21.7321	-19.642	21.6664	-0.00789503
32	53	21.5676	-19.7303	21.5028	-0.0120623
32	54	21.4077	-19.8246	21.3442	-0.0165684
32	55	21.2499	-19.9203	21.1883	-0.0212093
32	56	21.0973	-20.0224	21.0382	-0.0262133
32	57	20.9472	-20.1258	20.8911	-0.0313515
32	58	20.8141	-20.2485	20.7623	-0.0374581
32	59	20.6819	-20.3731	20.6352	-0.0437344
32	60	20.5773	-20.5258	20.538	-0.0513811
32	61	20.4696	-20.6816	20.4391	-0.0592665
32	62	20.393	-20.8427	20.3728	-0.0673821
32	63	20.3283	-20.9996	20.3194	-0.0753021
32	64	20.2845	-21.158	20.2883	-0.0832505
32	65	20.2494	-21.3163	20.2672	-0.0911769
32	66	20.2231	-21.4761	20.2561	-0.0991506
32	67	20.1972	-21.6374	20.247	-0.107206
32	68	20.1792	-21.8014	20.2474	-0.115353
32	69	20.1642	-21.9676	20.2523	-0.123589
32	70	20.1526	-22.136	20.2622	-0.131907
32	71	20.1469	-22.3086	20.28	-0.140383
32	72	20.1435	-22.4844	20.302	-0.148982
32	73	20.1429	-22.6626	20.3286	-0.157653
32	74	20.147	-22.842	20.3616	-0.166324
32	75	20.1536	-23.0218	20.3986	-0.174963
32	76	20.1617	-23.2015	20.4386	-0.183552
32	77	20.1718	-23.3806	20.482	-0.192061
32	78	20.181	-23.5637	20.5267	-0.200729
32	79	20.1927	-23.75	20.5761	-0.209488
32	80	20.2067	-23.9386	20.6298	-0.21829
32	81	20.2242	-24.1281	20.6888	-0.22705
32	82	20.2451	-24.3171	20.7524	-0.235696
32	83	20.2689	-24.5045	20.8202	-0.244183
32	84	20.2959	-24.6912	20.8922	-0.25254
32	85	20.3234	-24.8771	20.966	-0.260799
32	86	20.3606	-25.0606	21.0499	-0.268764
32	87	20.3964	-25.2433	21.1336	-0.276649
32	88	20.4531	-25.419	21.2367	-0.28388
32	89	20.5149	-25.592	21.345	-0.290851
32	90	20.6033	-25.7561	21.4771	-0.296988
32	91	20.7022	-25.9192	21.6198	-0.302866
32	92	20.8137	-26.0655	21.7701	-0.307752
32	93	20.9344	-26.199	21.9258	-0.311889
32	94	21.062	-26.324	22.0858	-0.315501
32	95	21.2036	-26.4355	22.255	-0.318291
32	96	21.3488	-26.5454	22.4274	-0.320916
32	97	21.5019	-26.6472	22.6049	-0.323054
32	98	21.6572	-26.7486	22.7844	-0.325109
32	99	21.8163	-26.8463	22.9664	-0.326929
32	100	21.9773	-26.9417	23.1495	-0.328598
32	101	22.1384	-27.0355	23.3323	-0.330178
32	102	22.2995	-27.126	23.514	-0.331594
32	103	22.4588	-27.215	23.6937	-0.332958
32	104	22.619	-27.3016	23.8734	-0.334194
32	105	22.7797	-27.3872	24.0533	-0.335365
32	106	22.9409	-27.472	24.2334	-0.33648
32	107	23.1028	-27.5559	24.4139	-0.337534
32	108	23.2648	-27.6391	24.5944	-0.338544
32	109	23.4269	-27.7202	24.7742	-0.33946
32	110	23.5877	-27.8006	24.9527	-0.34035
32	111	23.7472	-27.8794	25.1293	-0.341189
32	112	23.905	-27.9567	25.3039	-0.341982
32	113	24.0626	-28.0296	25.4768	-0.342602
32	114	24.2188	-28.1007	25.6478	-0.343167
32	115	24.3728	-28.171	25.8165	-0.343722
32	116	24.5279	-28.2381	25.9851	-0.344143
32	117	24.6829	-28.302	26.1526	-0.344442
32	118	24.8363	-28.3641	26.318	-0.344696
32	119	24.9898	-28.4181	26.4807	-0.344657
32	120	25.1395	-28.4724	26.64	-0.344676
32	121	25.291	-28.5081	26.7946	-0.344021
32	122	25.4325	-28.5548	26.9435	-0.343883
32	123	25.5668	-28.5685	27.0746	-0.342687
32	124	25.7056	-28.5252	27.1909	-0.339471
32	125	25.8529	-28.4975	27.3207	-0.336718
32	126	26.0069	-28.4524	27.4513	-0.333313
32	127	26.1712	-28.3877	27.5857	-0.329148
32	128	26.3522	-28.3028	27.7298	-0.324143
32	129	26.5532	-28.1919	27.8856	-0.318076
32	130	26.7795	-28.047	28.056	-0.310649
32	131	26.9991	-27.8895	28.2178	-0.302954
32	132	27.2101	-27.7213	28.3698	-0.295077
32	133	27.4124	-27.5448	28.513	-0.287092
32	134	27.6072	-27.3608	28.6487	-0.279006
32	135	27.7953	-27.1686	28.7775	-0.270786
32	136	27.9758	-26.9672	28.8986	-0.2624
32	137	28.147	-26.7568	29.0104	-0.253864
32	138	28.3081	-26.539	29.1127	-0.245232
32	139	28.4597	-26.3151	29.2065	-0.236534
32	140	28.6029	-26.0849	29.293	-0.227748
32	141	28.7374	-25.8468	29.3714	-0.218818
32	142	28.8609	-25.5997	29.4395	-0.209716
32	143	28.9703	-25.3448	29.4947	-0.20049
32	144	29.0649	-25.0852	29.537	-0.191239
32	145	29.1467	-24.8233	29.5687	-0.182015
32	146	29.218	-24.5591	29.5923	-0.1728
32	147	29.2794	-24.2915	29.6081	-0.163539
32	148	29.3298	-24.0196	29.6148	-0.154204
32	149	29.3671	-23.7444	29.6107	-0.144826
32	150	29.3912	-23.4678	29.5959	-0.135462
32	151	29.4034	-23.1912	29.5719	-0.126136
33	0	-20.6871	-23.6116	21.1625	-2.94466
33	1	-20.6897	-23.4376	21.1317	-2.95276
33	2	-20.6948	-23.2635	21.1048	-2.96091
33	3	-20.7048	-23.0895	21.084	-2.96911
33	4	-20.718	-22.9123	21.0674	-2.97751
33	5	-20.7324	-22.7322	21.0529	-2.98606
33	6	-20.754	-22.5512	21.047	-2.99472
33	7	-20.7758	-22.3696	21.0428	-3.00341
33	8	-20.806	-22.1897	21.0487	-3.01207
33	9	-20.8359	-22.0099	21.0559	-3.02072
33	10	-20.8722	-21.8317	21.0712	-3.02932
33	11	-20.9097	-21.6546	21.0895	-3.03786
33	12	-20.9563	-21.4811	21.1185	-3.04627
33	13	-21.0049	-21.3096	21.1514	-3.05455
33	14	-21.0698	-21.1444	21.2023	-3.06258
33	15	-21.1376	-20.9798	21.2576	-3.07056
33	16	-21.2239	-20.8213	21.3331	-3.07825
33	17	-21.3224	-20.6633	21.422	-3.0859
33	18	-21.4346	-20.522	21.5267	-3.09275
33	19	-21.5569	-20.3956	21.643	-3.09886
33	20	-21.6932	-20.2859	21.7749	-3.10416
33	21	-21.8341	-20.1834	21.9121	-3.10907
33	22	-21.9814	-20.0905	22.0565	-3.1135
33	23	-22.1312	-20.0018	22.2039	-3.11768
33	24	-22.2836	-19.9164	22.3544	-3.12167
33	25	-22.44	-19.837	22.5094	-3.12533
33	26	-22.5984	-19.7596	22.6666	-3.12886
33	27	-22.7598	-19.6872	22.8273	-3.13212
33	28	-22.9236	-19.6213	22.9905	-3.13506
33	29	-23.0881	-19.5584	23.1547	-3.13782
33	30	-23.2532	-19.5003	23.3196	-3.14033
33	31	-23.4186	-19.4468	23.485	3.14056
33	32	-23.5845	-19.3992	23.6511	3.13856
33	33	-23.7513	-19.3569	23.8179	3.13681
33	34	-23.9189	-19.3176	23.9858	3.1352
33	35	-24.0906	-19.2946	24.1577	3.13429
33	36	-24.2654	-19.2767	24.3326	3.13361
33	37	-24.4466	-19.2731	24.5138	3.13352
33	38	-24.6352	-19.2895	24.7023	3.13425
33	39	-24.8209	-19.3158	24.8878	3.13536
33	40	-25.0018	-19.3643	25.0684	3.13734
33	41	-25.1823	-19.4212	25.2487	3.13962
33	42	-25.3587	-19.4936	25.4251	-3.1407
33	43	-25.5351	-19.568	25.6017	-3.1378
33	44	-25.7098	-19.6472	25.7768	-3.13476
33	45	-25.8839	-19.7273	25.9516	-3.13172
33	46	-26.0564	-19.8113	26.125	-3.12857
33	47	-26.2283	-19.8967	26.2982	-3.1254
33	48	-26.4	-19.9822	26.4713	-3.12228
33	49	-26.5699	-20.0687	26.643	-3.11916
33	50	-26.7373	-20.1551	26.8125	-3.11607
33	51	-26.9012	-20.2424	26.9786	-3.11299
33	52	-27.0624	-20.3283	27.1423	-3.11
33	53	-27.2199	-20.4152	27.3027	-3.107
33	54	-27.375	-20.5018	27.4608	-3.10405
33	55	-27.5265	-20.5906	27.6156	-3.10104
33	56	-27.6757	-20.6796	27.7684	-3.09805
33	57	-27.8202	-20.7724	27.9169	-3.09496
33	58	-27.9615	-20.8612	28.0624	-3.09203
33	59	-28.0931	-20.9559	28.1986	-3.08891
33	60	-28.2138	-21.0545	28.3245	-3.08566
33	61	-28.3424	-21.1337	28.4574	-3.08313
33	62	-28.4161	-21.2452	28.5377	-3.07938
33	63	-28.4616	-21.3849	28.5921	-3.0746
33	64	-28.5253	-21.5267	28.6656	-3.06982
33	65	-28.566	-21.6854	28.7179	-3.06441
33	66	-28.6016	-21.859	28.7673	-3.05848
33	67	-28.6348	-22.0551	28.8173	-3.0518
33	68	-28.6595	-22.283	28.8632	-3.04401
33	69	-28.6749	-22.5522	28.906	-3.03479
33	70	-28.6801	-22.8251	28.9415	-3.02544
33	71	-28.6701	-23.1001	28.9648	-3.01597
33	72	-28.6444	-23.3741	28.9749	-3.00647
33	73	-28.6045	-23.6446	28.9731	-2.99704
33	74	-28.5531	-23.9111	28.9619	-2.98767
33	75	-28.4916	-24.175	28.9428	-2.97834
33	76	-28.4195	-24.4367	28.9155	-2.969
33	77	-28.3359	-24.6959	28.8789	-2.95967
33	78	-28.2407	-24.9509	28.8326	-2.95037
33	79	-28.135	-25.2007	28.7775	-2.94115
33	80	-28.0198	-25.4456	28.7146	-2.93199
33	81	-27.8951	-25.6862	28.6439	-2.92287
33	82	-27.7597	-25.9224	28.5641	-2.91377
33	83	-27.6126	-26.1526	28.474	-2.90473
33	84	-27.4546	-26.3751	28.3738	-2.8958
33	85	-27.2875	-26.5893	28.2649	-2.88701
33	86	-27.1125	-26.7961	28.1487	-2.87833
33	87	-26.929	-26.9966	28.0248	-2.86972
33	88	-26.735	-27.1903	27.8909	-2.86116
33	89	-26.5289	-27.3745	27.7449	-2.85273
33	90	-26.312	-27.5462	27.5868	-2.84452
33	91	-26.0878	-27.7039	27.4194	-2.83663
33	92	-25.8598	-27.8494	27.2464	-2.82902
33	93	-25.6581	-27.9607	27.0892	-2.82282
33	94	-25.4786	-28.0506	26.9474	-2.81757
33	95	-25.3097	-28.1122	26.807	-2.81338
33	96	-25.1527	-28.168	26.6766	-2.8095
33	97	-24.9959	-28.1962	26.5376	-2.80657
33	98	-24.8411	-28.2133	26.3972	-2.80404
33	99	-24.6886	-28.2426	26.2631	-2.80106
33	100	-24.5351	-28.2228	26.1118	-2.79981
33	101	-24.3703	-28.149	25.9318	-2.80036
33	102	-24.1971	-28.0824	25.7463	-2.80055
33	103	-24.0276	-28.0069	25.5613	-2.80111
33	104	-23.8606	-27.9294	25.378	-2.8018
33	105	-23.6965	-27.8506	25.1971	-2.80257
33	106	-23.5349	-27.7722	25.0186	-2.80338
33	107	-23.3761	-27.6936	24.8427	-2.80424
33	108	-23.2191	-27.6161	24.669	-2.8051
33	109	-23.0649	-27.5383	24.4977	-2.80602
33	110	-22.9101	-27.459	24.3254	-2.807
33	111	-22.7559	-27.3774	24.153	-2.8081
33	112	-22.6033	-27.294	23.9816	-2.8093
33	113	-22.4558	-27.2091	23.8145	-2.81065
33	114	-22.3133	-27.124	23.652	-2.81209
33	115	-22.1762	-27.0384	23.4947	-2.81365
33	116	-22.0435	-26.9536	23.3418	-2.81526
33	117	-21.9178	-26.865	23.1943	-2.81714
33	118	-21.7979	-26.7743	23.0518	-2.81921
33	119	-21.6831	-26.681	22.9134	-2.82149
33	120	-21.5738	-26.5846	22.7795	-2.824
33	121	-21.4692	-26.4842	22.6487	-2.82677
33	122	-21.3757	-26.371	22.5249	-2.83026
33	123	-21.2803	-26.2543	22.3986	-2.83391
33	124	-21.1917	-26.1231	22.2746	-2.83832
33	125	-21.1241	-25.9864	22.1695	-2.8433
33	126	-21.0532	-25.8534	22.0629	-2.84812
33	127	-21.0093	-25.7111	21.98	-2.85374
33	128	-20.9612	-25.5704	21.8943	-2.85927
33	129	-20.9215	-25.4255	21.8162	-2.86515
33	130	-20.8829	-25.2778	21.7392	-2.8712
33	131	-20.8459	-25.1262	21.6634	-2.87748
33	132	-20.8136	-24.9703	21.5921	-2.88406
33	133	-20.7839	-24.8103	21.5231	-2.8909
33	134	-20.7585	-24.646	21.4582	-2.89803
33	135	-20.7366	-24.4778	21.3971	-2.9054
33	136	-20.7188	-24.3068	21.3403	-2.913
33	137	-20.7056	-24.1338	21.2889	-2.92078
33	138	-20.6955	-23.9598	21.2416	-2.92867
33	139	-20.6906	-23.7856	21.2007	-2.93665
38	0	25.6516	-30.8687	28.0092	-0.419091
38	1	25.618	-30.5882	27.8653	-0.410384
38	2	25.5696	-30.3118	27.7116	-0.401936
38	3	25.5114	-30.0759	27.5665	-0.394886
38	4	25.4447	-29.8709	27.4265	-0.388924
38	5	25.3716	-29.6874	27.2897	-0.383715
38	6	25.2922	-29.5171	27.1526	-0.378996
38	7	25.2004	-29.3581	27.0087	-0.374783
38	8	25.0873	-29.2191	26.8527	-0.37151
38	9	24.9322	-29.1079	26.6679	-0.369733
38	10	24.7568	-29.0053	26.4673	-0.368514
38	11	24.5761	-28.9116	26.265	-0.367664
38	12	24.397	-28.8165	26.0637	-0.366731
38	13	24.2174	-28.7259	25.8636	-0.36595
38	14	24.0402	-28.6354	25.6657	-0.365127
38	15	23.8661	-28.5431	25.4701	-0.364183
38	16	23.6902	-28.4572	25.2752	-0.363489
38	17	23.5162	-28.3686	25.0811	-0.362653
38	18	23.3435	-28.2768	24.8871	-0.361666
38	19	23.167	-28.1919	24.692	-0.360976
38	20	22.9943	-28.1048	24.4997	-0.360143
38	21	22.8253	-28.016	24.3102	-0.359175
38	22	22.6553	-27.9344	24.1224	-0.358484
38	23	22.488	-27.8521	23.9368	-0.357715
38	24	22.322	-27.7702	23.7527	-0.356933
38	25	22.1557	-27.6915	23.5693	-0.356269
38	26	21.9907	-27.6129	23.3873	-0.355579
38	27	21.8274	-27.5352	23.2072	-0.354891
38	28	21.6657	-27.4604	23.0296	-0.354284
38	29	21.5074	-27.3909	22.857	-0.353837
38	30	21.3528	-27.326	22.6895	-0.353513
38	31	21.2026	-27.2625	22.5266	-0.35318
38	32	21.0533	-27.2069	22.3673	-0.353157
38	33	20.9057	-27.1552	22.2108	-0.35327
38	34	20.7594	-27.107	22.057	-0.353512
38	35	20.6104	-27.0731	21.9054	-0.354417
38	36	20.4612	-27.0346	21.7521	-0.355135
38	37	20.3032	-27.0189	21.5986	-0.357
38	38	20.139	-27.0147	21.4433	-0.359491
38	39	19.9669	-27.0242	21.2857	-0.362752
38	40	19.8038	-27.0523	21.1433	-0.366734
38	41	19.6466	-27.0899	21.0103	-0.371087
38	42	19.4936	-27.1338	20.8839	-0.375704
38	43	19.3465	-27.1933	20.7691	-0.380969
38	44	19.2	-27.2547	20.6563	-0.386363
38	45	19.0544	-27.3213	20.5468	-0.392034
38	46	18.9084	-27.3923	20.4394	-0.397977
38	47	18.7609	-27.4672	20.3328	-0.404181
38	48	18.6121	-27.5467	20.2277	-0.41069
38	49	18.4627	-27.6321	20.1252	-0.417543
38	50	18.3117	-27.7208	20.0238	-0.424652
38	51	18.162	-27.8167	19.9274	-0.43213
38	52	18.0106	-27.9132	19.8309	-0.439748
38	53	17.8615	-28.0148	19.7399	-0.447621
38	54	17.7128	-28.1174	19.6508	-0.4556
38	55	17.5661	-28.223	19.5663	-0.463748
38	56	17.4213	-28.3319	19.4861	-0.472067
38	57	17.2796	-28.4447	19.4119	-0.480562
38	58	17.1388	-28.5592	19.3407	-0.489181
38	59	17.0206	-28.6942	19.3006	-0.498232
38	60	16.9003	-28.8287	19.26	-0.507349
38	61	16.8059	-28.9855	19.2545	-0.51685
38	62	16.709	-29.1467	19.2509	-0.526618
38	63	16.6408	-29.3158	19.2777	-0.535981
38	64	16.5753	-29.4826	19.3074	-0.545139
38	65	16.5327	-29.6557	19.3615	-0.553925
38	66	16.4955	-29.8321	19.4234	-0.562658
38	67	16.4734	-30.0137	19.5023	-0.57114
38	68	16.4496	-30.1959	19.5814	-0.579624
38	69	16.4324	-30.3799	19.6685	-0.587929
38	70	16.4171	-30.5653	19.7592	-0.596166
38	71	16.4059	-30.751	19.855	-0.604221
38	72	16.398	-30.9373	19.9549	-0.61213
38	73	16.3946	-31.1226	20.0592	-0.619786
38	74	16.3914	-31.3057	20.1635	-0.627273
38	75	16.3914	-31.4862	20.2699	-0.63448
38	76	16.3912	-31.6637	20.3756	-0.641505
38	77	16.3933	-31.843	20.485	-0.648452
38	78	16.3966	-32.0232	20.5969	-0.655329
38	79	16.403	-32.2033	20.7122	-0.662035
38	80	16.4108	-32.3819	20.8286	-0.668569
38	81	16.4224	-32.5574	20.9469	-0.674801
38	82	16.437	-32.7286	21.0657	-0.680713
38	83	16.4522	-32.895	21.1825	-0.686368
38	84	16.4747	-33.0581	21.3036	-0.691622
38	85	16.498	-33.2182	21.4239	-0.696685
38	86	16.5252	-33.375	21.5456	-0.701457
38	87	16.5599	-33.5281	21.6712	-0.705815
38	88	16.6009	-33.6777	21.7995	-0.709819
38	89	16.6444	-33.8255	21.929	-0.713638
38	90	16.6894	-33.9751	22.0612	-0.717431
38	91	16.7692	-34.1138	22.2125	-0.719773
38	92	16.8486	-34.2616	22.3697	-0.722406
38	93	16.9607	-34.3987	22.5445	-0.72368
38	94	17.0692	-34.5348	22.7159	-0.725005
38	95	17.1971	-34.6515	22.8891	-0.725116
38	96	17.3256	-34.7681	23.0626	-0.725206
38	97	17.4676	-34.8736	23.2389	-0.724548
38	98	17.6152	-34.9763	23.4174	-0.723654
38	99	17.7665	-35.0781	23.5983	-0.722641
38	100	17.924	-35.1755	23.7808	-0.721332
38	101	18.0841	-35.2729	23.9653	-0.719972
38	102	18.2452	-35.3683	24.1494	-0.718547
38	103	18.4052	-35.4627	24.3321	-0.717137
38	104	18.5648	-35.5557	24.5135	-0.715717
38	105	18.7234	-35.6471	24.6931	-0.714297
38	106	18.883	-35.7377	24.8731	-0.712845
38	107	19.0439	-35.8275	25.0536	-0.711357
38	108	19.2062	-35.9168	25.2348	-0.709836
38	109	19.3689	-36.0068	25.4169	-0.708352
38	110	19.5322	-36.0955	25.5987	-0.706834
38	111	19.6963	-36.1812	25.7791	-0.705228
38	112	19.8602	-36.2638	25.9575	-0.70356
38	113	20.0215	-36.3474	26.1347	-0.702005
38	114	20.1821	-36.4283	26.3096	-0.700409
38	115	20.3426	-36.5058	26.4823	-0.698743
38	116	20.5025	-36.5807	26.6529	-0.697036
38	117	20.6611	-36.6537	26.8214	-0.695327
38	118	20.8196	-36.7209	26.9862	-0.693476
38	119	20.9757	-36.7861	27.148	-0.691646
38	120	21.1298	-36.842	27.3024	-0.689623
38	121	21.2812	-36.888	27.4485	-0.687408
38	122	21.4233	-36.9461	27.5953	-0.685766
38	123	21.5618	-36.9587	27.7105	-0.682952
38	124	21.7079	-36.93	27.8059	-0.678837
38	125	21.862	-36.9139	27.916	-0.674921
38	126	22.0216	-36.8781	28.0185	-0.670362
38	127	22.1919	-36.8256	28.1197	-0.665138
38	128	22.3782	-36.7518	28.2213	-0.659006
38	129	22.5875	-36.6528	28.3269	-0.65172
38	130	22.8259	-36.521	28.4376	-0.642948
38	131	23.0588	-36.3744	28.5373	-0.633945
38	132	23.2833	-36.2148	28.6248	-0.62481
38	133	23.4983	-36.0451	28.7011	-0.61563
38	134	23.7052	-35.867	28.7684	-0.606423
38	135	23.9052	-35.6802	28.8276	-0.597144
38	136	24.098	-35.4834	28.8776	-0.587754
38	137	24.2815	-35.2761	28.9167	-0.578269
38	138	24.4539	-35.06	28.9442	-0.56876
38	139	24.6157	-34.8372	28.9619	-0.559271
38	140	24.7684	-34.6085	28.9713	-0.549782
38	141	24.9127	-34.3725	28.9723	-0.540234
38	142	25.0469	-34.1273	28.9626	-0.530592
38	143	25.1675	-33.8731	28.9394	-0.520905
38	144	25.2728	-33.6128	28.9025	-0.51128
38	145	25.3639	-33.3495	28.8544	-0.501778
38	146	25.4437	-33.0841	28.798	-0.492366
38	147	25.5134	-32.8155	28.7337	-0.48298
38	148	25.5719	-32.5423	28.6599	-0.473591
38	149	25.617	-32.2653	28.575	-0.464242
38	150	25.6481	-31.9867	28.4792	-0.455007
38	151	25.6663	-31.7083	28.3744	-0.44591
38	152	25.6735	-31.4298	28.2619	-0.436912
38	153	25.6693	-31.1501	28.1409	-0.427968
39	0	-16.7999	-31.5678	20.7558	-2.5194
39	1	-16.8072	-31.3917	20.6597	-2.52654
39	2	-16.8189	-31.2177	20.5693	-2.53377
39	3	-16.8327	-31.0419	20.4809	-2.54121
39	4	-16.8469	-30.8641	20.3927	-2.54879
39	5	-16.8659	-30.6848	20.3089	-2.55664
39	6	-16.8857	-30.5039	20.2262	-2.56464
39	7	-16.9121	-30.3228	20.1502	-2.57288
39	8	-16.9415	-30.1407	20.0776	-2.58131
39	9	-16.9742	-29.9593	20.0097	-2.58986
39	10	-17.0148	-29.7804	19.9512	-2.59856
39	11	-17.0545	-29.6026	19.8941	-2.60724
39	12	-17.1066	-29.4319	19.8528	-2.61599
39	13	-17.1633	-29.2653	19.819	-2.62469
39	14	-17.226	-29.1012	19.7932	-2.63346
39	15	-17.3052	-28.9429	19.7861	-2.6424
39	16	-17.3979	-28.7867	19.7935	-2.65157
39	17	-17.4941	-28.6404	19.8104	-2.66037
39	18	-17.5989	-28.5028	19.8403	-2.66897
39	19	-17.7297	-28.3901	19.9061	-2.677
39	20	-17.8634	-28.2793	19.9766	-2.68495
39	21	-18.0057	-28.1777	20.0602	-2.69263
39	22	-18.1537	-28.084	20.1534	-2.70001
39	23	-18.3037	-27.9945	20.2512	-2.70717
39	24	-18.4552	-27.909	20.3531	-2.71411
39	25	-18.6083	-27.8286	20.4596	-2.72079
39	26	-18.7632	-27.7541	20.571	-2.72717
39	27	-18.9184	-27.682	20.6844	-2.73338
39	28	-19.075	-27.6144	20.8016	-2.73936
39	29	-19.233	-27.5514	20.9227	-2.74508
39	30	-19.3914	-27.4912	21.0459	-2.75062
39	31	-19.5512	-27.4382	21.1738	-2.75582
39	32	-19.7112	-27.3904	21.3043	-2.76072
39	33	-19.8703	-27.3449	21.4353	-2.76545
39	34	-20.0309	-27.3111	21.5724	-2.76964
39	35	-20.1908	-27.2826	21.7112	-2.77354
39	36	-20.3517	-27.2608	21.8536	-2.77712
39	37	-20.5162	-27.2455	22.0019	-2.78044
39	38	-20.686	-27.2533	22.1637	-2.78282
39	39	-20.8636	-27.2687	22.3354	-2.78496
39	40	-21.04	-27.2962	22.5103	-2.78655
39	41	-21.2149	-27.3395	22.6894	-2.78744
39	42	-21.3911	-27.39	22.8722	-2.78804
39	43	-21.5669	-27.4575	23.0604	-2.78794
39	44	-21.7422	-27.5298	23.25	-2.78763
39	45	-21.9151	-27.6073	23.439	-2.78709
39	46	-22.0862	-27.6852	23.6265	-2.78651
39	47	-22.2548	-27.7635	23.8118	-2.78589
39	48	-22.4204	-27.8438	23.995	-2.78515
39	49	-22.5835	-27.9259	24.1765	-2.78432
39	50	-22.7471	-28.0047	24.3573	-2.78364
39	51	-22.9091	-28.0847	24.5371	-2.7829
39	52	-23.0704	-28.1683	24.7175	-2.78203
39	53	-23.2318	-28.2517	24.898	-2.78117
39	54	-23.3924	-28.335	25.0776	-2.78032
39	55	-23.5483	-28.4196	25.2533	-2.77937
39	56	-23.7003	-28.5039	25.4253	-2.77839
39	57	-23.8473	-28.5868	25.5923	-2.7774
39	58	-23.9894	-28.67	25.7547	-2.77635
39	59	-24.1261	-28.7559	25.913	-2.77514
39	60	-24.254	-28.8476	26.0654	-2.77361
39	61	-24.3892	-28.9204	26.2177	-2.77287
39	62	-24.4719	-29.0256	26.3329	-2.77028
39	63	-24.5263	-29.1609	26.4328	-2.76625
39	64	-24.5996	-29.2973	26.5513	-2.76249
39	65	-24.6526	-29.4545	26.659	-2.75774
39	66	-24.7067	-29.6265	26.7739	-2.75254
39	67	-24.7448	-29.8241	26.8846	-2.74628
39	68	-24.7819	-30.0506	27.0068	-2.73907
39	69	-24.8104	-30.316	27.1379	-2.73049
39	70	-24.8306	-30.5812	27.2635	-2.72186
39	71	-24.8417	-30.8473	27.3831	-2.71315
39	72	-24.843	-31.1152	27.4967	-2.70431
39	73	-24.8318	-31.3852	27.602	-2.69528
39	74	-24.8057	-31.6556	27.6963	-2.68606
39	75	-24.7643	-31.9235	27.7783	-2.67675
39	76	-24.7099	-32.187	27.8489	-2.66742
39	77	-24.6449	-32.4462	27.9107	-2.65809
39	78	-24.57	-32.7027	27.9648	-2.64872
39	79	-24.4839	-32.9571	28.0106	-2.63927
39	80	-24.3846	-33.2085	28.0459	-2.6297
39	81	-24.2714	-33.4542	28.0689	-2.6201
39	82	-24.1463	-33.6921	28.0802	-2.61053
39	83	-24.0119	-33.9223	28.0822	-2.60104
39	84	-23.8698	-34.1463	28.0768	-2.5916
39	85	-23.7195	-34.3655	28.0645	-2.58214
39	86	-23.5591	-34.5798	28.0436	-2.57262
39	87	-23.3869	-34.7873	28.0116	-2.56307
39	88	-23.2034	-34.9852	27.9674	-2.55356
39	89	-23.0109	-35.1722	27.9122	-2.54416
39	90	-22.8115	-35.3493	27.8482	-2.53488
39	91	-22.6058	-35.5179	27.7765	-2.52566
39	92	-22.3927	-35.6786	27.6965	-2.51648
39	93	-22.1709	-35.8302	27.6065	-2.50733
39	94	-21.941	-35.9703	27.5055	-2.49827
39	95	-21.7053	-36.0976	27.3944	-2.48939
39	96	-21.4662	-36.2127	27.2752	-2.48072
39	97	-21.2545	-36.2987	27.1616	-2.47344
39	98	-21.0629	-36.3623	27.0512	-2.4672
39	99	-20.8838	-36.4051	26.9384	-2.46181
39	100	-20.7121	-36.4316	26.8218	-2.45702
39	101	-20.543	-36.4371	26.6945	-2.45285
39	102	-20.3769	-36.4574	26.5794	-2.44829
39	103	-20.2169	-36.4232	26.4347	-2.44542
39	104	-20.051	-36.328	26.2463	-2.44415
39	105	-19.8775	-36.2428	26.0586	-2.44238
39	106	-19.7084	-36.149	25.8689	-2.44094
39	107	-19.542	-36.0549	25.681	-2.43957
39	108	-19.3782	-35.9601	25.4947	-2.43826
39	109	-19.2167	-35.8667	25.3112	-2.43694
39	110	-19.0591	-35.7724	25.1301	-2.43574
39	111	-18.904	-35.6791	24.9516	-2.43455
39	112	-18.7524	-35.5846	24.7749	-2.43348
39	113	-18.6029	-35.491	24.6005	-2.43242
39	114	-18.4575	-35.3962	24.4284	-2.43149
39	115	-18.3165	-35.3007	24.2593	-2.43068
39	116	-18.181	-35.2046	24.0938	-2.43004
39	117	-18.0519	-35.1079	23.9329	-2.42957
39	118	-17.9291	-35.0093	23.7756	-2.42934
39	119	-17.8107	-34.9113	23.622	-2.4292
39	120	-17.7018	-34.8081	23.4721	-2.4295
39	121	-17.5945	-34.7085	23.3257	-2.42972
39	122	-17.4969	-34.6022	23.1824	-2.43044
39	123	-17.4003	-34.4957	23.0397	-2.43121
39	124	-17.3076	-34.3827	22.8958	-2.43231
39	125	-17.2283	-34.2553	22.7527	-2.43429
39	126	-17.155	-34.1189	22.6084	-2.43677
39	127	-17.0885	-33.9836	22.4701	-2.43944
39	128	-17.0421	-33.8432	22.3441	-2.4429
39	129	-16.9996	-33.7018	22.2209	-2.44654
39	130	-16.9624	-33.5571	22.0997	-2.45049
39	131	-16.9273	-33.4088	21.9784	-2.45467
39	132	-16.9026	-33.2564	21.8629	-2.45934
39	133	-16.8784	-33.1011	21.7464	-2.46418
39	134	-16.8567	-32.9424	21.6303	-2.46927
39	135	-16.8408	-32.7801	21.5171	-2.47472
39	136	-16.825	-32.6147	21.4028	-2.48033
39	137	-16.8149	-32.4458	21.2914	-2.4863
39	138	-16.8047	-32.274	21.1791	-2.49244
39	139	-16.7992	-32.0994	21.0695	-2.49888
39	140	-16.7955	-31.9228	20.9612	-2.50552
39	141	-16.7952	-31.7452	20.8559	-2.51236
43	0	21.4711	-39.2714	29.1585	-0.746485
43	1	21.4617	-38.986	28.9585	-0.739469
43	2	21.4357	-38.7024	28.7488	-0.732791
43	3	21.3945	-38.4584	28.5554	-0.727405
43	4	21.3457	-38.2434	28.3763	-0.72289
43	5	21.2829	-38.0506	28.2018	-0.719234
43	6	21.2177	-37.8681	28.0327	-0.715871
43	7	21.1254	-37.7023	27.8544	-0.713554
43	8	21.0053	-37.5607	27.6709	-0.712527
43	9	20.8342	-37.4443	27.4653	-0.713393
43	10	20.6569	-37.3332	27.2585	-0.714567
43	11	20.4765	-37.227	27.0527	-0.71597
43	12	20.2981	-37.1212	26.8487	-0.717357
43	13	20.1207	-37.0178	26.6471	-0.718813
43	14	19.9441	-36.9189	26.4491	-0.720395
43	15	19.7703	-36.8207	26.2537	-0.721949
43	16	19.5991	-36.7213	26.0595	-0.723428
43	17	19.4256	-36.6282	25.8679	-0.725173
43	18	19.2537	-36.5338	25.6768	-0.72686
43	19	19.084	-36.438	25.4863	-0.728476
43	20	18.9139	-36.3468	25.2987	-0.730263
43	21	18.7451	-36.2582	25.1139	-0.732117
43	22	18.5776	-36.1721	24.9318	-0.734038
43	23	18.4117	-36.0865	24.7513	-0.735961
43	24	18.2461	-36.0021	24.5719	-0.737938
43	25	18.0799	-35.9201	24.3938	-0.740037
43	26	17.9138	-35.8391	24.2167	-0.742191
43	27	17.7496	-35.7634	24.0445	-0.744487
43	28	17.5889	-35.6913	23.8775	-0.746828
43	29	17.4301	-35.6277	23.7179	-0.749407
43	30	17.2747	-35.5688	23.5641	-0.75207
43	31	17.1219	-35.5197	23.419	-0.754996
43	32	16.9739	-35.4747	23.2805	-0.757943
43	33	16.8273	-35.4343	23.1464	-0.76103
43	34	16.678	-35.4062	23.019	-0.764622
43	35	16.5243	-35.3804	22.8904	-0.768453
43	36	16.3626	-35.3824	22.7759	-0.773455
43	37	16.1929	-35.3823	22.6547	-0.778681
43	38	16.0314	-35.412	22.561	-0.784646
43	39	15.8752	-35.4453	22.4744	-0.790608
43	40	15.7221	-35.4852	22.3955	-0.796719
43	41	15.572	-35.5351	22.3267	-0.803088
43	42	15.4253	-35.5952	22.2685	-0.809705
43	43	15.2798	-35.6603	22.2158	-0.816466
43	44	15.135	-35.7293	22.1674	-0.823358
43	45	14.9902	-35.8024	22.1232	-0.830405
43	46	14.8457	-35.88	22.0836	-0.837607
43	47	14.7005	-35.9608	22.047	-0.844952
43	48	14.5565	-36.048	22.0172	-0.852471
43	49	14.413	-36.1388	21.9919	-0.860104
43	50	14.2738	-36.2371	21.9762	-0.867822
43	51	14.1367	-36.3372	21.9646	-0.875529
43	52	14.0068	-36.4442	21.9642	-0.883192
43	53	13.8816	-36.5541	21.9703	-0.89077
43	54	13.7631	-36.6711	21.9874	-0.898308
43	55	13.6589	-36.7926	22.0181	-0.90545
43	56	13.5626	-36.9125	22.0534	-0.912237
43	57	13.4769	-37.0377	22.1005	-0.918772
43	58	13.4042	-37.1685	22.1607	-0.924961
43	59	13.3365	-37.3014	22.2266	-0.930992
43	60	13.2836	-37.4417	22.3079	-0.936652
43	61	13.2362	-37.5844	22.3951	-0.942129
43	62	13.1902	-37.7266	22.4834	-0.947506
43	63	13.1523	-37.8702	22.5781	-0.95258
43	64	13.1207	-38.0129	22.6764	-0.957365
43	65	13.09	-38.1544	22.7747	-0.96204
43	66	13.0687	-38.2951	22.8781	-0.96632
43	67	13.0489	-38.4349	22.9821	-0.970488
43	68	13.0329	-38.5762	23.0898	-0.974519
43	69	13.0213	-38.7182	23.201	-0.978368
43	70	13.0129	-38.8627	23.3164	-0.982126
43	71	13.0078	-39.0103	23.4364	-0.985806
43	72	13.0062	-39.1597	23.5602	-0.989364
43	73	13.0133	-39.3125	23.692	-0.992654
43	74	13.0194	-39.4676	23.8253	-0.995998
43	75	13.0366	-39.6219	23.9642	-0.998896
43	76	13.0542	-39.7787	24.1057	-1.0018
43	77	13.0799	-39.9355	24.2518	-1.00439
43	78	13.1086	-40.0907	24.3982	-1.00682
43	79	13.1408	-40.2483	24.5487	-1.00914
43	80	13.1809	-40.4056	24.7032	-1.01115
43	81	13.2199	-40.5627	24.8571	-1.01318
43	82	13.2687	-40.7209	25.0172	-1.01487
43	83	13.3197	-40.8797	25.179	-1.01648
43	84	13.3781	-41.0398	25.3459	-1.01784
43	85	13.44	-41.1999	25.5147	-1.01907
43	86	13.5116	-41.3543	25.6837	-1.01985
43	87	13.5838	-41.5087	25.8531	-1.0206
43	88	13.665	-41.6572	26.0221	-1.02093
43	89	13.746	-41.8051	26.1906	-1.02124
43	90	13.8355	-41.9473	26.3585	-1.02116
43	91	13.9265	-42.0878	26.5259	-1.021
43	92	14.0211	-42.2258	26.693	-1.02068
43	93	14.1347	-42.346	26.8549	-1.01942
43	94	14.2507	-42.466	27.0179	-1.01808
43	95	14.3832	-42.5683	27.1746	-1.01591
43	96	14.5205	-42.6691	27.3326	-1.01359
43	97	14.6739	-42.7597	27.4908	-1.01059
43	98	14.8467	-42.8441	27.6543	-1.00692
43	99	15.019	-42.9217	27.8122	-1.00317
43	100	15.1935	-42.9882	27.9622	-0.999193
43	101	15.3678	-43.0524	28.1108	-0.995213
43	102	15.5446	-43.1106	28.2561	-0.991085
43	103	15.7231	-43.1658	28.4003	-0.98689
43	104	15.903	-43.219	28.5441	-0.98266
43	105	16.0841	-43.2669	28.6847	-0.978334
43	106	16.2642	-43.313	28.8238	-0.974045
43	107	16.4444	-43.3509	28.9567	-0.969632
43	108	16.623	-43.3866	29.0874	-0.965263
43	109	16.801	-43.4151	29.2125	-0.960809
43	110	16.978	-43.4427	29.3368	-0.956401
43	111	17.1555	-43.4653	29.4578	-0.951919
43	112	17.3337	-43.4836	29.5765	-0.94737
43	113	17.5128	-43.4989	29.6937	-0.942773
43	114	17.6913	-43.5086	29.8068	-0.93812
43	115	17.8685	-43.5149	29.917	-0.933467
43	116	18.044	-43.5181	30.0243	-0.928832
43	117	18.2173	-43.5157	30.1265	-0.924178
43	118	18.3884	-43.5126	30.2274	-0.919599
43	119	18.5574	-43.505	30.3242	-0.915015
43	120	18.7246	-43.4948	30.4183	-0.910455
43	121	18.89	-43.4833	30.511	-0.90594
43	122	19.052	-43.4694	30.6003	-0.901496
43	123	19.2089	-43.4488	30.6818	-0.897069
43	124	19.3622	-43.4396	30.7705	-0.892986
43	125	19.4972	-43.3929	30.819	-0.888625
43	126	19.6242	-43.3009	30.8281	-0.883546
43	127	19.7611	-43.2163	30.85	-0.878375
43	128	19.8962	-43.1134	30.8575	-0.872877
43	129	20.0325	-42.9886	30.85	-0.866894
43	130	20.1754	-42.8414	30.8309	-0.860268
43	131	20.3275	-42.6623	30.7953	-0.85273
43	132	20.4947	-42.4431	30.7415	-0.843944
43	133	20.652	-42.212	30.6744	-0.835104
43	134	20.7959	-41.9692	30.5922	-0.826292
43	135	20.9236	-41.7181	30.4952	-0.817633
43	136	21.0362	-41.4623	30.3867	-0.809171
43	137	21.1366	-41.2027	30.2692	-0.800854
43	138	21.2258	-40.9382	30.1424	-0.79262
43	139	21.3024	-40.6676	30.0044	-0.784472
43	140	21.3641	-40.3922	29.8544	-0.776482
43	141	21.4106	-40.1144	29.6939	-0.768711
43	142	21.4436	-39.8357	29.5246	-0.761147
43	143	21.4641	-39.555	29.3468	-0.753741
44	0	-11.5252	-39.2242	22.9032	-2.10147
44	1	-11.5439	-39.0513	22.7638	-2.10602
44	2	-11.5709	-38.8803	22.6307	-2.1109
44	3	-11.6002	-38.7111	22.5009	-2.11588
44	4	-11.6329	-38.5406	22.3724	-2.12109
44	5	-11.6702	-38.3689	22.2459	-2.12655
44	6	-11.7128	-38.1939	22.1201	-2.13236
44	7	-11.7625	-38.0145	21.9951	-2.13862
44	8	-11.8179	-37.8352	21.8742	-2.14516
44	9	-11.8746	-37.6647	21.7623	-2.1516
44	10	-11.9365	-37.4942	21.6542	-2.15831
44	11	-12.0167	-37.3308	21.5633	-2.16561
44	12	-12.1169	-37.1654	21.4831	-2.17379
44	13	-12.2539	-36.9896	21.4171	-2.18371
44	14	-12.4565	-36.7759	21.3608	-2.19723
44	15	-12.6042	-36.5959	21.3028	-2.20779
44	16	-12.742	-36.443	21.2628	-2.21728
44	17	-12.8753	-36.2993	21.2292	-2.22637
44	18	-13.011	-36.1614	21.2035	-2.23541
44	19	-13.1635	-36.0418	21.2043	-2.24455
44	20	-13.3169	-35.936	21.2181	-2.25331
44	21	-13.4776	-35.8493	21.253	-2.26175
44	22	-13.639	-35.7696	21.2951	-2.26998
44	23	-13.8018	-35.6956	21.344	-2.27805
44	24	-13.9669	-35.6268	21.3997	-2.286
44	25	-14.1343	-35.5615	21.4608	-2.29388
44	26	-14.3051	-35.5015	21.5295	-2.30168
44	27	-14.4784	-35.4431	21.6024	-2.30946
44	28	-14.6554	-35.3912	21.6838	-2.3171
44	29	-14.8344	-35.3427	21.7703	-2.32465
44	30	-15.0148	-35.2984	21.8621	-2.33206
44	31	-15.1962	-35.2593	21.9595	-2.33926
44	32	-15.3779	-35.2242	22.061	-2.34629
44	33	-15.56	-35.1934	22.1671	-2.35313
44	34	-15.7426	-35.1687	22.2788	-2.35973
44	35	-15.9248	-35.1528	22.3973	-2.36596
44	36	-16.1077	-35.1435	22.5218	-2.37194
44	37	-16.2919	-35.15	22.6589	-2.37739
44	38	-16.4783	-35.1642	22.8036	-2.3826
44	39	-16.6675	-35.2035	22.9681	-2.38703
44	40	-16.8519	-35.2522	23.136	-2.39095
44	41	-17.0297	-35.3183	23.3112	-2.39408
44	42	-17.2048	-35.3927	23.4903	-2.39683
44	43	-17.3756	-35.4784	23.674	-2.39906
44	44	-17.5458	-35.5662	23.8588	-2.40117
44	45	-17.7134	-35.6597	24.0457	-2.403
44	46	-17.8815	-35.7532	24.233	-2.40482
44	47	-18.0493	-35.8481	24.4211	-2.40655
44	48	-18.2166	-35.9437	24.6094	-2.40823
44	49	-18.3813	-36.0427	24.798	-2.40971
44	50	-18.5444	-36.1418	24.9856	-2.41112
44	51	-18.7042	-36.2397	25.17	-2.41246
44	52	-18.8606	-36.3363	25.351	-2.41373
44	53	-19.0129	-36.433	25.529	-2.41487
44	54	-19.1621	-36.5286	25.704	-2.41595
44	55	-19.3073	-36.6251	25.8767	-2.41688
44	56	-19.4477	-36.7241	26.0475	-2.41761
44	57	-19.5852	-36.8231	26.2161	-2.41825
44	58	-19.7153	-36.9246	26.3808	-2.41863
44	59	-19.8354	-37.0307	26.541	-2.41863
44	60	-19.9604	-37.1224	26.6954	-2.41916
44	61	-20.0437	-37.2342	26.8319	-2.41808
44	62	-20.0884	-37.3802	26.9621	-2.41512
44	63	-20.1476	-37.5249	27.1027	-2.41258
44	64	-20.1971	-37.6827	27.2448	-2.40947
44	65	-20.2295	-37.8593	27.3871	-2.40547
44	66	-20.2602	-38.0576	27.5433	-2.40088
44	67	-20.2795	-38.2875	27.7131	-2.39522
44	68	-20.2932	-38.5578	27.9074	-2.38845
44	69	-20.2966	-38.8307	28.0972	-2.38145
44	70	-20.2889	-39.1058	28.2819	-2.37421
44	71	-20.2678	-39.3813	28.4588	-2.36672
44	72	-20.2337	-39.6548	28.6266	-2.35907
44	73	-20.1885	-39.925	28.7859	-2.3513
44	74	-20.1339	-40.1925	28.9385	-2.34346
44	75	-20.0697	-40.4584	29.085	-2.33549
44	76	-19.9942	-40.723	29.2246	-2.32736
44	77	-19.906	-40.9845	29.3552	-2.31906
44	78	-19.8054	-41.2408	29.4757	-2.31064
44	79	-19.6946	-41.4908	29.5867	-2.30218
44	80	-19.5757	-41.7352	29.6902	-2.2937
44	81	-19.4497	-41.9754	29.7881	-2.2852
44	82	-19.315	-42.2117	29.8794	-2.27661
44	83	-19.1857	-42.4109	29.948	-2.26901
44	84	-19.0582	-42.5795	29.9959	-2.26214
44	85	-18.9332	-42.7271	30.0306	-2.2558
44	86	-18.8033	-42.8546	30.0476	-2.24977
44	87	-18.6757	-42.9767	30.063	-2.24391
44	88	-18.5301	-43.0729	30.048	-2.23813
44	89	-18.3734	-43.1387	30.0031	-2.23267
44	90	-18.1864	-43.1585	29.9042	-2.22733
44	91	-18.0035	-43.1925	29.82	-2.22178
44	92	-17.8204	-43.2205	29.7317	-2.21631
44	93	-17.6377	-43.246	29.6427	-2.21086
44	94	-17.4543	-43.2709	29.5536	-2.20538
44	95	-17.27	-43.2946	29.4638	-2.19987
44	96	-17.0847	-43.3144	29.3712	-2.19437
44	97	-16.8993	-43.3327	29.2783	-2.18887
44	98	-16.7146	-43.3465	29.1829	-2.18344
44	99	-16.5311	-43.3582	29.0874	-2.17804
44	100	-16.349	-43.3679	28.9918	-2.17269
44	101	-16.1676	-43.3734	28.8941	-2.16741
44	102	-15.987	-43.3762	28.7954	-2.16217
44	103	-15.8069	-43.3774	28.6964	-2.15693
44	104	-15.6274	-43.3754	28.5958	-2.15174
44	105	-15.4477	-43.3737	28.4961	-2.1465
44	106	-15.2681	-43.3678	28.3938	-2.14131
44	107	-15.0883	-43.3601	28.2906	-2.13611
44	108	-14.9088	-43.3475	28.1842	-2.13097
44	109	-14.7294	-43.3336	28.0774	-2.12582
44	110	-14.5502	-43.3168	27.969	-2.12069
44	111	-14.3712	-43.2957	27.8579	-2.11561
44	112	-14.1918	-43.2731	27.7459	-2.1105
44	113	-14.0124	-43.2448	27.6298	-2.10546
44	114	-13.833	-43.2126	27.5111	-2.10044
44	115	-13.6565	-43.1681	27.3837	-2.0957
44	116	-13.4867	-43.1079	27.2469	-2.09142
44	117	-13.3266	-43.0175	27.0889	-2.08795
44	118	-13.1675	-42.9165	26.9227	-2.08467
44	119	-13.0133	-42.7933	26.7396	-2.08191
44	120	-12.8694	-42.6759	26.567	-2.07935
44	121	-12.7354	-42.5538	26.3951	-2.07716
44	122	-12.6029	-42.4257	26.2189	-2.07512
44	123	-12.4657	-42.2849	26.0294	-2.07312
44	124	-12.3142	-42.1155	25.808	-2.07113
44	125	-12.116	-41.911	25.5336	-2.06816
44	126	-11.9684	-41.72	25.2954	-2.06664
44	127	-11.8661	-41.5393	25.0877	-2.06648
44	128	-11.7866	-41.361	24.8931	-2.06707
44	129	-11.7316	-41.1782	24.7062	-2.06864
44	130	-11.6811	-40.9965	24.5225	-2.07037
44	131	-11.6463	-40.8136	24.3454	-2.07271
44	132	-11.6121	-40.6317	24.1695	-2.07509
44	133	-11.5896	-40.4489	23.9986	-2.07795
44	134	-11.5681	-40.2674	23.8296	-2.08086
44	135	-11.552	-40.0883	23.6656	-2.08396
44	136	-11.5356	-39.9135	23.5054	-2.08701
44	137	-11.5211	-39.7411	23.3484	-2.09011
44	138	-11.5133	-39.5696	23.1958	-2.09349
44	139	-11.5117	-39.3972	23.0457	-2.09716
48	0	20.301	-47.1197	34.2621	-0.939018
48	1	20.2892	-46.8925	34.072	-0.935357
48	2	20.2657	-46.6644	33.8747	-0.931918
48	3	20.2319	-46.4362	33.6715	-0.928684
48	4	20.1893	-46.208	33.4634	-0.925619
48	5	20.1387	-45.9791	33.2503	-0.922695
48	6	20.0805	-45.7497	33.0323	-0.919907
48	7	20.015	-45.5202	32.8102	-0.917258
48	8	19.9431	-45.2917	32.5851	-0.914745
48	9	19.8655	-45.0647	32.358	-0.912367
48	10	19.792	-44.8715	32.1603	-0.910499
48	11	19.7199	-44.7046	31.9843	-0.909078
48	12	19.6463	-44.5577	31.8232	-0.908066
48	13	19.5681	-44.4261	31.6713	-0.907456
48	14	19.481	-44.3071	31.5239	-0.907308
48	15	19.3757	-44.2077	31.3808	-0.908004
48	16	19.2483	-44.1455	31.2535	-0.909993
48	17	19.0861	-44.1202	31.1341	-0.913604
48	18	18.91	-44.1172	31.0245	-0.918038
48	19	18.7328	-44.1229	30.9217	-0.922704
48	20	18.5552	-44.1251	30.8166	-0.927341
48	21	18.3776	-44.1317	30.7156	-0.932097
48	22	18.2012	-44.1374	30.6154	-0.936835
48	23	18.0268	-44.1419	30.5161	-0.941526
48	24	17.8546	-44.1495	30.4212	-0.946249
48	25	17.6837	-44.1538	30.3251	-0.950902
48	26	17.5133	-44.1515	30.2245	-0.955447
48	27	17.3432	-44.1421	30.119	-0.959881
48	28	17.1736	-44.1255	30.0084	-0.96419
48	29	17.0053	-44.1019	29.8933	-0.968366
48	30	16.8365	-44.0763	29.7768	-0.97255
48	31	16.6666	-44.0545	29.6634	-0.976871
48	32	16.4961	-44.0297	29.5477	-0.981181
48	33	16.3251	-43.9997	29.428	-0.985445
48	34	16.153	-43.9681	29.3068	-0.989745
48	35	15.9798	-43.938	29.1869	-0.994139
48	36	15.8063	-43.9104	29.0694	-0.998625
48	37	15.6351	-43.8799	28.9513	-1.00303
48	38	15.466	-43.8464	28.8324	-1.00734
48	39	15.2975	-43.816	28.717	-1.01174
48	40	15.1297	-43.7846	28.6017	-1.01613
48	41	14.9619	-43.7532	28.4869	-1.02056
48	42	14.7932	-43.727	28.3766	-1.02514
48	43	14.6234	-43.7069	28.2717	-1.02991
48	44	14.4505	-43.6962	28.1738	-1.03497
48	45	14.2865	-43.7037	28.0969	-1.04013
48	46	14.1268	-43.727	28.0365	-1.04546
48	47	13.9693	-43.7624	27.9886	-1.05097
48	48	13.8144	-43.8085	27.9522	-1.05659
48	49	13.6626	-43.8642	27.9264	-1.06231
48	50	13.5147	-43.929	27.9115	-1.06807
48	51	13.3704	-44.0058	27.9097	-1.07392
48	52	13.2312	-44.091	27.9188	-1.07976
48	53	13.0965	-44.1844	27.9381	-1.08559
48	54	12.9702	-44.2871	27.9705	-1.0913
48	55	12.8593	-44.4036	28.0231	-1.09672
48	56	12.7588	-44.5317	28.0916	-1.10199
48	57	12.6711	-44.6767	28.1817	-1.10709
48	58	12.6021	-44.8335	28.2914	-1.11175
48	59	12.5533	-44.9953	28.415	-1.11581
48	60	12.5219	-45.1609	28.5502	-1.11935
48	61	12.5028	-45.3293	28.6935	-1.12251
48	62	12.4802	-45.4974	28.8353	-1.12574
48	63	12.4617	-45.6664	28.9801	-1.12883
48	64	12.4466	-45.837	29.1279	-1.1318
48	65	12.4354	-46.0087	29.2787	-1.13464
48	66	12.4283	-46.1815	29.4325	-1.13734
48	67	12.4248	-46.3548	29.5883	-1.13991
48	68	12.423	-46.528	29.745	-1.14239
48	69	12.4222	-46.7	29.9013	-1.14481
48	70	12.4226	-46.8698	30.0561	-1.14713
48	71	12.4238	-47.0373	30.2094	-1.14938
48	72	12.4239	-47.2035	30.3611	-1.15161
48	73	12.4229	-47.3691	30.5121	-1.15385
48	74	12.4225	-47.535	30.6638	-1.15605
48	75	12.4232	-47.7017	30.8166	-1.15821
48	76	12.4259	-47.8687	30.9708	-1.16029
48	77	12.4313	-48.0353	31.1258	-1.16227
48	78	12.4394	-48.2007	31.2809	-1.16413
48	79	12.4494	-48.3643	31.4351	-1.1659
48	80	12.459	-48.5262	31.5877	-1.16764
48	81	12.469	-48.6866	31.7393	-1.16933
48	82	12.4786	-48.8466	31.8903	-1.17102
48	83	12.487	-49.0079	32.0421	-1.17273
48	84	12.496	-49.1711	32.1962	-1.17444
48	85	12.507	-49.3358	32.3524	-1.17609
48	86	12.5212	-49.5017	32.511	-1.17765
48	87	12.5389	-49.6678	32.6713	-1.1791
48	88	12.5601	-49.8331	32.8322	-1.18043
48	89	12.5836	-49.997	32.9927	-1.18166
48	90	12.6055	-50.1597	33.1516	-1.18291
48	91	12.6254	-50.3217	33.3091	-1.1842
48	92	12.6392	-50.4843	33.4649	-1.18564
48	93	12.6589	-50.6472	33.6234	-1.18692
48	94	12.7098	-50.7844	33.7696	-1.18705
48	95	12.7944	-50.9	33.9085	-1.18601
48	96	12.8884	-51.006	34.0421	-1.18462
48	97	12.9919	-51.1044	34.1722	-1.1829
48	98	13.1077	-51.1968	34.3016	-1.18079
48	99	13.2402	-51.2841	34.4329	-1.17819
48	100	13.3947	-51.3671	34.5689	-1.17498
48	101	13.5766	-51.4469	34.7129	-1.17104
48	102	13.7908	-51.5227	34.8665	-1.16622
48	103	14.025	-51.5923	35.0232	-1.16086
48	104	14.2587	-51.6517	35.1713	-1.15544
48	105	14.491	-51.7022	35.3118	-1.14999
48	106	14.7225	-51.7444	35.4454	-1.14452
48	107	14.9532	-51.7772	35.5712	-1.139
48	108	15.1826	-51.7994	35.6879	-1.13342
48	109	15.4091	-51.8107	35.7947	-1.12782
48	110	15.6316	-51.8123	35.892	-1.12224
48	111	15.8499	-51.8059	35.9815	-1.11669
48	112	16.0648	-51.7927	36.0644	-1.11118
48	113	16.2773	-51.7724	36.1411	-1.10566
48	114	16.4878	-51.7436	36.2103	-1.10011
48	115	16.6957	-51.7047	36.2705	-1.09451
48	116	16.8996	-51.6549	36.3203	-1.08889
48	117	17.0981	-51.5948	36.3596	-1.08329
48	118	17.2907	-51.5262	36.3897	-1.07773
48	119	17.4777	-51.4507	36.4123	-1.07223
48	120	17.6601	-51.3694	36.4287	-1.06676
48	121	17.8388	-51.2822	36.4392	-1.06131
48	122	18.0138	-51.1885	36.4432	-1.05587
48	123	18.1846	-51.0874	36.44	-1.05042
48	124	18.3504	-50.9789	36.4287	-1.04499
48	125	18.5105	-50.8633	36.4096	-1.03959
48	126	18.6647	-50.7415	36.3833	-1.03424
48	127	18.8133	-50.614	36.3501	-1.02894
48	128	18.9549	-50.4788	36.3078	-1.02367
48	129	19.0935	-50.3392	36.2613	-1.01841
48	130	19.2274	-50.1933	36.2078	-1.01314
48	131	19.3552	-50.0399	36.1457	-1.0079
48	132	19.4753	-49.8789	36.0742	-1.0027
48	133	19.5867	-49.7114	35.9934	-0.997589
48	134	19.6893	-49.5385	35.9043	-0.992576
48	135	19.7838	-49.3613	35.8079	-0.987662
48	136	19.871	-49.18	35.705	-0.982826
48	137	19.9514	-48.9942	35.5955	-0.978051
48	138	20.025	-48.8035	35.4788	-0.97333
48	139	20.0908	-48.6076	35.3543	-0.968673
48	140	20.1482	-48.4069	35.2217	-0.964102
48	141	20.1966	-48.202	35.0812	-0.959639
48	142	20.2361	-47.9934	34.9334	-0.955287
48	143	20.2668	-47.7812	34.7783	-0.951042
48	144	20.2887	-47.565	34.6152	-0.946901
48	145	20.3005	-47.3444	34.4433	-0.94288
49	0	-12.4409	-47.3902	30.5927	-1.99197
49	1	-12.439	-47.2209	30.4376	-1.99419
49	2	-12.4369	-47.0506	30.2815	-1.99644
49	3	-12.4359	-46.8788	30.1247	-1.99876
49	4	-12.4366	-46.7055	29.9674	-2.00118
49	5	-12.4396	-46.5311	29.8102	-2.00371
49	6	-12.4445	-46.3561	29.6535	-2.00634
49	7	-12.4501	-46.1814	29.4977	-2.00901
49	8	-12.4558	-46.0072	29.3424	-2.0117
49	9	-12.462	-45.8329	29.1876	-2.01445
49	10	-12.4709	-45.6576	29.0331	-2.01731
49	11	-12.4839	-45.481	28.8796	-2.02036
49	12	-12.5023	-45.3041	28.7285	-2.02361
49	13	-12.5294	-45.1284	28.5824	-2.02715
49	14	-12.5699	-44.9567	28.4465	-2.03109
49	15	-12.6305	-44.7948	28.3285	-2.03555
49	16	-12.7129	-44.6417	28.229	-2.04059
49	17	-12.8124	-44.4956	28.1442	-2.04609
49	18	-12.9399	-44.3619	28.0842	-2.0523
49	19	-13.0843	-44.2499	28.0524	-2.05872
49	20	-13.2327	-44.1637	28.0464	-2.06483
49	21	-13.386	-44.1002	28.0636	-2.07071
49	22	-13.5446	-44.064	28.1083	-2.07628
49	23	-13.7089	-44.0511	28.177	-2.08161
49	24	-13.8759	-44.0489	28.2571	-2.0868
49	25	-14.0452	-44.0505	28.3424	-2.09197
49	26	-14.2162	-44.054	28.4309	-2.09712
49	27	-14.3891	-44.0584	28.522	-2.10229
49	28	-14.5636	-44.0635	28.6152	-2.10745
49	29	-14.7389	-44.0688	28.7097	-2.11261
49	30	-14.9142	-44.0748	28.8056	-2.11771
49	31	-15.0888	-44.0807	28.9019	-2.12277
49	32	-15.2629	-44.089	29.0006	-2.12773
49	33	-15.437	-44.0953	29.0984	-2.1327
49	34	-15.612	-44.0963	29.1928	-2.13775
49	35	-15.7864	-44.092	29.2832	-2.14285
49	36	-15.9604	-44.0857	29.3725	-2.14795
49	37	-16.1337	-44.0821	29.4644	-2.15295
49	38	-16.3061	-44.0785	29.5565	-2.15788
49	39	-16.4777	-44.0773	29.6509	-2.16272
49	40	-16.6487	-44.0731	29.7432	-2.16757
49	41	-16.8195	-44.063	29.8312	-2.1725
49	42	-16.9888	-44.0479	29.915	-2.17745
49	43	-17.1569	-44.0311	29.9974	-2.18238
49	44	-17.3242	-44.0192	30.084	-2.18716
49	45	-17.49	-44.0054	30.169	-2.19191
49	46	-17.6543	-43.9867	30.2497	-2.19668
49	47	-17.8173	-43.9624	30.3258	-2.20151
49	48	-17.9791	-43.9321	30.3972	-2.20639
49	49	-18.1397	-43.8955	30.4634	-2.21135
49	50	-18.2982	-43.852	30.5237	-2.21636
49	51	-18.4588	-43.8198	30.5949	-2.22119
49	52	-18.5982	-43.8394	30.6951	-2.22442
49	53	-18.7173	-43.891	30.8085	-2.22647
49	54	-18.824	-43.972	30.9379	-2.22761
49	55	-18.9217	-44.0699	31.075	-2.22817
49	56	-19.0139	-44.1848	31.2222	-2.22826
49	57	-19.1039	-44.3195	31.3839	-2.22791
49	58	-19.1944	-44.4786	31.5652	-2.2271
49	59	-19.2881	-44.6673	31.7719	-2.22581
49	60	-19.3876	-44.8915	32.0103	-2.22401
49	61	-19.477	-45.1167	32.2435	-2.22197
49	62	-19.5572	-45.3417	32.4713	-2.21973
49	63	-19.6289	-45.5667	32.6939	-2.21732
49	64	-19.692	-45.7919	32.9118	-2.21473
49	65	-19.7455	-46.0173	33.1243	-2.21193
49	66	-19.7887	-46.2419	33.3303	-2.20894
49	67	-19.8219	-46.4643	33.5289	-2.20579
49	68	-19.8462	-46.6838	33.7202	-2.2025
49	69	-19.8624	-46.9005	33.9048	-2.19912
49	70	-19.8709	-47.1149	34.0835	-2.19562
49	71	-19.8716	-47.3272	34.2563	-2.19201
49	72	-19.8637	-47.5374	34.4229	-2.18827
49	73	-19.847	-47.7448	34.5826	-2.18441
49	74	-19.8219	-47.9486	34.735	-2.18044
49	75	-19.7888	-48.1487	34.8804	-2.17637
49	76	-19.7483	-48.3451	35.0191	-2.17223
49	77	-19.7005	-48.5383	35.1517	-2.168
49	78	-19.6446	-48.7286	35.2779	-2.16366
49	79	-19.58	-48.9156	35.3973	-2.15919
49	80	-19.5058	-49.0986	35.5087	-2.15459
49	81	-19.422	-49.2765	35.6114	-2.14987
49	82	-19.3292	-49.4484	35.7048	-2.14506
49	83	-19.2285	-49.6138	35.7894	-2.14019
49	84	-19.1211	-49.773	35.866	-2.13528
49	85	-19.0077	-49.9266	35.9356	-2.13032
49	86	-18.8884	-50.0755	35.999	-2.12532
49	87	-18.7635	-50.2203	36.0567	-2.12026
49	88	-18.6335	-50.3618	36.11	-2.11514
49	89	-18.4932	-50.4947	36.1515	-2.10992
49	90	-18.3449	-50.6197	36.1831	-2.10463
49	91	-18.1897	-50.7363	36.2051	-2.0993
49	92	-18.0289	-50.8448	36.2182	-2.09396
49	93	-17.8636	-50.9456	36.2235	-2.08861
49	94	-17.6942	-51.0399	36.2221	-2.08326
49	95	-17.5206	-51.1283	36.2145	-2.07789
49	96	-17.3423	-51.2107	36.2005	-2.07247
49	97	-17.1586	-51.2865	36.1791	-2.06701
49	98	-16.9694	-51.3545	36.1494	-2.06152
49	99	-16.7753	-51.4138	36.1107	-2.056
49	100	-16.5772	-51.4642	36.0635	-2.05049
49	101	-16.3758	-51.5066	36.0087	-2.04499
49	102	-16.1715	-51.542	35.9475	-2.03948
49	103	-15.9635	-51.5711	35.8801	-2.03394
49	104	-15.7509	-51.5936	35.8058	-2.02835
49	105	-15.5325	-51.6078	35.7225	-2.02269
49	106	-15.3083	-51.6109	35.628	-2.01699
49	107	-15.0798	-51.6007	35.5208	-2.01131
49	108	-14.8492	-51.5766	35.4012	-2.00571
49	109	-14.6185	-51.5403	35.2716	-2.00021
49	110	-14.3879	-51.4943	35.1343	-1.99479
49	111	-14.1568	-51.4402	34.9905	-1.9894
49	112	-13.9243	-51.378	34.8396	-1.98403
49	113	-13.6909	-51.3062	34.6806	-1.9787
49	114	-13.4766	-51.2293	34.5255	-1.97389
49	115	-13.294	-51.1492	34.3804	-1.96991
49	116	-13.1374	-51.0641	34.2413	-1.96667
49	117	-13.0026	-50.9745	34.1068	-1.96403
49	118	-12.8848	-50.8792	33.9737	-1.9619
49	119	-12.7806	-50.7762	33.8388	-1.96022
49	120	-12.6868	-50.6645	33.6998	-1.9589
49	121	-12.617	-50.5372	33.5557	-1.95841
49	122	-12.5919	-50.3832	33.4036	-1.95946
49	123	-12.577	-50.2183	33.2454	-1.96092
49	124	-12.5645	-50.0539	33.0886	-1.96246
49	125	-12.548	-49.8896	32.9305	-1.96391
49	126	-12.533	-49.7249	32.7726	-1.96541
49	127	-12.5168	-49.5595	32.6137	-1.9669
49	128	-12.5023	-49.393	32.4546	-1.96846
49	129	-12.4901	-49.2259	32.2959	-1.97012
49	130	-12.4806	-49.0586	32.1381	-1.97187
49	131	-12.4737	-48.8918	31.9818	-1.97371
49	132	-12.469	-48.7257	31.8272	-1.97562
49	133	-12.4656	-48.5603	31.6739	-1.97758
49	134	-12.4625	-48.3947	31.5207	-1.97957
49	135	-12.4586	-48.2287	31.3669	-1.98156
49	136	-12.4539	-48.062	31.2122	-1.98355
49	137	-12.4495	-47.8946	31.0572	-1.98558
49	138	-12.4454	-47.727	30.9022	-1.98765
49	139	-12.4427	-47.5588	30.7474	-1.98978
