0 1 1 83.878 2.80813 -1 1.12301 0.578303 0 0 0 58.4395 0 380000 0 1.61993
1 1 1 113.722 2.92428 -1 1.13122 0 1 0 0 57.9592 0 380000 0 1.52167
2 1 1 109.417 2.70228 -1 1.139 2.0303 2 0 0 54.9043 0 380000 0 1.67039
3 1 1 111.129 0.378456 -1 1.06577 1.32175 3 0 0 54.291 0 380000 0 1.62928
4 1 1 86.0777 2.67711 -1 1.15391 4.67548 4 0 0 49.5348 0 380000 0 1.72298
5 1 1 85.8409 0.517048 -1 1.16378 3.84899 5 0 0 49.0001 0 380000 0 1.69362
6 1 1 106.04 1.1871 -1 1.04143 8.42167 6 0 0 43.7934 0 380000 0 1.77519
7 1 1 100.036 1.92521 -1 1.0593 7.39152 7 0 0 43.5183 0 380000 0 1.74993
8 1 1 83.5717 2.25388 -1 1.21436 13.3556 8 0 0 39.096 0 380000 0 1.83633
9 1 1 62.388 0.770527 -1 1.19942 11.3595 9 0 0 39.0239 0 380000 0 1.79841
10 2 0 90.5898 0.361709 0 1.16745 8.92043 10 0 0 67.4438 0 380000 0 0
11 2 0 88.6288 2.55511 0 1.19065 10.0091 11 0 0 64.345 0 380000 0 0
12 2 0 88.3396 0.468826 0 1.23633 9.49955 12 0 0 63.9597 0 380000 0 0
13 2 0 91.6081 2.51543 0 1.17415 12.2121 13 0 0 57.2911 0 380000 0 0
14 2 0 86.9387 0.623926 0 1.23488 11.3542 14 0 0 56.5745 0 380000 0 0
15 2 0 89.1593 2.43062 0 1.45402 15.5059 15 0 0 49.4692 0 380000 0 0
16 2 0 86.9281 0.66947 0 1.38715 14.5679 16 0 0 49.0864 0 380000 0 0
17 2 1 61.3274 2.35419 -1 1.34668 19.7865 17 0 0 42.7007 0 380000 0 0
18 2 1 59.9142 0.699707 -1 1.29554 17.7861 18 0 0 42.3764 0 380000 0 0
19 3 0 90.3996 2.59865 0 1.18573 18.6546 19 0 0 75.6115 83.2334 380000 0 0
20 3 0 82.1687 2.64762 0 1.12764 18.0118 20 0 0 75.1987 82.5364 380000 0 0
21 3 0 76.6047 2.46558 -1 1.12411 20.0569 21 0 0 65.8592 77.4629 380000 0 0
22 3 0 91.4738 0.586926 0 1.33068 18.9743 22 0 0 64.7576 75.8329 380000 0 0
23 3 0 94.1417 2.44593 1.5708 1.26522 22.7391 23 0 0 55.8095 68.3705 380000 0 0
24 3 0 76.3497 0.670123 -1 1.35427 21.6596 24 0 0 55.0331 67.0145 380000 0 0
25 3 1 83.0977 2.36352 -1 1.20962 25.8986 25 0 0 47.1312 58.889 380000 0 0
26 3 1 81.4233 0.71251 -1 1.20451 24.4491 26 0 0 46.7696 58.0262 380000 0 0
27 4 0 70.9548 2.61427 -1 1.11008 26.9146 27 0 0 79.7659 96.8315 380000 0 0
28 4 0 73.8755 2.50783 -1 1.15434 28.2046 28 0 0 70.9823 90.6065 380000 0 0
29 4 0 89.4308 0.557506 1.5708 1.21175 27.3145 29 0 0 70.539 88.8808 380000 0 0
30 4 0 89.5485 2.50678 0 1.29215 30.536 30 0 0 60.3039 78.3415 380000 0 0
31 4 0 89.2046 0.68417 0 1.27325 29.4275 31 0 0 59.2376 76.3082 380000 0 0
32 4 1 79.0012 2.42957 -1 1.20736 33.0409 32 0 0 50.9533 66.4301 380000 0 0
33 4 1 83.7095 0.704454 -1 1.11628 31.7527 33 0 0 50.6801 65.5903 380000 0 0
34 5 0 92.8499 1.46854 1.5708 1.1076 36.5404 34 0 0 67.8821 101.983 380000 0 0
35 5 0 91.6707 1.50138 1.5708 1.30658 36.6404 35 0 0 67.0561 98.6721 380000 0 0
36 5 0 78.0008 2.44139 -1 1.20735 38.4443 36 0 0 60.6704 85.8421 380000 0 0
37 5 0 88.4398 1.61363 1.5708 1.18057 37.8012 37 0 0 59.9126 83.7539 380000 0 0
38 5 1 80.2031 2.48584 -1 1.21321 40.341 38 0 0 52.7826 72.7287 380000 0 0
39 5 1 61.495 0.629393 -1 1.12206 39.1916 39 0 0 52.3185 71.4558 380000 0 0
40 6 0 87.1726 1.44415 1.5708 1.24428 46.2508 40 0 0 58.8579 90.9478 380000 0 0
41 6 0 96.8657 1.43181 1.5708 1.10834 47.1421 41 0 0 56.9241 86.3859 380000 0 0
42 6 0 71.266 0.406924 -1 1.16927 46.6847 42 0 0 55.9627 83.54 380000 0 0
43 6 1 79.8782 2.77946 -1 1.27343 47.9513 43 0 0 51.8376 75.3751 380000 0 0
44 6 1 58.8748 0.454882 -1 1.12648 46.6612 44 0 0 51.4084 73.8285 380000 0 0
45 7 0 74.5394 1.46537 1.5708 1.43611 56.2164 45 0 0 50.3018 77.3297 380000 0 0
46 7 0 93.7539 1.60531 1.5708 1.16659 56.9254 46 0 0 48.9107 74.477 380000 0 0
47 7 0 72.6073 1.46783 1.5708 1.36174 55.6153 47 0 0 49.901 75.9201 380000 0 0
48 7 1 75.7772 0.0556443 1.5708 1.09241 56.1664 48 0 0 47.1296 70.103 380000 0 0
49 7 1 84.905 0.150391 1.5708 1.06853 54.8321 49 0 0 47.7305 70.7716 380000 0 0
