0 1 1 77.6163 1.5183 -1 1.17448 0.304428 0 0 0 60.4362 0 130000 0 1.60191
1 1 1 99.4715 1.5983 -1 1.2017 0 1 0 0 60.3619 0 130000 0 1.53968
2 1 1 102.99 1.43455 -1 1.17863 1.39512 2 0 0 57.3762 0 130000 0 1.65369
3 1 1 100.913 1.65818 -1 1.14322 0.882918 3 0 0 57.2056 0 130000 0 1.62117
4 1 1 71.9721 1.44689 -1 1.23397 3.28518 4 0 0 52.6391 0 130000 0 1.698
5 1 1 78.154 0.473565 -1 1.05821 2.23489 5 0 0 51.896 0 130000 0 1.65447
6 1 1 101.708 1.39741 -1 1.19844 4.95912 6 0 0 46.9179 0 130000 0 1.71108
7 1 1 94.8504 1.80101 -1 1.18538 4.30434 7 0 0 46.3097 0 130000 0 1.6898
8 1 1 83.4018 2.35372 -1 1.20263 7.93579 8 0 0 41.7538 0 130000 0 1.74912
9 1 1 62.0301 0.678841 -1 1.18413 7.54683 9 0 0 41.6587 0 130000 0 1.73975
10 2 0 78.8094 1.5476 0 1.10352 9.2699 10 0 0 70.2186 0 130000 0 0
11 2 0 71.4643 1.52038 0 1.11644 10.2713 11 0 0 67.3315 0 130000 0 0
12 2 0 74.7572 0.348906 0 1.09347 9.56595 12 0 0 67.2224 0 130000 0 0
13 2 0 81.3551 1.50648 0 1.08391 11.5692 13 0 0 60.1246 0 130000 0 0
14 2 0 76.0324 0.528443 0 1.1101 10.3514 14 0 0 59.7829 0 130000 0 0
15 2 0 80.6689 2.55644 0 1.33679 13.3223 15 0 0 52.4538 0 130000 0 0
16 2 0 80.3967 0.600414 0 1.24888 12.3682 16 0 0 52.2585 0 130000 0 0
17 2 1 59.8393 2.57662 -1 1.27106 15.4256 17 0 0 45.2924 0 130000 0 0
18 2 1 59.0867 0.605242 -1 1.23773 14.2305 18 0 0 45.2934 0 130000 0 0
19 3 0 76.3677 2.69781 0 1.1111 18.6187 19 0 0 77.9108 87.9976 130000 0 0
20 3 0 66.732 1.52675 0 1.08782 18.1822 20 0 0 78.1406 87.9845 130000 0 0
21 3 0 67.7683 1.53778 -1 1.16909 19.7916 21 0 0 67.7802 81.5337 130000 0 0
22 3 0 81.1543 1.56642 1.5708 1.1502 18.7339 22 0 0 67.826 81.0198 130000 0 0
23 3 0 85.2061 2.53885 0 1.31188 21.4358 23 0 0 58.0916 71.8769 130000 0 0
24 3 0 74.2109 0.627215 -1 1.25772 20.1273 24 0 0 57.7809 70.9482 130000 0 0
25 3 1 81.6294 2.56088 -1 1.12775 22.9145 25 0 0 49.2828 61.5753 130000 0 0
26 3 1 80.6361 0.586653 -1 1.16991 21.4969 26 0 0 49.6184 61.6154 130000 0 0
27 4 0 59.6156 2.637 -1 1.16812 26.4126 27 0 0 77.383 101.723 130000 0 0
28 4 0 63.6722 2.53998 -1 1.23856 27.7452 28 0 0 70.549 93.1694 130000 0 0
29 4 0 73.5508 0.607132 1.5708 1.2293 26.979 29 0 0 70.9883 92.8782 130000 0 0
30 4 0 80.1237 2.49323 1.5708 1.22801 29.5543 30 0 0 61.0115 80.425 130000 0 0
31 4 0 74.4847 0.636987 1.5708 1.21142 28.347 31 0 0 60.8197 79.1495 130000 0 0
32 4 1 79.9478 2.59074 -1 1.19224 30.9545 32 0 0 52.3046 68.4036 130000 0 0
33 4 1 83.053 0.573574 -1 1.16706 29.7051 33 0 0 52.4199 68.073 130000 0 0
34 5 0 71.1572 1.55577 1.5708 1.23846 35.5111 34 0 0 66.7401 99.7556 130000 0 0
35 5 0 80.9499 0.568441 1.5708 1.2331 35.2635 35 0 0 66.9109 99.326 130000 0 0
36 5 0 70.9763 2.45705 -1 1.2257 37.3585 36 0 0 60.469 85.8698 130000 0 0
37 5 0 78.0231 0.621137 1.5708 1.2661 36.3436 37 0 0 60.973 85.5507 130000 0 0
38 5 1 78.6445 2.5991 -1 1.19843 38.8448 38 0 0 53.0673 73.1305 130000 0 0
39 5 1 60.5879 0.58326 -1 1.12482 37.386 39 0 0 53.6361 73.2346 130000 0 0
40 6 0 75.5103 1.4452 1.5708 1.26537 44.2309 40 0 0 58.9328 89.5232 130000 0 0
41 6 0 82.7838 0.248988 1.5708 1.09021 45.3864 41 0 0 56.8302 85.0647 130000 0 0
42 6 0 64.39 0.396045 -1 1.13477 44.5642 42 0 0 56.7368 84.0357 130000 0 0
43 6 1 77.7956 2.75506 -1 1.39457 46.322 43 0 0 51.868 74.81 130000 0 0
44 6 1 56.5671 0.413911 -1 1.15051 44.8416 44 0 0 52.4808 75.0703 130000 0 0
45 7 0 68.8797 1.56076 1.5708 1.41417 53.7263 45 0 0 50.8068 76.7572 130000 0 0
46 7 0 85.4786 1.6415 1.5708 1.19341 54.3309 46 0 0 49.5623 74.2595 130000 0 0
47 7 0 65.7214 1.61346 1.5708 1.46259 53.5427 47 0 0 50.0773 75.0165 130000 0 0
48 7 1 70.8243 3.10204 1.5708 1.11208 54.1794 48 0 0 47.2989 69.4387 130000 0 0
49 7 1 83.9589 1.89601 1.5708 1.06906 53.126 49 0 0 48.0348 70.5019 130000 0 0
