0 1 1 83.9514 2.81849 -1 1.14304 0.573467 0 0 0 58.3757 0 360000 0 1.61968
1 1 1 112.341 2.86074 -1 1.15543 0 1 0 0 58.1921 0 360000 0 1.52191
2 1 1 109.343 2.60404 -1 1.19073 2.09028 2 0 0 54.9986 0 360000 0 1.67402
3 1 1 110.446 0.396108 -1 1.06048 1.35366 3 0 0 54.5138 0 360000 0 1.63129
4 1 1 86.187 2.56881 -1 1.16764 4.79771 4 0 0 49.8361 0 360000 0 1.72768
5 1 1 85.5649 0.52363 -1 1.14881 3.88483 5 0 0 49.262 0 360000 0 1.69537
6 1 1 106.045 1.20504 -1 1.0615 8.42966 6 0 0 44.0578 0 360000 0 1.77611
7 1 1 100.215 1.91593 -1 1.06664 7.3392 7 0 0 43.6583 0 360000 0 1.74925
8 1 1 83.6532 2.34546 -1 1.18495 13.147 8 0 0 39.2146 0 360000 0 1.83261
9 1 1 62.4986 0.766592 -1 1.1912 11.2447 9 0 0 39.1488 0 360000 0 1.79675
10 2 0 90.4502 0.413379 0 1.16453 8.92821 10 0 0 67.4903 0 360000 0 0
11 2 0 88.5278 2.58622 0 1.18322 10.0154 11 0 0 64.4008 0 360000 0 0
12 2 0 88.2958 0.502227 0 1.2276 9.51578 12 0 0 64.4786 0 360000 0 0
13 2 0 92.381 2.51105 0 1.17634 12.4071 13 0 0 57.4325 0 360000 0 0
14 2 0 87.5324 0.677996 0 1.24294 11.385 14 0 0 56.9415 0 360000 0 0
15 2 0 89.2466 2.42579 0 1.44811 15.6507 15 0 0 49.8006 0 360000 0 0
16 2 0 88.002 0.673954 0 1.37829 14.5859 16 0 0 49.3164 0 360000 0 0
17 2 1 61.3587 2.37777 -1 1.34514 19.6775 17 0 0 42.8735 0 360000 0 0
18 2 1 60.3984 0.697914 -1 1.27316 17.7348 18 0 0 42.5369 0 360000 0 0
19 3 0 90.8447 2.5557 0 1.17931 18.7217 19 0 0 75.7415 83.4621 360000 0 0
20 3 0 84.7498 0.489722 0 1.12096 18.1719 20 0 0 75.9553 83.2323 360000 0 0
21 3 0 75.2145 1.4161 -1 1.11572 20.1819 21 0 0 66.0775 77.8941 360000 0 0
22 3 0 91.7639 0.632203 1.5708 1.22544 19.2249 22 0 0 65.3222 76.612 360000 0 0
23 3 0 92.0683 2.52667 0 1.34858 22.8276 23 0 0 56.1063 68.8421 360000 0 0
24 3 0 78.2441 0.679486 -1 1.34781 21.7559 24 0 0 55.0175 67.0595 360000 0 0
25 3 1 82.1292 2.37098 -1 1.2016 25.8956 25 0 0 47.3087 59.1597 360000 0 0
26 3 1 81.8754 0.718033 -1 1.18536 24.4647 26 0 0 46.8939 58.1416 360000 0 0
27 4 0 70.1781 2.53566 -1 1.11328 27.0711 27 0 0 79.1568 97.6653 360000 0 0
28 4 0 73.9435 2.52833 -1 1.12947 28.4066 28 0 0 70.7317 90.8968 360000 0 0
29 4 0 87.0929 0.504366 0 1.34849 27.5315 29 0 0 70.6959 89.6321 360000 0 0
30 4 0 90.7373 2.5157 0 1.27377 30.5418 30 0 0 60.2298 78.5227 360000 0 0
31 4 0 86.0022 0.722254 1.5708 1.25312 29.7136 31 0 0 59.3958 76.4649 360000 0 0
32 4 1 80.3458 2.44072 -1 1.19343 32.9928 32 0 0 51.0929 66.7399 360000 0 0
33 4 1 84.524 0.687484 -1 1.12164 31.8504 33 0 0 50.5457 65.4376 360000 0 0
34 5 0 90.7452 2.54983 0 1.13039 36.6678 34 0 0 67.4214 101.562 360000 0 0
35 5 0 91.8549 1.52334 1.5708 1.29034 36.6543 35 0 0 66.8826 98.8988 360000 0 0
36 5 0 76.8587 2.4613 -1 1.17182 38.5233 36 0 0 60.5623 86.0746 360000 0 0
37 5 0 86.9566 1.61547 1.5708 1.18796 37.941 37 0 0 59.8329 83.7657 360000 0 0
38 5 1 81.3572 2.48707 -1 1.18774 40.4037 38 0 0 52.6131 72.6705 360000 0 0
39 5 1 60.7223 0.657821 -1 1.1196 39.4624 39 0 0 52.4141 71.5392 360000 0 0
40 6 0 88.0952 1.42271 1.5708 1.25624 46.3192 40 0 0 58.687 90.6199 360000 0 0
41 6 0 97.8586 1.47182 1.5708 1.11361 47.1674 41 0 0 56.6507 86.0658 360000 0 0
42 6 0 71.0866 0.421979 -1 1.15044 46.782 42 0 0 55.8924 83.4514 360000 0 0
43 6 1 79.9962 2.81502 -1 1.27732 48.0307 43 0 0 51.8006 75.4568 360000 0 0
44 6 1 58.5198 0.402678 -1 1.13302 46.8637 44 0 0 51.1744 73.4699 360000 0 0
45 7 0 73.8823 1.47868 1.5708 1.44727 56.3824 45 0 0 50.1571 77.0577 360000 0 0
46 7 0 93.2348 1.65343 1.5708 1.18762 57.1155 46 0 0 48.7472 74.1959 360000 0 0
47 7 0 72.1922 1.46321 1.5708 1.39117 55.6982 47 0 0 49.7653 75.6774 360000 0 0
48 7 1 76.1657 0.0566589 1.5708 1.08213 56.2486 48 0 0 47.0083 69.9148 360000 0 0
49 7 1 84.3495 0.144885 1.5708 1.05379 55.0477 49 0 0 47.6141 70.6108 360000 0 0
