0 1 1 72.4339 1.56698 -1 1.3072 0.415392 0 0 0 61.9632 0 75000 0 1.6158
1 1 1 96.2001 1.55298 -1 1.32611 0 1 0 0 61.6353 0 75000 0 1.52579
2 1 1 97.7509 1.45295 -1 1.36215 1.1653 2 0 0 58.9465 0 75000 0 1.64083
3 1 1 95.3601 1.63663 -1 1.3054 0.576034 3 0 0 58.6721 0 75000 0 1.59871
4 1 1 63.6151 1.54414 -1 1.35814 2.37439 4 0 0 54.3531 0 75000 0 1.66677
5 1 1 72.1066 1.6043 -1 1.17023 1.67524 5 0 0 53.9194 0 75000 0 1.63504
6 1 1 97.5483 1.46683 -1 1.25741 3.29787 6 0 0 48.8286 0 75000 0 1.66897
7 1 1 87.5596 1.75087 -1 1.25529 3.64945 7 0 0 48.6078 0 75000 0 1.67789
8 1 1 76.5827 2.5214 -1 1.17167 5.70148 8 0 0 43.5386 0 75000 0 1.7059
9 1 1 59.5689 0.703604 -1 1.17965 6.13976 9 0 0 43.7994 0 75000 0 1.71718
10 2 0 69.8773 1.58458 0 1.08856 9.11276 10 0 0 71.4295 0 75000 0 0
11 2 0 61.6158 1.51967 0 1.19981 9.96965 11 0 0 68.5387 0 75000 0 0
12 2 0 65.6479 2.7594 0 1.18017 9.72998 12 0 0 68.4759 0 75000 0 0
13 2 0 73.4759 1.56503 0 1.03683 11.0536 13 0 0 61.7441 0 75000 0 0
14 2 0 65.6785 1.78181 0 1.10571 9.79099 14 0 0 61.4843 0 75000 0 0
15 2 0 69.4208 2.62594 0 1.29769 11.8781 15 0 0 54.0105 0 75000 0 0
16 2 0 70.3994 0.47954 0 1.27663 11.3756 16 0 0 54.2823 0 75000 0 0
17 2 1 59.8491 2.61881 -1 1.21282 13.1683 17 0 0 47.0501 0 75000 0 0
18 2 1 54.3095 0.578121 -1 1.22064 13.0453 18 0 0 47.3838 0 75000 0 0
19 3 0 72.737 1.53732 1.5708 1.37519 18.4188 19 0 0 78.6559 90.1055 75000 0 0
20 3 0 62.3377 1.55038 0 1.19713 18.1459 20 0 0 78.6757 89.7182 75000 0 0
21 3 0 67.8051 2.63411 -1 1.10684 19.2541 21 0 0 68.7752 83.5344 75000 0 0
22 3 0 75.2728 1.53784 0 1.06539 18.179 22 0 0 69.3048 83.1919 75000 0 0
23 3 0 74.3041 1.51779 1.5708 1.1807 20.0817 23 0 0 59.3257 73.6142 75000 0 0
24 3 0 68.6514 0.616321 -1 1.22069 18.8887 24 0 0 60.0569 73.9589 75000 0 0
25 3 1 81.8186 2.57366 -1 1.11833 21.0505 25 0 0 50.8319 63.4281 75000 0 0
26 3 1 77.2661 0.54223 -1 1.18957 20.265 26 0 0 51.5904 64.2104 75000 0 0
27 4 0 52.1157 2.53499 -1 1.17926 26.362 27 0 0 76.613 103.99 75000 0 0
28 4 0 59.0978 2.62144 -1 1.14644 27.3462 28 0 0 71.0096 94.6196 75000 0 0
29 4 0 63.714 0.384715 0 1.45309 26.4417 29 0 0 70.6259 93.8125 75000 0 0
30 4 0 69.8928 1.48409 1.5708 1.12951 28.2406 30 0 0 62.1205 81.7682 75000 0 0
31 4 0 61.8032 1.53751 1.5708 1.45249 27.4556 31 0 0 62.1969 81.5853 75000 0 0
32 4 1 73.5565 2.63365 -1 1.19585 29.228 32 0 0 53.5706 69.8424 75000 0 0
33 4 1 81.9075 0.543869 -1 1.17035 28.398 33 0 0 54.5029 70.986 75000 0 0
34 5 0 68.4188 0.334335 0 1.11422 34.8184 34 0 0 66.5407 98.7171 75000 0 0
35 5 0 65.6641 0.446552 0 1.20024 34.0361 35 0 0 66.3833 97.8873 75000 0 0
36 5 0 62.3592 2.60491 -1 1.16412 36.0335 36 0 0 61.1378 86.3082 75000 0 0
37 5 0 69.7276 0.710743 0 1.26492 35.2113 37 0 0 60.7217 85.3817 75000 0 0
38 5 1 71.6299 2.60593 -1 1.25005 36.9383 38 0 0 54.4134 74.509 75000 0 0
39 5 1 54.9125 0.563243 -1 1.12619 36.3438 39 0 0 54.6924 74.9406 75000 0 0
40 6 0 63.7836 1.4966 1.5708 1.37798 42.7743 40 0 0 59.1652 88.8823 75000 0 0
41 6 0 84.8926 0.175906 0 1.3812 43.7077 41 0 0 57.2633 84.8061 75000 0 0
42 6 0 62.6496 1.59854 -1 1.16622 42.9168 42 0 0 57.0758 84.0179 75000 0 0
43 6 1 73.1341 2.86309 -1 1.32118 44.4138 43 0 0 52.673 75.2791 75000 0 0
44 6 1 54.217 0.366534 -1 1.16276 43.5256 44 0 0 52.9626 75.5855 75000 0 0
45 7 0 69.0377 1.59602 1.5708 1.36237 51.9698 45 0 0 51.373 76.7648 75000 0 0
46 7 0 77.57 1.61524 1.5708 1.24498 52.2893 46 0 0 50.3473 74.6169 75000 0 0
47 7 0 61.6216 1.56104 1.5708 1.44788 51.8352 47 0 0 50.6668 75.1808 75000 0 0
48 7 1 63.1146 3.04925 1.5708 1.12344 52.017 48 0 0 48.225 70.1487 75000 0 0
49 7 1 82.2209 0.0272834 1.5708 1.03803 51.6485 49 0 0 48.6307 70.8273 75000 0 0
