0 1 1 78.0296 1.56261 -1 1.11025 0.486099 0 0 0 59.442 0 190000 0 1.61766
1 1 1 103.855 1.55976 -1 1.08082 0 1 0 0 59.1304 0 190000 0 1.52394
2 1 1 107.828 1.43965 -1 1.0924 1.61891 2 0 0 56.2179 0 190000 0 1.65843
3 1 1 103.574 1.64253 -1 1.09096 1.0356 3 0 0 55.8408 0 190000 0 1.62214
4 1 1 78.455 1.46045 -1 1.11053 3.76294 4 0 0 51.2336 0 190000 0 1.70555
5 1 1 82.9584 0.507602 -1 1.14043 2.78006 5 0 0 50.5602 0 190000 0 1.66721
6 1 1 104.197 1.30839 -1 1.11984 6.24916 6 0 0 45.6193 0 190000 0 1.73649
7 1 1 98.1853 1.86741 -1 1.11602 5.6119 7 0 0 45.0556 0 190000 0 1.71703
8 1 1 83.4679 2.37355 -1 1.18488 10.2018 8 0 0 40.6556 0 190000 0 1.78814
9 1 1 62.5352 0.769371 -1 1.20165 9.17746 9 0 0 40.5193 0 190000 0 1.76679
10 2 0 82.8659 0.462309 0 1.10967 9.21012 10 0 0 68.9435 0 190000 0 0
11 2 0 81.1008 2.49836 0 1.16786 10.2156 11 0 0 65.7645 0 190000 0 0
12 2 0 82.2565 0.432879 0 1.13502 9.72027 12 0 0 65.6077 0 190000 0 0
13 2 0 86.9551 2.56878 0 1.12826 12.2277 13 0 0 58.9969 0 190000 0 0
14 2 0 83.7193 0.569133 0 1.15332 10.9052 14 0 0 58.2518 0 190000 0 0
15 2 0 86.5721 2.53253 0 1.31046 14.3843 15 0 0 51.2514 0 190000 0 0
16 2 0 84.2526 0.619303 0 1.31628 13.309 16 0 0 50.8337 0 190000 0 0
17 2 1 61.6956 2.51928 -1 1.26444 17.1377 17 0 0 44.4435 0 190000 0 0
18 2 1 59.2935 0.667578 -1 1.26462 15.8736 18 0 0 44.0738 0 190000 0 0
19 3 0 82.7992 1.43747 1.5708 1.24037 19.1014 19 0 0 76.8827 85.7374 190000 0 0
20 3 0 72.7503 1.54815 1.5708 1.21735 18.5001 20 0 0 76.5303 84.8476 190000 0 0
21 3 0 75.2512 1.45214 -1 1.08322 20.3133 21 0 0 67.1999 79.9716 190000 0 0
22 3 0 87.7881 0.518809 0 1.32373 18.9825 22 0 0 66.2438 78.1517 190000 0 0
23 3 0 89.95 2.54564 0 1.30761 22.3953 23 0 0 57.2283 70.5358 190000 0 0
24 3 0 74.2181 0.620908 -1 1.28826 20.9402 24 0 0 56.6176 69.1664 190000 0 0
25 3 1 82.6153 2.49277 -1 1.13308 24.4325 25 0 0 48.6934 60.8226 190000 0 0
26 3 1 81.3211 0.655291 -1 1.18584 23.0047 26 0 0 48.3341 59.9371 190000 0 0
27 4 0 61.3018 2.60814 -1 1.21689 27.1972 27 0 0 78.8993 98.7675 190000 0 0
28 4 0 69.5373 2.51451 -1 1.22767 28.5831 28 0 0 70.9582 92.4837 190000 0 0
29 4 0 77.1693 0.5639 1.5708 1.20547 27.3598 29 0 0 71.0992 90.9503 190000 0 0
30 4 0 86.351 2.49596 1.5708 1.26302 30.5629 30 0 0 60.6511 79.7969 190000 0 0
31 4 0 83.6717 0.745881 1.5708 1.24271 29.1264 31 0 0 60.2858 78.2236 190000 0 0
32 4 1 80.6756 2.52514 -1 1.1652 32.3688 32 0 0 51.643 67.6261 190000 0 0
33 4 1 84.6598 0.638546 -1 1.10356 30.8849 33 0 0 51.786 67.1624 190000 0 0
34 5 0 83.392 2.53074 0 1.17839 36.4852 34 0 0 67.1694 100.84 190000 0 0
35 5 0 84.0829 1.53449 1.5708 1.30565 36.2279 35 0 0 67.0022 99.386 190000 0 0
36 5 0 71.6492 2.42596 -1 1.21097 38.5149 36 0 0 60.3291 85.8535 190000 0 0
37 5 0 80.661 1.67234 1.5708 1.20556 37.4521 37 0 0 60.4422 85.0514 190000 0 0
38 5 1 79.2733 2.5428 -1 1.18488 40.242 38 0 0 52.7286 72.9032 190000 0 0
39 5 1 60.8379 0.588714 -1 1.1135 38.6415 39 0 0 53.1807 72.7899 190000 0 0
40 6 0 79.1418 1.42632 1.5708 1.31388 45.6105 40 0 0 58.6975 89.9689 190000 0 0
41 6 0 89.3728 0.196885 1.5708 1.10866 46.5653 41 0 0 56.6464 85.4723 190000 0 0
42 6 0 66.3726 0.433792 -1 1.17264 45.9736 42 0 0 56.2512 83.8026 190000 0 0
43 6 1 78.8118 2.72887 -1 1.33556 47.7422 43 0 0 51.5668 74.8189 190000 0 0
44 6 1 57.6263 0.40265 -1 1.12819 46.1691 44 0 0 51.8613 74.5059 190000 0 0
45 7 0 71.5949 1.54989 1.5708 1.43171 55.3375 45 0 0 50.4372 76.8987 190000 0 0
46 7 0 90.7707 1.60137 1.5708 1.19563 55.9739 46 0 0 49.1622 74.3271 190000 0 0
47 7 0 68.6485 1.56209 1.5708 1.40475 54.9073 47 0 0 49.8753 75.322 190000 0 0
48 7 1 75.6598 3.1053 1.5708 1.11616 55.6673 48 0 0 47.031 69.582 190000 0 0
49 7 1 83.3986 1.83072 1.5708 1.04196 54.4183 49 0 0 47.7219 70.4474 190000 0 0
