0 1 1 78.2532 1.5622 -1 1.16807 0.362394 0 0 0 60.4362 0 140000 0 1.60744
1 1 1 99.9742 1.57655 -1 1.17779 0 1 0 0 60.3619 0 140000 0 1.53415
2 1 1 103.797 1.43061 -1 1.15958 1.4941 2 0 0 57.3762 0 140000 0 1.65738
3 1 1 101.721 1.68009 -1 1.09237 0.882016 3 0 0 57.2056 0 140000 0 1.61883
4 1 1 72.7412 1.43926 -1 1.21878 3.45118 4 0 0 52.6391 0 140000 0 1.70198
5 1 1 78.516 0.392166 -1 1.05595 2.33695 5 0 0 51.896 0 140000 0 1.6563
6 1 1 102.204 1.38522 -1 1.18678 5.22891 6 0 0 46.9179 0 140000 0 1.71651
7 1 1 95.2358 1.82713 -1 1.1839 4.4375 7 0 0 46.3097 0 140000 0 1.69139
8 1 1 83.5972 2.41453 -1 1.1933 8.32719 8 0 0 41.7538 0 140000 0 1.75568
9 1 1 62.1537 0.68563 -1 1.17716 7.72534 9 0 0 41.6587 0 140000 0 1.74156
10 2 0 79.9443 1.54064 0 1.0944 9.28032 10 0 0 70.2186 0 140000 0 0
11 2 0 71.6769 1.49433 0 1.10528 10.3297 11 0 0 67.3315 0 140000 0 0
12 2 0 77.7486 0.351124 0 1.11095 9.50106 12 0 0 67.2224 0 140000 0 0
13 2 0 82.248 2.56026 0 1.14462 11.6972 13 0 0 60.1246 0 140000 0 0
14 2 0 78.5748 0.527193 0 1.11638 10.4071 14 0 0 59.7829 0 140000 0 0
15 2 0 81.1961 2.54818 0 1.33954 13.552 15 0 0 52.4538 0 140000 0 0
16 2 0 81.5198 0.600932 0 1.24446 12.5251 16 0 0 52.2585 0 140000 0 0
17 2 1 59.9591 2.56448 -1 1.2735 15.7702 17 0 0 45.2924 0 140000 0 0
18 2 1 59.3341 0.60959 -1 1.21396 14.4328 18 0 0 45.2934 0 140000 0 0
19 3 0 76.9856 2.68726 0 1.13099 18.6173 19 0 0 77.9108 87.9976 140000 0 0
20 3 0 69.0116 0.33356 0 1.07862 18.1362 20 0 0 78.1406 87.9845 140000 0 0
21 3 0 68.2953 1.52612 -1 1.1618 19.8787 21 0 0 67.7802 81.5337 140000 0 0
22 3 0 81.5782 1.57039 1.5708 1.18108 18.7891 22 0 0 67.826 81.0198 140000 0 0
23 3 0 85.8487 2.53056 0 1.31259 21.6361 23 0 0 58.0916 71.8769 140000 0 0
24 3 0 74.6754 0.585759 -1 1.21202 20.3288 24 0 0 57.7809 70.9482 140000 0 0
25 3 1 81.8442 2.55298 -1 1.12742 23.2167 25 0 0 49.2828 61.5753 140000 0 0
26 3 1 80.8922 0.602466 -1 1.1481 21.7332 26 0 0 49.6184 61.6154 140000 0 0
27 4 0 60.6158 2.63447 -1 1.16943 26.389 27 0 0 77.383 101.723 140000 0 0
28 4 0 64.0149 2.53494 -1 1.25038 27.793 28 0 0 70.549 93.1694 140000 0 0
29 4 0 74.7472 0.599948 1.5708 1.22818 27.0266 29 0 0 70.9883 92.8782 140000 0 0
30 4 0 80.7411 2.48013 1.5708 1.23229 29.721 30 0 0 61.0115 80.425 140000 0 0
31 4 0 75.001 0.644504 1.5708 1.20335 28.5793 31 0 0 60.8197 79.1495 140000 0 0
32 4 1 80.2851 2.57874 -1 1.18781 31.2252 32 0 0 52.3046 68.4036 140000 0 0
33 4 1 83.4794 0.602162 -1 1.15534 29.9685 33 0 0 52.4199 68.073 140000 0 0
34 5 0 74.371 1.60166 1.5708 1.2313 35.6352 34 0 0 66.7401 99.7556 140000 0 0
35 5 0 82.0556 0.557938 1.5708 1.19507 35.407 35 0 0 66.9109 99.326 140000 0 0
36 5 0 71.0468 2.41219 -1 1.20501 37.5355 36 0 0 60.469 85.8698 140000 0 0
37 5 0 81.5658 0.619125 1.5708 1.28172 36.6333 37 0 0 60.973 85.5507 140000 0 0
38 5 1 78.7282 2.61401 -1 1.19995 39.0766 38 0 0 53.0673 73.1305 140000 0 0
39 5 1 60.6285 0.567024 -1 1.12124 37.716 39 0 0 53.6361 73.2346 140000 0 0
40 6 0 76.2551 1.44788 1.5708 1.27543 44.4807 40 0 0 58.9328 89.5232 140000 0 0
41 6 0 83.1956 0.240603 1.5708 1.07675 45.6444 41 0 0 56.8302 85.0647 140000 0 0
42 6 0 64.7682 0.398331 -1 1.18061 44.8793 42 0 0 56.7368 84.0357 140000 0 0
43 6 1 78.1551 2.76217 -1 1.38421 46.5727 43 0 0 51.868 74.81 140000 0 0
44 6 1 56.3897 0.409877 -1 1.1626 45.2091 44 0 0 52.4808 75.0703 140000 0 0
45 7 0 69.1214 1.56001 1.5708 1.41339 54.0144 45 0 0 50.8068 76.7572 140000 0 0
46 7 0 86.4257 1.61069 1.5708 1.18996 54.6592 46 0 0 49.5623 74.2595 140000 0 0
47 7 0 66.5437 1.60291 1.5708 1.45027 53.8073 47 0 0 50.0773 75.0165 140000 0 0
48 7 1 72.1669 3.10456 1.5708 1.10917 54.4949 48 0 0 47.2989 69.4387 140000 0 0
49 7 1 83.2281 1.83312 1.5708 1.05397 53.3974 49 0 0 48.0348 70.5019 140000 0 0
