0 1 1 76.8781 1.51485 -1 1.20575 0.267777 0 0 0 61.0735 0 115000 0 1.59851
1 1 1 98.5657 1.60849 -1 1.21637 0 1 0 0 60.9282 0 115000 0 1.54308
2 1 1 101.34 1.42282 -1 1.21996 1.30876 2 0 0 58.0495 0 115000 0 1.65066
3 1 1 100.236 1.6365 -1 1.20805 0.784745 3 0 0 57.6885 0 115000 0 1.61646
4 1 1 70.5337 1.46742 -1 1.25918 3.05272 4 0 0 53.3156 0 115000 0 1.69173
5 1 1 77.2694 0.426583 -1 1.03639 2.03439 5 0 0 52.6183 0 115000 0 1.64868
6 1 1 100.071 1.41728 -1 1.23213 4.51585 6 0 0 47.6913 0 115000 0 1.70124
7 1 1 94.2025 1.78893 -1 1.21589 4.07811 7 0 0 47.3103 0 115000 0 1.68604
8 1 1 83.1831 2.44218 -1 1.19163 7.30103 8 0 0 42.4946 0 115000 0 1.73782
9 1 1 61.9584 0.758152 -1 1.19476 7.29879 9 0 0 42.6134 0 115000 0 1.73734
10 2 0 76.6287 1.5857 0 1.09231 9.15471 10 0 0 70.8745 0 115000 0 0
11 2 0 68.4185 1.49965 0 1.13848 10.2306 11 0 0 67.7873 0 115000 0 0
12 2 0 74.3627 0.429571 0 1.08232 9.72143 12 0 0 67.9499 0 115000 0 0
13 2 0 79.7959 2.57082 0 1.1409 11.3711 13 0 0 60.9305 0 115000 0 0
14 2 0 75.3424 1.66691 0 1.08232 10.2925 14 0 0 60.4883 0 115000 0 0
15 2 0 78.2093 2.57421 0 1.33775 12.9184 15 0 0 53.0989 0 115000 0 0
16 2 0 79.5693 0.575674 0 1.27402 12.1714 16 0 0 53.2153 0 115000 0 0
17 2 1 59.3843 2.59464 -1 1.27374 14.8287 17 0 0 46.2032 0 115000 0 0
18 2 1 56.7559 0.583916 -1 1.24242 13.9733 18 0 0 46.3387 0 115000 0 0
19 3 0 77.7632 2.7114 0 1.08781 18.6102 19 0 0 78.1019 89.1159 115000 0 0
20 3 0 65.5635 1.46893 1.5708 1.46102 18.4988 20 0 0 78.8061 89.1044 115000 0 0
21 3 0 67.139 1.55791 -1 1.1905 19.6646 21 0 0 68.0818 82.4097 115000 0 0
22 3 0 82.9985 0.387903 0 1.20995 18.9065 22 0 0 68.3618 81.7461 115000 0 0
23 3 0 84.9695 2.55415 0 1.28866 21.0759 23 0 0 58.6037 72.5464 115000 0 0
24 3 0 69.9389 0.552104 -1 1.21528 19.8672 24 0 0 58.9133 72.2664 115000 0 0
25 3 1 81.2878 2.5779 -1 1.1271 22.3682 25 0 0 50.3402 62.8419 115000 0 0
26 3 1 79.0712 0.582104 -1 1.19363 21.1604 26 0 0 50.6493 62.965 115000 0 0
27 4 0 53.5547 2.64811 -1 1.10227 26.6186 27 0 0 76.7145 103.155 115000 0 0
28 4 0 62.9384 2.53748 -1 1.24128 27.6426 28 0 0 70.3015 94.0104 115000 0 0
29 4 0 64.8345 0.353281 0 1.33001 27.0092 29 0 0 70.9185 93.0994 115000 0 0
30 4 0 76.6147 2.50821 1.5708 1.21356 29.2785 30 0 0 61.4719 81.1195 115000 0 0
31 4 0 70.7496 0.478285 0 1.22857 27.8486 31 0 0 61.354 80.2175 115000 0 0
32 4 1 79.6573 2.62509 -1 1.1972 30.4717 32 0 0 53.1213 69.438 115000 0 0
33 4 1 80.2295 0.593028 -1 1.17319 29.2807 33 0 0 53.638 69.7868 115000 0 0
34 5 0 70.8084 1.58381 1.5708 1.21049 35.3255 34 0 0 66.4436 99.3205 115000 0 0
35 5 0 77.7034 1.51519 1.5708 1.191 34.928 35 0 0 67.1316 98.9263 115000 0 0
36 5 0 68.3069 2.49132 -1 1.25619 36.9965 36 0 0 60.424 85.7152 115000 0 0
37 5 0 77.2162 0.418877 0 1.21195 35.6251 37 0 0 60.9086 85.5481 115000 0 0
38 5 1 77.8832 2.62088 -1 1.20636 38.3905 38 0 0 53.6069 73.7276 115000 0 0
39 5 1 59.5964 0.64961 -1 1.12306 36.7672 39 0 0 53.9492 73.8864 115000 0 0
40 6 0 71.3448 1.35073 1.5708 1.32339 43.8038 40 0 0 59.1865 89.4199 115000 0 0
41 6 0 84.6499 0.21489 1.5708 1.1809 44.9178 41 0 0 57.118 85.1508 115000 0 0
42 6 0 64.4302 1.52107 -1 1.0927 44.052 42 0 0 57.2536 84.5272 115000 0 0
43 6 1 76.9808 2.77689 -1 1.3711 45.8352 43 0 0 52.0753 74.7682 115000 0 0
44 6 1 59.3295 0.445831 -1 1.10529 44.1902 44 0 0 52.5996 75.1911 115000 0 0
45 7 0 69.1284 1.58114 1.5708 1.43879 53.2623 45 0 0 51.1152 76.8568 115000 0 0
46 7 0 83.527 1.60378 1.5708 1.20839 53.7879 46 0 0 49.976 74.5232 115000 0 0
47 7 0 64.7379 1.58707 1.5708 1.49525 53.1012 47 0 0 50.4338 75.2321 115000 0 0
48 7 1 68.7778 3.10158 1.5708 1.11505 53.6577 48 0 0 47.7745 69.847 115000 0 0
49 7 1 84.1516 1.88946 1.5708 1.068 52.763 49 0 0 48.2732 70.6282 115000 0 0
