0 1 0 97.7158 2.05137 0 1.10585 1.38423 0 0 0 56.1246 0 345000 0 0
1 1 0 104.466 1.47172 0 1.05786 0 1 0 0 55.3821 0 345000 0 0
2 1 0 105.678 2.37582 0 1.0813 5.35332 2 0 0 55.3824 0 345000 0 0
3 1 0 93.4776 1.6189 0 1.18709 -1.87 3 0 0 51.3374 0 345000 0 0
4 1 0 97.2875 0.754771 0 1.10693 12.6018 4 0 0 53.7125 0 345000 0 0
5 1 0 93.4537 1.71766 0 1.15722 -2.95366 5 0 0 46.5226 0 345000 0 0
6 1 0 68.1623 0.889803 -1 1.16308 19.0644 6 0 0 50.5662 0 345000 0 0
7 1 0 86.4211 2.47563 0 1.23204 -1.82595 7 0 0 42.2722 0 345000 0 0
8 1 1 75.198 2.27542 -1 1.11893 23.1151 8 0 0 45.994 0 345000 0 0
9 1 1 54.6578 0.930222 -1 1.13358 2.24988 9 0 0 39.9329 0 345000 0 0
10 2 0 88.5165 1.49451 -1 1.64748 12.0865 10 0 0 67.2362 0 345000 0 0
11 2 0 98.9288 1.35643 0 1.38185 13.0479 11 0 0 65.6661 0 345000 0 0
12 2 0 98.9877 1.4806 0 1.39016 9.75331 12 0 0 62.4475 0 345000 0 0
13 2 0 90.4529 1.17106 -1 1.40171 18.8016 13 0 0 63.6733 0 345000 0 0
14 2 0 97.0105 1.60781 0 1.44888 8.45765 14 0 0 56.0605 0 345000 0 0
15 2 0 93.3094 1.08501 0 1.22485 24.6046 15 0 0 57.6765 0 345000 0 0
16 2 0 96.4119 1.68014 0 1.67248 8.47795 16 0 0 50.1852 0 345000 0 0
17 2 1 80.142 2.30482 -1 1.13684 29.8095 17 0 0 50.4356 0 345000 0 0
18 2 1 92.434 1.79592 -1 1.27489 9.75487 18 0 0 45.1087 0 345000 0 0
19 3 0 98.9893 1.33766 1.5708 2.29947 26.0018 19 0 0 81.7519 87.0561 345000 0 0
20 3 0 88.8858 1.48026 0 1.52672 22.9587 20 0 0 75.5177 81.7061 345000 0 0
21 3 0 97.428 1.36553 1.5708 2.19493 28.0125 21 0 0 73.1432 85.9323 345000 0 0
22 3 0 101.551 1.57893 -1 2.01545 22.0533 22 0 0 66.8943 75.8524 345000 0 0
23 3 0 97.5561 1.28386 1.5708 1.57528 33.3354 23 0 0 63.544 81.3944 345000 0 0
24 3 0 107.354 1.63043 0 1.92441 21.5604 24 0 0 58.7976 68.5415 345000 0 0
25 3 1 88.5128 2.40293 -1 1.08803 36.7032 25 0 0 54.725 71.4889 345000 0 0
26 3 1 97.921 1.79577 -1 1.54489 21.0806 26 0 0 51.5753 60.9615 345000 0 0
27 4 0 103.939 1.51165 1.5708 2.45716 38.6523 27 0 0 69.9655 102.67 345000 0 0
28 4 0 97.4118 1.43083 1.5708 2.04612 42.0393 28 0 0 66.5376 102.746 345000 0 0
29 4 0 87.6514 1.54184 -1 2.54149 36.6166 29 0 0 67.252 91.6524 345000 0 0
30 4 0 95.2984 1.43445 1.5708 1.80903 43.9951 30 0 0 62.0794 91.7035 345000 0 0
31 4 0 109.639 1.52336 1.5708 2.22734 36.5403 31 0 0 60.8254 81.1952 345000 0 0
32 4 1 92.2455 1.2607 -1 1.12865 45.6697 32 0 0 55.7717 79.317 345000 0 0
33 4 1 83.4335 1.72519 -1 1.72674 34.2751 33 0 0 54.953 70.9109 345000 0 0
34 5 0 78.1194 1.57013 -1 2.1514 54.9017 34 0 0 54.6594 86.4855 345000 0 0
35 5 0 103.895 1.51653 1.5708 2.33431 54.0689 35 0 0 54.5382 85.1878 345000 0 0
36 5 0 84.4319 1.86399 1.5708 1.55688 56.023 36 0 0 53.1352 83.2062 345000 0 0
37 5 0 110.929 1.43182 1.5708 2.26705 52.1358 37 0 0 53.2168 80.0821 345000 0 0
38 5 1 70.1578 1.27072 -1 1.19643 55.4994 38 0 0 51.3862 78.1081 345000 0 0
39 5 1 105.456 1.63759 -1 1.7103 49.0104 39 0 0 50.8667 72.8226 345000 0 0
40 6 0 119.294 1.60344 1.5708 1.94727 70.4066 40 0 0 42.8212 67.0245 345000 0 0
41 6 0 99.1323 1.92376 1.5708 1.98099 68.5137 41 0 0 44.025 68.9439 345000 0 0
42 6 0 109.723 1.38393 1.5708 1.89242 67.8498 42 0 0 43.38 67.0449 345000 0 0
43 6 1 71.4042 1.60642 -1 1.29628 66.1116 43 0 0 44.5951 69.0415 345000 0 0
44 6 1 101.165 1.52571 -1 1.5454 64.0443 44 0 0 43.397 65.4318 345000 0 0
45 7 0 97.4798 1.62509 1.5708 1.3892 84.3249 45 0 0 34.5309 53.6123 345000 0 0
46 7 0 106.356 1.90031 1.5708 1.51704 81.799 46 0 0 35.7547 55.544 345000 0 0
47 7 0 105.284 1.39946 1.5708 1.61549 81.9462 47 0 0 35.0742 54.1481 345000 0 0
48 7 1 71.459 1.6671 1.5708 1.50857 77.6742 48 0 0 37.3233 57.6585 345000 0 0
49 7 1 100.828 1.586 1.5708 1.50197 77.9911 49 0 0 35.7652 54.5275 345000 0 0
