# CellID	NodeIndex	X	Y	R	Theta
8	0	43.7247	25.0482	44.7235	0.419279
8	1	43.8212	25.3022	44.9155	0.42357
8	2	43.9072	25.5621	45.1012	0.42804
8	3	43.9799	25.8285	45.2785	0.432725
8	4	44.0369	26.0994	45.4443	0.437611
8	5	44.0783	26.3714	45.5977	0.44263
8	6	44.1067	26.6427	45.7401	0.447722
8	7	44.1249	26.9134	45.8743	0.452872
8	8	44.1335	27.1854	46.0016	0.458107
8	9	44.1307	27.4599	46.1212	0.46347
8	10	44.1137	27.7363	46.2303	0.468983
8	11	44.0808	28.0118	46.3262	0.474609
8	12	44.0333	28.2837	46.409	0.480288
8	13	43.974	28.5513	46.4807	0.485984
8	14	43.9042	28.8159	46.5434	0.491711
8	15	43.8233	29.0789	46.597	0.497505
8	16	43.7289	29.3397	46.6393	0.503386
8	17	43.6197	29.5958	46.668	0.509322
8	18	43.497	29.8445	46.683	0.515254
8	19	43.3637	30.0852	46.6864	0.521147
8	20	43.2218	30.3194	46.6808	0.527013
8	21	43.0709	30.5487	46.6665	0.532887
8	22	42.909	30.773	46.6418	0.538791
8	23	42.7349	30.99	46.6045	0.544704
8	24	42.5494	31.197	46.5539	0.550573
8	25	42.3554	31.3935	46.4921	0.556357
8	26	42.1548	31.5809	46.4216	0.562068
8	27	41.9476	31.7611	46.343	0.567741
8	28	41.7315	31.9341	46.2546	0.573405
8	29	41.5047	32.0974	46.1534	0.579045
8	30	41.2675	32.2476	46.0377	0.584594
8	31	41.023	32.3826	45.909	0.589987
8	32	40.7744	32.5042	45.7707	0.595215
8	33	40.5226	32.6149	45.6249	0.600319
8	34	40.2669	32.7166	45.472	0.605341
8	35	40.0063	32.8084	45.3104	0.61028
8	36	39.7411	32.8881	45.1393	0.615094
8	37	39.5088	32.9406	44.9802	0.619028
8	38	39.302	32.9701	44.8291	0.62224
8	39	39.1138	32.9797	44.6819	0.624869
8	40	38.9375	32.9829	44.541	0.627243
8	41	38.7682	32.967	44.3946	0.629192
8	42	38.6035	32.9405	44.246	0.630898
8	43	38.442	32.9101	44.0977	0.632501
8	44	38.2856	32.8495	43.9357	0.633494
8	45	38.1372	32.7461	43.7549	0.633596
8	46	37.9798	32.6488	43.5705	0.633935
8	47	37.824	32.5416	43.3814	0.634071
8	48	37.6683	32.4285	43.189	0.634097
8	49	37.5153	32.3081	42.9944	0.633949
8	50	37.3632	32.185	42.7989	0.633738
8	51	37.2195	32.0574	42.6076	0.633321
8	52	37.0767	31.9293	42.4166	0.632879
8	53	36.9377	31.7973	42.2265	0.632306
8	54	36.7993	31.6645	42.0364	0.631704
8	55	36.6626	31.5289	41.846	0.631017
8	56	36.5283	31.3896	41.6554	0.63022
8	57	36.3958	31.2474	41.4646	0.629333
8	58	36.2687	31.0999	41.2751	0.628255
8	59	36.1454	30.9503	41.0873	0.627073
8	60	36.0294	30.7972	40.9036	0.625707
8	61	35.9182	30.6439	40.7237	0.624254
8	62	35.8139	30.4893	40.5488	0.622665
8	63	35.7142	30.3355	40.3782	0.62101
8	64	35.6165	30.1778	40.2071	0.619235
8	65	35.5188	30.0176	40.0346	0.617391
8	66	35.4253	29.8524	39.8628	0.615372
8	67	35.3331	29.6849	39.6909	0.613267
8	68	35.2488	29.5128	39.523	0.610932
8	69	35.1663	29.3402	39.3566	0.608543
8	70	35.0928	29.1649	39.1962	0.605944
8	71	35.0206	28.9905	39.0376	0.603327
8	72	34.956	28.8146	38.8848	0.600544
8	73	34.8931	28.6396	38.7341	0.597734
8	74	34.8326	28.4602	38.5833	0.594773
8	75	34.7732	28.2773	38.4319	0.591698
8	76	34.7174	28.0913	38.282	0.588478
8	77	34.667	27.9032	38.1359	0.585108
8	78	34.6217	27.7147	37.9942	0.58163
8	79	34.5792	27.5254	37.8549	0.578068
8	80	34.5387	27.3361	37.7179	0.574451
8	81	34.5028	27.1463	37.5848	0.570733
8	82	34.4704	26.9562	37.4551	0.566929
8	83	34.4429	26.7652	37.3297	0.563009
8	84	34.4382	26.5744	37.2242	0.558742
8	85	34.4422	26.3814	37.1256	0.554276
8	86	34.4721	26.1864	37.0488	0.549378
8	87	34.5124	25.9851	36.9786	0.544164
8	88	34.575	25.8028	36.9382	0.539064
8	89	34.6494	25.6414	36.9197	0.534279
8	90	34.7417	25.4948	36.9249	0.529589
8	91	34.842	25.3552	36.9413	0.524956
8	92	34.9473	25.2192	36.9647	0.520344
8	93	35.0583	25.0858	36.995	0.515723
8	94	35.1731	24.9516	37.0291	0.511043
8	95	35.2937	24.8199	37.0703	0.506352
8	96	35.4179	24.6878	37.1153	0.501616
8	97	35.5482	24.5573	37.1672	0.496852
8	98	35.6816	24.426	37.2223	0.492043
8	99	35.8189	24.2963	37.2825	0.487237
8	100	35.9578	24.1679	37.3455	0.482457
8	101	36.0965	24.0409	37.4099	0.477731
8	102	36.2366	23.9188	37.4785	0.473118
8	103	36.3712	23.7943	37.5421	0.468533
8	104	36.5067	23.6747	37.6093	0.464068
8	105	36.6407	23.5576	37.6771	0.459696
8	106	36.7776	23.4389	37.7475	0.455269
8	107	36.9175	23.319	37.8208	0.450796
8	108	37.0602	23.1992	37.8975	0.44631
8	109	37.2032	23.0784	37.9747	0.441814
8	110	37.3474	22.9601	38.0548	0.437385
8	111	37.4915	22.8452	38.1371	0.433055
8	112	37.6349	22.7342	38.221	0.428845
8	113	37.7785	22.6206	38.3046	0.424588
8	114	37.9244	22.507	38.3912	0.420327
8	115	38.0739	22.3949	38.4822	0.416082
8	116	38.2256	22.2829	38.5761	0.411838
8	117	38.3787	22.1715	38.6721	0.407612
8	118	38.5337	22.0604	38.7708	0.403396
8	119	38.6918	21.9526	38.8742	0.399248
8	120	38.8548	21.8544	38.9865	0.395303
8	121	39.0087	21.7493	39.0883	0.391308
8	122	39.1638	21.6989	39.2126	0.388609
8	123	39.329	21.696	39.3645	0.38695
8	124	39.4955	21.6802	39.5128	0.384991
8	125	39.6682	21.6805	39.673	0.383362
8	126	39.8511	21.7007	39.8502	0.382117
8	127	40.0509	21.736	40.0488	0.381073
8	128	40.2744	21.7962	40.2786	0.380398
8	129	40.5303	21.8837	40.5488	0.380059
8	130	40.7829	21.9878	40.8219	0.38013
8	131	41.029	22.1065	41.0946	0.380591
8	132	41.2666	22.2377	41.3639	0.381402
8	133	41.4964	22.3787	41.6297	0.38249
8	134	41.7199	22.5286	41.893	0.38382
8	135	41.9378	22.6886	42.155	0.385403
8	136	42.149	22.86	42.4152	0.387275
8	137	42.3512	23.0427	42.6716	0.389451
8	138	42.543	23.2348	42.9221	0.391895
8	139	42.725	23.434	43.1665	0.39455
8	140	42.8989	23.6399	43.4064	0.397387
8	141	43.0653	23.8535	43.6427	0.400425
8	142	43.2229	24.0769	43.8751	0.403713
8	143	43.3687	24.3104	44.1012	0.407284
8	144	43.5003	24.5519	44.3181	0.411112
8	145	43.6183	24.7983	44.525	0.415126
9	0	-26.4683	39.2028	43.6842	2.30732
9	1	-26.5486	39.3926	43.8787	2.30577
9	2	-26.6419	39.5734	44.0754	2.30459
9	3	-26.7434	39.7471	44.2725	2.30366
9	4	-26.8544	39.9131	44.4701	2.30302
9	5	-26.9693	40.0749	44.6673	2.30251
9	6	-27.0905	40.2308	44.8642	2.3022
9	7	-27.2133	40.3839	45.0602	2.30196
9	8	-27.343	40.5372	45.2609	2.30183
9	9	-27.4762	40.692	45.4651	2.30174
9	10	-27.6153	40.8443	45.6713	2.30178
9	11	-27.7569	40.9945	45.8777	2.30189
9	12	-27.9022	41.1398	46.0829	2.30213
9	13	-28.0485	41.2826	46.2868	2.30243
9	14	-28.1976	41.4216	46.4899	2.30282
9	15	-28.3484	41.5588	46.6928	2.30325
9	16	-28.5028	41.6925	46.8955	2.30379
9	17	-28.66	41.8226	47.0974	2.30443
9	18	-28.8204	41.9466	47.2968	2.30519
9	19	-28.9821	42.0636	47.4921	2.30607
9	20	-29.1469	42.1782	47.6876	2.30702
9	21	-29.3143	42.2888	47.882	2.30806
9	22	-29.4828	42.3968	48.0752	2.30914
9	23	-29.6537	42.4989	48.2659	2.31034
9	24	-29.8275	42.6021	48.4592	2.31155
9	25	-30.0063	42.7007	48.6527	2.31289
9	26	-30.1873	42.7971	48.8461	2.31429
9	27	-30.3732	42.8823	49.0347	2.31591
9	28	-30.5607	42.9515	49.2128	2.31776
9	29	-30.7385	42.9754	49.3513	2.32007
9	30	-30.9122	42.9624	49.4603	2.32282
9	31	-31.0866	42.9539	49.5734	2.32551
9	32	-31.263	42.9268	49.6747	2.32847
9	33	-31.4461	42.8822	49.7684	2.33175
9	34	-31.6414	42.8149	49.8547	2.33552
9	35	-31.8559	42.7208	49.9357	2.33993
9	36	-32.0967	42.5924	50.0117	2.34517
9	37	-32.3316	42.4484	50.0737	2.35054
9	38	-32.5573	42.29	50.1205	2.35596
9	39	-32.7719	42.12	50.1527	2.36138
9	40	-32.9759	41.941	50.1726	2.36678
9	41	-33.1711	41.7541	50.182	2.37216
9	42	-33.3582	41.558	50.1807	2.37756
9	43	-33.5358	41.3514	50.1667	2.38299
9	44	-33.7014	41.1346	50.1386	2.3884
9	45	-33.8536	40.9099	50.0966	2.39375
9	46	-33.9933	40.6794	50.0429	2.39902
9	47	-34.1218	40.4435	49.9788	2.40424
9	48	-34.2394	40.2012	49.9036	2.40942
9	49	-34.3445	39.9514	49.8154	2.41456
9	50	-34.4345	39.6951	49.7129	2.41961
9	51	-34.5083	39.4351	49.5972	2.42453
9	52	-34.5677	39.174	49.4708	2.4293
9	53	-34.6146	38.912	49.3357	2.43394
9	54	-34.65	38.6482	49.1916	2.43848
9	55	-34.6725	38.3813	49.0367	2.44293
9	56	-34.6796	38.1121	48.8694	2.44724
9	57	-34.6698	37.8429	48.69	2.45136
9	58	-34.6441	37.5766	48.501	2.45526
9	59	-34.6049	37.314	48.3046	2.45895
9	60	-34.5535	37.0543	48.1012	2.46246
9	61	-34.4894	36.7967	47.8898	2.46581
9	62	-34.4108	36.5417	47.6692	2.46895
9	63	-34.3168	36.2916	47.44	2.47184
9	64	-34.2086	36.0487	47.2046	2.47445
9	65	-34.0888	35.8136	46.9651	2.4768
9	66	-33.9586	35.5851	46.7218	2.47893
9	67	-33.8176	35.3623	46.4736	2.48085
9	68	-33.6639	35.1455	46.2193	2.48251
9	69	-33.4962	34.9373	45.9592	2.48386
9	70	-33.3153	34.7405	45.6959	2.48484
9	71	-33.1243	34.5563	45.4321	2.48549
9	72	-32.9255	34.3836	45.1693	2.48583
9	73	-32.7202	34.2203	44.9069	2.48593
9	74	-32.5071	34.0669	44.6445	2.48574
9	75	-32.287	33.923	44.3824	2.48529
9	76	-32.0849	33.8187	44.1586	2.48437
9	77	-31.897	33.7465	43.9658	2.48305
9	78	-31.7185	33.7036	43.7984	2.48134
9	79	-31.5473	33.6816	43.6497	2.47933
9	80	-31.3813	33.6805	43.5183	2.477
9	81	-31.222	33.7029	43.4069	2.47433
9	82	-31.0669	33.7476	43.3129	2.47131
9	83	-30.9109	33.793	43.2191	2.46824
9	84	-30.7561	33.8509	43.1344	2.46495
9	85	-30.5972	33.9102	43.0479	2.46157
9	86	-30.4352	33.9774	42.9644	2.45798
9	87	-30.2676	34.0484	42.8797	2.45423
9	88	-30.1004	34.1299	42.8025	2.45028
9	89	-29.93	34.2128	42.7244	2.44624
9	90	-29.7613	34.3044	42.6539	2.44206
9	91	-29.5913	34.3973	42.584	2.43782
9	92	-29.422	34.4945	42.5183	2.4335
9	93	-29.2515	34.5935	42.4535	2.42911
9	94	-29.0792	34.6945	42.3896	2.42466
9	95	-28.9048	34.7978	42.3264	2.42011
9	96	-28.7285	34.9036	42.2644	2.41547
9	97	-28.5518	35.0121	42.2047	2.41077
9	98	-28.3758	35.1225	42.1479	2.40603
9	99	-28.201	35.2338	42.0934	2.40129
9	100	-28.0267	35.346	42.0409	2.39652
9	101	-27.8542	35.4594	41.9915	2.39175
9	102	-27.684	35.5758	41.9467	2.38695
9	103	-27.5172	35.6969	41.9087	2.38212
9	104	-27.3556	35.8242	41.8796	2.37726
9	105	-27.2008	35.9583	41.8612	2.37239
9	106	-27.0552	36.0963	41.853	2.3676
9	107	-26.9186	36.2426	41.8581	2.36282
9	108	-26.7892	36.4083	41.883	2.35783
9	109	-26.6678	36.6103	41.9402	2.35238
9	110	-26.5543	36.8587	42.0374	2.3463
9	111	-26.4594	37.1398	42.1724	2.34003
9	112	-26.3927	37.4231	42.3303	2.33424
9	113	-26.3488	37.7096	42.5075	2.32883
9	114	-26.3231	37.9961	42.6985	2.32378
9	115	-26.3131	38.2798	42.8991	2.31909
9	116	-26.3219	38.5447	43.0995	2.31506
9	117	-26.3516	38.7852	43.2968	2.3118
9	118	-26.4012	39.0021	43.4905	2.30927
17	0	38.8785	19.9242	38.3069	0.348546
17	1	38.8809	20.17	38.3938	0.354542
17	2	38.8677	20.3872	38.4574	0.359959
17	3	38.8382	20.5836	38.4995	0.365002
17	4	38.791	20.7647	38.5205	0.369831
17	5	38.7553	20.9408	38.5512	0.374424
17	6	38.677	21.0866	38.5321	0.378691
17	7	38.5577	21.2226	38.4718	0.383122
17	8	38.4235	21.3513	38.3959	0.387538
17	9	38.2844	21.4796	38.3159	0.392011
17	10	38.1404	21.6092	38.2328	0.39658
17	11	37.9931	21.7398	38.1478	0.40123
17	12	37.8423	21.873	38.0614	0.405999
17	13	37.6876	22.0058	37.9721	0.41082
17	14	37.5292	22.1392	37.8807	0.415719
17	15	37.3715	22.2739	37.7913	0.420665
17	16	37.2127	22.4072	37.7012	0.425614
17	17	37.0535	22.5403	37.6116	0.430584
17	18	36.8918	22.6718	37.5201	0.435569
17	19	36.7335	22.8061	37.4337	0.440606
17	20	36.5772	22.945	37.352	0.445753
17	21	36.4156	23.0777	37.2639	0.450835
17	22	36.2567	23.2128	37.1802	0.45597
17	23	36.1006	23.3501	37.1011	0.461144
17	24	35.9407	23.4806	37.0164	0.466224
17	25	35.7846	23.6134	36.9371	0.471334
17	26	35.6302	23.7477	36.8611	0.476481
17	27	35.4732	23.8798	36.7826	0.481632
17	28	35.3159	24.0133	36.7056	0.486839
17	29	35.1572	24.146	36.6278	0.49207
17	30	34.9962	24.2755	36.5476	0.497272
17	31	34.834	24.4009	36.4654	0.502419
17	32	34.6723	24.5256	36.3842	0.507561
17	33	34.508	24.6444	36.2988	0.512621
17	34	34.3441	24.7561	36.2112	0.51753
17	35	34.1733	24.8482	36.1087	0.522087
17	36	34.0002	24.9357	36.0027	0.52659
17	37	33.816	25.0043	35.8782	0.530824
17	38	33.6259	25.0718	35.7488	0.535146
17	39	33.4191	25.1131	35.5922	0.539105
17	40	33.2187	25.14	35.4342	0.54266
17	41	33.0255	25.113	35.255	0.544837
17	42	32.8388	25.0601	35.0679	0.546304
17	43	32.6724	24.9506	34.8689	0.546102
17	44	32.5122	24.8164	34.6623	0.545193
17	45	32.3785	24.6743	34.4743	0.543678
17	46	32.258	24.5321	34.2977	0.541947
17	47	32.151	24.3855	34.1305	0.539884
17	48	32.0532	24.2354	33.9695	0.537577
17	49	31.9644	24.0794	33.8135	0.534955
17	50	31.8747	23.922	33.6562	0.532292
17	51	31.7889	23.7594	33.4999	0.529411
17	52	31.7044	23.5931	33.3431	0.526384
17	53	31.6222	23.4204	33.1855	0.523131
17	54	31.5431	23.2422	33.0281	0.519652
17	55	31.468	23.06	32.8726	0.515976
17	56	31.4	22.8751	32.7225	0.512086
17	57	31.3366	22.6909	32.5773	0.508111
17	58	31.2768	22.5033	32.4341	0.503955
17	59	31.217	22.3141	32.2906	0.499717
17	60	31.1619	22.1224	32.1507	0.495307
17	61	31.1088	21.9302	32.013	0.490811
17	62	31.0638	21.7375	31.8827	0.486146
17	63	31.0194	21.5419	31.7525	0.481352
17	64	30.9818	21.344	31.6279	0.47636
17	65	30.9463	21.1466	31.5062	0.471307
17	66	30.9182	20.9498	31.3923	0.466127
17	67	30.8924	20.7552	31.2822	0.460941
17	68	30.8704	20.5574	31.1749	0.455573
17	69	30.8491	20.3569	31.0681	0.450079
17	70	30.8333	20.1538	30.9661	0.444395
17	71	30.8225	19.9496	30.869	0.438571
17	72	30.8196	19.7458	30.7804	0.432619
17	73	30.8225	19.5446	30.6992	0.426628
17	74	30.8294	19.3421	30.6223	0.420514
17	75	30.8386	19.1388	30.5483	0.414316
17	76	30.8517	18.9351	30.4788	0.408024
17	77	30.8684	18.7312	30.4139	0.401653
17	78	30.889	18.5245	30.3527	0.39512
17	79	30.9139	18.3162	30.2962	0.388459
17	80	30.9452	18.1083	30.2471	0.381706
17	81	30.9805	17.9017	30.2036	0.374924
17	82	31.0225	17.6983	30.1689	0.368139
17	83	31.0713	17.4989	30.1434	0.361385
17	84	31.1323	17.306	30.1329	0.354678
17	85	31.2037	17.1164	30.1346	0.347956
17	86	31.2902	16.93	30.1531	0.341167
17	87	31.3929	16.7439	30.1883	0.33422
17	88	31.511	16.5746	30.245	0.327651
17	89	31.6448	16.4212	30.3229	0.321443
17	90	31.7997	16.2868	30.428	0.31564
17	91	31.9673	16.1639	30.5496	0.310113
17	92	32.1416	16.0519	30.6818	0.304903
17	93	32.3161	15.9436	30.8161	0.299851
17	94	32.4922	15.8416	30.9546	0.295023
17	95	32.6674	15.7412	31.0934	0.290296
17	96	32.8436	15.645	31.235	0.285731
17	97	33.0191	15.5499	31.3769	0.281247
17	98	33.1949	15.4589	31.5208	0.276925
17	99	33.3686	15.3695	31.6637	0.27271
17	100	33.5402	15.285	31.8066	0.268696
17	101	33.7117	15.2022	31.9501	0.264773
17	102	33.8838	15.1243	32.0961	0.261028
17	103	34.0547	15.0479	32.2417	0.25737
17	104	34.2259	14.9757	32.389	0.253869
17	105	34.3966	14.906	32.537	0.25048
17	106	34.5674	14.8406	32.6864	0.247244
17	107	34.7359	14.7799	32.8351	0.244197
17	108	34.9027	14.7266	32.9842	0.241405
17	109	35.069	14.6894	33.1368	0.239115
17	110	35.2253	14.6364	33.2763	0.236455
17	111	35.3727	14.6417	33.4208	0.235576
17	112	35.5282	14.7084	33.5876	0.236427
17	113	35.697	14.7627	33.7644	0.236819
17	114	35.8709	14.8418	33.9521	0.237882
17	115	36.0547	14.9449	34.1551	0.239549
17	116	36.2562	15.0757	34.3819	0.241852
17	117	36.484	15.2402	34.6426	0.244889
17	118	36.7071	15.4159	34.9019	0.248222
17	119	36.9235	15.6046	35.1582	0.251915
17	120	37.129	15.8065	35.4079	0.255989
17	121	37.3216	16.0185	35.6483	0.260375
17	122	37.5025	16.2376	35.8798	0.264976
17	123	37.674	16.4627	36.1046	0.26975
17	124	37.8371	16.6949	36.3242	0.274715
17	125	37.9907	16.9355	36.5378	0.279912
17	126	38.1328	17.184	36.7435	0.285345
17	127	38.2624	17.4384	36.9401	0.290964
17	128	38.3808	17.6968	37.1283	0.296718
17	129	38.4895	17.9598	37.3097	0.302605
17	130	38.588	18.229	37.4847	0.308677
17	131	38.6736	18.5057	37.6511	0.314989
17	132	38.7428	18.7883	37.8052	0.321529
17	133	38.7952	19.0729	37.9457	0.32821
17	134	38.8336	19.3569	38.0745	0.334947
17	135	38.8611	19.6403	38.1945	0.341717
18	0	-23.2757	31.6169	36.0235	2.38319
18	1	-23.3251	31.7916	36.1796	2.38062
18	2	-23.3801	31.9682	36.3414	2.37815
18	3	-23.439	32.1458	36.5069	2.37575
18	4	-23.5029	32.3222	36.6753	2.37349
18	5	-23.5727	32.4947	36.8454	2.37144
18	6	-23.6447	32.6631	37.0144	2.36952
18	7	-23.7223	32.8241	37.1824	2.36788
18	8	-23.801	32.9851	37.3512	2.36627
18	9	-23.8846	33.1439	37.5221	2.3648
18	10	-23.9711	33.3011	37.694	2.36344
18	11	-24.0613	33.4556	37.8668	2.36221
18	12	-24.1564	33.6054	38.0397	2.36116
18	13	-24.2555	33.7564	38.2164	2.36018
18	14	-24.3626	33.9036	38.3961	2.35942
18	15	-24.4717	34.0483	38.5755	2.35875
18	16	-24.5874	34.1835	38.7529	2.35838
18	17	-24.7036	34.3183	38.9304	2.35804
18	18	-24.8244	34.4469	39.1067	2.35789
18	19	-24.9454	34.5706	39.2797	2.35783
18	20	-25.0701	34.6906	39.4527	2.35791
18	21	-25.1971	34.8061	39.6242	2.35811
18	22	-25.3267	34.9152	39.7931	2.35846
18	23	-25.4607	35.0107	39.9554	2.35913
18	24	-25.5938	35.0943	40.1087	2.36
18	25	-25.7361	35.1532	40.2513	2.36145
18	26	-25.879	35.2135	40.3953	2.36287
18	27	-26.0316	35.2526	40.5315	2.36483
18	28	-26.1862	35.2947	40.6713	2.36676
18	29	-26.3448	35.3156	40.7994	2.36911
18	30	-26.4971	35.3292	40.9181	2.37147
18	31	-26.6467	35.3168	41.017	2.37423
18	32	-26.7935	35.3053	41.1148	2.37691
18	33	-26.9472	35.2888	41.2145	2.37978
18	34	-27.1019	35.217	41.2771	2.38363
18	35	-27.266	35.1369	41.3416	2.38776
18	36	-27.4331	35.0488	41.4035	2.39207
18	37	-27.6002	34.9551	41.4624	2.39647
18	38	-27.7689	34.8581	41.521	2.40095
18	39	-27.9406	34.7598	41.5818	2.40548
18	40	-28.1152	34.6603	41.6449	2.41006
18	41	-28.2896	34.5558	41.7054	2.41472
18	42	-28.4647	34.4502	41.7664	2.4194
18	43	-28.6401	34.3449	41.8289	2.42406
18	44	-28.8137	34.2378	41.8897	2.42871
18	45	-28.9877	34.1318	41.9525	2.43333
18	46	-29.1629	34.0262	42.0173	2.43795
18	47	-29.338	33.9172	42.0807	2.44262
18	48	-29.5152	33.8074	42.1462	2.44732
18	49	-29.6931	33.6957	42.2119	2.45205
18	50	-29.8704	33.5822	42.277	2.45679
18	51	-30.0475	33.4674	42.342	2.46154
18	52	-30.2238	33.3522	42.4071	2.46626
18	53	-30.3984	33.2363	42.4714	2.47096
18	54	-30.5719	33.1193	42.5351	2.47565
18	55	-30.7417	32.9979	42.5941	2.48036
18	56	-30.9052	32.8671	42.6433	2.48513
18	57	-31.053	32.7179	42.6698	2.49002
18	58	-31.1641	32.5262	42.6424	2.49517
18	59	-31.2369	32.2774	42.5514	2.50087
18	60	-31.2869	32.0106	42.4327	2.50661
18	61	-31.3219	31.7256	42.2926	2.51253
18	62	-31.345	31.4413	42.1447	2.5183
18	63	-31.3582	31.1582	41.9908	2.52396
18	64	-31.362	30.8746	41.8303	2.52954
18	65	-31.3542	30.589	41.6605	2.53505
18	66	-31.3313	30.3019	41.4786	2.54042
18	67	-31.2912	30.0161	41.2844	2.54558
18	68	-31.2353	29.7352	41.081	2.55047
18	69	-31.167	29.4599	40.8713	2.55513
18	70	-31.0885	29.1887	40.6562	2.55962
18	71	-30.9991	28.9198	40.4341	2.56396
18	72	-30.8963	28.6535	40.203	2.56812
18	73	-30.7782	28.3924	39.9624	2.572
18	74	-30.646	28.1397	39.715	2.57556
18	75	-30.503	27.8961	39.4639	2.57883
18	76	-30.3515	27.66	39.21	2.58186
18	77	-30.1918	27.4296	38.9525	2.5847
18	78	-30.022	27.2044	38.6894	2.58732
18	79	-29.8401	26.9863	38.4201	2.58965
18	80	-29.6463	26.7783	38.146	2.59163
18	81	-29.443	26.5819	37.8701	2.59325
18	82	-29.2326	26.3962	37.5938	2.59455
18	83	-29.0155	26.2192	37.3164	2.59557
18	84	-28.7902	26.0506	37.0363	2.5963
18	85	-28.5553	25.8922	36.7533	2.59667
18	86	-28.3115	25.7468	36.4694	2.59662
18	87	-28.0612	25.617	36.1881	2.5961
18	88	-27.8374	25.5224	35.9477	2.59512
18	89	-27.6339	25.4523	35.7375	2.59383
18	90	-27.4426	25.4052	35.5496	2.59216
18	91	-27.2599	25.3641	35.3724	2.59046
18	92	-27.0777	25.3558	35.213	2.58795
18	93	-26.9002	25.3741	35.0718	2.58484
18	94	-26.7208	25.4509	34.9605	2.58027
18	95	-26.541	25.5386	34.8553	2.57539
18	96	-26.3644	25.636	34.759	2.5703
18	97	-26.1874	25.7352	34.6641	2.56513
18	98	-26.0127	25.8381	34.5743	2.55988
18	99	-25.8399	25.9441	34.4886	2.55456
18	100	-25.6707	26.0522	34.4081	2.54922
18	101	-25.5031	26.1616	34.3306	2.54385
18	102	-25.3379	26.2736	34.2577	2.53844
18	103	-25.1734	26.3859	34.1864	2.533
18	104	-25.0104	26.5002	34.1185	2.52752
18	105	-24.8486	26.6156	34.0533	2.52202
18	106	-24.6899	26.7329	33.9927	2.51649
18	107	-24.5356	26.8518	33.9377	2.51099
18	108	-24.3862	26.9703	33.8874	2.50557
18	109	-24.2441	27.0902	33.8448	2.50022
18	110	-24.1048	27.2103	33.8054	2.49491
18	111	-23.9709	27.3339	33.7735	2.4896
18	112	-23.8411	27.4602	33.7476	2.48429
18	113	-23.7161	27.5876	33.7269	2.47904
18	114	-23.5926	27.718	33.7102	2.47373
18	115	-23.4801	27.8613	33.7111	2.46833
18	116	-23.3697	28.012	33.7192	2.4628
18	117	-23.277	28.182	33.7543	2.45715
18	118	-23.1909	28.3643	33.8034	2.45136
18	119	-23.129	28.5445	33.871	2.4461
18	120	-23.0836	28.7217	33.95	2.44123
18	121	-23.0529	28.8977	34.0404	2.4367
18	122	-23.0333	29.0738	34.1398	2.4324
18	123	-23.0159	29.2503	34.2419	2.42815
18	124	-23.0074	29.4282	34.3522	2.42408
18	125	-23.0007	29.6073	34.4652	2.42003
18	126	-23.0018	29.7881	34.5857	2.41613
18	127	-23.0066	29.9702	34.7103	2.4123
18	128	-23.0189	30.1528	34.8415	2.40862
18	129	-23.0344	30.3383	34.9773	2.40498
18	130	-23.0572	30.5248	35.1198	2.40148
18	131	-23.083	30.7114	35.2648	2.39807
18	132	-23.1142	30.8965	35.4132	2.39482
18	133	-23.149	31.0796	35.5634	2.3917
18	134	-23.1874	31.2607	35.715	2.38872
18	135	-23.2292	31.4399	35.8682	2.38588
25	0	35.6001	10.2644	32.9037	0.104227
25	1	35.6111	10.5795	32.9489	0.113705
25	2	35.6105	10.8937	32.9855	0.12317
25	3	35.6005	11.2069	33.0155	0.132621
25	4	35.5815	11.5204	33.0396	0.142105
25	5	35.5517	11.8352	33.0562	0.15166
25	6	35.5089	12.1497	33.0629	0.161257
25	7	35.4533	12.4608	33.0594	0.170816
25	8	35.3863	12.7669	33.0469	0.180288
25	9	35.3134	13.0271	33.023	0.188437
25	10	35.2328	13.2532	32.987	0.195627
25	11	35.1426	13.4548	32.9384	0.202162
25	12	35.0399	13.6387	32.8754	0.20827
25	13	34.9451	13.8224	32.8213	0.214343
25	14	34.8149	13.9705	32.7259	0.219613
25	15	34.6405	14.0894	32.582	0.224338
25	16	34.4466	14.1894	32.4155	0.228677
25	17	34.254	14.2899	32.251	0.233066
25	18	34.0615	14.3856	32.0861	0.237355
25	19	33.8722	14.4799	31.9246	0.241619
25	20	33.6843	14.5736	31.7649	0.245899
25	21	33.497	14.6663	31.606	0.250185
25	22	33.3091	14.7566	31.4466	0.254449
25	23	33.1207	14.8455	31.287	0.258714
25	24	32.9326	14.9336	31.128	0.262995
25	25	32.7445	15.0188	30.9687	0.26723
25	26	32.5596	15.1013	30.8124	0.271397
25	27	32.3777	15.181	30.6588	0.275492
25	28	32.2	15.2575	30.5088	0.279489
25	29	32.0258	15.3318	30.3622	0.283425
25	30	31.8529	15.401	30.2158	0.287222
25	31	31.6817	15.4687	30.071	0.290995
25	32	31.5105	15.5303	29.9248	0.294608
25	33	31.3388	15.5871	29.7772	0.298108
25	34	31.1654	15.6387	29.6268	0.301493
25	35	30.9856	15.6686	29.464	0.304275
25	36	30.7987	15.6903	29.2924	0.306893
25	37	30.6026	15.6859	29.1041	0.308783
25	38	30.3948	15.6728	28.9023	0.310538
25	39	30.1932	15.6392	28.7	0.311568
25	40	29.9955	15.597	28.4989	0.312286
25	41	29.8008	15.5405	28.2962	0.3125
25	42	29.6074	15.4761	28.0925	0.312434
25	43	29.4153	15.4045	27.8876	0.31211
25	44	29.2243	15.3264	27.6819	0.311541
25	45	29.0345	15.2435	27.4759	0.310788
25	46	28.8474	15.1546	27.2706	0.309783
25	47	28.6628	15.0623	27.0666	0.308614
25	48	28.482	14.9655	26.8649	0.307226
25	49	28.304	14.8661	26.6652	0.305692
25	50	28.13	14.7618	26.468	0.30391
25	51	27.9603	14.6505	26.2728	0.301802
25	52	27.7994	14.5256	26.0821	0.299064
25	53	27.6497	14.3816	25.8969	0.295452
25	54	27.5116	14.2151	25.7165	0.290821
25	55	27.3827	14.0262	25.5392	0.285183
25	56	27.2717	13.8321	25.3786	0.279073
25	57	27.1761	13.6324	25.2322	0.272509
25	58	27.0962	13.4261	25.1004	0.265452
25	59	27.0268	13.216	24.979	0.258063
25	60	26.9643	13.0046	24.8653	0.250485
25	61	26.9055	12.7931	24.7567	0.242796
25	62	26.8489	12.5817	24.6516	0.235025
25	63	26.7936	12.3703	24.5494	0.227175
25	64	26.7401	12.1589	24.4505	0.219245
25	65	26.6893	11.9483	24.3558	0.211256
25	66	26.6436	11.7377	24.2677	0.203167
25	67	26.6028	11.5284	24.1864	0.195033
25	68	26.5662	11.3211	24.1111	0.18689
25	69	26.5322	11.1158	24.0403	0.178763
25	70	26.5002	10.9121	23.9734	0.170637
25	71	26.4692	10.7098	23.9093	0.16252
25	72	26.4408	10.5089	23.8496	0.154401
25	73	26.4162	10.3056	23.7948	0.146118
25	74	26.3975	10.1009	23.7473	0.137704
25	75	26.3827	9.89616	23.7054	0.129233
25	76	26.3727	9.69192	23.67	0.120731
25	77	26.3644	9.48847	23.6381	0.112229
25	78	26.3584	9.28553	23.6103	0.103716
25	79	26.3529	9.08299	23.5848	0.0951986
25	80	26.3502	8.88108	23.5637	0.086679
25	81	26.3493	8.6806	23.5463	0.0782004
25	82	26.3524	8.48275	23.5347	0.069809
25	83	26.3584	8.28354	23.5277	0.0613445
25	84	26.3702	8.08424	23.5281	0.0528589
25	85	26.3836	7.88527	23.5318	0.0443853
25	86	26.4014	7.68695	23.5417	0.0359356
25	87	26.4206	7.4889	23.5545	0.0275036
25	88	26.443	7.29124	23.5724	0.0190953
25	89	26.4683	7.09415	23.5946	0.0107229
25	90	26.4965	6.89831	23.6216	0.00241987
25	91	26.5289	6.70504	23.6543	-0.00575418
25	92	26.5637	6.51537	23.6909	-0.0137519
25	93	26.6025	6.33051	23.733	-0.0215175
25	94	26.6441	6.14796	23.7793	-0.0291553
25	95	26.6889	5.96799	23.83	-0.0366492
25	96	26.7368	5.79034	23.885	-0.0440087
25	97	26.7896	5.61506	23.946	-0.0512248
25	98	26.847	5.44135	24.0129	-0.0583267
25	99	26.9084	5.26776	24.0849	-0.0653736
25	100	26.9899	5.09986	24.1777	-0.0720828
25	101	27.0775	4.92978	24.2779	-0.0788103
25	102	27.1898	4.76445	24.4033	-0.0852022
25	103	27.3056	4.61003	24.5323	-0.091072
25	104	27.4341	4.47118	24.6733	-0.0962027
25	105	27.5715	4.3428	24.8225	-0.100819
25	106	27.7243	4.22752	24.9864	-0.104794
25	107	27.8814	4.11703	25.1544	-0.108509
25	108	28.0434	4.01259	25.3269	-0.111916
25	109	28.2057	3.90825	25.5	-0.115271
25	110	28.3717	3.80854	25.6764	-0.118385
25	111	28.5382	3.70981	25.8536	-0.121417
25	112	28.7068	3.61663	26.0323	-0.124185
25	113	28.8738	3.52506	26.2094	-0.126863
25	114	29.0395	3.43809	26.3849	-0.129337
25	115	29.2024	3.35428	26.5574	-0.131676
25	116	29.3634	3.27604	26.7273	-0.133787
25	117	29.5216	3.20124	26.8941	-0.135759
25	118	29.6771	3.12948	27.0579	-0.137609
25	119	29.8303	3.06041	27.2192	-0.13935
25	120	29.9821	2.99449	27.3787	-0.140965
25	121	30.1347	2.93597	27.538	-0.14229
25	122	30.2893	2.89213	27.6973	-0.143065
25	123	30.4329	2.82886	27.8485	-0.144579
25	124	30.5775	2.82745	27.9918	-0.143884
25	125	30.7429	2.89511	28.1459	-0.140663
25	126	30.9263	2.94702	28.3203	-0.13794
25	127	31.1164	3.02646	28.4979	-0.134261
25	128	31.3199	3.13275	28.6857	-0.12964
25	129	31.5443	3.26888	28.891	-0.123963
25	130	31.7987	3.43925	29.1231	-0.117079
25	131	32.0484	3.61653	29.3511	-0.110086
25	132	32.2945	3.80139	29.5762	-0.102959
25	133	32.536	3.99647	29.7972	-0.0956137
25	134	32.77	4.20349	30.0112	-0.0880026
25	135	32.9936	4.42094	30.2157	-0.0801836
25	136	33.2068	4.64568	30.4112	-0.0722558
25	137	33.4119	4.8761	30.6001	-0.0642613
25	138	33.6103	5.11272	30.7839	-0.0561769
25	139	33.8017	5.35656	30.9623	-0.0479666
25	140	33.9844	5.60741	31.1339	-0.0396371
25	141	34.1582	5.86376	31.2985	-0.0312331
25	142	34.3241	6.12475	31.4572	-0.0227757
25	143	34.4826	6.39131	31.6109	-0.014231
25	144	34.6328	6.66519	31.7583	-0.00554067
25	145	34.7718	6.94662	31.897	0.00330657
25	146	34.8981	7.23322	32.0255	0.0122428
25	147	35.013	7.52246	32.1453	0.0211963
25	148	35.1192	7.814	32.2589	0.0301623
25	149	35.2173	8.10934	32.3672	0.0391913
25	150	35.3059	8.40995	32.4689	0.0483359
25	151	35.3823	8.71525	32.5613	0.0575879
25	152	35.4458	9.02265	32.6438	0.0668773
25	153	35.4984	9.33045	32.7183	0.0761566
25	154	35.542	9.6392	32.7867	0.085445
25	155	35.5766	9.95038	32.8491	0.094794
26	0	-19.6208	21.14	26.6556	2.57539
26	1	-19.6244	21.373	26.7843	2.56812
26	2	-19.6335	21.608	26.9201	2.56097
26	3	-19.6472	21.843	27.0611	2.55399
26	4	-19.6637	22.0768	27.2051	2.54717
26	5	-19.6816	22.309	27.3506	2.54051
26	6	-19.6999	22.5395	27.4966	2.53397
26	7	-19.7185	22.7682	27.6431	2.52756
26	8	-19.7411	23.0009	27.7961	2.52119
26	9	-19.7683	23.2359	27.9555	2.51491
26	10	-19.8002	23.4714	28.1199	2.50879
26	11	-19.8362	23.7056	28.2879	2.50287
26	12	-19.8751	23.9376	28.458	2.49714
26	13	-19.9163	24.167	28.6291	2.4916
26	14	-19.9591	24.3943	28.8012	2.48622
26	15	-20.0038	24.6196	28.9743	2.48099
26	16	-20.0511	24.8431	29.1492	2.47593
26	17	-20.1018	25.0644	29.3261	2.47106
26	18	-20.1566	25.2829	29.5051	2.46641
26	19	-20.2156	25.4979	29.6858	2.462
26	20	-20.28	25.7099	29.8694	2.45784
26	21	-20.3513	25.9181	30.0564	2.45397
26	22	-20.4308	26.1233	30.2483	2.45039
26	23	-20.5214	26.3286	30.4491	2.4471
26	24	-20.6261	26.5338	30.6611	2.44414
26	25	-20.7427	26.7129	30.8655	2.44212
26	26	-20.8715	26.8626	31.0604	2.4411
26	27	-21.0209	26.9798	31.2503	2.44131
26	28	-21.1791	27.0813	31.4366	2.44209
26	29	-21.3481	27.1624	31.6182	2.44356
26	30	-21.5196	27.2371	31.7977	2.44523
26	31	-21.6987	27.2927	31.9708	2.44749
26	32	-21.8806	27.34	32.1409	2.44998
26	33	-22.0696	27.3508	32.2936	2.45345
26	34	-22.2652	27.3413	32.4389	2.45751
26	35	-22.4673	27.2914	32.5644	2.46262
26	36	-22.6793	27.2222	32.6866	2.46834
26	37	-22.8816	27.1364	32.7917	2.47423
26	38	-23.0782	27.0417	32.8881	2.48019
26	39	-23.2699	26.935	32.9745	2.48632
26	40	-23.4599	26.8223	33.0571	2.49253
26	41	-23.6494	26.7059	33.1384	2.49878
26	42	-23.8388	26.5866	33.2191	2.50507
26	43	-24.0283	26.4646	33.2996	2.5114
26	44	-24.2166	26.3422	33.3802	2.51769
26	45	-24.4037	26.2182	33.4603	2.52396
26	46	-24.5891	26.0931	33.5397	2.53021
26	47	-24.774	25.9686	33.6203	2.53639
26	48	-24.9561	25.8458	33.7008	2.54247
26	49	-25.1345	25.7219	33.7789	2.54847
26	50	-25.3114	25.5986	33.8572	2.55441
26	51	-25.4875	25.4762	33.9367	2.56029
26	52	-25.6617	25.3528	34.015	2.56613
26	53	-25.833	25.2279	34.0914	2.57194
26	54	-26.0002	25.1041	34.1659	2.57763
26	55	-26.163	24.9804	34.2379	2.58323
26	56	-26.321	24.8548	34.306	2.58877
26	57	-26.4708	24.7232	34.3648	2.59432
26	58	-26.6255	24.602	34.4344	2.59966
26	59	-26.7398	24.4504	34.4546	2.60514
26	60	-26.8197	24.2552	34.4241	2.61121
26	61	-26.8823	24.0396	34.3698	2.61754
26	62	-26.936	23.8013	34.2978	2.62434
26	63	-26.9824	23.5307	34.2053	2.63188
26	64	-27.0205	23.2165	34.0865	2.64048
26	65	-27.0465	22.9004	33.9587	2.64901
26	66	-27.0612	22.5853	33.8238	2.65742
26	67	-27.0668	22.2721	33.6842	2.66573
26	68	-27.0649	21.96	33.5407	2.67397
26	69	-27.0553	21.6474	33.3923	2.6822
26	70	-27.0358	21.3338	33.2369	2.6904
26	71	-27.0047	21.0206	33.0734	2.69851
26	72	-26.9622	20.71	32.9029	2.70648
26	73	-26.9107	20.403	32.7278	2.71433
26	74	-26.852	20.0985	32.5492	2.72209
26	75	-26.7858	19.795	32.3661	2.72983
26	76	-26.7101	19.4919	32.1764	2.73752
26	77	-26.6225	19.1906	31.9783	2.7451
26	78	-26.5229	18.8939	31.7727	2.75251
26	79	-26.4137	18.603	31.5621	2.75972
26	80	-26.2976	18.317	31.3486	2.76681
26	81	-26.1754	18.0341	31.132	2.77383
26	82	-26.0457	17.7531	30.9107	2.7808
26	83	-25.9058	17.4746	30.6823	2.78769
26	84	-25.7539	17.2009	30.4457	2.79439
26	85	-25.5909	16.9349	30.2025	2.80083
26	86	-25.4197	16.6769	29.9555	2.80704
26	87	-25.2423	16.4251	29.7057	2.81309
26	88	-25.0584	16.178	29.4525	2.81901
26	89	-24.8663	15.9354	29.1939	2.82481
26	90	-24.6645	15.699	28.9289	2.8304
26	91	-24.4537	15.4712	28.6589	2.83572
26	92	-24.2365	15.2522	28.3862	2.84077
26	93	-24.0148	15.0404	28.1121	2.84563
26	94	-23.7892	14.8341	27.8364	2.85035
26	95	-23.5579	14.6341	27.5577	2.8549
26	96	-23.3497	14.4748	27.3131	2.85834
26	97	-23.1564	14.351	27.093	2.86073
26	98	-22.9715	14.2588	26.8898	2.86212
26	99	-22.7897	14.1972	26.6981	2.86245
26	100	-22.6249	14.122	26.5189	2.86347
26	101	-22.4697	14.12	26.3692	2.86193
26	102	-22.305	14.1899	26.2304	2.85763
26	103	-22.1317	14.2431	26.0792	2.85381
26	104	-21.9632	14.3106	25.9369	2.84947
26	105	-21.7992	14.3873	25.8023	2.84479
26	106	-21.6374	14.4665	25.6711	2.84
26	107	-21.4787	14.5506	25.5448	2.83501
26	108	-21.3227	14.639	25.4231	2.82984
26	109	-21.1685	14.7316	25.3051	2.82449
26	110	-21.0203	14.8354	25.1971	2.81874
26	111	-20.8765	14.9507	25.0978	2.81257
26	112	-20.7453	15.0895	25.019	2.80563
26	113	-20.6246	15.2553	24.9605	2.79776
26	114	-20.5151	15.4468	24.9229	2.78904
26	115	-20.4163	15.6554	24.9033	2.77981
26	116	-20.3309	15.8699	24.9005	2.77054
26	117	-20.2588	16.0908	24.9144	2.76123
26	118	-20.1984	16.319	24.9442	2.75184
26	119	-20.1436	16.5481	24.9816	2.74252
26	120	-20.0924	16.7768	25.0243	2.7333
26	121	-20.0426	17.0045	25.0701	2.72418
26	122	-19.9935	17.2314	25.1183	2.71513
26	123	-19.9475	17.4602	25.172	2.7061
26	124	-19.9048	17.6901	25.2313	2.69712
26	125	-19.8652	17.9195	25.2952	2.68826
26	126	-19.8284	18.1467	25.3626	2.67957
26	127	-19.7959	18.3755	25.4364	2.67095
26	128	-19.7669	18.6048	25.5155	2.66243
26	129	-19.7402	18.8341	25.5984	2.65399
26	130	-19.7147	19.0635	25.6842	2.64564
26	131	-19.6904	19.2927	25.7728	2.63737
26	132	-19.6682	19.5208	25.8644	2.62923
26	133	-19.6511	19.7524	25.9639	2.62113
26	134	-19.6396	19.9854	26.0706	2.61316
26	135	-19.6324	20.2182	26.1826	2.60534
26	136	-19.6279	20.4501	26.298	2.59768
26	137	-19.6248	20.681	26.4155	2.59014
26	138	-19.6222	20.9111	26.5346	2.5827
32	0	30.3196	0.523349	28.1624	-0.22626
32	1	30.3105	0.854775	28.081	-0.214831
32	2	30.2896	1.14066	28.001	-0.205015
32	3	30.2565	1.39248	27.9184	-0.196425
32	4	30.2114	1.61947	27.8307	-0.188742
32	5	30.1536	1.82899	27.7352	-0.181713
32	6	30.0739	2.02261	27.6225	-0.17534
32	7	29.9546	2.17392	27.4789	-0.170675
32	8	29.7882	2.29549	27.2944	-0.167321
32	9	29.6093	2.40189	27.1004	-0.164549
32	10	29.429	2.50294	26.9061	-0.161942
32	11	29.2506	2.60336	26.7139	-0.159309
32	12	29.0735	2.70217	26.5235	-0.15669
32	13	28.8965	2.79755	26.3338	-0.154161
32	14	28.7205	2.89133	26.1456	-0.151651
32	15	28.546	2.98435	25.9592	-0.149124
32	16	28.3727	3.07473	25.7744	-0.146655
32	17	28.2003	3.1606	25.5914	-0.14432
32	18	28.03	3.24309	25.4111	-0.142072
32	19	27.861	3.31947	25.233	-0.140023
32	20	27.6942	3.39213	25.0578	-0.138081
32	21	27.5284	3.45984	24.8842	-0.136303
32	22	27.364	3.52256	24.7129	-0.134693
32	23	27.1999	3.5817	24.5423	-0.133203
32	24	27.0322	3.62944	24.3698	-0.132175
32	25	26.8615	3.67249	24.1949	-0.131341
32	26	26.6816	3.70631	24.0122	-0.130926
32	27	26.4901	3.70584	23.8223	-0.131995
32	28	26.2866	3.70482	23.6208	-0.133172
32	29	26.0889	3.67725	23.4285	-0.135459
32	30	25.8948	3.64274	23.241	-0.138057
32	31	25.7045	3.58885	23.0601	-0.141508
32	32	25.5159	3.52771	22.8821	-0.145316
32	33	25.3297	3.45967	22.7079	-0.149468
32	34	25.1457	3.38659	22.5371	-0.15389
32	35	24.9624	3.31243	22.3676	-0.158422
32	36	24.7821	3.23127	22.2026	-0.163313
32	37	24.6021	3.14949	22.0385	-0.168302
32	38	24.4265	3.05927	21.8808	-0.173712
32	39	24.2518	2.9692	21.7246	-0.179186
32	40	24.0837	2.87048	21.5773	-0.185076
32	41	23.9178	2.77293	21.4325	-0.190974
32	42	23.759	2.66907	21.2967	-0.197178
32	43	23.6046	2.56345	21.1664	-0.2035
32	44	23.4537	2.45603	21.0408	-0.20995
32	45	23.3097	2.34107	20.9244	-0.216757
32	46	23.1676	2.22378	20.8113	-0.22373
32	47	23.0301	2.0984	20.7056	-0.231108
32	48	22.9098	1.9514	20.6229	-0.239383
32	49	22.7943	1.78593	20.5508	-0.248537
32	50	22.6946	1.59719	20.5016	-0.258657
32	51	22.6011	1.38469	20.4669	-0.269863
32	52	22.5255	1.16989	20.4525	-0.280971
32	53	22.4624	0.953167	20.4532	-0.292007
32	54	22.4142	0.732213	20.4719	-0.303021
32	55	22.3786	0.505208	20.507	-0.314105
32	56	22.3496	0.277156	20.5511	-0.325096
32	57	22.3235	0.0487516	20.6005	-0.336007
32	58	22.3011	-0.180115	20.6561	-0.346824
32	59	22.2821	-0.4089	20.7172	-0.357521
32	60	22.2663	-0.636413	20.7831	-0.368042
32	61	22.254	-0.863073	20.8543	-0.378397
32	62	22.246	-1.0894	20.9315	-0.388586
32	63	22.241	-1.31462	21.0133	-0.398594
32	64	22.2375	-1.53845	21.098	-0.408437
32	65	22.2345	-1.76084	21.1846	-0.418127
32	66	22.2319	-1.98149	21.2728	-0.427655
32	67	22.2306	-2.19951	21.3629	-0.436969
32	68	22.2335	-2.41896	21.4593	-0.446176
32	69	22.2409	-2.63791	21.5614	-0.455189
32	70	22.2515	-2.85498	21.6671	-0.463973
32	71	22.2637	-3.06936	21.7747	-0.472527
32	72	22.2759	-3.2807	21.8826	-0.480871
32	73	22.2889	-3.48867	21.991	-0.488984
32	74	22.3052	-3.69839	22.1047	-0.497012
32	75	22.3268	-3.90836	22.2244	-0.504854
32	76	22.3524	-4.11712	22.3485	-0.512475
32	77	22.3834	-4.32301	22.477	-0.519784
32	78	22.4166	-4.5252	22.6069	-0.526816
32	79	22.4541	-4.72273	22.7391	-0.533496
32	80	22.4916	-4.91642	22.8703	-0.539954
32	81	22.5348	-5.10797	23.0063	-0.546131
32	82	22.5785	-5.29884	23.1432	-0.552197
32	83	22.6303	-5.48777	23.2868	-0.557938
32	84	22.687	-5.67593	23.4349	-0.563469
32	85	22.7636	-5.85702	23.5967	-0.568222
32	86	22.8543	-6.03591	23.7696	-0.572512
32	87	22.9681	-6.21014	23.9598	-0.576051
32	88	23.0796	-6.36519	24.1378	-0.578922
32	89	23.2043	-6.49497	24.3133	-0.580584
32	90	23.3283	-6.60943	24.4798	-0.581715
32	91	23.4659	-6.7005	24.6447	-0.581736
32	92	23.6053	-6.78529	24.8078	-0.581503
32	93	23.748	-6.86455	24.9706	-0.581017
32	94	23.8953	-6.93696	25.1335	-0.580208
32	95	24.0441	-7.011	25.2985	-0.579431
32	96	24.1993	-7.07794	25.4651	-0.578293
32	97	24.3576	-7.146	25.6348	-0.577142
32	98	24.5223	-7.20998	25.8078	-0.575737
32	99	24.6917	-7.27301	25.9842	-0.574222
32	100	24.8655	-7.33407	26.1634	-0.572573
32	101	25.0435	-7.38999	26.3433	-0.570696
32	102	25.2231	-7.44503	26.5242	-0.568785
32	103	25.4051	-7.4926	26.7033	-0.566615
32	104	25.5869	-7.53957	26.8819	-0.564459
32	105	25.77	-7.58081	27.0588	-0.562126
32	106	25.9536	-7.61818	27.234	-0.559696
32	107	26.139	-7.64174	27.4038	-0.556831
32	108	26.3192	-7.67883	27.5764	-0.554521
32	109	26.4848	-7.65202	27.7034	-0.550549
32	110	26.6514	-7.55598	27.7956	-0.54447
32	111	26.8346	-7.46847	27.9075	-0.538386
32	112	27.0208	-7.35114	28.0079	-0.531382
32	113	27.2141	-7.19931	28.0985	-0.523237
32	114	27.4193	-7.00591	28.1809	-0.513654
32	115	27.6422	-6.76381	28.2579	-0.502315
32	116	27.8552	-6.51372	28.326	-0.490957
32	117	28.0606	-6.25856	28.3887	-0.479618
32	118	28.2601	-5.998	28.4473	-0.468257
32	119	28.4529	-5.73029	28.5004	-0.456821
32	120	28.6368	-5.45491	28.5458	-0.445322
32	121	28.8102	-5.1738	28.5832	-0.433831
32	122	28.9746	-4.889	28.6145	-0.422386
32	123	29.1318	-4.60049	28.6415	-0.410947
32	124	29.2822	-4.30638	28.6637	-0.399446
32	125	29.4232	-4.00493	28.6783	-0.387849
32	126	29.5519	-3.69714	28.683	-0.376218
32	127	29.668	-3.38613	28.6787	-0.364644
32	128	29.7742	-3.07349	28.6683	-0.353134
32	129	29.8725	-2.75841	28.6534	-0.34163
32	130	29.9625	-2.43948	28.6332	-0.330082
32	131	30.0422	-2.11675	28.606	-0.318505
32	132	30.1112	-1.79202	28.5717	-0.306955
32	133	30.1709	-1.46646	28.5321	-0.295446
32	134	30.2224	-1.13928	28.4881	-0.283932
32	135	30.2651	-0.808914	28.4384	-0.27236
32	136	30.296	-0.475297	28.3803	-0.260744
32	137	30.3139	-0.140923	28.3134	-0.24917
32	138	30.3208	0.191904	28.2398	-0.237688
33	0	-15.8004	5.83362	18.7025	-3.0877
33	1	-15.7975	6.08761	18.6877	-3.10126
33	2	-15.7989	6.34442	18.6805	-3.115
33	3	-15.8048	6.60287	18.6813	-3.12884
33	4	-15.8148	6.86155	18.6898	3.1405
33	5	-15.8278	7.11957	18.7049	3.12671
33	6	-15.8428	7.37685	18.7254	3.11298
33	7	-15.8591	7.63393	18.7509	3.0993
33	8	-15.8772	7.89154	18.7816	3.08564
33	9	-15.8982	8.15004	18.8188	3.07198
33	10	-15.9233	8.40897	18.8636	3.05838
33	11	-15.9533	8.66705	18.9166	3.04492
33	12	-15.9878	8.92297	18.9773	3.03167
33	13	-16.026	9.17617	19.0447	3.01868
33	14	-16.067	9.42698	19.1177	3.00592
33	15	-16.1102	9.67631	19.1957	2.99335
33	16	-16.1532	9.92486	19.2765	2.98093
33	17	-16.1974	10.1734	19.3613	2.96862
33	18	-16.2449	10.4219	19.4523	2.95646
33	19	-16.2984	10.6691	19.5517	2.94454
33	20	-16.3617	10.9128	19.6629	2.93301
33	21	-16.4392	11.1513	19.7893	2.92203
33	22	-16.5338	11.3887	19.9344	2.91144
33	23	-16.6458	11.6261	20.0986	2.90121
33	24	-16.7662	11.8373	20.2666	2.8925
33	25	-16.8985	12.0231	20.4411	2.88529
33	26	-17.0427	12.1871	20.6226	2.87937
33	27	-17.197	12.3392	20.8113	2.87423
33	28	-17.3585	12.4831	21.0053	2.86966
33	29	-17.5256	12.6206	21.2034	2.86553
33	30	-17.6972	12.7526	21.4047	2.86178
33	31	-17.8721	12.88	21.6081	2.85835
33	32	-18.0492	13.0033	21.8127	2.85519
33	33	-18.228	13.1232	22.0181	2.85226
33	34	-18.408	13.2407	22.2243	2.8495
33	35	-18.5897	13.3561	22.4316	2.84691
33	36	-18.7736	13.4691	22.6405	2.84449
33	37	-18.9607	13.578	22.8513	2.84233
33	38	-19.1514	13.6808	23.0639	2.84051
33	39	-19.347	13.7738	23.2783	2.83919
33	40	-19.5477	13.854	23.4938	2.83848
33	41	-19.7547	13.916	23.7098	2.83858
33	42	-19.9704	13.9603	23.9289	2.83951
33	43	-20.1853	13.9827	24.1408	2.84127
33	44	-20.3925	13.9843	24.3392	2.84372
33	45	-20.5899	13.9518	24.5186	2.84736
33	46	-20.7826	13.8974	24.6875	2.85173
33	47	-20.9703	13.8274	24.8476	2.85659
33	48	-21.1568	13.7532	25.0061	2.86153
33	49	-21.3414	13.6742	25.162	2.86658
33	50	-21.5263	13.5948	25.3186	2.87158
33	51	-21.7106	13.5128	25.4747	2.87661
33	52	-21.8949	13.4294	25.6311	2.88163
33	53	-22.0771	13.3401	25.7845	2.8868
33	54	-22.2484	13.2332	25.9238	2.89245
33	55	-22.3803	13.0814	26.0148	2.89936
33	56	-22.4764	12.864	26.057	2.90834
33	57	-22.5521	12.6229	26.0761	2.91801
33	58	-22.6192	12.3542	26.0834	2.92862
33	59	-22.6816	12.0481	26.0816	2.9406
33	60	-22.7422	11.6917	26.0724	2.95446
33	61	-22.7972	11.3343	26.0624	2.96833
33	62	-22.8456	10.9746	26.0506	2.98225
33	63	-22.8846	10.6123	26.0342	2.99623
33	64	-22.9127	10.2497	26.012	3.01018
33	65	-22.9319	9.88866	25.9862	3.02405
33	66	-22.9444	9.52861	25.9588	3.03788
33	67	-22.9504	9.16792	25.93	3.05174
33	68	-22.9479	8.80617	25.8976	3.06564
33	69	-22.9358	8.44506	25.8606	3.07953
33	70	-22.9156	8.08618	25.8206	3.09336
33	71	-22.8893	7.72902	25.7796	3.10714
33	72	-22.8573	7.37196	25.7378	3.12097
33	73	-22.8176	7.01396	25.6931	3.13487
33	74	-22.7673	6.65616	25.6429	-3.13438
33	75	-22.7066	6.30118	25.5872	-3.12049
33	76	-22.6379	5.94971	25.5285	-3.10667
33	77	-22.5628	5.60032	25.468	-3.09285
33	78	-22.4805	5.25185	25.4053	-3.07899
33	79	-22.3895	4.90497	25.3385	-3.06511
33	80	-22.29	4.56138	25.268	-3.05125
33	81	-22.1839	4.22132	25.1954	-3.03742
33	82	-22.072	3.88346	25.1217	-3.02358
33	83	-21.9532	3.54681	25.0457	-3.00968
33	84	-21.825	3.21226	24.9651	-2.99572
33	85	-21.6874	2.88214	24.8794	-2.98179
33	86	-21.5427	2.5572	24.7906	-2.96792
33	87	-21.3924	2.2361	24.7005	-2.95406
33	88	-21.2362	1.91736	24.6087	-2.94015
33	89	-21.0718	1.60136	24.5134	-2.92618
33	90	-20.8995	1.28963	24.414	-2.9122
33	91	-20.7484	1.01665	24.3308	-2.89986
33	92	-20.6121	0.771819	24.2586	-2.88871
33	93	-20.4855	0.54446	24.1942	-2.87831
33	94	-20.364	0.32674	24.1348	-2.86828
33	95	-20.2397	0.112336	24.0741	-2.85832
33	96	-20.1015	-0.101923	24.0026	-2.84814
33	97	-19.9249	-0.315804	23.8968	-2.83743
33	98	-19.6077	-0.541317	23.6637	-2.82432
33	99	-19.3776	-0.607865	23.4662	-2.81857
33	100	-19.1701	-0.600083	23.267	-2.81605
33	101	-18.9823	-0.600364	23.0893	-2.81344
33	102	-18.805	-0.583135	22.916	-2.81166
33	103	-18.6326	-0.554373	22.7435	-2.8104
33	104	-18.4639	-0.515804	22.5715	-2.80959
33	105	-18.2971	-0.473671	22.4	-2.80894
33	106	-18.1334	-0.422843	22.2288	-2.80869
33	107	-17.9706	-0.370828	22.0579	-2.80851
33	108	-17.8109	-0.309462	21.8869	-2.80878
33	109	-17.6507	-0.247249	21.7151	-2.80907
33	110	-17.4938	-0.173119	21.5427	-2.80995
33	111	-17.3366	-0.0934628	21.3681	-2.81108
33	112	-17.1846	0.00951469	21.1909	-2.81334
33	113	-17.0322	0.140215	21.0047	-2.8169
33	114	-16.8757	0.332429	20.7955	-2.82326
33	115	-16.6898	0.666025	20.5161	-2.83586
33	116	-16.5723	0.911639	20.3312	-2.84565
33	117	-16.4737	1.13914	20.1714	-2.85501
33	118	-16.3846	1.36396	20.0232	-2.86452
33	119	-16.3016	1.59569	19.881	-2.87459
33	120	-16.2317	1.83354	19.752	-2.88527
33	121	-16.1718	2.07673	19.6336	-2.89648
33	122	-16.1189	2.32411	19.5236	-2.90811
33	123	-16.073	2.57468	19.4223	-2.92012
33	124	-16.0334	2.82689	19.3298	-2.9324
33	125	-15.9989	3.07869	19.2452	-2.94482
33	126	-15.9673	3.32845	19.1669	-2.95728
33	127	-15.9381	3.57773	19.094	-2.96984
33	128	-15.9121	3.82796	19.0272	-2.98256
33	129	-15.8892	4.07916	18.9663	-2.99545
33	130	-15.8691	4.33125	18.9114	-3.00848
33	131	-15.8523	4.58383	18.8628	-3.02163
33	132	-15.8386	4.83613	18.8207	-3.03486
33	133	-15.8273	5.08717	18.7844	-3.04808
33	134	-15.8171	5.33623	18.7525	-3.06125
33	135	-15.8071	5.58306	18.7244	-3.07435
38	0	27.053	-12.0017	30.6534	-0.662016
38	1	27.0342	-11.6644	30.4323	-0.653652
38	2	27.0065	-11.3262	30.2056	-0.645321
38	3	26.9669	-10.9867	29.9709	-0.637066
38	4	26.9139	-10.6486	29.7281	-0.628984
38	5	26.8498	-10.3143	29.4806	-0.621094
38	6	26.7781	-9.98323	29.2304	-0.613311
38	7	26.6998	-9.65349	28.9775	-0.605559
38	8	26.6229	-9.37096	28.7541	-0.599002
38	9	26.5443	-9.12377	28.5502	-0.593405
38	10	26.4598	-8.90274	28.3569	-0.58861
38	11	26.3589	-8.70436	28.1631	-0.584739
38	12	26.2309	-8.5643	27.979	-0.583092
38	13	26.07	-8.47259	27.7943	-0.583523
38	14	25.8931	-8.40738	27.6107	-0.585083
38	15	25.7175	-8.33819	27.4261	-0.586516
38	16	25.5386	-8.27338	27.2413	-0.588169
38	17	25.3573	-8.20838	27.0544	-0.589888
38	18	25.1738	-8.14297	26.8656	-0.591665
38	19	24.987	-8.07761	26.6742	-0.593537
38	20	24.7965	-8.01198	26.4796	-0.595507
38	21	24.6017	-7.94673	26.2818	-0.597607
38	22	24.4038	-7.88275	26.0822	-0.599849
38	23	24.2032	-7.82034	25.8815	-0.602233
38	24	24.0011	-7.75952	25.6806	-0.60474
38	25	23.7984	-7.70009	25.4801	-0.607345
38	26	23.5954	-7.64297	25.281	-0.610072
38	27	23.3918	-7.5904	25.084	-0.613005
38	28	23.1876	-7.55063	24.8943	-0.616416
38	29	22.9845	-7.5337	24.719	-0.620609
38	30	22.7779	-7.53993	24.5549	-0.625707
38	31	22.5667	-7.5634	24.3978	-0.631558
38	32	22.3473	-7.60615	24.2466	-0.638322
38	33	22.1413	-7.664	24.1162	-0.645339
38	34	21.9484	-7.74137	24.0093	-0.652747
38	35	21.7652	-7.83629	23.9221	-0.66055
38	36	21.5889	-7.94072	23.8477	-0.668544
38	37	21.4167	-8.04925	23.7807	-0.676613
38	38	21.2461	-8.16127	23.7186	-0.684799
38	39	21.0755	-8.27568	23.6597	-0.693105
38	40	20.9043	-8.39303	23.6038	-0.701564
38	41	20.7318	-8.51368	23.5508	-0.710204
38	42	20.5583	-8.63856	23.5015	-0.719048
38	43	20.3844	-8.76817	23.457	-0.72809
38	44	20.2111	-8.90251	23.418	-0.737296
38	45	20.0395	-9.04091	23.385	-0.74661
38	46	19.8701	-9.18241	23.3578	-0.755982
38	47	19.7029	-9.32626	23.3359	-0.765383
38	48	19.5373	-9.47198	23.3185	-0.77481
38	49	19.3712	-9.61921	23.3038	-0.784311
38	50	19.205	-9.76874	23.2929	-0.793895
38	51	19.0393	-9.92209	23.2872	-0.803584
38	52	18.8766	-10.0803	23.2893	-0.813329
38	53	18.7198	-10.2442	23.3016	-0.823051
38	54	18.5721	-10.4142	23.3269	-0.832648
38	55	18.44	-10.5932	23.3715	-0.841985
38	56	18.323	-10.7852	23.4378	-0.851165
38	57	18.2184	-10.9896	23.5235	-0.860236
38	58	18.1245	-11.2114	23.6314	-0.86937
38	59	18.0492	-11.4292	23.75	-0.877709
38	60	17.9922	-11.6429	23.8787	-0.885264
38	61	17.9495	-11.8578	24.0186	-0.892305
38	62	17.9169	-12.0736	24.1666	-0.89896
38	63	17.8919	-12.2893	24.3205	-0.905284
38	64	17.8723	-12.5069	24.4799	-0.9114
38	65	17.8572	-12.7255	24.6439	-0.917321
38	66	17.8462	-12.9447	24.8116	-0.923044
38	67	17.8391	-13.1637	24.9824	-0.928558
38	68	17.8359	-13.3815	25.1552	-0.93385
38	69	17.8336	-13.6034	25.3326	-0.939129
38	70	17.8334	-13.8284	25.5144	-0.944344
38	71	17.8368	-14.0548	25.7001	-0.949403
38	72	17.8447	-14.2801	25.8882	-0.95422
38	73	17.8565	-14.5018	26.0762	-0.958768
38	74	17.869	-14.7251	26.2664	-0.963263
38	75	17.8821	-14.9496	26.4584	-0.967699
38	76	17.8969	-15.1745	26.6523	-0.972029
38	77	17.9146	-15.3986	26.8477	-0.976189
38	78	17.9358	-15.6202	27.0433	-0.980129
38	79	17.9585	-15.8443	27.2423	-0.98402
38	80	17.9827	-16.0688	27.4429	-0.987816
38	81	18.009	-16.2919	27.6437	-0.991463
38	82	18.0378	-16.512	27.8439	-0.994923
38	83	18.0675	-16.7348	28.0471	-0.998364
38	84	18.0989	-16.9596	28.2532	-1.00174
38	85	18.1338	-17.1849	28.4619	-1.00497
38	86	18.1734	-17.4084	28.672	-1.00798
38	87	18.2166	-17.6328	28.885	-1.01086
38	88	18.2637	-17.8559	29.0991	-1.01356
38	89	18.3151	-18.0762	29.3134	-1.01605
38	90	18.3695	-18.2937	29.527	-1.01836
38	91	18.4276	-18.5099	29.7415	-1.02052
38	92	18.4919	-18.724	29.9577	-1.02242
38	93	18.5661	-18.9338	30.1754	-1.02395
38	94	18.6554	-19.1364	30.395	-1.02491
38	95	18.7631	-19.3323	30.6184	-1.02522
38	96	18.8896	-19.5219	30.846	-1.0249
38	97	19.0254	-19.6872	31.0578	-1.02393
38	98	19.1693	-19.8332	31.2574	-1.02243
38	99	19.3267	-19.9543	31.4429	-1.02016
38	100	19.4971	-20.0576	31.6202	-1.01728
38	101	19.6753	-20.1476	31.7906	-1.014
38	102	19.8559	-20.2331	31.9589	-1.01062
38	103	20.0395	-20.3131	32.1243	-1.0071
38	104	20.2233	-20.3929	32.2902	-1.00361
38	105	20.4096	-20.4674	32.4533	-0.999998
38	106	20.5963	-20.5401	32.6156	-0.996389
38	107	20.7838	-20.6068	32.7737	-0.992691
38	108	20.9694	-20.6716	32.9297	-0.989046
38	109	21.1535	-20.7307	33.0804	-0.985377
38	110	21.3341	-20.7882	33.2284	-0.981803
38	111	21.5121	-20.8413	33.3716	-0.978252
38	112	21.6869	-20.8929	33.5121	-0.974786
38	113	21.8601	-20.9417	33.65	-0.971341
38	114	22.0319	-20.9889	33.7861	-0.967928
38	115	22.2031	-21.0338	33.9204	-0.964522
38	116	22.375	-21.0733	34.051	-0.961036
38	117	22.547	-21.1145	34.1835	-0.957601
38	118	22.7223	-21.1312	34.2982	-0.9537
38	119	22.895	-21.0933	34.3677	-0.948965
38	120	23.0807	-20.9836	34.3873	-0.942717
38	121	23.265	-20.8453	34.3845	-0.936017
38	122	23.4587	-20.682	34.3688	-0.928659
38	123	23.6703	-20.4886	34.3418	-0.920353
38	124	23.9055	-20.2547	34.2996	-0.910767
38	125	24.1352	-20.0157	34.2533	-0.90119
38	126	24.3605	-19.7703	34.2023	-0.891574
38	127	24.5797	-19.5158	34.1436	-0.881895
38	128	24.7893	-19.251	34.074	-0.872205
38	129	24.9869	-18.9785	33.994	-0.862599
38	130	25.1739	-18.7014	33.9068	-0.853093
38	131	25.3533	-18.4204	33.8145	-0.843633
38	132	25.5259	-18.1343	33.717	-0.834168
38	133	25.6906	-17.8424	33.6129	-0.824704
38	134	25.8462	-17.5457	33.5022	-0.815282
38	135	25.9934	-17.2456	33.3861	-0.805909
38	136	26.1334	-16.9417	33.2653	-0.796546
38	137	26.2657	-16.6322	33.1379	-0.787163
38	138	26.3874	-16.3163	33.0016	-0.777791
38	139	26.4967	-15.996	32.8561	-0.768514
38	140	26.5948	-15.6743	32.7043	-0.759355
38	141	26.6846	-15.3513	32.5484	-0.750259
38	142	26.7671	-15.0254	32.388	-0.741161
38	143	26.8406	-14.6952	32.2206	-0.732059
38	144	26.9024	-14.3613	32.0446	-0.723021
38	145	26.9522	-14.0266	31.8618	-0.714112
38	146	26.9927	-13.6925	31.6748	-0.705302
38	147	27.0256	-13.3575	31.4839	-0.696523
38	148	27.0499	-13.02	31.2872	-0.687749
38	149	27.0629	-12.68	31.0826	-0.679032
38	150	27.0632	-12.34	30.8705	-0.670453
39	0	-13.4393	-9.11486	22.82	-2.3673
39	1	-13.3833	-8.89891	22.6292	-2.37239
39	2	-13.3317	-8.68253	22.4419	-2.37771
39	3	-13.2843	-8.46753	22.2593	-2.38322
39	4	-13.2372	-8.25048	22.0762	-2.38889
39	5	-13.1907	-8.03159	21.893	-2.39473
39	6	-13.1464	-7.81075	21.7109	-2.40081
39	7	-13.1056	-7.58821	21.531	-2.40716
39	8	-13.0663	-7.36121	21.3502	-2.41382
39	9	-13.0299	-7.13057	21.1701	-2.42081
39	10	-12.9984	-6.89782	20.9934	-2.42815
39	11	-12.972	-6.66468	20.8215	-2.43578
39	12	-12.9476	-6.43103	20.652	-2.44363
39	13	-12.9248	-6.19706	20.4848	-2.45167
39	14	-12.9045	-5.96253	20.3206	-2.45993
39	15	-12.8872	-5.72764	20.1599	-2.46844
39	16	-12.8768	-5.49232	20.0058	-2.47731
39	17	-12.8785	-5.25717	19.8631	-2.48669
39	18	-12.8949	-5.02112	19.7333	-2.49668
39	19	-12.9271	-4.78252	19.6167	-2.50739
39	20	-12.9786	-4.54037	19.5161	-2.51895
39	21	-13.0443	-4.31409	19.4387	-2.53037
39	22	-13.1236	-4.09927	19.3816	-2.5418
39	23	-13.2138	-3.89283	19.3408	-2.55324
39	24	-13.3104	-3.68896	19.3093	-2.5648
39	25	-13.4111	-3.48553	19.2841	-2.57649
39	26	-13.5167	-3.28197	19.2656	-2.58835
39	27	-13.628	-3.07828	19.2547	-2.60039
39	28	-13.7454	-2.8751	19.2521	-2.61258
39	29	-13.8685	-2.67323	19.2579	-2.62485
39	30	-13.9962	-2.47313	19.2715	-2.63715
39	31	-14.1271	-2.27461	19.2916	-2.64944
39	32	-14.2606	-2.07701	19.3174	-2.66172
39	33	-14.3967	-1.87966	19.3485	-2.67402
39	34	-14.5361	-1.68228	19.3854	-2.68635
39	35	-14.6799	-1.48528	19.4295	-2.69871
39	36	-14.8292	-1.28993	19.4821	-2.71105
39	37	-14.9838	-1.09771	19.5439	-2.72329
39	38	-15.1419	-0.90861	19.613	-2.73538
39	39	-15.3028	-0.723711	19.6891	-2.74723
39	40	-15.4667	-0.544194	19.7727	-2.7588
39	41	-15.6352	-0.371889	19.8659	-2.77001
39	42	-15.8106	-0.209741	19.9716	-2.78077
39	43	-15.995	-0.060209	20.0924	-2.79097
39	44	-16.1827	0.0811902	20.2211	-2.80073
39	45	-16.3812	0.22095	20.3624	-2.81045
39	46	-16.6082	0.366175	20.5309	-2.82074
39	47	-16.9506	0.54776	20.8005	-2.83422
39	48	-17.1901	0.6162	21.0085	-2.84077
39	49	-17.3936	0.641884	21.1955	-2.84477
39	50	-17.5815	0.634239	21.3774	-2.847
39	51	-17.7616	0.618091	21.5544	-2.84871
39	52	-17.9347	0.581705	21.7307	-2.84941
39	53	-18.1064	0.547565	21.905	-2.85017
39	54	-18.2748	0.502664	22.0792	-2.85042
39	55	-18.4423	0.456008	22.253	-2.85057
39	56	-18.6081	0.403737	22.4268	-2.85046
39	57	-18.7733	0.348313	22.601	-2.85021
39	58	-18.9346	0.280896	22.7748	-2.8494
39	59	-19.0952	0.208814	22.9494	-2.84841
39	60	-19.2505	0.118093	23.1243	-2.8466
39	61	-19.4166	0.0294269	23.3091	-2.84503
39	62	-19.5545	-0.106064	23.4807	-2.84123
39	63	-19.6847	-0.330754	23.6723	-2.83379
39	64	-19.8388	-0.69313	23.9308	-2.82131
39	65	-19.9107	-0.98126	24.0911	-2.8109
39	66	-19.9601	-1.25741	24.2286	-2.80078
39	67	-20.0025	-1.53194	24.3616	-2.79074
39	68	-20.0445	-1.81421	24.4994	-2.78051
39	69	-20.089	-2.11624	24.6491	-2.76968
39	70	-20.1374	-2.45191	24.8179	-2.75779
39	71	-20.1909	-2.83608	25.0137	-2.74435
39	72	-20.2339	-3.22224	25.205	-2.73088
39	73	-20.2662	-3.60732	25.3906	-2.71748
39	74	-20.2909	-3.99153	25.5736	-2.70419
39	75	-20.3085	-4.37711	25.755	-2.69092
39	76	-20.3159	-4.76499	25.933	-2.67758
39	77	-20.3112	-5.15248	26.1045	-2.66422
39	78	-20.2969	-5.53706	26.2708	-2.65097
39	79	-20.2765	-5.91972	26.4354	-2.63784
39	80	-20.2502	-6.30291	26.5996	-2.62474
39	81	-20.2144	-6.6879	26.7611	-2.61157
39	82	-20.1659	-7.07229	26.9159	-2.59834
39	83	-20.1064	-7.45248	27.0638	-2.58518
39	84	-20.0402	-7.82876	27.2087	-2.57215
39	85	-19.9693	-8.20358	27.3533	-2.55921
39	86	-19.8919	-8.57882	27.4974	-2.54627
39	87	-19.8045	-8.95397	27.6377	-2.53325
39	88	-19.7059	-9.3258	27.7717	-2.52024
39	89	-19.5992	-9.69283	27.9009	-2.50731
39	90	-19.4867	-10.0569	28.0283	-2.49447
39	91	-19.3674	-10.4201	28.1545	-2.48163
39	92	-19.238	-10.7821	28.2766	-2.46871
39	93	-19.0973	-11.1398	28.3918	-2.45577
39	94	-18.9482	-11.4915	28.5015	-2.4429
39	95	-18.7933	-11.8393	28.609	-2.43011
39	96	-18.6321	-12.1853	28.7152	-2.41732
39	97	-18.4611	-12.5286	28.8169	-2.40446
39	98	-18.299	-12.8153	28.8914	-2.39334
39	99	-18.141	-13.0559	28.9407	-2.38354
39	100	-17.9813	-13.2591	28.9656	-2.37465
39	101	-17.8122	-13.4037	28.945	-2.367
39	102	-17.6398	-13.4849	28.8792	-2.36081
39	103	-17.4553	-13.5172	28.7712	-2.35551
39	104	-17.2709	-13.5384	28.6563	-2.35043
39	105	-17.087	-13.5419	28.5298	-2.34576
39	106	-16.9041	-13.5452	28.4045	-2.34108
39	107	-16.7216	-13.5421	28.2755	-2.33652
39	108	-16.539	-13.5322	28.1421	-2.33209
39	109	-16.3569	-13.5122	28.0022	-2.32787
39	110	-16.175	-13.4863	27.8587	-2.32377
39	111	-15.9938	-13.4478	27.7069	-2.31994
39	112	-15.8253	-13.3628	27.53	-2.31756
39	113	-15.6502	-13.2693	27.3425	-2.31518
39	114	-15.4873	-13.1351	27.1334	-2.31412
39	115	-15.3314	-13.005	26.9321	-2.31313
39	116	-15.2014	-12.8546	26.7335	-2.31335
39	117	-15.0761	-12.7028	26.5369	-2.31374
39	118	-14.9663	-12.5393	26.3422	-2.31487
39	119	-14.8591	-12.3745	26.1484	-2.31612
39	120	-14.7562	-12.2068	25.9554	-2.31759
39	121	-14.6561	-12.0368	25.7627	-2.31922
39	122	-14.5566	-11.864	25.5684	-2.32097
39	123	-14.4571	-11.6877	25.3717	-2.32283
39	124	-14.3597	-11.5071	25.1733	-2.32491
39	125	-14.2659	-11.3225	24.9745	-2.32723
39	126	-14.1771	-11.1352	24.7774	-2.32981
39	127	-14.0902	-10.9434	24.5786	-2.33262
39	128	-14.0061	-10.7485	24.3796	-2.33564
39	129	-13.9261	-10.5518	24.1824	-2.33888
39	130	-13.8505	-10.3549	23.9885	-2.34232
39	131	-13.7752	-10.1549	23.7928	-2.34592
39	132	-13.7008	-9.95201	23.5959	-2.34968
39	133	-13.6287	-9.74618	23.3989	-2.35367
39	134	-13.5609	-9.53786	23.2036	-2.35793
39	135	-13.4988	-9.32846	23.0121	-2.36247
43	0	23.2104	-25.5537	38.2486	-1.01023
43	1	23.191	-25.2055	37.9437	-1.00579
43	2	23.1644	-24.8571	37.6356	-1.00142
43	3	23.129	-24.5075	37.3224	-0.997174
43	4	23.0826	-24.1581	37.0041	-0.993104
43	5	23.0261	-23.8115	36.6831	-0.989235
43	6	22.9623	-23.468	36.3613	-0.985513
43	7	22.8916	-23.1268	36.0381	-0.981916
43	8	22.8172	-22.8347	35.754	-0.979109
43	9	22.7359	-22.5798	35.4972	-0.977006
43	10	22.645	-22.3529	35.2583	-0.97554
43	11	22.5388	-22.1489	35.0298	-0.974786
43	12	22.4063	-21.9834	34.8185	-0.975266
43	13	22.2375	-21.8679	34.6282	-0.977431
43	14	22.0357	-21.7887	34.45	-0.981002
43	15	21.8371	-21.7045	34.2697	-0.984452
43	16	21.6367	-21.6282	34.0955	-0.988108
43	17	21.4373	-21.5549	33.9248	-0.991829
43	18	21.2391	-21.4833	33.7567	-0.995582
43	19	21.0424	-21.4125	33.5905	-0.99935
43	20	20.8463	-21.3436	33.4267	-1.00317
43	21	20.6508	-21.2761	33.265	-1.00703
43	22	20.4562	-21.2125	33.1075	-1.01097
43	23	20.2635	-21.1516	32.9538	-1.01495
43	24	20.0724	-21.0962	32.8062	-1.01901
43	25	19.884	-21.0445	32.6637	-1.02309
43	26	19.698	-20.997	32.5265	-1.02721
43	27	19.5144	-20.9533	32.3945	-1.03136
43	28	19.333	-20.9094	32.2639	-1.03549
43	29	19.1503	-20.8746	32.1411	-1.03983
43	30	18.9662	-20.8422	32.0203	-1.04427
43	31	18.7769	-20.8338	31.9183	-1.04927
43	32	18.5795	-20.8452	31.8303	-1.05482
43	33	18.3731	-20.8864	31.7649	-1.06111
43	34	18.1552	-20.9471	31.7124	-1.06805
43	35	17.9484	-21.0238	31.6806	-1.07493
43	36	17.7532	-21.115	31.6687	-1.08172
43	37	17.5651	-21.2213	31.6749	-1.08854
43	38	17.3814	-21.3338	31.6901	-1.09532
43	39	17.2005	-21.4501	31.7114	-1.10207
43	40	17.0207	-21.5683	31.7363	-1.10881
43	41	16.8414	-21.6887	31.7649	-1.11555
43	42	16.6609	-21.8117	31.7969	-1.12235
43	43	16.4794	-21.9385	31.8331	-1.12922
43	44	16.2976	-22.0694	31.8746	-1.13613
43	45	16.1168	-22.2048	31.922	-1.14305
43	46	15.938	-22.3441	31.9753	-1.14995
43	47	15.7613	-22.4863	32.0337	-1.1568
43	48	15.5837	-22.6298	32.0944	-1.16366
43	49	15.4046	-22.775	32.1576	-1.17056
43	50	15.2249	-22.9231	32.2247	-1.17749
43	51	15.046	-23.0755	32.2976	-1.18442
43	52	14.8696	-23.2326	32.3775	-1.19129
43	53	14.6968	-23.3933	32.4634	-1.19807
43	54	14.5301	-23.5575	32.5564	-1.20467
43	55	14.3723	-23.7266	32.6585	-1.21104
43	56	14.2267	-23.9028	32.7728	-1.21709
43	57	14.0923	-24.0888	32.9012	-1.22288
43	58	13.9669	-24.2864	33.0447	-1.22849
43	59	13.8499	-24.5017	33.2088	-1.23398
43	60	13.7542	-24.7161	33.3799	-1.23881
43	61	13.6799	-24.9289	33.5571	-1.24297
43	62	13.6221	-25.1437	33.7421	-1.24664
43	63	13.5767	-25.3588	33.9318	-1.24993
43	64	13.5391	-25.5749	34.1251	-1.25297
43	65	13.5073	-25.7913	34.3209	-1.25582
43	66	13.4804	-26.0081	34.5188	-1.25851
43	67	13.4583	-26.2253	34.7189	-1.26104
43	68	13.4411	-26.4429	34.9209	-1.2634
43	69	13.4275	-26.661	35.1247	-1.26565
43	70	13.4169	-26.8817	35.3322	-1.26782
43	71	13.4105	-27.1044	35.5429	-1.26986
43	72	13.4094	-27.3274	35.7557	-1.27173
43	73	13.4141	-27.5491	35.9689	-1.27343
43	74	13.4241	-27.7678	36.181	-1.27493
43	75	13.4364	-27.9879	36.3952	-1.27637
43	76	13.4513	-28.2091	36.6112	-1.27774
43	77	13.4704	-28.4305	36.8286	-1.27898
43	78	13.4946	-28.6506	37.0465	-1.28006
43	79	13.5226	-28.8732	37.2677	-1.28105
43	80	13.5548	-29.0964	37.4909	-1.28193
43	81	13.5918	-29.3186	37.7145	-1.28267
43	82	13.6336	-29.5383	37.937	-1.28326
43	83	13.6794	-29.7545	38.1572	-1.28371
43	84	13.7271	-29.9719	38.3793	-1.28413
43	85	13.7772	-30.1904	38.6031	-1.28448
43	86	13.8314	-30.4087	38.8278	-1.28473
43	87	13.8906	-30.625	39.052	-1.28484
43	88	13.9539	-30.8422	39.2782	-1.28485
43	89	14.0215	-31.0587	39.505	-1.28476
43	90	14.0939	-31.2726	39.7306	-1.28453
43	91	14.1708	-31.4827	39.9539	-1.28417
43	92	14.2507	-31.6922	40.1775	-1.28373
43	93	14.334	-31.9008	40.4011	-1.28322
43	94	14.4205	-32.108	40.6244	-1.28262
43	95	14.5123	-32.3142	40.8481	-1.2819
43	96	14.6112	-32.5173	41.071	-1.281
43	97	14.7221	-32.7124	41.2897	-1.27978
43	98	14.8485	-32.8899	41.4961	-1.27809
43	99	14.9965	-33.0496	41.6918	-1.27579
43	100	15.1572	-33.2018	41.8843	-1.27318
43	101	15.3219	-33.3228	42.0484	-1.27028
43	102	15.4817	-33.4319	42.2001	-1.26743
43	103	15.6511	-33.5034	42.3192	-1.26411
43	104	15.8208	-33.5658	42.4302	-1.26074
43	105	15.996	-33.6068	42.5229	-1.25711
43	106	16.171	-33.6482	42.6166	-1.25351
43	107	16.3485	-33.685	42.7071	-1.24983
43	108	16.5291	-33.7179	42.7957	-1.24607
43	109	16.7125	-33.748	42.8831	-1.24224
43	110	16.8994	-33.7719	42.9664	-1.2383
43	111	17.0891	-33.7915	43.0471	-1.23428
43	112	17.281	-33.8068	43.1252	-1.2302
43	113	17.4747	-33.8182	43.2011	-1.22606
43	114	17.6701	-33.8267	43.2755	-1.22188
43	115	17.8674	-33.8334	43.3497	-1.21765
43	116	18.0668	-33.8377	43.423	-1.21338
43	117	18.2689	-33.8406	43.4968	-1.20905
43	118	18.4737	-33.8401	43.5693	-1.20465
43	119	18.6812	-33.8369	43.6411	-1.20018
43	120	18.8904	-33.8296	43.7105	-1.19566
43	121	19.1007	-33.8192	43.7783	-1.19111
43	122	19.3114	-33.8057	43.8443	-1.18653
43	123	19.5226	-33.7908	43.9101	-1.18194
43	124	19.7347	-33.775	43.9764	-1.17734
43	125	19.9485	-33.7584	44.0435	-1.17271
43	126	20.1641	-33.7374	44.1082	-1.16802
43	127	20.3824	-33.7176	44.1761	-1.1633
43	128	20.5916	-33.6714	44.217	-1.15854
43	129	20.7733	-33.5742	44.2012	-1.15389
43	130	20.9383	-33.4215	44.1289	-1.14908
43	131	21.0908	-33.2476	44.0332	-1.1443
43	132	21.2391	-33.0536	43.9185	-1.1394
43	133	21.388	-32.8328	43.7807	-1.1342
43	134	21.5417	-32.5763	43.614	-1.12852
43	135	21.7066	-32.273	43.4114	-1.1221
43	136	21.8653	-31.9658	43.2043	-1.1157
43	137	22.0174	-31.6532	42.9913	-1.10933
43	138	22.1603	-31.3349	42.7707	-1.10302
43	139	22.2926	-31.013	42.5439	-1.09683
43	140	22.4163	-30.6894	42.3132	-1.09074
43	141	22.5332	-30.3636	42.0789	-1.0847
43	142	22.643	-30.0335	41.8392	-1.0787
43	143	22.7433	-29.6984	41.5919	-1.07277
43	144	22.8318	-29.3599	41.3375	-1.06697
43	145	22.9097	-29.0207	41.0788	-1.06132
43	146	22.9798	-28.6808	40.8168	-1.05577
43	147	23.0425	-28.3387	40.5506	-1.05026
43	148	23.0962	-27.9933	40.2783	-1.04484
43	149	23.1391	-27.646	40	-1.03956
43	150	23.1721	-27.2989	39.718	-1.03441
43	151	23.1972	-26.9521	39.4332	-1.02937
43	152	23.215	-26.6041	39.1447	-1.0244
43	153	23.2239	-26.254	38.8506	-1.01952
43	154	23.2221	-25.9032	38.5512	-1.01479
44	0	-11.11	-24.3524	34.185	-1.99226
44	1	-11.0649	-24.13	33.9637	-1.99373
44	2	-11.0229	-23.9089	33.7449	-1.99528
44	3	-10.9827	-23.6901	33.5289	-1.99688
44	4	-10.9456	-23.4696	33.313	-1.9986
44	5	-10.9114	-23.249	33.098	-2.00042
44	6	-10.8799	-23.0286	32.8846	-2.00234
44	7	-10.8538	-22.8057	32.6713	-2.00447
44	8	-10.8329	-22.5824	32.46	-2.00678
44	9	-10.8168	-22.3602	32.2518	-2.00924
44	10	-10.8061	-22.137	32.0453	-2.01189
44	11	-10.8026	-21.9138	31.8421	-2.01478
44	12	-10.8112	-21.6862	31.6405	-2.01812
44	13	-10.834	-21.4539	31.4411	-2.02197
44	14	-10.8726	-21.2115	31.2402	-2.02646
44	15	-10.9275	-20.9719	31.0495	-2.03145
44	16	-10.9953	-20.7459	30.8777	-2.03667
44	17	-11.0772	-20.5295	30.7216	-2.04221
44	18	-11.1716	-20.3206	30.5789	-2.04806
44	19	-11.2739	-20.1144	30.4433	-2.05416
44	20	-11.3816	-19.9101	30.313	-2.06044
44	21	-11.4932	-19.7074	30.1873	-2.06686
44	22	-11.608	-19.5063	30.0657	-2.0734
44	23	-11.7258	-19.3067	29.9482	-2.08006
44	24	-11.8463	-19.109	29.835	-2.08682
44	25	-11.9686	-18.9111	29.7239	-2.09368
44	26	-12.0937	-18.7102	29.613	-2.10073
44	27	-12.2219	-18.5079	29.5041	-2.10795
44	28	-12.3531	-18.306	29.3986	-2.11529
44	29	-12.4867	-18.1063	29.2977	-2.12272
44	30	-12.6219	-17.91	29.2022	-2.13019
44	31	-12.7578	-17.718	29.1124	-2.13765
44	32	-12.8953	-17.5237	29.0232	-2.14524
44	33	-13.0343	-17.3278	28.9351	-2.15295
44	34	-13.1756	-17.1319	28.8501	-2.16078
44	35	-13.3197	-16.9382	28.7702	-2.16868
44	36	-13.4661	-16.749	28.6971	-2.17661
44	37	-13.6147	-16.5595	28.6269	-2.18465
44	38	-13.7651	-16.3715	28.5608	-2.19274
44	39	-13.9169	-16.1864	28.4997	-2.20086
44	40	-14.0703	-16.0004	28.4408	-2.20907
44	41	-14.2257	-15.8145	28.3851	-2.21737
44	42	-14.3845	-15.6303	28.3347	-2.22576
44	43	-14.5469	-15.4494	28.2912	-2.2342
44	44	-14.7155	-15.2769	28.2601	-2.24266
44	45	-14.8919	-15.1185	28.2469	-2.25104
44	46	-15.0769	-14.9727	28.2509	-2.25938
44	47	-15.2703	-14.8365	28.2696	-2.26772
44	48	-15.4754	-14.7122	28.3069	-2.2761
44	49	-15.6759	-14.6133	28.3625	-2.28374
44	50	-15.8728	-14.5427	28.4385	-2.2906
44	51	-16.0699	-14.4976	28.535	-2.29684
44	52	-16.2681	-14.4716	28.6477	-2.30261
44	53	-16.4665	-14.4559	28.7691	-2.30811
44	54	-16.6654	-14.4481	28.8974	-2.31339
44	55	-16.8649	-14.4453	29.0306	-2.31852
44	56	-17.0653	-14.4489	29.1698	-2.32347
44	57	-17.2663	-14.4609	29.3164	-2.32819
44	58	-17.469	-14.4714	29.4636	-2.33295
44	59	-17.6662	-14.5152	29.6317	-2.33674
44	60	-17.8404	-14.6294	29.8347	-2.3383
44	61	-17.9998	-14.8342	30.0928	-2.33738
44	62	-18.1465	-15.0747	30.3679	-2.33537
44	63	-18.294	-15.3521	30.6703	-2.33258
44	64	-18.4472	-15.6792	31.013	-2.32887
44	65	-18.5952	-16.0076	31.3534	-2.3251
44	66	-18.7395	-16.3377	31.693	-2.32128
44	67	-18.8788	-16.6715	32.0324	-2.31736
44	68	-19.0104	-17.01	32.3704	-2.31324
44	69	-19.1322	-17.3513	32.7046	-2.30893
44	70	-19.2457	-17.6933	33.0343	-2.30451
44	71	-19.3533	-18.0361	33.3613	-2.30002
44	72	-19.4555	-18.3813	33.6871	-2.29545
44	73	-19.5503	-18.7301	34.0115	-2.29074
44	74	-19.6356	-19.0816	34.3325	-2.28586
44	75	-19.7119	-19.4335	34.6486	-2.28086
44	76	-19.7817	-19.7851	34.9611	-2.27582
44	77	-19.8461	-20.1378	35.2719	-2.27073
44	78	-19.9039	-20.4933	35.5816	-2.26554
44	79	-19.952	-20.8519	35.8884	-2.26017
44	80	-19.989	-21.2111	36.1896	-2.25465
44	81	-20.0171	-21.5686	36.485	-2.24905
44	82	-20.0393	-21.9248	36.777	-2.24345
44	83	-20.0567	-22.2815	37.0674	-2.23782
44	84	-20.0673	-22.6404	37.3566	-2.2321
44	85	-20.0677	-23.0017	37.6425	-2.22621
44	86	-20.0558	-23.3624	37.922	-2.22016
44	87	-20.034	-23.72	38.1944	-2.21405
44	88	-20.0059	-24.075	38.4623	-2.20793
44	89	-19.9729	-24.4293	38.7281	-2.2018
44	90	-19.9336	-24.7844	38.9924	-2.19561
44	91	-19.8848	-25.1405	39.2535	-2.1893
44	92	-19.8247	-25.4953	39.5084	-2.18285
44	93	-19.7548	-25.8461	39.7563	-2.17634
44	94	-19.6784	-26.1935	39.9993	-2.16983
44	95	-19.5965	-26.5394	40.2396	-2.1633
44	96	-19.5077	-26.8848	40.4774	-2.15672
44	97	-19.4099	-27.229	40.711	-2.15004
44	98	-19.3028	-27.5697	40.9385	-2.1433
44	99	-19.1889	-27.9064	41.1607	-2.13654
44	100	-19.0696	-28.2404	41.3797	-2.12978
44	101	-18.9446	-28.5731	41.5964	-2.12299
44	102	-18.8114	-28.9039	41.8092	-2.11613
44	103	-18.6809	-29.1836	41.9814	-2.11001
44	104	-18.5496	-29.4233	42.1204	-2.10441
44	105	-18.4135	-29.6323	42.2316	-2.09912
44	106	-18.2647	-29.7948	42.2975	-2.09415
44	107	-18.1011	-29.9	42.3072	-2.08955
44	108	-17.9216	-29.97	42.2796	-2.08505
44	109	-17.7384	-30.0284	42.2407	-2.08059
44	110	-17.5538	-30.0813	42.1971	-2.07616
44	111	-17.3685	-30.1337	42.1537	-2.07171
44	112	-17.1811	-30.1828	42.1072	-2.06725
44	113	-16.9919	-30.2314	42.0603	-2.06274
44	114	-16.7997	-30.2757	42.009	-2.05821
44	115	-16.6055	-30.3183	41.9561	-2.05365
44	116	-16.409	-30.3559	41.8986	-2.04908
44	117	-16.2115	-30.3905	41.8388	-2.04451
44	118	-16.0134	-30.4209	41.7759	-2.03995
44	119	-15.8151	-30.4476	41.7105	-2.03542
44	120	-15.6169	-30.4721	41.6441	-2.0309
44	121	-15.4183	-30.4925	41.5745	-2.02641
44	122	-15.2193	-30.5117	41.5046	-2.0219
44	123	-15.0192	-30.525	41.4298	-2.01741
44	124	-14.8181	-30.5342	41.3516	-2.01293
44	125	-14.6169	-30.529	41.2613	-2.00858
44	126	-14.4173	-30.5046	41.1549	-2.00443
44	127	-14.2226	-30.4429	41.0174	-2.00076
44	128	-14.0287	-30.3418	40.8449	-1.99748
44	129	-13.8367	-30.2093	40.6449	-1.99452
44	130	-13.6616	-30.0634	40.4401	-1.99206
44	131	-13.5041	-29.8999	40.2266	-1.99015
44	132	-13.3617	-29.7171	40.0016	-1.98876
44	133	-13.23	-29.5221	39.7701	-1.98772
44	134	-13.1047	-29.321	39.5354	-1.98688
44	135	-12.9835	-29.1168	39.2997	-1.98616
44	136	-12.8647	-28.9111	39.0636	-1.98551
44	137	-12.7477	-28.7044	38.8272	-1.98489
44	138	-12.6342	-28.4939	38.5888	-1.9844
44	139	-12.5247	-28.2808	38.3498	-1.98401
44	140	-12.4188	-28.067	38.1114	-1.98372
44	141	-12.3159	-27.8538	37.8748	-1.98349
44	142	-12.2168	-27.6395	37.6387	-1.98336
44	143	-12.1204	-27.4254	37.404	-1.9833
44	144	-12.0257	-27.2124	37.1708	-1.98326
44	145	-11.9338	-26.9966	36.9363	-1.98332
44	146	-11.845	-26.7793	36.7016	-1.98348
44	147	-11.7598	-26.5616	36.4681	-1.98374
44	148	-11.6799	-26.3402	36.2332	-1.98417
44	149	-11.6051	-26.1177	35.9994	-1.98475
44	150	-11.5335	-25.8967	35.7683	-1.9854
44	151	-11.4639	-25.678	35.5401	-1.98609
44	152	-11.3972	-25.4581	35.312	-1.98687
44	153	-11.3328	-25.2381	35.0848	-1.98773
44	154	-11.2708	-25.0187	34.859	-1.98865
44	155	-11.2131	-24.7963	34.6324	-1.98973
44	156	-11.1598	-24.5735	34.4072	-1.99095
48	0	22.0632	-37.6481	48.4508	-1.1636
48	1	22.011	-37.3321	48.1401	-1.162
48	2	21.9451	-37.0149	47.8228	-1.16063
48	3	21.8643	-36.6998	47.5017	-1.15954
48	4	21.7715	-36.3894	47.18	-1.15871
48	5	21.6701	-36.0824	46.8582	-1.15807
48	6	21.5609	-35.777	46.5346	-1.15759
48	7	21.4426	-35.4726	46.2083	-1.15729
48	8	21.3319	-35.2154	45.9283	-1.15725
48	9	21.2252	-34.996	45.6846	-1.15745
48	10	21.1201	-34.8057	45.4681	-1.15789
48	11	21.0146	-34.6368	45.2711	-1.15853
48	12	20.902	-34.485	45.0868	-1.15947
48	13	20.7588	-34.4185	44.9688	-1.16179
48	14	20.5836	-34.4228	44.9034	-1.16541
48	15	20.4067	-34.4448	44.8541	-1.16923
48	16	20.227	-34.4623	44.8003	-1.17308
48	17	20.0448	-34.4753	44.7421	-1.17694
48	18	19.8603	-34.4838	44.6794	-1.18083
48	19	19.6733	-34.4879	44.6125	-1.18474
48	20	19.4836	-34.4879	44.5414	-1.18869
48	21	19.2908	-34.4845	44.4667	-1.19268
48	22	19.0948	-34.4805	44.391	-1.19675
48	23	18.8959	-34.4808	44.319	-1.20093
48	24	18.6949	-34.4806	44.2465	-1.20516
48	25	18.4921	-34.4796	44.1735	-1.20944
48	26	18.2877	-34.4813	44.1032	-1.21379
48	27	18.0815	-34.4803	44.0306	-1.21817
48	28	17.8727	-34.4765	43.9554	-1.2226
48	29	17.6609	-34.474	43.8813	-1.22712
48	30	17.4461	-34.4714	43.8069	-1.23171
48	31	17.2289	-34.4698	43.7336	-1.23639
48	32	17.0104	-34.4682	43.6609	-1.2411
48	33	16.7917	-34.467	43.5895	-1.24584
48	34	16.5733	-34.4657	43.519	-1.25059
48	35	16.355	-34.4655	43.4506	-1.25535
48	36	16.1364	-34.4653	43.383	-1.26014
48	37	15.9175	-34.4692	43.3204	-1.26498
48	38	15.699	-34.4839	43.2691	-1.2699
48	39	15.4846	-34.5246	43.245	-1.27491
48	40	15.2755	-34.6061	43.2626	-1.28008
48	41	15.0707	-34.7255	43.3188	-1.2854
48	42	14.8672	-34.8761	43.4067	-1.29088
48	43	14.6858	-35.0442	43.5187	-1.29595
48	44	14.5186	-35.2204	43.6434	-1.30073
48	45	14.3629	-35.4064	43.7816	-1.3053
48	46	14.2148	-35.5983	43.9283	-1.3097
48	47	14.071	-35.7936	44.0803	-1.31399
48	48	13.9301	-35.9918	44.2366	-1.31821
48	49	13.7925	-36.1932	44.3976	-1.32235
48	50	13.6598	-36.3976	44.5635	-1.32636
48	51	13.5328	-36.6036	44.733	-1.33023
48	52	13.4113	-36.8103	44.9051	-1.33395
48	53	13.2955	-37.0183	45.0804	-1.33753
48	54	13.1864	-37.2287	45.2601	-1.34095
48	55	13.0882	-37.4433	45.4469	-1.34413
48	56	13.0035	-37.6665	45.6456	-1.34704
48	57	12.9352	-37.8994	45.8577	-1.34962
48	58	12.8864	-38.1465	46.0881	-1.35183
48	59	12.8617	-38.386	46.3166	-1.35347
48	60	12.8606	-38.6162	46.5412	-1.35456
48	61	12.874	-38.8427	46.7653	-1.35532
48	62	12.895	-39.0666	46.9886	-1.3559
48	63	12.919	-39.2897	47.2116	-1.35641
48	64	12.9428	-39.5131	47.4349	-1.35693
48	65	12.9695	-39.7371	47.6595	-1.35738
48	66	13.0002	-39.9617	47.8856	-1.35774
48	67	13.0351	-40.1862	48.1124	-1.35802
48	68	13.0734	-40.4097	48.3389	-1.35822
48	69	13.1139	-40.6319	48.5647	-1.35837
48	70	13.1554	-40.8533	48.7899	-1.3585
48	71	13.1964	-41.075	49.0152	-1.35863
48	72	13.2382	-41.2974	49.2415	-1.35875
48	73	13.2819	-41.521	49.4692	-1.35884
48	74	13.3284	-41.7427	49.6957	-1.35887
48	75	13.3777	-41.9624	49.9209	-1.35882
48	76	13.4301	-42.1784	50.1431	-1.35871
48	77	13.4845	-42.3912	50.3626	-1.35854
48	78	13.5403	-42.6018	50.5802	-1.35834
48	79	13.5974	-42.8111	50.7968	-1.35811
48	80	13.6564	-43.0195	51.013	-1.35784
48	81	13.7178	-43.2269	51.2286	-1.35753
48	82	13.7818	-43.4324	51.4431	-1.35716
48	83	13.8479	-43.6356	51.6557	-1.35674
48	84	13.9152	-43.8366	51.8663	-1.3563
48	85	13.9833	-44.0357	52.0754	-1.35583
48	86	14.0523	-44.2337	52.2836	-1.35535
48	87	14.1229	-44.4312	52.4916	-1.35484
48	88	14.196	-44.6281	52.6997	-1.35429
48	89	14.2723	-44.8239	52.9072	-1.35367
48	90	14.3516	-45.0177	53.1135	-1.353
48	91	14.4335	-45.209	53.3181	-1.35228
48	92	14.5171	-45.398	53.5207	-1.35152
48	93	14.6019	-45.5851	53.7219	-1.35073
48	94	14.6881	-45.7712	53.9222	-1.34993
48	95	14.7759	-45.9566	54.1224	-1.3491
48	96	14.8623	-46.143	54.3232	-1.3483
48	97	14.9543	-46.3272	54.5232	-1.3474
48	98	15.0598	-46.5041	54.7191	-1.34623
48	99	15.1837	-46.6361	54.8755	-1.34457
48	100	15.3587	-46.7022	54.9794	-1.34174
48	101	15.5416	-46.7441	55.062	-1.33867
48	102	15.7311	-46.7693	55.1304	-1.33543
48	103	15.9316	-46.7762	55.1842	-1.33193
48	104	16.149	-46.7624	55.2226	-1.32805
48	105	16.3903	-46.7264	55.2462	-1.32365
48	106	16.6645	-46.6679	55.2573	-1.31858
48	107	16.9364	-46.5997	55.2598	-1.31351
48	108	17.207	-46.5223	55.2545	-1.30841
48	109	17.4767	-46.4336	55.2396	-1.30328
48	110	17.744	-46.331	55.212	-1.29812
48	111	18.006	-46.2131	55.1697	-1.29297
48	112	18.2604	-46.0821	55.1142	-1.28788
48	113	18.5076	-45.9412	55.0487	-1.28286
48	114	18.7495	-45.7925	54.9754	-1.27787
48	115	18.9874	-45.6352	54.8942	-1.27289
48	116	19.2209	-45.4675	54.8031	-1.26792
48	117	19.4477	-45.288	54.7001	-1.26298
48	118	19.6656	-45.0976	54.5854	-1.25812
48	119	19.8731	-44.8973	54.4592	-1.25337
48	120	20.0751	-44.692	54.3278	-1.24865
48	121	20.2717	-44.4797	54.1893	-1.24397
48	122	20.462	-44.2585	54.0415	-1.23932
48	123	20.644	-44.0273	53.8826	-1.23473
48	124	20.8153	-43.7873	53.7131	-1.23025
48	125	20.9761	-43.5409	53.535	-1.22588
48	126	21.128	-43.2893	53.3501	-1.22161
48	127	21.2724	-43.0317	53.1579	-1.2174
48	128	21.4085	-42.7662	52.9564	-1.21325
48	129	21.5335	-42.4917	52.7435	-1.20921
48	130	21.6448	-42.2103	52.52	-1.20533
48	131	21.7428	-41.9251	52.289	-1.20163
48	132	21.8303	-41.6377	52.0529	-1.19807
48	133	21.9097	-41.3474	51.8117	-1.1946
48	134	21.9809	-41.0526	51.564	-1.19122
48	135	22.0419	-40.7524	51.3081	-1.18795
48	136	22.0906	-40.4483	51.0444	-1.18484
48	137	22.1273	-40.1426	50.7753	-1.1819
48	138	22.1542	-39.8363	50.5022	-1.17911
48	139	22.1727	-39.5284	50.2248	-1.17643
48	140	22.1821	-39.2173	49.9414	-1.17386
48	141	22.18	-38.9031	49.651	-1.17145
48	142	22.1653	-38.5882	49.3553	-1.16925
48	143	22.1396	-38.2745	49.0565	-1.16723
48	144	22.1053	-37.9617	48.7556	-1.16536
49	0	-12.6871	-40.4247	49.7618	-1.88886
49	1	-12.6098	-40.2014	49.5256	-1.88879
49	2	-12.5346	-39.9756	49.2876	-1.88877
49	3	-12.4615	-39.7484	49.0489	-1.88881
49	4	-12.3889	-39.5214	48.8105	-1.88885
49	5	-12.3155	-39.2949	48.5725	-1.88887
49	6	-12.2409	-39.068	48.3336	-1.88887
49	7	-12.1647	-38.8399	48.0931	-1.88885
49	8	-12.0897	-38.6088	47.8502	-1.88887
49	9	-12.0182	-38.3746	47.6054	-1.88899
49	10	-11.9527	-38.1377	47.3598	-1.88924
49	11	-11.8965	-37.8985	47.1151	-1.88969
49	12	-11.8553	-37.6573	46.8732	-1.89047
49	13	-11.8302	-37.4118	46.6323	-1.89162
49	14	-11.821	-37.1583	46.3888	-1.89315
49	15	-11.8305	-36.8894	46.1369	-1.89519
49	16	-11.8591	-36.6311	45.9013	-1.89757
49	17	-11.9056	-36.3778	45.6765	-1.90032
49	18	-11.9698	-36.1298	45.4628	-1.90342
49	19	-12.0482	-35.8881	45.2602	-1.9068
49	20	-12.1361	-35.6499	45.0647	-1.91039
49	21	-12.2299	-35.4154	44.8751	-1.9141
49	22	-12.3257	-35.1818	44.6877	-1.91788
49	23	-12.4225	-34.9478	44.5009	-1.92171
49	24	-12.5212	-34.7131	44.3148	-1.92562
49	25	-12.6195	-34.4753	44.1263	-1.92958
49	26	-12.7213	-34.2362	43.9385	-1.93367
49	27	-12.8278	-33.9978	43.7538	-1.93787
49	28	-12.9369	-33.7603	43.5717	-1.94217
49	29	-13.0478	-33.524	43.3922	-1.94653
49	30	-13.1606	-33.289	43.2154	-1.95095
49	31	-13.2751	-33.0539	43.04	-1.95545
49	32	-13.3941	-32.8194	42.8677	-1.96007
49	33	-13.5221	-32.5888	42.7034	-1.96489
49	34	-13.663	-32.3674	42.5536	-1.96995
49	35	-13.8177	-32.1548	42.4185	-1.97526
49	36	-13.9859	-31.9496	42.2967	-1.98082
49	37	-14.1593	-31.782	42.2127	-1.98617
49	38	-14.3388	-31.6552	42.1696	-1.99128
49	39	-14.5247	-31.5665	42.1651	-1.99616
49	40	-14.7147	-31.5035	42.1866	-2.00088
49	41	-14.9079	-31.4538	42.2224	-2.00553
49	42	-15.1024	-31.4095	42.2646	-2.01015
49	43	-15.2985	-31.3675	42.3105	-2.01476
49	44	-15.4961	-31.3265	42.3588	-2.01939
49	45	-15.6956	-31.2858	42.4091	-2.02405
49	46	-15.8964	-31.2451	42.4608	-2.02872
49	47	-16.098	-31.2051	42.5146	-2.03339
49	48	-16.2997	-31.1652	42.5693	-2.03805
49	49	-16.5012	-31.1261	42.6257	-2.04268
49	50	-16.7026	-31.0871	42.683	-2.0473
49	51	-16.9045	-31.0495	42.7426	-2.0519
49	52	-17.1068	-31.0102	42.8018	-2.05652
49	53	-17.31	-30.9699	42.8615	-2.06115
49	54	-17.5146	-30.9308	42.9238	-2.06578
49	55	-17.7199	-30.8918	42.9875	-2.07042
49	56	-17.9257	-30.8557	43.0548	-2.07501
49	57	-18.1316	-30.8321	43.1341	-2.07946
49	58	-18.3294	-30.8539	43.2498	-2.0832
49	59	-18.5013	-30.9691	43.4345	-2.08535
49	60	-18.6703	-31.1414	43.6677	-2.08678
49	61	-18.8333	-31.3466	43.9266	-2.0877
49	62	-18.9986	-31.5883	44.2185	-2.08825
49	63	-19.1721	-31.8776	44.5558	-2.08842
49	64	-19.3375	-32.1692	44.891	-2.08841
49	65	-19.4974	-32.4625	45.225	-2.08827
49	66	-19.6517	-32.7591	45.559	-2.088
49	67	-19.7979	-33.0605	45.8933	-2.08752
49	68	-19.9334	-33.3658	46.2257	-2.08681
49	69	-20.0581	-33.6722	46.5538	-2.08589
49	70	-20.1743	-33.9785	46.8777	-2.08483
49	71	-20.284	-34.2856	47.1991	-2.08365
49	72	-20.3865	-34.5953	47.5192	-2.08233
49	73	-20.4794	-34.9079	47.8373	-2.08083
49	74	-20.5615	-35.2216	48.1512	-2.07913
49	75	-20.6338	-35.5345	48.4598	-2.0773
49	76	-20.6985	-35.8466	48.7643	-2.07535
49	77	-20.7559	-36.1595	49.066	-2.07329
49	78	-20.8044	-36.4742	49.3653	-2.07108
49	79	-20.8417	-36.7899	49.6603	-2.06869
49	80	-20.8676	-37.1042	49.949	-2.06614
49	81	-20.8842	-37.416	50.2314	-2.06348
49	82	-20.8933	-37.726	50.509	-2.06074
49	83	-20.8948	-38.0357	50.7832	-2.05789
49	84	-20.8866	-38.3457	51.0536	-2.05491
49	85	-20.8666	-38.6548	51.3181	-2.05176
49	86	-20.8351	-38.9605	51.5748	-2.04848
49	87	-20.7943	-39.2619	51.824	-2.04511
49	88	-20.7462	-39.5599	52.0674	-2.04167
49	89	-20.6905	-39.856	52.3064	-2.03815
49	90	-20.6253	-40.1509	52.5406	-2.03452
49	91	-20.548	-40.4433	52.7679	-2.03073
49	92	-20.4585	-40.7305	52.9859	-2.02681
49	93	-20.3588	-41.0111	53.1944	-2.0228
49	94	-20.2511	-41.2858	53.3949	-2.01874
49	95	-20.136	-41.5562	53.5893	-2.01462
49	96	-20.0122	-41.8229	53.7774	-2.01041
49	97	-19.8781	-42.0848	53.9579	-2.0061
49	98	-19.7337	-42.3399	54.1288	-2.00169
49	99	-19.5807	-42.5872	54.2901	-1.99723
49	100	-19.4209	-42.8272	54.4431	-1.99273
49	101	-19.2546	-43.0614	54.5892	-1.98819
49	102	-19.081	-43.2902	54.7286	-1.9836
49	103	-18.8987	-43.5127	54.8598	-1.97893
49	104	-18.7082	-43.7273	54.9819	-1.9742
49	105	-18.5121	-43.9345	55.096	-1.96945
49	106	-18.3084	-44.1312	55.1989	-1.96467
49	107	-18.0996	-44.3207	55.2944	-1.95986
49	108	-17.8848	-44.5037	55.3828	-1.95502
49	109	-17.6624	-44.6789	55.4626	-1.95012
49	110	-17.4322	-44.8441	55.5315	-1.94517
49	111	-17.1954	-44.9977	55.5886	-1.94019
49	112	-16.9543	-45.1405	55.6353	-1.93522
49	113	-16.7098	-45.274	55.6737	-1.93027
49	114	-16.462	-45.3995	55.7046	-1.92531
49	115	-16.2101	-45.5166	55.7276	-1.92034
49	116	-15.9539	-45.6235	55.741	-1.91537
49	117	-15.7283	-45.6994	55.7368	-1.9111
49	118	-15.5255	-45.7473	55.7147	-1.90738
49	119	-15.3389	-45.7703	55.6751	-1.90408
49	120	-15.1637	-45.7704	55.6181	-1.9011
49	121	-14.9992	-45.7371	55.5335	-1.89849
49	122	-14.8811	-45.6332	55.3971	-1.89708
49	123	-14.7754	-45.4862	55.224	-1.89612
49	124	-14.6817	-45.3266	55.0429	-1.89543
49	125	-14.5929	-45.1609	54.8574	-1.89486
49	126	-14.506	-44.9913	54.669	-1.89434
49	127	-14.4208	-44.8186	54.4782	-1.89387
49	128	-14.3371	-44.6435	54.2856	-1.89343
49	129	-14.2541	-44.4665	54.0914	-1.89301
49	130	-14.1713	-44.2876	53.8954	-1.89261
49	131	-14.087	-44.1067	53.6972	-1.89218
49	132	-14.0027	-43.9227	53.496	-1.89177
49	133	-13.9189	-43.735	53.2914	-1.89139
49	134	-13.8364	-43.5434	53.0836	-1.89105
49	135	-13.7558	-43.3486	52.8733	-1.89077
49	136	-13.677	-43.1515	52.6615	-1.89052
49	137	-13.5995	-42.9529	52.4486	-1.89031
49	138	-13.5225	-42.7531	52.2348	-1.89011
49	139	-13.4447	-42.5521	52.0194	-1.88991
49	140	-13.3657	-42.349	51.8019	-1.88969
49	141	-13.2874	-42.1429	51.5816	-1.8895
49	142	-13.2111	-41.9334	51.3587	-1.88937
49	143	-13.1373	-41.7212	51.1341	-1.8893
49	144	-13.0643	-41.5074	50.9082	-1.88925
49	145	-12.9915	-41.2929	50.6817	-1.88921
49	146	-12.9176	-41.0781	50.4545	-1.88915
49	147	-12.8422	-40.8623	50.226	-1.88907
49	148	-12.7653	-40.6447	49.9953	-1.88897
