# CellID	NodeIndex	X	Y	R	Theta
8	0	53.8458	-7.34653	52.2149	0.111527
8	1	54.0094	-7.14475	52.4003	0.115006
8	2	54.1612	-6.93242	52.5758	0.118687
8	3	54.2993	-6.71129	52.7395	0.12254
8	4	54.4238	-6.48375	52.8913	0.126522
8	5	54.5362	-6.25128	53.0326	0.130603
8	6	54.6379	-6.01386	53.1649	0.134782
8	7	54.7292	-5.77053	53.2885	0.139077
8	8	54.8085	-5.52048	53.4022	0.143508
8	9	54.8738	-5.26425	53.504	0.148073
8	10	54.9238	-5.00388	53.5925	0.152741
8	11	54.9593	-4.74164	53.6681	0.157469
8	12	54.9823	-4.47848	53.7326	0.162239
8	13	54.9941	-4.21389	53.7876	0.167059
8	14	54.9944	-3.94679	53.833	0.17195
8	15	54.9816	-3.6768	53.8673	0.176929
8	16	54.9537	-3.40512	53.8883	0.181983
8	17	54.9103	-3.13416	53.8954	0.187073
8	18	54.8532	-2.8657	53.8899	0.192165
8	19	54.7844	-2.59962	53.8739	0.197257
8	20	54.7047	-2.33462	53.8484	0.202373
8	21	54.6126	-2.06967	53.8121	0.20754
8	22	54.505	-1.80555	53.762	0.21276
8	23	54.3802	-1.54534	53.6957	0.217987
8	24	54.2396	-1.29241	53.6138	0.223161
8	25	54.0868	-1.04738	53.5197	0.228258
8	26	53.924	-0.808364	53.4159	0.233306
8	27	53.751	-0.573496	53.3025	0.238343
8	28	53.5657	-0.342839	53.1777	0.24338
8	29	53.3667	-0.118819	53.0391	0.248384
8	30	53.1552	0.0958135	52.8876	0.253301
8	31	52.9344	0.3009	52.7258	0.258116
8	32	52.7057	0.498527	52.5557	0.262862
8	33	52.4682	0.690236	52.3768	0.267575
8	34	52.2197	0.875067	52.1865	0.27225
8	35	51.9596	1.04992	51.9836	0.276835
8	36	51.6904	1.21278	51.7697	0.281282
8	37	51.4149	1.36505	51.5477	0.285604
8	38	51.1329	1.50913	51.3182	0.289846
8	39	50.8421	1.645	51.0788	0.294022
8	40	50.541	1.76926	50.8271	0.298078
8	41	50.232	1.87745	50.5639	0.301918
8	42	49.96	1.95004	50.326	0.304903
8	43	49.7158	1.99475	50.1066	0.307217
8	44	49.4904	2.0185	49.899	0.309037
8	45	49.2758	2.02612	49.6969	0.310496
8	46	49.066	2.01944	49.4952	0.311663
8	47	48.8587	1.99375	49.29	0.312456
8	48	48.6625	1.92919	49.0834	0.312433
8	49	48.4729	1.82146	48.8699	0.311528
8	50	48.2809	1.71824	48.6556	0.310718
8	51	48.0958	1.60579	48.445	0.309677
8	52	47.9164	1.48926	48.2386	0.308509
8	53	47.7418	1.37184	48.0366	0.307284
8	54	47.5714	1.25456	47.8388	0.306025
8	55	47.4036	1.1347	47.6427	0.304687
8	56	47.2384	1.01183	47.4483	0.303261
8	57	47.0763	0.886019	47.2561	0.301745
8	58	46.9184	0.757188	47.0671	0.300128
8	59	46.765	0.620846	46.8803	0.298317
8	60	46.6172	0.479188	46.6975	0.296348
8	61	46.4764	0.333293	46.5204	0.294232
8	62	46.3402	0.186911	46.3476	0.292062
8	63	46.2094	0.0395559	46.1801	0.289821
8	64	46.0814	-0.106246	46.0158	0.28758
8	65	45.9568	-0.257283	45.8537	0.285192
8	66	45.8349	-0.411924	45.6933	0.282695
8	67	45.717	-0.570096	45.5362	0.280082
8	68	45.6045	-0.730884	45.3838	0.277362
8	69	45.4972	-0.891894	45.2367	0.274588
8	70	45.3981	-1.05787	45.0964	0.271642
8	71	45.3056	-1.22527	44.9626	0.268607
8	72	45.2199	-1.39291	44.8357	0.265509
8	73	45.1403	-1.56017	44.7153	0.262367
8	74	45.0671	-1.72775	44.6013	0.259164
8	75	44.9987	-1.89789	44.4919	0.255862
8	76	44.9342	-2.07146	44.3858	0.252446
8	77	44.892	-2.25447	44.2995	0.248684
8	78	44.8547	-2.44408	44.217	0.244735
8	79	44.8434	-2.64595	44.1576	0.240362
8	80	44.8429	-2.85061	44.1088	0.235858
8	81	44.8686	-3.04983	44.0877	0.231328
8	82	44.9079	-3.24537	44.0816	0.226806
8	83	44.9735	-3.43653	44.103	0.222248
8	84	45.0486	-3.62716	44.1347	0.21766
8	85	45.1316	-3.81409	44.1758	0.213122
8	86	45.2151	-4.00059	44.2184	0.208601
8	87	45.3035	-4.18663	44.2669	0.204076
8	88	45.3941	-4.37327	44.3182	0.199537
8	89	45.4871	-4.55957	44.3728	0.195007
8	90	45.5831	-4.7461	44.4313	0.19047
8	91	45.6816	-4.93134	44.4934	0.185962
8	92	45.7812	-5.11448	44.5579	0.18151
8	93	45.881	-5.29523	44.6239	0.177122
8	94	45.9785	-5.47513	44.6886	0.172775
8	95	46.0753	-5.65371	44.7537	0.168472
8	96	46.1743	-5.82948	44.8222	0.164236
8	97	46.2727	-6.00322	44.8912	0.160059
8	98	46.3733	-6.17835	44.9631	0.155857
8	99	46.4763	-6.35284	45.0381	0.151675
8	100	46.581	-6.52554	45.1159	0.147541
8	101	46.6855	-6.69685	45.1944	0.143452
8	102	46.7902	-6.86652	45.2742	0.139412
8	103	46.8944	-7.03551	45.3543	0.135403
8	104	46.999	-7.20352	45.4356	0.131428
8	105	47.1039	-7.37054	45.518	0.127488
8	106	47.2092	-7.53537	45.6019	0.123609
8	107	47.3152	-7.69615	45.6876	0.119831
8	108	47.4226	-7.85394	45.7756	0.116128
8	109	47.5315	-8.00643	45.8665	0.112551
8	110	47.6389	-8.15472	45.9568	0.109082
8	111	47.7467	-8.29702	46.0487	0.105755
8	112	47.8537	-8.43428	46.1409	0.102552
8	113	47.966	-8.56148	46.2398	0.0995672
8	114	48.0685	-8.6924	46.3289	0.0965355
8	115	48.1885	-8.78729	46.4394	0.0942526
8	116	48.3366	-8.85274	46.5807	0.0925545
8	117	48.4864	-8.9289	46.7229	0.0906352
8	118	48.6546	-8.99242	46.8847	0.0889612
8	119	48.8461	-9.045	47.0709	0.0874871
8	120	49.0675	-9.08715	47.2878	0.0861901
8	121	49.324	-9.11649	47.5408	0.0851108
8	122	49.6011	-9.13312	47.8155	0.0842716
8	123	49.8757	-9.13833	48.0887	0.0836831
8	124	50.1483	-9.13348	48.3607	0.0833119
8	125	50.42	-9.11793	48.6328	0.0831655
8	126	50.6912	-9.08942	48.9054	0.0832858
8	127	50.9606	-9.04538	49.1776	0.0837226
8	128	51.2254	-8.98504	49.4465	0.0844908
8	129	51.4832	-8.91016	49.7097	0.0855541
8	130	51.7338	-8.82343	49.9669	0.0868548
8	131	51.9783	-8.72648	50.219	0.0883558
8	132	52.218	-8.61901	50.4672	0.090058
8	133	52.4526	-8.49938	50.7117	0.0919913
8	134	52.6804	-8.3661	50.9509	0.0941855
8	135	52.8988	-8.21937	51.1824	0.0966382
8	136	53.1064	-8.06132	51.4044	0.0993088
8	137	53.3037	-7.89442	51.6175	0.102147
8	138	53.4921	-7.72	51.8229	0.105125
8	139	53.6728	-7.53782	52.022	0.108243
9	0	-40.1765	3.06106	45.1457	2.77412
9	1	-40.2465	3.23359	45.2733	2.77112
9	2	-40.323	3.4035	45.4062	2.76824
9	3	-40.4006	3.57114	45.5399	2.76544
9	4	-40.4808	3.7356	45.675	2.76273
9	5	-40.5629	3.89682	45.8111	2.76013
9	6	-40.6468	4.05344	45.9474	2.75764
9	7	-40.7333	4.20878	46.086	2.75522
9	8	-40.8215	4.36163	46.2253	2.75288
9	9	-40.9089	4.51166	46.3632	2.7506
9	10	-40.9982	4.66157	46.5031	2.74835
9	11	-41.0908	4.80758	46.6446	2.74622
9	12	-41.1828	4.94885	46.784	2.74419
9	13	-41.2774	5.08705	46.9248	2.74225
9	14	-41.3761	5.2172	47.0665	2.74052
9	15	-41.472	5.34181	47.2034	2.73888
9	16	-41.5706	5.46064	47.3408	2.73739
9	17	-41.6721	5.57031	47.4773	2.73611
9	18	-41.7692	5.67663	47.6085	2.73486
9	19	-41.8718	5.77349	47.741	2.73385
9	20	-41.975	5.86357	47.8715	2.73297
9	21	-42.0799	5.94948	48.002	2.7322
9	22	-42.1828	6.03393	48.13	2.73144
9	23	-42.2884	6.1265	48.2637	2.73055
9	24	-42.4328	6.16428	48.4112	2.73103
9	25	-42.5923	6.21102	48.5761	2.73146
9	26	-42.7749	6.23264	48.7522	2.73254
9	27	-42.9813	6.24906	48.9482	2.73391
9	28	-43.2204	6.25509	49.1701	2.73573
9	29	-43.5001	6.24386	49.4228	2.73817
9	30	-43.8312	6.2174	49.7172	2.74128
9	31	-44.1621	6.18045	50.0078	2.74454
9	32	-44.4941	6.1309	50.2951	2.748
9	33	-44.8234	6.06587	50.5746	2.75168
9	34	-45.1457	5.98528	50.8425	2.75556
9	35	-45.4592	5.89318	51.0986	2.75954
9	36	-45.766	5.79243	51.3462	2.76359
9	37	-46.0683	5.68218	51.5869	2.76774
9	38	-46.3656	5.5595	51.8193	2.77203
9	39	-46.6545	5.42349	52.0401	2.77648
9	40	-46.9329	5.27679	52.2483	2.781
9	41	-47.202	5.12204	52.446	2.78557
9	42	-47.4637	4.95918	52.6352	2.79021
9	43	-47.7181	4.78616	52.815	2.79494
9	44	-47.9625	4.60193	52.983	2.79978
9	45	-48.1949	4.40834	53.1376	2.80468
9	46	-48.4155	4.20808	53.2803	2.80959
9	47	-48.6264	4.00193	53.4131	2.81453
9	48	-48.828	3.78853	53.5362	2.81951
9	49	-49.0188	3.56631	53.6475	2.82457
9	50	-49.1962	3.33584	53.7449	2.82967
9	51	-49.3591	3.09973	53.8281	2.83477
9	52	-49.509	2.86018	53.8994	2.83985
9	53	-49.6477	2.61739	53.9604	2.84491
9	54	-49.7758	2.37019	54.0113	2.84998
9	55	-49.8916	2.11759	54.0503	2.85507
9	56	-49.993	1.86033	54.0756	2.86017
9	57	-50.0792	1.60068	54.0869	2.86522
9	58	-50.1513	1.34058	54.0861	2.87021
9	59	-50.2113	1.08035	54.0747	2.87515
9	60	-50.2596	0.819047	54.0532	2.88004
9	61	-50.2951	0.555738	54.02	2.88492
9	62	-50.3155	0.290824	53.9731	2.88977
9	63	-50.3194	0.0264197	53.9116	2.89453
9	64	-50.3075	-0.234977	53.8368	2.89919
9	65	-50.2822	-0.492196	53.751	2.90372
9	66	-50.2452	-0.745633	53.6559	2.90815
9	67	-50.1972	-0.996278	53.5517	2.91249
9	68	-50.1372	-1.24459	53.4374	2.91676
9	69	-50.0636	-1.48976	53.3114	2.92094
9	70	-49.9755	-1.72991	53.1733	2.92498
9	71	-49.8739	-1.9632	53.0243	2.92887
9	72	-49.7603	-2.18899	52.866	2.93259
9	73	-49.6363	-2.40781	52.6996	2.93616
9	74	-49.5019	-2.62049	52.525	2.93961
9	75	-49.3564	-2.82714	52.3413	2.94292
9	76	-49.1988	-3.02665	52.1476	2.94607
9	77	-49.0289	-3.21717	51.9443	2.94903
9	78	-48.8483	-3.3972	51.7327	2.95178
9	79	-48.6588	-3.56667	51.5148	2.95432
9	80	-48.4617	-3.72656	51.2915	2.95666
9	81	-48.257	-3.87782	51.0626	2.95884
9	82	-48.0438	-4.02034	50.8271	2.96083
9	83	-47.8212	-4.15274	50.5845	2.96262
9	84	-47.5897	-4.27312	50.3353	2.96415
9	85	-47.3512	-4.38047	50.0816	2.96542
9	86	-47.1073	-4.47538	49.8249	2.96644
9	87	-46.8589	-4.55925	49.5657	2.96723
9	88	-46.6051	-4.63277	49.303	2.96781
9	89	-46.3446	-4.69494	49.0357	2.96814
9	90	-46.077	-4.74318	48.7638	2.96816
9	91	-45.8041	-4.77501	48.4894	2.96784
9	92	-45.5291	-4.79013	48.216	2.96716
9	93	-45.2546	-4.78966	47.9458	2.96616
9	94	-45.0168	-4.77249	47.7147	2.96494
9	95	-44.8055	-4.74055	47.5123	2.96349
9	96	-44.6122	-4.6945	47.3303	2.96181
9	97	-44.431	-4.63279	47.1631	2.95984
9	98	-44.2498	-4.57962	46.9946	2.95803
9	99	-44.0881	-4.48482	46.8531	2.95541
9	100	-43.9374	-4.3426	46.7316	2.95182
9	101	-43.7955	-4.1858	46.6222	2.94794
9	102	-43.6565	-4.02679	46.5167	2.94401
9	103	-43.5195	-3.86893	46.4137	2.9401
9	104	-43.3842	-3.71242	46.3129	2.9362
9	105	-43.2526	-3.55639	46.2162	2.93232
9	106	-43.1243	-3.40074	46.1234	2.92844
9	107	-42.9983	-3.24588	46.0333	2.92457
9	108	-42.873	-3.09283	45.9443	2.92073
9	109	-42.7495	-2.94119	45.8573	2.91691
9	110	-42.6269	-2.79279	45.7712	2.91316
9	111	-42.5054	-2.64254	45.6872	2.90935
9	112	-42.3855	-2.49116	45.6057	2.90552
9	113	-42.2693	-2.33767	45.529	2.90164
9	114	-42.1512	-2.18638	45.4505	2.89779
9	115	-42.0312	-2.03687	45.3705	2.89395
9	116	-41.9174	-1.88342	45.2982	2.89005
9	117	-41.8029	-1.73254	45.2251	2.88619
9	118	-41.6893	-1.58444	45.153	2.88238
9	119	-41.5778	-1.43257	45.0845	2.87849
9	120	-41.4669	-1.27971	45.0175	2.87457
9	121	-41.3555	-1.12709	44.9506	2.87065
9	122	-41.2455	-0.973443	44.8862	2.86669
9	123	-41.1372	-0.818745	44.8242	2.86271
9	124	-41.0307	-0.663153	44.7651	2.85872
9	125	-40.9233	-0.509629	44.7052	2.85475
9	126	-40.8194	-0.356849	44.649	2.85081
9	127	-40.7198	-0.205809	44.5973	2.84692
9	128	-40.6224	-0.0559651	44.548	2.84307
9	129	-40.5297	0.0927128	44.5034	2.83927
9	130	-40.439	0.240891	44.4612	2.83548
9	131	-40.3537	0.390155	44.4252	2.83169
9	132	-40.2723	0.539453	44.3935	2.82793
9	133	-40.1968	0.689644	44.3683	2.82419
9	134	-40.1273	0.840786	44.3497	2.82046
9	135	-40.0609	0.99071	44.3344	2.81678
9	136	-40.0088	1.14414	44.3343	2.81312
9	137	-39.9564	1.29932	44.3351	2.80943
9	138	-39.9237	1.46415	44.3582	2.80568
9	139	-39.8948	1.63606	44.3879	2.80181
9	140	-39.8873	1.82069	44.4427	2.79783
9	141	-39.8901	2.00733	44.5086	2.79391
9	142	-39.909	2.1886	44.5884	2.79023
9	143	-39.9448	2.36515	44.683	2.78679
9	144	-39.989	2.5413	44.7859	2.78345
9	145	-40.0487	2.71433	44.9028	2.78031
9	146	-40.1086	2.88873	45.0207	2.77715
17	0	47.2895	-10.1548	45.4336	0.0661466
17	1	47.3508	-9.91433	45.5113	0.0713287
17	2	47.3924	-9.6918	45.5692	0.0761347
17	3	47.4179	-9.47884	45.6113	0.0807478
17	4	47.4259	-9.26894	45.6366	0.085318
17	5	47.4024	-9.0619	45.6313	0.0898827
17	6	47.3222	-8.85021	45.571	0.0946671
17	7	47.2014	-8.63727	45.4714	0.0995803
17	8	47.0817	-8.42345	45.3741	0.104532
17	9	46.9611	-8.21421	45.2766	0.109406
17	10	46.841	-8.01029	45.1799	0.114182
17	11	46.7245	-7.80903	45.0876	0.118912
17	12	46.6104	-7.60889	44.9986	0.123629
17	13	46.4942	-7.41067	44.9082	0.128328
17	14	46.3791	-7.2114	44.8201	0.133066
17	15	46.263	-7.01231	44.7319	0.137822
17	16	46.1481	-6.81587	44.6456	0.142534
17	17	46.0324	-6.62323	44.5589	0.147182
17	18	45.921	-6.42995	44.4775	0.151848
17	19	45.813	-6.23462	44.4008	0.156565
17	20	45.7017	-6.04004	44.3218	0.161292
17	21	45.589	-5.84545	44.2422	0.166043
17	22	45.4745	-5.6518	44.1618	0.170796
17	23	45.3631	-5.4597	44.0852	0.17552
17	24	45.2516	-5.27002	44.009	0.180206
17	25	45.1398	-5.08467	43.9327	0.184812
17	26	45.0289	-4.90131	43.8578	0.189387
17	27	44.9188	-4.71886	43.7845	0.193953
17	28	44.8072	-4.5388	43.7101	0.198487
17	29	44.6924	-4.36314	43.6326	0.202953
17	30	44.5777	-4.19362	43.5549	0.207296
17	31	44.4611	-4.03145	43.4746	0.211498
17	32	44.344	-3.87405	43.3935	0.215611
17	33	44.2227	-3.72293	43.3076	0.219619
17	34	44.0975	-3.57445	43.2181	0.223603
17	35	43.9607	-3.43531	43.1159	0.227454
17	36	43.808	-3.30518	42.9969	0.231203
17	37	43.6319	-3.18603	42.853	0.234851
17	38	43.4344	-3.07564	42.6869	0.238443
17	39	43.2335	-2.98682	42.5128	0.241589
17	40	43.0284	-2.91739	42.3305	0.244341
17	41	42.818	-2.86556	42.139	0.246742
17	42	42.6047	-2.82535	41.9421	0.248914
17	43	42.3894	-2.79357	41.7414	0.250922
17	44	42.1726	-2.76874	41.5375	0.252798
17	45	41.9538	-2.75117	41.3301	0.254533
17	46	41.7335	-2.74134	41.1195	0.256114
17	47	41.513	-2.74007	40.9065	0.257509
17	48	41.2938	-2.74718	40.6928	0.258712
17	49	41.077	-2.76234	40.4793	0.25972
17	50	40.8629	-2.78529	40.2665	0.260535
17	51	40.651	-2.81747	40.0535	0.261122
17	52	40.441	-2.86205	39.8391	0.261401
17	53	40.2336	-2.92418	39.6227	0.261239
17	54	40.0264	-3.00876	39.4007	0.260524
17	55	39.8202	-3.11763	39.1735	0.259194
17	56	39.6335	-3.24036	38.9616	0.257377
17	57	39.4625	-3.37687	38.7616	0.255095
17	58	39.307	-3.52784	38.5732	0.252324
17	59	39.1642	-3.69241	38.394	0.249102
17	60	39.0302	-3.8651	38.2218	0.245588
17	61	38.9013	-4.04215	38.054	0.241898
17	62	38.7765	-4.22254	37.8899	0.238065
17	63	38.655	-4.40538	37.729	0.234115
17	64	38.5374	-4.5897	37.5722	0.230069
17	65	38.4253	-4.77737	37.4205	0.225869
17	66	38.3191	-4.9658	37.2752	0.221581
17	67	38.2171	-5.15211	37.1351	0.21729
17	68	38.1184	-5.33525	36.9996	0.213032
17	69	38.0217	-5.51911	36.8665	0.208712
17	70	37.9281	-5.70375	36.737	0.204323
17	71	37.837	-5.88781	36.6108	0.199905
17	72	37.7517	-6.07708	36.49	0.195285
17	73	37.6721	-6.26818	36.3752	0.190556
17	74	37.6008	-6.45922	36.2695	0.185757
17	75	37.5347	-6.64705	36.1703	0.18099
17	76	37.4761	-6.83485	36.0792	0.176163
17	77	37.42	-7.02082	35.9918	0.171349
17	78	37.3736	-7.20856	35.9145	0.166418
17	79	37.3296	-7.39645	35.8404	0.161452
17	80	37.3006	-7.58799	35.7816	0.156298
17	81	37.2839	-7.78618	35.7347	0.150893
17	82	37.2907	-7.99294	35.7109	0.14514
17	83	37.3156	-8.21028	35.7048	0.139016
17	84	37.36	-8.41859	35.7205	0.133068
17	85	37.4198	-8.6202	35.7537	0.127257
17	86	37.4984	-8.81592	35.8073	0.121557
17	87	37.5938	-9.01005	35.8791	0.115864
17	88	37.6984	-9.20182	35.9614	0.110231
17	89	37.808	-9.39311	36.0498	0.104622
17	90	37.9206	-9.58433	36.1424	0.0990349
17	91	38.0372	-9.77499	36.2401	0.0934816
17	92	38.1561	-9.96414	36.3414	0.0879942
17	93	38.2747	-10.1519	36.4436	0.0825749
17	94	38.3933	-10.338	36.547	0.0772331
17	95	38.5137	-10.5222	36.6533	0.0719691
17	96	38.6354	-10.7058	36.762	0.0667507
17	97	38.7565	-10.8903	36.8711	0.061539
17	98	38.8792	-11.0734	36.9828	0.0563927
17	99	39.0035	-11.2538	37.0972	0.0513488
17	100	39.1284	-11.4314	37.2132	0.0464101
17	101	39.2509	-11.6085	37.3278	0.0415192
17	102	39.374	-11.784	37.4439	0.0366994
17	103	39.4994	-11.9578	37.5633	0.0319531
17	104	39.626	-12.131	37.6848	0.0272505
17	105	39.7526	-12.304	37.807	0.0225868
17	106	39.8805	-12.4744	37.9314	0.0180193
17	107	40.0059	-12.6409	38.0542	0.013584
17	108	40.1296	-12.8036	38.176	0.00927989
17	109	40.2517	-12.9636	38.2969	0.00507157
17	110	40.3731	-13.1197	38.4178	0.000994157
17	111	40.4973	-13.2702	38.5422	-0.00291523
17	112	40.6191	-13.4202	38.6647	-0.0067847
17	113	40.7563	-13.5499	38.803	-0.0101046
17	114	40.9188	-13.6429	38.9665	-0.0124495
17	115	41.1115	-13.7059	39.1601	-0.0139947
17	116	41.3197	-13.7533	39.3689	-0.0151255
17	117	41.5489	-13.7872	39.5986	-0.0158946
17	118	41.8069	-13.8107	39.857	-0.0163804
17	119	42.1028	-13.8221	40.153	-0.0165429
17	120	42.3974	-13.822	40.4476	-0.0164214
17	121	42.6919	-13.8088	40.7418	-0.0159789
17	122	42.9857	-13.7794	41.0351	-0.0151466
17	123	43.2756	-13.7321	41.3244	-0.0138959
17	124	43.559	-13.6687	41.6069	-0.0122777
17	125	43.8358	-13.592	41.8828	-0.010366
17	126	44.1073	-13.5031	42.1534	-0.00818981
17	127	44.3744	-13.4005	42.4198	-0.00572028
17	128	44.6356	-13.2822	42.6805	-0.00291309
17	129	44.8879	-13.148	42.9326	0.000228528
17	130	45.1294	-13.0007	43.1744	0.00364051
17	131	45.3608	-12.843	43.4067	0.00725403
17	132	45.584	-12.6759	43.6314	0.0110462
17	133	45.7999	-12.4981	43.8496	0.0150457
17	134	46.0072	-12.3074	44.0601	0.0193028
17	135	46.2027	-12.103	44.2601	0.023836
17	136	46.384	-11.8868	44.4469	0.0286008
17	137	46.5509	-11.6621	44.6208	0.0335282
17	138	46.7056	-11.4304	44.7837	0.0385837
17	139	46.8494	-11.1911	44.9372	0.0437803
17	140	46.9815	-10.943	45.0807	0.0491505
17	141	47.0997	-10.686	45.2121	0.0546996
17	142	47.2023	-10.4224	45.3297	0.0603832
18	0	-33.8374	-1.07007	37.7787	2.8159
18	1	-33.9379	-0.893736	37.9306	2.81235
18	2	-34.0405	-0.720631	38.0839	2.80892
18	3	-34.149	-0.55435	38.2409	2.80573
18	4	-34.2579	-0.392085	38.3974	2.80268
18	5	-34.3689	-0.234737	38.5546	2.79979
18	6	-34.4821	-0.0820364	38.7125	2.79705
18	7	-34.5963	0.0671633	38.8706	2.79443
18	8	-34.7146	0.211739	39.0311	2.79198
18	9	-34.8374	0.350307	39.194	2.78973
18	10	-34.9603	0.485976	39.3562	2.78757
18	11	-35.0904	0.611894	39.5219	2.78572
18	12	-35.2218	0.733787	39.6877	2.784
18	13	-35.3646	0.841538	39.8592	2.78272
18	14	-35.517	0.940883	40.0368	2.78173
18	15	-35.6837	1.0286	40.2237	2.78115
18	16	-35.8659	1.11017	40.423	2.78085
18	17	-36.054	1.17007	40.6201	2.78111
18	18	-36.2436	1.22507	40.8169	2.78148
18	19	-36.4401	1.25738	41.0122	2.78243
18	20	-36.6402	1.28644	41.2098	2.78348
18	21	-36.8424	1.29738	41.403	2.78495
18	22	-37.0435	1.30614	41.5946	2.78644
18	23	-37.2429	1.30362	41.7807	2.78815
18	24	-37.4398	1.29832	41.9637	2.78989
18	25	-37.6344	1.28601	42.1422	2.79176
18	26	-37.8277	1.26976	42.3183	2.79369
18	27	-38.0204	1.2477	42.492	2.79572
18	28	-38.2127	1.215	42.6619	2.79797
18	29	-38.4034	1.16805	42.8258	2.8005
18	30	-38.5918	1.10082	42.981	2.80344
18	31	-38.7795	1.0147	43.1298	2.80677
18	32	-38.9684	0.904141	43.2723	2.81062
18	33	-39.1431	0.780886	43.3977	2.81461
18	34	-39.304	0.642832	43.5061	2.8188
18	35	-39.4541	0.491684	43.601	2.82318
18	36	-39.5974	0.326764	43.6859	2.8278
18	37	-39.7377	0.155826	43.767	2.8325
18	38	-39.8761	-0.0206836	43.8457	2.8373
18	39	-40.0131	-0.199553	43.9234	2.84212
18	40	-40.1484	-0.379153	44.0001	2.84692
18	41	-40.282	-0.557751	44.0766	2.85168
18	42	-40.4144	-0.73484	44.1534	2.85638
18	43	-40.5439	-0.910431	44.2287	2.86101
18	44	-40.6731	-1.08484	44.3051	2.86561
18	45	-40.8044	-1.25876	44.3844	2.87018
18	46	-40.9297	-1.43881	44.4574	2.87484
18	47	-41.0557	-1.61613	44.5326	2.87943
18	48	-41.1847	-1.78839	44.613	2.8839
18	49	-41.3176	-1.95545	44.6993	2.88828
18	50	-41.4528	-2.12025	44.7894	2.89259
18	51	-41.5832	-2.29029	44.8743	2.89698
18	52	-41.7163	-2.46128	44.9624	2.90139
18	53	-41.8499	-2.63211	45.052	2.90578
18	54	-41.9824	-2.80398	45.1411	2.91017
18	55	-42.112	-2.97352	45.2288	2.91447
18	56	-42.2398	-3.1403	45.3162	2.91869
18	57	-42.3664	-3.30531	45.4035	2.92285
18	58	-42.4916	-3.47052	45.4903	2.927
18	59	-42.6168	-3.63659	45.5776	2.93114
18	60	-42.7391	-3.80304	45.6628	2.93526
18	61	-42.8596	-3.96892	45.7472	2.93935
18	62	-42.9763	-4.13184	45.8292	2.94335
18	63	-43.0879	-4.29191	45.9074	2.94725
18	64	-43.1942	-4.44932	45.9816	2.95105
18	65	-43.2961	-4.60422	46.0527	2.95477
18	66	-43.3904	-4.75745	46.1172	2.95842
18	67	-43.4748	-4.91078	46.1726	2.96202
18	68	-43.5671	-5.05449	46.2379	2.96543
18	69	-43.6126	-5.20395	46.2569	2.96878
18	70	-43.6153	-5.3706	46.2311	2.97234
18	71	-43.6297	-5.54495	46.2163	2.97612
18	72	-43.6229	-5.73113	46.1793	2.98007
18	73	-43.5949	-5.93407	46.1194	2.98431
18	74	-43.5438	-6.16007	46.0341	2.98899
18	75	-43.4679	-6.4168	45.9206	2.99426
18	76	-43.3796	-6.66838	45.797	2.99941
18	77	-43.2799	-6.9154	45.6639	3.00446
18	78	-43.1677	-7.15832	45.5201	3.00941
18	79	-43.0404	-7.39625	45.363	3.01424
18	80	-42.8962	-7.62634	45.1913	3.01888
18	81	-42.7361	-7.84528	45.006	3.02328
18	82	-42.5633	-8.05176	44.8104	3.0274
18	83	-42.3807	-8.24707	44.6071	3.03128
18	84	-42.189	-8.4332	44.3964	3.03497
18	85	-41.9873	-8.61089	44.1772	3.03848
18	86	-41.7741	-8.77881	43.9481	3.04179
18	87	-41.5494	-8.93432	43.7092	3.04481
18	88	-41.3153	-9.07568	43.4627	3.04753
18	89	-41.0744	-9.20348	43.211	3.04995
18	90	-40.8276	-9.31957	42.9547	3.05212
18	91	-40.5738	-9.42485	42.6926	3.05404
18	92	-40.3114	-9.51799	42.4231	3.05569
18	93	-40.0403	-9.5959	42.1464	3.05698
18	94	-39.763	-9.65625	41.865	3.05785
18	95	-39.4827	-9.69964	41.582	3.05833
18	96	-39.2007	-9.72863	41.2986	3.05846
18	97	-38.9159	-9.74475	41.0134	3.05828
18	98	-38.6272	-9.74733	40.7255	3.05775
18	99	-38.3353	-9.73393	40.4358	3.05682
18	100	-38.0431	-9.70393	40.1472	3.05545
18	101	-37.7925	-9.65848	39.9015	3.05378
18	102	-37.5738	-9.60746	39.6882	3.05202
18	103	-37.3811	-9.53987	39.5024	3.04988
18	104	-37.2009	-9.47854	39.3286	3.0479
18	105	-37.0433	-9.38515	39.1806	3.04515
18	106	-36.899	-9.28163	39.0472	3.04216
18	107	-36.7796	-9.13275	38.9434	3.03805
18	108	-36.6593	-8.97895	38.84	3.03379
18	109	-36.5375	-8.81844	38.7366	3.02933
18	110	-36.4192	-8.65048	38.6382	3.02467
18	111	-36.302	-8.4783	38.5424	3.01988
18	112	-36.1866	-8.30306	38.4496	3.01499
18	113	-36.0709	-8.12663	38.3575	3.01005
18	114	-35.955	-7.94848	38.2665	3.00503
18	115	-35.838	-7.76825	38.1757	2.99994
18	116	-35.7207	-7.5848	38.0859	2.99474
18	117	-35.6021	-7.39907	37.9963	2.98944
18	118	-35.4832	-7.21205	37.9077	2.98409
18	119	-35.3662	-7.02448	37.8221	2.97871
18	120	-35.2495	-6.8386	37.7376	2.97335
18	121	-35.1315	-6.65507	37.6526	2.96802
18	122	-35.0189	-6.46916	37.5743	2.96263
18	123	-34.9041	-6.28527	37.4946	2.95726
18	124	-34.7876	-6.10361	37.4139	2.95191
18	125	-34.6777	-5.92111	37.3409	2.94656
18	126	-34.5668	-5.73726	37.2683	2.94114
18	127	-34.4592	-5.5513	37.2004	2.93567
18	128	-34.35	-5.36647	37.1319	2.93019
18	129	-34.24	-5.18154	37.0637	2.92469
18	130	-34.1317	-4.99433	36.9988	2.91912
18	131	-34.0229	-4.80602	36.9348	2.9135
18	132	-33.913	-4.61549	36.8715	2.90779
18	133	-33.8039	-4.42216	36.8108	2.90199
18	134	-33.6981	-4.22734	36.7549	2.89616
18	135	-33.5972	-4.03186	36.705	2.89033
18	136	-33.5005	-3.83589	36.6607	2.88449
18	137	-33.4125	-3.63754	36.6267	2.87865
18	138	-33.3429	-3.43683	36.6123	2.87286
18	139	-33.293	-3.23026	36.6196	2.86706
18	140	-33.2601	-3.01701	36.6464	2.86121
18	141	-33.2472	-2.79519	36.696	2.85531
18	142	-33.2548	-2.58342	36.7636	2.84984
18	143	-33.2829	-2.38012	36.8495	2.84477
18	144	-33.331	-2.18425	36.9533	2.84009
18	145	-33.4008	-1.99324	37.0769	2.83573
18	146	-33.4785	-1.80522	37.208	2.83154
18	147	-33.564	-1.62011	37.3462	2.82751
18	148	-33.6503	-1.43457	37.4859	2.82352
18	149	-33.7432	-1.25179	37.6316	2.81968
25	0	39.7745	-15.1242	37.8704	-0.051947
25	1	39.8677	-14.8691	37.951	-0.0451071
25	2	39.9311	-14.6346	38.0045	-0.0388665
25	3	39.9672	-14.4126	38.0326	-0.0329975
25	4	39.9791	-14.1985	38.038	-0.0273614
25	5	39.9967	-13.9899	38.0505	-0.0218701
25	6	39.96	-13.7909	38.0101	-0.0166563
25	7	39.8675	-13.5905	37.9147	-0.0114119
25	8	39.7571	-13.3967	37.8026	-0.00631774
25	9	39.642	-13.2071	37.6868	-0.001307
25	10	39.5276	-13.0191	37.5726	0.00369313
25	11	39.4136	-12.8325	37.4597	0.00868626
25	12	39.2982	-12.648	37.3464	0.0136515
25	13	39.1825	-12.4655	37.2336	0.0185943
25	14	39.0683	-12.2832	37.1233	0.0235614
25	15	38.9512	-12.1026	37.011	0.028516
25	16	38.8322	-11.9239	36.8975	0.0334498
25	17	38.7123	-11.7462	36.7841	0.0383855
25	18	38.5932	-11.5679	36.6725	0.0433687
25	19	38.4728	-11.3898	36.5604	0.0483786
25	20	38.3519	-11.2117	36.4486	0.05342
25	21	38.2304	-11.0346	36.3372	0.0584649
25	22	38.1089	-10.8594	36.2267	0.0634888
25	23	37.9883	-10.6861	36.1177	0.0684899
25	24	37.8669	-10.5154	36.0087	0.0734486
25	25	37.7452	-10.3464	35.9002	0.0783937
25	26	37.6219	-10.1796	35.7908	0.0833093
25	27	37.4978	-10.0149	35.6812	0.0881983
25	28	37.3707	-9.8553	35.5691	0.0929827
25	29	37.2425	-9.70055	35.4562	0.0976641
25	30	37.11	-9.55404	35.339	0.102156
25	31	36.9801	-9.41154	35.2247	0.106556
25	32	36.8463	-9.27697	35.1062	0.110773
25	33	36.7126	-9.14398	34.9883	0.114973
25	34	36.5683	-9.02029	34.8595	0.118973
25	35	36.4114	-8.90452	34.7177	0.12282
25	36	36.2327	-8.80294	34.5529	0.126372
25	37	36.0332	-8.71209	34.3667	0.129726
25	38	35.8303	-8.64426	34.1744	0.132462
25	39	35.6253	-8.59774	33.9774	0.134616
25	40	35.4175	-8.56917	33.7754	0.13628
25	41	35.2087	-8.55298	33.5707	0.137603
25	42	35.0003	-8.54421	33.3655	0.13872
25	43	34.792	-8.5408	33.1598	0.13969
25	44	34.5832	-8.5407	32.953	0.140576
25	45	34.3743	-8.54585	32.7454	0.141314
25	46	34.1658	-8.55555	32.5377	0.141921
25	47	33.9586	-8.57047	32.3304	0.142371
25	48	33.7542	-8.59103	32.1252	0.14264
25	49	33.5533	-8.61597	31.9228	0.142761
25	50	33.3554	-8.64378	31.723	0.142781
25	51	33.1596	-8.67431	31.5248	0.142707
25	52	32.9653	-8.70896	31.3275	0.142494
25	53	32.7725	-8.75018	31.1308	0.142062
25	54	32.5811	-8.79853	30.9346	0.141391
25	55	32.3937	-8.86179	30.7402	0.140213
25	56	32.2093	-8.93708	30.5471	0.138616
25	57	32.0302	-9.03323	30.3565	0.136294
25	58	31.852	-9.14312	30.1651	0.133488
25	59	31.6981	-9.26731	29.9962	0.130067
25	60	31.5591	-9.393	29.8423	0.126495
25	61	31.4405	-9.53312	29.7072	0.12232
25	62	31.3262	-9.67469	29.5767	0.118041
25	63	31.2188	-9.8239	29.4528	0.113439
25	64	31.1107	-9.9766	29.3285	0.108683
25	65	31.0076	-10.1366	29.209	0.103622
25	66	30.9081	-10.3014	29.0934	0.0983396
25	67	30.8165	-10.4713	28.986	0.0928183
25	68	30.7248	-10.6452	28.879	0.0871157
25	69	30.6368	-10.8237	28.7763	0.0812036
25	70	30.5492	-11.0036	28.6749	0.075197
25	71	30.4662	-11.1857	28.5791	0.0690626
25	72	30.3855	-11.3672	28.4866	0.0629
25	73	30.3064	-11.5536	28.3965	0.0565257
25	74	30.2286	-11.7422	28.3087	0.0500282
25	75	30.1558	-11.9317	28.2272	0.043451
25	76	30.0834	-12.1237	28.1472	0.0367478
25	77	30.0137	-12.3172	28.071	0.0299533
25	78	29.9465	-12.5108	27.9987	0.0231101
25	79	29.8802	-12.7077	27.9286	0.0161178
25	80	29.8165	-12.9079	27.8623	0.00897216
25	81	29.7583	-13.1111	27.8031	0.00168229
25	82	29.7065	-13.3161	27.7517	-0.00570355
25	83	29.6621	-13.5225	27.7092	-0.0131591
25	84	29.6266	-13.7283	27.6772	-0.0206112
25	85	29.6042	-13.9333	27.6598	-0.02804
25	86	29.6004	-14.1383	27.6625	-0.0354522
25	87	29.6164	-14.3464	27.6866	-0.042941
25	88	29.6506	-14.5599	27.7308	-0.0505796
25	89	29.7007	-14.7641	27.7919	-0.0578264
25	90	29.768	-14.9616	27.8712	-0.0647616
25	91	29.8595	-15.1516	27.9754	-0.0713304
25	92	29.9711	-15.3359	28.1004	-0.0775862
25	93	30.0933	-15.5144	28.2366	-0.083555
25	94	30.2204	-15.6883	28.3782	-0.089289
25	95	30.3478	-15.8591	28.5208	-0.0948529
25	96	30.4759	-16.0278	28.6646	-0.100292
25	97	30.6044	-16.1957	28.8097	-0.10564
25	98	30.7341	-16.3628	28.9567	-0.110908
25	99	30.8648	-16.5296	29.1055	-0.116106
25	100	30.9965	-16.6952	29.2558	-0.121206
25	101	31.128	-16.8589	29.4065	-0.126192
25	102	31.2591	-17.0198	29.5573	-0.131033
25	103	31.3895	-17.1781	29.7075	-0.135745
25	104	31.5191	-17.3348	29.8575	-0.140356
25	105	31.6486	-17.4903	30.0078	-0.144883
25	106	31.7785	-17.6449	30.1589	-0.149335
25	107	31.9092	-17.7981	30.3112	-0.153693
25	108	32.0402	-17.949	30.464	-0.157928
25	109	32.1709	-18.0965	30.6166	-0.162013
25	110	32.3009	-18.2398	30.7683	-0.165928
25	111	32.4296	-18.3794	30.9184	-0.169694
25	112	32.5578	-18.5151	31.0679	-0.173304
25	113	32.6839	-18.6465	31.215	-0.176752
25	114	32.8107	-18.7719	31.3621	-0.179978
25	115	32.9313	-18.8996	31.5037	-0.18328
25	116	33.0715	-18.997	31.6593	-0.185501
25	117	33.2181	-19.0794	31.8187	-0.187195
25	118	33.4008	-19.1042	32.0029	-0.186894
25	119	33.5923	-19.1321	32.1962	-0.18664
25	120	33.8033	-19.1373	32.4045	-0.185588
25	121	34.0402	-19.1376	32.6374	-0.184258
25	122	34.3106	-19.1203	32.9001	-0.182236
25	123	34.6033	-19.0901	33.1826	-0.179743
25	124	34.8963	-19.0486	33.4636	-0.176958
25	125	35.1899	-18.9938	33.7431	-0.173825
25	126	35.4817	-18.9228	34.0185	-0.170288
25	127	35.7682	-18.8362	34.2865	-0.16638
25	128	36.0482	-18.7368	34.5464	-0.162202
25	129	36.323	-18.627	34.8001	-0.157812
25	130	36.594	-18.506	35.0492	-0.153189
25	131	36.8609	-18.3718	35.2929	-0.148277
25	132	37.1207	-18.2235	35.5284	-0.143068
25	133	37.3712	-18.0633	35.7541	-0.137635
25	134	37.6132	-17.8941	35.9712	-0.132052
25	135	37.8488	-17.7163	36.1818	-0.126323
25	136	38.0784	-17.5279	36.3865	-0.120391
25	137	38.3001	-17.3265	36.5831	-0.114198
25	138	38.5102	-17.1125	36.7682	-0.107764
25	139	38.7072	-16.8892	36.9408	-0.10118
25	140	38.8929	-16.6591	37.1032	-0.094507
25	141	39.0693	-16.4222	37.2573	-0.0877277
25	142	39.2363	-16.1764	37.403	-0.0807915
25	143	39.3912	-15.9213	37.5378	-0.0736848
25	144	39.5319	-15.6592	37.6598	-0.0664687
25	145	39.6592	-15.3932	37.7701	-0.0592174
26	0	-26.8669	-7.75209	29.3247	2.95619
26	1	-26.9282	-7.52403	29.4278	2.94896
26	2	-26.9945	-7.29617	29.5372	2.94182
26	3	-27.067	-7.0696	29.654	2.93481
26	4	-27.1458	-6.84634	29.7776	2.92802
26	5	-27.2296	-6.62736	29.9066	2.92146
26	6	-27.3172	-6.41151	30.0398	2.91508
26	7	-27.4062	-6.19813	30.175	2.90885
26	8	-27.4979	-5.98529	30.3139	2.90272
26	9	-27.5927	-5.77505	30.4563	2.89675
26	10	-27.6917	-5.5688	30.6029	2.89099
26	11	-27.7952	-5.36795	30.7534	2.8855
26	12	-27.9028	-5.17251	30.9074	2.88027
26	13	-28.0122	-4.98253	31.0625	2.87527
26	14	-28.125	-4.79678	31.2207	2.87048
26	15	-28.2439	-4.61488	31.3843	2.86591
26	16	-28.3687	-4.43877	31.5525	2.86161
26	17	-28.503	-4.27112	31.7282	2.85771
26	18	-28.6523	-4.11534	31.9153	2.85433
26	19	-28.8216	-3.97056	32.1189	2.8515
26	20	-29.0111	-3.83638	32.339	2.8492
26	21	-29.2071	-3.72203	32.5596	2.84757
26	22	-29.4117	-3.62859	32.7825	2.84665
26	23	-29.6279	-3.55329	33.0113	2.84638
26	24	-29.8517	-3.49194	33.2433	2.84657
26	25	-30.0815	-3.44362	33.4772	2.84718
26	26	-30.3142	-3.40817	33.7102	2.84818
26	27	-30.5468	-3.38383	33.9399	2.84948
26	28	-30.7772	-3.36882	34.1649	2.851
26	29	-31.0055	-3.36241	34.3855	2.85272
26	30	-31.2324	-3.36636	34.602	2.8547
26	31	-31.4571	-3.38701	34.8117	2.85709
26	32	-31.6799	-3.43119	35.0133	2.86009
26	33	-31.902	-3.50092	35.2075	2.86375
26	34	-32.1228	-3.59688	35.3939	2.86806
26	35	-32.3197	-3.70921	35.5535	2.8726
26	36	-32.4919	-3.83862	35.6855	2.87738
26	37	-32.6453	-3.98248	35.7965	2.88238
26	38	-32.7885	-4.13496	35.8963	2.88751
26	39	-32.9271	-4.29346	35.9911	2.89274
26	40	-33.065	-4.45805	36.0847	2.8981
26	41	-33.2002	-4.62844	36.1754	2.90357
26	42	-33.3338	-4.80567	36.264	2.90919
26	43	-33.4662	-4.98947	36.3511	2.91495
26	44	-33.5953	-5.17725	36.4353	2.92077
26	45	-33.7225	-5.3677	36.5184	2.92662
26	46	-33.8505	-5.5605	36.6029	2.93251
26	47	-33.9784	-5.75413	36.6885	2.9384
26	48	-34.1074	-5.95013	36.7759	2.94433
26	49	-34.2345	-6.14709	36.8626	2.95024
26	50	-34.3592	-6.3441	36.9482	2.95612
26	51	-34.482	-6.53992	37.0334	2.96193
26	52	-34.6034	-6.73485	37.1186	2.96768
26	53	-34.7247	-6.93009	37.2049	2.97341
26	54	-34.8462	-7.1271	37.2923	2.97916
26	55	-34.9674	-7.32615	37.3804	2.98494
26	56	-35.0873	-7.5265	37.4682	2.99072
26	57	-35.2058	-7.72685	37.5558	2.99647
26	58	-35.3236	-7.92709	37.6441	3.00219
26	59	-35.442	-8.12843	37.734	3.00791
26	60	-35.5616	-8.33284	37.8259	3.01369
26	61	-35.6816	-8.54173	37.9189	3.01955
26	62	-35.7998	-8.75472	38.0109	3.02549
26	63	-35.9145	-8.96961	38.1007	3.03144
26	64	-36.0255	-9.18461	38.1881	3.03736
26	65	-36.1328	-9.40055	38.273	3.04326
26	66	-36.2192	-9.61813	38.3382	3.04913
26	67	-36.2536	-9.83217	38.3534	3.05477
26	68	-36.2388	-10.0543	38.3199	3.06051
26	69	-36.1964	-10.2814	38.2599	3.06634
26	70	-36.1285	-10.5188	38.1751	3.07241
26	71	-36.031	-10.7721	38.0611	3.07887
26	72	-35.8997	-11.0482	37.9137	3.08592
26	73	-35.7554	-11.3162	37.7556	3.09279
26	74	-35.5991	-11.5777	37.5876	3.09954
26	75	-35.428	-11.8332	37.4068	3.10617
26	76	-35.2396	-12.0793	37.2105	3.1126
26	77	-35.0355	-12.3113	37.0005	3.11871
26	78	-34.8207	-12.5289	36.7813	3.12449
26	79	-34.5973	-12.7352	36.555	3.13003
26	80	-34.3637	-12.9319	36.3196	3.13537
26	81	-34.1173	-13.1172	36.0726	3.14047
26	82	-33.8588	-13.2869	35.8143	-3.13799
26	83	-33.5923	-13.4397	35.5487	-3.13366
26	84	-33.3203	-13.5781	35.2781	-3.12968
26	85	-33.0415	-13.704	35.001	-3.12599
26	86	-32.753	-13.8158	34.7145	-3.12264
26	87	-32.4554	-13.9085	34.4188	-3.11978
26	88	-32.154	-13.9802	34.1191	-3.11749
26	89	-31.853	-14.0338	33.8196	-3.11569
26	90	-31.591	-14.064	33.5585	-3.11459
26	91	-31.3562	-14.0755	33.3241	-3.11405
26	92	-31.142	-14.0712	33.1098	-3.114
26	93	-30.941	-14.0478	32.9083	-3.11454
26	94	-30.7548	-13.9946	32.7208	-3.11602
26	95	-30.5845	-13.903	32.5483	-3.1187
26	96	-30.4192	-13.7823	32.3805	-3.12231
26	97	-30.2558	-13.6533	32.2149	-3.12621
26	98	-30.0926	-13.519	32.0499	-3.13032
26	99	-29.9281	-13.3805	31.8841	-3.13461
26	100	-29.7618	-13.2385	31.7171	-3.13905
26	101	-29.5924	-13.0918	31.5478	3.1395
26	102	-29.4235	-12.9396	31.3796	3.13464
26	103	-29.2561	-12.7817	31.2137	3.12954
26	104	-29.091	-12.6198	31.051	3.12427
26	105	-28.9279	-12.4561	30.8911	3.11887
26	106	-28.7651	-12.2916	30.7326	3.1134
26	107	-28.601	-12.1258	30.5737	3.10783
26	108	-28.4352	-11.9571	30.4142	3.1021
26	109	-28.2686	-11.7842	30.2551	3.09617
26	110	-28.103	-11.6074	30.0982	3.09006
26	111	-27.9392	-11.4283	29.9445	3.0838
26	112	-27.7764	-11.2479	29.7929	3.07744
26	113	-27.6136	-11.0654	29.6428	3.07095
26	114	-27.4535	-10.8797	29.4969	3.06428
26	115	-27.2985	-10.6884	29.3578	3.05738
26	116	-27.1526	-10.491	29.2298	3.05023
26	117	-27.02	-10.2879	29.117	3.04287
26	118	-26.9041	-10.08	29.0231	3.03534
26	119	-26.8098	-9.86462	28.9529	3.0276
26	120	-26.7366	-9.63838	28.9069	3.01954
26	121	-26.6827	-9.39906	28.8836	3.01109
26	122	-26.6525	-9.16125	28.8856	3.00279
26	123	-26.6478	-8.92355	28.9148	2.99462
26	124	-26.6682	-8.68499	28.9709	2.98658
26	125	-26.7064	-8.44723	29.0462	2.9787
26	126	-26.7548	-8.21211	29.1329	2.971
26	127	-26.809	-7.9809	29.2264	2.96352
32	0	32.3935	-20.127	31.2259	-0.225082
32	1	32.4121	-19.9279	31.2002	-0.218728
32	2	32.4099	-19.7378	31.1573	-0.212787
32	3	32.4031	-19.5513	31.1118	-0.206973
32	4	32.3576	-19.3727	31.031	-0.201643
32	5	32.2705	-19.1945	30.9105	-0.196559
32	6	32.146	-19.0191	30.7544	-0.191756
32	7	32.0189	-18.8457	30.597	-0.186984
32	8	31.8903	-18.6755	30.4393	-0.182275
32	9	31.7641	-18.5068	30.2849	-0.177554
32	10	31.6362	-18.3411	30.1302	-0.17289
32	11	31.5067	-18.178	29.9749	-0.168271
32	12	31.3767	-18.0157	29.8198	-0.163636
32	13	31.2474	-17.8528	29.666	-0.158929
32	14	31.1171	-17.6908	29.5121	-0.154207
32	15	30.988	-17.5292	29.3599	-0.149445
32	16	30.859	-17.37	29.209	-0.14471
32	17	30.7295	-17.2141	29.0587	-0.140047
32	18	30.6003	-17.0608	28.9097	-0.13542
32	19	30.4721	-16.9087	28.7624	-0.130781
32	20	30.3434	-16.7582	28.6156	-0.126151
32	21	30.2136	-16.6098	28.4684	-0.121554
32	22	30.0829	-16.464	28.3213	-0.117005
32	23	29.9504	-16.3231	28.1736	-0.112585
32	24	29.8172	-16.1876	28.0262	-0.108318
32	25	29.6831	-16.0586	27.8792	-0.104235
32	26	29.5484	-15.9357	27.7326	-0.100333
32	27	29.4157	-15.8175	27.589	-0.096553
32	28	29.2799	-15.7081	27.4434	-0.0930608
32	29	29.1443	-15.6007	27.2985	-0.0896069
32	30	29.0025	-15.5004	27.1485	-0.0863955
32	31	28.847	-15.4162	26.9864	-0.0837825
32	32	28.6784	-15.3374	26.8118	-0.0813816
32	33	28.4889	-15.2836	26.6187	-0.0799432
32	34	28.2931	-15.2347	26.4196	-0.07869
32	35	28.0955	-15.2121	26.2209	-0.0784265
32	36	27.8996	-15.1965	26.0243	-0.0784175
32	37	27.7029	-15.2005	25.8286	-0.0791674
32	38	27.5063	-15.2066	25.6331	-0.0800132
32	39	27.3101	-15.2235	25.4389	-0.081289
32	40	27.1132	-15.2414	25.2441	-0.0826313
32	41	26.9166	-15.2676	25.0504	-0.0843218
32	42	26.7203	-15.2975	24.8573	-0.0861859
32	43	26.525	-15.3341	24.666	-0.0883444
32	44	26.3328	-15.3774	24.4783	-0.0907971
32	45	26.1441	-15.425	24.2948	-0.0934542
32	46	25.9601	-15.4799	24.1169	-0.0964339
32	47	25.7791	-15.5371	23.9424	-0.0995371
32	48	25.6011	-15.5989	23.7715	-0.10287
32	49	25.4288	-15.6739	23.608	-0.106779
32	50	25.257	-15.7555	23.4461	-0.11102
32	51	25.0953	-15.8646	23.2979	-0.116443
32	52	24.9289	-15.9817	23.1465	-0.122302
32	53	24.7897	-16.1148	23.0251	-0.128781
32	54	24.6586	-16.2481	22.9127	-0.135283
32	55	24.5533	-16.396	22.8289	-0.142324
32	56	24.4561	-16.5488	22.7549	-0.149576
32	57	24.3705	-16.7081	22.6946	-0.15708
32	58	24.2908	-16.8703	22.6419	-0.164708
32	59	24.2136	-17.0343	22.5934	-0.172429
32	60	24.1433	-17.2021	22.5536	-0.180293
32	61	24.0735	-17.3735	22.5164	-0.188336
32	62	24.0097	-17.5505	22.4876	-0.196602
32	63	23.9496	-17.7313	22.4648	-0.205015
32	64	23.8961	-17.9148	22.4506	-0.213504
32	65	23.8459	-18.1029	22.4423	-0.222169
32	66	23.7984	-18.2938	22.4388	-0.230935
32	67	23.7555	-18.4865	22.4421	-0.239731
32	68	23.7164	-18.6796	22.4508	-0.248498
32	69	23.683	-18.8723	22.4666	-0.257179
32	70	23.6518	-19.0687	22.4873	-0.26598
32	71	23.6247	-19.2686	22.5146	-0.274863
32	72	23.602	-19.4709	22.5485	-0.283767
32	73	23.5868	-19.6739	22.5916	-0.292583
32	74	23.5756	-19.8792	22.641	-0.301408
32	75	23.5709	-20.0851	22.6985	-0.310134
32	76	23.5714	-20.2903	22.7624	-0.31871
32	77	23.5753	-20.4957	22.8314	-0.327201
32	78	23.5844	-20.7015	22.9069	-0.335579
32	79	23.5993	-20.9073	22.9895	-0.343821
32	80	23.6245	-21.1121	23.083	-0.351807
32	81	23.6618	-21.3144	23.1884	-0.359441
32	82	23.7187	-21.5111	23.3114	-0.366482
32	83	23.7939	-21.7035	23.4511	-0.372991
32	84	23.8887	-21.8922	23.6086	-0.37897
32	85	23.9916	-22.0603	23.7667	-0.383939
32	86	24.1028	-22.2108	23.9263	-0.388032
32	87	24.2217	-22.343	24.0865	-0.391246
32	88	24.3497	-22.4638	24.251	-0.393835
32	89	24.4844	-22.5786	24.4196	-0.396062
32	90	24.6247	-22.6914	24.5925	-0.398094
32	91	24.7713	-22.8033	24.7711	-0.399963
32	92	24.9253	-22.9146	24.9563	-0.401669
32	93	25.0857	-23.0226	25.1462	-0.403126
32	94	25.2524	-23.1259	25.3401	-0.404294
32	95	25.423	-23.2263	25.5364	-0.405284
32	96	25.5965	-23.3237	25.7343	-0.406101
32	97	25.7713	-23.4206	25.9331	-0.406873
32	98	25.9481	-23.5162	26.1334	-0.407556
32	99	26.1266	-23.612	26.3352	-0.408208
32	100	26.3073	-23.7067	26.5387	-0.408778
32	101	26.4895	-23.8002	26.7431	-0.409281
32	102	26.6727	-23.8912	26.9473	-0.409673
32	103	26.8555	-23.9792	27.15	-0.409963
32	104	27.0405	-24.0675	27.3549	-0.41023
32	105	27.2271	-24.1566	27.5616	-0.410493
32	106	27.4159	-24.2462	27.7704	-0.410739
32	107	27.6072	-24.3358	27.9815	-0.410946
32	108	27.8009	-24.424	28.1944	-0.411068
32	109	27.9979	-24.5088	28.4089	-0.411032
32	110	28.1997	-24.5764	28.6209	-0.410381
32	111	28.3884	-24.5878	28.7985	-0.40813
32	112	28.5767	-24.5433	28.9539	-0.404137
32	113	28.7698	-24.5072	29.1175	-0.400391
32	114	28.9651	-24.4488	29.2749	-0.395953
32	115	29.1684	-24.3672	29.4314	-0.390731
32	116	29.3871	-24.2589	29.5929	-0.384532
32	117	29.63	-24.1185	29.7662	-0.377099
32	118	29.8687	-23.9659	29.9328	-0.369423
32	119	30.1014	-23.8001	30.0909	-0.361492
32	120	30.3248	-23.6213	30.2376	-0.353348
32	121	30.537	-23.432	30.3723	-0.345083
32	122	30.739	-23.2348	30.4967	-0.336757
32	123	30.9325	-23.0303	30.6129	-0.328363
32	124	31.1183	-22.8176	30.7212	-0.319858
32	125	31.2949	-22.5958	30.8203	-0.311224
32	126	31.4607	-22.3657	30.9089	-0.302495
32	127	31.6154	-22.1293	30.9873	-0.293725
32	128	31.7601	-21.8875	31.057	-0.284924
32	129	31.8955	-21.6396	31.1184	-0.276055
32	130	32.0206	-21.384	31.1704	-0.267072
32	131	32.1325	-21.1205	31.2101	-0.257982
32	132	32.2294	-20.8516	31.2364	-0.248869
32	133	32.3101	-20.5804	31.2491	-0.239821
32	134	32.364	-20.3421	31.2459	-0.232002
33	0	-19.9183	-15.0356	21.9541	-3.05596
33	1	-19.9616	-14.8572	21.9826	-3.06421
33	2	-20.01	-14.677	22.0177	-3.07254
33	3	-20.0864	-14.4968	22.0823	-3.08092
33	4	-20.1904	-14.3068	22.1754	-3.08976
33	5	-20.3485	-14.1019	22.3238	-3.09929
33	6	-20.4937	-13.8516	22.4597	-3.1107
33	7	-20.5674	-13.6083	22.5272	-3.1216
33	8	-20.6084	-13.3656	22.5646	-3.13239
33	9	-20.6399	-13.1264	22.5952	3.1402
33	10	-20.6792	-12.8923	22.636	3.12986
33	11	-20.7229	-12.6623	22.6836	3.11975
33	12	-20.7742	-12.4388	22.7408	3.10997
33	13	-20.8382	-12.2224	22.8127	3.10057
33	14	-20.9234	-12.019	22.907	3.09186
33	15	-21.0325	-11.825	23.0263	3.08368
33	16	-21.1628	-11.6373	23.168	3.07592
33	17	-21.3189	-11.4564	23.3363	3.06862
33	18	-21.4866	-11.2985	23.5155	3.06244
33	19	-21.6667	-11.1681	23.7056	3.05756
33	20	-21.8599	-11.0622	23.9071	3.05382
33	21	-22.0597	-10.9728	24.1142	3.05086
33	22	-22.263	-10.8944	24.3238	3.0484
33	23	-22.4676	-10.8222	24.5343	3.04625
33	24	-22.6733	-10.7536	24.7456	3.04428
33	25	-22.8805	-10.687	24.9584	3.04243
33	26	-23.0901	-10.6224	25.1733	3.0407
33	27	-23.3024	-10.5607	25.3908	3.03913
33	28	-23.5177	-10.5042	25.6108	3.03779
33	29	-23.7347	-10.4537	25.8319	3.03672
33	30	-23.952	-10.4091	26.0527	3.03589
33	31	-24.1688	-10.3696	26.2725	3.03526
33	32	-24.3853	-10.3347	26.4914	3.03482
33	33	-24.6021	-10.3056	26.7101	3.0346
33	34	-24.8202	-10.2852	26.9291	3.03472
33	35	-25.0394	-10.2804	27.1476	3.0354
33	36	-25.2597	-10.297	27.3649	3.03686
33	37	-25.4822	-10.3378	27.582	3.03917
33	38	-25.7076	-10.4019	27.7998	3.04229
33	39	-25.9142	-10.4841	27.9974	3.04595
33	40	-26.0998	-10.5825	28.173	3.05005
33	41	-26.2682	-10.6964	28.3306	3.0546
33	42	-26.4283	-10.8161	28.48	3.05928
33	43	-26.5819	-10.9419	28.623	3.0641
33	44	-26.7338	-11.0692	28.765	3.06892
33	45	-26.8852	-11.2029	28.9066	3.07391
33	46	-27.0396	-11.3402	29.0518	3.07899
33	47	-27.1955	-11.4839	29.1987	3.08423
33	48	-27.3536	-11.6322	29.3486	3.08958
33	49	-27.5126	-11.7846	29.4998	3.09503
33	50	-27.6717	-11.9395	29.652	3.10049
33	51	-27.8314	-12.0947	29.8057	3.10592
33	52	-27.9898	-12.2524	29.9587	3.11137
33	53	-28.1492	-12.4111	30.1137	3.11679
33	54	-28.3103	-12.5713	30.2713	3.12222
33	55	-28.4722	-12.7347	30.4304	3.12769
33	56	-28.6355	-12.9	30.5918	3.13316
33	57	-28.797	-13.0679	30.7524	3.13867
33	58	-28.9578	-13.2354	30.9131	-3.13908
33	59	-29.1155	-13.4032	31.0717	-3.1337
33	60	-29.2763	-13.5713	31.2343	-3.12835
33	61	-29.4401	-13.741	31.4008	-3.12302
33	62	-29.6053	-13.9148	31.5696	-3.11761
33	63	-29.7726	-14.091	31.7416	-3.11219
33	64	-29.9352	-14.2722	31.9099	-3.10666
33	65	-30.0708	-14.4593	32.0525	-3.10098
33	66	-30.157	-14.6553	32.1472	-3.095
33	67	-30.2055	-14.8658	32.206	-3.08854
33	68	-30.2351	-15.0845	32.248	-3.08181
33	69	-30.2511	-15.3168	32.2786	-3.07466
33	70	-30.2529	-15.5715	32.2984	-3.06679
33	71	-30.2365	-15.8582	32.3048	-3.0579
33	72	-30.2079	-16.1465	32.3018	-3.04894
33	73	-30.1659	-16.4354	32.2879	-3.03991
33	74	-30.1093	-16.7219	32.2621	-3.03089
33	75	-30.0401	-17.0038	32.2257	-3.02196
33	76	-29.9607	-17.2813	32.1812	-3.01311
33	77	-29.8719	-17.5558	32.1296	-3.00428
33	78	-29.7723	-17.8283	32.0695	-2.99544
33	79	-29.6598	-18.0975	31.9986	-2.9866
33	80	-29.534	-18.3607	31.9162	-2.97785
33	81	-29.3972	-18.6163	31.8241	-2.96922
33	82	-29.252	-18.865	31.7248	-2.96071
33	83	-29.0991	-19.1085	31.6194	-2.95227
33	84	-28.9374	-19.3475	31.5067	-2.94385
33	85	-28.7651	-19.5811	31.3847	-2.93547
33	86	-28.582	-19.807	31.2528	-2.9272
33	87	-28.3899	-20.0237	31.1122	-2.91908
33	88	-28.1908	-20.232	30.9649	-2.9111
33	89	-27.9847	-20.4335	30.8113	-2.9032
33	90	-27.7702	-20.6288	30.6499	-2.89536
33	91	-27.5454	-20.8158	30.4784	-2.88761
33	92	-27.3107	-20.9915	30.2963	-2.88005
33	93	-27.0684	-21.1526	30.1046	-2.8728
33	94	-26.8466	-21.275	29.9239	-2.86689
33	95	-26.6385	-21.3662	29.7486	-2.86204
33	96	-26.438	-21.432	29.5743	-2.85803
33	97	-26.2402	-21.4755	29.3968	-2.85473
33	98	-26.0483	-21.5284	29.2278	-2.85114
33	99	-25.8512	-21.5242	29.0379	-2.84933
33	100	-25.6371	-21.458	28.8137	-2.84939
33	101	-25.4159	-21.3966	28.5842	-2.84922
33	102	-25.1964	-21.3259	28.3537	-2.84937
33	103	-24.9788	-21.2495	28.1233	-2.84974
33	104	-24.764	-21.1706	27.8949	-2.85024
33	105	-24.5524	-21.0913	27.6694	-2.85079
33	106	-24.3434	-21.0123	27.4465	-2.85136
33	107	-24.1361	-20.933	27.2252	-2.85197
33	108	-23.9299	-20.8529	27.0047	-2.85264
33	109	-23.7247	-20.7716	26.7849	-2.85336
33	110	-23.5216	-20.6894	26.5668	-2.85416
33	111	-23.3217	-20.6066	26.3516	-2.85502
33	112	-23.1255	-20.5243	26.1402	-2.85592
33	113	-22.9335	-20.4422	25.9329	-2.85687
33	114	-22.745	-20.3607	25.729	-2.85785
33	115	-22.5602	-20.2774	25.5283	-2.85896
33	116	-22.3781	-20.1932	25.33	-2.86014
33	117	-22.2001	-20.1047	25.1344	-2.86156
33	118	-22.0251	-20.014	24.9412	-2.86312
33	119	-21.856	-19.9164	24.7519	-2.86503
33	120	-21.6907	-19.8177	24.5659	-2.86706
33	121	-21.5336	-19.7094	24.3854	-2.86958
33	122	-21.3816	-19.594	24.2081	-2.87249
33	123	-21.239	-19.4557	24.0341	-2.87646
33	124	-21.1002	-19.2985	23.8592	-2.88129
33	125	-20.9702	-19.1262	23.6896	-2.88691
33	126	-20.8439	-18.9466	23.5225	-2.89295
33	127	-20.7184	-18.749	23.3529	-2.89982
33	128	-20.5637	-18.5367	23.1524	-2.90713
33	129	-20.3609	-18.3183	22.905	-2.91435
33	130	-20.225	-18.1164	22.7278	-2.92165
33	131	-20.1311	-17.9228	22.5945	-2.92911
33	132	-20.0627	-17.7327	22.4882	-2.93673
33	133	-20.0115	-17.5427	22.4001	-2.94457
33	134	-19.9694	-17.3509	22.322	-2.95263
33	135	-19.9351	-17.156	22.2525	-2.96094
33	136	-19.904	-16.9587	22.1873	-2.96943
33	137	-19.8811	-16.7587	22.1313	-2.97816
33	138	-19.862	-16.5575	22.0805	-2.98701
33	139	-19.8525	-16.3568	22.0412	-2.99594
33	140	-19.8447	-16.1595	22.0057	-3.00476
33	141	-19.8454	-15.9641	21.9805	-3.01357
33	142	-19.8504	-15.7721	21.9618	-3.02227
33	143	-19.8579	-15.5847	21.9477	-3.03079
33	144	-19.8747	-15.3992	21.9447	-3.03928
33	145	-19.8948	-15.2161	21.9468	-3.04767
38	0	28.5765	-28.2517	30.6025	-0.515789
38	1	28.5917	-27.9507	30.4684	-0.50695
38	2	28.5957	-27.649	30.3267	-0.498189
38	3	28.587	-27.3454	30.1751	-0.489489
38	4	28.5629	-27.0411	30.0119	-0.480917
38	5	28.5232	-26.7395	29.8382	-0.472572
38	6	28.4713	-26.4425	29.6577	-0.464452
38	7	28.4136	-26.1912	29.4943	-0.457709
38	8	28.3561	-25.9719	29.3463	-0.451871
38	9	28.2858	-25.7785	29.1989	-0.446964
38	10	28.2194	-25.5959	29.0605	-0.442285
38	11	28.1198	-25.436	28.9022	-0.43876
38	12	28.007	-25.2988	28.7419	-0.436106
38	13	27.8469	-25.195	28.553	-0.43518
38	14	27.6839	-25.088	28.3601	-0.434182
38	15	27.5117	-24.9864	28.1611	-0.433479
38	16	27.3366	-24.8839	27.9591	-0.432783
38	17	27.1578	-24.7819	27.7541	-0.43215
38	18	26.9765	-24.6813	27.5473	-0.431589
38	19	26.7931	-24.5787	27.3378	-0.430988
38	20	26.6073	-24.4772	27.1266	-0.430449
38	21	26.418	-24.3767	26.9127	-0.42999
38	22	26.2256	-24.2767	26.6961	-0.429592
38	23	26.0321	-24.1753	26.4779	-0.429152
38	24	25.8373	-24.0755	26.2592	-0.428783
38	25	25.6418	-23.9781	26.0409	-0.428502
38	26	25.446	-23.8815	25.8227	-0.428253
38	27	25.2497	-23.7843	25.6037	-0.427981
38	28	25.0514	-23.6868	25.3829	-0.427729
38	29	24.8504	-23.5898	25.1598	-0.427536
38	30	24.6469	-23.4943	24.9349	-0.427433
38	31	24.4412	-23.4003	24.7088	-0.427424
38	32	24.2344	-23.3112	24.4837	-0.427613
38	33	24.0279	-23.2336	24.2636	-0.428232
38	34	23.8203	-23.173	24.0496	-0.429523
38	35	23.6102	-23.1334	23.8421	-0.431682
38	36	23.3939	-23.1142	23.6377	-0.434775
38	37	23.1691	-23.1132	23.4336	-0.438777
38	38	22.9526	-23.1304	23.2453	-0.443403
38	39	22.7406	-23.165	23.0689	-0.4487
38	40	22.5323	-23.2184	22.9048	-0.454745
38	41	22.3266	-23.2888	22.7515	-0.461498
38	42	22.1253	-23.3687	22.6073	-0.468627
38	43	21.9276	-23.4539	22.4701	-0.475985
38	44	21.7339	-23.5424	22.3391	-0.483476
38	45	21.5432	-23.6319	22.2124	-0.491037
38	46	21.3544	-23.7218	22.089	-0.498657
38	47	21.1669	-23.8153	21.9697	-0.506475
38	48	20.981	-23.9123	21.855	-0.514483
38	49	20.7984	-24.0135	21.7465	-0.522664
38	50	20.6202	-24.1175	21.6448	-0.530938
38	51	20.4477	-24.2281	21.5528	-0.539418
38	52	20.281	-24.3422	21.4691	-0.547963
38	53	20.1212	-24.4594	21.3946	-0.556534
38	54	19.9655	-24.5767	21.3251	-0.565059
38	55	19.815	-24.6967	21.263	-0.573614
38	56	19.6668	-24.8192	21.2058	-0.582262
38	57	19.5251	-24.9502	21.1603	-0.591113
38	58	19.392	-25.0914	21.1294	-0.600174
38	59	19.271	-25.2525	21.1215	-0.609704
38	60	19.1583	-25.4284	21.1308	-0.619582
38	61	19.0703	-25.6056	21.163	-0.628813
38	62	18.996	-25.7816	21.2072	-0.637586
38	63	18.9419	-25.9598	21.2705	-0.645835
38	64	18.8951	-26.1395	21.342	-0.653876
38	65	18.8508	-26.3203	21.4175	-0.661835
38	66	18.814	-26.5038	21.5019	-0.66962
38	67	18.7792	-26.6917	21.5918	-0.677442
38	68	18.7487	-26.8844	21.6896	-0.685245
38	69	18.7256	-27.0807	21.7966	-0.692889
38	70	18.7072	-27.2776	21.9088	-0.700341
38	71	18.694	-27.4786	22.0289	-0.707705
38	72	18.6835	-27.681	22.153	-0.714956
38	73	18.6774	-27.8824	22.281	-0.721961
38	74	18.6727	-28.0871	22.4133	-0.728955
38	75	18.6696	-28.2944	22.5496	-0.735902
38	76	18.6693	-28.5029	22.6899	-0.742725
38	77	18.6703	-28.7162	22.8354	-0.749573
38	78	18.6757	-28.9318	22.9868	-0.756281
38	79	18.6865	-29.1469	23.1427	-0.762719
38	80	18.7003	-29.3623	23.302	-0.768993
38	81	18.7171	-29.5769	23.4637	-0.775069
38	82	18.7378	-29.7902	23.6281	-0.780902
38	83	18.7628	-30.002	23.7954	-0.786484
38	84	18.795	-30.2134	23.9681	-0.791767
38	85	18.8406	-30.4192	24.1469	-0.79641
38	86	18.9019	-30.6212	24.3343	-0.800414
38	87	18.9795	-30.82	24.5311	-0.803785
38	88	19.0742	-31.0169	24.7387	-0.806556
38	89	19.1807	-31.1902	24.9376	-0.808282
38	90	19.2962	-31.3441	25.1286	-0.809189
38	91	19.4251	-31.4765	25.3134	-0.809109
38	92	19.5586	-31.5998	25.4948	-0.808659
38	93	19.6989	-31.7145	25.6746	-0.807791
38	94	19.8418	-31.8277	25.8552	-0.806822
38	95	19.9903	-31.9381	26.0377	-0.805638
38	96	20.1436	-32.0486	26.2236	-0.804339
38	97	20.3031	-32.1584	26.4133	-0.802873
38	98	20.4665	-32.2657	26.6041	-0.801255
38	99	20.6336	-32.3689	26.7945	-0.799458
38	100	20.8017	-32.4698	26.9841	-0.797597
38	101	20.9704	-32.5672	27.1716	-0.795657
38	102	21.1381	-32.6626	27.3572	-0.793719
38	103	21.3052	-32.7548	27.5402	-0.791742
38	104	21.4759	-32.8485	27.7268	-0.789735
38	105	21.6504	-32.9429	27.9168	-0.787676
38	106	21.8287	-33.0378	28.1098	-0.785562
38	107	22.0098	-33.1321	28.3047	-0.783393
38	108	22.1925	-33.225	28.4998	-0.781177
38	109	22.3757	-33.3159	28.6939	-0.778932
38	110	22.5579	-33.4059	28.8869	-0.776718
38	111	22.74	-33.4934	29.0782	-0.774475
38	112	22.9258	-33.5801	29.2717	-0.772153
38	113	23.115	-33.6679	29.4686	-0.769807
38	114	23.3075	-33.7567	29.6686	-0.767441
38	115	23.503	-33.8447	29.8706	-0.765019
38	116	23.7022	-33.9285	30.0724	-0.76244
38	117	23.9041	-33.997	30.2659	-0.759468
38	118	24.0971	-34.0135	30.4174	-0.755495
38	119	24.293	-33.9833	30.5397	-0.750376
38	120	24.4876	-33.927	30.6441	-0.744704
38	121	24.6871	-33.8543	30.7422	-0.738565
38	122	24.8981	-33.7609	30.836	-0.731718
38	123	25.1293	-33.6429	30.9302	-0.723884
38	124	25.3896	-33.4918	31.0264	-0.714681
38	125	25.6456	-33.3279	31.1137	-0.705308
38	126	25.894	-33.1501	31.189	-0.695806
38	127	26.1318	-32.9608	31.2516	-0.686277
38	128	26.3594	-32.7628	31.3036	-0.676776
38	129	26.579	-32.5568	31.3472	-0.667267
38	130	26.7913	-32.341	31.3819	-0.657679
38	131	26.9942	-32.1133	31.4047	-0.64799
38	132	27.1842	-31.8745	31.4136	-0.638278
38	133	27.3605	-31.6283	31.4099	-0.628639
38	134	27.5255	-31.3773	31.3973	-0.619083
38	135	27.6818	-31.1212	31.3774	-0.609545
38	136	27.8294	-30.8579	31.3491	-0.599962
38	137	27.9655	-30.5857	31.3092	-0.590332
38	138	28.087	-30.3062	31.2559	-0.580741
38	139	28.1937	-30.023	31.1911	-0.571272
38	140	28.2883	-29.7377	31.1178	-0.561915
38	141	28.3729	-29.4493	31.0371	-0.552599
38	142	28.4466	-29.1556	30.9471	-0.543272
38	143	28.5062	-28.8562	30.8446	-0.533964
38	144	28.549	-28.5537	30.7288	-0.524781
39	0	-16.9561	-25.7081	22.6969	-2.55569
39	1	-16.9473	-25.4817	22.5651	-2.56384
39	2	-16.9407	-25.2536	22.4358	-2.57219
39	3	-16.9372	-25.0237	22.3097	-2.58079
39	4	-16.9389	-24.7918	22.1888	-2.58968
39	5	-16.9481	-24.5587	22.0752	-2.59889
39	6	-16.9639	-24.3233	21.9682	-2.60843
39	7	-16.9874	-24.0882	21.87	-2.61824
39	8	-17.0193	-23.8553	21.7823	-2.62823
39	9	-17.0599	-23.6259	21.7061	-2.63836
39	10	-17.1102	-23.4005	21.6426	-2.6486
39	11	-17.1738	-23.1801	21.5956	-2.65898
39	12	-17.2537	-22.9633	21.5669	-2.66961
39	13	-17.3525	-22.7499	21.5591	-2.68051
39	14	-17.4695	-22.5484	21.5755	-2.69129
39	15	-17.6001	-22.3658	21.6148	-2.70152
39	16	-17.7455	-22.2013	21.6772	-2.71124
39	17	-17.9041	-22.0509	21.7596	-2.72057
39	18	-18.071	-21.9104	21.8554	-2.72956
39	19	-18.2428	-21.776	21.9598	-2.7383
39	20	-18.4184	-21.6461	22.0712	-2.74683
39	21	-18.5979	-21.5199	22.1891	-2.75519
39	22	-18.7816	-21.3976	22.3139	-2.76338
39	23	-18.9694	-21.2801	22.4458	-2.77133
39	24	-19.1595	-21.1693	22.5836	-2.77895
39	25	-19.3508	-21.0648	22.7259	-2.78623
39	26	-19.5426	-20.9657	22.8718	-2.79321
39	27	-19.7356	-20.8714	23.0216	-2.79993
39	28	-19.9311	-20.7827	23.1765	-2.80636
39	29	-20.1313	-20.7029	23.3397	-2.81241
39	30	-20.3401	-20.6377	23.5166	-2.8179
39	31	-20.5593	-20.5904	23.7097	-2.82273
39	32	-20.7914	-20.5622	23.9215	-2.8269
39	33	-21.0189	-20.5561	24.136	-2.83005
39	34	-21.2425	-20.5691	24.3529	-2.83236
39	35	-21.4645	-20.6044	24.5751	-2.83374
39	36	-21.6857	-20.656	24.8016	-2.83446
39	37	-21.9072	-20.7175	25.0313	-2.8348
39	38	-22.128	-20.7849	25.2621	-2.83489
39	39	-22.3482	-20.8568	25.4938	-2.83481
39	40	-22.567	-20.9325	25.7252	-2.83457
39	41	-22.7832	-21.0109	25.955	-2.83421
39	42	-22.996	-21.0904	26.1819	-2.83378
39	43	-23.2061	-21.1697	26.4061	-2.83332
39	44	-23.4143	-21.2486	26.6285	-2.83287
39	45	-23.6214	-21.3275	26.8497	-2.83242
39	46	-23.8272	-21.4074	27.0701	-2.83192
39	47	-24.0308	-21.4886	27.2887	-2.83136
39	48	-24.2309	-21.5711	27.5045	-2.83072
39	49	-24.4273	-21.6536	27.7168	-2.83006
39	50	-24.6197	-21.7369	27.9254	-2.82933
39	51	-24.8093	-21.8197	28.1312	-2.8286
39	52	-24.9957	-21.9043	28.3347	-2.82778
39	53	-25.1794	-21.9912	28.5362	-2.82688
39	54	-25.3592	-22.0816	28.7352	-2.82582
39	55	-25.5342	-22.173	28.93	-2.8247
39	56	-25.7013	-22.2708	29.1192	-2.82329
39	57	-25.8557	-22.3795	29.2999	-2.82142
39	58	-25.9776	-22.5227	29.4608	-2.81811
39	59	-26.0784	-22.7065	29.6152	-2.81331
39	60	-26.1631	-22.9119	29.7621	-2.80769
39	61	-26.2437	-23.1417	29.9142	-2.80131
39	62	-26.3224	-23.4068	30.0777	-2.79388
39	63	-26.4003	-23.7202	30.2589	-2.78502
39	64	-26.4634	-24.04	30.431	-2.77589
39	65	-26.5088	-24.3629	30.5901	-2.76657
39	66	-26.5377	-24.6851	30.7364	-2.75716
39	67	-26.5534	-25.0064	30.8728	-2.7477
39	68	-26.5565	-25.329	31.0009	-2.73813
39	69	-26.544	-25.6535	31.1183	-2.72838
39	70	-26.5142	-25.9768	31.2223	-2.71851
39	71	-26.4691	-26.2958	31.3138	-2.70863
39	72	-26.4123	-26.611	31.3959	-2.69876
39	73	-26.3441	-26.9246	31.4702	-2.68883
39	74	-26.2617	-27.2374	31.5346	-2.67876
39	75	-26.1622	-27.5469	31.5854	-2.66859
39	76	-26.0471	-27.849	31.6222	-2.65843
39	77	-25.9199	-28.1437	31.6481	-2.64832
39	78	-25.7819	-28.4331	31.6652	-2.6382
39	79	-25.631	-28.7182	31.6722	-2.62802
39	80	-25.4655	-28.9966	31.6664	-2.61779
39	81	-25.2868	-29.2653	31.6477	-2.60762
39	82	-25.0982	-29.5244	31.6189	-2.59753
39	83	-24.9003	-29.7761	31.5814	-2.58746
39	84	-24.6912	-30.0209	31.534	-2.57737
39	85	-24.47	-30.256	31.4744	-2.5673
39	86	-24.2388	-30.479	31.403	-2.55734
39	87	-24.0004	-30.6898	31.322	-2.54753
39	88	-23.7872	-30.8596	31.2414	-2.53921
39	89	-23.5903	-30.9962	31.1573	-2.53201
39	90	-23.4015	-31.105	31.0655	-2.52566
39	91	-23.2142	-31.1885	30.9613	-2.51996
39	92	-23.0383	-31.2776	30.8707	-2.5143
39	93	-22.8626	-31.3063	30.7456	-2.51019
39	94	-22.6708	-31.2824	30.5768	-2.50712
39	95	-22.4756	-31.2395	30.3943	-2.50445
39	96	-22.2799	-31.1879	30.2063	-2.50197
39	97	-22.082	-31.1338	30.0154	-2.49948
39	98	-21.8813	-31.0778	29.8212	-2.49695
39	99	-21.6788	-31.02	29.6248	-2.4944
39	100	-21.4736	-30.9594	29.4246	-2.49184
39	101	-21.2644	-30.8961	29.2198	-2.48923
39	102	-21.0512	-30.8292	29.0099	-2.48661
39	103	-20.8372	-30.7592	28.7977	-2.48401
39	104	-20.6225	-30.6872	28.5838	-2.48141
39	105	-20.4093	-30.6137	28.3704	-2.47885
39	106	-20.1963	-30.5393	28.1568	-2.47627
39	107	-19.9821	-30.4634	27.9416	-2.47368
39	108	-19.7664	-30.3849	27.7237	-2.47109
39	109	-19.5501	-30.3025	27.5031	-2.46855
39	110	-19.3348	-30.216	27.2809	-2.4661
39	111	-19.1216	-30.1259	27.0583	-2.46378
39	112	-18.9111	-30.0324	26.8358	-2.46157
39	113	-18.7047	-29.935	26.614	-2.45954
39	114	-18.5047	-29.8286	26.3917	-2.45789
39	115	-18.3194	-29.7055	26.1704	-2.45707
39	116	-18.1472	-29.5617	25.9461	-2.45716
39	117	-17.9853	-29.3992	25.7179	-2.45808
39	118	-17.841	-29.2235	25.4951	-2.45985
39	119	-17.7191	-29.0421	25.2861	-2.46238
39	120	-17.6202	-28.857	25.0931	-2.46565
39	121	-17.538	-28.6662	24.9097	-2.46956
39	122	-17.4652	-28.4725	24.7325	-2.47385
39	123	-17.3986	-28.2764	24.559	-2.47844
39	124	-17.3363	-28.0776	24.3878	-2.48329
39	125	-17.2788	-27.8758	24.2191	-2.48843
39	126	-17.2251	-27.6689	24.0512	-2.49391
39	127	-17.1768	-27.4578	23.8856	-2.49973
39	128	-17.1342	-27.2444	23.7242	-2.50587
39	129	-17.0978	-27.0304	23.5683	-2.51226
39	130	-17.0665	-26.8172	23.4181	-2.51883
39	131	-17.0367	-26.6006	23.268	-2.52564
39	132	-17.0089	-26.3804	23.1187	-2.53272
39	133	-16.9852	-26.1572	22.9723	-2.5401
39	134	-16.9675	-25.9323	22.8311	-2.54778
43	0	24.0806	-38.1782	33.3998	-0.846727
43	1	24.1271	-37.8864	33.2128	-0.839859
43	2	24.1607	-37.5913	33.0163	-0.833133
43	3	24.1802	-37.295	32.8108	-0.826621
43	4	24.1867	-36.9999	32.5987	-0.820342
43	5	24.1822	-36.7059	32.3813	-0.814251
43	6	24.1672	-36.4118	32.1577	-0.808311
43	7	24.1403	-36.117	31.9264	-0.802544
43	8	24.0992	-35.8232	31.6871	-0.797033
43	9	24.0479	-35.5727	31.4724	-0.792638
43	10	23.9895	-35.3556	31.2769	-0.789096
43	11	23.9225	-35.1636	31.0936	-0.786276
43	12	23.8505	-34.9874	30.9182	-0.783896
43	13	23.7599	-34.83	30.7429	-0.782352
43	14	23.6449	-34.7024	30.5714	-0.782043
43	15	23.4904	-34.5972	30.3876	-0.783168
43	16	23.3275	-34.498	30.2022	-0.784646
43	17	23.1599	-34.3962	30.0118	-0.786193
43	18	22.9866	-34.2936	29.8167	-0.787874
43	19	22.8092	-34.1896	29.6179	-0.789643
43	20	22.6271	-34.0849	29.4155	-0.791534
43	21	22.4426	-33.9821	29.2126	-0.793553
43	22	22.2578	-33.8775	29.0085	-0.795566
43	23	22.0709	-33.7736	28.8036	-0.797675
43	24	21.8808	-33.6705	28.5972	-0.799915
43	25	21.6882	-33.5647	28.3872	-0.802185
43	26	21.4949	-33.4581	28.1762	-0.804488
43	27	21.299	-33.3532	27.9648	-0.806934
43	28	21.1031	-33.2514	27.7559	-0.809493
43	29	20.909	-33.1494	27.5482	-0.812041
43	30	20.7151	-33.049	27.3421	-0.814661
43	31	20.5201	-32.951	27.1371	-0.817409
43	32	20.3243	-32.8539	26.9324	-0.820245
43	33	20.1282	-32.7569	26.7279	-0.823138
43	34	19.9308	-32.6605	26.523	-0.826123
43	35	19.7331	-32.5659	26.3197	-0.82921
43	36	19.5356	-32.475	26.1193	-0.832435
43	37	19.3375	-32.3901	25.9234	-0.835881
43	38	19.1375	-32.3151	25.7338	-0.839693
43	39	18.936	-32.2594	25.5581	-0.844106
43	40	18.729	-32.223	25.3937	-0.849248
43	41	18.5151	-32.2033	25.238	-0.855097
43	42	18.2919	-32.2022	25.0913	-0.861782
43	43	18.0792	-32.2215	24.9681	-0.868749
43	44	17.8751	-32.2595	24.8659	-0.876005
43	45	17.6767	-32.3152	24.7824	-0.883589
43	46	17.4826	-32.3803	24.7103	-0.891334
43	47	17.292	-32.4531	24.648	-0.899205
43	48	17.1024	-32.5285	24.5898	-0.90715
43	49	16.9144	-32.6081	24.5375	-0.915184
43	50	16.7259	-32.6894	24.4878	-0.923309
43	51	16.5375	-32.7752	24.4435	-0.931576
43	52	16.3503	-32.8639	24.4038	-0.939899
43	53	16.1656	-32.9567	24.3706	-0.948268
43	54	15.9828	-33.0519	24.3422	-0.956648
43	55	15.8037	-33.1494	24.3196	-0.964976
43	56	15.6271	-33.2482	24.3011	-0.973267
43	57	15.4521	-33.3494	24.2872	-0.981568
43	58	15.2784	-33.4543	24.2786	-0.989917
43	59	15.1072	-33.564	24.2772	-0.998292
43	60	14.9408	-33.6818	24.287	-1.00668
43	61	14.783	-33.8093	24.3112	-1.01496
43	62	14.6367	-33.9505	24.3548	-1.02313
43	63	14.4973	-34.103	24.4132	-1.03126
43	64	14.3716	-34.2733	24.4954	-1.03923
43	65	14.2624	-34.4367	24.5816	-1.04643
43	66	14.1772	-34.6044	24.6846	-1.05282
43	67	14.1024	-34.7718	24.7934	-1.05878
43	68	14.0436	-34.9436	24.9148	-1.06422
43	69	13.9923	-35.1166	25.0415	-1.06936
43	70	13.9464	-35.2929	25.1744	-1.07433
43	71	13.906	-35.4727	25.3135	-1.07912
43	72	13.8734	-35.6559	25.4599	-1.08364
43	73	13.8411	-35.8422	25.6096	-1.08816
43	74	13.8185	-36.0317	25.7673	-1.09235
43	75	13.7975	-36.2219	25.9266	-1.09644
43	76	13.7863	-36.4116	26.0905	-1.10015
43	77	13.774	-36.6041	26.2566	-1.10389
43	78	13.7689	-36.7991	26.4287	-1.10738
43	79	13.7648	-36.9953	26.6025	-1.11082
43	80	13.77	-37.1907	26.7799	-1.11389
43	81	13.7761	-37.3891	26.9608	-1.11693
43	82	13.7904	-37.5879	27.1458	-1.11967
43	83	13.8068	-37.7849	27.3304	-1.12227
43	84	13.8281	-37.9832	27.5184	-1.12469
43	85	13.8506	-38.1823	27.7078	-1.12706
43	86	13.8779	-38.3809	27.8989	-1.12923
43	87	13.9093	-38.5779	28.0906	-1.13122
43	88	13.9448	-38.7774	28.2862	-1.13309
43	89	13.986	-38.9776	28.485	-1.13476
43	90	14.032	-39.1763	28.6846	-1.13623
43	91	14.084	-39.3749	28.8867	-1.13749
43	92	14.1383	-39.5729	29.0892	-1.13865
43	93	14.2	-39.7676	29.2918	-1.13952
43	94	14.2621	-39.9628	29.4952	-1.14038
43	95	14.3339	-40.1552	29.7	-1.14088
43	96	14.4076	-40.3467	29.9048	-1.14131
43	97	14.4999	-40.5286	30.1086	-1.14104
43	98	14.5995	-40.7044	30.3099	-1.14047
43	99	14.7253	-40.8639	30.5074	-1.13891
43	100	14.858	-41.0226	30.7071	-1.13715
43	101	15.0035	-41.1488	30.8828	-1.13459
43	102	15.1462	-41.2601	31.0442	-1.13193
43	103	15.2978	-41.344	31.1847	-1.12868
43	104	15.4504	-41.4186	31.3176	-1.12529
43	105	15.6071	-41.4844	31.4447	-1.1217
43	106	15.7656	-41.5509	31.5736	-1.11809
43	107	15.9298	-41.6103	31.699	-1.11425
43	108	16.0983	-41.6684	31.8258	-1.1103
43	109	16.2725	-41.7238	31.953	-1.10619
43	110	16.4524	-41.7763	32.0809	-1.10191
43	111	16.6374	-41.8272	32.2102	-1.0975
43	112	16.8256	-41.8747	32.3386	-1.09299
43	113	17.0165	-41.9192	32.4663	-1.0884
43	114	17.2097	-41.9631	32.5951	-1.08377
43	115	17.4038	-42.0032	32.7217	-1.0791
43	116	17.5988	-42.0427	32.849	-1.07444
43	117	17.7959	-42.0788	32.975	-1.0697
43	118	17.9945	-42.1141	33.1017	-1.06496
43	119	18.1948	-42.1446	33.2258	-1.06013
43	120	18.3955	-42.1733	33.3493	-1.0553
43	121	18.5966	-42.1977	33.47	-1.05043
43	122	18.7977	-42.2209	33.5906	-1.04558
43	123	18.9999	-42.2415	33.7102	-1.04069
43	124	19.2041	-42.2612	33.8309	-1.03578
43	125	19.411	-42.2785	33.9517	-1.0308
43	126	19.6209	-42.2935	34.0729	-1.02574
43	127	19.8332	-42.3054	34.1936	-1.02061
43	128	20.0469	-42.3148	34.3138	-1.01544
43	129	20.2616	-42.3225	34.434	-1.01027
43	130	20.4775	-42.3297	34.5553	-1.00508
43	131	20.6954	-42.3365	34.6783	-0.999886
43	132	20.9161	-42.3415	34.8023	-0.994627
43	133	21.1397	-42.3381	34.9217	-0.989206
43	134	21.3643	-42.3453	35.0517	-0.983962
43	135	21.5633	-42.2991	35.1239	-0.978517
43	136	21.7468	-42.2002	35.1449	-0.972614
43	137	21.9199	-42.0795	35.1433	-0.966609
43	138	22.0894	-41.9418	35.1269	-0.960411
43	139	22.2608	-41.7834	35.0961	-0.953822
43	140	22.4379	-41.5969	35.0474	-0.946624
43	141	22.627	-41.3733	34.9776	-0.938499
43	142	22.8088	-41.1416	34.8993	-0.930374
43	143	22.982	-40.9008	34.8109	-0.922252
43	144	23.1438	-40.6514	34.711	-0.914197
43	145	23.2931	-40.3958	34.6008	-0.906268
43	146	23.4315	-40.1359	34.4825	-0.898461
43	147	23.5605	-39.8713	34.3568	-0.890726
43	148	23.6797	-39.6002	34.222	-0.883035
43	149	23.7866	-39.3218	34.0758	-0.875426
43	150	23.8788	-39.0384	33.9182	-0.867985
43	151	23.9569	-38.7529	33.7517	-0.860752
43	152	24.0236	-38.4665	33.5789	-0.853686
44	0	-13.3004	-36.7613	28.1044	-2.14459
44	1	-13.2796	-36.5602	27.9244	-2.14787
44	2	-13.2613	-36.3565	27.7438	-2.15132
44	3	-13.2481	-36.1514	27.5652	-2.15501
44	4	-13.2394	-35.9466	27.3898	-2.15886
44	5	-13.2337	-35.7406	27.2155	-2.16289
44	6	-13.2311	-35.5336	27.0425	-2.16708
44	7	-13.2325	-35.3258	26.8716	-2.17147
44	8	-13.2375	-35.1162	26.7019	-2.17606
44	9	-13.2479	-34.9053	26.5347	-2.1809
44	10	-13.2672	-34.6946	26.3734	-2.18608
44	11	-13.2963	-34.4862	26.2204	-2.19157
44	12	-13.3402	-34.283	26.0811	-2.19748
44	13	-13.3972	-34.0835	25.9534	-2.20376
44	14	-13.4702	-33.8867	25.8386	-2.21055
44	15	-13.5578	-33.6901	25.7338	-2.21784
44	16	-13.6567	-33.5128	25.6526	-2.22508
44	17	-13.7615	-33.3473	25.5858	-2.23227
44	18	-13.8789	-33.1961	25.5393	-2.23953
44	19	-13.9997	-33.0465	25.4974	-2.24689
44	20	-14.1296	-32.9026	25.4672	-2.2544
44	21	-14.2615	-32.7591	25.44	-2.26199
44	22	-14.4013	-32.6195	25.4223	-2.26972
44	23	-14.5441	-32.4806	25.4086	-2.27754
44	24	-14.6915	-32.346	25.4027	-2.28539
44	25	-14.8414	-32.2155	25.4031	-2.29322
44	26	-14.9951	-32.085	25.4077	-2.30115
44	27	-15.1528	-31.9551	25.417	-2.30918
44	28	-15.3142	-31.8268	25.4315	-2.31727
44	29	-15.4785	-31.7017	25.4521	-2.32535
44	30	-15.6475	-31.5785	25.479	-2.33349
44	31	-15.8196	-31.4583	25.5118	-2.34162
44	32	-15.9937	-31.3429	25.5512	-2.34966
44	33	-16.1693	-31.2294	25.5945	-2.35766
44	34	-16.3464	-31.1186	25.6426	-2.36559
44	35	-16.5246	-31.0107	25.6949	-2.37345
44	36	-16.706	-30.9107	25.7567	-2.38114
44	37	-16.8902	-30.8215	25.8293	-2.38855
44	38	-17.0811	-30.7473	25.9186	-2.39568
44	39	-17.2777	-30.6822	26.0195	-2.40264
44	40	-17.4843	-30.6374	26.1426	-2.40923
44	41	-17.6788	-30.6049	26.2658	-2.41511
44	42	-17.8676	-30.5985	26.4031	-2.42004
44	43	-18.048	-30.6047	26.5429	-2.42435
44	44	-18.2231	-30.6286	26.6907	-2.42799
44	45	-18.3975	-30.6571	26.8414	-2.43144
44	46	-18.5732	-30.6885	26.9952	-2.4348
44	47	-18.7513	-30.7244	27.1542	-2.43805
44	48	-18.9318	-30.7648	27.318	-2.4412
44	49	-19.1147	-30.8097	27.4869	-2.44424
44	50	-19.2997	-30.8592	27.6606	-2.44716
44	51	-19.4862	-30.9123	27.838	-2.44998
44	52	-19.6731	-30.9684	28.0179	-2.4527
44	53	-19.86	-31.0257	28.1986	-2.45534
44	54	-20.0463	-31.083	28.3792	-2.45794
44	55	-20.2312	-31.1415	28.5596	-2.46044
44	56	-20.4193	-31.203	28.7446	-2.4629
44	57	-20.6105	-31.2673	28.9338	-2.46532
44	58	-20.8049	-31.3315	29.1256	-2.46778
44	59	-21.0005	-31.3982	29.3202	-2.47016
44	60	-21.196	-31.4675	29.5165	-2.47244
44	61	-21.391	-31.5381	29.7133	-2.47465
44	62	-21.5856	-31.6082	29.9097	-2.47683
44	63	-21.7808	-31.681	30.1083	-2.47893
44	64	-21.979	-31.7534	30.3092	-2.48107
44	65	-22.1806	-31.8244	30.512	-2.48329
44	66	-22.3819	-31.9022	30.7188	-2.48529
44	67	-22.5751	-31.9935	30.9277	-2.48677
44	68	-22.726	-32.1192	31.1239	-2.48651
44	69	-22.8433	-32.2884	31.3201	-2.48451
44	70	-22.9422	-32.4752	31.5126	-2.48174
44	71	-23.0313	-32.6792	31.7082	-2.47837
44	72	-23.1142	-32.9069	31.914	-2.47435
44	73	-23.1934	-33.1675	32.1379	-2.46951
44	74	-23.2716	-33.4726	32.3895	-2.46364
44	75	-23.3408	-33.7818	32.638	-2.45759
44	76	-23.3986	-34.0961	32.8821	-2.45129
44	77	-23.442	-34.4135	33.1183	-2.44474
44	78	-23.471	-34.7306	33.3449	-2.438
44	79	-23.4887	-35.0461	33.5632	-2.43118
44	80	-23.497	-35.3613	33.7759	-2.42426
44	81	-23.4951	-35.6779	33.9834	-2.4172
44	82	-23.4807	-35.9954	34.1839	-2.40997
44	83	-23.4534	-36.3113	34.3756	-2.4026
44	84	-23.415	-36.6242	34.5589	-2.39516
44	85	-23.3675	-36.9348	34.736	-2.38767
44	86	-23.3108	-37.2448	34.9079	-2.38008
44	87	-23.2423	-37.5546	35.0731	-2.37234
44	88	-23.1599	-37.862	35.2287	-2.36444
44	89	-23.0645	-38.1641	35.3737	-2.35647
44	90	-22.9591	-38.4607	35.51	-2.34846
44	91	-22.8449	-38.7534	35.6396	-2.34041
44	92	-22.7204	-39.0435	35.7625	-2.33227
44	93	-22.5838	-39.3295	35.8765	-2.32401
44	94	-22.4353	-39.609	35.9801	-2.31569
44	95	-22.2776	-39.8812	36.0745	-2.30736
44	96	-22.1126	-40.1476	36.1622	-2.29903
44	97	-21.94	-40.4093	36.244	-2.29067
44	98	-21.7796	-40.6299	36.3051	-2.28334
44	99	-21.6256	-40.8182	36.3477	-2.27675
44	100	-21.4742	-40.9823	36.375	-2.27065
44	101	-21.3206	-41.1279	36.388	-2.26485
44	102	-21.1576	-41.2542	36.3814	-2.25918
44	103	-20.9843	-41.3317	36.3317	-2.25415
44	104	-20.7918	-41.3637	36.2353	-2.24947
44	105	-20.5926	-41.3715	36.1167	-2.24504
44	106	-20.3966	-41.3869	36.0067	-2.24052
44	107	-20.2032	-41.4048	35.9011	-2.23599
44	108	-20.0098	-41.4165	35.7912	-2.23153
44	109	-19.8159	-41.425	35.6794	-2.2271
44	110	-19.6216	-41.4317	35.5664	-2.22265
44	111	-19.4287	-41.436	35.4532	-2.21826
44	112	-19.2379	-41.4388	35.3407	-2.2139
44	113	-19.0476	-41.4391	35.2271	-2.20957
44	114	-18.8581	-41.437	35.1128	-2.20527
44	115	-18.669	-41.4312	34.9963	-2.20102
44	116	-18.4798	-41.4243	34.8796	-2.19676
44	117	-18.2901	-41.4139	34.7603	-2.19251
44	118	-18.099	-41.4033	34.6407	-2.1882
44	119	-17.907	-41.3864	34.5161	-2.18395
44	120	-17.7154	-41.3696	34.3924	-2.17968
44	121	-17.5249	-41.348	34.2661	-2.17548
44	122	-17.3375	-41.3264	34.142	-2.17132
44	123	-17.1532	-41.3022	34.0182	-2.16725
44	124	-16.9716	-41.2759	33.8947	-2.16325
44	125	-16.7919	-41.2472	33.7708	-2.15932
44	126	-16.6138	-41.2163	33.6465	-2.15542
44	127	-16.4369	-41.182	33.5205	-2.15159
44	128	-16.2617	-41.1435	33.3925	-2.14783
44	129	-16.0903	-41.1018	33.2642	-2.1442
44	130	-15.9223	-41.0584	33.1368	-2.14065
44	131	-15.7589	-41.0088	33.0071	-2.13729
44	132	-15.6	-40.9574	32.8786	-2.13405
44	133	-15.4451	-40.9032	32.7502	-2.13094
44	134	-15.2957	-40.8424	32.6195	-2.12805
44	135	-15.1468	-40.7828	32.4903	-2.12513
44	136	-15.0052	-40.7067	32.3512	-2.12264
44	137	-14.8606	-40.6257	32.2065	-2.12014
44	138	-14.7264	-40.5098	32.0376	-2.11845
44	139	-14.5849	-40.3867	31.8589	-2.11667
44	140	-14.4589	-40.2401	31.6681	-2.11568
44	141	-14.3435	-40.0892	31.4793	-2.11503
44	142	-14.2438	-39.9281	31.2899	-2.11497
44	143	-14.1555	-39.7613	31.1015	-2.11532
44	144	-14.0714	-39.5918	30.9129	-2.11583
44	145	-13.9941	-39.4185	30.7247	-2.1166
44	146	-13.9202	-39.2434	30.5367	-2.11751
44	147	-13.8524	-39.0661	30.35	-2.11864
44	148	-13.7878	-38.8872	30.1636	-2.1199
44	149	-13.7248	-38.7049	29.9753	-2.12128
44	150	-13.6651	-38.5191	29.7857	-2.12284
44	151	-13.6087	-38.3306	29.5957	-2.12455
44	152	-13.5588	-38.1404	29.4077	-2.12651
44	153	-13.5101	-37.9468	29.2176	-2.12859
44	154	-13.4662	-37.7505	29.0279	-2.13089
44	155	-13.4242	-37.5534	28.8387	-2.13328
44	156	-13.3887	-37.3561	28.653	-2.13591
44	157	-13.356	-37.1604	28.4703	-2.13862
44	158	-13.3272	-36.9617	28.2874	-2.14154
48	0	22.3121	-44.6297	37.4817	-0.996656
48	1	22.2309	-44.3489	37.2019	-0.994389
48	2	22.1401	-44.0709	36.9195	-0.992346
48	3	22.0534	-43.836	36.6754	-0.990825
48	4	21.9665	-43.6356	36.4602	-0.989806
48	5	21.8759	-43.4631	36.2663	-0.989283
48	6	21.7778	-43.3133	36.0871	-0.989275
48	7	21.6665	-43.1842	35.9181	-0.98989
48	8	21.5422	-43.089	35.7704	-0.991334
48	9	21.3817	-43.0475	35.6479	-0.994464
48	10	21.2067	-43.0269	35.5355	-0.998278
48	11	21.0273	-43.0073	35.4221	-1.00224
48	12	20.8451	-42.9874	35.3076	-1.00628
48	13	20.6602	-42.969	35.1935	-1.01044
48	14	20.4727	-42.9503	35.0783	-1.01468
48	15	20.2824	-42.9308	34.9616	-1.01901
48	16	20.0885	-42.9144	34.8463	-1.0235
48	17	19.8916	-42.8972	34.7296	-1.02809
48	18	19.6924	-42.8795	34.6119	-1.03275
48	19	19.4917	-42.8643	34.4964	-1.03752
48	20	19.2909	-42.8489	34.3815	-1.04232
48	21	19.0901	-42.8352	34.2688	-1.04718
48	22	18.8897	-42.8183	34.1543	-1.05202
48	23	18.6892	-42.7951	34.0351	-1.05679
48	24	18.4884	-42.7662	33.9116	-1.06153
48	25	18.287	-42.7353	33.7868	-1.06629
48	26	18.0851	-42.7081	33.6659	-1.07115
48	27	17.8848	-42.6791	33.5448	-1.07598
48	28	17.6867	-42.645	33.4211	-1.08071
48	29	17.4901	-42.6081	33.2963	-1.0854
48	30	17.2934	-42.5738	33.1746	-1.09016
48	31	17.0945	-42.5382	33.0515	-1.095
48	32	16.8921	-42.5029	32.9278	-1.09997
48	33	16.6875	-42.4655	32.8021	-1.10501
48	34	16.4821	-42.4264	32.6753	-1.11009
48	35	16.2757	-42.3904	32.5518	-1.11528
48	36	16.0694	-42.3534	32.4282	-1.12049
48	37	15.8625	-42.3161	32.3051	-1.12575
48	38	15.6542	-42.2823	32.1853	-1.13114
48	39	15.4454	-42.2552	32.0724	-1.13667
48	40	15.2367	-42.2405	31.9718	-1.1424
48	41	15.0319	-42.2542	31.8998	-1.14842
48	42	14.8298	-42.3002	31.8596	-1.1548
48	43	14.6301	-42.3712	31.8445	-1.16144
48	44	14.4316	-42.4709	31.8577	-1.1684
48	45	14.249	-42.5883	31.8949	-1.17511
48	46	14.0814	-42.7208	31.9533	-1.18154
48	47	13.9247	-42.8663	32.0291	-1.18779
48	48	13.7754	-43.0196	32.1161	-1.19389
48	49	13.632	-43.1792	32.2122	-1.19985
48	50	13.4952	-43.3456	32.3183	-1.20566
48	51	13.3683	-43.521	32.4373	-1.21125
48	52	13.256	-43.707	32.5724	-1.21649
48	53	13.1614	-43.907	32.7275	-1.22132
48	54	13.0866	-44.1204	32.9027	-1.22568
48	55	13.0364	-44.3314	33.0845	-1.22926
48	56	13.006	-44.5404	33.2714	-1.23222
48	57	12.9917	-44.7492	33.4636	-1.2347
48	58	12.9895	-44.9589	33.661	-1.23682
48	59	12.9949	-45.1701	33.8624	-1.23871
48	60	13.0053	-45.3831	34.0671	-1.24046
48	61	13.0197	-45.5976	34.2747	-1.24209
48	62	13.0377	-45.8127	34.4842	-1.24361
48	63	13.0589	-46.0271	34.6941	-1.24502
48	64	13.082	-46.2399	34.9031	-1.24634
48	65	13.1068	-46.4503	35.1105	-1.24758
48	66	13.1323	-46.6593	35.3167	-1.24878
48	67	13.1578	-46.8679	35.5228	-1.24996
48	68	13.1838	-47.0774	35.7297	-1.25112
48	69	13.2114	-47.288	35.9384	-1.25223
48	70	13.242	-47.4992	36.1486	-1.25325
48	71	13.2762	-47.7098	36.3593	-1.25417
48	72	13.3132	-47.9183	36.569	-1.25498
48	73	13.3518	-48.1246	36.7771	-1.25573
48	74	13.3909	-48.3293	36.9838	-1.25644
48	75	13.4299	-48.5335	37.1901	-1.25714
48	76	13.4697	-48.738	37.397	-1.25781
48	77	13.5114	-48.9432	37.605	-1.25844
48	78	13.5558	-49.1484	37.8139	-1.25899
48	79	13.6029	-49.3525	38.0227	-1.25946
48	80	13.652	-49.5551	38.2305	-1.25986
48	81	13.7018	-49.7562	38.4373	-1.26022
48	82	13.752	-49.9568	38.6436	-1.26057
48	83	13.803	-50.1578	38.8505	-1.2609
48	84	13.8557	-50.3594	39.0586	-1.26119
48	85	13.9112	-50.5612	39.2677	-1.26141
48	86	13.9697	-50.7623	39.4771	-1.26155
48	87	14.0308	-50.9617	39.6857	-1.26161
48	88	14.0934	-51.1595	39.8931	-1.26163
48	89	14.1571	-51.356	40.0997	-1.26161
48	90	14.2218	-51.5521	40.3061	-1.26156
48	91	14.2883	-51.7481	40.5131	-1.26147
48	92	14.3575	-51.9439	40.7206	-1.26131
48	93	14.4301	-52.139	40.9286	-1.26107
48	94	14.5106	-52.331	41.136	-1.26063
48	95	14.6319	-52.4744	41.3096	-1.2589
48	96	14.8006	-52.5702	41.4528	-1.25573
48	97	14.9838	-52.6449	41.5809	-1.2521
48	98	15.1828	-52.7043	41.7	-1.24801
48	99	15.403	-52.7473	41.8111	-1.24334
48	100	15.6516	-52.7742	41.9171	-1.23793
48	101	15.9381	-52.787	42.0236	-1.23159
48	102	16.2257	-52.7893	42.1224	-1.22517
48	103	16.5153	-52.7803	42.213	-1.21864
48	104	16.8064	-52.7571	42.2925	-1.21199
48	105	17.0962	-52.7179	42.3585	-1.20526
48	106	17.3822	-52.6644	42.4118	-1.19851
48	107	17.6646	-52.5996	42.4551	-1.19176
48	108	17.9447	-52.5243	42.4898	-1.18498
48	109	18.2233	-52.4366	42.5143	-1.17814
48	110	18.4986	-52.3336	42.5255	-1.17123
48	111	18.7673	-52.2153	42.5221	-1.16432
48	112	19.0281	-52.0851	42.5066	-1.15748
48	113	19.2824	-51.9461	42.4824	-1.15068
48	114	19.5322	-51.7987	42.4507	-1.14389
48	115	19.7781	-51.6404	42.4094	-1.13707
48	116	20.0175	-51.4683	42.3549	-1.13023
48	117	20.2468	-51.2828	42.2858	-1.12346
48	118	20.465	-51.087	42.2047	-1.11679
48	119	20.6739	-50.8837	42.1144	-1.11021
48	120	20.8751	-50.6724	42.0155	-1.10369
48	121	21.0684	-50.4513	41.906	-1.09719
48	122	21.2514	-50.2192	41.7838	-1.09076
48	123	21.4214	-49.9778	41.649	-1.08447
48	124	21.5785	-49.7304	41.5045	-1.07833
48	125	21.7252	-49.4782	41.3524	-1.07232
48	126	21.8628	-49.2202	41.1923	-1.0664
48	127	21.9902	-48.9546	41.022	-1.06055
48	128	22.1043	-48.6813	40.8399	-1.05484
48	129	22.2036	-48.403	40.6475	-1.04934
48	130	22.2895	-48.1227	40.4478	-1.04404
48	131	22.3648	-47.8407	40.2424	-1.0389
48	132	22.4302	-47.5552	40.03	-1.03388
48	133	22.4838	-47.2644	39.808	-1.02898
48	134	22.5217	-46.9686	39.5745	-1.02431
48	135	22.5419	-46.6714	39.3315	-1.01994
48	136	22.5465	-46.376	39.0825	-1.01589
48	137	22.5387	-46.0827	38.8294	-1.01208
48	138	22.5199	-45.7899	38.5714	-1.00847
48	139	22.4887	-45.4964	38.3067	-1.00507
48	140	22.4431	-45.2037	38.0354	-1.00196
48	141	22.3835	-44.9144	37.7596	-0.999162
49	0	-13.7682	-45.9292	36.3482	-2.01815
49	1	-13.7371	-45.739	36.1633	-2.01965
49	2	-13.7083	-45.5491	35.9797	-2.02122
49	3	-13.6811	-45.3597	35.7974	-2.02284
49	4	-13.6551	-45.1705	35.6159	-2.0245
49	5	-13.6304	-44.9807	35.4346	-2.02622
49	6	-13.6075	-44.7899	35.2532	-2.02802
49	7	-13.5868	-44.598	35.0719	-2.0299
49	8	-13.5675	-44.4059	34.8913	-2.03185
49	9	-13.5498	-44.2144	34.7119	-2.03385
49	10	-13.5341	-44.0238	34.5344	-2.0359
49	11	-13.5212	-43.8343	34.3593	-2.03804
49	12	-13.5134	-43.6452	34.1871	-2.04033
49	13	-13.5151	-43.4558	34.0191	-2.0429
49	14	-13.5322	-43.2644	33.8565	-2.04591
49	15	-13.5663	-43.069	33.6986	-2.04947
49	16	-13.6215	-42.8679	33.5459	-2.05369
49	17	-13.6951	-42.677	33.4113	-2.05829
49	18	-13.7868	-42.4979	33.2964	-2.06325
49	19	-13.8956	-42.3286	33.1991	-2.06854
49	20	-14.0186	-42.1708	33.1198	-2.07408
49	21	-14.1607	-42.0332	33.0682	-2.07985
49	22	-14.3185	-41.9141	33.0417	-2.08578
49	23	-14.4921	-41.8137	33.0404	-2.09185
49	24	-14.666	-41.7396	33.0633	-2.09753
49	25	-14.8421	-41.6893	33.1088	-2.10289
49	26	-15.0216	-41.6698	33.1835	-2.10785
49	27	-15.2042	-41.6735	33.2804	-2.1125
49	28	-15.3889	-41.6904	33.3905	-2.11699
49	29	-15.5746	-41.7107	33.5046	-2.12141
49	30	-15.7612	-41.7327	33.6213	-2.12579
49	31	-15.9487	-41.755	33.7394	-2.13017
49	32	-16.1365	-41.7778	33.8587	-2.13451
49	33	-16.3238	-41.8005	33.9783	-2.13881
49	34	-16.5092	-41.8246	34.0987	-2.14302
49	35	-16.6932	-41.8469	34.2174	-2.14719
49	36	-16.8773	-41.8684	34.336	-2.15134
49	37	-17.0609	-41.8934	34.4579	-2.1554
49	38	-17.2452	-41.9155	34.5783	-2.15949
49	39	-17.4306	-41.9321	34.6953	-2.16367
49	40	-17.6165	-41.946	34.8111	-2.16787
49	41	-17.8014	-41.9637	34.93	-2.17197
49	42	-17.985	-41.9784	35.0463	-2.17605
49	43	-18.1665	-41.9898	35.1591	-2.18011
49	44	-18.3451	-42.0029	35.2724	-2.18405
49	45	-18.5213	-42.0104	35.3802	-2.188
49	46	-18.6998	-42.0146	35.4872	-2.19203
49	47	-18.8802	-42.0221	35.5986	-2.19603
49	48	-19.0626	-42.0275	35.7101	-2.20008
49	49	-19.2464	-42.0319	35.8221	-2.20416
49	50	-19.4308	-42.0383	35.9367	-2.20819
49	51	-19.6148	-42.0448	36.0517	-2.21219
49	52	-19.7975	-42.0549	36.1693	-2.21607
49	53	-19.9766	-42.062	36.283	-2.21989
49	54	-20.1525	-42.0635	36.3908	-2.22372
49	55	-20.3272	-42.062	36.496	-2.22754
49	56	-20.5006	-42.058	36.5989	-2.23136
49	57	-20.6724	-42.0507	36.6989	-2.23518
49	58	-20.8406	-42.0377	36.7926	-2.239
49	59	-21.0045	-42.0421	36.8979	-2.24241
49	60	-21.1239	-42.1103	37.0255	-2.24379
49	61	-21.2288	-42.2179	37.1751	-2.24419
49	62	-21.318	-42.3458	37.3307	-2.24392
49	63	-21.3982	-42.492	37.495	-2.24317
49	64	-21.474	-42.6604	37.674	-2.24196
49	65	-21.5468	-42.8573	37.8736	-2.24023
49	66	-21.6179	-43.0906	38.1007	-2.23789
49	67	-21.6886	-43.3685	38.363	-2.23486
49	68	-21.7476	-43.6476	38.6194	-2.23161
49	69	-21.7964	-43.9272	38.8702	-2.22818
49	70	-21.8355	-44.2081	39.1167	-2.22459
49	71	-21.8635	-44.4915	39.359	-2.22077
49	72	-21.8778	-44.777	39.5953	-2.2167
49	73	-21.8771	-45.062	39.8228	-2.21237
49	74	-21.863	-45.3439	40.0406	-2.20788
49	75	-21.8384	-45.622	40.25	-2.20328
49	76	-21.8055	-45.8978	40.4534	-2.19859
49	77	-21.7637	-46.1728	40.6519	-2.19379
49	78	-21.7108	-46.4477	40.8447	-2.18881
49	79	-21.6439	-46.721	41.0293	-2.18362
49	80	-21.5621	-46.9897	41.2027	-2.17824
49	81	-21.4676	-47.2517	41.3645	-2.17275
49	82	-21.363	-47.507	41.5164	-2.16719
49	83	-21.2494	-47.7574	41.6604	-2.16156
49	84	-21.1255	-48.0039	41.7967	-2.15581
49	85	-20.9891	-48.2456	41.9236	-2.14992
49	86	-20.8393	-48.4797	42.0384	-2.14389
49	87	-20.6777	-48.7038	42.1399	-2.13778
49	88	-20.5075	-48.9178	42.2297	-2.13166
49	89	-20.3306	-49.1234	42.3105	-2.12554
49	90	-20.147	-49.3222	42.3836	-2.11938
49	91	-19.9558	-49.5152	42.4494	-2.11317
49	92	-19.7551	-49.7003	42.5052	-2.10688
49	93	-19.5447	-49.8746	42.5485	-2.10053
49	94	-19.3268	-50.0371	42.5794	-2.09419
49	95	-19.1037	-50.1887	42.6	-2.08787
49	96	-18.8763	-50.3313	42.6124	-2.08158
49	97	-18.6436	-50.4658	42.6169	-2.07527
49	98	-18.4042	-50.591	42.6116	-2.06894
49	99	-18.1576	-50.704	42.5939	-2.06258
49	100	-17.9055	-50.8031	42.563	-2.05626
49	101	-17.6505	-50.8885	42.5205	-2.05002
49	102	-17.394	-50.9627	42.4688	-2.04386
49	103	-17.1359	-51.0273	42.4095	-2.03774
49	104	-16.8754	-51.0823	42.3422	-2.03167
49	105	-16.6121	-51.1254	42.2645	-2.02563
49	106	-16.3833	-51.1494	42.186	-2.02051
49	107	-16.181	-51.1523	42.1011	-2.01615
49	108	-15.9987	-51.136	42.0082	-2.0124
49	109	-15.8305	-51.1024	41.9061	-2.00912
49	110	-15.672	-51.0526	41.7939	-2.00619
49	111	-15.5229	-50.9823	41.6674	-2.00366
49	112	-15.4058	-50.8696	41.5161	-2.00223
49	113	-15.3168	-50.7125	41.3361	-2.00187
49	114	-15.2352	-50.548	41.1526	-2.00174
49	115	-15.1565	-50.3832	40.97	-2.00167
49	116	-15.0789	-50.2187	40.7881	-2.00163
49	117	-15.0026	-50.0532	40.6058	-2.00162
49	118	-14.9278	-49.8861	40.4228	-2.00167
49	119	-14.8545	-49.7174	40.2389	-2.00176
49	120	-14.7826	-49.547	40.054	-2.00191
49	121	-14.7124	-49.3751	39.8686	-2.00211
49	122	-14.644	-49.2025	39.6832	-2.00236
49	123	-14.578	-49.0297	39.4986	-2.00268
49	124	-14.5151	-48.8552	39.3138	-2.00308
49	125	-14.4551	-48.6794	39.1291	-2.00357
49	126	-14.3972	-48.5026	38.9443	-2.00412
49	127	-14.3408	-48.3245	38.7589	-2.00473
49	128	-14.2858	-48.1447	38.5727	-2.0054
49	129	-14.2327	-47.963	38.3855	-2.00614
49	130	-14.1821	-47.7797	38.198	-2.00696
49	131	-14.1343	-47.5956	38.0109	-2.00787
49	132	-14.0887	-47.4117	37.8251	-2.00883
49	133	-14.0445	-47.2289	37.6408	-2.00983
49	134	-14.001	-47.0475	37.4581	-2.01084
49	135	-13.9586	-46.865	37.275	-2.01189
49	136	-13.9173	-46.6812	37.0912	-2.013
49	137	-13.8772	-46.4956	36.9063	-2.01417
49	138	-13.8385	-46.3082	36.7205	-2.01541
49	139	-13.802	-46.1192	36.5342	-2.01673
