# CellID	NodeIndex	X	Y	R	Theta
8	0	53.6092	-6.64796	52.2058	0.126358
8	1	53.766	-6.44212	52.3876	0.129878
8	2	53.9104	-6.22639	52.5591	0.133592
8	3	54.0413	-6.00273	52.719	0.137466
8	4	54.159	-5.77337	52.8674	0.141459
8	5	54.2651	-5.53948	53.0059	0.145545
8	6	54.3609	-5.30078	53.1357	0.149728
8	7	54.4461	-5.05625	53.257	0.15403
8	8	54.5192	-4.80518	53.3683	0.158468
8	9	54.578	-4.54834	53.4674	0.163039
8	10	54.6215	-4.28787	53.5532	0.167706
8	11	54.6507	-4.02594	53.6263	0.172431
8	12	54.6675	-3.76331	53.6886	0.177196
8	13	54.6732	-3.49936	53.7414	0.182012
8	14	54.6675	-3.23307	53.7845	0.186901
8	15	54.6483	-2.96418	53.8163	0.191876
8	16	54.6139	-2.69403	53.8347	0.196924
8	17	54.564	-2.42504	53.8391	0.202005
8	18	54.5005	-2.15886	53.831	0.207086
8	19	54.4256	-1.89529	53.8126	0.212166
8	20	54.3401	-1.63298	53.7849	0.217268
8	21	54.2424	-1.37093	53.7468	0.222421
8	22	54.1297	-1.10991	53.6951	0.227626
8	23	54	-0.852958	53.6275	0.232839
8	24	53.8548	-0.6034	53.5445	0.238
8	25	53.6974	-0.361923	53.4492	0.243085
8	26	53.5302	-0.126707	53.3442	0.248119
8	27	53.353	0.104134	53.2298	0.25314
8	28	53.1639	0.330583	53.1041	0.258161
8	29	52.9612	0.550297	52.9649	0.263148
8	30	52.7464	0.760546	52.8128	0.26805
8	31	52.5223	0.961096	52.6504	0.272851
8	32	52.2905	1.15397	52.4798	0.27758
8	33	52.0502	1.34075	52.3004	0.282274
8	34	51.7993	1.52058	52.11	0.28693
8	35	51.537	1.69051	51.9071	0.291499
8	36	51.2659	1.84855	51.6934	0.295935
8	37	50.9887	1.99599	51.4717	0.300246
8	38	50.7052	2.1352	51.2426	0.304477
8	39	50.4133	2.26631	51.0038	0.308645
8	40	50.1115	2.38619	50.7531	0.312702
8	41	49.8021	2.49082	50.4913	0.316559
8	42	49.5316	2.56289	50.2569	0.319597
8	43	49.2909	2.61	50.0434	0.322002
8	44	49.0707	2.63828	49.8435	0.323938
8	45	48.8624	2.6504	49.6499	0.325505
8	46	48.6625	2.64258	49.458	0.326648
8	47	48.4827	2.59802	49.2735	0.326962
8	48	48.3137	2.51738	49.0876	0.326512
8	49	48.1393	2.44054	48.8977	0.326168
8	50	47.9667	2.35191	48.7058	0.325579
8	51	47.7946	2.25721	48.5124	0.324865
8	52	47.6258	2.15422	48.3196	0.32396
8	53	47.4591	2.04778	48.1278	0.322966
8	54	47.2985	1.9343	47.9395	0.321784
8	55	47.1413	1.81976	47.7542	0.32055
8	56	46.9854	1.69916	47.5682	0.319176
8	57	46.828	1.57634	47.3803	0.317758
8	58	46.6731	1.44703	47.1928	0.31618
8	59	46.5203	1.3134	47.0061	0.314489
8	60	46.3742	1.17306	46.8239	0.312604
8	61	46.2344	1.02989	46.6468	0.310605
8	62	46.0987	0.881329	46.4724	0.308454
8	63	45.9651	0.731005	46.2995	0.306236
8	64	45.8362	0.577375	46.1305	0.303903
8	65	45.71	0.422548	45.9638	0.301511
8	66	45.5891	0.264506	45.8017	0.298999
8	67	45.4673	0.10247	45.6376	0.296393
8	68	45.3484	-0.0657394	45.475	0.293619
8	69	45.2326	-0.238213	45.3144	0.290715
8	70	45.1244	-0.415199	45.1602	0.287647
8	71	45.0187	-0.594945	45.0081	0.284484
8	72	44.9189	-0.777591	44.8613	0.281201
8	73	44.8229	-0.961146	44.7184	0.277853
8	74	44.7336	-1.14682	44.5818	0.274398
8	75	44.6519	-1.3343	44.4527	0.270835
8	76	44.5832	-1.52407	44.336	0.267126
8	77	44.529	-1.7187	44.2327	0.263205
8	78	44.4856	-1.91844	44.1392	0.259091
8	79	44.4645	-2.12587	44.0661	0.254664
8	80	44.458	-2.32281	44.0106	0.250371
8	81	44.485	-2.50505	43.992	0.246205
8	82	44.5199	-2.6788	43.9838	0.242181
8	83	44.5757	-2.84556	43.9984	0.238197
8	84	44.6339	-3.01123	44.0162	0.234228
8	85	44.6965	-3.17707	44.039	0.230235
8	86	44.7653	-3.34282	44.0684	0.226217
8	87	44.8397	-3.50941	44.104	0.222157
8	88	44.9184	-3.67829	44.1439	0.218033
8	89	45.0035	-3.84888	44.1904	0.213847
8	90	45.0921	-4.02231	44.2407	0.209591
8	91	45.1861	-4.19677	44.2967	0.205298
8	92	45.2821	-4.37253	44.3553	0.200977
8	93	45.3814	-4.5476	44.418	0.196669
8	94	45.4812	-4.7225	44.4822	0.192374
8	95	45.582	-4.89677	44.5482	0.188102
8	96	45.6834	-5.07081	44.6156	0.183845
8	97	45.7856	-5.24442	44.6847	0.179607
8	98	45.8894	-5.41631	44.7566	0.175413
8	99	45.9929	-5.58625	44.8293	0.171278
8	100	46.0988	-5.7577	44.9048	0.167114
8	101	46.2082	-5.92822	44.9846	0.162971
8	102	46.3189	-6.0981	45.0667	0.158853
8	103	46.4282	-6.26913	45.148	0.15473
8	104	46.539	-6.43982	45.2315	0.150624
8	105	46.6525	-6.60979	45.3186	0.14654
8	106	46.7675	-6.78032	45.4078	0.142455
8	107	46.8831	-6.95142	45.4983	0.138371
8	108	47.0012	-7.12327	45.592	0.134281
8	109	47.1223	-7.29591	45.6893	0.130181
8	110	47.2438	-7.46868	45.7877	0.126096
8	111	47.3671	-7.63882	45.889	0.122079
8	112	47.4919	-7.80774	45.9927	0.118103
8	113	47.6174	-7.97633	46.0978	0.114151
8	114	47.7558	-8.12043	46.2192	0.110713
8	115	47.8998	-8.23874	46.3494	0.107832
8	116	48.0703	-8.31565	46.5108	0.105794
8	117	48.2451	-8.39329	46.6765	0.103744
8	118	48.4391	-8.44746	46.8638	0.102166
8	119	48.6514	-8.49845	47.0699	0.100628
8	120	48.8935	-8.53165	47.3074	0.0994159
8	121	49.172	-8.55313	47.5825	0.0983858
8	122	49.4479	-8.56047	47.8564	0.0976667
8	123	49.7209	-8.55734	48.1283	0.0971784
8	124	49.9918	-8.54405	48.3993	0.0969086
8	125	50.2618	-8.51956	48.6704	0.0968725
8	126	50.5308	-8.48136	48.9419	0.0971178
8	127	50.7969	-8.42745	49.2119	0.097684
8	128	51.0571	-8.35802	49.4777	0.0985675
8	129	51.3099	-8.27539	49.7374	0.0997207
8	130	51.5557	-8.18193	49.9914	0.101091
8	131	51.7958	-8.07858	50.2407	0.102656
8	132	52.031	-7.96446	50.4864	0.104427
8	133	52.2607	-7.83777	50.7281	0.106439
8	134	52.4826	-7.69741	50.9639	0.108715
8	135	52.6945	-7.54423	51.1913	0.11124
8	136	52.8954	-7.38064	51.4093	0.113969
8	137	53.0861	-7.20894	51.6184	0.116853
8	138	53.2682	-7.03009	51.8204	0.119872
8	139	53.4427	-6.84357	52.0163	0.12303
9	0	-40.4129	2.8835	45.201	2.77716
9	1	-40.4784	3.04206	45.3189	2.77441
9	2	-40.5499	3.20209	45.4433	2.77168
9	3	-40.6285	3.36148	45.5743	2.76905
9	4	-40.7111	3.51916	45.7088	2.76649
9	5	-40.799	3.6714	45.8465	2.7641
9	6	-40.8885	3.82529	45.9866	2.76171
9	7	-40.9824	3.97747	46.1303	2.7594
9	8	-41.0769	4.12797	46.2742	2.75715
9	9	-41.1735	4.27306	46.4183	2.75503
9	10	-41.2717	4.4197	46.5647	2.75291
9	11	-41.3737	4.56276	46.7134	2.7509
9	12	-41.4765	4.70543	46.8629	2.74892
9	13	-41.584	4.84638	47.0161	2.74703
9	14	-41.6926	4.98474	47.1697	2.7452
9	15	-41.8029	5.11936	47.3235	2.74348
9	16	-41.9167	5.24846	47.4785	2.7419
9	17	-42.0306	5.37536	47.6329	2.74038
9	18	-42.1501	5.49569	47.7899	2.73904
9	19	-42.2676	5.61424	47.9445	2.73772
9	20	-42.389	5.72597	48.1001	2.73658
9	21	-42.5117	5.83292	48.255	2.73554
9	22	-42.6386	5.93159	48.4106	2.73471
9	23	-42.7728	6.01892	48.5684	2.73415
9	24	-42.9021	6.11333	48.7246	2.73342
9	25	-43.0612	6.17195	48.8939	2.73361
9	26	-43.2608	6.18993	49.0842	2.73489
9	27	-43.4683	6.21554	49.2849	2.73608
9	28	-43.6897	6.22574	49.4925	2.73765
9	29	-43.9291	6.22319	49.7117	2.73959
9	30	-44.1917	6.20843	49.9478	2.74192
9	31	-44.4843	6.17985	50.2063	2.74471
9	32	-44.8129	6.13322	50.4916	2.74808
9	33	-45.1379	6.0699	50.7679	2.75169
9	34	-45.455	5.99187	51.0319	2.75546
9	35	-45.7641	5.90334	51.2853	2.75933
9	36	-46.0679	5.80583	51.5312	2.76329
9	37	-46.3675	5.69733	51.77	2.76737
9	38	-46.6611	5.57534	51.9991	2.77162
9	39	-46.9454	5.44061	52.216	2.77599
9	40	-47.2197	5.29633	52.4211	2.78044
9	41	-47.4859	5.14423	52.6169	2.78493
9	42	-47.7455	4.98313	52.8045	2.7895
9	43	-47.9973	4.81072	52.9819	2.7942
9	44	-48.2382	4.62672	53.1465	2.799
9	45	-48.4667	4.43373	53.2974	2.80385
9	46	-48.6837	4.23429	53.4367	2.80871
9	47	-48.8913	4.02867	53.5663	2.81361
9	48	-49.0895	3.81548	53.686	2.81856
9	49	-49.2766	3.59377	53.7937	2.82357
9	50	-49.4505	3.36477	53.8879	2.82861
9	51	-49.611	3.1309	53.9693	2.83365
9	52	-49.7597	2.89349	54.0398	2.83867
9	53	-49.8978	2.65211	54.1003	2.84369
9	54	-50.0248	2.40556	54.15	2.84873
9	55	-50.1388	2.15359	54.1871	2.85379
9	56	-50.2382	1.89776	54.2104	2.85884
9	57	-50.3232	1.64029	54.221	2.86384
9	58	-50.3956	1.38228	54.2205	2.86878
9	59	-50.4565	1.12328	54.21	2.87368
9	60	-50.5056	0.862106	54.1889	2.87857
9	61	-50.5408	0.598298	54.1549	2.88344
9	62	-50.5598	0.333184	54.1062	2.88827
9	63	-50.5622	0.0694277	54.0431	2.89301
9	64	-50.5497	-0.190871	53.9675	2.89762
9	65	-50.5247	-0.447341	53.8818	2.90213
9	66	-50.4884	-0.700828	53.7869	2.90655
9	67	-50.4406	-0.952205	53.6824	2.9109
9	68	-50.3799	-1.20136	53.5668	2.91516
9	69	-50.305	-1.44687	53.4392	2.91933
9	70	-50.2162	-1.68675	53.3001	2.92335
9	71	-50.1149	-1.91979	53.1511	2.92722
9	72	-50.0027	-2.14608	52.9938	2.93094
9	73	-49.8803	-2.36642	52.8283	2.93453
9	74	-49.7469	-2.58121	52.6539	2.938
9	75	-49.6012	-2.78976	52.4694	2.94134
9	76	-49.4426	-2.99027	52.2743	2.94449
9	77	-49.2717	-3.18079	52.0697	2.94744
9	78	-49.0907	-3.36058	51.8575	2.95017
9	79	-48.9012	-3.53032	51.6394	2.95269
9	80	-48.7038	-3.69116	51.4155	2.95505
9	81	-48.4979	-3.8435	51.185	2.95722
9	82	-48.2824	-3.98635	50.947	2.95921
9	83	-48.057	-4.11767	50.7016	2.96095
9	84	-47.8232	-4.23579	50.4505	2.96242
9	85	-47.5833	-4.34067	50.1957	2.96362
9	86	-47.3385	-4.43374	49.9384	2.96459
9	87	-47.0888	-4.51641	49.678	2.96534
9	88	-46.8328	-4.58863	49.4134	2.96587
9	89	-46.5695	-4.64836	49.1437	2.96613
9	90	-46.2994	-4.69256	48.87	2.96606
9	91	-46.0253	-4.71952	48.5954	2.96562
9	92	-45.7505	-4.73054	48.3229	2.96485
9	93	-45.4763	-4.72841	48.0534	2.9638
9	94	-45.2433	-4.71532	47.8264	2.96267
9	95	-45.0408	-4.69231	47.6313	2.96144
9	96	-44.8606	-4.65859	47.4601	2.96006
9	97	-44.6964	-4.61131	47.3072	2.95845
9	98	-44.5364	-4.57464	47.1566	2.95707
9	99	-44.4021	-4.50408	47.0376	2.95507
9	100	-44.2853	-4.38994	46.9442	2.95222
9	101	-44.156	-4.28276	46.8375	2.94945
9	102	-44.0315	-4.16289	46.7385	2.94642
9	103	-43.9062	-4.03719	46.6402	2.94326
9	104	-43.7834	-3.90584	46.5459	2.93997
9	105	-43.6613	-3.77101	46.4535	2.9366
9	106	-43.5399	-3.63289	46.3631	2.93315
9	107	-43.4197	-3.49125	46.275	2.92962
9	108	-43.2985	-3.34788	46.187	2.92603
9	109	-43.1782	-3.20143	46.1011	2.92237
9	110	-43.0571	-3.05417	46.0153	2.91868
9	111	-42.9372	-2.90594	45.9314	2.91495
9	112	-42.8179	-2.75888	45.8485	2.91124
9	113	-42.7007	-2.61333	45.7679	2.90756
9	114	-42.5887	-2.46808	45.6931	2.9039
9	115	-42.4749	-2.32152	45.6173	2.90019
9	116	-42.3598	-2.17345	45.5412	2.89643
9	117	-42.2461	-2.02198	45.468	2.89259
9	118	-42.1325	-1.86926	45.3959	2.88871
9	119	-42.0184	-1.71692	45.3239	2.88483
9	120	-41.9059	-1.56456	45.2541	2.88094
9	121	-41.7971	-1.41208	45.1886	2.87706
9	122	-41.6921	-1.26054	45.1272	2.87321
9	123	-41.5835	-1.10826	45.0632	2.86931
9	124	-41.4752	-0.952713	45.0011	2.86534
9	125	-41.3679	-0.793889	44.9415	2.86129
9	126	-41.2617	-0.63244	44.8845	2.85717
9	127	-41.156	-0.470406	44.829	2.85304
9	128	-41.0528	-0.308332	44.7766	2.84892
9	129	-40.9525	-0.147766	44.7271	2.84483
9	130	-40.8519	0.0135227	44.6785	2.84072
9	131	-40.7513	0.175219	44.6307	2.83659
9	132	-40.6535	0.338832	44.587	2.83244
9	133	-40.5563	0.504503	44.5452	2.82823
9	134	-40.4645	0.673963	44.5105	2.82397
9	135	-40.3764	0.845094	44.4806	2.8197
9	136	-40.3011	1.02027	44.4651	2.81542
9	137	-40.2425	1.19792	44.4669	2.81122
9	138	-40.2004	1.37798	44.4858	2.80708
9	139	-40.1798	1.56257	44.5273	2.80301
9	140	-40.1645	1.7516	44.5761	2.7989
9	141	-40.1634	1.92875	44.6349	2.79515
9	142	-40.1832	2.09746	44.711	2.79175
9	143	-40.2065	2.25926	44.7886	2.78854
9	144	-40.253	2.41494	44.8863	2.78564
9	145	-40.3005	2.57091	44.9853	2.78276
9	146	-40.3531	2.72727	45.0897	2.77992
17	0	47.0561	-9.73279	45.3712	0.0770906
17	1	47.1162	-9.49605	45.45	0.0821819
17	2	47.1542	-9.28132	45.506	0.0868163
17	3	47.1846	-9.08442	45.5537	0.0910646
17	4	47.1923	-8.89596	45.5789	0.095167
17	5	47.1906	-8.71189	45.595	0.0991893
17	6	47.1385	-8.53663	45.561	0.10313
17	7	47.0447	-8.35759	45.4865	0.107258
17	8	46.9557	-8.17027	45.4184	0.111568
17	9	46.8553	-7.98304	45.34	0.115919
17	10	46.7498	-7.79813	45.257	0.120246
17	11	46.6425	-7.6132	45.1731	0.124596
17	12	46.5337	-7.42684	45.0887	0.128997
17	13	46.4218	-7.24148	45.002	0.133401
17	14	46.3076	-7.05515	44.9141	0.137851
17	15	46.1935	-6.86554	44.8276	0.142391
17	16	46.0764	-6.67475	44.7392	0.146984
17	17	45.9574	-6.48269	44.6501	0.151629
17	18	45.8357	-6.29384	44.5588	0.156231
17	19	45.7176	-6.10295	44.4723	0.160884
17	20	45.6027	-5.91125	44.3901	0.165562
17	21	45.4821	-5.72291	44.3027	0.170203
17	22	45.3641	-5.53274	44.219	0.174894
17	23	45.2487	-5.34123	44.1392	0.179621
17	24	45.1279	-5.15429	44.0543	0.184287
17	25	45.0102	-4.96669	43.9734	0.188971
17	26	44.8938	-4.77822	43.8949	0.193686
17	27	44.7741	-4.58996	43.8142	0.198429
17	28	44.653	-4.39944	43.7335	0.203246
17	29	44.5295	-4.20716	43.652	0.208131
17	30	44.4034	-4.01485	43.5689	0.213047
17	31	44.2749	-3.82471	43.484	0.217946
17	32	44.1442	-3.63811	43.3972	0.222795
17	33	44.0102	-3.45606	43.3072	0.227579
17	34	43.8711	-3.28132	43.2116	0.232245
17	35	43.7219	-3.1179	43.1045	0.236731
17	36	43.5569	-2.97052	42.9791	0.240964
17	37	43.3728	-2.83965	42.8318	0.244958
17	38	43.1698	-2.7237	42.6633	0.248748
17	39	42.965	-2.63111	42.4878	0.252047
17	40	42.7573	-2.56059	42.3044	0.254886
17	41	42.5464	-2.50923	42.1135	0.257328
17	42	42.3334	-2.47022	41.9175	0.259522
17	43	42.1187	-2.43948	41.718	0.261555
17	44	41.9022	-2.415	41.5152	0.263473
17	45	41.6834	-2.39714	41.3087	0.26527
17	46	41.4627	-2.38713	41.0984	0.266913
17	47	41.2413	-2.38596	40.8852	0.268368
17	48	41.0209	-2.39348	40.6707	0.269627
17	49	40.8026	-2.40935	40.4561	0.270686
17	50	40.5867	-2.4334	40.2417	0.271545
17	51	40.3734	-2.46683	40.0272	0.27217
17	52	40.1627	-2.51298	39.8119	0.272476
17	53	39.9556	-2.57708	39.5952	0.272324
17	54	39.7502	-2.66352	39.3741	0.271613
17	55	39.5473	-2.77402	39.149	0.270285
17	56	39.366	-2.89676	38.9415	0.26849
17	57	39.2076	-3.03068	38.7534	0.266242
17	58	39.0658	-3.17544	38.5786	0.263589
17	59	38.9359	-3.3276	38.4138	0.260646
17	60	38.8131	-3.48321	38.2552	0.257543
17	61	38.6941	-3.64384	38.0994	0.254261
17	62	38.5768	-3.80867	37.9447	0.250835
17	63	38.463	-3.97897	37.7924	0.247217
17	64	38.3531	-4.15366	37.6433	0.243432
17	65	38.2496	-4.33165	37.5003	0.239491
17	66	38.1474	-4.51449	37.3579	0.235385
17	67	38.048	-4.70034	37.2183	0.231152
17	68	37.9517	-4.88679	37.0821	0.226853
17	69	37.8593	-5.07238	36.9508	0.222521
17	70	37.7658	-5.26085	36.8183	0.218089
17	71	37.6732	-5.45221	36.6868	0.213543
17	72	37.5837	-5.64576	36.5588	0.208887
17	73	37.496	-5.84423	36.4323	0.204057
17	74	37.4128	-6.04586	36.3104	0.199084
17	75	37.3362	-6.24862	36.1956	0.194011
17	76	37.2633	-6.45275	36.0852	0.18885
17	77	37.1948	-6.6579	35.9799	0.183607
17	78	37.1314	-6.86393	35.8805	0.178284
17	79	37.0776	-7.07147	35.7913	0.172844
17	80	37.0386	-7.27978	35.7176	0.167286
17	81	37.0163	-7.49086	35.661	0.161554
17	82	37.01	-7.70541	35.6209	0.155638
17	83	37.0235	-7.9243	35.601	0.149505
17	84	37.0539	-8.12709	35.6015	0.143745
17	85	37.1034	-8.31604	35.6239	0.138297
17	86	37.1679	-8.49418	35.6637	0.1331
17	87	37.2452	-8.66549	35.718	0.128059
17	88	37.3272	-8.83585	35.778	0.123044
17	89	37.4167	-9.00562	35.8465	0.118037
17	90	37.5105	-9.17819	35.9198	0.112959
17	91	37.6117	-9.35268	36.0012	0.107826
17	92	37.7182	-9.52736	36.0888	0.102696
17	93	37.8305	-9.70096	36.1831	0.0976053
17	94	37.9458	-9.87439	36.2814	0.0925382
17	95	38.0634	-10.048	36.383	0.0874873
17	96	38.1828	-10.2231	36.487	0.0824216
17	97	38.3046	-10.4	36.5944	0.0773307
17	98	38.4293	-10.5788	36.7053	0.0722112
17	99	38.557	-10.7587	36.8202	0.0670875
17	100	38.6854	-10.9401	36.9367	0.0619551
17	101	38.8153	-11.1216	37.0555	0.0568479
17	102	38.9477	-11.303	37.1779	0.0517742
17	103	39.0807	-11.4831	37.3019	0.0467677
17	104	39.2126	-11.6651	37.4255	0.0417454
17	105	39.3465	-11.8477	37.5522	0.0367389
17	106	39.484	-12.0293	37.6834	0.031788
17	107	39.6224	-12.2107	37.8165	0.0268774
17	108	39.7602	-12.3922	37.9498	0.0220002
17	109	39.8977	-12.5736	38.0837	0.0171594
17	110	40.0364	-12.7547	38.2197	0.0123596
17	111	40.1787	-12.934	38.3602	0.00763782
17	112	40.3313	-13.1	38.5119	0.00329934
17	113	40.499	-13.225	38.6794	5.19675e-05
17	114	40.6888	-13.3145	38.8693	-0.00225143
17	115	40.8906	-13.3844	39.0713	-0.00402734
17	116	41.1055	-13.4383	39.2864	-0.00537811
17	117	41.3392	-13.4766	39.5204	-0.00631418
17	118	41.5998	-13.4989	39.7811	-0.00683484
17	119	41.8962	-13.5047	40.0775	-0.00692979
17	120	42.1918	-13.4981	40.3731	-0.00671368
17	121	42.4874	-13.4777	40.6686	-0.0061635
17	122	42.7816	-13.4406	40.9625	-0.0052146
17	123	43.071	-13.3862	41.2517	-0.00385842
17	124	43.3535	-13.3167	41.534	-0.00215927
17	125	43.6296	-13.2347	41.81	-0.000184238
17	126	43.9009	-13.1406	42.0814	0.00205424
17	127	44.1676	-13.0324	42.3484	0.00459595
17	128	44.4278	-12.9083	42.6093	0.00748066
17	129	44.6783	-12.7689	42.8611	0.010689
17	130	44.9179	-12.6172	43.1026	0.0141489
17	131	45.1479	-12.4558	43.3352	0.0177984
17	132	45.3702	-12.285	43.5607	0.0216266
17	133	45.5852	-12.1033	43.78	0.0256706
17	134	45.7913	-11.9084	43.9914	0.0299792
17	135	45.9851	-11.7001	44.1918	0.0345589
17	136	46.1644	-11.4809	44.3791	0.0393554
17	137	46.3299	-11.2538	44.554	0.0443032
17	138	46.4837	-11.0198	44.7185	0.0493787
17	139	46.6264	-10.778	44.8737	0.0546036
17	140	46.757	-10.5271	45.0184	0.0600095
17	141	46.8727	-10.2675	45.1501	0.0655948
17	142	46.9724	-10.0019	45.2678	0.0713049
18	0	-33.7068	-1.07383	37.5477	2.81198
18	1	-33.8064	-0.910389	37.6949	2.80874
18	2	-33.9094	-0.748139	37.8456	2.80557
18	3	-34.0201	-0.591731	38.0018	2.80265
18	4	-34.1321	-0.433638	38.1602	2.79972
18	5	-34.2498	-0.27757	38.3235	2.79691
18	6	-34.3687	-0.120365	38.4887	2.79411
18	7	-34.494	0.0339403	38.6592	2.79146
18	8	-34.6222	0.187735	38.8325	2.78887
18	9	-34.7573	0.338771	39.0116	2.78644
18	10	-34.8954	0.488623	39.1932	2.78408
18	11	-35.04	0.631475	39.3788	2.78196
18	12	-35.1869	0.769464	39.5649	2.78
18	13	-35.3414	0.895282	39.754	2.77842
18	14	-35.5034	1.00897	39.9459	2.7772
18	15	-35.679	1.1069	40.1449	2.77648
18	16	-35.8674	1.19398	40.3519	2.77613
18	17	-36.0657	1.26492	40.5625	2.77624
18	18	-36.2662	1.32059	40.7696	2.77673
18	19	-36.4709	1.36005	40.975	2.77761
18	20	-36.68	1.38469	41.1791	2.77886
18	21	-36.8908	1.39752	41.3808	2.78038
18	22	-37.1012	1.40189	41.5792	2.78206
18	23	-37.3104	1.40025	41.7746	2.78386
18	24	-37.5188	1.3937	41.9676	2.78575
18	25	-37.7263	1.38334	42.1585	2.78769
18	26	-37.9338	1.36827	42.348	2.78973
18	27	-38.1415	1.34669	42.5357	2.79189
18	28	-38.3484	1.31463	42.7192	2.79425
18	29	-38.5506	1.26518	42.8926	2.79694
18	30	-38.7497	1.19536	43.0567	2.80003
18	31	-38.945	1.10568	43.2109	2.8035
18	32	-39.1283	1.00179	43.3497	2.80716
18	33	-39.2927	0.886556	43.4674	2.81091
18	34	-39.4408	0.763875	43.568	2.81467
18	35	-39.5741	0.629681	43.6514	2.81856
18	36	-39.7047	0.492038	43.7319	2.8225
18	37	-39.8318	0.346696	43.8074	2.82656
18	38	-39.961	0.197151	43.8842	2.83071
18	39	-40.0898	0.0399991	43.9592	2.83501
18	40	-40.2174	-0.120192	44.0329	2.83935
18	41	-40.3432	-0.284247	44.1046	2.84375
18	42	-40.4677	-0.449217	44.1757	2.84815
18	43	-40.5913	-0.616021	44.2462	2.85257
18	44	-40.7156	-0.785014	44.3176	2.85702
18	45	-40.8423	-0.95655	44.3915	2.86153
18	46	-40.9685	-1.13005	44.4653	2.86607
18	47	-41.0949	-1.30543	44.5397	2.87063
18	48	-41.217	-1.48231	44.6105	2.87518
18	49	-41.3417	-1.65561	44.6855	2.87966
18	50	-41.4696	-1.82598	44.7654	2.88407
18	51	-41.5935	-2.00044	44.8413	2.88854
18	52	-41.723	-2.17358	44.9237	2.89299
18	53	-41.8547	-2.34533	45.0096	2.89741
18	54	-41.9851	-2.51894	45.0946	2.90184
18	55	-42.1146	-2.6904	45.18	2.90621
18	56	-42.2405	-2.86143	45.263	2.91053
18	57	-42.3676	-3.02924	45.3487	2.91478
18	58	-42.4968	-3.19503	45.4377	2.91897
18	59	-42.6246	-3.36333	45.5257	2.9232
18	60	-42.7546	-3.53236	45.6163	2.92743
18	61	-42.8848	-3.70339	45.7076	2.93169
18	62	-43.0125	-3.87704	45.7967	2.93598
18	63	-43.1387	-4.05132	45.8851	2.94026
18	64	-43.2646	-4.22477	45.9742	2.94451
18	65	-43.3895	-4.39832	46.0632	2.94873
18	66	-43.5108	-4.57556	46.1486	2.95301
18	67	-43.6407	-4.74674	46.2445	2.95717
18	68	-43.7102	-4.91926	46.2816	2.96111
18	69	-43.7288	-5.10101	46.2676	2.96505
18	70	-43.7592	-5.28387	46.2658	2.96905
18	71	-43.7682	-5.47419	46.2423	2.97314
18	72	-43.7555	-5.67476	46.1967	2.97738
18	73	-43.72	-5.89053	46.1268	2.98186
18	74	-43.6601	-6.12825	46.0304	2.98676
18	75	-43.5818	-6.3799	45.9148	2.99191
18	76	-43.4927	-6.62745	45.7904	2.99696
18	77	-43.3923	-6.87158	45.6564	3.00194
18	78	-43.278	-7.11175	45.5104	3.00681
18	79	-43.1478	-7.34564	45.3504	3.01154
18	80	-43.0018	-7.56995	45.177	3.01604
18	81	-42.8426	-7.78276	44.9928	3.02029
18	82	-42.6731	-7.9846	44.8005	3.02431
18	83	-42.4946	-8.17725	44.601	3.02813
18	84	-42.3066	-8.36187	44.3936	3.03178
18	85	-42.1076	-8.53794	44.1768	3.03525
18	86	-41.8969	-8.70331	43.9499	3.03848
18	87	-41.6755	-8.85573	43.7142	3.04143
18	88	-41.4458	-8.99465	43.472	3.04408
18	89	-41.2098	-9.12141	43.2249	3.04647
18	90	-40.9674	-9.23756	42.9726	3.04862
18	91	-40.7175	-9.3432	42.714	3.05054
18	92	-40.4587	-9.43638	42.4479	3.05217
18	93	-40.192	-9.51431	42.1753	3.05345
18	94	-39.9198	-9.57566	41.8989	3.05433
18	95	-39.6449	-9.62169	41.6209	3.05486
18	96	-39.3674	-9.6546	41.3417	3.05507
18	97	-39.0864	-9.67517	41.0599	3.05498
18	98	-38.8008	-9.68196	40.7748	3.05454
18	99	-38.5117	-9.67266	40.4876	3.05369
18	100	-38.222	-9.64666	40.2014	3.05241
18	101	-37.9346	-9.60502	39.9188	3.05073
18	102	-37.6832	-9.55025	39.6735	3.04878
18	103	-37.4577	-9.48524	39.4552	3.04661
18	104	-37.2492	-9.40862	39.255	3.04417
18	105	-37.0539	-9.3134	39.07	3.04126
18	106	-36.8843	-9.17988	38.915	3.0374
18	107	-36.7353	-8.9993	38.786	3.03237
18	108	-36.5969	-8.80135	38.6706	3.0269
18	109	-36.4617	-8.60243	38.5596	3.02137
18	110	-36.329	-8.40549	38.4521	3.01587
18	111	-36.2011	-8.21053	38.3502	3.01041
18	112	-36.0742	-8.01969	38.2499	3.00503
18	113	-35.9454	-7.83174	38.1485	2.99969
18	114	-35.8192	-7.63976	38.0513	2.99422
18	115	-35.6934	-7.44552	37.956	2.98868
18	116	-35.5686	-7.25027	37.8629	2.98308
18	117	-35.4438	-7.05658	37.7708	2.97749
18	118	-35.3229	-6.863	37.6838	2.9719
18	119	-35.2004	-6.67247	37.5958	2.96635
18	120	-35.0743	-6.48475	37.505	2.96084
18	121	-34.9534	-6.29369	37.4209	2.95524
18	122	-34.8306	-6.1043	37.3359	2.94964
18	123	-34.707	-5.91757	37.2508	2.94409
18	124	-34.5914	-5.73013	37.1748	2.93853
18	125	-34.4764	-5.5479	37.0994	2.9331
18	126	-34.363	-5.37007	37.0258	2.92777
18	127	-34.253	-5.19503	36.956	2.92251
18	128	-34.1418	-5.01818	36.8865	2.91717
18	129	-34.0308	-4.83919	36.8186	2.91176
18	130	-33.9213	-4.65881	36.7536	2.9063
18	131	-33.8164	-4.47743	36.6944	2.90083
18	132	-33.7164	-4.29704	36.6409	2.8954
18	133	-33.6236	-4.11769	36.5952	2.89003
18	134	-33.5359	-3.94063	36.5547	2.88474
18	135	-33.4538	-3.76459	36.5206	2.8795
18	136	-33.3754	-3.59016	36.4905	2.87433
18	137	-33.3018	-3.41497	36.4663	2.86916
18	138	-33.2408	-3.23496	36.4565	2.86396
18	139	-33.1931	-3.0458	36.4629	2.85861
18	140	-33.1679	-2.84451	36.4955	2.85312
18	141	-33.1537	-2.6298	36.5436	2.84738
18	142	-33.1669	-2.42949	36.6148	2.84225
18	143	-33.19	-2.24027	36.6931	2.83751
18	144	-33.2454	-2.06552	36.7985	2.83342
18	145	-33.3053	-1.89616	36.9073	2.82954
18	146	-33.3778	-1.73378	37.0264	2.82597
18	147	-33.4519	-1.5703	37.1478	2.82241
18	148	-33.532	-1.40632	37.2755	2.8189
18	149	-33.617	-1.24043	37.409	2.81542
25	0	39.6007	-15.0134	37.8233	-0.0472462
25	1	39.6985	-14.7444	37.9092	-0.0400367
25	2	39.7681	-14.5035	37.9699	-0.0336245
25	3	39.8106	-14.2823	38.0057	-0.0277699
25	4	39.827	-14.0744	38.0168	-0.0222913
25	5	39.8518	-13.8808	38.0378	-0.0171888
25	6	39.8205	-13.7101	38.004	-0.0127128
25	7	39.7346	-13.5467	37.9163	-0.00843211
25	8	39.6585	-13.3761	37.8392	-0.00394009
25	9	39.5704	-13.2092	37.7508	0.000472619
25	10	39.4741	-13.0444	37.6549	0.00485043
25	11	39.3753	-12.878	37.5573	0.00929416
25	12	39.2708	-12.7116	37.4548	0.0137624
25	13	39.1644	-12.543	37.3511	0.0183151
25	14	39.053	-12.3751	37.2431	0.0228771
25	15	38.9401	-12.2074	37.1344	0.0274604
25	16	38.8236	-12.0389	37.0231	0.0320978
25	17	38.7059	-11.8688	36.9113	0.0368042
25	18	38.5864	-11.6977	36.7986	0.0415723
25	19	38.4652	-11.5249	36.6851	0.0464159
25	20	38.3419	-11.3503	36.5705	0.0513414
25	21	38.2161	-11.1746	36.4543	0.056331
25	22	38.0879	-10.9989	36.3367	0.0613586
25	23	37.9591	-10.823	36.2193	0.0664239
25	24	37.8289	-10.6477	36.1016	0.0715064
25	25	37.6962	-10.4735	35.9821	0.0766
25	26	37.5619	-10.2985	35.862	0.0817528
25	27	37.4263	-10.1221	35.7418	0.0869816
25	28	37.2876	-9.9468	35.6193	0.0922216
25	29	37.1463	-9.77437	35.495	0.0974253
25	30	37.0038	-9.6038	35.3703	0.102617
25	31	36.8602	-9.43615	35.2451	0.107766
25	32	36.714	-9.273	35.1177	0.112833
25	33	36.5614	-9.11773	34.984	0.117734
25	34	36.3995	-8.97885	34.8399	0.122238
25	35	36.2238	-8.85628	34.6807	0.126364
25	36	36.0348	-8.74712	34.5072	0.130192
25	37	35.8293	-8.65377	34.3158	0.133667
25	38	35.6257	-8.58458	34.1234	0.136472
25	39	35.4225	-8.5389	33.9284	0.138621
25	40	35.2182	-8.51139	33.7298	0.140265
25	41	35.0135	-8.49668	33.5293	0.141553
25	42	34.8089	-8.48919	33.3278	0.142642
25	43	34.6035	-8.48747	33.1247	0.143575
25	44	34.3963	-8.48992	32.9193	0.144402
25	45	34.1882	-8.49762	32.7123	0.145084
25	46	33.9794	-8.5098	32.5039	0.145642
25	47	33.7706	-8.52743	32.2948	0.14604
25	48	33.5622	-8.54898	32.0855	0.146321
25	49	33.3557	-8.57414	31.8775	0.146484
25	50	33.15	-8.60119	31.67	0.146588
25	51	32.9441	-8.63201	31.4618	0.146574
25	52	32.738	-8.66642	31.2529	0.146448
25	53	32.5327	-8.70904	31.0436	0.146055
25	54	32.3305	-8.763	30.8357	0.145278
25	55	32.1349	-8.83402	30.632	0.143908
25	56	31.946	-8.9222	30.4324	0.141931
25	57	31.7626	-9.02852	30.2359	0.139308
25	58	31.584	-9.15416	30.0417	0.135992
25	59	31.4239	-9.2885	29.8652	0.132262
25	60	31.2774	-9.43164	29.7013	0.128135
25	61	31.1444	-9.5867	29.5499	0.123506
25	62	31.0217	-9.75454	29.4078	0.118356
25	63	30.9068	-9.92975	29.2734	0.112876
25	64	30.7972	-10.1107	29.1447	0.107129
25	65	30.6924	-10.2948	29.0213	0.101208
25	66	30.5925	-10.48	28.9038	0.095183
25	67	30.4969	-10.6644	28.7916	0.0891229
25	68	30.4047	-10.85	28.6837	0.0829645
25	69	30.315	-11.0357	28.5795	0.0767484
25	70	30.2273	-11.2206	28.4785	0.0705125
25	71	30.1424	-11.4092	28.3811	0.0640953
25	72	30.0612	-11.5994	28.2884	0.0575683
25	73	29.9834	-11.7884	28.2005	0.0510346
25	74	29.9092	-11.9742	28.1176	0.0445723
25	75	29.8378	-12.1608	28.0385	0.0380356
25	76	29.7709	-12.3476	27.9651	0.0314539
25	77	29.7056	-12.5322	27.8946	0.0249099
25	78	29.6469	-12.7157	27.832	0.0183712
25	79	29.5912	-12.9011	27.7735	0.0117359
25	80	29.5464	-13.088	27.7272	0.00501408
25	81	29.5062	-13.2728	27.6867	-0.00165327
25	82	29.4746	-13.4553	27.6559	-0.00825607
25	83	29.449	-13.6351	27.6324	-0.0147691
25	84	29.4282	-13.8143	27.6148	-0.0212682
25	85	29.4219	-13.9941	27.613	-0.0277837
25	86	29.4242	-14.1758	27.6209	-0.0343567
25	87	29.4465	-14.3623	27.6502	-0.0410714
25	88	29.4779	-14.5562	27.6903	-0.048022
25	89	29.5305	-14.7374	27.752	-0.05445
25	90	29.5918	-14.9095	27.8231	-0.0605086
25	91	29.6737	-15.0698	27.9149	-0.0660633
25	92	29.761	-15.2274	28.0129	-0.0714703
25	93	29.8598	-15.38	28.1227	-0.0766317
25	94	29.962	-15.5325	28.2367	-0.0817378
25	95	30.0712	-15.6833	28.3581	-0.0867252
25	96	30.1845	-15.8327	28.4844	-0.091607
25	97	30.302	-15.9817	28.6153	-0.0964151
25	98	30.424	-16.1306	28.7514	-0.10116
25	99	30.5491	-16.2813	28.8914	-0.105913
25	100	30.6772	-16.4339	29.0352	-0.110675
25	101	30.8077	-16.588	29.1823	-0.115429
25	102	30.9417	-16.7414	29.3334	-0.120097
25	103	31.0776	-16.8942	29.487	-0.124689
25	104	31.2125	-17.049	29.6403	-0.129305
25	105	31.3495	-17.2037	29.7965	-0.133862
25	106	31.4894	-17.3591	29.9562	-0.138379
25	107	31.6324	-17.5159	30.1197	-0.14288
25	108	31.7777	-17.6745	30.2865	-0.147381
25	109	31.9258	-17.8333	30.4565	-0.151824
25	110	32.0757	-17.9913	30.6289	-0.156184
25	111	32.226	-18.1491	30.8022	-0.160485
25	112	32.3767	-18.3068	30.9765	-0.164732
25	113	32.528	-18.4653	31.1519	-0.168955
25	114	32.6823	-18.6225	31.3307	-0.173073
25	115	32.8433	-18.7664	31.5143	-0.176691
25	116	33.0151	-18.8689	31.7015	-0.178921
25	117	33.2035	-18.9361	31.8989	-0.179943
25	118	33.4011	-18.9838	32.1019	-0.180305
25	119	33.6098	-19.0165	32.3131	-0.18014
25	120	33.8356	-19.0336	32.5382	-0.179415
25	121	34.0856	-19.0324	32.7841	-0.178019
25	122	34.37	-19.0115	33.0603	-0.175874
25	123	34.6551	-18.9784	33.3354	-0.173399
25	124	34.9413	-18.9321	33.6094	-0.170573
25	125	35.2262	-18.8703	33.8799	-0.167347
25	126	35.5066	-18.7932	34.1437	-0.163753
25	127	35.781	-18.7035	34.4001	-0.159881
25	128	36.0503	-18.6035	34.6504	-0.155792
25	129	36.3163	-18.4927	34.8962	-0.151474
25	130	36.5786	-18.3693	35.1373	-0.146875
25	131	36.8349	-18.232	35.3712	-0.141977
25	132	37.0829	-18.0825	35.596	-0.136833
25	133	37.3225	-17.9234	35.8121	-0.131519
25	134	37.5555	-17.7559	36.0217	-0.126059
25	135	37.783	-17.5784	36.2257	-0.12041
25	136	38.0037	-17.3886	36.4226	-0.114509
25	137	38.2142	-17.1858	36.6092	-0.108349
25	138	38.4119	-16.9727	36.7835	-0.102006
25	139	38.5977	-16.7522	36.9466	-0.095558
25	140	38.7737	-16.5253	37.101	-0.0890187
25	141	38.941	-16.2909	37.2476	-0.082349
25	142	39.0978	-16.0473	37.3848	-0.075512
25	143	39.242	-15.7956	37.5104	-0.0685297
25	144	39.3727	-15.5383	37.6242	-0.0614701
25	145	39.4918	-15.2776	37.7279	-0.0543785
26	0	-26.9828	-8.02653	29.2682	2.96296
26	1	-27.0393	-7.80941	29.363	2.95602
26	2	-27.0994	-7.59059	29.4632	2.9491
26	3	-27.1643	-7.36865	29.5701	2.94216
26	4	-27.2349	-7.14348	29.6846	2.93519
26	5	-27.3108	-6.91916	29.8056	2.92835
26	6	-27.3907	-6.69617	29.9315	2.92163
26	7	-27.4732	-6.47666	30.0606	2.9151
26	8	-27.5573	-6.25896	30.192	2.9087
26	9	-27.6437	-6.04154	30.3268	2.90238
26	10	-27.734	-5.82402	30.4667	2.89615
26	11	-27.8297	-5.60748	30.6127	2.89005
26	12	-27.9312	-5.3935	30.7648	2.88413
26	13	-28.0378	-5.18291	30.922	2.87842
26	14	-28.149	-4.97525	31.0839	2.8729
26	15	-28.2647	-4.76877	31.2507	2.86752
26	16	-28.3882	-4.56548	31.4251	2.86235
26	17	-28.5252	-4.37298	31.6101	2.85769
26	18	-28.678	-4.19298	31.8075	2.85361
26	19	-28.8462	-4.02588	32.0164	2.85009
26	20	-29.0322	-3.87182	32.239	2.84718
26	21	-29.2249	-3.7414	32.4613	2.84505
26	22	-29.4252	-3.63561	32.6839	2.84375
26	23	-29.636	-3.54925	32.9107	2.84312
26	24	-29.8539	-3.47646	33.1404	2.84295
26	25	-30.0783	-3.41535	33.3728	2.84318
26	26	-30.3076	-3.36625	33.6064	2.84379
26	27	-30.5395	-3.3295	33.8389	2.84476
26	28	-30.771	-3.30486	34.0675	2.84606
26	29	-31.0007	-3.29184	34.2912	2.84765
26	30	-31.2285	-3.29255	34.509	2.84958
26	31	-31.4551	-3.31233	34.7204	2.852
26	32	-31.6798	-3.36261	34.9216	2.85522
26	33	-31.9064	-3.44829	35.1151	2.85938
26	34	-32.134	-3.56549	35.3015	2.86437
26	35	-32.3439	-3.70194	35.4665	2.86969
26	36	-32.5381	-3.85551	35.6129	2.87531
26	37	-32.7152	-4.02768	35.739	2.88126
26	38	-32.8793	-4.21716	35.8496	2.88754
26	39	-33.0362	-4.41327	35.9529	2.89392
26	40	-33.1889	-4.61258	36.0528	2.90032
26	41	-33.339	-4.81481	36.151	2.90674
26	42	-33.4863	-5.01928	36.2474	2.91318
26	43	-33.6302	-5.22418	36.3419	2.91956
26	44	-33.7711	-5.4278	36.4353	2.92587
26	45	-33.9104	-5.63028	36.5287	2.9321
26	46	-34.049	-5.83328	36.6227	2.93831
26	47	-34.187	-6.03869	36.7171	2.94454
26	48	-34.3235	-6.24401	36.8115	2.95074
26	49	-34.4578	-6.449	36.9052	2.95688
26	50	-34.5889	-6.65062	36.9977	2.96289
26	51	-34.7176	-6.84963	37.0896	2.96879
26	52	-34.8444	-7.04783	37.1811	2.97463
26	53	-34.9696	-7.24671	37.2721	2.98045
26	54	-35.0928	-7.4462	37.3623	2.98625
26	55	-35.2138	-7.64472	37.4518	2.99198
26	56	-35.3326	-7.84097	37.5406	2.99762
26	57	-35.4496	-8.03499	37.6292	3.00317
26	58	-35.5652	-8.22816	37.7175	3.00867
26	59	-35.6786	-8.42241	37.8048	3.01416
26	60	-35.7882	-8.6191	37.8891	3.01967
26	61	-35.8926	-8.81474	37.9694	3.02512
26	62	-35.9891	-9.00913	38.0433	3.03049
26	63	-36.0802	-9.20058	38.1131	3.03575
26	64	-36.1629	-9.38789	38.176	3.04086
26	65	-36.2413	-9.57127	38.2361	3.04584
26	66	-36.2883	-9.75471	38.2658	3.05073
26	67	-36.3065	-9.94181	38.2674	3.05564
26	68	-36.2887	-10.1391	38.2332	3.06074
26	69	-36.254	-10.3484	38.1823	3.06613
26	70	-36.1931	-10.572	38.1053	3.07186
26	71	-36.1055	-10.8175	38.0016	3.07814
26	72	-35.9842	-11.091	37.8641	3.08515
26	73	-35.8497	-11.357	37.7157	3.09199
26	74	-35.7037	-11.6165	37.5579	3.0987
26	75	-35.5446	-11.8703	37.3888	3.1053
26	76	-35.369	-12.1167	37.2052	3.11174
26	77	-35.1769	-12.3511	37.0069	3.11792
26	78	-34.972	-12.571	36.7975	3.12376
26	79	-34.7581	-12.7783	36.5804	3.12933
26	80	-34.5353	-12.9757	36.3558	3.13468
26	81	-34.3013	-13.1633	36.121	3.13983
26	82	-34.0546	-13.3379	35.8744	-3.1385
26	83	-33.7978	-13.4963	35.6184	-3.13403
26	84	-33.5344	-13.6388	35.3565	-3.12995
26	85	-33.2657	-13.7682	35.0895	-3.12617
26	86	-32.9893	-13.8853	34.8152	-3.12268
26	87	-32.7032	-13.9871	34.5312	-3.11958
26	88	-32.4092	-14.0693	34.2392	-3.11699
26	89	-32.1126	-14.1313	33.9443	-3.11495
26	90	-31.8166	-14.1763	33.6496	-3.11338
26	91	-31.554	-14.1988	33.3878	-3.11248
26	92	-31.3134	-14.2019	33.1473	-3.11218
26	93	-31.0856	-14.1856	32.9191	-3.11247
26	94	-30.8656	-14.1453	32.6982	-3.11351
26	95	-30.659	-14.063	32.4893	-3.11586
26	96	-30.4605	-13.9289	32.2877	-3.11985
26	97	-30.2696	-13.7649	32.0937	-3.12483
26	98	-30.0851	-13.5974	31.9069	-3.12999
26	99	-29.9033	-13.4321	31.7236	-3.13513
26	100	-29.7231	-13.267	31.5427	-3.14032
26	101	-29.544	-13.1005	31.3639	3.13756
26	102	-29.367	-12.9317	31.188	3.13212
26	103	-29.1935	-12.7615	31.0166	3.12658
26	104	-29.0239	-12.5916	30.85	3.12099
26	105	-28.857	-12.4229	30.6872	3.11539
26	106	-28.6913	-12.2549	30.5264	3.10974
26	107	-28.5259	-12.0861	30.367	3.10401
26	108	-28.3617	-11.9149	30.2098	3.09814
26	109	-28.2005	-11.7408	30.0569	3.09212
26	110	-28.0444	-11.5675	29.9101	3.08608
26	111	-27.8933	-11.3951	29.7693	3.08002
26	112	-27.7474	-11.225	29.6348	3.07398
26	113	-27.6068	-11.0549	29.5064	3.06791
26	114	-27.4714	-10.8829	29.3847	3.06174
26	115	-27.3423	-10.7096	29.2704	3.05548
26	116	-27.2208	-10.534	29.165	3.04912
26	117	-27.1088	-10.3549	29.0706	3.04263
26	118	-27.0101	-10.1697	28.9914	3.03594
26	119	-26.9294	-9.97363	28.9325	3.02891
26	120	-26.8659	-9.76448	28.8938	3.02147
26	121	-26.8196	-9.54084	28.8754	3.01359
26	122	-26.7937	-9.32248	28.8785	3.00597
26	123	-26.7913	-9.10716	28.906	2.99858
26	124	-26.8094	-8.89117	28.9554	2.99129
26	125	-26.8404	-8.67366	29.0194	2.98403
26	126	-26.8808	-8.45684	29.0942	2.97689
26	127	-26.9294	-8.24158	29.1781	2.96989
32	0	32.4127	-20.2025	31.3782	-0.224175
32	1	32.4413	-19.9987	31.3615	-0.217636
32	2	32.4543	-19.8101	31.334	-0.21167
32	3	32.4543	-19.6334	31.2974	-0.206152
32	4	32.4198	-19.4749	31.2315	-0.201411
32	5	32.3524	-19.3251	31.1358	-0.197129
32	6	32.2595	-19.18	31.0165	-0.193129
32	7	32.1662	-19.0296	30.8963	-0.18893
32	8	32.0628	-18.8807	30.7671	-0.184808
32	9	31.9519	-18.7326	30.6311	-0.180721
32	10	31.8362	-18.5843	30.4909	-0.176618
32	11	31.716	-18.4364	30.3469	-0.172517
32	12	31.5933	-18.288	30.2007	-0.168373
32	13	31.4677	-18.1391	30.0522	-0.164188
32	14	31.3394	-17.989	29.9014	-0.159938
32	15	31.2082	-17.8377	29.7481	-0.155618
32	16	31.0738	-17.6858	29.592	-0.151252
32	17	30.9369	-17.5338	29.4341	-0.146846
32	18	30.7986	-17.3821	29.2753	-0.142411
32	19	30.6599	-17.2305	29.1168	-0.137934
32	20	30.5205	-17.079	28.9582	-0.133415
32	21	30.3801	-16.9271	28.7992	-0.128835
32	22	30.2379	-16.7743	28.6389	-0.124181
32	23	30.0932	-16.6208	28.4766	-0.119461
32	24	29.9457	-16.4678	28.3122	-0.114717
32	25	29.795	-16.3178	28.1456	-0.110037
32	26	29.6425	-16.1717	27.9783	-0.105445
32	27	29.4885	-16.0288	27.8104	-0.100917
32	28	29.3334	-15.8895	27.6423	-0.0964669
32	29	29.1741	-15.7574	27.4713	-0.0922421
32	30	29.0102	-15.6341	27.297	-0.0882947
32	31	28.8363	-15.5268	27.1144	-0.0849187
32	32	28.6524	-15.432	26.9232	-0.0819899
32	33	28.4547	-15.3557	26.72	-0.0797488
32	34	28.262	-15.2973	26.5233	-0.078134
32	35	28.0689	-15.2654	26.3283	-0.0774974
32	36	27.8778	-15.2474	26.1364	-0.0773783
32	37	27.6864	-15.2517	25.9459	-0.0781137
32	38	27.4951	-15.2579	25.7557	-0.0789355
32	39	27.304	-15.2767	25.5667	-0.0802554
32	40	27.1113	-15.2951	25.3761	-0.0815896
32	41	26.9174	-15.3235	25.1851	-0.0833384
32	42	26.722	-15.3525	24.9929	-0.0851475
32	43	26.5271	-15.3918	24.8021	-0.0873924
32	44	26.3318	-15.4324	24.6112	-0.0897281
32	45	26.1394	-15.4841	24.4243	-0.0925446
32	46	25.9486	-15.5354	24.2392	-0.0953774
32	47	25.7622	-15.5966	24.0595	-0.0986495
32	48	25.5774	-15.6587	23.8819	-0.101996
32	49	25.3989	-15.735	23.7123	-0.105964
32	50	25.2252	-15.8226	23.5491	-0.110443
32	51	25.059	-15.9313	23.3962	-0.115843
32	52	24.896	-16.0572	23.2493	-0.122032
32	53	24.746	-16.2002	23.1184	-0.128964
32	54	24.6131	-16.3526	23.0068	-0.136278
32	55	24.4983	-16.5162	22.916	-0.144031
32	56	24.4002	-16.6913	22.8448	-0.152231
32	57	24.3129	-16.8726	22.7868	-0.160676
32	58	24.2363	-17.0584	22.7417	-0.16928
32	59	24.1632	-17.2451	22.702	-0.177931
32	60	24.0972	-17.434	22.6713	-0.186646
32	61	24.033	-17.6246	22.6445	-0.195442
32	62	23.9771	-17.8178	22.6281	-0.204299
32	63	23.9225	-18.01	22.6145	-0.213111
32	64	23.8775	-18.2052	22.6126	-0.221969
32	65	23.8343	-18.3993	22.6141	-0.230763
32	66	23.7985	-18.592	22.6242	-0.239416
32	67	23.7647	-18.7868	22.6384	-0.248128
32	68	23.7368	-18.9834	22.6605	-0.256842
32	69	23.7115	-19.1807	22.687	-0.265536
32	70	23.6898	-19.3779	22.7187	-0.274161
32	71	23.6734	-19.5735	22.7566	-0.282631
32	72	23.6623	-19.7709	22.8019	-0.29108
32	73	23.6605	-19.9677	22.8574	-0.299352
32	74	23.663	-20.1619	22.9178	-0.307419
32	75	23.6725	-20.3526	22.9853	-0.315198
32	76	23.6857	-20.5394	23.0564	-0.322725
32	77	23.7031	-20.7251	23.1324	-0.330099
32	78	23.7264	-20.9093	23.2147	-0.33728
32	79	23.7552	-21.0918	23.3029	-0.344265
32	80	23.7912	-21.2726	23.3984	-0.351017
32	81	23.8324	-21.4524	23.4994	-0.3576
32	82	23.8974	-21.625	23.6211	-0.363481
32	83	23.9716	-21.8008	23.7533	-0.369288
32	84	24.0784	-21.966	23.9128	-0.374117
32	85	24.1939	-22.1395	24.0841	-0.379072
32	86	24.3294	-22.2922	24.2666	-0.382851
32	87	24.4691	-22.439	24.4512	-0.386286
32	88	24.6273	-22.57	24.6472	-0.38879
32	89	24.7924	-22.6984	24.8487	-0.391054
32	90	24.9685	-22.8175	25.0568	-0.392769
32	91	25.1485	-22.9338	25.2677	-0.394295
32	92	25.3323	-23.0437	25.4796	-0.395506
32	93	25.515	-23.1505	25.6894	-0.396602
32	94	25.6984	-23.2524	25.898	-0.397495
32	95	25.8809	-23.3522	26.1049	-0.398314
32	96	26.0631	-23.45	26.3107	-0.399056
32	97	26.2449	-23.547	26.5159	-0.399761
32	98	26.427	-23.6421	26.7207	-0.400389
32	99	26.6089	-23.7348	26.9244	-0.400925
32	100	26.79	-23.8239	27.1259	-0.401343
32	101	26.9689	-23.9095	27.324	-0.401668
32	102	27.1447	-23.992	27.5181	-0.401931
32	103	27.317	-24.0717	27.7078	-0.402146
32	104	27.4867	-24.147	27.8934	-0.402248
32	105	27.6531	-24.2198	28.0751	-0.402316
32	106	27.8206	-24.2844	28.2545	-0.402098
32	107	27.9856	-24.3483	28.4313	-0.401893
32	108	28.1514	-24.3995	28.604	-0.401274
32	109	28.3158	-24.4405	28.7713	-0.400354
32	110	28.4736	-24.4877	28.935	-0.399732
32	111	28.6272	-24.4915	29.0781	-0.397795
32	112	28.7867	-24.4531	29.2104	-0.394467
32	113	28.9548	-24.4212	29.3535	-0.391265
32	114	29.1309	-24.3679	29.4962	-0.387317
32	115	29.3185	-24.2926	29.6418	-0.382573
32	116	29.5247	-24.1918	29.7959	-0.376852
32	117	29.7577	-24.0603	29.9649	-0.369912
32	118	29.987	-23.9171	30.1277	-0.362726
32	119	30.2104	-23.7609	30.282	-0.355286
32	120	30.4248	-23.592	30.4251	-0.347631
32	121	30.6282	-23.4127	30.5562	-0.339848
32	122	30.8214	-23.2256	30.6769	-0.331996
32	123	31.0061	-23.0312	30.7892	-0.324072
32	124	31.183	-22.8289	30.8934	-0.316042
32	125	31.3511	-22.6178	30.9886	-0.307882
32	126	31.5087	-22.3984	31.0734	-0.299615
32	127	31.6552	-22.1723	31.1478	-0.291292
32	128	31.7913	-21.941	31.2128	-0.282941
32	129	31.918	-21.7044	31.2694	-0.274542
32	130	32.035	-21.4611	31.3173	-0.266051
32	131	32.1404	-21.2102	31.3542	-0.257448
32	132	32.2318	-20.9529	31.3782	-0.248776
32	133	32.308	-20.6921	31.389	-0.240124
32	134	32.371	-20.4306	31.3891	-0.231556
33	0	-20.0987	-15.1686	22.0041	-3.05324
33	1	-20.1667	-14.9602	22.0546	-3.06292
33	2	-20.2747	-14.7325	22.1456	-3.07356
33	3	-20.4393	-14.4798	22.2942	-3.08537
33	4	-20.5223	-14.2404	22.3649	-3.09626
33	5	-20.5669	-14.0078	22.4001	-3.10673
33	6	-20.5987	-13.7771	22.425	-3.11706
33	7	-20.6379	-13.5485	22.4598	-3.12728
33	8	-20.6809	-13.3217	22.5007	-3.13738
33	9	-20.7284	-13.0977	22.5484	3.13586
33	10	-20.7811	-12.8774	22.6035	3.12612
33	11	-20.8398	-12.6608	22.6665	3.11661
33	12	-20.9054	-12.4481	22.7384	3.10733
33	13	-20.9829	-12.2407	22.8238	3.09836
33	14	-21.0809	-12.0453	22.931	3.09004
33	15	-21.2037	-11.8593	23.0639	3.08226
33	16	-21.3488	-11.6805	23.22	3.07494
33	17	-21.5207	-11.5084	23.4035	3.06809
33	18	-21.7017	-11.3661	23.5948	3.06264
33	19	-21.8938	-11.2511	23.7956	3.05846
33	20	-22.0939	-11.1564	24.003	3.05522
33	21	-22.2976	-11.0745	24.2131	3.05258
33	22	-22.503	-11.0007	24.4243	3.05031
33	23	-22.7094	-10.9314	24.6362	3.04828
33	24	-22.917	-10.8648	24.8492	3.04639
33	25	-23.1266	-10.8004	25.064	3.04462
33	26	-23.3388	-10.7388	25.2811	3.04301
33	27	-23.5538	-10.6822	25.5007	3.04163
33	28	-23.7708	-10.6316	25.7217	3.04052
33	29	-23.9881	-10.5868	25.9424	3.03964
33	30	-24.2049	-10.5469	26.1621	3.03897
33	31	-24.4211	-10.5107	26.3809	3.03845
33	32	-24.6373	-10.4787	26.5993	3.03809
33	33	-24.8547	-10.4533	26.8181	3.03798
33	34	-25.0734	-10.4405	27.037	3.03834
33	35	-25.2936	-10.4469	27.2554	3.03941
33	36	-25.5155	-10.4802	27.4728	3.04144
33	37	-25.7398	-10.5428	27.6898	3.0445
33	38	-25.9673	-10.6335	27.9077	3.04853
33	39	-26.1786	-10.7416	28.1083	3.05305
33	40	-26.3748	-10.866	28.2931	3.05805
33	41	-26.5598	-11.0058	28.4662	3.06348
33	42	-26.7385	-11.155	28.6332	3.06917
33	43	-26.9139	-11.3095	28.7974	3.07496
33	44	-27.0886	-11.4664	28.9618	3.08076
33	45	-27.2636	-11.6246	29.1273	3.08655
33	46	-27.4377	-11.7852	29.2929	3.09235
33	47	-27.6094	-11.9469	29.4569	3.09812
33	48	-27.7771	-12.1084	29.6179	3.10382
33	49	-27.9414	-12.2674	29.7764	3.10936
33	50	-28.1014	-12.4245	29.9318	3.11478
33	51	-28.2576	-12.5802	30.0842	3.12009
33	52	-28.4139	-12.7388	30.2374	3.12544
33	53	-28.5718	-12.8984	30.3932	3.13078
33	54	-28.7299	-13.0595	30.5499	3.13611
33	55	-28.8865	-13.2213	30.7062	3.14141
33	56	-29.0404	-13.3826	30.8604	-3.13655
33	57	-29.191	-13.5425	31.0122	-3.13142
33	58	-29.3385	-13.7006	31.1617	-3.12639
33	59	-29.4833	-13.8574	31.3093	-3.12146
33	60	-29.6254	-14.0135	31.4548	-3.11659
33	61	-29.7643	-14.1699	31.598	-3.11175
33	62	-29.8993	-14.3245	31.7379	-3.10701
33	63	-30.0255	-14.481	31.8698	-3.10224
33	64	-30.1546	-14.6302	32.005	-3.09774
33	65	-30.2458	-14.787	32.1033	-3.09298
33	66	-30.2965	-14.9623	32.1629	-3.08762
33	67	-30.3369	-15.1453	32.2137	-3.08201
33	68	-30.3606	-15.3425	32.2497	-3.07595
33	69	-30.3795	-15.5596	32.2835	-3.06928
33	70	-30.384	-15.8031	32.3065	-3.06177
33	71	-30.3752	-16.0836	32.3213	-3.0531
33	72	-30.3544	-16.3662	32.3268	-3.04433
33	73	-30.3208	-16.6497	32.3222	-3.0355
33	74	-30.2731	-16.9312	32.3058	-3.02668
33	75	-30.213	-17.2088	32.2791	-3.01792
33	76	-30.1427	-17.4823	32.2443	-3.00924
33	77	-30.0632	-17.753	32.2025	-3.00058
33	78	-29.9736	-18.022	32.1527	-2.9919
33	79	-29.8715	-18.2886	32.0928	-2.98322
33	80	-29.7562	-18.5502	32.0214	-2.97458
33	81	-29.6292	-18.8047	31.9396	-2.96606
33	82	-29.4931	-19.0521	31.85	-2.95767
33	83	-29.3496	-19.2939	31.7542	-2.94935
33	84	-29.1982	-19.5314	31.652	-2.94107
33	85	-29.0372	-19.7645	31.5418	-2.93282
33	86	-28.8656	-19.9914	31.422	-2.92462
33	87	-28.6841	-20.21	31.2928	-2.91655
33	88	-28.4947	-20.4198	31.156	-2.90863
33	89	-28.2989	-20.622	31.0131	-2.90082
33	90	-28.0961	-20.818	30.8638	-2.89309
33	91	-27.8846	-21.0073	30.7063	-2.88542
33	92	-27.6629	-21.1879	30.5384	-2.87786
33	93	-27.4319	-21.357	30.3603	-2.8705
33	94	-27.1945	-21.5129	30.1741	-2.86342
33	95	-26.9797	-21.6352	30.0016	-2.85753
33	96	-26.7828	-21.734	29.8407	-2.8525
33	97	-26.5958	-21.8132	29.6843	-2.84815
33	98	-26.4105	-21.8679	29.523	-2.84456
33	99	-26.2346	-21.8682	29.3549	-2.8428
33	100	-26.0523	-21.8153	29.1651	-2.84269
33	101	-25.8632	-21.7758	28.9728	-2.84207
33	102	-25.6735	-21.7242	28.7763	-2.84184
33	103	-25.481	-21.6664	28.5753	-2.84178
33	104	-25.2847	-21.6042	28.3694	-2.84183
33	105	-25.0852	-21.5373	28.159	-2.84201
33	106	-24.8859	-21.4661	27.9476	-2.84234
33	107	-24.6873	-21.3914	27.7357	-2.84281
33	108	-24.4886	-21.3151	27.5234	-2.84333
33	109	-24.2892	-21.2376	27.31	-2.84389
33	110	-24.0883	-21.1591	27.095	-2.84449
33	111	-23.8864	-21.0786	26.8784	-2.84516
33	112	-23.6844	-20.9957	26.661	-2.84592
33	113	-23.484	-20.9103	26.4444	-2.8468
33	114	-23.2863	-20.823	26.2298	-2.84779
33	115	-23.0893	-20.7349	26.0158	-2.84884
33	116	-22.8911	-20.6461	25.8005	-2.84992
33	117	-22.6917	-20.5559	25.5836	-2.85105
33	118	-22.4914	-20.4632	25.3651	-2.85229
33	119	-22.2913	-20.3661	25.1457	-2.85373
33	120	-22.0931	-20.2634	24.9265	-2.85542
33	121	-21.901	-20.1514	24.7106	-2.85757
33	122	-21.7227	-20.0255	24.5043	-2.86046
33	123	-21.5573	-19.8839	24.3063	-2.86417
33	124	-21.4015	-19.7285	24.1141	-2.8686
33	125	-21.2628	-19.5716	23.9385	-2.87335
33	126	-21.1332	-19.4104	23.7711	-2.87845
33	127	-21.0067	-19.2419	23.6055	-2.88394
33	128	-20.8766	-19.058	23.4333	-2.89012
33	129	-20.7339	-18.8393	23.2413	-2.8977
33	130	-20.5332	-18.6012	22.9898	-2.90564
33	131	-20.3947	-18.3797	22.8041	-2.91367
33	132	-20.2991	-18.1629	22.6628	-2.92204
33	133	-20.2306	-17.9466	22.5497	-2.93073
33	134	-20.1777	-17.7291	22.4533	-2.93971
33	135	-20.1343	-17.5097	22.3677	-2.94893
33	136	-20.0975	-17.2883	22.2902	-2.95837
33	137	-20.0667	-17.0652	22.2204	-2.96799
33	138	-20.0422	-16.8419	22.1586	-2.97772
33	139	-20.0243	-16.6205	22.1059	-2.98747
33	140	-20.0139	-16.4005	22.0629	-2.99726
33	141	-20.01	-16.1828	22.0288	-3.00701
33	142	-20.0098	-15.9729	22.0015	-3.01646
33	143	-20.0145	-15.7713	21.9818	-3.02559
33	144	-20.0276	-15.5711	21.9726	-3.03471
33	145	-20.0534	-15.3726	21.978	-3.04381
38	0	28.714	-28.2417	30.8018	-0.509181
38	1	28.7284	-27.9472	30.6719	-0.500566
38	2	28.732	-27.6526	30.5348	-0.492046
38	3	28.7236	-27.3564	30.3885	-0.483587
38	4	28.7006	-27.0592	30.231	-0.475237
38	5	28.6621	-26.764	30.0627	-0.467092
38	6	28.6104	-26.4733	29.8866	-0.459184
38	7	28.548	-26.1871	29.7047	-0.45148
38	8	28.4785	-25.9378	29.5341	-0.444912
38	9	28.4002	-25.7143	29.3677	-0.43919
38	10	28.31	-25.5084	29.1988	-0.434121
38	11	28.2013	-25.3183	29.0206	-0.429752
38	12	28.0575	-25.1599	28.8239	-0.426835
38	13	27.8702	-25.0282	28.599	-0.425353
38	14	27.6659	-24.9113	28.3647	-0.424573
38	15	27.4608	-24.7997	28.1318	-0.42396
38	16	27.2572	-24.6929	27.9023	-0.423473
38	17	27.0573	-24.5866	27.6763	-0.422941
38	18	26.8597	-24.4806	27.4526	-0.422375
38	19	26.6615	-24.3772	27.2295	-0.421893
38	20	26.4631	-24.2735	27.006	-0.421398
38	21	26.2658	-24.1718	26.7844	-0.420946
38	22	26.0699	-24.0741	26.5657	-0.420604
38	23	25.8769	-23.9802	26.3511	-0.420341
38	24	25.6886	-23.8861	26.1409	-0.419995
38	25	25.503	-23.7952	25.9343	-0.419713
38	26	25.3184	-23.7081	25.7303	-0.419543
38	27	25.135	-23.6226	25.5279	-0.419411
38	28	24.9519	-23.5393	25.3268	-0.419354
38	29	24.7687	-23.4602	25.1273	-0.419445
38	30	24.5877	-23.3868	24.932	-0.419715
38	31	24.4085	-23.3207	24.7414	-0.420224
38	32	24.2319	-23.2581	24.5547	-0.420833
38	33	24.0543	-23.2076	24.3719	-0.421918
38	34	23.8763	-23.1587	24.1896	-0.423085
38	35	23.6897	-23.1332	24.009	-0.425308
38	36	23.495	-23.1131	23.8234	-0.427911
38	37	23.2894	-23.1197	23.6393	-0.431777
38	38	23.0918	-23.1327	23.4655	-0.435805
38	39	22.9017	-23.1734	23.3107	-0.440829
38	40	22.7143	-23.2195	23.1611	-0.446082
38	41	22.5316	-23.2854	23.0251	-0.452084
38	42	22.3482	-23.3511	22.8893	-0.45817
38	43	22.1683	-23.4268	22.762	-0.464648
38	44	21.9884	-23.5028	22.6356	-0.471208
38	45	21.8089	-23.5837	22.5129	-0.478033
38	46	21.6276	-23.667	22.3908	-0.485058
38	47	21.4451	-23.7547	22.2708	-0.492364
38	48	21.2616	-23.8476	22.1537	-0.499973
38	49	21.0786	-23.9468	22.0414	-0.507903
38	50	20.8941	-24.0522	21.9322	-0.516196
38	51	20.7104	-24.1641	21.8285	-0.52481
38	52	20.5299	-24.282	21.7322	-0.533667
38	53	20.3539	-24.4048	21.644	-0.542686
38	54	20.1806	-24.5305	21.5614	-0.55183
38	55	20.0101	-24.6597	21.4848	-0.561111
38	56	19.8439	-24.7945	21.4169	-0.570571
38	57	19.6853	-24.9375	21.3616	-0.580216
38	58	19.5391	-25.093	21.3256	-0.590071
38	59	19.4062	-25.2637	21.3113	-0.600197
38	60	19.2859	-25.4503	21.3185	-0.610608
38	61	19.1865	-25.6384	21.346	-0.620497
38	62	19.105	-25.8299	21.3919	-0.629994
38	63	19.0407	-26.0261	21.4565	-0.63915
38	64	18.9912	-26.2292	21.5388	-0.648088
38	65	18.9504	-26.4362	21.632	-0.656856
38	66	18.9143	-26.6458	21.7323	-0.665508
38	67	18.8818	-26.857	21.8379	-0.674035
38	68	18.853	-27.0689	21.9485	-0.682396
38	69	18.8296	-27.2813	22.065	-0.690537
38	70	18.8113	-27.4917	22.1856	-0.698372
38	71	18.7981	-27.7018	22.3112	-0.705967
38	72	18.7882	-27.9098	22.4392	-0.713306
38	73	18.779	-28.1146	22.5668	-0.720436
38	74	18.7734	-28.3209	22.6992	-0.727428
38	75	18.7705	-28.5269	22.8346	-0.734252
38	76	18.7725	-28.7306	22.9731	-0.740775
38	77	18.7798	-28.9353	23.117	-0.747098
38	78	18.7913	-29.1386	23.2641	-0.753172
38	79	18.8035	-29.3362	23.4085	-0.758973
38	80	18.8238	-29.5336	23.5594	-0.764462
38	81	18.8471	-29.7296	23.7123	-0.769745
38	82	18.8745	-29.9222	23.8662	-0.774742
38	83	18.903	-30.1138	24.0209	-0.779611
38	84	18.9405	-30.3041	24.1816	-0.784119
38	85	18.9866	-30.4936	24.3483	-0.788291
38	86	19.0548	-30.6807	24.5292	-0.791697
38	87	19.1425	-30.867	24.7234	-0.794467
38	88	19.2553	-31.0516	24.9343	-0.796426
38	89	19.3786	-31.22	25.1409	-0.797606
38	90	19.5147	-31.3731	25.3455	-0.79798
38	91	19.6618	-31.5138	25.549	-0.797705
38	92	19.8236	-31.6428	25.7543	-0.796704
38	93	19.9951	-31.7649	25.9615	-0.795269
38	94	20.171	-31.8826	26.1688	-0.793618
38	95	20.349	-31.9988	26.3765	-0.791897
38	96	20.5304	-32.1119	26.5844	-0.790028
38	97	20.7135	-32.2219	26.7915	-0.788063
38	98	20.8967	-32.3285	26.9963	-0.786037
38	99	21.0771	-32.4336	27.1982	-0.784074
38	100	21.2552	-32.536	27.3967	-0.782132
38	101	21.4321	-32.6342	27.5915	-0.780136
38	102	21.6077	-32.7297	27.7835	-0.778135
38	103	21.7811	-32.8241	27.9733	-0.776186
38	104	21.9577	-32.9171	28.1645	-0.774148
38	105	22.1362	-33.0086	28.3562	-0.772056
38	106	22.3151	-33.098	28.5468	-0.769927
38	107	22.4929	-33.185	28.7351	-0.767794
38	108	22.6693	-33.2687	28.9202	-0.765643
38	109	22.8432	-33.3508	29.1025	-0.763534
38	110	23.0154	-33.4301	29.2818	-0.761423
38	111	23.1864	-33.5063	29.4582	-0.759291
38	112	23.3557	-33.5802	29.632	-0.757165
38	113	23.5254	-33.6458	29.8005	-0.754856
38	114	23.6919	-33.7103	29.966	-0.752618
38	115	23.8588	-33.7615	30.1229	-0.750071
38	116	24.0246	-33.8045	30.2737	-0.747374
38	117	24.1858	-33.8578	30.4282	-0.745059
38	118	24.3486	-33.8595	30.5493	-0.741486
38	119	24.5227	-33.8333	30.6602	-0.737023
38	120	24.699	-33.7762	30.7528	-0.731794
38	121	24.8851	-33.7086	30.8465	-0.726132
38	122	25.0874	-33.6234	30.9419	-0.719731
38	123	25.3124	-33.5107	31.0377	-0.712222
38	124	25.5695	-33.3644	31.1379	-0.703269
38	125	25.8218	-33.2048	31.2285	-0.694146
38	126	26.0659	-33.0315	31.3065	-0.684903
38	127	26.2995	-32.8469	31.372	-0.675638
38	128	26.5234	-32.654	31.4275	-0.666391
38	129	26.7398	-32.4529	31.4746	-0.657119
38	130	26.9491	-32.2419	31.5128	-0.64776
38	131	27.1488	-32.0191	31.539	-0.638305
38	132	27.336	-31.7858	31.5517	-0.628832
38	133	27.51	-31.5455	31.5526	-0.61943
38	134	27.6733	-31.3005	31.5447	-0.6101
38	135	27.8281	-31.0503	31.5296	-0.600783
38	136	27.9743	-30.7928	31.5059	-0.591418
38	137	28.109	-30.5265	31.4707	-0.582007
38	138	28.2292	-30.253	31.4222	-0.572632
38	139	28.3349	-29.9757	31.3621	-0.563376
38	140	28.4285	-29.6964	31.2934	-0.554231
38	141	28.5122	-29.4141	31.2172	-0.545131
38	142	28.5852	-29.1268	31.1319	-0.536024
38	143	28.6443	-28.8338	31.0344	-0.526935
38	144	28.687	-28.5376	30.9236	-0.517962
39	0	-17.1565	-25.748	22.7347	-2.55834
39	1	-17.1535	-25.5231	22.6091	-2.56657
39	2	-17.1551	-25.2981	22.4889	-2.575
39	3	-17.1615	-25.0731	22.3744	-2.58364
39	4	-17.1738	-24.849	22.267	-2.59247
39	5	-17.1924	-24.6274	22.1681	-2.60144
39	6	-17.2174	-24.4101	22.0787	-2.61046
39	7	-17.2488	-24.1959	21.9982	-2.61958
39	8	-17.2856	-23.9848	21.9257	-2.62876
39	9	-17.3278	-23.776	21.8611	-2.63803
39	10	-17.3779	-23.5689	21.806	-2.64746
39	11	-17.4418	-23.3643	21.7662	-2.65713
39	12	-17.5234	-23.1614	21.745	-2.66713
39	13	-17.626	-22.9588	21.7449	-2.67758
39	14	-17.7424	-22.7753	21.7679	-2.68751
39	15	-17.8712	-22.6087	21.8115	-2.69696
39	16	-18.0119	-22.4566	21.8741	-2.70601
39	17	-18.1633	-22.3168	21.9531	-2.71469
39	18	-18.3204	-22.1839	22.0419	-2.72313
39	19	-18.4822	-22.0561	22.1386	-2.73137
39	20	-18.6482	-21.9315	22.2419	-2.73949
39	21	-18.8186	-21.8104	22.352	-2.74746
39	22	-18.9934	-21.6928	22.4689	-2.75528
39	23	-19.1726	-21.5801	22.5931	-2.76289
39	24	-19.3555	-21.4729	22.724	-2.77025
39	25	-19.5399	-21.3716	22.8597	-2.7773
39	26	-19.7255	-21.2758	22.9995	-2.78407
39	27	-19.9128	-21.1854	23.1438	-2.79056
39	28	-20.1032	-21.102	23.2943	-2.79673
39	29	-20.2978	-21.0278	23.4528	-2.80252
39	30	-20.4983	-20.9657	23.6215	-2.80782
39	31	-20.7066	-20.9181	23.803	-2.81257
39	32	-20.9245	-20.8908	24.0006	-2.81658
39	33	-21.1335	-20.884	24.1966	-2.81961
39	34	-21.3355	-20.8981	24.3927	-2.82168
39	35	-21.5325	-20.9262	24.5886	-2.82312
39	36	-21.7266	-20.9661	24.7854	-2.82404
39	37	-21.9209	-21.0098	24.9836	-2.8248
39	38	-22.1169	-21.0595	25.1854	-2.82535
39	39	-22.3158	-21.113	25.3911	-2.82579
39	40	-22.5158	-21.1733	25.5999	-2.82598
39	41	-22.7182	-21.2383	25.8125	-2.82602
39	42	-22.9223	-21.3087	26.0283	-2.82588
39	43	-23.1254	-21.3828	26.2444	-2.8256
39	44	-23.3276	-21.4598	26.4606	-2.82521
39	45	-23.53	-21.5381	26.6773	-2.82478
39	46	-23.7334	-21.6176	26.8953	-2.82433
39	47	-23.9381	-21.6985	27.1151	-2.82384
39	48	-24.1437	-21.7818	27.3363	-2.8233
39	49	-24.3488	-21.8677	27.558	-2.82267
39	50	-24.5522	-21.956	27.7789	-2.82195
39	51	-24.7536	-22.0461	27.9985	-2.82115
39	52	-24.9561	-22.1368	28.2192	-2.82036
39	53	-25.1601	-22.2285	28.4417	-2.81957
39	54	-25.3663	-22.3224	28.6671	-2.81874
39	55	-25.5722	-22.4221	28.894	-2.81773
39	56	-25.7709	-22.5339	29.118	-2.81626
39	57	-25.9423	-22.6682	29.3234	-2.81378
39	58	-26.0805	-22.8346	29.508	-2.80995
39	59	-26.1947	-23.0278	29.6793	-2.80505
39	60	-26.2943	-23.2397	29.8437	-2.79945
39	61	-26.3842	-23.4759	30.0083	-2.79304
39	62	-26.4669	-23.7465	30.1792	-2.78555
39	63	-26.5435	-24.0645	30.3631	-2.77662
39	64	-26.6054	-24.389	30.538	-2.76741
39	65	-26.6497	-24.717	30.7005	-2.75799
39	66	-26.6772	-25.0442	30.8499	-2.74849
39	67	-26.6914	-25.3701	30.9892	-2.73895
39	68	-26.6931	-25.697	31.1203	-2.72931
39	69	-26.6794	-26.0259	31.2411	-2.71949
39	70	-26.6476	-26.3541	31.3481	-2.70952
39	71	-26.5997	-26.6777	31.4417	-2.69954
39	72	-26.5396	-26.9967	31.5254	-2.68957
39	73	-26.4684	-27.3137	31.6014	-2.67957
39	74	-26.3834	-27.63	31.6679	-2.66943
39	75	-26.2814	-27.9431	31.7211	-2.65918
39	76	-26.1633	-28.249	31.7601	-2.64892
39	77	-26.033	-28.547	31.7879	-2.63872
39	78	-25.8919	-28.8395	31.8068	-2.62853
39	79	-25.738	-29.1276	31.8159	-2.61826
39	80	-25.5693	-29.4091	31.8121	-2.60794
39	81	-25.3869	-29.6808	31.795	-2.59767
39	82	-25.1944	-29.9425	31.7673	-2.58749
39	83	-24.9926	-30.1965	31.731	-2.57733
39	84	-24.7796	-30.4435	31.6848	-2.56715
39	85	-24.5543	-30.6809	31.6263	-2.55698
39	86	-24.3191	-30.9064	31.5561	-2.5469
39	87	-24.0765	-31.1202	31.4766	-2.53696
39	88	-23.8569	-31.2937	31.3956	-2.52844
39	89	-23.6513	-31.4358	31.3102	-2.52095
39	90	-23.4524	-31.5533	31.2174	-2.51418
39	91	-23.2537	-31.6491	31.1135	-2.50794
39	92	-23.0493	-31.7179	30.9899	-2.50224
39	93	-22.8401	-31.7286	30.8287	-2.49791
39	94	-22.6135	-31.6817	30.6195	-2.4947
39	95	-22.3886	-31.6144	30.3995	-2.49201
39	96	-22.167	-31.5449	30.1811	-2.4894
39	97	-21.9484	-31.4757	29.9655	-2.48681
39	98	-21.7328	-31.405	29.7515	-2.48428
39	99	-21.5186	-31.3332	29.5382	-2.48177
39	100	-21.3048	-31.2612	29.3253	-2.47924
39	101	-21.092	-31.1875	29.1123	-2.47674
39	102	-20.8811	-31.1128	28.9002	-2.47428
39	103	-20.6726	-31.0375	28.6899	-2.47184
39	104	-20.4662	-30.9616	28.4811	-2.46943
39	105	-20.261	-30.8846	28.2727	-2.46704
39	106	-20.0575	-30.808	28.066	-2.46465
39	107	-19.8557	-30.729	27.8592	-2.46232
39	108	-19.6578	-30.6485	27.6547	-2.46009
39	109	-19.4657	-30.5634	27.452	-2.45809
39	110	-19.2784	-30.4766	27.2521	-2.45622
39	111	-19.0985	-30.3864	27.0557	-2.45459
39	112	-18.9221	-30.297	26.8627	-2.453
39	113	-18.7511	-30.2005	26.6693	-2.45171
39	114	-18.5816	-30.1005	26.475	-2.45055
39	115	-18.4181	-29.9853	26.2756	-2.44997
39	116	-18.2598	-29.8511	26.068	-2.45006
39	117	-18.111	-29.6875	25.8492	-2.45126
39	118	-17.9707	-29.4995	25.6213	-2.45344
39	119	-17.8517	-29.3038	25.4051	-2.45641
39	120	-17.7527	-29.1	25.1997	-2.46019
39	121	-17.6712	-28.8875	25.0029	-2.46473
39	122	-17.6013	-28.6698	24.8123	-2.46981
39	123	-17.5387	-28.4484	24.626	-2.47526
39	124	-17.4822	-28.2244	24.4435	-2.48104
39	125	-17.4307	-27.9987	24.2647	-2.48708
39	126	-17.3837	-27.7731	24.0906	-2.49332
39	127	-17.3428	-27.5469	23.9219	-2.49983
39	128	-17.3063	-27.3222	23.7587	-2.50648
39	129	-17.2725	-27.1001	23.6003	-2.51321
39	130	-17.2429	-26.8756	23.4449	-2.52021
39	131	-17.2173	-26.6492	23.2929	-2.52748
39	132	-17.1958	-26.4219	23.145	-2.53497
39	133	-17.1783	-26.1957	23.0024	-2.54262
39	134	-17.1646	-25.9726	22.8659	-2.55034
43	0	24.1953	-38.176	33.513	-0.83972
43	1	24.2429	-37.8862	33.3298	-0.832851
43	2	24.2791	-37.593	33.138	-0.826091
43	3	24.302	-37.2978	32.9372	-0.819504
43	4	24.3118	-37.0028	32.729	-0.813134
43	5	24.3105	-36.7092	32.5154	-0.806958
43	6	24.2992	-36.4158	32.2963	-0.800926
43	7	24.277	-36.1216	32.0701	-0.795038
43	8	24.2409	-35.827	31.8351	-0.789369
43	9	24.1877	-35.5358	31.5913	-0.78407
43	10	24.1185	-35.2842	31.3649	-0.77995
43	11	24.0334	-35.0636	31.1495	-0.776836
43	12	23.9321	-34.8662	30.9389	-0.774581
43	13	23.8424	-34.6721	30.7392	-0.772109
43	14	23.7076	-34.5216	30.5376	-0.771658
43	15	23.517	-34.4042	30.3191	-0.773266
43	16	23.3245	-34.2792	30.0941	-0.774763
43	17	23.1248	-34.161	29.8688	-0.77661
43	18	22.9218	-34.046	29.6434	-0.778641
43	19	22.7177	-33.9337	29.4193	-0.780798
43	20	22.5158	-33.824	29.1987	-0.782997
43	21	22.3168	-33.7162	28.9818	-0.785203
43	22	22.1207	-33.6094	28.7676	-0.787395
43	23	21.925	-33.5055	28.556	-0.789686
43	24	21.7303	-33.4015	28.3451	-0.791981
43	25	21.5364	-33.2974	28.1349	-0.794285
43	26	21.3418	-33.197	27.927	-0.796738
43	27	21.1488	-33.0973	27.7208	-0.799201
43	28	20.9561	-32.9999	27.5167	-0.801754
43	29	20.7659	-32.9044	27.316	-0.804325
43	30	20.5763	-32.8121	27.1181	-0.807
43	31	20.3896	-32.7216	26.9236	-0.809684
43	32	20.2043	-32.6352	26.7334	-0.812475
43	33	20.0216	-32.552	26.5475	-0.815315
43	34	19.8407	-32.4747	26.3673	-0.818298
43	35	19.6625	-32.401	26.1918	-0.821343
43	36	19.4864	-32.3341	26.0229	-0.824544
43	37	19.3129	-32.2679	25.8567	-0.827735
43	38	19.1371	-32.2111	25.6961	-0.831277
43	39	18.9585	-32.1586	25.5371	-0.835057
43	40	18.7702	-32.1271	25.3877	-0.839722
43	41	18.5671	-32.1114	25.2408	-0.845297
43	42	18.3505	-32.1181	25.1027	-0.85193
43	43	18.1433	-32.141	24.984	-0.858777
43	44	17.9441	-32.1854	24.8882	-0.866002
43	45	17.7514	-32.2444	24.8089	-0.87346
43	46	17.5638	-32.3165	24.7444	-0.881143
43	47	17.3785	-32.3925	24.6859	-0.888889
43	48	17.1959	-32.4745	24.6352	-0.896741
43	49	17.0128	-32.5577	24.5868	-0.904673
43	50	16.8302	-32.6465	24.5445	-0.912758
43	51	16.6463	-32.7371	24.5046	-0.920958
43	52	16.4624	-32.8331	24.4706	-0.929313
43	53	16.2786	-32.9331	24.4416	-0.937787
43	54	16.0969	-33.0367	24.4185	-0.9463
43	55	15.9166	-33.1426	24.3999	-0.95483
43	56	15.7381	-33.2513	24.3863	-0.96338
43	57	15.561	-33.3614	24.3766	-0.971924
43	58	15.3852	-33.4746	24.3719	-0.9805
43	59	15.2116	-33.5932	24.3747	-0.989124
43	60	15.043	-33.7193	24.3884	-0.997741
43	61	14.8838	-33.8564	24.4181	-1.00627
43	62	14.7349	-34.0066	24.4663	-1.01469
43	63	14.5979	-34.1709	24.5343	-1.02297
43	64	14.4721	-34.3518	24.624	-1.03116
43	65	14.3678	-34.535	24.7283	-1.03858
43	66	14.2799	-34.72	24.8436	-1.04541
43	67	14.2076	-34.9093	24.9716	-1.05172
43	68	14.1473	-35.1041	25.1113	-1.05765
43	69	14.0964	-35.3034	25.2604	-1.06328
43	70	14.0515	-35.5056	25.4157	-1.06869
43	71	14.0129	-35.7101	25.5766	-1.07386
43	72	13.9803	-35.9158	25.7422	-1.07878
43	73	13.9543	-36.1209	25.911	-1.08341
43	74	13.9337	-36.3262	26.083	-1.08779
43	75	13.9186	-36.5301	26.2567	-1.09191
43	76	13.9047	-36.7316	26.4294	-1.09589
43	77	13.8962	-36.9345	26.6062	-1.09966
43	78	13.8894	-37.1374	26.7841	-1.10332
43	79	13.8882	-37.3391	26.9637	-1.10673
43	80	13.8903	-37.5426	27.1468	-1.11002
43	81	13.9003	-37.7451	27.3328	-1.11298
43	82	13.9118	-37.9446	27.5169	-1.11582
43	83	13.931	-38.1452	27.7056	-1.11837
43	84	13.9529	-38.3456	27.8955	-1.12081
43	85	13.98	-38.5445	28.0865	-1.12302
43	86	14.0092	-38.7418	28.277	-1.12511
43	87	14.0429	-38.936	28.4669	-1.12698
43	88	14.0812	-39.1305	28.659	-1.12869
43	89	14.1273	-39.3224	28.8521	-1.13009
43	90	14.1757	-39.5109	29.0433	-1.13135
43	91	14.2299	-39.6941	29.2323	-1.13234
43	92	14.2851	-39.8756	29.4199	-1.13326
43	93	14.3469	-40.054	29.6077	-1.13392
43	94	14.4132	-40.2298	29.7951	-1.1344
43	95	14.4838	-40.4036	29.9825	-1.13472
43	96	14.5581	-40.5769	30.1709	-1.13491
43	97	14.6537	-40.7414	30.3604	-1.13435
43	98	14.7574	-40.9041	30.5518	-1.13352
43	99	14.8919	-41.0506	30.7414	-1.13158
43	100	15.0379	-41.1983	30.9373	-1.12933
43	101	15.1983	-41.3179	31.1141	-1.12632
43	102	15.3577	-41.4321	31.2859	-1.12328
43	103	15.5311	-41.5207	31.441	-1.11953
43	104	15.7094	-41.6046	31.5945	-1.11561
43	105	15.898	-41.6717	31.738	-1.11121
43	106	16.0872	-41.7381	31.8818	-1.10681
43	107	16.2794	-41.7976	32.0213	-1.10228
43	108	16.474	-41.8555	32.1612	-1.09769
43	109	16.6712	-41.9081	32.2982	-1.093
43	110	16.8687	-41.959	32.4346	-1.08831
43	111	17.0662	-42.0047	32.567	-1.08359
43	112	17.2639	-42.0488	32.6989	-1.07888
43	113	17.4625	-42.0879	32.8276	-1.07411
43	114	17.6617	-42.1265	32.9568	-1.06935
43	115	17.8626	-42.1612	33.0842	-1.06453
43	116	18.0654	-42.1945	33.212	-1.05968
43	117	18.2704	-42.223	33.3376	-1.05473
43	118	18.4772	-42.2481	33.4619	-1.04973
43	119	18.6834	-42.2692	33.5832	-1.04472
43	120	18.8893	-42.2882	33.7035	-1.03972
43	121	19.0928	-42.3054	33.8219	-1.03478
43	122	19.295	-42.3222	33.9399	-1.02991
43	123	19.4966	-42.3374	34.0572	-1.02507
43	124	19.6982	-42.3511	34.1738	-1.02024
43	125	19.8992	-42.3618	34.2886	-1.0154
43	126	20.099	-42.3696	34.401	-1.01059
43	127	20.2968	-42.3742	34.5103	-1.0058
43	128	20.4922	-42.377	34.6177	-1.00108
43	129	20.6854	-42.3789	34.7239	-0.996425
43	130	20.877	-42.3797	34.829	-0.991818
43	131	21.0676	-42.3766	34.9311	-0.987201
43	132	21.2558	-42.3722	35.0315	-0.98265
43	133	21.4419	-42.3708	35.1339	-0.97822
43	134	21.6221	-42.3494	35.2172	-0.973638
43	135	21.787	-42.3046	35.2732	-0.969058
43	136	21.9392	-42.1951	35.2696	-0.963743
43	137	22.0915	-42.0781	35.261	-0.958301
43	138	22.2368	-41.9355	35.2284	-0.952598
43	139	22.3932	-41.7767	35.1903	-0.946364
43	140	22.5593	-41.5877	35.1349	-0.939382
43	141	22.7451	-41.3629	35.0643	-0.93132
43	142	22.9242	-41.1312	34.9864	-0.923259
43	143	23.0958	-40.8913	34.8997	-0.915192
43	144	23.257	-40.6426	34.8019	-0.907165
43	145	23.4059	-40.387	34.6934	-0.899245
43	146	23.5434	-40.1269	34.5764	-0.891453
43	147	23.6712	-39.8628	34.4523	-0.883749
43	148	23.7899	-39.5932	34.3201	-0.876093
43	149	23.8975	-39.3168	34.1776	-0.868496
43	150	23.9914	-39.0345	34.0237	-0.861029
43	151	24.0709	-38.7493	33.8601	-0.85376
43	152	24.1381	-38.4632	33.6894	-0.846676
44	0	-13.4201	-36.7275	28.0093	-2.14611
44	1	-13.4049	-36.5265	27.8325	-2.14958
44	2	-13.3959	-36.3286	27.6621	-2.15322
44	3	-13.3889	-36.1312	27.4937	-2.15695
44	4	-13.3874	-35.9355	27.33	-2.16087
44	5	-13.3889	-35.7421	27.1703	-2.16488
44	6	-13.3937	-35.5509	27.0148	-2.16899
44	7	-13.4024	-35.3593	26.8617	-2.17327
44	8	-13.4203	-35.1692	26.7154	-2.17785
44	9	-13.4404	-34.9808	26.5724	-2.18252
44	10	-13.4694	-34.7936	26.4362	-2.18748
44	11	-13.5025	-34.608	26.3042	-2.19259
44	12	-13.5474	-34.4254	26.1824	-2.19805
44	13	-13.6015	-34.2419	26.066	-2.20386
44	14	-13.6786	-34.0555	25.9619	-2.2105
44	15	-13.7704	-33.864	25.8638	-2.21777
44	16	-13.8762	-33.6855	25.7858	-2.22522
44	17	-13.9925	-33.5148	25.7219	-2.23284
44	18	-14.1215	-33.3518	25.6734	-2.24071
44	19	-14.2624	-33.1946	25.6386	-2.24882
44	20	-14.4114	-33.0424	25.6144	-2.25708
44	21	-14.5655	-32.8957	25.5994	-2.26537
44	22	-14.7214	-32.7541	25.5912	-2.27359
44	23	-14.8801	-32.6174	25.5904	-2.28178
44	24	-15.0395	-32.4845	25.5946	-2.28989
44	25	-15.1984	-32.3543	25.6021	-2.2979
44	26	-15.3567	-32.2267	25.6128	-2.30583
44	27	-15.5176	-32.1019	25.6289	-2.31376
44	28	-15.6808	-31.9817	25.6516	-2.32161
44	29	-15.8437	-31.8656	25.6785	-2.32934
44	30	-16.0061	-31.7554	25.711	-2.33687
44	31	-16.1691	-31.6492	25.7482	-2.34429
44	32	-16.3323	-31.5484	25.7908	-2.35155
44	33	-16.4948	-31.4518	25.8372	-2.35865
44	34	-16.6566	-31.3582	25.8865	-2.36562
44	35	-16.8215	-31.2704	25.9433	-2.37248
44	36	-16.9878	-31.1852	26.0041	-2.37929
44	37	-17.1573	-31.1037	26.0711	-2.38604
44	38	-17.3364	-31.0422	26.1598	-2.39245
44	39	-17.5223	-30.9846	26.2572	-2.39887
44	40	-17.7228	-30.9507	26.3825	-2.40496
44	41	-17.9267	-30.9262	26.5176	-2.41081
44	42	-18.1275	-30.9262	26.6673	-2.41584
44	43	-18.3259	-30.9374	26.8235	-2.42043
44	44	-18.524	-30.9715	26.995	-2.42433
44	45	-18.7233	-31.0139	27.1732	-2.42797
44	46	-18.9223	-31.0673	27.3588	-2.43126
44	47	-19.1225	-31.1236	27.5474	-2.43445
44	48	-19.3227	-31.1836	27.7387	-2.4375
44	49	-19.5228	-31.2442	27.9306	-2.44048
44	50	-19.7222	-31.3069	28.1236	-2.44335
44	51	-19.9201	-31.3706	28.3161	-2.44612
44	52	-20.1153	-31.4352	28.5075	-2.44877
44	53	-20.3081	-31.499	28.6967	-2.45135
44	54	-20.4978	-31.5636	28.8842	-2.4538
44	55	-20.6843	-31.6293	29.0701	-2.45613
44	56	-20.8714	-31.6981	29.2585	-2.45836
44	57	-21.0592	-31.7668	29.4477	-2.46058
44	58	-21.2457	-31.8373	29.637	-2.46269
44	59	-21.4305	-31.9074	29.8249	-2.46475
44	60	-21.6123	-31.9779	30.0108	-2.46671
44	61	-21.791	-32.0482	30.1943	-2.46859
44	62	-21.9662	-32.119	30.3755	-2.47037
44	63	-22.1382	-32.19	30.5544	-2.47205
44	64	-22.3062	-32.263	30.7315	-2.47358
44	65	-22.4689	-32.3401	30.907	-2.47488
44	66	-22.6217	-32.4287	31.0819	-2.47568
44	67	-22.7783	-32.4994	31.2487	-2.477
44	68	-22.8929	-32.6093	31.4067	-2.47649
44	69	-22.975	-32.7738	31.5729	-2.474
44	70	-23.0757	-32.9401	31.755	-2.47185
44	71	-23.1642	-33.1285	31.9415	-2.46894
44	72	-23.2462	-33.3438	32.14	-2.46529
44	73	-23.3258	-33.5943	32.3592	-2.4608
44	74	-23.4067	-33.8908	32.6092	-2.45529
44	75	-23.4785	-34.1922	32.8562	-2.44958
44	76	-23.5384	-34.4988	33.0986	-2.4436
44	77	-23.5835	-34.8084	33.3328	-2.43736
44	78	-23.6145	-35.1177	33.5574	-2.43093
44	79	-23.6342	-35.4258	33.774	-2.4244
44	80	-23.6442	-35.734	33.9848	-2.41776
44	81	-23.6436	-36.0435	34.1902	-2.41096
44	82	-23.6303	-36.354	34.3883	-2.40398
44	83	-23.6037	-36.6628	34.5772	-2.39685
44	84	-23.566	-36.9686	34.7576	-2.38965
44	85	-23.519	-37.272	34.9315	-2.38238
44	86	-23.4626	-37.5748	35.0999	-2.37502
44	87	-23.3942	-37.8774	35.2616	-2.36749
44	88	-23.3116	-38.1777	35.4135	-2.3598
44	89	-23.2157	-38.4727	35.5544	-2.35201
44	90	-23.1093	-38.7618	35.6858	-2.34419
44	91	-22.9939	-39.0466	35.8101	-2.33633
44	92	-22.8688	-39.3284	35.9277	-2.32838
44	93	-22.7321	-39.6062	36.0368	-2.32033
44	94	-22.5836	-39.8778	36.1356	-2.3122
44	95	-22.4255	-40.1418	36.2247	-2.30406
44	96	-22.26	-40.3994	36.3065	-2.29593
44	97	-22.088	-40.6521	36.3829	-2.28778
44	98	-21.9319	-40.864	36.4408	-2.28073
44	99	-21.7863	-41.0443	36.4834	-2.27448
44	100	-21.6493	-41.2035	36.5167	-2.2688
44	101	-21.5099	-41.3416	36.5335	-2.26345
44	102	-21.3688	-41.4643	36.5383	-2.25833
44	103	-21.2197	-41.5186	36.4859	-2.25423
44	104	-21.0591	-41.5331	36.396	-2.25055
44	105	-20.8966	-41.5654	36.3193	-2.24652
44	106	-20.73	-41.5851	36.2307	-2.24259
44	107	-20.5613	-41.6026	36.1398	-2.23863
44	108	-20.3914	-41.6173	36.0463	-2.23468
44	109	-20.2194	-41.6303	35.9509	-2.23069
44	110	-20.0448	-41.6426	35.8539	-2.22663
44	111	-19.8668	-41.6511	35.7523	-2.22254
44	112	-19.6852	-41.6582	35.6481	-2.21837
44	113	-19.5023	-41.6602	35.5397	-2.21423
44	114	-19.3188	-41.6609	35.4305	-2.21007
44	115	-19.1349	-41.6568	35.3178	-2.20597
44	116	-18.9507	-41.6515	35.2045	-2.20184
44	117	-18.766	-41.6436	35.0894	-2.19773
44	118	-18.5801	-41.6342	34.973	-2.19358
44	119	-18.3923	-41.6228	34.8546	-2.18939
44	120	-18.2024	-41.6091	34.7336	-2.18517
44	121	-18.0101	-41.593	34.6099	-2.1809
44	122	-17.8159	-41.5742	34.4835	-2.17659
44	123	-17.6204	-41.5527	34.3549	-2.17227
44	124	-17.4261	-41.5292	34.2259	-2.16798
44	125	-17.2323	-41.5032	34.0958	-2.16371
44	126	-17.0401	-41.4756	33.9657	-2.15947
44	127	-16.8488	-41.4444	33.8339	-2.15528
44	128	-16.6575	-41.4113	33.7009	-2.15109
44	129	-16.4664	-41.3735	33.5649	-2.14694
44	130	-16.276	-41.3315	33.4262	-2.14285
44	131	-16.0871	-41.2852	33.2853	-2.13883
44	132	-15.8992	-41.2352	33.1423	-2.13486
44	133	-15.7133	-41.1813	32.9977	-2.13098
44	134	-15.5301	-41.1233	32.8514	-2.12719
44	135	-15.3488	-41.0632	32.7048	-2.12345
44	136	-15.1742	-40.9891	32.5504	-2.12008
44	137	-15.0021	-40.9115	32.3945	-2.1168
44	138	-14.8422	-40.8081	32.2231	-2.11423
44	139	-14.687	-40.6877	32.04	-2.11202
44	140	-14.5444	-40.5279	31.8296	-2.11077
44	141	-14.4164	-40.3595	31.6193	-2.11004
44	142	-14.3054	-40.1793	31.4076	-2.10995
44	143	-14.2076	-39.9882	31.1935	-2.1104
44	144	-14.1222	-39.7896	30.9792	-2.11133
44	145	-14.0451	-39.5873	30.7661	-2.11257
44	146	-13.9751	-39.3831	30.5551	-2.11405
44	147	-13.9098	-39.1784	30.3461	-2.1157
44	148	-13.8473	-38.9739	30.1389	-2.11744
44	149	-13.7871	-38.7699	29.9334	-2.11926
44	150	-13.731	-38.5643	29.7287	-2.12126
44	151	-13.6796	-38.3584	29.5264	-2.12342
44	152	-13.6324	-38.154	29.3278	-2.12571
44	153	-13.5911	-37.9482	29.1312	-2.12823
44	154	-13.5542	-37.7426	28.9373	-2.13091
44	155	-13.5214	-37.538	28.7466	-2.13372
44	156	-13.4898	-37.335	28.5583	-2.13658
44	157	-13.462	-37.1336	28.3735	-2.13956
44	158	-13.4375	-36.9306	28.1894	-2.1427
48	0	22.3464	-44.6753	37.5545	-0.992513
48	1	22.2703	-44.3916	37.2755	-0.990063
48	2	22.1835	-44.1107	36.9931	-0.987858
48	3	22.0955	-43.8732	36.7464	-0.986302
48	4	22.0022	-43.6709	36.5262	-0.985376
48	5	21.9012	-43.4966	36.3252	-0.985041
48	6	21.7913	-43.3442	36.1374	-0.985244
48	7	21.671	-43.2083	35.9577	-0.985944
48	8	21.5383	-43.0874	35.7837	-0.98717
48	9	21.3689	-43.0226	35.6364	-0.990136
48	10	21.1602	-43.0069	35.5092	-0.994806
48	11	20.9512	-43.0023	35.3919	-0.999688
48	12	20.7443	-42.9924	35.2721	-1.00447
48	13	20.5398	-42.9772	35.15	-1.00915
48	14	20.3345	-42.9658	35.0314	-1.01394
48	15	20.1285	-42.9523	34.9114	-1.01874
48	16	19.9217	-42.937	34.7904	-1.02357
48	17	19.7147	-42.9237	34.6717	-1.02847
48	18	19.5087	-42.9104	34.5544	-1.03338
48	19	19.3046	-42.8977	34.4394	-1.03828
48	20	19.1026	-42.8851	34.3264	-1.04316
48	21	18.9022	-42.8735	34.2159	-1.04805
48	22	18.7029	-42.8585	34.1038	-1.0529
48	23	18.5045	-42.8374	33.9877	-1.05766
48	24	18.3074	-42.8113	33.8685	-1.06235
48	25	18.1123	-42.7833	33.7494	-1.067
48	26	17.9196	-42.7587	33.6352	-1.07166
48	27	17.7307	-42.7309	33.5207	-1.07621
48	28	17.5407	-42.6989	33.4027	-1.08076
48	29	17.3494	-42.6629	33.2814	-1.08533
48	30	17.1563	-42.6265	33.1593	-1.08997
48	31	16.9613	-42.5916	33.0386	-1.09471
48	32	16.7656	-42.5569	32.9184	-1.09951
48	33	16.5703	-42.5233	32.8002	-1.10435
48	34	16.3758	-42.4922	32.6854	-1.10924
48	35	16.1844	-42.4617	32.5732	-1.11408
48	36	15.9954	-42.4319	32.4635	-1.1189
48	37	15.8076	-42.4028	32.3557	-1.12373
48	38	15.6196	-42.3766	32.2512	-1.12864
48	39	15.4301	-42.3563	32.1521	-1.1337
48	40	15.2386	-42.3446	32.0609	-1.13895
48	41	15.0463	-42.3476	31.9836	-1.14445
48	42	14.8525	-42.3789	31.9326	-1.15038
48	43	14.6531	-42.4442	31.9115	-1.15692
48	44	14.4503	-42.5368	31.9155	-1.16391
48	45	14.263	-42.6473	31.9435	-1.17066
48	46	14.0912	-42.7735	31.9935	-1.17714
48	47	13.9303	-42.9134	32.0616	-1.18345
48	48	13.7763	-43.0612	32.141	-1.18963
48	49	13.628	-43.2156	32.2297	-1.19568
48	50	13.4863	-43.3771	32.3286	-1.20159
48	51	13.3537	-43.5475	32.4402	-1.20729
48	52	13.2369	-43.7285	32.5683	-1.21262
48	53	13.1382	-43.923	32.7163	-1.21753
48	54	13.0576	-44.1327	32.8855	-1.22204
48	55	13.0018	-44.3377	33.0593	-1.22574
48	56	12.9656	-44.5412	33.2387	-1.22884
48	57	12.946	-44.7428	33.4222	-1.23142
48	58	12.9367	-44.9442	33.609	-1.23367
48	59	12.9328	-45.1464	33.7987	-1.23576
48	60	12.9329	-45.3507	33.9917	-1.23773
48	61	12.9365	-45.5576	34.1885	-1.23961
48	62	12.9439	-45.7673	34.3893	-1.24139
48	63	12.9568	-45.9774	34.5923	-1.243
48	64	12.9745	-46.1869	34.7963	-1.24446
48	65	12.9951	-46.3955	35.0005	-1.24581
48	66	13.0171	-46.6034	35.2047	-1.2471
48	67	13.0396	-46.8117	35.4093	-1.24837
48	68	13.0628	-47.0213	35.6155	-1.24962
48	69	13.0876	-47.2328	35.8241	-1.25083
48	70	13.1154	-47.4459	36.0351	-1.25196
48	71	13.1469	-47.6595	36.2478	-1.25298
48	72	13.1817	-47.872	36.4606	-1.25389
48	73	13.2186	-48.0829	36.6725	-1.25473
48	74	13.2564	-48.2925	36.8834	-1.25552
48	75	13.2945	-48.5016	37.0941	-1.25629
48	76	13.3335	-48.7112	37.3055	-1.25704
48	77	13.3744	-48.9215	37.5182	-1.25773
48	78	13.4181	-49.132	37.7318	-1.25835
48	79	13.4646	-49.3415	37.9455	-1.25888
48	80	13.5132	-49.5495	38.1583	-1.25934
48	81	13.5629	-49.7558	38.37	-1.25975
48	82	13.6136	-49.9613	38.5812	-1.26013
48	83	13.6655	-50.1666	38.7925	-1.26047
48	84	13.7201	-50.3716	39.0044	-1.26075
48	85	13.7785	-50.5757	39.2165	-1.26092
48	86	13.8405	-50.7776	39.4277	-1.26098
48	87	13.9044	-50.9784	39.6384	-1.26099
48	88	13.9691	-51.1797	39.8499	-1.26098
48	89	14.0344	-51.3818	40.0623	-1.26097
48	90	14.1006	-51.5854	40.2764	-1.26094
48	91	14.1691	-51.7907	40.4928	-1.26088
48	92	14.2428	-51.9966	40.7113	-1.2607
48	93	14.3301	-52.1988	40.9306	-1.26017
48	94	14.442	-52.3603	41.1186	-1.25878
48	95	14.601	-52.4725	41.2743	-1.25595
48	96	14.7714	-52.5656	41.4158	-1.25274
48	97	14.9529	-52.6433	41.5467	-1.24917
48	98	15.1498	-52.7048	41.6676	-1.24515
48	99	15.3681	-52.7495	41.7802	-1.24055
48	100	15.6153	-52.7785	41.8884	-1.23519
48	101	15.9013	-52.7939	41.998	-1.22888
48	102	16.1891	-52.7988	42.0999	-1.22248
48	103	16.4793	-52.7916	42.1931	-1.21595
48	104	16.7706	-52.7692	42.2742	-1.20931
48	105	17.0598	-52.7308	42.3417	-1.2026
48	106	17.3452	-52.679	42.397	-1.19588
48	107	17.6273	-52.6165	42.4431	-1.18915
48	108	17.9078	-52.5433	42.4805	-1.18239
48	109	18.1867	-52.4568	42.5072	-1.17554
48	110	18.4619	-52.3547	42.5199	-1.16864
48	111	18.7301	-52.2379	42.5184	-1.16177
48	112	18.9906	-52.11	42.5056	-1.15494
48	113	19.2453	-51.9736	42.4847	-1.14816
48	114	19.496	-51.8284	42.4561	-1.14137
48	115	19.7427	-51.6718	42.4174	-1.13455
48	116	19.9826	-51.5011	42.365	-1.12771
48	117	20.2121	-51.317	42.2981	-1.12095
48	118	20.4308	-51.1232	42.2196	-1.11428
48	119	20.6406	-50.9218	42.1322	-1.10771
48	120	20.843	-50.7122	42.036	-1.10117
48	121	21.0375	-50.4924	41.929	-1.09467
48	122	21.2215	-50.2616	41.809	-1.08822
48	123	21.3925	-50.0218	41.6767	-1.08192
48	124	21.5511	-49.7759	41.5349	-1.07577
48	125	21.6995	-49.5252	41.3856	-1.06973
48	126	21.8391	-49.2685	41.2282	-1.06377
48	127	21.9684	-49.0039	41.0604	-1.05789
48	128	22.0846	-48.7316	40.8809	-1.05215
48	129	22.1862	-48.4544	40.6911	-1.0466
48	130	22.2747	-48.175	40.4941	-1.04126
48	131	22.3528	-47.8938	40.2914	-1.03606
48	132	22.4213	-47.6089	40.0817	-1.03096
48	133	22.4783	-47.3185	39.8624	-1.02599
48	134	22.5197	-47.0229	39.6315	-1.02123
48	135	22.5437	-46.7256	39.3909	-1.01677
48	136	22.5521	-46.4299	39.1441	-1.01261
48	137	22.5484	-46.136	38.8932	-1.00869
48	138	22.5339	-45.8423	38.6373	-1.00496
48	139	22.5074	-45.5479	38.3747	-1.00143
48	140	22.4669	-45.2537	38.1054	-0.998163
48	141	22.4126	-44.9624	37.8313	-0.995199
49	0	-13.7596	-46.1873	36.4567	-2.01234
49	1	-13.731	-45.9909	36.267	-2.01394
49	2	-13.7062	-45.7945	36.079	-2.01565
49	3	-13.6825	-45.5971	35.8906	-2.01742
49	4	-13.6591	-45.3987	35.7016	-2.01923
49	5	-13.6358	-45.1989	35.5116	-2.02108
49	6	-13.6133	-44.9971	35.3201	-2.02299
49	7	-13.5926	-44.7928	35.1274	-2.02501
49	8	-13.5743	-44.5863	34.9339	-2.02713
49	9	-13.558	-44.3792	34.7408	-2.02933
49	10	-13.5434	-44.1723	34.549	-2.0316
49	11	-13.5305	-43.9663	34.3589	-2.03394
49	12	-13.5204	-43.7618	34.1714	-2.03634
49	13	-13.5177	-43.5581	33.9884	-2.03896
49	14	-13.533	-43.3656	33.8236	-2.04194
49	15	-13.5656	-43.1718	33.6659	-2.04541
49	16	-13.618	-42.9745	33.5147	-2.04949
49	17	-13.6948	-42.7726	33.3712	-2.05432
49	18	-13.792	-42.5825	33.2486	-2.05957
49	19	-13.9073	-42.4182	33.1581	-2.06497
49	20	-14.0378	-42.266	33.0866	-2.07062
49	21	-14.1848	-42.1312	33.0393	-2.07648
49	22	-14.3459	-42.0128	33.0143	-2.08249
49	23	-14.5062	-41.9235	33.0154	-2.08805
49	24	-14.6653	-41.8654	33.0441	-2.0931
49	25	-14.822	-41.8382	33.099	-2.09761
49	26	-14.9775	-41.832	33.1721	-2.10176
49	27	-15.1469	-41.8421	33.2669	-2.10599
49	28	-15.3162	-41.8586	33.3677	-2.11011
49	29	-15.4865	-41.8773	33.4715	-2.11419
49	30	-15.6588	-41.897	33.5777	-2.11828
49	31	-15.8339	-41.9171	33.6863	-2.1224
49	32	-16.0099	-41.9395	33.7979	-2.12649
49	33	-16.1869	-41.9634	33.9118	-2.13055
49	34	-16.3641	-41.9881	34.0272	-2.13458
49	35	-16.5408	-42.013	34.143	-2.13857
49	36	-16.7163	-42.0379	34.2585	-2.14249
49	37	-16.8895	-42.0657	34.3758	-2.14629
49	38	-17.0654	-42.09	34.4922	-2.15019
49	39	-17.2444	-42.1081	34.6057	-2.15423
49	40	-17.4265	-42.123	34.7188	-2.15837
49	41	-17.6107	-42.142	34.8369	-2.16247
49	42	-17.7965	-42.1594	34.9553	-2.1666
49	43	-17.983	-42.1752	35.0733	-2.17075
49	44	-18.1689	-42.194	35.1942	-2.17481
49	45	-18.3545	-42.209	35.3122	-2.17889
49	46	-18.54	-42.2198	35.4273	-2.18302
49	47	-18.7256	-42.2325	35.5447	-2.18708
49	48	-18.9121	-42.2412	35.6599	-2.19121
49	49	-19.0999	-42.2464	35.7736	-2.1954
49	50	-19.2885	-42.2551	35.8913	-2.19952
49	51	-19.4774	-42.2629	36.009	-2.20363
49	52	-19.6675	-42.2683	36.126	-2.20779
49	53	-19.8577	-42.277	36.2464	-2.21187
49	54	-20.0475	-42.2828	36.365	-2.21596
49	55	-20.2382	-42.2816	36.479	-2.22015
49	56	-20.4295	-42.2731	36.5882	-2.22446
49	57	-20.6214	-42.2572	36.6926	-2.22887
49	58	-20.8134	-42.2343	36.7924	-2.23338
49	59	-21.0023	-42.2341	36.9087	-2.23742
49	60	-21.1453	-42.3036	37.0518	-2.23929
49	61	-21.2665	-42.411	37.2113	-2.24006
49	62	-21.3712	-42.5398	37.3772	-2.24012
49	63	-21.4639	-42.6875	37.5505	-2.23961
49	64	-21.5474	-42.8576	37.7358	-2.23855
49	65	-21.6234	-43.0565	37.9391	-2.23688
49	66	-21.693	-43.2916	38.167	-2.23451
49	67	-21.758	-43.5707	38.4271	-2.23137
49	68	-21.8104	-43.851	38.6808	-2.22799
49	69	-21.8523	-44.1315	38.9287	-2.22444
49	70	-21.8843	-44.4132	39.1721	-2.22072
49	71	-21.9052	-44.6972	39.4111	-2.21678
49	72	-21.9124	-44.9828	39.6438	-2.21259
49	73	-21.9047	-45.2675	39.8677	-2.20816
49	74	-21.884	-45.5488	40.0819	-2.20357
49	75	-21.8532	-45.8263	40.2879	-2.19888
49	76	-21.8141	-46.1013	40.4879	-2.1941
49	77	-21.7663	-46.3754	40.6831	-2.18922
49	78	-21.7073	-46.6492	40.8725	-2.18415
49	79	-21.6342	-46.9212	41.0534	-2.17889
49	80	-21.5465	-47.1882	41.223	-2.17344
49	81	-21.4463	-47.448	41.3809	-2.16789
49	82	-21.3361	-47.7011	41.5289	-2.16227
49	83	-21.2172	-47.949	41.669	-2.15658
49	84	-21.0882	-48.1927	41.8015	-2.15078
49	85	-20.947	-48.4313	41.9244	-2.14485
49	86	-20.7927	-48.6621	42.0353	-2.13878
49	87	-20.6271	-48.8828	42.133	-2.13265
49	88	-20.4532	-49.0932	42.2193	-2.12651
49	89	-20.273	-49.2953	42.2966	-2.12037
49	90	-20.0862	-49.4904	42.3663	-2.11421
49	91	-19.8923	-49.6797	42.4288	-2.10799
49	92	-19.689	-49.861	42.4814	-2.10169
49	93	-19.4764	-50.0314	42.5216	-2.09535
49	94	-19.2565	-50.1898	42.5494	-2.08901
49	95	-19.0317	-50.3373	42.567	-2.08271
49	96	-18.8028	-50.4757	42.5764	-2.07643
49	97	-18.569	-50.6059	42.5779	-2.07015
49	98	-18.3288	-50.7268	42.5698	-2.06383
49	99	-18.0818	-50.8356	42.5496	-2.05751
49	100	-17.8297	-50.9304	42.5163	-2.05122
49	101	-17.5749	-51.0117	42.4715	-2.04502
49	102	-17.319	-51.0816	42.4177	-2.0389
49	103	-17.062	-51.1421	42.3565	-2.03284
49	104	-16.8032	-51.1935	42.2878	-2.02682
49	105	-16.5422	-51.2342	42.2102	-2.02084
49	106	-16.3181	-51.2578	42.1345	-2.01581
49	107	-16.1229	-51.2637	42.0562	-2.01156
49	108	-15.9499	-51.2525	41.9726	-2.00795
49	109	-15.7933	-51.2256	41.8821	-2.00483
49	110	-15.6481	-51.1843	41.7837	-2.0021
49	111	-15.5109	-51.1286	41.6759	-1.99966
49	112	-15.3837	-51.0527	41.554	-1.99764
49	113	-15.2905	-50.9342	41.4076	-1.99678
49	114	-15.2087	-50.7853	41.2382	-1.99646
49	115	-15.1333	-50.6334	41.0687	-1.99632
49	116	-15.0585	-50.4796	40.8978	-1.9962
49	117	-14.9832	-50.3242	40.7252	-1.99609
49	118	-14.9084	-50.1666	40.5507	-1.99602
49	119	-14.8337	-50.0065	40.3741	-1.99597
49	120	-14.7596	-49.8435	40.195	-1.99596
49	121	-14.6868	-49.6772	40.0135	-1.99602
49	122	-14.6161	-49.5075	39.8297	-1.99616
49	123	-14.5484	-49.3346	39.6443	-1.9964
49	124	-14.484	-49.1594	39.4582	-1.99675
49	125	-14.4228	-48.9827	39.2719	-1.99719
49	126	-14.3642	-48.805	39.0859	-1.9977
49	127	-14.3079	-48.6264	38.9	-1.99829
49	128	-14.2536	-48.4467	38.714	-1.99893
49	129	-14.2019	-48.2656	38.5278	-1.99967
49	130	-14.1535	-48.0828	38.3415	-2.0005
49	131	-14.1091	-47.8991	38.156	-2.00145
49	132	-14.0662	-47.7125	37.9685	-2.00247
49	133	-14.0247	-47.5243	37.7802	-2.00356
49	134	-13.9845	-47.3355	37.592	-2.00469
49	135	-13.9449	-47.1467	37.4041	-2.00586
49	136	-13.9056	-46.9576	37.216	-2.00704
49	137	-13.8666	-46.7676	37.0274	-2.00826
49	138	-13.8285	-46.5761	36.8378	-2.00952
49	139	-13.7925	-46.3826	36.6473	-2.01087
