# CellID	Layer	Boundary	Stem	Area	Perimeter	CenterX	CenterY	WUS	CK	Neighbors	IsDividing	Volume	Circularity	WallNodeCount	CytNodeCount	CenterDist	CenterAngle	IsBuffer	ThetaLocal
# Units	-	-	-	-	um^2	um	um	um	-	-	count	-	um^3	-	count	count	um	rad	-	rad
0	1	0	0	112.446	39.3445	14.4033	15.4018	57.8339	0	0	0	112.446	0.912819	132	30	30.9965	1.22169	0	0
1	1	0	0	112.399	39.6704	1.06232	17.5812	57.0335	0	0	0	112.399	0.897511	139	30	31.4258	1.65805	0	0
2	1	0	0	72.1995	30.7569	25.38	9.75224	56.1004	0	0	0	72.1995	0.959091	97	22	31.888	0.827499	0	0
3	1	0	0	88.7598	34.3784	-11.5064	14.4234	54.8814	0	0	0	88.7598	0.943747	133	22	32.0412	2.06887	0	0
4	1	0	0	76.7379	31.8205	34.6506	4.13572	51.7237	0	0	0	76.7379	0.952371	113	22	35.6471	0.524804	0	0
5	1	0	0	107.298	38.3291	-24.5363	11.3397	48.5217	0	0	0	107.298	0.917791	141	30	37.8316	2.4174	0	0
6	1	0	0	103.916	37.6712	43.7758	-1.85771	46.0527	0	0	0	103.916	0.920181	133	30	41.6993	0.288581	0	0
7	1	0	0	84.5859	33.7492	-35.6506	4.76225	43.0771	0	0	0	84.5859	0.933215	126	22	43.5682	2.70337	0	0
8	1	1	0	84.4886	33.1167	51.3375	-9.92653	41.0428	0	0	0	84.4886	0.968085	140	30	47.6883	0.0797369	0	0
9	1	1	0	84.6755	33.2655	-43.693	-3.42725	38.8602	0	0	0	84.6755	0.961568	147	30	48.5973	2.92807	0	0
10	2	0	0	97.7448	35.9188	6.69475	7.73373	66.9679	0	0	0	97.7448	0.952051	120	30	21.653	1.43674	0	0
11	2	0	0	100.064	36.163	16.7873	4.56249	65.5334	0	0	0	100.064	0.961521	146	30	22.4295	0.953304	0	0
12	2	0	0	95.9922	35.5509	-3.89245	7.97326	63.9193	0	0	0	95.9922	0.954431	135	30	23.0217	1.91152	0	0
13	2	0	0	90.5934	34.3196	26.6096	-0.624092	59.7315	0	0	0	90.5934	0.966547	133	30	26.3035	0.521368	0	0
14	2	0	0	94.9205	35.3712	-15.6427	5.21481	57.3881	0	0	0	94.9205	0.953392	141	30	27.1434	2.36931	0	0
15	2	0	0	71.8643	30.5629	35.4716	-6.41229	52.7718	0	0	0	71.8643	0.966797	117	22	32.5041	0.226921	0	0
16	2	0	0	93.7902	35.4992	-26.9454	1.27536	49.7725	0	0	0	93.7902	0.935254	150	30	34.2102	2.68769	0	0
17	2	1	0	78.5624	32.3739	43.5161	-12.885	46.1721	0	0	0	78.5624	0.941965	143	30	39.7242	0.0211473	0	0
18	2	1	0	78.1788	32.5896	-36.3549	-6.31795	43.6972	0	0	0	78.1788	0.924997	150	30	40.8331	2.95918	0	0
19	3	0	0	74.8484	31.7453	10.3131	-4.56427	77.6964	85.7073	0	0	74.8484	0.933326	111	22	11.2396	0.952798	0	0
20	3	0	0	96.0133	35.5494	1.16613	-2.74878	76.7273	83.379	0	0	96.0133	0.954722	133	30	11.288	1.80637	0	0
21	3	0	0	72.1247	30.6889	18.4617	-7.04942	68.967	82.3146	0	0	72.1247	0.962344	113	22	16.1092	0.42728	0	0
22	3	0	0	90.9522	35.3017	-8.3164	-3.042	67.2259	77.5387	0	0	90.9522	0.917133	150	30	16.154	2.41901	0	0
23	3	0	0	72.8997	30.7163	27.2341	-11.2186	59.7135	75.2875	0	0	72.8997	0.970953	115	22	23.567	0.106556	0	0
24	3	0	0	91.4076	35.0609	-18.8317	-5.0822	57.383	69.1802	0	0	91.4076	0.934427	164	30	24.2266	2.77681	0	0
25	3	1	0	76.5368	31.6693	35.4659	-16.768	51.5412	67.2289	0	0	76.5368	0.958967	146	30	31.811	-0.0958039	0	0
26	3	1	0	71.6655	30.8958	-28.6136	-9.46989	49.2615	61.4426	0	0	71.6655	0.943455	131	30	32.6924	3.01107	0	0
27	4	0	0	90.874	34.8558	4.03683	-14.4631	75.1756	101.555	0	0	90.874	0.939939	113	30	0.774921	-1.26125	0	0
28	4	0	0	68.235	30.5734	12.4219	-15.9852	70.8423	97.2072	0	0	68.235	0.917336	103	22	8.91252	-0.256401	0	0
29	4	0	0	90.4159	34.5557	-4.10495	-14.2026	70.0003	91.9591	0	0	90.4159	0.951516	122	30	7.92013	-3.08125	0	0
30	4	0	0	83.2641	33.5406	20.2884	-18.5521	63.015	86.2906	0	0	83.2641	0.930092	122	30	17.1797	-0.284811	0	0
31	4	0	0	87.6508	33.8537	-13.3576	-14.2766	61.411	79.8022	0	0	87.6508	0.961064	125	30	17.1673	-3.10946	0	0
32	4	1	0	56.3347	27.2341	28.604	-21.4667	55.1346	75.1793	0	0	56.3347	0.954468	135	22	25.9834	-0.302543	0	0
33	4	1	0	81.7598	32.6709	-22.1764	-15.5503	53.5164	69.5333	0	0	81.7598	0.962558	152	30	26.0412	-3.07144	0	0
34	5	0	0	83.2865	33.2574	6.76009	-25.7193	63.0605	98.4372	0	0	83.2865	0.946255	105	30	12.354	-1.3289	0	0
35	5	0	0	66.722	30.0291	-1.67633	-25.6125	61.8607	93.7213	0	0	66.722	0.929809	102	22	13.0886	-2.00255	0	0
36	5	0	0	65.9512	29.6367	15.0175	-27.6497	59.2349	89.1773	0	0	65.9512	0.94357	102	22	17.8804	-0.892694	0	0
37	5	0	0	87.0009	34.4635	-9.90796	-25.2301	58.0676	83.6916	0	0	87.0009	0.920481	129	30	17.8969	-2.44337	0	0
38	5	1	0	78.3916	31.8675	23.9872	-28.8179	54.007	78.1177	0	0	78.3916	0.970024	145	30	25.2049	-0.642012	0	0
39	5	1	0	79.6175	32.1398	-18.9081	-24.6399	52.5731	72.8363	0	0	79.6175	0.968572	135	30	25.1958	-2.69355	0	0
40	6	0	0	56.8539	27.5034	1.49611	-35.2714	54.0293	83.6173	0	0	56.8539	0.944488	87	22	21.6692	-1.67735	0	0
41	6	0	0	92.6626	35.6149	9.60086	-37.6892	52.0235	80.4449	0	0	92.6626	0.918016	119	30	24.6561	-1.33333	0	0
42	6	0	0	96.7154	36.7283	-6.83077	-36.8943	50.8965	77.0546	0	0	96.7154	0.900956	142	30	25.4921	-2.001	0	0
43	6	1	0	82.5854	32.6785	19.0838	-37.2186	50.3019	75.8971	0	0	82.5854	0.971827	153	30	28.0271	-0.994057	0	0
44	6	1	0	88.6444	33.7541	-16.2724	-34.8396	48.505	70.7027	0	0	88.6444	0.977708	159	30	29.1335	-2.33092	0	0
45	7	0	0	105.991	38.4102	0.773902	-47.0376	44.8717	69.0218	0	0	105.991	0.902788	148	22	33.4498	-1.66141	0	0
46	7	0	0	90.0351	35.905	9.7281	-48.8257	43.7396	67.2536	0	0	90.0351	0.87763	146	30	35.5977	-1.40351	0	0
47	7	0	0	96.0991	36.8608	-8.71294	-48.0666	42.7859	64.8483	0	0	96.0991	0.888789	154	30	36.5505	-1.92023	0	0
48	7	1	0	79.9919	32.9822	17.9677	-46.534	44.1038	67.0794	0	0	79.9919	0.924056	142	30	35.737	-1.16318	0	0
49	7	1	0	64.3694	30.0862	-16.1267	-44.4693	42.8282	63.5936	0	0	64.3694	0.893624	140	22	36.6376	-2.14588	0	0
