0 1 0 113.472 2.64832 0 1.44073 1.32881 1713912002 0 0 57.82 0 725000 0 0
1 1 0 107.506 2.93085 0 1.38795 0 1585 0 0 57.1909 0 725000 0 0
2 1 0 75.5729 2.39221 -1 1.28841 5.99786 15 0 0 55.4387 0 725000 0 0
3 1 0 89.1013 3.11045 -1 1.31027 2.59508 964 0 0 54.5698 0 725000 0 0
4 1 0 76.6944 2.4706 -1 1.18218 11.3489 1016 0 0 50.9512 0 725000 0 0
5 1 0 107.143 0.133802 0 1.39922 5.42627 60 0 0 48.1902 0 725000 0 0
6 1 0 102.332 2.85601 0 1.20521 16.7526 463 0 0 45.1288 0 725000 0 0
7 1 0 86.0331 0.930029 -1 1.3801 12.5976 15 0 0 43.3835 0 725000 0 0
8 1 1 83.1275 1.87917 -1 1.19494 24.3833 2037 0 0 40.4502 0 725000 0 0
9 1 1 86.2446 1.06832 -1 1.21802 20.9756 2091 0 0 39.1771 0 725000 0 0
10 2 0 95.4505 1.51899 0 1.23277 9.53384 2154 0 0 67.0953 0 725000 0 0
11 2 0 98.7952 1.28996 0 1.07838 11.6512 103 0 0 64.8621 0 725000 0 0
12 2 0 95.6737 2.74288 0 1.08284 9.57631 221 0 0 64.1233 0 725000 0 0
13 2 0 91.9117 2.28209 0 1.14802 16.2499 339 0 0 58.9847 0 725000 0 0
14 2 0 92.3139 2.92492 0 1.34177 11.5065 449 0 0 56.9149 0 725000 0 0
15 2 0 72.8258 2.15217 -1 1.15607 21.4863 537 0 0 52.0384 0 725000 0 0
16 2 0 95.782 0.960772 0 1.27069 15.9953 4267 0 0 50.2623 0 725000 0 0
17 2 1 79.1242 2.0326 -1 1.38493 27.6815 0 0 0 45.5275 0 725000 0 0
18 2 1 80.0779 1.15666 -1 1.40828 23.7674 0 0 0 44.3984 0 725000 0 0
19 3 0 74.9522 1.42801 -1 1.41023 21.1174 0 0 0 76.7869 84.8157 725000 0 0
20 3 0 91.4045 1.49804 0 1.1783 19.7997 1711612067 0 0 76.8393 83.5281 725000 0 0
21 3 0 72.4215 1.33645 -1 1.23578 23.0112 0 0 0 68.1277 80.6478 725000 0 0
22 3 0 90.0884 1.7012 0 1.19125 19.8847 0 0 0 66.6822 76.9918 725000 0 0
23 3 0 72.6225 2.14631 -1 1.1417 26.7635 0 0 0 59.0245 73.5335 725000 0 0
24 3 0 93.0477 0.792758 0 1.14619 22.4375 0 0 0 57.8091 69.8919 725000 0 0
25 3 1 77.4719 2.12858 -1 1.23737 31.6835 0 0 0 51.137 65.7372 725000 0 0
26 3 1 70.1652 0.986311 -1 1.36466 27.4378 0 0 0 50.159 62.8763 725000 0 0
27 4 0 92.2092 1.50154 0 1.29121 30.9321 0 0 0 76.0475 101.047 725000 0 0
28 4 0 67.6995 1.43966 -1 1.54188 32.1506 0 0 0 70.8588 95.0538 725000 0 0
29 4 0 92.1132 1.56039 1.5708 1.4603 30.9058 0 0 0 70.7756 92.5465 725000 0 0
30 4 0 82.2074 1.39697 1.5708 1.46654 34.3537 0 0 0 62.8313 84.5303 725000 0 0
31 4 0 91.2508 1.34858 0 1.3063 31.1677 0 0 0 62.1042 80.6477 725000 0 0
32 4 1 56.385 2.4404 -1 1.28004 36.8076 0 0 0 54.9307 73.737 725000 0 0
33 4 1 77.443 0.690929 -1 1.2526 33.4759 0 0 0 53.9259 70.595 725000 0 0
34 5 0 83.8674 1.51157 1.5708 1.43789 41.8306 0 0 0 63.8925 99.0624 725000 0 0
35 5 0 65.9568 1.50145 -1 1.51342 42.0578 0 0 0 62.9899 96.0095 725000 0 0
36 5 0 66.2533 1.48705 -1 1.32395 43.5941 0 0 0 59.5605 88.3422 725000 0 0
37 5 0 83.9598 1.52218 0 1.31042 41.9501 0 0 0 59.1165 85.4528 725000 0 0
38 5 1 79.0779 2.61406 -1 1.13069 44.4323 0 0 0 54.0452 77.0322 725000 0 0
39 5 1 75.9038 0.406055 -1 1.17631 41.8871 0 0 0 53.1359 73.8442 725000 0 0
40 6 0 57.32 1.47397 -1 1.34469 51.4665 0 0 0 55.0368 85.279 725000 0 0
41 6 0 92.091 1.48042 1.5708 1.33249 53.7261 0 0 0 52.6877 81.0694 725000 0 0
42 6 0 97.4353 1.48804 1.5708 1.28764 53.0553 0 0 0 52.1458 79.1695 725000 0 0
43 6 1 83.2638 2.82316 -1 1.15282 53.0743 0 0 0 50.5675 75.5368 725000 0 0
44 6 1 86.5244 0.225494 -1 1.10709 51.3006 0 0 0 49.5696 72.3926 725000 0 0
45 7 0 101.232 1.52993 -1 1.45034 63.2014 0 0 0 45.7415 70.3572 725000 0 0
46 7 0 93.0798 1.627 0 1.22167 64.6841 0 0 0 44.4748 68.2026 725000 0 0
47 7 0 95.7809 1.35986 1.5708 1.19715 63.839 0 0 0 43.9811 66.7504 725000 0 0
48 7 1 79.5124 1.69659 -1 1.11806 62.4187 0 0 0 44.551 67.3641 725000 0 0
49 7 1 63.0419 1.42004 -1 1.16471 60.5842 0 0 0 43.9687 65.3804 725000 0 0
