0 1 0 114.13 3.11296 0 1.28403 1.70123 1713912002 0 0 58.1771 0 445000 0 0
1 1 0 109.441 3.08375 0 1.32996 0 1585 0 0 57.4627 0 445000 0 0
2 1 0 72.1219 2.54598 -1 1.11859 5.98762 15 0 0 55.9063 0 445000 0 0
3 1 0 90.5049 3.09776 -1 1.31068 2.56207 964 0 0 54.9808 0 445000 0 0
4 1 0 77.5252 2.46205 -1 1.18188 10.3312 1016 0 0 51.0674 0 445000 0 0
5 1 0 107.053 0.00166463 0 1.39029 4.89014 60 0 0 48.406 0 445000 0 0
6 1 0 103.011 2.42506 0 1.06906 15.0574 463 0 0 45.3703 0 445000 0 0
7 1 0 88.6757 0.848508 -1 1.37251 11.0435 15 0 0 43.2143 0 445000 0 0
8 1 1 83.8396 1.97253 -1 1.19091 22.3263 2037 0 0 40.442 0 445000 0 0
9 1 1 86.6367 1.01344 -1 1.19504 18.9792 2091 0 0 38.8759 0 445000 0 0
10 2 0 97.1458 1.52557 0 1.35765 10.2098 2154 0 0 67.9786 0 445000 0 0
11 2 0 100.785 1.31831 0 1.12674 12.4937 103 0 0 65.876 0 445000 0 0
12 2 0 100.621 1.66533 0 1.11246 9.96389 221 0 0 64.7367 0 445000 0 0
13 2 0 92.6832 2.32254 0 1.10592 16.1817 339 0 0 59.2101 0 445000 0 0
14 2 0 97.7614 2.92655 0 1.23696 11.9138 449 0 0 57.2168 0 445000 0 0
15 2 0 75.4901 2.22065 -1 1.1393 20.7549 537 0 0 51.9904 0 445000 0 0
16 2 0 99.2125 0.763926 0 1.21204 15.4447 4267 0 0 49.9609 0 445000 0 0
17 2 1 79.4841 2.10052 -1 1.3457 26.4407 0 0 0 45.4774 0 445000 0 0
18 2 1 79.8943 1.08306 -1 1.44673 22.4649 0 0 0 43.947 0 445000 0 0
19 3 0 78.488 1.44388 -1 1.38549 22.3496 0 0 0 77.749 86.7767 445000 0 0
20 3 0 97.7926 1.50638 1.5708 1.33563 21.1702 1711612067 0 0 77.4975 85.2352 445000 0 0
21 3 0 76.1246 1.3589 -1 1.25468 23.8482 0 0 0 68.3018 81.675 445000 0 0
22 3 0 99.5584 1.53982 1.5708 1.48579 21.2966 0 0 0 66.5449 77.8881 445000 0 0
23 3 0 75.849 1.26028 -1 1.1486 26.7988 0 0 0 58.862 73.4064 445000 0 0
24 3 0 100.901 0.474361 0 1.14253 23.0246 0 0 0 56.8382 69.0972 445000 0 0
25 3 1 79.0238 2.17567 -1 1.17668 31.2124 0 0 0 51.0134 65.3511 445000 0 0
26 3 1 71.4544 0.956738 -1 1.30461 26.7505 0 0 0 49.2276 61.4893 445000 0 0
27 4 0 93.3351 1.51757 1.5708 1.31082 32.5855 0 0 0 74.247 103.501 445000 0 0
28 4 0 69.7579 1.43889 -1 1.47368 33.3639 0 0 0 69.8679 95.9571 445000 0 0
29 4 0 92.7599 1.58148 0 1.35969 32.7124 0 0 0 69.4287 92.8748 445000 0 0
30 4 0 85.3945 1.40558 1.5708 1.46056 35.1591 0 0 0 62.1439 84.2701 445000 0 0
31 4 0 92.2311 1.35158 0 1.21431 32.5452 0 0 0 60.7188 79.6239 445000 0 0
32 4 1 58.9241 2.44011 -1 1.1827 37.1104 0 0 0 54.5357 73.27 445000 0 0
33 4 1 83.8423 0.6171 -1 1.07652 33.7467 0 0 0 52.8286 69.2167 445000 0 0
34 5 0 84.9838 1.48517 1.5708 1.34732 43.1768 0 0 0 62.5957 97.0352 445000 0 0
35 5 0 69.2243 1.52721 -1 1.47308 43.898 0 0 0 61.11 93.1214 445000 0 0
36 5 0 67.3909 1.46568 -1 1.32084 44.6538 0 0 0 58.6094 87.2177 445000 0 0
37 5 0 91.4659 1.49046 1.5708 1.47515 43.687 0 0 0 57.5266 83.5822 445000 0 0
38 5 1 80.6606 2.62496 -1 1.06603 45.2843 0 0 0 53.4085 76.3353 445000 0 0
39 5 1 80.3377 0.398093 -1 1.0713 43.0349 0 0 0 52.1529 72.7444 445000 0 0
40 6 0 55.6283 1.51426 -1 1.39028 52.9059 0 0 0 53.7384 83.0558 445000 0 0
41 6 0 91.9496 1.53514 1.5708 1.31884 54.8395 0 0 0 51.7135 79.4171 445000 0 0
42 6 0 96.6713 0.141545 0 1.01767 54.6796 0 0 0 50.7667 77.0117 445000 0 0
43 6 1 85.4508 2.82054 -1 1.09391 54.2958 0 0 0 49.6116 74.1327 445000 0 0
44 6 1 87.2013 0.197089 -1 1.03758 53.1739 0 0 0 48.0305 70.2433 445000 0 0
45 7 0 99.1523 1.50683 -1 1.50766 64.6147 0 0 0 44.6823 68.5499 445000 0 0
46 7 0 91.7251 1.6099 1.5708 1.35705 65.8942 0 0 0 43.607 66.7287 445000 0 0
47 7 0 99.5782 1.39017 1.5708 1.222 64.9475 0 0 0 43.1639 65.424 445000 0 0
48 7 1 81.0038 1.57206 -1 1.11203 63.8188 0 0 0 43.6344 65.9366 445000 0 0
49 7 1 62.1858 1.51564 -1 1.12066 62.5172 0 0 0 42.6437 63.4003 445000 0 0
