# CellID	Layer	Boundary	Stem	Area	Perimeter	CenterX	CenterY	WUS	CK	Neighbors	IsDividing	Volume	Circularity	WallNodeCount	CytNodeCount	CenterDist	CenterAngle	IsBuffer	ThetaLocal
# Units	-	-	-	-	um^2	um	um	um	-	-	count	-	um^3	-	count	count	um	rad	-	rad
0	1	1	0	100.249	36.3392	5.21482	2.64161	59.6437	0	0	0	100.249	0.953979	153	30	23.8756	1.35867	0	1.5716
1	1	1	0	102.894	36.7525	-5.75457	2.65042	59.6924	0	0	0	102.894	0.957248	155	30	24.0936	1.82002	0	1.56999
2	1	1	0	100.214	36.3576	16.2025	1.79076	55.79	0	0	0	100.214	0.952684	154	30	27.6087	0.952006	0	1.6219
3	1	1	0	104.512	37.2563	-17.2594	1.14394	56.1415	0	0	0	104.512	0.946186	152	30	27.9556	2.24479	0	1.66032
4	1	1	0	104.12	36.9819	27.4344	0.65645	49.5581	0	0	0	104.12	0.956682	157	30	34.618	0.664775	0	1.64185
5	1	1	0	83.6918	33.4044	-29.0893	-1.77793	50.144	0	0	0	83.6918	0.942511	144	22	34.8592	2.56785	0	1.72445
6	1	1	0	93.1645	35.5464	38.2445	-1.93617	43.517	0	0	0	93.1645	0.926549	131	30	42.4302	0.458049	0	1.68845
7	1	1	0	96.1052	35.9254	-39.6751	-5.81452	44.2273	0	0	0	96.1052	0.935735	144	30	42.5513	2.78424	0	1.78362
8	1	1	0	61.3977	28.2854	46.9938	-6.05091	39.063	0	0	0	61.3977	0.964358	132	22	49.0442	0.303295	0	1.75182
9	1	1	0	58.4975	27.4792	-47.538	-10.4637	39.9333	0	0	0	58.4975	0.973506	125	22	48.8112	2.93034	0	1.84273
10	2	0	0	74.5191	31.648	0.594857	-5.8714	68.8651	0	0	0	74.5191	0.934943	148	30	14.833	1.54337	0	0
11	2	0	0	53.8752	26.2543	10.6397	-5.92231	64.9928	0	0	0	53.8752	0.982199	98	22	18.0992	0.955178	0	0
12	2	0	0	73.133	31.2145	-10.7216	-6.05704	65.3914	0	0	0	73.133	0.943212	144	30	18.2593	2.21116	0	0
13	2	0	0	69.6335	30.6898	20.496	-6.70483	57.9683	0	0	0	69.6335	0.929052	133	30	24.6625	0.603366	0	0
14	2	0	0	73.0366	31.8198	-22.214	-7.55482	57.6064	0	0	0	73.0366	0.906475	157	30	25.9734	2.61099	0	0
15	2	0	0	73.2748	31.8213	32.2307	-8.49697	49.2932	0	0	0	73.2748	0.909345	155	30	34.2872	0.363845	0	0
16	2	0	0	66.8075	29.6378	-32.5903	-11.1467	50.3865	0	0	0	66.8075	0.955747	139	22	34.1419	2.85803	0	0
17	2	1	0	59.0142	27.9245	42.3411	-11.8153	42.7735	0	0	0	59.0142	0.951032	137	22	43.0789	0.207704	0	0
18	2	1	0	59.3469	27.9399	-41.7762	-15.6209	44.1451	0	0	0	59.3469	0.955343	136	22	42.2704	3.02117	0	0
19	3	0	0	77.0389	31.791	5.0316	-13.8778	75.6753	84.0023	0	0	77.0389	0.957884	129	30	8.36574	0.953332	0	0
20	3	0	0	64.3348	28.6437	-4.86793	-13.7138	76.0752	83.9832	0	0	64.3348	0.985364	134	22	8.62282	2.19735	0	0
21	3	0	0	78.2889	32.1792	15.2627	-14.4415	65.507	77.1016	0	0	78.2889	0.95008	164	30	16.3217	0.393448	0	0
22	3	0	0	80.188	33.0275	-15.3536	-14.2346	66.2679	77.5642	0	0	80.188	0.923779	152	30	16.8325	2.74743	0	0
23	3	0	0	79.8981	32.698	25.5577	-15.2376	55.726	67.3808	0	0	79.8981	0.939082	149	30	25.9508	0.21203	0	0
24	3	0	0	74.8672	31.6325	-25.9915	-17.0131	56.6521	69.1551	0	0	74.8672	0.940233	141	30	26.4377	3.00173	0	0
25	3	1	0	81.078	32.5049	35.8433	-17.5162	47.7436	58.7853	0	0	81.078	0.964307	157	30	35.797	0.0890249	0	0
26	3	1	0	77.177	31.7362	-35.309	-21.1128	48.9059	61.2237	0	0	77.177	0.962914	144	30	35.4995	-3.12993	0	0
27	4	0	0	80.1587	32.18	0.118965	-22.4557	79.8012	97.894	0	0	80.1587	0.972721	114	30	1.75827	-1.61012	0	0
28	4	0	0	78.4415	32.0094	10.5876	-22.9736	70.3811	88.9865	0	0	78.4415	0.962056	132	30	10.6454	-0.215353	0	0
29	4	0	0	80.0194	32.3716	-9.82648	-22.8941	72.1621	91.2782	0	0	80.0194	0.959568	124	30	10.2524	-2.9258	0	0
30	4	0	0	72.5145	30.5827	20.5016	-23.6803	60.1026	76.6897	0	0	72.5145	0.974281	118	22	20.5311	-0.145734	0	0
31	4	0	0	79.0913	32.5086	-18.852	-24.1331	62.5896	80.3409	0	0	79.0913	0.940462	132	30	19.3473	-2.96314	0	0
32	4	1	0	78.5956	32.0734	29.6197	-24.4366	52.2287	66.7276	0	0	78.5956	0.960101	149	30	29.6681	-0.126323	0	0
33	4	1	0	75.6793	31.5061	-28.1159	-26.788	53.8304	69.8451	0	0	75.6793	0.958071	148	30	28.9516	-2.92969	0	0
34	5	0	0	79.3822	32.1767	5.71531	-31.2019	68.124	98.9724	0	0	79.3822	0.963498	118	30	11.8687	-1.08637	0	0
35	5	0	0	80.1059	32.0824	-4.74871	-31.7694	68.3783	102.029	0	0	80.1059	0.978002	111	30	12.1215	-1.99027	0	0
36	5	0	0	58.844	27.4925	15.8534	-31.7078	61.1062	84.1339	0	0	58.844	0.978323	98	22	19.1468	-0.612579	0	0
37	5	0	0	56.1143	26.7561	-13.3469	-32.487	63.079	88.7274	0	0	56.1143	0.985004	84	22	17.9488	-2.42506	0	0
38	5	1	0	79.4524	32.1718	25.1025	-32.4223	53.6413	72.2389	0	0	79.4524	0.964642	154	30	27.5348	-0.439812	0	0
39	5	1	0	76.4683	31.6829	-22.6222	-33.7034	55.6012	76.0969	0	0	76.4683	0.957286	150	30	26.257	-2.62343	0	0
40	6	0	0	79.1262	32.0539	1.59727	-40.1135	60.447	92.2666	0	0	79.1262	0.96776	114	30	19.4658	-1.49834	0	0
41	6	0	0	76.1556	31.433	10.8745	-40.0944	57.9153	85.4401	0	0	76.1556	0.968592	104	30	22.1448	-1.06721	0	0
42	6	0	0	79.3575	32.67	-8.32205	-41.4547	58.092	87.2552	0	0	79.3575	0.934327	115	30	22.4328	-1.9599	0	0
43	6	1	0	71.5412	30.5307	20.1087	-40.0571	53.1635	75.4738	0	0	71.5412	0.964479	136	30	27.7773	-0.771084	0	0
44	6	1	0	70.976	30.607	-17.833	-40.9037	54.3812	78.3699	0	0	70.976	0.952093	142	30	27.074	-2.29913	0	0
45	7	0	1	100.555	37.6188	-0.381465	-50.4277	51.376	78.0586	0	0	100.555	0.892901	152	30	29.7344	-1.58995	0	0
46	7	0	1	92.6427	36.3161	8.51719	-50.0633	50.6443	76.1311	0	0	92.6427	0.88272	141	30	30.5229	-1.29441	0	0
47	7	0	1	69.5419	31.1819	-9.33876	-50.5391	50.3332	75.6981	0	0	69.5419	0.898777	139	22	31.3242	-1.87983	0	0
48	7	1	1	80.0922	32.6691	17.3078	-48.573	48.9697	71.7459	0	0	80.0922	0.943028	145	30	32.7118	-1.02002	0	0
49	7	1	1	58.8539	28.5313	-17.0601	-48.5616	49.4662	72.748	0	0	58.8539	0.908539	141	22	32.7694	-2.1251	0	0
