# CellID	NodeIndex	X	Y	R	Theta
8	0	54.5257	-11.8906	51.6222	0.0305527
8	1	54.7156	-11.7115	51.8178	0.0338956
8	2	54.8963	-11.5207	52.0052	0.0374453
8	3	55.0652	-11.3185	52.182	0.0411962
8	4	55.2209	-11.1071	52.3466	0.0451089
8	5	55.364	-10.8888	52.4999	0.0491394
8	6	55.4962	-10.6648	52.6433	0.0532668
8	7	55.6185	-10.4346	52.7781	0.0574992
8	8	55.7304	-10.197	52.9041	0.0618603
8	9	55.8302	-9.95152	53.0194	0.0663654
8	10	55.9158	-9.69905	53.1221	0.0710007
8	11	55.9864	-9.44193	53.2113	0.0757265
8	12	56.0434	-9.18212	53.2884	0.0805072
8	13	56.0886	-8.92008	53.3552	0.0853344
8	14	56.123	-8.65499	53.4127	0.0902246
8	15	56.1456	-8.38582	53.4601	0.0952009
8	16	56.1542	-8.11262	53.4954	0.100269
8	17	56.1473	-7.83714	53.5168	0.105404
8	18	56.1252	-7.5618	53.5245	0.110563
8	19	56.0899	-7.28779	53.5204	0.115724
8	20	56.0433	-7.01446	53.5063	0.120899
8	21	55.9851	-6.7404	53.4824	0.126117
8	22	55.913	-6.46504	53.4462	0.131398
8	23	55.8241	-6.19006	53.3948	0.136722
8	24	55.7176	-5.91904	53.327	0.142029
8	25	55.5962	-5.65445	53.245	0.147271
8	26	55.4633	-5.39572	53.1522	0.152453
8	27	55.32	-5.14077	53.0501	0.157613
8	28	55.1651	-4.88845	52.9374	0.16278
8	29	54.9962	-4.63993	52.8117	0.167942
8	30	54.8129	-4.39822	52.672	0.173048
8	31	54.6176	-4.1652	52.5204	0.178059
8	32	54.413	-3.93981	52.3596	0.182988
8	33	54.1995	-3.71993	52.1903	0.187875
8	34	53.9751	-3.50506	52.0106	0.192739
8	35	53.7379	-3.29743	51.8182	0.197549
8	36	53.4888	-3.1002	51.6132	0.202243
8	37	53.231	-2.91373	51.3987	0.206804
8	38	52.9661	-2.73561	51.1765	0.211273
8	39	52.6923	-2.56428	50.9452	0.215689
8	40	52.407	-2.40159	50.7018	0.220028
8	41	52.1104	-2.25198	50.4455	0.224205
8	42	51.8085	-2.11946	50.181	0.228117
8	43	51.5414	-2.02323	49.9427	0.231204
8	44	51.299	-1.95486	49.7226	0.23366
8	45	51.072	-1.90793	49.5127	0.235643
8	46	50.8526	-1.87908	49.3062	0.237251
8	47	50.6353	-1.87091	49.097	0.238453
8	48	50.4293	-1.90069	48.8898	0.238856
8	49	50.2286	-1.97003	48.6784	0.238448
8	50	50.0313	-2.05894	48.4657	0.237626
8	51	49.8383	-2.15415	48.2557	0.23665
8	52	49.6492	-2.25203	48.049	0.235593
8	53	49.4644	-2.35308	47.8457	0.234441
8	54	49.2834	-2.45639	47.6457	0.233214
8	55	49.1056	-2.56161	47.4485	0.231922
8	56	48.93	-2.6682	47.2531	0.230581
8	57	48.7575	-2.77768	47.0601	0.229155
8	58	48.587	-2.89285	46.8681	0.227587
8	59	48.4218	-3.01503	46.6796	0.225836
8	60	48.2611	-3.14004	46.495	0.22399
8	61	48.1074	-3.26841	46.3168	0.222024
8	62	47.9582	-3.39528	46.1433	0.220055
8	63	47.8135	-3.52729	45.9735	0.217939
8	64	47.6713	-3.66131	45.8058	0.215754
8	65	47.5328	-3.79855	45.6412	0.213466
8	66	47.3975	-3.93814	45.4795	0.211097
8	67	47.2655	-4.07984	45.3209	0.20865
8	68	47.1381	-4.22337	45.1667	0.206126
8	69	47.0163	-4.37257	45.017	0.203435
8	70	46.8998	-4.52425	44.8725	0.200649
8	71	46.7917	-4.67837	44.7361	0.197755
8	72	46.6882	-4.83082	44.6048	0.19486
8	73	46.5921	-4.98609	44.4806	0.191853
8	74	46.4969	-5.14008	44.358	0.188855
8	75	46.412	-5.29905	44.245	0.185686
8	76	46.3243	-5.45705	44.1298	0.182534
8	77	46.2618	-5.6277	44.0377	0.178981
8	78	46.199	-5.80537	43.9446	0.175256
8	79	46.1667	-5.99846	43.8795	0.171052
8	80	46.1375	-6.20473	43.8161	0.166526
8	81	46.1389	-6.40804	43.7842	0.161942
8	82	46.1538	-6.60824	43.7671	0.157373
8	83	46.1985	-6.80648	43.7806	0.152741
8	84	46.2556	-7.00419	43.8075	0.148081
8	85	46.3218	-7.19861	43.8448	0.143473
8	86	46.3889	-7.39172	43.884	0.138899
8	87	46.4581	-7.58365	43.9264	0.134354
8	88	46.5281	-7.77498	43.9706	0.129828
8	89	46.5995	-7.96704	44.017	0.125292
8	90	46.6716	-8.15913	44.065	0.120762
8	91	46.7465	-8.35123	44.1166	0.116235
8	92	46.8225	-8.54227	44.1704	0.111739
8	93	46.9	-8.73094	44.2268	0.107305
8	94	46.9778	-8.9171	44.2847	0.102937
8	95	47.055	-9.10131	44.343	0.0986258
8	96	47.133	-9.28315	44.4031	0.0943776
8	97	47.2118	-9.46231	44.465	0.0901992
8	98	47.2952	-9.64235	44.5323	0.0860041
8	99	47.3783	-9.82376	44.5998	0.0817916
8	100	47.4633	-10.0038	44.6702	0.07762
8	101	47.5487	-10.1818	44.742	0.0735043
8	102	47.634	-10.3577	44.8145	0.0694504
8	103	47.7196	-10.5311	44.8882	0.0654644
8	104	47.8062	-10.7019	44.9638	0.0615478
8	105	47.8909	-10.8715	45.0382	0.0576738
8	106	47.9793	-11.0434	45.1169	0.0537565
8	107	48.0691	-11.2177	45.1976	0.0497993
8	108	48.1616	-11.3919	45.2816	0.0458563
8	109	48.2544	-11.565	45.3667	0.041951
8	110	48.3496	-11.7339	45.4551	0.0381496
8	111	48.4449	-11.8987	45.5444	0.0344536
8	112	48.5407	-12.0589	45.6349	0.0308744
8	113	48.6359	-12.2154	45.7255	0.0273891
8	114	48.7341	-12.3667	45.8198	0.0240288
8	115	48.8349	-12.5135	45.9173	0.0207791
8	116	48.9318	-12.6608	46.0113	0.0175362
8	117	49.0514	-12.785	46.1289	0.0147984
8	118	49.1866	-12.8958	46.2625	0.0123604
8	119	49.362	-12.9699	46.4371	0.0107173
8	120	49.5516	-13.043	46.626	0.00910734
8	121	49.7668	-13.0978	46.8407	0.00789563
8	122	50.0088	-13.1462	47.0824	0.00682672
8	123	50.2885	-13.183	47.3618	0.00600967
8	124	50.5662	-13.2088	47.6394	0.0054316
8	125	50.8427	-13.2243	47.9157	0.00507754
8	126	51.119	-13.229	48.192	0.00495158
8	127	51.3958	-13.2203	48.4689	0.00510109
8	128	51.6716	-13.1959	48.7449	0.00557425
8	129	51.9436	-13.1549	49.017	0.0063797
8	130	52.2094	-13.0993	49.2832	0.00747369
8	131	52.469	-13.0317	49.5434	0.0087988
8	132	52.7235	-12.9534	49.7986	0.0103248
8	133	52.974	-12.864	50.0501	0.0120609
8	134	53.2202	-12.7614	50.2977	0.0140411
8	135	53.4602	-12.6443	50.5393	0.0162904
8	136	53.6913	-12.5134	50.7727	0.018795
8	137	53.9125	-12.3709	50.9967	0.0215072
8	138	54.1243	-12.2192	51.212	0.0243794
8	139	54.3284	-12.0593	51.4202	0.0273909
9	0	-40.4416	0.412227	45.5361	2.83185
9	1	-40.5489	0.562076	45.684	2.82945
9	2	-40.6576	0.712274	45.8338	2.82706
9	3	-40.7724	0.85768	45.988	2.82482
9	4	-40.8867	1.00114	46.1414	2.82264
9	5	-41.0051	1.1409	46.2978	2.82057
9	6	-41.1232	1.2786	46.4534	2.81856
9	7	-41.2417	1.41232	46.6083	2.81665
9	8	-41.3614	1.54666	46.7647	2.81474
9	9	-41.4843	1.67819	46.9234	2.81293
9	10	-41.6058	1.80965	47.081	2.81112
9	11	-41.7345	1.9394	47.2448	2.80941
9	12	-41.8649	2.06956	47.4106	2.80771
9	13	-41.999	2.19525	47.5785	2.80614
9	14	-42.1317	2.31892	47.7447	2.80461
9	15	-42.2645	2.43693	47.9091	2.8032
9	16	-42.3991	2.55464	48.0751	2.80182
9	17	-42.5377	2.66776	48.2435	2.80056
9	18	-42.6763	2.77989	48.4117	2.79934
9	19	-42.8187	2.88532	48.5813	2.79828
9	20	-42.9606	2.98883	48.7498	2.79726
9	21	-43.1066	3.08349	48.9192	2.79645
9	22	-43.2541	3.1694	49.087	2.79581
9	23	-43.3948	3.26159	49.2506	2.79502
9	24	-43.5542	3.31459	49.4185	2.79511
9	25	-43.7431	3.33377	49.6027	2.79604
9	26	-43.9414	3.32843	49.7876	2.79749
9	27	-44.1544	3.31078	49.9822	2.79926
9	28	-44.3901	3.27756	50.1932	2.80146
9	29	-44.659	3.22787	50.4303	2.80417
9	30	-44.973	3.15548	50.703	2.80756
9	31	-45.2869	3.06848	50.9713	2.8112
9	32	-45.5969	2.96448	51.2312	2.81508
9	33	-45.8971	2.84704	51.4783	2.81911
9	34	-46.188	2.72043	51.7145	2.82321
9	35	-46.4721	2.58607	51.9427	2.82738
9	36	-46.7508	2.44208	52.1638	2.83166
9	37	-47.0225	2.28589	52.3754	2.83608
9	38	-47.2838	2.11784	52.5746	2.84063
9	39	-47.5337	1.94098	52.7614	2.84523
9	40	-47.7739	1.7574	52.9381	2.84987
9	41	-48.0062	1.56652	53.1062	2.85457
9	42	-48.23	1.36625	53.2648	2.85937
9	43	-48.4426	1.15583	53.411	2.86426
9	44	-48.6419	0.937284	53.5435	2.86921
9	45	-48.8284	0.713357	53.6636	2.87416
9	46	-49.0041	0.484997	53.7734	2.87912
9	47	-49.17	0.251259	53.8736	2.88411
9	48	-49.3249	0.0109328	53.9628	2.88915
9	49	-49.4666	-0.235604	54.0392	2.89422
9	50	-49.5944	-0.486255	54.1024	2.89929
9	51	-49.7091	-0.739114	54.1538	2.90433
9	52	-49.8125	-0.993853	54.195	2.90935
9	53	-49.9049	-1.25137	54.2264	2.91436
9	54	-49.9852	-1.51244	54.2466	2.91938
9	55	-50.0517	-1.77649	54.2539	2.9244
9	56	-50.1035	-2.04155	54.248	2.92938
9	57	-50.1418	-2.30585	54.2305	2.93429
9	58	-50.1682	-2.56901	54.2028	2.93914
9	59	-50.1833	-2.83185	54.1654	2.94395
9	60	-50.1862	-3.09525	54.1171	2.94873
9	61	-50.1747	-3.35893	54.0559	2.95348
9	62	-50.1472	-3.62096	53.9805	2.95815
9	63	-50.1043	-3.87881	53.8917	2.96271
9	64	-50.0478	-4.13113	53.7918	2.96714
9	65	-49.9801	-4.37818	53.6827	2.97146
9	66	-49.9019	-4.62099	53.565	2.97568
9	67	-49.8124	-4.86021	53.4377	2.97981
9	68	-49.7103	-5.09534	53.2995	2.98386
9	69	-49.5947	-5.32467	53.1497	2.98778
9	70	-49.466	-5.54625	52.989	2.99154
9	71	-49.3262	-5.75922	52.8192	2.99513
9	72	-49.1767	-5.96405	52.6418	2.99857
9	73	-49.0181	-6.16166	52.4569	3.00186
9	74	-48.8496	-6.35238	52.2638	3.00503
9	75	-48.6701	-6.53532	52.0612	3.00804
9	76	-48.4791	-6.70859	51.8491	3.01086
9	77	-48.278	-6.87052	51.6288	3.01346
9	78	-48.0687	-7.0208	51.4022	3.01584
9	79	-47.8528	-7.16047	51.1706	3.01802
9	80	-47.6305	-7.29071	50.9339	3.02002
9	81	-47.4008	-7.41169	50.6914	3.02184
9	82	-47.163	-7.5222	50.4422	3.02345
9	83	-46.9174	-7.62029	50.1867	3.02482
9	84	-46.6655	-7.70478	49.9267	3.02591
9	85	-46.4094	-7.77624	49.6641	3.02674
9	86	-46.1499	-7.8363	49.3995	3.02735
9	87	-45.8863	-7.88597	49.1319	3.02774
9	88	-45.6172	-7.92443	48.8602	3.0279
9	89	-45.3421	-7.94901	48.5841	3.02776
9	90	-45.0627	-7.95688	48.3056	3.02726
9	91	-44.7825	-7.94757	48.0283	3.02641
9	92	-44.504	-7.92355	47.7545	3.02524
9	93	-44.2279	-7.88746	47.4845	3.02381
9	94	-43.9941	-7.84559	47.2572	3.02234
9	95	-43.7921	-7.79721	47.0625	3.02081
9	96	-43.6162	-7.74245	46.8945	3.0192
9	97	-43.4611	-7.67604	46.7488	3.01739
9	98	-43.3106	-7.62499	46.6058	3.0159
9	99	-43.1984	-7.54466	46.5046	3.01388
9	100	-43.1128	-7.42852	46.4347	3.01117
9	101	-43.0136	-7.31776	46.351	3.00852
9	102	-42.9197	-7.19611	46.2742	3.00565
9	103	-42.8297	-7.0667	46.2028	3.00261
9	104	-42.7392	-6.93342	46.1318	2.99947
9	105	-42.6502	-6.79381	46.0638	2.9962
9	106	-42.5596	-6.65025	45.9952	2.99283
9	107	-42.471	-6.50098	45.9299	2.98933
9	108	-42.3802	-6.34878	45.8636	2.98575
9	109	-42.2899	-6.19245	45.7989	2.98207
9	110	-42.199	-6.03329	45.7348	2.97832
9	111	-42.1083	-5.87164	45.672	2.9745
9	112	-42.019	-5.70823	45.6114	2.97064
9	113	-41.9306	-5.54468	45.5524	2.96677
9	114	-41.8441	-5.38151	45.496	2.96291
9	115	-41.7601	-5.21937	45.4424	2.95907
9	116	-41.6779	-5.05916	45.391	2.95527
9	117	-41.596	-4.89551	45.3412	2.95139
9	118	-41.5134	-4.72942	45.2918	2.94745
9	119	-41.4318	-4.56059	45.2447	2.94344
9	120	-41.348	-4.39141	45.1963	2.9394
9	121	-41.2656	-4.22119	45.1501	2.93534
9	122	-41.1853	-4.05041	45.1069	2.93127
9	123	-41.106	-3.88013	45.0652	2.92721
9	124	-41.0264	-3.71109	45.0238	2.92316
9	125	-40.951	-3.54148	44.9873	2.91912
9	126	-40.8726	-3.36907	44.9492	2.91499
9	127	-40.7911	-3.1941	44.9096	2.91079
9	128	-40.7126	-3.01476	44.8745	2.9065
9	129	-40.6342	-2.83358	44.841	2.90216
9	130	-40.5549	-2.65204	44.8074	2.89781
9	131	-40.4761	-2.47006	44.7752	2.89344
9	132	-40.3998	-2.28658	44.7468	2.88904
9	133	-40.3253	-2.10148	44.7213	2.88462
9	134	-40.2481	-1.91447	44.6947	2.88013
9	135	-40.174	-1.7236	44.6729	2.87558
9	136	-40.1024	-1.53272	44.6544	2.87103
9	137	-40.0486	-1.33901	44.6548	2.86653
9	138	-40.0092	-1.14961	44.6687	2.86221
9	139	-40.0021	-0.958815	44.715	2.85806
9	140	-39.9996	-0.767157	44.7665	2.85394
9	141	-40.0249	-0.573676	44.846	2.84996
9	142	-40.0542	-0.390993	44.9269	2.84625
9	143	-40.1055	-0.219144	45.0263	2.84293
9	144	-40.1686	-0.0549193	45.1351	2.83987
9	145	-40.2509	0.103835	45.261	2.83706
9	146	-40.344	0.257931	45.3962	2.83444
17	0	48.1323	-13.5994	45.2049	-0.00291686
17	1	48.1742	-13.3827	45.2467	0.00187664
17	2	48.2195	-13.1723	45.293	0.00652046
17	3	48.2144	-12.964	45.2897	0.0111184
17	4	48.1557	-12.7481	45.2339	0.0159077
17	5	48.0725	-12.5311	45.1547	0.0207413
17	6	47.9804	-12.3164	45.0676	0.0255466
17	7	47.8851	-12.1044	44.9782	0.0303133
17	8	47.7889	-11.8959	44.8889	0.0350207
17	9	47.6934	-11.6902	44.8011	0.0396834
17	10	47.5979	-11.4862	44.7142	0.0443266
17	11	47.5022	-11.2823	44.6282	0.0489866
17	12	47.4056	-11.0778	44.5422	0.0536779
17	13	47.3082	-10.8728	44.4565	0.0583996
17	14	47.2101	-10.6684	44.3709	0.0631283
17	15	47.1081	-10.4665	44.2823	0.0678237
17	16	47.0082	-10.2658	44.1968	0.0725072
17	17	46.9137	-10.062	44.1178	0.0772706
17	18	46.8252	-9.85596	44.046	0.0820888
17	19	46.7374	-9.64926	43.976	0.086937
17	20	46.646	-9.44427	43.9032	0.0917695
17	21	46.5539	-9.24085	43.8306	0.0965834
17	22	46.4615	-9.03923	43.7586	0.101373
17	23	46.3709	-8.84044	43.6891	0.10611
17	24	46.2796	-8.64354	43.6196	0.11082
17	25	46.1868	-8.4502	43.5492	0.115468
17	26	46.0931	-8.25911	43.4786	0.120082
17	27	45.9993	-8.07	43.4086	0.124666
17	28	45.903	-7.8849	43.3366	0.129181
17	29	45.8066	-7.70605	43.2644	0.133567
17	30	45.7095	-7.5332	43.1916	0.137833
17	31	45.6098	-7.36586	43.1162	0.141995
17	32	45.5098	-7.20177	43.0407	0.146098
17	33	45.4049	-7.04346	42.9604	0.150099
17	34	45.295	-6.88902	42.8752	0.154044
17	35	45.1693	-6.7446	42.7734	0.157832
17	36	45.0266	-6.60756	42.6543	0.16153
17	37	44.863	-6.47989	42.5137	0.165113
17	38	44.6779	-6.35925	42.3512	0.168641
17	39	44.4885	-6.25838	42.1816	0.171752
17	40	44.2939	-6.17486	42.0043	0.174503
17	41	44.0927	-6.10721	41.818	0.176931
17	42	43.887	-6.04969	41.6257	0.179162
17	43	43.6774	-5.99998	41.4284	0.181244
17	44	43.4645	-5.9576	41.2268	0.183186
17	45	43.2489	-5.92351	41.021	0.18496
17	46	43.0319	-5.89809	40.8125	0.18655
17	47	42.8153	-5.88123	40.6028	0.187948
17	48	42.6003	-5.87179	40.3933	0.189172
17	49	42.3871	-5.8682	40.1847	0.190257
17	50	42.1754	-5.87002	39.9765	0.191214
17	51	41.9644	-5.87796	39.7678	0.192026
17	52	41.7534	-5.89459	39.5576	0.192632
17	53	41.5431	-5.92348	39.3456	0.192934
17	54	41.3339	-5.97137	39.1311	0.192758
17	55	41.1262	-6.04018	38.914	0.192045
17	56	40.9213	-6.13125	38.6955	0.190746
17	57	40.7349	-6.23552	38.4929	0.189004
17	58	40.5634	-6.35336	38.3024	0.186823
17	59	40.4053	-6.48521	38.1226	0.184196
17	60	40.2579	-6.63236	37.9509	0.181095
17	61	40.117	-6.78922	37.7843	0.177683
17	62	39.9807	-6.95298	37.6215	0.174039
17	63	39.8472	-7.12055	37.4612	0.170251
17	64	39.7186	-7.2919	37.3058	0.166308
17	65	39.5947	-7.46424	37.1554	0.162286
17	66	39.4759	-7.63566	37.0107	0.158234
17	67	39.361	-7.80806	36.8704	0.154107
17	68	39.2493	-7.98053	36.7339	0.149934
17	69	39.14	-8.15228	36.6004	0.145741
17	70	39.033	-8.32322	36.4701	0.141529
17	71	38.9301	-8.49892	36.3438	0.137142
17	72	38.8324	-8.67768	36.223	0.132622
17	73	38.7429	-8.85842	36.1107	0.127989
17	74	38.6598	-9.03808	36.0057	0.123335
17	75	38.5856	-9.21666	35.9106	0.118654
17	76	38.5149	-9.39196	35.82	0.114028
17	77	38.4546	-9.5695	35.7402	0.109285
17	78	38.3938	-9.74672	35.6609	0.10453
17	79	38.3538	-9.93118	35.6023	0.099495
17	80	38.315	-10.1201	35.5454	0.0943137
17	81	38.306	-10.3207	35.5181	0.0887154
17	82	38.3009	-10.5224	35.4958	0.0830692
17	83	38.3309	-10.7143	35.5102	0.0776139
17	84	38.3692	-10.8997	35.5346	0.0723287
17	85	38.4258	-11.0795	35.5785	0.067172
17	86	38.4873	-11.2583	35.6283	0.0620479
17	87	38.5525	-11.4382	35.6827	0.0569039
17	88	38.6246	-11.6195	35.7449	0.0517255
17	89	38.7004	-11.8052	35.8114	0.0464365
17	90	38.781	-11.9936	35.8838	0.0410876
17	91	38.8658	-12.1853	35.9611	0.0356642
17	92	38.9548	-12.3796	36.0436	0.0301907
17	93	39.0482	-12.5753	36.1316	0.0246972
17	94	39.1438	-12.7702	36.2229	0.0192526
17	95	39.2384	-12.967	36.3143	0.0137856
17	96	39.3348	-13.1626	36.4085	0.0083782
17	97	39.4335	-13.3577	36.5061	0.00301064
17	98	39.534	-13.5526	36.6065	-0.0023229
17	99	39.6329	-13.7479	36.7064	-0.00763683
17	100	39.7325	-13.9411	36.808	-0.012865
17	101	39.8329	-14.1317	36.9113	-0.0179926
17	102	39.9333	-14.3206	37.0156	-0.0230461
17	103	40.0314	-14.5099	37.1184	-0.0280838
17	104	40.1311	-14.6981	37.2239	-0.0330634
17	105	40.2336	-14.8875	37.3331	-0.0380429
17	106	40.3388	-15.0791	37.446	-0.043049
17	107	40.4436	-15.2731	37.5595	-0.048088
17	108	40.5505	-15.4671	37.6761	-0.0530973
17	109	40.6603	-15.6612	37.7965	-0.0580693
17	110	40.7727	-15.8561	37.9204	-0.0630293
17	111	40.8865	-16.0539	38.047	-0.0680289
17	112	41.0059	-16.2511	38.1799	-0.0729705
17	113	41.1416	-16.4314	38.3288	-0.0774041
17	114	41.3062	-16.5673	38.5036	-0.0805911
17	115	41.5075	-16.6652	38.7122	-0.0826934
17	116	41.7261	-16.742	38.9365	-0.0841945
17	117	41.9648	-16.8047	39.1796	-0.0852787
17	118	42.2317	-16.8564	39.45	-0.0860067
17	119	42.5367	-16.8973	39.7573	-0.0863728
17	120	42.8433	-16.9249	40.0652	-0.0864009
17	121	43.1518	-16.9368	40.3735	-0.0860335
17	122	43.4595	-16.93	40.6796	-0.0852179
17	123	43.763	-16.9056	40.9799	-0.0839945
17	124	44.0614	-16.8667	41.2741	-0.0824471
17	125	44.3564	-16.8144	41.5638	-0.0806087
17	126	44.649	-16.7469	41.8502	-0.0784386
17	127	44.9376	-16.6613	42.1313	-0.0758769
17	128	45.2182	-16.5575	42.4034	-0.0729333
17	129	45.4887	-16.4386	42.6647	-0.0696938
17	130	45.7501	-16.3082	42.9166	-0.0662364
17	131	46.0046	-16.1667	43.1615	-0.0625756
17	132	46.253	-16.0124	43.4001	-0.0586688
17	133	46.4934	-15.8428	43.6306	-0.0544659
17	134	46.7223	-15.658	43.8495	-0.0499741
17	135	46.9378	-15.4609	44.0554	-0.0452612
17	136	47.141	-15.2541	44.2495	-0.0403844
17	137	47.3335	-15.0377	44.4337	-0.035344
17	138	47.5154	-14.8101	44.6081	-0.0301007
17	139	47.6842	-14.5702	44.7702	-0.0246309
17	140	47.8366	-14.3197	44.9171	-0.0189727
17	141	47.9704	-14.0617	45.0468	-0.0131884
17	142	48.0666	-13.8242	45.1404	-0.00789936
18	0	-33.1358	-2.20932	37.7798	2.839
18	1	-33.2639	-2.05378	37.9486	2.83609
18	2	-33.3938	-1.90186	38.1184	2.83332
18	3	-33.5289	-1.7581	38.2908	2.83081
18	4	-33.6638	-1.61864	38.462	2.82843
18	5	-33.7998	-1.48451	38.6328	2.82621
18	6	-33.9362	-1.35453	38.8029	2.82412
18	7	-34.0741	-1.22741	38.9736	2.82212
18	8	-34.2158	-1.10591	39.1464	2.82031
18	9	-34.3575	-0.985746	39.3189	2.81855
18	10	-34.5069	-0.8772	39.495	2.81715
18	11	-34.6543	-0.767244	39.6698	2.8157
18	12	-34.8173	-0.682383	39.8514	2.815
18	13	-34.9855	-0.596017	40.0384	2.8143
18	14	-35.1709	-0.535534	40.2334	2.81436
18	15	-35.3691	-0.474577	40.4407	2.81451
18	16	-35.5682	-0.437978	40.641	2.81523
18	17	-35.765	-0.411245	40.8361	2.81615
18	18	-35.9655	-0.403079	41.0287	2.81753
18	19	-36.168	-0.401226	41.2213	2.81905
18	20	-36.3726	-0.409904	41.4126	2.82081
18	21	-36.5782	-0.42513	41.603	2.82272
18	22	-36.7836	-0.4487	41.7908	2.82479
18	23	-36.988	-0.478424	41.9758	2.82698
18	24	-37.1908	-0.512308	42.1583	2.82924
18	25	-37.3929	-0.550222	42.3391	2.83156
18	26	-37.5952	-0.591852	42.5191	2.83394
18	27	-37.7965	-0.640138	42.6965	2.83645
18	28	-37.9963	-0.694971	42.8708	2.83907
18	29	-38.1905	-0.764423	43.0357	2.84195
18	30	-38.3813	-0.842611	43.1951	2.84498
18	31	-38.5633	-0.940394	43.3407	2.84837
18	32	-38.7455	-1.04508	43.4851	2.85188
18	33	-38.8971	-1.16448	43.5967	2.8555
18	34	-39.0287	-1.28681	43.6887	2.85904
18	35	-39.1475	-1.40842	43.7691	2.86246
18	36	-39.2494	-1.53886	43.8314	2.86597
18	37	-39.3499	-1.67236	43.892	2.86952
18	38	-39.4443	-1.81433	43.9451	2.8732
18	39	-39.5391	-1.96149	43.9978	2.877
18	40	-39.6309	-2.11662	44.0461	2.88095
18	41	-39.7248	-2.27645	44.0961	2.885
18	42	-39.8153	-2.4412	44.1422	2.88913
18	43	-39.9044	-2.6092	44.1868	2.89331
18	44	-39.994	-2.77973	44.2322	2.89755
18	45	-40.0831	-2.95409	44.277	2.90185
18	46	-40.1733	-3.13264	44.3226	2.90625
18	47	-40.2612	-3.3151	44.366	2.91071
18	48	-40.3526	-3.49935	44.4132	2.91522
18	49	-40.4436	-3.68407	44.461	2.91973
18	50	-40.5321	-3.86992	44.5069	2.92424
18	51	-40.6214	-4.05511	44.5545	2.92873
18	52	-40.7087	-4.24142	44.601	2.93323
18	53	-40.7992	-4.42773	44.6514	2.93773
18	54	-40.8936	-4.61546	44.7063	2.94227
18	55	-40.9855	-4.80544	44.7592	2.94684
18	56	-41.0793	-4.9957	44.8149	2.95141
18	57	-41.1715	-5.18488	44.8701	2.95593
18	58	-41.2621	-5.37302	44.9249	2.96042
18	59	-41.349	-5.56185	44.9768	2.9649
18	60	-41.4398	-5.74905	45.0338	2.96935
18	61	-41.5377	-5.93487	45.0988	2.97378
18	62	-41.6407	-6.1215	45.1696	2.97823
18	63	-41.7379	-6.31442	45.2346	2.98279
18	64	-41.8383	-6.50765	45.3037	2.98735
18	65	-41.942	-6.70066	45.3769	2.99191
18	66	-42.0419	-6.89604	45.4471	2.99649
18	67	-42.1425	-7.09284	45.5186	3.00108
18	68	-42.2406	-7.2937	45.5881	3.00575
18	69	-42.3445	-7.49316	45.6646	3.01038
18	70	-42.4153	-7.6908	45.7093	3.01487
18	71	-42.4372	-7.88118	45.7075	3.01907
18	72	-42.419	-8.07356	45.6662	3.0232
18	73	-42.3809	-8.26633	45.606	3.0273
18	74	-42.3241	-8.46198	45.5277	3.03142
18	75	-42.2477	-8.66563	45.4297	3.03569
18	76	-42.145	-8.88207	45.3052	3.04021
18	77	-42.0111	-9.11965	45.1485	3.04514
18	78	-41.8655	-9.35119	44.9818	3.04995
18	79	-41.7072	-9.57698	44.804	3.05465
18	80	-41.5334	-9.79475	44.6124	3.05917
18	81	-41.3438	-10.0006	44.4069	3.06344
18	82	-41.1409	-10.192	44.19	3.0674
18	83	-40.9284	-10.3695	43.9652	3.07107
18	84	-40.7079	-10.5355	43.7339	3.0745
18	85	-40.4789	-10.6916	43.4951	3.07773
18	86	-40.2397	-10.8371	43.2473	3.08073
18	87	-39.99	-10.9695	42.9901	3.08345
18	88	-39.7316	-11.0868	42.7256	3.08584
18	89	-39.4675	-11.189	42.4563	3.0879
18	90	-39.1989	-11.2784	42.1833	3.08967
18	91	-38.9247	-11.3559	41.9055	3.09118
18	92	-38.6434	-11.4204	41.6213	3.09239
18	93	-38.3549	-11.4688	41.3308	3.09321
18	94	-38.0621	-11.499	41.0368	3.0936
18	95	-37.7679	-11.5121	40.7424	3.09358
18	96	-37.473	-11.511	40.4479	3.0932
18	97	-37.1761	-11.4967	40.1521	3.09249
18	98	-36.8761	-11.4677	39.8539	3.09139
18	99	-36.5747	-11.4216	39.5552	3.08984
18	100	-36.2757	-11.3573	39.26	3.08782
18	101	-36.0196	-11.2812	39.0085	3.08551
18	102	-35.7975	-11.1986	38.7914	3.08307
18	103	-35.5988	-11.1094	38.5984	3.08046
18	104	-35.4157	-11.0111	38.4219	3.07761
18	105	-35.2472	-10.8956	38.2613	3.07432
18	106	-35.1104	-10.7455	38.1352	3.07015
18	107	-34.9961	-10.5517	38.0356	3.06486
18	108	-34.8914	-10.3505	37.9472	3.05936
18	109	-34.7894	-10.1484	37.8627	3.05382
18	110	-34.6904	-9.94812	37.7823	3.04831
18	111	-34.5947	-9.75136	37.7058	3.04287
18	112	-34.5022	-9.55559	37.6337	3.03746
18	113	-34.4089	-9.36236	37.5615	3.03208
18	114	-34.3172	-9.16988	37.4918	3.02671
18	115	-34.2268	-8.9782	37.4246	3.02134
18	116	-34.136	-8.78306	37.3584	3.01587
18	117	-34.0464	-8.586	37.2948	3.01032
18	118	-33.9567	-8.38983	37.2321	3.00479
18	119	-33.8657	-8.19631	37.169	2.99929
18	120	-33.7809	-8.00249	37.113	2.9938
18	121	-33.6924	-7.81248	37.0541	2.98838
18	122	-33.6003	-7.61843	36.9932	2.98281
18	123	-33.5092	-7.41914	36.9354	2.97709
18	124	-33.4174	-7.21768	36.8784	2.9713
18	125	-33.3284	-7.01501	36.8257	2.96546
18	126	-33.2399	-6.81357	36.7745	2.95965
18	127	-33.1501	-6.61417	36.7228	2.95387
18	128	-33.0645	-6.41372	36.6768	2.94806
18	129	-32.9782	-6.21334	36.6312	2.94224
18	130	-32.8928	-6.01185	36.5881	2.93638
18	131	-32.8089	-5.8099	36.5477	2.9305
18	132	-32.7284	-5.60844	36.5118	2.92465
18	133	-32.6545	-5.408	36.4834	2.91884
18	134	-32.586	-5.20972	36.461	2.91313
18	135	-32.5229	-5.01526	36.4442	2.90754
18	136	-32.4625	-4.82366	36.4304	2.90204
18	137	-32.4093	-4.63152	36.4248	2.89656
18	138	-32.3628	-4.43717	36.4274	2.89108
18	139	-32.3348	-4.23662	36.4506	2.88556
18	140	-32.3247	-4.02713	36.4944	2.87993
18	141	-32.3368	-3.80696	36.5637	2.8742
18	142	-32.3663	-3.60013	36.6473	2.86897
18	143	-32.4184	-3.40456	36.7505	2.86423
18	144	-32.4872	-3.21906	36.8679	2.8599
18	145	-32.5799	-3.04292	37.0061	2.85603
18	146	-32.6783	-2.86956	37.1496	2.85229
18	147	-32.7866	-2.70155	37.3016	2.84881
18	148	-32.8988	-2.53522	37.4572	2.84542
18	149	-33.0154	-2.37103	37.6169	2.84215
25	0	40.322	-17.5112	37.6125	-0.107715
25	1	40.3765	-17.3186	37.6465	-0.102474
25	2	40.407	-17.1358	37.6585	-0.0975614
25	3	40.4466	-16.9631	37.6815	-0.0928984
25	4	40.436	-16.7989	37.6561	-0.0885823
25	5	40.3751	-16.6302	37.5809	-0.0842553
25	6	40.3238	-16.4527	37.5151	-0.0796543
25	7	40.2597	-16.2723	37.4373	-0.0749884
25	8	40.1886	-16.0872	37.353	-0.0701896
25	9	40.1109	-15.8996	37.2628	-0.0653129
25	10	40.0279	-15.71	37.168	-0.0603681
25	11	39.9414	-15.5208	37.0707	-0.0554145
25	12	39.8532	-15.3311	36.9726	-0.050423
25	13	39.7637	-15.1395	36.8741	-0.0453564
25	14	39.673	-14.9479	36.7752	-0.0402649
25	15	39.5802	-14.7559	36.6753	-0.0351346
25	16	39.4861	-14.5633	36.575	-0.0299612
25	17	39.3911	-14.3711	36.4747	-0.024773
25	18	39.2949	-14.1811	36.3743	-0.0196176
25	19	39.1995	-13.9932	36.2758	-0.0144895
25	20	39.1031	-13.8082	36.1772	-0.00941407
25	21	39.0063	-13.6253	36.0791	-0.00437137
25	22	38.9075	-13.4454	35.98	0.000617454
25	23	38.8088	-13.2615	35.8818	0.00574357
25	24	38.7075	-13.0763	35.7821	0.0109347
25	25	38.6031	-12.8915	35.6802	0.0161461
25	26	38.4979	-12.7062	35.5785	0.0214019
25	27	38.3927	-12.5194	35.4778	0.0267302
25	28	38.2852	-12.3315	35.3759	0.032119
25	29	38.174	-12.1433	35.2713	0.0375547
25	30	38.0586	-11.9544	35.1637	0.0430446
25	31	37.9384	-11.7684	35.0521	0.0484954
25	32	37.8125	-11.5887	34.9355	0.0538079
25	33	37.68	-11.418	34.8128	0.0589085
25	34	37.5389	-11.259	34.6818	0.0637259
25	35	37.3856	-11.1132	34.5384	0.0682191
25	36	37.2193	-10.9775	34.3821	0.072486
25	37	37.0361	-10.8523	34.2086	0.0765248
25	38	36.8475	-10.7484	34.0288	0.0799924
25	39	36.6517	-10.6668	33.8402	0.0828611
25	40	36.4478	-10.606	33.6422	0.0851625
25	41	36.2392	-10.56	33.4383	0.0870624
25	42	36.0289	-10.5246	33.2319	0.0886759
25	43	35.819	-10.496	33.0254	0.0901014
25	44	35.61	-10.4723	32.8194	0.0913917
25	45	35.4017	-10.4514	32.6139	0.0926139
25	46	35.1932	-10.4358	32.4077	0.0936896
25	47	34.9854	-10.425	32.202	0.0946265
25	48	34.78	-10.4199	31.9979	0.0953918
25	49	34.5764	-10.4224	31.7951	0.0959228
25	50	34.3765	-10.4307	31.5952	0.0962657
25	51	34.1808	-10.4443	31.3991	0.0964365
25	52	33.989	-10.4619	31.2066	0.0964651
25	53	33.7999	-10.4817	31.0164	0.0964167
25	54	33.6114	-10.5037	30.8267	0.096296
25	55	33.425	-10.5403	30.6376	0.0956919
25	56	33.2393	-10.581	30.4488	0.0949449
25	57	33.0567	-10.6475	30.2608	0.0933294
25	58	32.8734	-10.7238	30.0712	0.0913694
25	59	32.7039	-10.8218	29.8937	0.0886209
25	60	32.5492	-10.927	29.7304	0.0855568
25	61	32.4142	-11.0447	29.586	0.0819835
25	62	32.2943	-11.172	29.4563	0.0780108
25	63	32.1779	-11.3027	29.3304	0.0738779
25	64	32.068	-11.4404	29.2108	0.0694535
25	65	31.9583	-11.5813	29.092	0.0648849
25	66	31.8513	-11.7275	28.976	0.0600883
25	67	31.7469	-11.8784	28.8631	0.0550878
25	68	31.6468	-12.0372	28.7548	0.0497662
25	69	31.5478	-12.1996	28.6483	0.0442738
25	70	31.4554	-12.3662	28.5491	0.0385875
25	71	31.3677	-12.5329	28.4555	0.0328517
25	72	31.2806	-12.7028	28.3633	0.0269664
25	73	31.1941	-12.8746	28.2727	0.0209744
25	74	31.1106	-13.0481	28.1861	0.0148841
25	75	31.028	-13.227	28.1014	0.00856135
25	76	30.9473	-13.41	28.0199	0.00205635
25	77	30.8718	-13.5955	27.9446	-0.00457829
25	78	30.7965	-13.7832	27.8707	-0.011326
25	79	30.727	-13.9734	27.804	-0.0181936
25	80	30.6593	-14.1635	27.7405	-0.0250896
25	81	30.5976	-14.3553	27.6843	-0.0320703
25	82	30.5378	-14.5485	27.6314	-0.0391306
25	83	30.4884	-14.7454	27.5905	-0.0463289
25	84	30.4493	-14.9442	27.5613	-0.0536005
25	85	30.4312	-15.1456	27.5548	-0.0609339
25	86	30.4323	-15.3502	27.5691	-0.0683419
25	87	30.4551	-15.5588	27.6069	-0.0758212
25	88	30.4966	-15.7653	27.6647	-0.0831501
25	89	30.5549	-15.9636	27.7398	-0.0901009
25	90	30.6276	-16.1561	27.8302	-0.0967544
25	91	30.7164	-16.3448	27.9374	-0.103172
25	92	30.8159	-16.5326	28.0563	-0.109463
25	93	30.9233	-16.7202	28.184	-0.115665
25	94	31.0373	-16.9077	28.3194	-0.121775
25	95	31.1563	-17.0938	28.4608	-0.12776
25	96	31.2756	-17.2773	28.6029	-0.133591
25	97	31.3933	-17.4581	28.7441	-0.13928
25	98	31.5115	-17.6352	28.8861	-0.144782
25	99	31.6275	-17.8115	29.0268	-0.150216
25	100	31.7418	-17.9878	29.1667	-0.155607
25	101	31.8582	-18.1615	29.309	-0.160847
25	102	31.975	-18.3365	29.4527	-0.166076
25	103	32.093	-18.511	29.5983	-0.171231
25	104	32.2132	-18.6843	29.7467	-0.176281
25	105	32.3326	-18.8546	29.8944	-0.18119
25	106	32.4488	-19.0249	30.0398	-0.186069
25	107	32.5657	-19.1935	30.1862	-0.190844
25	108	32.6845	-19.36	30.3348	-0.195488
25	109	32.8038	-19.5244	30.484	-0.200019
25	110	32.9218	-19.6865	30.6322	-0.204439
25	111	33.0394	-19.8446	30.7797	-0.208695
25	112	33.1566	-19.9985	30.9265	-0.212778
25	113	33.2731	-20.1493	31.0725	-0.216728
25	114	33.3888	-20.2949	31.217	-0.220488
25	115	33.5063	-20.4344	31.3623	-0.224009
25	116	33.6171	-20.5761	31.502	-0.227613
25	117	33.7494	-20.6868	31.656	-0.230077
25	118	33.8993	-20.7763	31.8224	-0.23174
25	119	34.085	-20.8208	32.0134	-0.23176
25	120	34.2834	-20.8613	32.2158	-0.23157
25	121	34.5048	-20.8831	32.4363	-0.230659
25	122	34.7551	-20.8992	32.6837	-0.229385
25	123	35.0451	-20.9032	32.9671	-0.227505
25	124	35.3359	-20.8968	33.249	-0.225345
25	125	35.6285	-20.8778	33.53	-0.222843
25	126	35.9225	-20.843	33.8092	-0.219917
25	127	36.2146	-20.7902	34.0829	-0.216534
25	128	36.5011	-20.7209	34.3481	-0.212772
25	129	36.7816	-20.6386	34.6053	-0.208737
25	130	37.058	-20.5449	34.8565	-0.204462
25	131	37.3314	-20.438	35.1029	-0.199901
25	132	37.6002	-20.3158	35.3425	-0.195002
25	133	37.8611	-20.1786	35.5723	-0.189795
25	134	38.1126	-20.0294	35.7917	-0.184376
25	135	38.3562	-19.8707	36.0026	-0.178802
25	136	38.594	-19.7021	36.2072	-0.173051
25	137	38.8258	-19.5207	36.405	-0.167047
25	138	39.0482	-19.3244	36.5924	-0.160747
25	139	39.2574	-19.1149	36.7661	-0.154211
25	140	39.4529	-18.8961	36.9265	-0.147543
25	141	39.6371	-18.6701	37.0764	-0.140785
25	142	39.812	-18.4365	37.2176	-0.13391
25	143	39.9767	-18.1938	37.3494	-0.126882
25	144	40.1278	-17.9424	37.4684	-0.119716
25	145	40.2409	-17.717	37.5545	-0.113397
26	0	-25.2316	-7.6625	28.7513	2.93829
26	1	-25.3233	-7.45069	28.8845	2.93175
26	2	-25.422	-7.24131	29.0253	2.9254
26	3	-25.5253	-7.0367	29.1706	2.91931
26	4	-25.6312	-6.83669	29.3185	2.91345
26	5	-25.7389	-6.63991	29.4684	2.90777
26	6	-25.8493	-6.44481	29.6214	2.90223
26	7	-25.9642	-6.25048	29.7795	2.8968
26	8	-26.0835	-6.05845	29.9422	2.89155
26	9	-26.2089	-5.86971	30.1108	2.8865
26	10	-26.3383	-5.68697	30.2824	2.88174
26	11	-26.4687	-5.51075	30.4541	2.87725
26	12	-26.6011	-5.33942	30.6269	2.87298
26	13	-26.7355	-5.17168	30.8013	2.86889
26	14	-26.8729	-5.00863	30.9778	2.86501
26	15	-27.0166	-4.85171	31.159	2.86143
26	16	-27.1719	-4.70484	31.349	2.8583
26	17	-27.3436	-4.57033	31.5516	2.85572
26	18	-27.5315	-4.44898	31.7662	2.85373
26	19	-27.7229	-4.34952	31.978	2.85244
26	20	-27.9193	-4.2703	32.1888	2.85183
26	21	-28.1219	-4.20863	32.4005	2.85179
26	22	-28.3298	-4.15959	32.6138	2.85217
26	23	-28.542	-4.12008	32.8284	2.85286
26	24	-28.758	-4.08967	33.0443	2.85384
26	25	-28.9767	-4.06918	33.2598	2.85511
26	26	-29.1957	-4.05902	33.4727	2.85667
26	27	-29.4127	-4.058	33.6813	2.85845
26	28	-29.6268	-4.06477	33.885	2.86041
26	29	-29.8383	-4.0777	34.0848	2.8625
26	30	-30.0484	-4.09753	34.2813	2.86474
26	31	-30.2579	-4.12592	34.4752	2.86719
26	32	-30.4665	-4.16793	34.6648	2.86999
26	33	-30.6723	-4.22995	34.8466	2.87329
26	34	-30.8729	-4.3194	35.0165	2.87727
26	35	-31.0678	-4.43822	35.174	2.88198
26	36	-31.2585	-4.58506	35.3212	2.88738
26	37	-31.4304	-4.7433	35.4483	2.89292
26	38	-31.588	-4.91202	35.5601	2.89861
26	39	-31.7325	-5.09354	35.6573	2.90453
26	40	-31.866	-5.29003	35.7416	2.91075
26	41	-31.9917	-5.49486	35.8178	2.91712
26	42	-32.1112	-5.70452	35.8885	2.92356
26	43	-32.2252	-5.91529	35.9549	2.92997
26	44	-32.334	-6.12662	36.0176	2.93634
26	45	-32.44	-6.33745	36.0791	2.94266
26	46	-32.5453	-6.54822	36.1414	2.94895
26	47	-32.6506	-6.76005	36.2049	2.95525
26	48	-32.7559	-6.97286	36.2697	2.96155
26	49	-32.8599	-7.18561	36.3347	2.96783
26	50	-32.9616	-7.39757	36.3989	2.97405
26	51	-33.0627	-7.60833	36.4641	2.98021
26	52	-33.1628	-7.81994	36.5296	2.98637
26	53	-33.2618	-8.03423	36.595	2.99257
26	54	-33.3598	-8.25159	36.6603	2.99883
26	55	-33.4585	-8.47005	36.7277	3.0051
26	56	-33.5546	-8.68989	36.7937	3.01137
26	57	-33.6483	-8.90872	36.8588	3.01759
26	58	-33.7407	-9.12892	36.9241	3.02382
26	59	-33.8329	-9.34841	36.9905	3.03
26	60	-33.9229	-9.56918	37.0561	3.03619
26	61	-34.0099	-9.79075	37.12	3.04238
26	62	-34.0935	-10.0087	37.1823	3.04843
26	63	-34.1732	-10.2237	37.2423	3.05438
26	64	-34.2493	-10.4346	37.3003	3.06019
26	65	-34.3219	-10.6412	37.3565	3.06586
26	66	-34.385	-10.8472	37.4045	3.07148
26	67	-34.4537	-11.0482	37.4594	3.07696
26	68	-34.4807	-11.2439	37.4743	3.08222
26	69	-34.4571	-11.4383	37.4397	3.08737
26	70	-34.3948	-11.6347	37.3673	3.09252
26	71	-34.3081	-11.8332	37.2715	3.09773
26	72	-34.1981	-12.0409	37.1531	3.10318
26	73	-34.0607	-12.2656	37.0077	3.10911
26	74	-33.8882	-12.5168	36.828	3.11577
26	75	-33.7007	-12.7617	36.6351	3.12232
26	76	-33.4951	-12.9964	36.4257	3.12866
26	77	-33.273	-13.2151	36.2014	3.13462
26	78	-33.04	-13.4167	35.9676	3.14018
26	79	-32.7988	-13.6048	35.7267	-3.13775
26	80	-32.5482	-13.7817	35.4772	-3.13274
26	81	-32.2858	-13.9456	35.2166	-3.12802
26	82	-32.0124	-14.0925	34.9455	-3.12371
26	83	-31.7322	-14.2215	34.6679	-3.11984
26	84	-31.4474	-14.3351	34.3859	-3.11636
26	85	-31.1563	-14.4349	34.0976	-3.11322
26	86	-30.8568	-14.5185	33.8007	-3.1105
26	87	-30.5506	-14.5817	33.4967	-3.10833
26	88	-30.2434	-14.6238	33.1911	-3.10675
26	89	-29.9611	-14.6462	32.9098	-3.10577
26	90	-29.7133	-14.6511	32.6623	-3.10535
26	91	-29.4888	-14.6405	32.4375	-3.10543
26	92	-29.2819	-14.6158	32.2299	-3.10596
26	93	-29.0882	-14.5677	32.0347	-3.10724
26	94	-28.9169	-14.4791	31.8605	-3.10984
26	95	-28.7557	-14.3447	31.6954	-3.11392
26	96	-28.5981	-14.1976	31.5341	-3.11844
26	97	-28.4406	-14.0433	31.3734	-3.12324
26	98	-28.2832	-13.8844	31.2136	-3.12824
26	99	-28.1265	-13.7223	31.0551	-3.13339
26	100	-27.9681	-13.5567	30.8958	-3.13871
26	101	-27.8102	-13.387	30.7379	3.13897
26	102	-27.6534	-13.2125	30.582	3.13325
26	103	-27.4985	-13.0346	30.4291	3.12736
26	104	-27.3459	-12.8556	30.2796	3.12138
26	105	-27.1951	-12.6766	30.133	3.11534
26	106	-27.0444	-12.4972	29.9877	3.10923
26	107	-26.8925	-12.3161	29.8423	3.103
26	108	-26.7388	-12.1316	29.6965	3.09659
26	109	-26.5845	-11.9434	29.5514	3.08999
26	110	-26.4308	-11.7525	29.4085	3.08324
26	111	-26.2777	-11.5603	29.2675	3.07638
26	112	-26.1237	-11.3666	29.1271	3.0694
26	113	-25.9703	-11.1713	28.9889	3.0623
26	114	-25.8176	-10.9723	28.8533	3.055
26	115	-25.6682	-10.7688	28.7228	3.04749
26	116	-25.5244	-10.562	28.5999	3.03982
26	117	-25.3877	-10.3532	28.486	3.03204
26	118	-25.259	-10.1419	28.3821	3.02415
26	119	-25.1402	-9.92661	28.2902	3.0161
26	120	-25.0379	-9.70317	28.2177	3.00779
26	121	-24.96	-9.46721	28.173	2.99912
26	122	-24.9055	-9.21843	28.1555	2.9901
26	123	-24.8819	-8.97811	28.1695	2.98154
26	124	-24.8913	-8.74686	28.2166	2.9735
26	125	-24.9323	-8.52322	28.2951	2.96595
26	126	-24.9945	-8.30437	28.3954	2.95874
26	127	-25.0673	-8.0891	28.5069	2.95178
26	128	-25.1466	-7.87546	28.6256	2.94497
32	0	32.9667	-21.5152	31.0985	-0.261758
32	1	32.9767	-21.329	31.0605	-0.255884
32	2	32.987	-21.1472	31.025	-0.250131
32	3	32.966	-20.9674	30.9605	-0.244672
32	4	32.9171	-20.7873	30.8699	-0.239393
32	5	32.8147	-20.6001	30.7265	-0.234267
32	6	32.7068	-20.4147	30.5788	-0.229188
32	7	32.5944	-20.2315	30.4281	-0.224163
32	8	32.483	-20.0491	30.2794	-0.219108
32	9	32.3698	-19.869	30.1301	-0.21409
32	10	32.2579	-19.6905	29.9833	-0.209065
32	11	32.1465	-19.5142	29.838	-0.20406
32	12	32.0331	-19.3406	29.6922	-0.199108
32	13	31.9189	-19.1682	29.5465	-0.194153
32	14	31.8045	-18.9963	29.4014	-0.18917
32	15	31.6895	-18.826	29.2569	-0.184189
32	16	31.5739	-18.6582	29.1128	-0.17925
32	17	31.4593	-18.4926	28.9709	-0.17433
32	18	31.3451	-18.3297	28.8305	-0.169454
32	19	31.2321	-18.1686	28.6923	-0.164583
32	20	31.1195	-18.0093	28.5554	-0.159726
32	21	31.0047	-17.8488	28.417	-0.154792
32	22	30.8864	-17.6891	28.2758	-0.149858
32	23	30.7658	-17.5309	28.1333	-0.144937
32	24	30.6435	-17.3796	27.9907	-0.140221
32	25	30.5232	-17.2335	27.8514	-0.135629
32	26	30.4005	-17.0961	27.7115	-0.131315
32	27	30.2797	-16.9631	27.5746	-0.127108
32	28	30.1557	-16.8382	27.436	-0.123167
32	29	30.0329	-16.7175	27.2995	-0.119328
32	30	29.9041	-16.6028	27.1581	-0.115702
32	31	29.7679	-16.4936	27.0104	-0.112268
32	32	29.6167	-16.3968	26.8494	-0.109314
32	33	29.4481	-16.3107	26.6725	-0.106798
32	34	29.2622	-16.24	26.4802	-0.10489
32	35	29.081	-16.1844	26.2941	-0.10351
32	36	28.8996	-16.1481	26.11	-0.102844
32	37	28.7184	-16.1199	25.9268	-0.102479
32	38	28.5349	-16.1089	25.7432	-0.102782
32	39	28.3504	-16.0992	25.5587	-0.103148
32	40	28.1637	-16.1001	25.3731	-0.10394
32	41	27.9748	-16.1027	25.1855	-0.10482
32	42	27.7843	-16.1122	24.997	-0.105995
32	43	27.5926	-16.1286	24.8082	-0.107469
32	44	27.4006	-16.1492	24.6195	-0.10914
32	45	27.2107	-16.1774	24.4339	-0.111133
32	46	27.0233	-16.2105	24.2514	-0.113348
32	47	26.8382	-16.2492	24.0719	-0.115812
32	48	26.6546	-16.2901	23.8944	-0.118402
32	49	26.4768	-16.3484	23.7248	-0.121728
32	50	26.3005	-16.411	23.5575	-0.125272
32	51	26.1315	-16.4986	23.4011	-0.129891
32	52	25.9629	-16.5989	23.2472	-0.135106
32	53	25.8141	-16.7103	23.1151	-0.140749
32	54	25.6852	-16.8333	23.0052	-0.146829
32	55	25.5692	-16.9627	22.9098	-0.153159
32	56	25.4673	-17.1029	22.8311	-0.159908
32	57	25.3701	-17.2461	22.7584	-0.166798
32	58	25.278	-17.3928	22.6925	-0.173848
32	59	25.1937	-17.5442	22.6363	-0.181078
32	60	25.1082	-17.6976	22.5804	-0.188443
32	61	25.0316	-17.858	22.5359	-0.196074
32	62	24.9559	-18.0203	22.4939	-0.203807
32	63	24.8849	-18.1898	22.4594	-0.211836
32	64	24.8149	-18.3636	22.4283	-0.220069
32	65	24.7518	-18.5422	22.4065	-0.228463
32	66	24.6926	-18.7222	22.3904	-0.236891
32	67	24.6429	-18.9029	22.3852	-0.245258
32	68	24.5934	-19.0857	22.3824	-0.253721
32	69	24.5497	-19.2712	22.3875	-0.262232
32	70	24.5085	-19.4575	22.3968	-0.270742
32	71	24.4704	-19.6489	22.4121	-0.279423
32	72	24.4359	-19.8445	22.4338	-0.288229
32	73	24.4068	-20.043	22.4632	-0.29707
32	74	24.385	-20.2423	22.5015	-0.305821
32	75	24.3675	-20.4434	22.5463	-0.314561
32	76	24.3562	-20.6448	22.5987	-0.32319
32	77	24.3496	-20.8454	22.6569	-0.33168
32	78	24.3501	-21.0465	22.7237	-0.34004
32	79	24.3526	-21.2482	22.7941	-0.348345
32	80	24.3693	-21.4493	22.8791	-0.356357
32	81	24.3899	-21.6498	22.9691	-0.364227
32	82	24.4373	-21.8448	23.0835	-0.371389
32	83	24.4921	-22.0396	23.2058	-0.378356
32	84	24.5766	-22.2279	23.3544	-0.384509
32	85	24.6633	-22.4011	23.5	-0.38996
32	86	24.7683	-22.5505	23.6541	-0.394112
32	87	24.8776	-22.6856	23.807	-0.397591
32	88	24.9939	-22.8137	23.964	-0.400637
32	89	25.1182	-22.9359	24.1262	-0.403292
32	90	25.2463	-23.0592	24.2925	-0.405892
32	91	25.3833	-23.1807	24.4664	-0.408243
32	92	25.5282	-23.2987	24.6463	-0.410304
32	93	25.6787	-23.4154	24.8309	-0.412197
32	94	25.836	-23.5273	25.0199	-0.413775
32	95	25.996	-23.6378	25.2108	-0.415235
32	96	26.1583	-23.7454	25.4028	-0.416534
32	97	26.3218	-23.8511	25.5951	-0.417726
32	98	26.4862	-23.956	25.7879	-0.41886
32	99	26.6523	-24.0594	25.9818	-0.419895
32	100	26.8194	-24.1625	26.1764	-0.420887
32	101	26.9879	-24.2632	26.3713	-0.421762
32	102	27.1598	-24.366	26.5702	-0.422646
32	103	27.3344	-24.4689	26.7717	-0.423474
32	104	27.5101	-24.5719	26.9742	-0.42428
32	105	27.687	-24.6746	27.1777	-0.425044
32	106	27.8644	-24.7788	27.3823	-0.42584
32	107	28.0444	-24.8822	27.5889	-0.426558
32	108	28.2293	-24.9847	27.7996	-0.427161
32	109	28.4168	-25.0881	28.0132	-0.427747
32	110	28.6084	-25.1864	28.2283	-0.428102
32	111	28.8034	-25.2761	28.4429	-0.428124
32	112	28.9894	-25.3095	28.626	-0.426489
32	113	29.1742	-25.3054	28.7927	-0.423705
32	114	29.3584	-25.2747	28.9482	-0.420122
32	115	29.5463	-25.2348	29.1037	-0.416235
32	116	29.7428	-25.177	29.2603	-0.411712
32	117	29.9553	-25.0987	29.4242	-0.406384
32	118	30.1911	-24.9914	29.5989	-0.399905
32	119	30.44	-24.8576	29.7769	-0.392514
32	120	30.6818	-24.7081	29.9441	-0.384811
32	121	30.9135	-24.5448	30.0985	-0.376891
32	122	31.1343	-24.3707	30.2407	-0.368853
32	123	31.3458	-24.1881	30.3731	-0.360734
32	124	31.5495	-23.9966	30.4971	-0.352499
32	125	31.7449	-23.7948	30.612	-0.344109
32	126	31.93	-23.5826	30.7158	-0.335574
32	127	32.1034	-23.3619	30.8079	-0.326956
32	128	32.2655	-23.1344	30.8896	-0.318296
32	129	32.4179	-22.9004	30.9622	-0.309578
32	130	32.5603	-22.6587	31.0254	-0.300758
32	131	32.6907	-22.4085	31.0771	-0.291827
32	132	32.8047	-22.1509	31.1134	-0.282843
32	133	32.8844	-21.9204	31.1265	-0.275016
32	134	32.9326	-21.7097	31.1164	-0.268078
33	0	-18.211	-13.9451	21.144	-3.11901
33	1	-18.2578	-13.7241	21.1869	-3.12948
33	2	-18.3162	-13.5062	21.2438	-3.13978
33	3	-18.3885	-13.2918	21.3167	3.13334
33	4	-18.4839	-13.0817	21.415	3.12357
33	5	-18.6167	-12.8707	21.5525	3.11389
33	6	-18.8013	-12.6432	21.7445	3.10367
33	7	-18.9141	-12.4288	21.8664	3.09407
33	8	-18.9942	-12.2298	21.9567	3.08519
33	9	-19.0769	-12.0476	22.0502	3.07715
33	10	-19.1571	-11.8737	22.1421	3.06955
33	11	-19.237	-11.7071	22.2344	3.06233
33	12	-19.3188	-11.5406	22.3297	3.05519
33	13	-19.4089	-11.3756	22.4343	3.04821
33	14	-19.5101	-11.2114	22.5508	3.04138
33	15	-19.6284	-11.0501	22.6852	3.03482
33	16	-19.7675	-10.8888	22.8411	3.02845
33	17	-19.9128	-10.7476	23.0018	3.02307
33	18	-20.0688	-10.6275	23.1711	3.01871
33	19	-20.2321	-10.5252	23.3458	3.01522
33	20	-20.4074	-10.445	23.5299	3.01278
33	21	-20.5858	-10.3738	23.7161	3.01077
33	22	-20.7668	-10.3108	23.9038	3.00914
33	23	-20.9495	-10.2526	24.0925	3.00775
33	24	-21.1339	-10.1969	24.2827	3.00649
33	25	-21.3209	-10.1452	24.475	3.00543
33	26	-21.5107	-10.0976	24.6695	3.00456
33	27	-21.702	-10.052	24.8652	3.00379
33	28	-21.895	-10.0136	25.0617	3.00333
33	29	-22.0879	-9.9772	25.2577	3.00296
33	30	-22.2811	-9.94867	25.453	3.0029
33	31	-22.4736	-9.92221	25.6474	3.00291
33	32	-22.6666	-9.90434	25.841	3.00326
33	33	-22.8601	-9.88876	26.0348	3.00369
33	34	-23.0549	-9.88769	26.2279	3.00467
33	35	-23.2507	-9.89556	26.4208	3.00598
33	36	-23.4467	-9.92985	26.6105	3.00825
33	37	-23.6451	-9.98206	26.8003	3.01117
33	38	-23.8448	-10.0607	26.9882	3.01502
33	39	-24.0386	-10.1559	27.1687	3.0194
33	40	-24.216	-10.2652	27.3318	3.02416
33	41	-24.3796	-10.3834	27.4808	3.02913
33	42	-24.5314	-10.5124	27.6175	3.03438
33	43	-24.6795	-10.6445	27.751	3.03969
33	44	-24.8249	-10.7812	27.8822	3.04509
33	45	-24.9703	-10.9213	28.0138	3.05057
33	46	-25.1139	-11.0675	28.144	3.05621
33	47	-25.2564	-11.2183	28.2736	3.06196
33	48	-25.3994	-11.3751	28.4041	3.06786
33	49	-25.543	-11.5357	28.536	3.07384
33	50	-25.6876	-11.6983	28.6698	3.07984
33	51	-25.8311	-11.8648	28.8033	3.08592
33	52	-25.9788	-12.0308	28.9421	3.09193
33	53	-26.1255	-12.2013	29.0807	3.09804
33	54	-26.2733	-12.3739	29.2213	3.10416
33	55	-26.4189	-12.5498	29.3608	3.11033
33	56	-26.5659	-12.7248	29.5028	3.11641
33	57	-26.7152	-12.8974	29.6482	3.12236
33	58	-26.8603	-13.074	29.7904	3.12838
33	59	-27.0077	-13.2494	29.9361	3.1343
33	60	-27.1564	-13.4246	30.084	3.14016
33	61	-27.3024	-13.6014	30.2302	-3.13717
33	62	-27.4437	-13.7787	30.3729	-3.13135
33	63	-27.5871	-13.9558	30.5185	-3.1256
33	64	-27.7318	-14.1327	30.6665	-3.1199
33	65	-27.8765	-14.3112	30.8156	-3.11421
33	66	-28.0208	-14.4923	30.9653	-3.10849
33	67	-28.1686	-14.6741	31.1196	-3.10281
33	68	-28.2938	-14.8636	31.2526	-3.09691
33	69	-28.3674	-15.0544	31.3352	-3.09093
33	70	-28.4074	-15.2546	31.3859	-3.08462
33	71	-28.4295	-15.4595	31.4203	-3.07816
33	72	-28.4365	-15.672	31.4414	-3.07142
33	73	-28.4276	-15.8987	31.4492	-3.06421
33	74	-28.4005	-16.1479	31.4425	-3.05624
33	75	-28.353	-16.4302	31.4205	-3.04716
33	76	-28.2938	-16.7124	31.3896	-3.03804
33	77	-28.2218	-16.9937	31.3483	-3.02887
33	78	-28.1354	-17.2715	31.295	-3.01974
33	79	-28.0362	-17.5434	31.2308	-3.01071
33	80	-27.9265	-17.809	31.158	-3.0018
33	81	-27.8077	-18.0701	31.078	-2.99295
33	82	-27.6785	-18.3279	30.9896	-2.98411
33	83	-27.5364	-18.5814	30.8901	-2.97528
33	84	-27.38	-18.8278	30.7779	-2.96654
33	85	-27.2113	-19.0643	30.6541	-2.95799
33	86	-27.0334	-19.2911	30.5217	-2.94962
33	87	-26.8478	-19.5101	30.3823	-2.94138
33	88	-26.6536	-19.7227	30.2352	-2.93321
33	89	-26.4491	-19.928	30.0786	-2.92512
33	90	-26.2343	-20.1235	29.9118	-2.9172
33	91	-26.0115	-20.3075	29.7364	-2.9095
33	92	-25.7829	-20.4804	29.5546	-2.90202
33	93	-25.5641	-20.6278	29.3776	-2.89538
33	94	-25.3635	-20.7447	29.212	-2.88983
33	95	-25.1728	-20.8358	29.0503	-2.88516
33	96	-24.9877	-20.9097	28.8903	-2.88106
33	97	-24.8019	-20.9628	28.7246	-2.8776
33	98	-24.6143	-20.9958	28.5522	-2.87477
33	99	-24.4209	-20.9797	28.3614	-2.87352
33	100	-24.2133	-20.9126	28.1434	-2.87387
33	101	-24.0025	-20.851	27.9239	-2.874
33	102	-23.7959	-20.7814	27.7062	-2.87445
33	103	-23.5921	-20.7116	27.4912	-2.87494
33	104	-23.3896	-20.6411	27.2773	-2.87548
33	105	-23.1884	-20.569	27.0643	-2.87609
33	106	-22.9862	-20.4948	26.8497	-2.87679
33	107	-22.7825	-20.4205	26.6336	-2.87748
33	108	-22.579	-20.3446	26.4173	-2.87824
33	109	-22.3768	-20.2678	26.2022	-2.87906
33	110	-22.1768	-20.1907	25.989	-2.87993
33	111	-21.979	-20.1133	25.778	-2.88084
33	112	-21.7831	-20.0355	25.5687	-2.88181
33	113	-21.5889	-19.9569	25.3607	-2.88283
33	114	-21.3964	-19.877	25.1543	-2.88395
33	115	-21.2064	-19.7967	24.9501	-2.88512
33	116	-21.0203	-19.7159	24.7495	-2.88637
33	117	-20.8383	-19.6369	24.5535	-2.88761
33	118	-20.6599	-19.5545	24.3601	-2.88905
33	119	-20.4832	-19.4728	24.1687	-2.89049
33	120	-20.3116	-19.3843	23.9806	-2.89229
33	121	-20.1405	-19.2966	23.7932	-2.89409
33	122	-19.9758	-19.1975	23.6092	-2.89644
33	123	-19.8117	-19.0957	23.4254	-2.89896
33	124	-19.6569	-18.9773	23.2468	-2.9023
33	125	-19.5071	-18.8454	23.0702	-2.90632
33	126	-19.368	-18.6882	22.8987	-2.91158
33	127	-19.2342	-18.5132	22.7289	-2.91774
33	128	-19.1101	-18.33	22.5677	-2.92443
33	129	-18.9894	-18.1326	22.408	-2.93187
33	130	-18.8441	-17.9256	22.2234	-2.93962
33	131	-18.6443	-17.7088	21.9848	-2.94746
33	132	-18.4886	-17.4989	21.7923	-2.95553
33	133	-18.3798	-17.301	21.6494	-2.96359
33	134	-18.3016	-17.1063	21.5387	-2.97184
33	135	-18.2452	-16.9111	21.4509	-2.98036
33	136	-18.2012	-16.716	21.3771	-2.98904
33	137	-18.1674	-16.5172	21.3143	-2.99802
33	138	-18.139	-16.3156	21.2582	-3.00722
33	139	-18.1181	-16.1113	21.211	-3.01663
33	140	-18.1014	-15.9021	21.1694	-3.02634
33	141	-18.0919	-15.6897	21.1366	-3.03627
33	142	-18.0885	-15.4761	21.1118	-3.04631
33	143	-18.0911	-15.2606	21.0949	-3.05649
33	144	-18.0982	-15.045	21.0848	-3.06671
33	145	-18.1091	-14.8273	21.0806	-3.07705
33	146	-18.1243	-14.6083	21.0828	-3.08746
33	147	-18.1455	-14.3885	21.0932	-3.09792
33	148	-18.1737	-14.1668	21.1129	-3.10847
38	0	29.0901	-28.2764	30.063	-0.515066
38	1	29.0893	-27.9813	29.918	-0.506496
38	2	29.0761	-27.6895	29.7659	-0.498138
38	3	29.0532	-27.3998	29.6084	-0.489915
38	4	29.0203	-27.1113	29.4445	-0.481793
38	5	28.9784	-26.8636	29.2933	-0.474962
38	6	28.9248	-26.648	29.1476	-0.469227
38	7	28.8575	-26.4579	29.0019	-0.464428
38	8	28.7739	-26.2881	28.8513	-0.460465
38	9	28.7045	-26.1197	28.7146	-0.456285
38	10	28.595	-25.9918	28.56	-0.453955
38	11	28.4451	-25.8892	28.3803	-0.45302
38	12	28.2998	-25.7744	28.1995	-0.451615
38	13	28.1452	-25.6652	28.0127	-0.450519
38	14	27.9853	-25.5551	27.8209	-0.449458
38	15	27.82	-25.4421	27.6228	-0.448372
38	16	27.6498	-25.3275	27.4198	-0.447298
38	17	27.4742	-25.2122	27.2117	-0.446266
38	18	27.2943	-25.0956	26.9991	-0.445249
38	19	27.113	-24.9802	26.7857	-0.444275
38	20	26.9308	-24.8649	26.5717	-0.443304
38	21	26.749	-24.7516	26.3588	-0.44238
38	22	26.5665	-24.639	26.1457	-0.441476
38	23	26.3822	-24.5263	25.9309	-0.440583
38	24	26.1954	-24.4127	25.7136	-0.439685
38	25	26.0061	-24.2989	25.4938	-0.438806
38	26	25.815	-24.1859	25.2728	-0.437972
38	27	25.6234	-24.0746	25.0522	-0.437193
38	28	25.4325	-23.965	24.8328	-0.436448
38	29	25.242	-23.8565	24.6144	-0.435725
38	30	25.0511	-23.7491	24.3959	-0.435035
38	31	24.8577	-23.6428	24.1757	-0.434421
38	32	24.6611	-23.5449	23.9562	-0.434167
38	33	24.4595	-23.4631	23.7389	-0.434617
38	34	24.252	-23.4043	23.5259	-0.436063
38	35	24.0378	-23.3684	23.3167	-0.438546
38	36	23.8173	-23.3534	23.1109	-0.44201
38	37	23.605	-23.3591	22.9216	-0.446196
38	38	23.3979	-23.3809	22.7445	-0.450989
38	39	23.1944	-23.417	22.5774	-0.456357
38	40	22.992	-23.4643	22.4169	-0.462233
38	41	22.7898	-23.52	22.2611	-0.468519
38	42	22.588	-23.5817	22.1095	-0.475133
38	43	22.3876	-23.6495	21.9628	-0.482053
38	44	22.1895	-23.7217	21.8213	-0.48919
38	45	21.9954	-23.8005	21.6876	-0.496606
38	46	21.8054	-23.8826	21.5603	-0.50415
38	47	21.6204	-23.9676	21.44	-0.511793
38	48	21.4386	-24.0521	21.3234	-0.51942
38	49	21.2597	-24.1427	21.2138	-0.527314
38	50	21.0826	-24.236	21.1084	-0.535357
38	51	20.9107	-24.3369	21.0127	-0.543658
38	52	20.742	-24.4393	20.9221	-0.552018
38	53	20.5811	-24.5484	20.843	-0.560525
38	54	20.4272	-24.6612	20.7734	-0.569063
38	55	20.2785	-24.777	20.7113	-0.577643
38	56	20.1333	-24.8955	20.6551	-0.586287
38	57	20.007	-25.0339	20.6274	-0.595265
38	58	19.8886	-25.1826	20.6136	-0.604456
38	59	19.7717	-25.3419	20.6088	-0.614041
38	60	19.6801	-25.506	20.6294	-0.623101
38	61	19.5981	-25.669	20.6587	-0.631827
38	62	19.5309	-25.8357	20.7037	-0.640241
38	63	19.4777	-26.0087	20.7651	-0.648451
38	64	19.4295	-26.1846	20.8335	-0.656578
38	65	19.3852	-26.3626	20.9078	-0.664613
38	66	19.3478	-26.5448	20.9914	-0.672548
38	67	19.3151	-26.7302	21.0819	-0.680391
38	68	19.2866	-26.9172	21.1781	-0.688103
38	69	19.2638	-27.1045	21.28	-0.69558
38	70	19.2424	-27.2966	21.3873	-0.703117
38	71	19.2244	-27.4922	21.5006	-0.710599
38	72	19.2111	-27.6887	21.6193	-0.71789
38	73	19.2008	-27.8895	21.7442	-0.725158
38	74	19.1935	-28.0917	21.8734	-0.732298
38	75	19.1898	-28.2923	22.0053	-0.739192
38	76	19.1868	-28.4955	22.1405	-0.746061
38	77	19.1851	-28.7	22.2785	-0.752856
38	78	19.1865	-28.9048	22.4201	-0.759479
38	79	19.19	-29.1133	22.5667	-0.766072
38	80	19.1987	-29.3237	22.7193	-0.772479
38	81	19.2143	-29.5332	22.8771	-0.778562
38	82	19.2359	-29.742	23.0395	-0.784359
38	83	19.2644	-29.9485	23.2058	-0.789788
38	84	19.3011	-30.1508	23.3757	-0.794765
38	85	19.35	-30.3473	23.5504	-0.79913
38	86	19.4123	-30.5401	23.7322	-0.802911
38	87	19.4886	-30.7309	23.9226	-0.806157
38	88	19.5842	-30.92	24.1253	-0.808723
38	89	19.6902	-31.0915	24.3226	-0.81044
38	90	19.8104	-31.2404	24.5133	-0.811072
38	91	19.9384	-31.3747	24.6989	-0.811061
38	92	20.079	-31.4966	24.8841	-0.810337
38	93	20.2215	-31.6183	25.0705	-0.809567
38	94	20.3719	-31.7308	25.2557	-0.808325
38	95	20.5251	-31.841	25.4412	-0.806964
38	96	20.6817	-31.9494	25.6279	-0.805478
38	97	20.8436	-32.0548	25.8161	-0.803785
38	98	21.0098	-32.16	26.0072	-0.801988
38	99	21.1807	-32.2653	26.2017	-0.800096
38	100	21.3555	-32.3712	26.3996	-0.798139
38	101	21.5333	-32.477	26.5995	-0.79613
38	102	21.7132	-32.5809	26.7997	-0.794044
38	103	21.8937	-32.6835	26.9994	-0.79194
38	104	22.0744	-32.7849	27.1985	-0.789832
38	105	22.2553	-32.8864	27.398	-0.787747
38	106	22.4375	-32.9882	27.5988	-0.785671
38	107	22.6218	-33.0905	27.8015	-0.783586
38	108	22.8086	-33.1925	28.0058	-0.781455
38	109	22.9977	-33.2924	28.2106	-0.77925
38	110	23.188	-33.3891	28.4139	-0.776963
38	111	23.378	-33.482	28.6146	-0.774624
38	112	23.5681	-33.5739	28.8149	-0.77229
38	113	23.7594	-33.6654	29.0158	-0.769948
38	114	23.9534	-33.7541	29.2169	-0.767504
38	115	24.1526	-33.8332	29.4153	-0.764737
38	116	24.3487	-33.9202	29.6171	-0.76227
38	117	24.541	-33.9492	29.7764	-0.758517
38	118	24.7388	-33.9239	29.903	-0.753355
38	119	24.9421	-33.9056	30.0392	-0.748278
38	120	25.1508	-33.8623	30.1632	-0.74252
38	121	25.368	-33.7916	30.2761	-0.735946
38	122	25.6002	-33.6907	30.3813	-0.728356
38	123	25.8563	-33.5569	30.4846	-0.719487
38	124	26.1083	-33.4126	30.5803	-0.710508
38	125	26.3571	-33.257	30.6686	-0.70137
38	126	26.6004	-33.0867	30.7459	-0.692033
38	127	26.8335	-32.9009	30.8082	-0.682561
38	128	27.0535	-32.7029	30.8555	-0.673086
38	129	27.2616	-32.4967	30.891	-0.663668
38	130	27.4606	-32.2835	30.9177	-0.654269
38	131	27.6517	-32.0617	30.9359	-0.64482
38	132	27.8335	-31.8297	30.9431	-0.635297
38	133	28.0031	-31.5881	30.9376	-0.625758
38	134	28.1595	-31.3398	30.9203	-0.616286
38	135	28.3046	-31.087	30.894	-0.606894
38	136	28.4406	-30.8296	30.8603	-0.59753
38	137	28.5675	-30.5655	30.818	-0.588127
38	138	28.6826	-30.293	30.7639	-0.578681
38	139	28.7823	-30.0132	30.6957	-0.569274
38	140	28.866	-29.7299	30.6148	-0.560007
38	141	28.9361	-29.4453	30.5243	-0.550888
38	142	28.9949	-29.1588	30.4257	-0.541851
38	143	29.0421	-28.8684	30.3176	-0.53284
38	144	29.0748	-28.5733	30.197	-0.523876
39	0	-15.5875	-24.9251	21.7734	-2.58745
39	1	-15.5752	-24.7039	21.6473	-2.59584
39	2	-15.5654	-24.4806	21.5238	-2.60447
39	3	-15.5592	-24.255	21.4039	-2.61338
39	4	-15.5584	-24.028	21.2898	-2.62257
39	5	-15.5621	-23.7978	21.1797	-2.63209
39	6	-15.5718	-23.5666	21.0765	-2.6419
39	7	-15.5887	-23.3363	20.982	-2.65191
39	8	-15.6129	-23.1082	20.8971	-2.66209
39	9	-15.6436	-22.8824	20.8213	-2.67239
39	10	-15.6815	-22.6572	20.7544	-2.6829
39	11	-15.7301	-22.4335	20.7001	-2.69363
39	12	-15.7951	-22.2133	20.6646	-2.70459
39	13	-15.8808	-21.9966	20.6518	-2.71586
39	14	-15.9891	-21.7829	20.6636	-2.72744
39	15	-16.1137	-21.5916	20.7019	-2.73832
39	16	-16.2529	-21.4223	20.7645	-2.74845
39	17	-16.4052	-21.269	20.8474	-2.75805
39	18	-16.566	-21.1263	20.9441	-2.76724
39	19	-16.7326	-20.9903	21.0502	-2.77614
39	20	-16.904	-20.8589	21.1641	-2.78483
39	21	-17.0803	-20.7318	21.2857	-2.79332
39	22	-17.2617	-20.6098	21.4153	-2.80157
39	23	-17.4475	-20.494	21.5526	-2.80951
39	24	-17.6359	-20.385	21.6958	-2.81709
39	25	-17.8261	-20.2824	21.8439	-2.82432
39	26	-18.0182	-20.1857	21.9968	-2.83122
39	27	-18.2137	-20.0964	22.1562	-2.83775
39	28	-18.4143	-20.0194	22.3249	-2.84373
39	29	-18.6223	-19.9568	22.5057	-2.8491
39	30	-18.8402	-19.9103	22.7012	-2.85383
39	31	-19.0692	-19.8839	22.9134	-2.85777
39	32	-19.2945	-19.8796	23.1287	-2.86068
39	33	-19.5165	-19.8984	23.3472	-2.86254
39	34	-19.7368	-19.9376	23.5698	-2.86352
39	35	-19.9555	-19.9911	23.7947	-2.86388
39	36	-20.1735	-20.053	24.0214	-2.86389
39	37	-20.3917	-20.1201	24.2496	-2.8637
39	38	-20.6105	-20.1908	24.4794	-2.86337
39	39	-20.8293	-20.2649	24.7101	-2.86292
39	40	-21.0467	-20.342	24.9404	-2.86234
39	41	-21.2621	-20.4206	25.1691	-2.8617
39	42	-21.4761	-20.4998	25.3966	-2.86103
39	43	-21.6897	-20.5803	25.6242	-2.86032
39	44	-21.9019	-20.6596	25.8501	-2.85965
39	45	-22.1125	-20.74	26.0748	-2.85894
39	46	-22.3205	-20.8231	26.2977	-2.85811
39	47	-22.5257	-20.9069	26.5181	-2.85724
39	48	-22.7282	-20.9894	26.7356	-2.8564
39	49	-22.9278	-21.0718	26.9504	-2.85555
39	50	-23.1254	-21.1548	27.1634	-2.85467
39	51	-23.3211	-21.2395	27.3751	-2.85373
39	52	-23.5147	-21.3272	27.5856	-2.85267
39	53	-23.7035	-21.4165	27.7921	-2.85153
39	54	-23.8867	-21.5081	27.9938	-2.85026
39	55	-24.0632	-21.6039	28.1905	-2.84881
39	56	-24.2302	-21.7072	28.3802	-2.84702
39	57	-24.3983	-21.7988	28.5677	-2.84566
39	58	-24.5297	-21.9257	28.7305	-2.84277
39	59	-24.6272	-22.1109	28.8785	-2.83764
39	60	-24.7393	-22.3014	29.0429	-2.83253
39	61	-24.8412	-22.5208	29.2073	-2.82644
39	62	-24.9358	-22.7778	29.3776	-2.81912
39	63	-25.0231	-23.0822	29.5581	-2.81029
39	64	-25.0919	-23.3907	29.7247	-2.80123
39	65	-25.1452	-23.6994	29.8792	-2.79208
39	66	-25.186	-24.0085	30.0247	-2.78287
39	67	-25.2148	-24.32	30.1623	-2.77354
39	68	-25.2289	-24.6343	30.2899	-2.76402
39	69	-25.2266	-24.9489	30.4052	-2.75438
39	70	-25.2095	-25.261	30.5086	-2.7447
39	71	-25.1799	-25.571	30.6026	-2.73498
39	72	-25.1375	-25.8807	30.6877	-2.72516
39	73	-25.0794	-26.1904	30.7614	-2.71519
39	74	-25.0035	-26.497	30.8205	-2.70512
39	75	-24.9116	-26.7968	30.8656	-2.69505
39	76	-24.8074	-27.0899	30.8997	-2.68504
39	77	-24.692	-27.3786	30.925	-2.67502
39	78	-24.5636	-27.6637	30.9401	-2.66492
39	79	-24.4203	-27.9431	30.9426	-2.65477
39	80	-24.2632	-28.2138	30.932	-2.64466
39	81	-24.0953	-28.4756	30.9107	-2.63462
39	82	-23.9173	-28.7305	30.8804	-2.62461
39	83	-23.7272	-28.979	30.8396	-2.61456
39	84	-23.523	-29.2187	30.7852	-2.60449
39	85	-23.306	-29.4462	30.7167	-2.59452
39	86	-23.0805	-29.6613	30.6375	-2.58469
39	87	-22.8487	-29.8665	30.5506	-2.57498
39	88	-22.6405	-30.0358	30.4669	-2.56662
39	89	-22.4475	-30.1774	30.3827	-2.55926
39	90	-22.2608	-30.2942	30.2917	-2.55264
39	91	-22.0722	-30.3834	30.185	-2.54672
39	92	-21.8905	-30.4117	30.0506	-2.54255
39	93	-21.7002	-30.3939	29.8836	-2.53945
39	94	-21.5095	-30.3568	29.7054	-2.53684
39	95	-21.3163	-30.317	29.524	-2.53423
39	96	-21.1218	-30.2731	29.3393	-2.53168
39	97	-20.9241	-30.2286	29.1519	-2.52904
39	98	-20.7218	-30.1816	28.9595	-2.52636
39	99	-20.5161	-30.1312	28.7625	-2.52366
39	100	-20.3065	-30.0757	28.5596	-2.52099
39	101	-20.0931	-30.0154	28.351	-2.51834
39	102	-19.8792	-29.9512	28.14	-2.51576
39	103	-19.665	-29.8847	27.9275	-2.5132
39	104	-19.4522	-29.8169	27.7156	-2.51066
39	105	-19.2395	-29.7488	27.5038	-2.5081
39	106	-19.0254	-29.6801	27.2906	-2.50548
39	107	-18.8089	-29.6097	27.0748	-2.50283
39	108	-18.5908	-29.5365	26.8561	-2.50017
39	109	-18.3723	-29.46	26.6353	-2.49756
39	110	-18.1545	-29.3809	26.4137	-2.49501
39	111	-17.9379	-29.2996	26.1919	-2.4925
39	112	-17.7241	-29.2149	25.9706	-2.49013
39	113	-17.5137	-29.1241	25.7482	-2.48797
39	114	-17.3088	-29.0225	25.5238	-2.48625
39	115	-17.1178	-28.9046	25.3006	-2.48535
39	116	-16.9403	-28.767	25.076	-2.48538
39	117	-16.7748	-28.6112	24.8498	-2.48628
39	118	-16.6212	-28.4358	24.6211	-2.48813
39	119	-16.4908	-28.2558	24.4083	-2.49073
39	120	-16.3837	-28.0733	24.2126	-2.49405
39	121	-16.2918	-27.8853	24.0261	-2.49799
39	122	-16.2085	-27.6938	23.8448	-2.50231
39	123	-16.1306	-27.4989	23.6662	-2.50696
39	124	-16.0576	-27.3	23.4898	-2.51194
39	125	-15.9905	-27.0974	23.3166	-2.51726
39	126	-15.9283	-26.8894	23.145	-2.52298
39	127	-15.8719	-26.6778	22.9767	-2.52906
39	128	-15.8213	-26.4645	22.8131	-2.53544
39	129	-15.7762	-26.2507	22.6547	-2.54206
39	130	-15.736	-26.0374	22.5018	-2.54888
39	131	-15.6975	-25.8199	22.3489	-2.55599
39	132	-15.6616	-25.5984	22.1971	-2.56341
39	133	-15.6305	-25.3741	22.0492	-2.57116
39	134	-15.6057	-25.1489	21.9074	-2.5792
43	0	24.4878	-38.058	32.7037	-0.850963
43	1	24.5348	-37.7704	32.5193	-0.844044
43	2	24.5715	-37.4809	32.328	-0.837246
43	3	24.5962	-37.1884	32.128	-0.83058
43	4	24.6066	-36.894	31.9183	-0.82412
43	5	24.6026	-36.6005	31.7008	-0.817924
43	6	24.5867	-36.3094	31.478	-0.811969
43	7	24.5614	-36.0201	31.2512	-0.806185
43	8	24.5275	-35.7312	31.0197	-0.800526
43	9	24.4866	-35.4808	30.8119	-0.795822
43	10	24.4382	-35.2591	30.6199	-0.791884
43	11	24.3775	-35.0591	30.435	-0.788688
43	12	24.3009	-34.8762	30.2514	-0.786222
43	13	24.1914	-34.7302	30.0708	-0.785369
43	14	24.0491	-34.6092	29.8845	-0.785873
43	15	23.8898	-34.5037	29.6973	-0.787156
43	16	23.7296	-34.3952	29.5075	-0.788408
43	17	23.5652	-34.2902	29.3171	-0.789859
43	18	23.3978	-34.1847	29.1244	-0.791392
43	19	23.2267	-34.0772	28.9277	-0.792989
43	20	23.0523	-33.9702	28.7291	-0.794699
43	21	22.8751	-33.863	28.5285	-0.796499
43	22	22.6957	-33.7558	28.3265	-0.798381
43	23	22.5148	-33.6497	28.1243	-0.800355
43	24	22.3336	-33.5434	27.9219	-0.802362
43	25	22.1512	-33.4383	27.7196	-0.804458
43	26	21.967	-33.334	27.5168	-0.806652
43	27	21.7807	-33.2298	27.3128	-0.808936
43	28	21.5936	-33.1234	27.1067	-0.811219
43	29	21.4046	-33.018	26.9002	-0.813618
43	30	21.2138	-32.9148	26.6942	-0.816156
43	31	21.0222	-32.8129	26.4888	-0.818789
43	32	20.8302	-32.7107	26.2831	-0.82147
43	33	20.6366	-32.6085	26.0765	-0.824237
43	34	20.4408	-32.5063	25.8687	-0.82711
43	35	20.2428	-32.4054	25.6604	-0.830126
43	36	20.0426	-32.3089	25.4543	-0.833371
43	37	19.8424	-32.2229	25.2561	-0.836949
43	38	19.6425	-32.1501	25.0684	-0.840927
43	39	19.4427	-32.0947	24.8942	-0.845425
43	40	19.2408	-32.0549	24.7308	-0.850464
43	41	19.035	-32.0284	24.5754	-0.856047
43	42	18.8218	-32.018	24.4284	-0.862358
43	43	18.6191	-32.0227	24.3005	-0.868818
43	44	18.4239	-32.0469	24.1935	-0.875629
43	45	18.2342	-32.0836	24.1008	-0.882645
43	46	18.0474	-32.1349	24.0224	-0.890009
43	47	17.8614	-32.1906	23.9494	-0.897508
43	48	17.679	-32.2558	23.8872	-0.905179
43	49	17.4963	-32.3236	23.8285	-0.912967
43	50	17.3155	-32.3986	23.778	-0.920913
43	51	17.1356	-32.4768	23.7323	-0.928943
43	52	16.9543	-32.5601	23.6913	-0.937178
43	53	16.7717	-32.6479	23.6547	-0.945597
43	54	16.5898	-32.7414	23.6249	-0.954153
43	55	16.4073	-32.8394	23.6003	-0.962866
43	56	16.2259	-32.9421	23.5818	-0.971665
43	57	16.0473	-33.0488	23.5701	-0.980477
43	58	15.87	-33.1581	23.5632	-0.98931
43	59	15.6943	-33.2703	23.5614	-0.99816
43	60	15.5217	-33.3871	23.5669	-1.007
43	61	15.3548	-33.5106	23.583	-1.01578
43	62	15.2003	-33.6465	23.618	-1.02437
43	63	15.0558	-33.7944	23.6701	-1.03284
43	64	14.925	-33.9587	23.745	-1.04111
43	65	14.8081	-34.1279	23.8326	-1.04893
43	66	14.7185	-34.3006	23.9383	-1.05577
43	67	14.6412	-34.4715	24.0494	-1.06207
43	68	14.5876	-34.6466	24.1765	-1.06753
43	69	14.5361	-34.8216	24.3054	-1.07286
43	70	14.495	-34.9998	24.4426	-1.07782
43	71	14.4541	-35.1792	24.5816	-1.08274
43	72	14.4196	-35.3611	24.7263	-1.08742
43	73	14.388	-35.547	24.8765	-1.09202
43	74	14.3633	-35.7362	25.0333	-1.09638
43	75	14.3444	-35.9261	25.1938	-1.10049
43	76	14.3305	-36.1192	25.3598	-1.10443
43	77	14.32	-36.3137	25.5291	-1.10822
43	78	14.3151	-36.508	25.7009	-1.11177
43	79	14.3139	-36.7005	25.8732	-1.1151
43	80	14.316	-36.896	26.0498	-1.11833
43	81	14.3218	-37.0936	26.2301	-1.12143
43	82	14.3327	-37.2915	26.4132	-1.12431
43	83	14.3508	-37.487	26.5974	-1.12687
43	84	14.3726	-37.6844	26.7851	-1.1293
43	85	14.4004	-37.8811	26.9749	-1.13149
43	86	14.4312	-38.0749	27.1635	-1.13349
43	87	14.4659	-38.2702	27.3551	-1.13537
43	88	14.5023	-38.4662	27.5482	-1.13717
43	89	14.544	-38.6604	27.742	-1.13875
43	90	14.5883	-38.8572	27.9393	-1.14026
43	91	14.6384	-39.0538	28.1389	-1.14156
43	92	14.6913	-39.2516	28.3408	-1.14276
43	93	14.7499	-39.448	28.5438	-1.14375
43	94	14.8124	-39.6419	28.7462	-1.14457
43	95	14.88	-39.8339	28.949	-1.14518
43	96	14.9519	-40.0241	29.1519	-1.14563
43	97	15.0327	-40.2098	29.3544	-1.14573
43	98	15.1252	-40.3889	29.5557	-1.14538
43	99	15.234	-40.5606	29.757	-1.14443
43	100	15.3599	-40.7249	29.9587	-1.14287
43	101	15.5072	-40.8803	30.1613	-1.14057
43	102	15.6656	-41.0154	30.3503	-1.13768
43	103	15.8362	-41.1285	30.5248	-1.13416
43	104	16.0202	-41.2212	30.6868	-1.13001
43	105	16.2138	-41.2987	30.8398	-1.1254
43	106	16.4103	-41.3679	30.9873	-1.12064
43	107	16.608	-41.4327	31.132	-1.11583
43	108	16.8064	-41.4952	31.2757	-1.11101
43	109	17.0055	-41.5559	31.4188	-1.10619
43	110	17.2052	-41.6142	31.5608	-1.10136
43	111	17.4065	-41.668	31.7002	-1.09646
43	112	17.6083	-41.7173	31.8366	-1.09153
43	113	17.8096	-41.7626	31.97	-1.0866
43	114	18.0101	-41.8054	32.1016	-1.08169
43	115	18.2103	-41.8462	32.2321	-1.0768
43	116	18.4109	-41.8853	32.362	-1.07192
43	117	18.6127	-41.9217	32.4909	-1.067
43	118	18.8156	-41.9546	32.6181	-1.06204
43	119	19.0192	-41.983	32.7424	-1.05703
43	120	19.2226	-42.0072	32.8639	-1.052
43	121	19.4229	-42.0303	32.9837	-1.04708
43	122	19.6205	-42.0518	33.1015	-1.04223
43	123	19.8144	-42.07	33.2155	-1.03747
43	124	20.0051	-42.0875	33.3278	-1.03281
43	125	20.1968	-42.1028	33.4395	-1.02812
43	126	20.3891	-42.1149	33.5496	-1.0234
43	127	20.581	-42.122	33.6559	-1.01864
43	128	20.7713	-42.1258	33.7594	-1.0139
43	129	20.9593	-42.1258	33.8591	-1.00918
43	130	21.1422	-42.1249	33.956	-1.00461
43	131	21.3203	-42.1228	34.0502	-1.00016
43	132	21.4941	-42.1176	34.14	-0.995796
43	133	21.6629	-42.1026	34.2195	-0.991417
43	134	21.828	-42.102	34.3097	-0.987381
43	135	21.9773	-42.0562	34.3541	-0.983019
43	136	22.1244	-41.9562	34.3529	-0.977842
43	137	22.2845	-41.8623	34.3649	-0.972452
43	138	22.4441	-41.7431	34.3569	-0.966659
43	139	22.6083	-41.5954	34.3294	-0.960279
43	140	22.7825	-41.4141	34.2816	-0.953084
43	141	22.9733	-41.1933	34.2132	-0.9448
43	142	23.1556	-40.9662	34.1372	-0.936575
43	143	23.3306	-40.733	34.0542	-0.928376
43	144	23.4978	-40.492	33.9626	-0.920183
43	145	23.6548	-40.2425	33.8602	-0.912031
43	146	23.7993	-39.986	33.7469	-0.903991
43	147	23.9317	-39.725	33.6247	-0.896097
43	148	24.0538	-39.4603	33.4954	-0.888313
43	149	24.1668	-39.1908	33.3584	-0.88059
43	150	24.2689	-38.9145	33.2114	-0.872922
43	151	24.357	-38.6316	33.0522	-0.86538
43	152	24.4294	-38.3452	32.8819	-0.858055
44	0	-12.3171	-36.0588	27.2537	-2.16441
44	1	-12.2778	-35.861	27.0679	-2.1673
44	2	-12.2436	-35.6609	26.8832	-2.17042
44	3	-12.2144	-35.4603	26.7012	-2.17376
44	4	-12.1895	-35.2573	26.5201	-2.17733
44	5	-12.1677	-35.0535	26.3404	-2.18106
44	6	-12.1507	-34.8495	26.1637	-2.185
44	7	-12.1352	-34.6444	25.9874	-2.18906
44	8	-12.1235	-34.4378	25.8125	-2.19333
44	9	-12.1162	-34.2299	25.6396	-2.19782
44	10	-12.1158	-34.0215	25.4709	-2.20261
44	11	-12.1232	-33.8126	25.307	-2.20772
44	12	-12.1431	-33.6054	25.1526	-2.21326
44	13	-12.1807	-33.4036	25.0141	-2.2193
44	14	-12.2396	-33.2053	24.8921	-2.22599
44	15	-12.3151	-33.009	24.7832	-2.23323
44	16	-12.4103	-32.812	24.6871	-2.24118
44	17	-12.5133	-32.6316	24.6105	-2.24901
44	18	-12.6271	-32.4656	24.5534	-2.25687
44	19	-12.7488	-32.3094	24.5105	-2.26475
44	20	-12.8789	-32.1586	24.4785	-2.27277
44	21	-13.0136	-32.0092	24.4522	-2.28092
44	22	-13.154	-31.8624	24.4333	-2.2892
44	23	-13.2982	-31.7175	24.4199	-2.29755
44	24	-13.4462	-31.5766	24.4139	-2.30592
44	25	-13.5977	-31.4369	24.4127	-2.31436
44	26	-13.7527	-31.2993	24.4173	-2.32284
44	27	-13.9108	-31.1639	24.4272	-2.33136
44	28	-14.0719	-31.0316	24.4433	-2.33986
44	29	-14.2373	-30.8991	24.4641	-2.34849
44	30	-14.4072	-30.7684	24.4911	-2.35718
44	31	-14.5812	-30.6417	24.5257	-2.36584
44	32	-14.758	-30.5208	24.5681	-2.3744
44	33	-14.9369	-30.4029	24.6159	-2.38289
44	34	-15.1172	-30.2884	24.6689	-2.39129
44	35	-15.2985	-30.1771	24.7264	-2.39958
44	36	-15.4826	-30.0732	24.7927	-2.40769
44	37	-15.6705	-29.9808	24.8711	-2.4155
44	38	-15.865	-29.9022	24.9651	-2.42303
44	39	-16.0661	-29.8345	25.0726	-2.43034
44	40	-16.2774	-29.7853	25.2012	-2.4373
44	41	-16.4782	-29.7533	25.3339	-2.44339
44	42	-16.67	-29.7495	25.4787	-2.44834
44	43	-16.8556	-29.7574	25.6267	-2.45273
44	44	-17.0364	-29.7825	25.7825	-2.45644
44	45	-17.2157	-29.808	25.9376	-2.46005
44	46	-17.3951	-29.8419	26.0984	-2.46338
44	47	-17.5768	-29.8773	26.2622	-2.46667
44	48	-17.7606	-29.9183	26.4315	-2.4698
44	49	-17.9474	-29.9622	26.6052	-2.47288
44	50	-18.1363	-30.0111	26.7839	-2.47582
44	51	-18.3271	-30.0626	26.9658	-2.47869
44	52	-18.5186	-30.1168	27.1502	-2.48146
44	53	-18.7103	-30.1719	27.3355	-2.48416
44	54	-18.9016	-30.2278	27.5213	-2.4868
44	55	-19.0921	-30.2854	27.7075	-2.48934
44	56	-19.2814	-30.3445	27.8939	-2.49178
44	57	-19.4744	-30.4058	28.0847	-2.4942
44	58	-19.6704	-30.4689	28.2792	-2.4966
44	59	-19.8683	-30.5336	28.4763	-2.49896
44	60	-20.067	-30.5992	28.6748	-2.50128
44	61	-20.2657	-30.6653	28.8736	-2.50356
44	62	-20.4628	-30.7351	29.0736	-2.50567
44	63	-20.6618	-30.8049	29.2753	-2.50778
44	64	-20.8633	-30.8755	29.4795	-2.5099
44	65	-21.0662	-30.9494	29.687	-2.51193
44	66	-21.27	-31.0263	29.897	-2.51387
44	67	-21.4677	-31.1146	30.1089	-2.51535
44	68	-21.6278	-31.2332	30.3081	-2.51527
44	69	-21.7583	-31.3891	30.5052	-2.51364
44	70	-21.8733	-31.5622	30.7001	-2.51128
44	71	-21.9793	-31.7516	30.8976	-2.50835
44	72	-22.0794	-31.9634	31.1037	-2.50476
44	73	-22.1753	-32.2066	31.3257	-2.50034
44	74	-22.2692	-32.4926	31.5725	-2.49486
44	75	-22.353	-32.7842	31.8157	-2.48914
44	76	-22.4249	-33.0814	32.0538	-2.48313
44	77	-22.4824	-33.3821	32.2839	-2.47685
44	78	-22.5263	-33.6831	32.5048	-2.4704
44	79	-22.5592	-33.9837	32.7182	-2.46383
44	80	-22.5825	-34.2849	32.9261	-2.45714
44	81	-22.5954	-34.5882	33.1285	-2.4503
44	82	-22.5956	-34.8929	33.3238	-2.44326
44	83	-22.5827	-35.1967	33.5101	-2.43607
44	84	-22.5586	-35.4977	33.6878	-2.4288
44	85	-22.5253	-35.7967	33.8591	-2.42148
44	86	-22.4833	-36.0952	34.0252	-2.41407
44	87	-22.4303	-36.3938	34.1853	-2.40651
44	88	-22.3643	-36.6911	34.3367	-2.3988
44	89	-22.2851	-36.9845	34.4779	-2.39098
44	90	-22.195	-37.2727	34.6097	-2.38311
44	91	-22.0959	-37.5568	34.7342	-2.37521
44	92	-21.9873	-37.8381	34.8522	-2.36724
44	93	-21.8673	-38.1165	34.9622	-2.35915
44	94	-21.735	-38.3898	35.0622	-2.35096
44	95	-21.5919	-38.6559	35.1519	-2.34274
44	96	-21.4407	-38.9153	35.2335	-2.33453
44	97	-21.2818	-39.1687	35.3078	-2.32631
44	98	-21.1318	-39.3816	35.3609	-2.3191
44	99	-20.9871	-39.5646	35.3972	-2.31259
44	100	-20.8439	-39.7258	35.4199	-2.30653
44	101	-20.6972	-39.8704	35.4293	-2.30072
44	102	-20.5396	-39.9965	35.4188	-2.29503
44	103	-20.3677	-40.0758	35.3647	-2.28991
44	104	-20.1722	-40.1153	35.2661	-2.285
44	105	-19.9732	-40.1422	35.1565	-2.28022
44	106	-19.7766	-40.1664	35.0472	-2.27551
44	107	-19.5825	-40.1904	34.9401	-2.27084
44	108	-19.389	-40.2132	34.8333	-2.26617
44	109	-19.1953	-40.2342	34.7257	-2.26149
44	110	-19.001	-40.2543	34.6177	-2.2568
44	111	-18.8062	-40.271	34.5077	-2.25212
44	112	-18.6114	-40.2858	34.3968	-2.24745
44	113	-18.4173	-40.2962	34.2838	-2.24285
44	114	-18.2245	-40.3052	34.1711	-2.23827
44	115	-18.033	-40.3108	34.0574	-2.23375
44	116	-17.8424	-40.3157	33.9443	-2.22924
44	117	-17.652	-40.3185	33.8303	-2.22474
44	118	-17.461	-40.3193	33.7151	-2.22022
44	119	-17.2688	-40.3179	33.5981	-2.21569
44	120	-17.0754	-40.3124	33.4777	-2.21117
44	121	-16.883	-40.3054	33.3575	-2.20667
44	122	-16.692	-40.2941	33.2354	-2.20226
44	123	-16.5025	-40.2808	33.1131	-2.19787
44	124	-16.3167	-40.2649	32.9915	-2.19359
44	125	-16.134	-40.247	32.8707	-2.1894
44	126	-15.9537	-40.2277	32.7507	-2.18525
44	127	-15.7757	-40.2043	32.6291	-2.18121
44	128	-15.5996	-40.1783	32.5072	-2.17723
44	129	-15.4258	-40.1467	32.3825	-2.17338
44	130	-15.2544	-40.1116	32.2565	-2.16961
44	131	-15.0874	-40.0706	32.1288	-2.16604
44	132	-14.9239	-40.0272	32.0013	-2.16257
44	133	-14.7631	-39.9809	31.8734	-2.15919
44	134	-14.6075	-39.9223	31.7384	-2.15614
44	135	-14.4505	-39.8629	31.6023	-2.15304
44	136	-14.3023	-39.7724	31.4453	-2.15068
44	137	-14.1497	-39.6785	31.2834	-2.14825
44	138	-14.0017	-39.5582	31.1018	-2.14637
44	139	-13.8624	-39.4371	30.9244	-2.14472
44	140	-13.7379	-39.3063	30.747	-2.14363
44	141	-13.6183	-39.1721	30.5694	-2.14273
44	142	-13.5107	-39.0274	30.3894	-2.14233
44	143	-13.4064	-38.8803	30.2093	-2.14206
44	144	-13.3088	-38.727	30.0276	-2.14208
44	145	-13.2175	-38.569	29.8453	-2.14237
44	146	-13.1297	-38.409	29.6633	-2.1428
44	147	-13.0478	-38.2445	29.4806	-2.14349
44	148	-12.9659	-38.0785	29.2967	-2.14421
44	149	-12.89	-37.9084	29.1127	-2.14519
44	150	-12.8161	-37.7372	28.9288	-2.14626
44	151	-12.7464	-37.5606	28.7428	-2.14756
44	152	-12.6774	-37.381	28.5546	-2.14897
44	153	-12.6152	-37.1974	28.367	-2.15067
44	154	-12.5571	-37.0131	28.1809	-2.15253
44	155	-12.5029	-36.8253	27.9943	-2.1546
44	156	-12.4508	-36.6357	27.8074	-2.15679
44	157	-12.4028	-36.4448	27.6219	-2.15917
44	158	-12.359	-36.2535	27.4386	-2.16171
48	0	22.4543	-44.3753	36.5593	-1.00734
48	1	22.3713	-44.0923	36.2758	-1.00511
48	2	22.2778	-43.8143	35.991	-1.00316
48	3	22.1821	-43.5777	35.7401	-1.00186
48	4	22.08	-43.3732	35.5128	-1.00118
48	5	21.9679	-43.194	35.3015	-1.00111
48	6	21.8425	-43.0357	35.1005	-1.00169
48	7	21.6986	-42.9001	34.9088	-1.00307
48	8	21.5256	-42.8053	34.7359	-1.0058
48	9	21.3019	-42.7744	34.5906	-1.01079
48	10	21.0762	-42.7567	34.4561	-1.01606
48	11	20.8531	-42.7384	34.3235	-1.02131
48	12	20.6339	-42.7206	34.1943	-1.0265
48	13	20.4186	-42.7008	34.0664	-1.03161
48	14	20.2041	-42.6833	33.9416	-1.03677
48	15	19.9897	-42.6633	33.8158	-1.04192
48	16	19.775	-42.6419	33.6894	-1.0471
48	17	19.5605	-42.6209	33.5645	-1.05232
48	18	19.3471	-42.6011	33.4419	-1.05757
48	19	19.138	-42.5775	33.3191	-1.06269
48	20	18.9324	-42.55	33.1955	-1.0677
48	21	18.7306	-42.523	33.075	-1.07265
48	22	18.5325	-42.4916	32.9531	-1.07748
48	23	18.3337	-42.4563	32.8283	-1.0823
48	24	18.135	-42.4183	32.7019	-1.08712
48	25	17.9373	-42.3803	32.5766	-1.09196
48	26	17.7405	-42.3465	32.4564	-1.09686
48	27	17.5458	-42.3118	32.337	-1.10172
48	28	17.353	-42.2739	32.2164	-1.10653
48	29	17.1612	-42.2361	32.0971	-1.11134
48	30	16.9696	-42.2011	31.9811	-1.11623
48	31	16.7789	-42.168	31.8681	-1.12115
48	32	16.5895	-42.1378	31.7589	-1.12611
48	33	16.4044	-42.1083	31.653	-1.13099
48	34	16.2232	-42.0795	31.5502	-1.1358
48	35	16.0452	-42.0519	31.4506	-1.14056
48	36	15.8693	-42.0266	31.3545	-1.14532
48	37	15.6939	-42.0059	31.2636	-1.15016
48	38	15.5174	-41.994	31.1811	-1.15517
48	39	15.3385	-41.9989	31.1137	-1.16049
48	40	15.1553	-42.0299	31.0697	-1.1663
48	41	14.9651	-42.091	31.0517	-1.1727
48	42	14.7692	-42.1808	31.0592	-1.17964
48	43	14.5856	-42.2876	31.0886	-1.18641
48	44	14.4139	-42.4121	31.1404	-1.19302
48	45	14.253	-42.5525	31.2122	-1.19947
48	46	14.0993	-42.6995	31.2939	-1.20575
48	47	13.9504	-42.85	31.382	-1.21189
48	48	13.8054	-43.003	31.4749	-1.21791
48	49	13.6655	-43.1603	31.5747	-1.22379
48	50	13.5322	-43.3235	31.6833	-1.2295
48	51	13.4092	-43.4949	31.8041	-1.23495
48	52	13.3019	-43.6768	31.9409	-1.24
48	53	13.2128	-43.8728	32.0977	-1.24461
48	54	13.1438	-44.0824	32.2744	-1.24871
48	55	13.0988	-44.2891	32.4564	-1.25204
48	56	13.0735	-44.495	32.6442	-1.25476
48	57	13.0662	-44.7007	32.8374	-1.25691
48	58	13.0706	-44.9071	33.0352	-1.25872
48	59	13.0816	-45.1148	33.2363	-1.26032
48	60	13.0966	-45.3242	33.4403	-1.26181
48	61	13.115	-45.5355	33.6473	-1.2632
48	62	13.1377	-45.7473	33.856	-1.26445
48	63	13.1646	-45.9582	34.0652	-1.26557
48	64	13.1946	-46.167	34.2734	-1.26656
48	65	13.2262	-46.3734	34.4798	-1.26748
48	66	13.2581	-46.578	34.6846	-1.26836
48	67	13.2903	-46.782	34.8889	-1.26922
48	68	13.3221	-46.9866	35.0938	-1.27009
48	69	13.3551	-47.1928	35.3005	-1.27093
48	70	13.39	-47.4006	35.5094	-1.27172
48	71	13.4277	-47.6094	35.7199	-1.27243
48	72	13.4685	-47.8176	35.9309	-1.27305
48	73	13.5114	-48.0243	36.1411	-1.27359
48	74	13.5553	-48.2294	36.3501	-1.27409
48	75	13.5994	-48.4336	36.5583	-1.27457
48	76	13.6438	-48.6381	36.7669	-1.27504
48	77	13.6888	-48.8437	36.9766	-1.27549
48	78	13.7353	-49.0502	37.1878	-1.27591
48	79	13.7836	-49.257	37.3997	-1.27629
48	80	13.8332	-49.4631	37.6113	-1.27662
48	81	13.8835	-49.6678	37.8218	-1.27691
48	82	13.935	-49.8708	38.031	-1.27716
48	83	13.9877	-50.0728	38.2396	-1.27737
48	84	14.0419	-50.2744	38.4483	-1.27754
48	85	14.0983	-50.4758	38.6574	-1.27765
48	86	14.1577	-50.6761	38.8663	-1.27767
48	87	14.2199	-50.8746	39.0743	-1.27762
48	88	14.2841	-51.0703	39.2802	-1.27749
48	89	14.3494	-51.2632	39.4838	-1.27732
48	90	14.4151	-51.4541	39.6855	-1.27713
48	91	14.4813	-51.6434	39.8859	-1.27691
48	92	14.549	-51.8317	40.0857	-1.27666
48	93	14.6196	-52.0183	40.2847	-1.27632
48	94	14.6951	-52.202	40.4824	-1.27586
48	95	14.7817	-52.3791	40.6771	-1.27509
48	96	14.9082	-52.5083	40.8376	-1.27304
48	97	15.0813	-52.5897	40.9665	-1.26959
48	98	15.2691	-52.6483	41.0785	-1.26564
48	99	15.4731	-52.6893	41.1793	-1.26122
48	100	15.6992	-52.7127	41.2709	-1.25617
48	101	15.9548	-52.7184	41.3562	-1.25034
48	102	16.2492	-52.7077	41.4398	-1.24352
48	103	16.543	-52.6868	41.5154	-1.23665
48	104	16.8373	-52.6554	41.5833	-1.22972
48	105	17.1318	-52.6112	41.6411	-1.2227
48	106	17.4246	-52.5521	41.6865	-1.21561
48	107	17.713	-52.4792	41.7195	-1.20852
48	108	17.9968	-52.3953	41.7426	-1.20145
48	109	18.2775	-52.3014	41.7574	-1.19437
48	110	18.5561	-52.1956	41.7625	-1.18724
48	111	18.8307	-52.075	41.7545	-1.18006
48	112	19.0979	-51.9394	41.732	-1.1729
48	113	19.3562	-51.7922	41.6974	-1.16582
48	114	19.6073	-51.6365	41.6543	-1.15881
48	115	19.8534	-51.4728	41.6039	-1.15181
48	116	20.0948	-51.2987	41.544	-1.1448
48	117	20.3289	-51.1114	41.4713	-1.13779
48	118	20.5522	-50.9114	41.3844	-1.13087
48	119	20.7644	-50.7026	41.2868	-1.12406
48	120	20.9671	-50.4867	41.1806	-1.11736
48	121	21.1619	-50.2631	41.0658	-1.11071
48	122	21.3483	-50.0297	40.9403	-1.1041
48	123	21.5234	-49.7857	40.8021	-1.09757
48	124	21.6847	-49.5335	40.652	-1.09121
48	125	21.8332	-49.2762	40.493	-1.08503
48	126	21.9714	-49.0144	40.3267	-1.07897
48	127	22.1	-48.7467	40.1522	-1.073
48	128	22.2173	-48.4714	39.967	-1.06713
48	129	22.3201	-48.1891	39.7701	-1.06144
48	130	22.4076	-47.9034	39.5638	-1.05599
48	131	22.4821	-47.6166	39.3514	-1.05075
48	132	22.5463	-47.3285	39.1339	-1.04567
48	133	22.6007	-47.0372	38.9095	-1.0407
48	134	22.6426	-46.7409	38.6756	-1.0359
48	135	22.6684	-46.441	38.4311	-1.03134
48	136	22.6772	-46.1412	38.1787	-1.02711
48	137	22.6717	-45.8439	37.9217	-1.02318
48	138	22.6545	-45.5484	37.6607	-1.01948
48	139	22.6258	-45.253	37.3943	-1.016
48	140	22.5835	-44.9574	37.121	-1.01277
48	141	22.526	-44.6639	36.8417	-1.00988
49	0	-13.5632	-45.3135	35.8623	-2.04861
49	1	-13.5103	-45.1328	35.6776	-2.04962
49	2	-13.4597	-44.9531	35.4948	-2.05068
49	3	-13.4109	-44.7749	35.3142	-2.05179
49	4	-13.3637	-44.5952	35.133	-2.05297
49	5	-13.3179	-44.4137	34.951	-2.05421
49	6	-13.2731	-44.2325	34.7699	-2.05549
49	7	-13.2297	-44.0515	34.5895	-2.05682
49	8	-13.1884	-43.871	34.4106	-2.05821
49	9	-13.1499	-43.6914	34.234	-2.05967
49	10	-13.1151	-43.5135	34.0606	-2.06122
49	11	-13.0849	-43.3374	33.8911	-2.06288
49	12	-13.0608	-43.1616	33.7248	-2.06472
49	13	-13.0468	-42.9846	33.5624	-2.06685
49	14	-13.0472	-42.8039	33.4038	-2.06944
49	15	-13.0634	-42.6166	33.2472	-2.07256
49	16	-13.098	-42.4206	33.0922	-2.07632
49	17	-13.1486	-42.231	32.9511	-2.08045
49	18	-13.2144	-42.0482	32.824	-2.08492
49	19	-13.2945	-41.8698	32.7084	-2.08974
49	20	-13.3865	-41.6966	32.6041	-2.09482
49	21	-13.4909	-41.5301	32.5126	-2.10016
49	22	-13.6072	-41.3728	32.4361	-2.10571
49	23	-13.7382	-41.2295	32.3801	-2.11144
49	24	-13.888	-41.1067	32.3525	-2.11737
49	25	-14.0596	-41.005	32.3554	-2.12353
49	26	-14.2414	-40.9251	32.3835	-2.1296
49	27	-14.4252	-40.866	32.4314	-2.13538
49	28	-14.613	-40.8332	32.5046	-2.1408
49	29	-14.8066	-40.8233	32.6011	-2.14596
49	30	-15.0023	-40.8239	32.7085	-2.15097
49	31	-15.1996	-40.8288	32.8212	-2.15592
49	32	-15.3982	-40.8356	32.9369	-2.16083
49	33	-15.5972	-40.8424	33.0537	-2.16572
49	34	-15.7964	-40.8511	33.1729	-2.17054
49	35	-15.9947	-40.8608	33.2933	-2.1753
49	36	-16.1913	-40.8705	33.4133	-2.17997
49	37	-16.3861	-40.8818	33.5344	-2.18454
49	38	-16.5796	-40.8906	33.6534	-2.18909
49	39	-16.7725	-40.8938	33.7682	-2.19369
49	40	-16.9648	-40.8943	33.8811	-2.1983
49	41	-17.156	-40.8969	33.9958	-2.2028
49	42	-17.3448	-40.8996	34.1099	-2.20722
49	43	-17.5303	-40.9036	34.2236	-2.21151
49	44	-17.7139	-40.9043	34.3343	-2.21579
49	45	-17.8979	-40.8996	34.4415	-2.22014
49	46	-18.0823	-40.8917	34.547	-2.22453
49	47	-18.2676	-40.8864	34.6558	-2.22887
49	48	-18.4538	-40.8783	34.7636	-2.23324
49	49	-18.6406	-40.8677	34.8705	-2.23765
49	50	-18.8276	-40.8609	34.9812	-2.24198
49	51	-19.0137	-40.8535	35.0914	-2.24626
49	52	-19.198	-40.8457	35.2009	-2.25049
49	53	-19.3803	-40.8424	35.3131	-2.25456
49	54	-19.5602	-40.8385	35.4241	-2.25856
49	55	-19.7379	-40.8319	35.5321	-2.26255
49	56	-19.9137	-40.8225	35.6373	-2.26652
49	57	-20.0874	-40.8106	35.7398	-2.27046
49	58	-20.2573	-40.7952	35.8376	-2.27436
49	59	-20.4232	-40.7909	35.9419	-2.27796
49	60	-20.562	-40.8357	36.0662	-2.28008
49	61	-20.6836	-40.9162	36.2065	-2.28118
49	62	-20.7926	-41.0301	36.364	-2.28141
49	63	-20.8908	-41.1665	36.5314	-2.28101
49	64	-20.9828	-41.3256	36.712	-2.28009
49	65	-21.0724	-41.5126	36.9123	-2.27863
49	66	-21.1629	-41.7342	37.1396	-2.2766
49	67	-21.2569	-41.9982	37.4017	-2.27393
49	68	-21.3401	-42.2648	37.6589	-2.27104
49	69	-21.4135	-42.5331	37.9116	-2.26796
49	70	-21.4775	-42.804	38.1606	-2.26469
49	71	-21.5308	-43.0789	38.4062	-2.26118
49	72	-21.5707	-43.3573	38.6466	-2.25739
49	73	-21.5956	-43.6371	38.879	-2.25332
49	74	-21.6067	-43.9152	39.1023	-2.24905
49	75	-21.6068	-44.1909	39.3174	-2.24466
49	76	-21.5982	-44.4651	39.5267	-2.24016
49	77	-21.5808	-44.7392	39.7313	-2.23553
49	78	-21.5526	-45.0142	39.9308	-2.23073
49	79	-21.5111	-45.2889	40.1229	-2.22572
49	80	-21.4553	-45.5609	40.3051	-2.22051
49	81	-21.3868	-45.8278	40.4768	-2.21517
49	82	-21.3078	-46.0897	40.6393	-2.20975
49	83	-21.2195	-46.3479	40.7945	-2.20423
49	84	-21.1207	-46.6034	40.9426	-2.19859
49	85	-21.009	-46.8556	41.0818	-2.19279
49	86	-20.883	-47.102	41.2094	-2.18682
49	87	-20.7439	-47.3397	41.3238	-2.18075
49	88	-20.5949	-47.568	41.4263	-2.17464
49	89	-20.4382	-47.7885	41.5197	-2.16852
49	90	-20.2743	-48.0027	41.6053	-2.16237
49	91	-20.1028	-48.2122	41.6843	-2.15615
49	92	-19.9213	-48.4152	41.7541	-2.14984
49	93	-19.7292	-48.6091	41.8121	-2.14346
49	94	-19.5281	-48.7922	41.8579	-2.13705
49	95	-19.3205	-48.965	41.8932	-2.13065
49	96	-19.1077	-49.1293	41.9203	-2.12427
49	97	-18.8891	-49.2863	41.9398	-2.11787
49	98	-18.6632	-49.435	41.9502	-2.11143
49	99	-18.4291	-49.5733	41.9491	-2.10495
49	100	-18.188	-49.6988	41.9353	-2.09847
49	101	-17.9423	-49.8115	41.9098	-2.09205
49	102	-17.6938	-49.9132	41.8751	-2.0857
49	103	-17.4427	-50.0059	41.8329	-2.07938
49	104	-17.1882	-50.0897	41.783	-2.07309
49	105	-16.9295	-50.162	41.7227	-2.06682
49	106	-16.7026	-50.2107	41.6581	-2.06147
49	107	-16.4989	-50.2343	41.5834	-2.05688
49	108	-16.3124	-50.2356	41.4977	-2.05289
49	109	-16.1379	-50.2178	41.4013	-2.04936
49	110	-15.9707	-50.1841	41.2946	-2.04614
49	111	-15.8098	-50.1293	41.1725	-2.04328
49	112	-15.6796	-50.0248	41.0202	-2.04161
49	113	-15.5766	-49.8688	40.8344	-2.04109
49	114	-15.4809	-49.7099	40.6495	-2.04077
49	115	-15.3886	-49.5502	40.4653	-2.04052
49	116	-15.2981	-49.3904	40.2818	-2.04031
49	117	-15.2086	-49.2308	40.099	-2.04012
49	118	-15.1196	-49.0715	39.9167	-2.03994
49	119	-15.0308	-48.9126	39.7348	-2.03975
49	120	-14.9428	-48.7539	39.5534	-2.03958
49	121	-14.8567	-48.5921	39.3702	-2.03949
49	122	-14.7734	-48.4278	39.186	-2.03949
49	123	-14.693	-48.2622	39.0019	-2.03956
49	124	-14.6149	-48.0963	38.8186	-2.0397
49	125	-14.5381	-47.9311	38.6365	-2.03986
49	126	-14.4619	-47.7668	38.4555	-2.04002
49	127	-14.386	-47.6033	38.2754	-2.04019
49	128	-14.3109	-47.4361	38.0923	-2.04041
49	129	-14.2374	-47.2651	37.9066	-2.04072
49	130	-14.1665	-47.0909	37.7192	-2.04114
49	131	-14.0986	-46.9145	37.5311	-2.04166
49	132	-14.0339	-46.737	37.3436	-2.04227
49	133	-13.9719	-46.5595	37.1573	-2.04295
49	134	-13.9117	-46.3826	36.9724	-2.04368
49	135	-13.8523	-46.2061	36.7883	-2.04443
49	136	-13.7931	-46.0297	36.6042	-2.04519
49	137	-13.7341	-45.8525	36.4196	-2.04597
49	138	-13.6756	-45.674	36.2342	-2.04678
49	139	-13.6184	-45.4942	36.0482	-2.04766
