# CellID	NodeIndex	X	Y	R	Theta
8	0	54.5951	-12.7866	51.3333	0.0124153
8	1	54.7899	-12.6125	51.5305	0.0157457
8	2	54.9749	-12.4263	51.7187	0.0192893
8	3	55.1478	-12.2291	51.8957	0.0230244
8	4	55.308	-12.0233	52.0611	0.0269059
8	5	55.4568	-11.8107	52.2159	0.0308983
8	6	55.5955	-11.5919	52.3617	0.0349938
8	7	55.7247	-11.366	52.4992	0.0392088
8	8	55.8434	-11.1318	52.6275	0.0435663
8	9	55.9493	-10.8893	52.7444	0.0480714
8	10	56.0409	-10.6402	52.8485	0.0526978
8	11	56.1182	-10.3866	52.9396	0.0574041
8	12	56.1828	-10.1301	53.0194	0.0621637
8	13	56.2363	-9.87067	53.0895	0.0669786
8	14	56.279	-9.60726	53.1503	0.0718697
8	15	56.3094	-9.33909	53.2006	0.0768563
8	16	56.3254	-9.06672	53.2382	0.0819342
8	17	56.326	-8.79228	53.2619	0.0870687
8	18	56.3119	-8.51797	53.2725	0.0922214
8	19	56.2856	-8.24437	53.2721	0.097381
8	20	56.2481	-7.97051	53.2622	0.102567
8	21	56.1987	-7.69506	53.242	0.107808
8	22	56.1347	-7.4179	53.2089	0.113116
8	23	56.0534	-7.14126	53.1601	0.11846
8	24	55.955	-6.8687	53.0954	0.123776
8	25	55.8425	-6.602	53.0174	0.12903
8	26	55.7188	-6.34012	52.9292	0.134237
8	27	55.5846	-6.08109	52.8315	0.139436
8	28	55.4381	-5.8242	52.7228	0.144648
8	29	55.2771	-5.57112	52.6007	0.14985
8	30	55.1017	-5.32487	52.4648	0.15499
8	31	54.9149	-5.08677	52.3176	0.160038
8	32	54.7188	-4.85538	52.1615	0.165016
8	33	54.5134	-4.62876	51.9968	0.169964
8	34	54.2965	-4.40683	51.8212	0.174893
8	35	54.0665	-4.19213	51.6327	0.179763
8	36	53.8248	-3.98758	51.4321	0.184516
8	37	53.5746	-3.79306	51.2223	0.189146
8	38	53.3169	-3.60613	51.0049	0.193695
8	39	53.0497	-3.42564	50.7779	0.198196
8	40	52.7703	-3.25395	50.5383	0.202615
8	41	52.4795	-3.09551	50.2858	0.206866
8	42	52.1834	-2.95347	50.0256	0.21086
8	43	51.9239	-2.84721	49.7944	0.214037
8	44	51.6911	-2.7673	49.584	0.216609
8	45	51.4753	-2.70886	49.3859	0.218704
8	46	51.269	-2.66572	49.1939	0.22047
8	47	51.0672	-2.64638	49.0012	0.221756
8	48	50.8809	-2.66054	48.8165	0.222312
8	49	50.7	-2.71313	48.6284	0.222078
8	50	50.5176	-2.7721	48.4375	0.221719
8	51	50.3369	-2.84209	48.2459	0.221128
8	52	50.1552	-2.91309	48.053	0.220516
8	53	49.9762	-2.99256	47.8609	0.219714
8	54	49.7971	-3.07297	47.6686	0.218887
8	55	49.6213	-3.16154	47.4779	0.217869
8	56	49.4455	-3.25108	47.2869	0.216824
8	57	49.2741	-3.34926	47.0984	0.215571
8	58	49.1043	-3.44934	46.9112	0.214261
8	59	48.9353	-3.55772	46.723	0.212764
8	60	48.7661	-3.66959	46.5341	0.211182
8	61	48.6006	-3.78714	46.3477	0.209451
8	62	48.4391	-3.90793	46.1647	0.207618
8	63	48.2827	-4.03119	45.9864	0.205697
8	64	48.1323	-4.15657	45.8136	0.203688
8	65	47.981	-4.28357	45.6399	0.201634
8	66	47.8318	-4.41523	45.4674	0.199454
8	67	47.6835	-4.54968	45.2955	0.197193
8	68	47.541	-4.6905	45.1283	0.194752
8	69	47.3994	-4.83601	44.9613	0.192186
8	70	47.2628	-4.98766	44.7985	0.189446
8	71	47.1319	-5.14315	44.6408	0.186577
8	72	47.0057	-5.30065	44.4878	0.183624
8	73	46.8857	-5.46202	44.3406	0.18054
8	74	46.7679	-5.62406	44.1958	0.177412
8	75	46.6618	-5.79287	44.0619	0.174066
8	76	46.5597	-5.96307	43.932	0.170653
8	77	46.4819	-6.14469	43.8248	0.166871
8	78	46.4101	-6.33146	43.7234	0.162931
8	79	46.3652	-6.53178	43.647	0.158569
8	80	46.3279	-6.73109	43.5791	0.154188
8	81	46.3236	-6.92487	43.5455	0.149806
8	82	46.3291	-7.109	43.5238	0.145604
8	83	46.3607	-7.28601	43.5298	0.141475
8	84	46.3919	-7.4607	43.5364	0.137402
8	85	46.4339	-7.63257	43.5549	0.133361
8	86	46.4771	-7.80396	43.5752	0.129331
8	87	46.5278	-7.97656	43.6036	0.125255
8	88	46.5807	-8.15264	43.6345	0.1211
8	89	46.6403	-8.33121	43.6724	0.116876
8	90	46.7022	-8.51365	43.713	0.112566
8	91	46.7701	-8.69794	43.7602	0.108207
8	92	46.8404	-8.88413	43.8104	0.103809
8	93	46.9146	-9.07011	43.8654	0.0994164
8	94	46.9882	-9.25662	43.9205	0.0950247
8	95	47.0628	-9.44228	43.9776	0.0906609
8	96	47.1401	-9.62647	44.0383	0.0863367
8	97	47.2187	-9.80959	44.1013	0.0820461
8	98	47.2966	-9.99203	44.1643	0.0777847
8	99	47.3768	-10.1712	44.2308	0.0736052
8	100	47.4582	-10.3528	44.299	0.0693826
8	101	47.5407	-10.535	44.369	0.0651564
8	102	47.6229	-10.7172	44.4396	0.0609449
8	103	47.708	-10.8972	44.5139	0.0567912
8	104	47.7895	-11.0781	44.5854	0.0526375
8	105	47.8731	-11.2573	44.6599	0.0485312
8	106	47.9581	-11.4355	44.7365	0.0444616
8	107	48.0465	-11.6177	44.8171	0.0403119
8	108	48.1384	-11.8036	44.9019	0.0360926
8	109	48.2308	-11.9934	44.9877	0.0318028
8	110	48.3264	-12.1836	45.0777	0.0275172
8	111	48.4252	-12.3723	45.1716	0.0232822
8	112	48.5262	-12.5586	45.2687	0.0191154
8	113	48.6255	-12.7466	45.3648	0.0149297
8	114	48.7265	-12.9347	45.4633	0.0107592
8	115	48.8296	-13.1237	45.5647	0.00658771
8	116	48.9381	-13.3106	45.6724	0.00248017
8	117	49.0613	-13.4771	45.7955	-0.00116302
8	118	49.2124	-13.6044	45.9469	-0.00392956
8	119	49.3936	-13.7023	46.1286	-0.00603536
8	120	49.5919	-13.7827	46.3275	-0.00774539
8	121	49.8102	-13.8508	46.5463	-0.00917266
8	122	50.0535	-13.9069	46.7901	-0.0103245
8	123	50.3308	-13.953	47.0679	-0.0112412
8	124	50.607	-13.9878	47.3445	-0.0119116
8	125	50.8829	-14.0126	47.6207	-0.0123624
8	126	51.1597	-14.0257	47.8976	-0.0125643
8	127	51.4371	-14.0242	48.1751	-0.0124624
8	128	51.7131	-14.0062	48.4508	-0.0120201
8	129	51.9846	-13.9722	48.7219	-0.0112548
8	130	52.2504	-13.9246	48.9871	-0.0102225
8	131	52.511	-13.8657	49.2471	-0.00897176
8	132	52.7677	-13.7958	49.5033	-0.00751403
8	133	53.021	-13.7137	49.7561	-0.00582482
8	134	53.27	-13.6173	50.0045	-0.00386891
8	135	53.512	-13.5061	50.2463	-0.00163692
8	136	53.745	-13.3816	50.4792	0.000838123
8	137	53.9687	-13.2462	50.7032	0.00350332
8	138	54.1842	-13.102	50.9194	0.00632079
8	139	54.3929	-12.9492	51.1292	0.0092842
9	0	-39.498	0.442609	44.9558	2.82803
9	1	-39.5634	0.582851	45.0614	2.82552
9	2	-39.6421	0.718974	45.1787	2.8232
9	3	-39.7208	0.86003	45.2977	2.82078
9	4	-39.812	0.997336	45.4276	2.81855
9	5	-39.9041	1.1361	45.5592	2.8163
9	6	-40.0038	1.2696	45.6964	2.81423
9	7	-40.1068	1.40499	45.8375	2.81216
9	8	-40.2142	1.54029	45.983	2.81013
9	9	-40.324	1.676	46.1311	2.80812
9	10	-40.4375	1.81003	46.2823	2.80619
9	11	-40.552	1.94331	46.4344	2.80429
9	12	-40.672	2.07752	46.5921	2.80242
9	13	-40.7943	2.2136	46.7528	2.80055
9	14	-40.9213	2.34691	46.9171	2.79878
9	15	-41.0492	2.47864	47.082	2.79705
9	16	-41.1815	2.6086	47.2505	2.79541
9	17	-41.3146	2.73906	47.42	2.79378
9	18	-41.451	2.86694	47.5918	2.79223
9	19	-41.5887	2.99403	47.7648	2.79071
9	20	-41.7305	3.11878	47.9408	2.78929
9	21	-41.8786	3.23712	48.1208	2.78804
9	22	-42.0219	3.36124	48.2982	2.78666
9	23	-42.1804	3.43678	48.4731	2.78633
9	24	-42.3648	3.46707	48.6565	2.78707
9	25	-42.5532	3.50756	48.8473	2.78763
9	26	-42.7545	3.52693	49.0428	2.78868
9	27	-42.9734	3.52504	49.2477	2.79025
9	28	-43.2167	3.50104	49.468	2.7924
9	29	-43.4931	3.45406	49.7118	2.79519
9	30	-43.814	3.38262	49.9897	2.79871
9	31	-44.1352	3.29953	50.2646	2.80242
9	32	-44.4554	3.20254	50.5347	2.80634
9	33	-44.7688	3.09186	50.7946	2.81043
9	34	-45.0729	2.97043	51.0432	2.81461
9	35	-45.3693	2.84096	51.2827	2.81886
9	36	-45.6601	2.70289	51.5152	2.82319
9	37	-45.9451	2.55313	51.7395	2.82767
9	38	-46.2211	2.39001	51.9522	2.83229
9	39	-46.4851	2.21595	52.1513	2.83701
9	40	-46.7379	2.03438	52.3386	2.84177
9	41	-46.9818	1.8462	52.5167	2.84657
9	42	-47.2177	1.64982	52.6859	2.85143
9	43	-47.4437	1.44374	52.8441	2.85639
9	44	-47.6573	1.22901	52.9894	2.86142
9	45	-47.8583	1.00827	53.1222	2.86646
9	46	-48.0485	0.782878	53.2446	2.8715
9	47	-48.229	0.552072	53.3577	2.87657
9	48	-48.3989	0.314282	53.4601	2.8817
9	49	-48.5559	0.0693491	53.5496	2.88687
9	50	-48.6985	-0.180652	53.6253	2.89205
9	51	-48.8275	-0.433316	53.6886	2.89721
9	52	-48.9449	-0.687917	53.7416	2.90233
9	53	-49.0515	-0.945433	53.7849	2.90745
9	54	-49.1464	-1.20723	53.8171	2.91259
9	55	-49.2268	-1.47335	53.8358	2.91775
9	56	-49.2911	-1.74176	53.8396	2.92287
9	57	-49.3398	-2.0099	53.8296	2.92793
9	58	-49.3749	-2.2766	53.808	2.93291
9	59	-49.398	-2.54235	53.7762	2.93784
9	60	-49.409	-2.80819	53.7338	2.94272
9	61	-49.4062	-3.07437	53.6792	2.94757
9	62	-49.388	-3.33956	53.6108	2.95236
9	63	-49.3542	-3.6014	53.529	2.95705
9	64	-49.3066	-3.85821	53.4356	2.96161
9	65	-49.2473	-4.10992	53.3327	2.96605
9	66	-49.1772	-4.35746	53.221	2.9704
9	67	-49.0959	-4.60166	53.0998	2.97467
9	68	-49.0018	-4.84226	52.9674	2.97886
9	69	-48.8934	-5.07762	52.8228	2.98292
9	70	-48.771	-5.30549	52.6663	2.98683
9	71	-48.6364	-5.52451	52.4999	2.99055
9	72	-48.4915	-5.73489	52.3253	2.99411
9	73	-48.3373	-5.93768	52.1433	2.99753
9	74	-48.1735	-6.13359	51.9534	3.0008
9	75	-47.9989	-6.32212	51.7543	3.00394
9	76	-47.813	-6.50164	51.5458	3.00689
9	77	-47.6165	-6.67034	51.3285	3.00964
9	78	-47.4112	-6.82755	51.1045	3.01216
9	79	-47.1988	-6.974	50.8751	3.01447
9	80	-46.9797	-7.11089	50.6405	3.0166
9	81	-46.7532	-7.23863	50.4	3.01856
9	82	-46.5186	-7.35627	50.1528	3.02031
9	83	-46.2757	-7.46196	49.8989	3.02183
9	84	-46.0259	-7.55428	49.64	3.02307
9	85	-45.7713	-7.63341	49.3778	3.02405
9	86	-45.5127	-7.70068	49.1131	3.0248
9	87	-45.2498	-7.75709	48.8454	3.02532
9	88	-44.9812	-7.802	48.5734	3.02559
9	89	-44.7065	-7.83303	48.297	3.02557
9	90	-44.4273	-7.84769	48.018	3.0252
9	91	-44.1469	-7.84575	47.7397	3.02448
9	92	-43.8676	-7.82979	47.4642	3.02346
9	93	-43.5897	-7.80206	47.1916	3.02218
9	94	-43.3505	-7.76564	46.9584	3.0208
9	95	-43.1399	-7.72175	46.7548	3.01933
9	96	-42.9486	-7.67188	46.571	3.01777
9	97	-42.7712	-7.60927	46.4027	3.01596
9	98	-42.6047	-7.53069	46.2475	3.01382
9	99	-42.4689	-7.41408	46.1279	3.01094
9	100	-42.351	-7.257	46.0318	3.00722
9	101	-42.2435	-7.08846	45.9481	3.00327
9	102	-42.1394	-6.91957	45.8687	2.99931
9	103	-42.0385	-6.75218	45.7929	2.99538
9	104	-41.9395	-6.58662	45.7195	2.99148
9	105	-41.8418	-6.42384	45.6476	2.98764
9	106	-41.7477	-6.26243	45.5796	2.98382
9	107	-41.6534	-6.10045	45.5123	2.97998
9	108	-41.5582	-5.9385	45.4448	2.97613
9	109	-41.4662	-5.77484	45.3813	2.97223
9	110	-41.3762	-5.61136	45.3205	2.96834
9	111	-41.286	-5.4508	45.2596	2.96451
9	112	-41.197	-5.28752	45.2012	2.9606
9	113	-41.1099	-5.12214	45.1456	2.95665
9	114	-41.023	-4.95595	45.0911	2.95267
9	115	-40.9346	-4.79	45.0358	2.94869
9	116	-40.8489	-4.62229	44.9842	2.94466
9	117	-40.762	-4.45518	44.932	2.94064
9	118	-40.6724	-4.28998	44.8775	2.93663
9	119	-40.5875	-4.12421	44.8285	2.93263
9	120	-40.5033	-3.96129	44.7804	2.92868
9	121	-40.4219	-3.79463	44.7363	2.92465
9	122	-40.3382	-3.6275	44.691	2.9206
9	123	-40.2538	-3.45919	44.6458	2.9165
9	124	-40.1716	-3.28815	44.6043	2.91235
9	125	-40.0896	-3.11586	44.564	2.90817
9	126	-40.0079	-2.94282	44.5249	2.90397
9	127	-39.9276	-2.76956	44.4881	2.89976
9	128	-39.8486	-2.59733	44.453	2.89557
9	129	-39.7718	-2.4265	44.4205	2.89142
9	130	-39.697	-2.2576	44.3902	2.88731
9	131	-39.6254	-2.08993	44.3635	2.88325
9	132	-39.5557	-1.92392	44.3388	2.87923
9	133	-39.4905	-1.75833	44.3192	2.87524
9	134	-39.4317	-1.59262	44.3064	2.87128
9	135	-39.3757	-1.42821	44.2966	2.86737
9	136	-39.3323	-1.26389	44.2997	2.86353
9	137	-39.287	-1.10328	44.3006	2.85976
9	138	-39.2581	-0.941202	44.3182	2.85607
9	139	-39.2381	-0.778583	44.3451	2.85242
9	140	-39.2283	-0.609869	44.3841	2.84872
9	141	-39.2417	-0.435161	44.4477	2.84504
9	142	-39.2588	-0.273047	44.5116	2.84167
9	143	-39.2914	-0.120365	44.5881	2.83861
9	144	-39.328	0.0254505	44.6668	2.83574
9	145	-39.3782	0.165551	44.757	2.8331
9	146	-39.4296	0.306681	44.8489	2.83045
17	0	48.2734	-14.3258	45.0166	-0.0200362
17	1	48.3014	-14.1412	45.0413	-0.0159275
17	2	48.3377	-13.9649	45.0751	-0.0120024
17	3	48.3262	-13.7962	45.0619	-0.00826256
17	4	48.2671	-13.6215	45.0017	-0.00439204
17	5	48.2164	-13.4391	44.9506	-0.000337953
17	6	48.154	-13.2534	44.8885	0.0037984
17	7	48.0844	-13.0639	44.82	0.00803158
17	8	48.0092	-12.8706	44.7468	0.0123641
17	9	47.9294	-12.6766	44.6699	0.0167285
17	10	47.8479	-12.4812	44.5921	0.0211424
17	11	47.7639	-12.2838	44.5127	0.0256161
17	12	47.6768	-12.0857	44.4311	0.0301232
17	13	47.5904	-11.8831	44.3514	0.0347461
17	14	47.5016	-11.6795	44.2702	0.0394132
17	15	47.4107	-11.4749	44.1879	0.0441209
17	16	47.3184	-11.2699	44.1052	0.048856
17	17	47.2234	-11.0656	44.0207	0.0535982
17	18	47.1315	-10.8617	43.9404	0.0583429
17	19	47.0426	-10.6558	43.8642	0.0631469
17	20	46.952	-10.4509	43.7872	0.0679484
17	21	46.8602	-10.2457	43.71	0.0727737
17	22	46.7675	-10.0409	43.633	0.0776113
17	23	46.6764	-9.83628	43.5585	0.0824559
17	24	46.5832	-9.63412	43.4828	0.0872658
17	25	46.4915	-9.43194	43.4096	0.0920897
17	26	46.4005	-9.22818	43.3383	0.0969644
17	27	46.3061	-9.02312	43.2647	0.101893
17	28	46.2105	-8.81532	43.1913	0.106904
17	29	46.1132	-8.60607	43.1173	0.111971
17	30	46.0138	-8.39944	43.0422	0.116999
17	31	45.9124	-8.19643	42.9658	0.121967
17	32	45.8082	-7.9976	42.887	0.126865
17	33	45.6986	-7.80381	42.8033	0.13168
17	34	45.5808	-7.61695	42.7115	0.136379
17	35	45.4488	-7.44147	42.6051	0.140881
17	36	45.2969	-7.28122	42.4776	0.145118
17	37	45.1273	-7.13328	42.3315	0.149155
17	38	44.946	-7.00409	42.1717	0.152824
17	39	44.7609	-6.89674	42.0053	0.15602
17	40	44.571	-6.80923	41.8315	0.158792
17	41	44.376	-6.73796	41.6503	0.161222
17	42	44.1776	-6.67604	41.4646	0.163464
17	43	43.9759	-6.62075	41.2746	0.165581
17	44	43.7702	-6.57175	41.0799	0.167583
17	45	43.5602	-6.53013	40.8798	0.169444
17	46	43.3467	-6.49722	40.675	0.171126
17	47	43.1322	-6.47253	40.4679	0.17263
17	48	42.9182	-6.45539	40.26	0.173963
17	49	42.7051	-6.44457	40.0521	0.17515
17	50	42.4928	-6.4397	39.8438	0.176199
17	51	42.2806	-6.44135	39.6347	0.177096
17	52	42.0685	-6.4512	39.4242	0.177798
17	53	41.8572	-6.4736	39.2123	0.178189
17	54	41.6484	-6.51342	38.9997	0.178133
17	55	41.4436	-6.57808	38.7867	0.177428
17	56	41.2417	-6.66333	38.5729	0.176176
17	57	41.0621	-6.76402	38.3786	0.174413
17	58	40.8975	-6.87124	38.1979	0.172397
17	59	40.7494	-6.99224	38.0314	0.16993
17	60	40.6069	-7.11611	37.8701	0.167343
17	61	40.4745	-7.25012	37.7174	0.164424
17	62	40.3399	-7.38579	37.5625	0.161448
17	63	40.2106	-7.53146	37.4117	0.15816
17	64	40.0807	-7.68141	37.2601	0.154735
17	65	39.957	-7.83968	37.1136	0.151035
17	66	39.8363	-8.00133	36.9703	0.147204
17	67	39.7225	-8.16645	36.8338	0.143223
17	68	39.6086	-8.33434	36.6974	0.139138
17	69	39.4963	-8.50569	36.5627	0.134922
17	70	39.3849	-8.67997	36.4293	0.130593
17	71	39.276	-8.8579	36.2985	0.126123
17	72	39.167	-9.04115	36.1677	0.121476
17	73	39.0612	-9.22989	36.0402	0.116634
17	74	38.9614	-9.42295	35.9191	0.111619
17	75	38.8702	-9.61889	35.8071	0.106464
17	76	38.7872	-9.81575	35.7041	0.101229
17	77	38.7139	-10.0147	35.6116	0.0958801
17	78	38.6562	-10.2153	35.5355	0.0904161
17	79	38.6158	-10.421	35.4772	0.0847429
17	80	38.592	-10.6337	35.4362	0.0788195
17	81	38.5893	-10.8564	35.4166	0.0725568
17	82	38.6063	-11.0738	35.4186	0.0663987
17	83	38.6412	-11.2874	35.4399	0.0603216
17	84	38.6962	-11.4972	35.4827	0.0543249
17	85	38.7693	-11.7061	35.5451	0.0483461
17	86	38.852	-11.9119	35.6182	0.0424609
17	87	38.9389	-12.1165	35.697	0.036633
17	88	39.0273	-12.321	35.7784	0.0308291
17	89	39.1161	-12.5259	35.8616	0.0250419
17	90	39.2079	-12.7311	35.9487	0.0192718
17	91	39.3	-12.9359	36.0375	0.0135408
17	92	39.3928	-13.1386	36.1281	0.00789571
17	93	39.4864	-13.339	36.2206	0.00234332
17	94	39.5823	-13.5371	36.3166	-0.00311884
17	95	39.6767	-13.7362	36.4122	-0.00857778
17	96	39.7702	-13.9367	36.5079	-0.0140485
17	97	39.8703	-14.1342	36.6114	-0.0194043
17	98	39.9684	-14.3317	36.7138	-0.0247294
17	99	40.0639	-14.5286	36.8146	-0.0300117
17	100	40.1646	-14.7211	36.9215	-0.0351418
17	101	40.2633	-14.9139	37.0275	-0.0402524
17	102	40.362	-15.1073	37.1344	-0.0453498
17	103	40.4631	-15.3006	37.2446	-0.050412
17	104	40.5654	-15.4937	37.3569	-0.0554352
17	105	40.6682	-15.6821	37.4705	-0.0603027
17	106	40.7694	-15.8662	37.583	-0.0650296
17	107	40.8682	-16.0466	37.6937	-0.069637
17	108	40.966	-16.2239	37.804	-0.0741336
17	109	41.0652	-16.398	37.9162	-0.0785202
17	110	41.1656	-16.5705	38.0302	-0.0828352
17	111	41.2687	-16.7389	38.1472	-0.0870105
17	112	41.3731	-16.9029	38.2657	-0.091043
17	113	41.4887	-17.055	38.395	-0.0947149
17	114	41.631	-17.1738	38.548	-0.0974342
17	115	41.8187	-17.2624	38.7435	-0.0992386
17	116	42.0255	-17.3326	38.9563	-0.100506
17	117	42.2547	-17.3925	39.1904	-0.10144
17	118	42.5148	-17.4462	39.4546	-0.102125
17	119	42.8157	-17.4935	39.7587	-0.102539
17	120	43.1191	-17.5275	40.0639	-0.102607
17	121	43.4247	-17.5445	40.3697	-0.102251
17	122	43.7295	-17.542	40.6726	-0.101425
17	123	44.0298	-17.5214	40.9694	-0.100182
17	124	44.3252	-17.4857	41.2598	-0.0986062
17	125	44.6173	-17.4362	41.5456	-0.0967264
17	126	44.9071	-17.3706	41.8279	-0.0944979
17	127	45.1926	-17.2864	42.1043	-0.0918657
17	128	45.4699	-17.1836	42.3712	-0.0888498
17	129	45.737	-17.0658	42.627	-0.0855415
17	130	45.995	-16.9362	42.8733	-0.0820167
17	131	46.2461	-16.7954	43.1123	-0.0782845
17	132	46.4908	-16.6414	43.3446	-0.0742993
17	133	46.7272	-16.4717	43.5681	-0.0700136
17	134	46.9516	-16.2868	43.7795	-0.0654406
17	135	47.1624	-16.0895	43.9775	-0.0606502
17	136	47.3608	-15.8824	44.1635	-0.0556986
17	137	47.5486	-15.6659	44.3395	-0.0505875
17	138	47.7258	-15.4386	44.5056	-0.0452842
17	139	47.8901	-15.1997	44.6596	-0.0397745
17	140	48.0378	-14.9508	44.798	-0.034091
17	141	48.1463	-14.726	44.8994	-0.0290057
17	142	48.2227	-14.519	44.9702	-0.0243551
18	0	-32.7323	-2.27595	37.6848	2.84128
18	1	-32.8374	-2.11788	37.8321	2.83811
18	2	-32.9519	-1.96199	37.9881	2.83509
18	3	-33.07	-1.80584	38.148	2.83213
18	4	-33.1961	-1.65465	38.3143	2.82937
18	5	-33.3248	-1.50572	38.4827	2.82671
18	6	-33.4586	-1.3619	38.6546	2.82425
18	7	-33.5947	-1.21965	38.8283	2.82186
18	8	-33.7342	-1.07864	39.0052	2.81955
18	9	-33.8802	-0.942598	39.1868	2.81744
18	10	-34.031	-0.81091	39.3718	2.81549
18	11	-34.1931	-0.697811	39.5616	2.81409
18	12	-34.3605	-0.593439	39.7538	2.81296
18	13	-34.5411	-0.511126	39.9513	2.81247
18	14	-34.7283	-0.432455	40.1538	2.81212
18	15	-34.9177	-0.384295	40.3487	2.81251
18	16	-35.1038	-0.340207	40.539	2.81297
18	17	-35.293	-0.322069	40.7239	2.81404
18	18	-35.4846	-0.308896	40.9096	2.81525
18	19	-35.679	-0.310636	41.0933	2.8168
18	20	-35.8754	-0.31653	41.2775	2.81846
18	21	-36.0721	-0.332716	41.4591	2.82033
18	22	-36.2679	-0.355382	41.6377	2.82234
18	23	-36.4611	-0.384605	41.8121	2.82445
18	24	-36.6504	-0.420105	41.981	2.82666
18	25	-36.8363	-0.458188	42.146	2.82888
18	26	-37.0176	-0.504063	42.3046	2.83123
18	27	-37.1956	-0.554061	42.4589	2.83364
18	28	-37.3713	-0.608356	42.61	2.8361
18	29	-37.5468	-0.666942	42.7599	2.83864
18	30	-37.7151	-0.747263	42.8968	2.8416
18	31	-37.8837	-0.834396	43.0323	2.84469
18	32	-38.0436	-0.952605	43.1509	2.84839
18	33	-38.2054	-1.08825	43.2669	2.85248
18	34	-38.3488	-1.23704	43.3623	2.85671
18	35	-38.4836	-1.39077	43.449	2.86098
18	36	-38.6068	-1.55419	43.5225	2.86537
18	37	-38.7232	-1.72573	43.5881	2.86988
18	38	-38.8338	-1.90491	43.6471	2.87452
18	39	-38.9424	-2.08688	43.7043	2.87919
18	40	-39.0477	-2.2725	43.7583	2.88391
18	41	-39.1499	-2.45987	43.8099	2.88864
18	42	-39.2493	-2.64683	43.8598	2.89333
18	43	-39.3466	-2.83177	43.9092	2.89796
18	44	-39.4395	-3.01596	43.9553	2.90254
18	45	-39.5323	-3.19844	44.0027	2.90707
18	46	-39.6294	-3.37846	44.0558	2.91155
18	47	-39.7295	-3.55784	44.1128	2.91603
18	48	-39.8231	-3.74138	44.1634	2.92056
18	49	-39.9191	-3.92364	44.2175	2.92505
18	50	-40.0173	-4.1043	44.2751	2.92951
18	51	-40.1118	-4.28663	44.3295	2.93398
18	52	-40.2071	-4.46915	44.3856	2.93845
18	53	-40.2997	-4.65492	44.4392	2.94296
18	54	-40.3965	-4.84154	44.4978	2.94751
18	55	-40.4964	-5.02756	44.5604	2.95203
18	56	-40.5906	-5.21709	44.6177	2.9566
18	57	-40.6876	-5.40158	44.6795	2.96106
18	58	-40.7781	-5.58592	44.7359	2.96548
18	59	-40.87	-5.76755	44.795	2.96983
18	60	-40.9651	-5.94754	44.8583	2.97415
18	61	-41.0579	-6.13012	44.9199	2.9785
18	62	-41.15	-6.31541	44.9811	2.9829
18	63	-41.2413	-6.50054	45.0424	2.98727
18	64	-41.3323	-6.68467	45.1045	2.99162
18	65	-41.4209	-6.86501	45.1655	2.99586
18	66	-41.5055	-7.04258	45.2238	3.00002
18	67	-41.5853	-7.21635	45.2786	3.00406
18	68	-41.662	-7.38747	45.3315	3.00803
18	69	-41.7312	-7.55604	45.378	3.01192
18	70	-41.8042	-7.71769	45.4298	3.01566
18	71	-41.8523	-7.87508	45.4581	3.01922
18	72	-41.8425	-8.03592	45.429	3.02271
18	73	-41.8108	-8.20077	45.3782	3.02624
18	74	-41.7805	-8.37535	45.3284	3.02998
18	75	-41.7279	-8.55724	45.2561	3.03385
18	76	-41.6522	-8.75123	45.1604	3.03794
18	77	-41.5474	-8.96265	45.0348	3.04237
18	78	-41.4105	-9.1998	44.8756	3.04732
18	79	-41.262	-9.43047	44.7065	3.05215
18	80	-41.1011	-9.65519	44.5267	3.05685
18	81	-40.9251	-9.8723	44.3334	3.0614
18	82	-40.7328	-10.0781	44.1257	3.0657
18	83	-40.5261	-10.2692	43.9054	3.06968
18	84	-40.3088	-10.445	43.6764	3.07334
18	85	-40.0834	-10.6079	43.4406	3.07672
18	86	-39.8494	-10.7597	43.1975	3.07988
18	87	-39.6054	-10.9002	42.9454	3.08279
18	88	-39.3506	-11.0267	42.6838	3.0854
18	89	-39.0872	-11.1369	42.4147	3.08765
18	90	-38.8181	-11.2311	42.141	3.08954
18	91	-38.5446	-11.3115	41.8637	3.09111
18	92	-38.2655	-11.3792	41.5816	3.0924
18	93	-37.979	-11.4325	41.2929	3.09335
18	94	-37.6854	-11.4678	40.9979	3.09386
18	95	-37.3882	-11.4827	40.7004	3.09388
18	96	-37.0912	-11.4789	40.4039	3.09344
18	97	-36.7948	-11.46	40.1087	3.09261
18	98	-36.4973	-11.4272	39.8132	3.09142
18	99	-36.1979	-11.379	39.5167	3.08982
18	100	-35.8991	-11.3125	39.2218	3.08773
18	101	-35.6443	-11.2378	38.9714	3.08547
18	102	-35.4273	-11.1533	38.7597	3.08298
18	103	-35.2354	-11.0734	38.5729	3.08062
18	104	-35.0696	-10.9768	38.4134	3.07785
18	105	-34.9128	-10.8811	38.2632	3.07509
18	106	-34.8005	-10.749	38.1602	3.07144
18	107	-34.7078	-10.5921	38.0791	3.06716
18	108	-34.6071	-10.4342	37.9907	3.06282
18	109	-34.5123	-10.2659	37.9099	3.05819
18	110	-34.4175	-10.0911	37.8304	3.05338
18	111	-34.3275	-9.91155	37.757	3.04843
18	112	-34.2409	-9.73029	37.6881	3.04343
18	113	-34.1572	-9.54949	37.6231	3.03843
18	114	-34.0748	-9.36788	37.5602	3.0334
18	115	-33.9933	-9.18197	37.4998	3.02823
18	116	-33.9119	-8.99184	37.4409	3.02294
18	117	-33.8275	-8.79861	37.3805	3.01754
18	118	-33.7433	-8.60155	37.322	3.01202
18	119	-33.6603	-8.40207	37.2661	3.00643
18	120	-33.5813	-8.20119	37.2154	3.00079
18	121	-33.5009	-8.00261	37.1642	2.9952
18	122	-33.4188	-7.80663	37.1122	2.98965
18	123	-33.3444	-7.60941	37.069	2.98409
18	124	-33.2641	-7.40945	37.0217	2.97841
18	125	-33.1802	-7.20637	36.9726	2.97262
18	126	-33.0969	-7.00058	36.9257	2.96675
18	127	-33.0146	-6.79416	36.8812	2.96085
18	128	-32.9317	-6.58893	36.8372	2.95497
18	129	-32.8466	-6.38504	36.792	2.94909
18	130	-32.7643	-6.17918	36.7513	2.94317
18	131	-32.6823	-5.97107	36.7126	2.93717
18	132	-32.6003	-5.75987	36.6758	2.93108
18	133	-32.518	-5.5463	36.6406	2.92491
18	134	-32.4363	-5.32994	36.6082	2.91865
18	135	-32.3583	-5.11307	36.5807	2.9124
18	136	-32.2865	-4.89715	36.5606	2.9062
18	137	-32.2229	-4.68236	36.5495	2.90008
18	138	-32.1699	-4.46839	36.5499	2.89405
18	139	-32.1322	-4.25418	36.5664	2.88812
18	140	-32.1112	-4.03705	36.6012	2.88223
18	141	-32.1063	-3.8157	36.6538	2.87636
18	142	-32.1231	-3.6102	36.7245	2.87108
18	143	-32.1555	-3.41739	36.8076	2.86627
18	144	-32.2118	-3.23941	36.9105	2.86204
18	145	-32.2794	-3.06926	37.0227	2.85813
18	146	-32.3617	-2.90728	37.1472	2.85456
18	147	-32.4447	-2.74611	37.2727	2.85105
18	148	-32.5371	-2.58933	37.4064	2.84774
18	149	-32.6305	-2.43122	37.5417	2.84443
25	0	40.5719	-17.9471	37.5793	-0.120658
25	1	40.6341	-17.7456	37.6174	-0.11514
25	2	40.6782	-17.5482	37.639	-0.109797
25	3	40.7009	-17.351	37.6405	-0.104522
25	4	40.6782	-17.1525	37.5978	-0.099334
25	5	40.608	-16.9421	37.5075	-0.09394
25	6	40.5237	-16.733	37.4046	-0.0885848
25	7	40.4355	-16.5249	37.2988	-0.0832364
25	8	40.3464	-16.3187	37.1934	-0.0779111
25	9	40.255	-16.1174	37.0871	-0.072691
25	10	40.1688	-15.9185	36.9872	-0.0674976
25	11	40.0794	-15.7232	36.8853	-0.062378
25	12	39.9911	-15.5283	36.7855	-0.0572381
25	13	39.9018	-15.3338	36.6858	-0.0520867
25	14	39.8111	-15.1404	36.5855	-0.0469366
25	15	39.7168	-14.9471	36.4828	-0.041763
25	16	39.6232	-14.7533	36.3816	-0.0365496
25	17	39.5285	-14.5611	36.2805	-0.0313497
25	18	39.4327	-14.3703	36.1793	-0.0261619
25	19	39.3358	-14.1801	36.0779	-0.0209619
25	20	39.2406	-13.9886	35.9792	-0.0156961
25	21	39.1436	-13.7978	35.8798	-0.0104216
25	22	39.0442	-13.6091	35.7788	-0.00517757
25	23	38.9448	-13.4224	35.6789	4.25006e-05
25	24	38.8471	-13.2369	35.5818	0.00525367
25	25	38.7495	-13.0532	35.4856	0.0104452
25	26	38.6514	-12.8707	35.3899	0.01563
25	27	38.5505	-12.6905	35.2923	0.0207807
25	28	38.4463	-12.5134	35.1923	0.0258738
25	29	38.3373	-12.3418	35.0881	0.0308437
25	30	38.2272	-12.1772	34.9836	0.0356428
25	31	38.115	-12.0205	34.8774	0.0402489
25	32	38.0027	-11.8687	34.7716	0.0447412
25	33	37.884	-11.7251	34.6598	0.0490313
25	34	37.7629	-11.5833	34.5462	0.0533038
25	35	37.6203	-11.4573	34.4107	0.0571801
25	36	37.4671	-11.3322	34.2651	0.061082
25	37	37.2864	-11.2242	34.0916	0.0645674
25	38	37.1088	-11.1261	33.9209	0.0677924
25	39	36.925	-11.0579	33.7422	0.0701772
25	40	36.7412	-10.9944	33.5634	0.0724477
25	41	36.5528	-10.9493	33.3789	0.0742039
25	42	36.3644	-10.9086	33.194	0.0758473
25	43	36.1731	-10.8729	33.006	0.0773661
25	44	35.9785	-10.8416	32.8144	0.0787754
25	45	35.7802	-10.8172	32.6187	0.0799995
25	46	35.5792	-10.796	32.4201	0.0811466
25	47	35.3767	-10.7843	32.2191	0.0820165
25	48	35.1705	-10.7758	32.0143	0.0828086
25	49	34.9629	-10.7747	31.8076	0.0833837
25	50	34.7561	-10.7775	31.6013	0.0838391
25	51	34.5487	-10.7842	31.394	0.0841821
25	52	34.3406	-10.7927	31.186	0.0844697
25	53	34.1319	-10.8066	30.9768	0.0845935
25	54	33.9228	-10.8261	30.7668	0.0845361
25	55	33.7154	-10.8576	30.5575	0.0840808
25	56	33.513	-10.9058	30.3518	0.0830595
25	57	33.3159	-10.9731	30.1499	0.0813764
25	58	33.1238	-11.0578	29.9516	0.0790804
25	59	32.9375	-11.164	29.7576	0.0760153
25	60	32.7692	-11.2825	29.581	0.0724522
25	61	32.6192	-11.416	29.422	0.0682982
25	62	32.482	-11.562	29.2754	0.0636415
25	63	32.3548	-11.7184	29.139	0.0585623
25	64	32.2315	-11.8799	29.0068	0.0532539
25	65	32.1139	-12.047	28.8809	0.0476917
25	66	31.999	-12.2167	28.7585	0.0419899
25	67	31.8886	-12.3893	28.6415	0.0361277
25	68	31.7825	-12.5634	28.5297	0.0301645
25	69	31.6813	-12.7372	28.4237	0.0241622
25	70	31.5836	-12.9086	28.3225	0.0181926
25	71	31.4885	-13.081	28.2247	0.0121494
25	72	31.3953	-13.253	28.13	0.00607565
25	73	31.3051	-13.4242	28.0393	-1.0638e-05
25	74	31.217	-13.5981	27.9518	-0.00623366
25	75	31.1357	-13.774	27.8721	-0.0125621
25	76	31.0571	-13.9469	27.7962	-0.0188175
25	77	30.9871	-14.1236	27.7301	-0.0252348
25	78	30.9199	-14.2992	27.668	-0.0316441
25	79	30.8605	-14.4744	27.6147	-0.038053
25	80	30.8057	-14.6475	27.5671	-0.0444019
25	81	30.7536	-14.8211	27.5232	-0.0507875
25	82	30.712	-14.997	27.4912	-0.0572533
25	83	30.6693	-15.1723	27.4592	-0.0637182
25	84	30.6459	-15.3514	27.4478	-0.0702829
25	85	30.6288	-15.5321	27.4441	-0.0768955
25	86	30.6367	-15.7211	27.4672	-0.0837328
25	87	30.6593	-15.9157	27.5066	-0.0907159
25	88	30.6946	-16.0971	27.5587	-0.097154
25	89	30.7487	-16.2663	27.6295	-0.103059
25	90	30.8085	-16.4297	27.7062	-0.108703
25	91	30.8839	-16.5864	27.7986	-0.114012
25	92	30.9596	-16.7455	27.8923	-0.119371
25	93	31.0443	-16.9051	27.9958	-0.124672
25	94	31.1339	-17.0675	28.1053	-0.130009
25	95	31.2315	-17.2314	28.2237	-0.135317
25	96	31.3348	-17.3974	28.3488	-0.140629
25	97	31.4414	-17.5631	28.478	-0.145866
25	98	31.5504	-17.7282	28.6102	-0.151021
25	99	31.6613	-17.8933	28.7451	-0.156119
25	100	31.7742	-18.0591	28.8827	-0.161183
25	101	31.8897	-18.2261	29.0239	-0.166222
25	102	32.0079	-18.3942	29.1687	-0.171237
25	103	32.1274	-18.5639	29.3157	-0.176246
25	104	32.2506	-18.7319	29.4668	-0.181126
25	105	32.3726	-18.9009	29.6176	-0.185997
25	106	32.492	-19.0724	29.767	-0.190914
25	107	32.6175	-19.2411	29.9226	-0.195653
25	108	32.7414	-19.4138	30.0781	-0.200487
25	109	32.8643	-19.5912	30.2342	-0.205429
25	110	32.9947	-19.7666	30.398	-0.210202
25	111	33.1239	-19.9447	30.5619	-0.215019
25	112	33.2515	-20.1248	30.7252	-0.21986
25	113	33.3828	-20.3029	30.8926	-0.224559
25	114	33.5148	-20.482	31.0615	-0.229235
25	115	33.6533	-20.6583	31.2368	-0.233721
25	116	33.7864	-20.8403	31.4088	-0.238378
25	117	33.9386	-20.9886	31.5918	-0.241803
25	118	34.1168	-21.0878	31.7886	-0.24349
25	119	34.3149	-21.1581	31.9979	-0.24413
25	120	34.5256	-21.2108	32.215	-0.244137
25	121	34.7533	-21.2492	32.4453	-0.243587
25	122	35.0062	-21.2739	32.6967	-0.242455
25	123	35.2949	-21.2851	32.9797	-0.240682
25	124	35.5855	-21.2842	33.2618	-0.238574
25	125	35.8788	-21.2691	33.5433	-0.23607
25	126	36.1725	-21.2364	33.8214	-0.233099
25	127	36.4628	-21.186	34.0923	-0.229693
25	128	36.7473	-21.1208	34.3548	-0.225961
25	129	37.0274	-21.0436	34.6108	-0.221975
25	130	37.3047	-20.9542	34.8618	-0.21772
25	131	37.5789	-20.8501	35.1075	-0.21314
25	132	37.8472	-20.7303	35.3448	-0.208221
25	133	38.1069	-20.5968	35.5718	-0.20304
25	134	38.3583	-20.4527	35.7895	-0.197679
25	135	38.6034	-20.299	36.0001	-0.192154
25	136	38.8432	-20.1336	36.2046	-0.186406
25	137	39.076	-19.9536	36.4007	-0.180361
25	138	39.2976	-19.7584	36.5843	-0.174025
25	139	39.5053	-19.5513	36.7538	-0.167497
25	140	39.7004	-19.3358	36.9111	-0.160859
25	141	39.8855	-19.1126	37.0589	-0.154114
25	142	40.0614	-18.8803	37.1979	-0.147217
25	143	40.226	-18.638	37.3261	-0.14015
25	144	40.3757	-18.3872	37.4404	-0.132957
25	145	40.4884	-18.159	37.5225	-0.126532
26	0	-24.932	-7.36674	28.841	2.93
26	1	-25.0148	-7.16734	28.9644	2.92387
26	2	-25.1052	-6.96697	29.0965	2.91782
26	3	-25.2032	-6.76588	29.2372	2.91185
26	4	-25.3072	-6.56705	29.3843	2.90607
26	5	-25.4155	-6.36955	29.5361	2.90042
26	6	-25.5258	-6.17357	29.6905	2.8949
26	7	-25.6386	-5.97639	29.8484	2.88942
26	8	-25.7553	-5.77933	30.0111	2.88403
26	9	-25.8772	-5.58277	30.1795	2.87876
26	10	-26.0042	-5.38811	30.3531	2.87366
26	11	-26.1349	-5.19826	30.5297	2.86879
26	12	-26.2687	-5.01242	30.7089	2.86414
26	13	-26.4062	-4.82998	30.8915	2.85968
26	14	-26.5506	-4.65251	31.0798	2.85548
26	15	-26.7055	-4.48773	31.2751	2.85183
26	16	-26.8731	-4.33646	31.4791	2.84874
26	17	-27.0534	-4.19935	31.6914	2.84624
26	18	-27.2478	-4.07841	31.9127	2.84439
26	19	-27.4443	-3.98238	32.1287	2.84332
26	20	-27.6441	-3.90951	32.3411	2.84299
26	21	-27.8481	-3.85581	32.5519	2.84325
26	22	-28.055	-3.81469	32.7618	2.84391
26	23	-28.2653	-3.78286	32.9721	2.84486
26	24	-28.4796	-3.75958	33.1839	2.84608
26	25	-28.6975	-3.74539	33.3965	2.84757
26	26	-28.9174	-3.74083	33.6083	2.84934
26	27	-29.1368	-3.74534	33.8172	2.85133
26	28	-29.3542	-3.75735	34.0221	2.8535
26	29	-29.5692	-3.77572	34.2232	2.8558
26	30	-29.7826	-3.80061	34.421	2.85824
26	31	-29.9946	-3.8345	34.6152	2.86089
26	32	-30.2043	-3.88194	34.8037	2.86387
26	33	-30.4066	-3.95036	34.9797	2.86734
26	34	-30.6023	-4.04317	35.1432	2.87139
26	35	-30.7907	-4.15857	35.2943	2.87596
26	36	-30.9736	-4.29855	35.4345	2.88113
26	37	-31.1341	-4.44717	35.5519	2.88633
26	38	-31.2752	-4.60276	35.6496	2.89156
26	39	-31.4012	-4.76486	35.7321	2.89682
26	40	-31.5191	-4.93267	35.8063	2.90217
26	41	-31.6326	-5.10698	35.8758	2.90764
26	42	-31.7414	-5.28855	35.9401	2.91326
26	43	-31.8459	-5.47739	35.9997	2.91902
26	44	-31.9467	-5.67231	36.0556	2.92491
26	45	-32.0425	-5.87012	36.1073	2.93083
26	46	-32.1359	-6.07009	36.1575	2.93678
26	47	-32.2292	-6.27262	36.2082	2.94278
26	48	-32.3238	-6.47864	36.261	2.94887
26	49	-32.4193	-6.68898	36.3151	2.95506
26	50	-32.514	-6.90329	36.3691	2.96133
26	51	-32.6086	-7.11987	36.4241	2.96764
26	52	-32.7006	-7.33644	36.478	2.97393
26	53	-32.7911	-7.55496	36.5315	2.98024
26	54	-32.8821	-7.77383	36.5868	2.98654
26	55	-32.9742	-7.99421	36.6445	2.99287
26	56	-33.0646	-8.21646	36.7017	2.99923
26	57	-33.1508	-8.43986	36.7561	3.00558
26	58	-33.239	-8.66193	36.8141	3.01188
26	59	-33.3291	-8.88479	36.8754	3.01819
26	60	-33.4164	-9.10989	36.935	3.02453
26	61	-33.5047	-9.33801	36.9968	3.03093
26	62	-33.5938	-9.56915	37.0606	3.03739
26	63	-33.6808	-9.79946	37.124	3.04381
26	64	-33.7662	-10.028	37.1874	3.05015
26	65	-33.8504	-10.2559	37.2512	3.05645
26	66	-33.9353	-10.4862	37.3169	3.06279
26	67	-34.0145	-10.7209	37.3782	3.06921
26	68	-34.0596	-10.951	37.4073	3.07544
26	69	-34.0467	-11.1709	37.3805	3.08129
26	70	-33.984	-11.3885	37.3054	3.087
26	71	-33.8938	-11.6029	37.2042	3.09263
26	72	-33.7787	-11.8201	37.0792	3.09833
26	73	-33.6349	-12.0476	36.9264	3.10431
26	74	-33.4551	-12.2949	36.7383	3.11086
26	75	-33.2599	-12.5348	36.5365	3.11726
26	76	-33.0467	-12.7635	36.3185	3.12341
26	77	-32.8174	-12.9754	36.086	3.12917
26	78	-32.5778	-13.1698	35.8445	3.1345
26	79	-32.3304	-13.3502	35.5963	3.13952
26	80	-32.0737	-13.5189	35.3397	-3.1389
26	81	-31.8055	-13.6739	35.0722	-3.13446
26	82	-31.527	-13.8112	34.795	-3.13046
26	83	-31.2428	-13.9302	34.5124	-3.12692
26	84	-30.9546	-14.034	34.2259	-3.12377
26	85	-30.6606	-14.1238	33.9336	-3.12096
26	86	-30.3587	-14.197	33.6334	-3.1186
26	87	-30.0512	-14.2488	33.3272	-3.11684
26	88	-29.7439	-14.2778	33.0208	-3.11573
26	89	-29.4744	-14.2791	32.7514	-3.11548
26	90	-29.2318	-14.2587	32.5084	-3.11591
26	91	-29.0071	-14.2214	32.2828	-3.11688
26	92	-28.7923	-14.1677	32.0668	-3.11839
26	93	-28.5853	-14.092	31.8581	-3.12062
26	94	-28.3934	-13.9707	31.664	-3.12432
26	95	-28.209	-13.7977	31.4771	-3.12972
26	96	-28.0352	-13.6143	31.3017	-3.13551
26	97	-27.8667	-13.4294	31.1326	-3.14142
26	98	-27.7012	-13.2464	30.9675	3.13586
26	99	-27.5368	-13.0645	30.8048	3.12993
26	100	-27.3734	-12.8821	30.644	3.12391
26	101	-27.2123	-12.6985	30.4867	3.1178
26	102	-27.055	-12.515	30.3345	3.11163
26	103	-26.9018	-12.3337	30.1873	3.10547
26	104	-26.751	-12.1549	30.0437	3.09934
26	105	-26.6013	-11.9773	29.9021	3.0932
26	106	-26.4517	-11.7991	29.7619	3.08697
26	107	-26.3028	-11.6194	29.6236	3.08064
26	108	-26.1558	-11.4387	29.4886	3.07422
26	109	-26.0114	-11.2581	29.3573	3.06775
26	110	-25.8691	-11.0783	29.2292	3.06126
26	111	-25.7281	-10.8982	29.1037	3.0547
26	112	-25.5884	-10.7159	28.9811	3.04802
26	113	-25.4522	-10.5324	28.8633	3.04125
26	114	-25.3218	-10.3462	28.7528	3.03435
26	115	-25.1999	-10.1603	28.6522	3.02744
26	116	-25.0867	-9.97464	28.5615	3.02053
26	117	-24.9801	-9.79141	28.4786	3.01369
26	118	-24.8803	-9.60771	28.4036	3.00683
26	119	-24.7875	-9.42058	28.3375	2.99985
26	120	-24.708	-9.22427	28.2873	2.99258
26	121	-24.6481	-9.01307	28.2603	2.98487
26	122	-24.6122	-8.78495	28.2614	2.9767
26	123	-24.6026	-8.56594	28.2887	2.96901
26	124	-24.6174	-8.35474	28.3403	2.96176
26	125	-24.6587	-8.15316	28.4175	2.95504
26	126	-24.7182	-7.95664	28.513	2.94865
26	127	-24.7846	-7.76174	28.6162	2.94241
26	128	-24.8562	-7.56603	28.7256	2.93623
32	0	33.285	-21.8685	31.1843	-0.27422
32	1	33.2911	-21.7059	31.1465	-0.269143
32	2	33.3084	-21.5509	31.1224	-0.264193
32	3	33.2838	-21.4095	31.062	-0.260005
32	4	33.2148	-21.2686	30.9594	-0.256182
32	5	33.1557	-21.1181	30.8643	-0.251948
32	6	33.083	-20.9662	30.7563	-0.247756
32	7	33.0037	-20.8115	30.6418	-0.243495
32	8	32.9156	-20.6547	30.5187	-0.239207
32	9	32.8227	-20.494	30.3907	-0.234792
32	10	32.7224	-20.332	30.2558	-0.230357
32	11	32.6183	-20.1685	30.1174	-0.22586
32	12	32.5101	-20.0056	29.9758	-0.22137
32	13	32.3996	-19.843	29.8325	-0.21687
32	14	32.2874	-19.6805	29.6883	-0.212335
32	15	32.1739	-19.5172	29.5433	-0.207743
32	16	32.0588	-19.3528	29.397	-0.203078
32	17	31.9417	-19.1875	29.2493	-0.198351
32	18	31.8224	-19.0222	29.1002	-0.193588
32	19	31.7017	-18.857	28.9503	-0.18879
32	20	31.58	-18.6917	28.8	-0.183945
32	21	31.4575	-18.5258	28.6496	-0.179034
32	22	31.3337	-18.3587	28.4984	-0.174038
32	23	31.2074	-18.1909	28.3453	-0.168979
32	24	31.078	-18.0233	28.19	-0.163891
32	25	30.9453	-17.8582	28.0324	-0.158853
32	26	30.8111	-17.6936	27.8742	-0.153784
32	27	30.6751	-17.5315	27.7153	-0.148756
32	28	30.5384	-17.3713	27.5568	-0.143741
32	29	30.3976	-17.216	27.3955	-0.138867
32	30	30.2534	-17.0651	27.2321	-0.134113
32	31	30.0991	-16.9304	27.0614	-0.129943
32	32	29.9352	-16.8075	26.8832	-0.126198
32	33	29.7576	-16.7012	26.6938	-0.123086
32	34	29.5694	-16.6045	26.4951	-0.120337
32	35	29.3794	-16.5371	26.2985	-0.118657
32	36	29.193	-16.4805	26.1068	-0.117352
32	37	29.0042	-16.45	25.9157	-0.117037
32	38	28.8149	-16.4247	25.7247	-0.116917
32	39	28.6232	-16.4159	25.5333	-0.117452
32	40	28.43	-16.4079	25.3405	-0.118032
32	41	28.2347	-16.4096	25.1468	-0.119013
32	42	28.0375	-16.4151	24.9516	-0.120171
32	43	27.8389	-16.4289	24.7561	-0.121684
32	44	27.6414	-16.4479	24.5625	-0.123427
32	45	27.4459	-16.4729	24.3716	-0.125434
32	46	27.2523	-16.5029	24.1833	-0.127669
32	47	27.0606	-16.5353	23.9973	-0.130025
32	48	26.8718	-16.578	23.8157	-0.132827
32	49	26.6839	-16.6234	23.6356	-0.135787
32	50	26.5043	-16.6947	23.4676	-0.139831
32	51	26.3239	-16.7721	23.2999	-0.144201
32	52	26.1538	-16.8814	23.1476	-0.149929
32	53	25.987	-16.9952	23.0002	-0.155904
32	54	25.8478	-17.133	22.8845	-0.162797
32	55	25.7157	-17.2729	22.7775	-0.169801
32	56	25.6104	-17.4337	22.7015	-0.177564
32	57	25.5069	-17.5952	22.6289	-0.185398
32	58	25.4186	-17.7654	22.5742	-0.193527
32	59	25.3307	-17.9351	22.5213	-0.201672
32	60	25.2495	-18.1079	22.4772	-0.209929
32	61	25.1722	-18.2834	22.4389	-0.218297
32	62	25.0993	-18.4611	22.407	-0.226742
32	63	25.0341	-18.644	22.3855	-0.23536
32	64	24.9738	-18.8287	22.3707	-0.244017
32	65	24.9212	-19.0136	22.3651	-0.252607
32	66	24.8709	-19.1952	22.3626	-0.261034
32	67	24.8279	-19.3783	22.3691	-0.269437
32	68	24.7857	-19.5601	22.3776	-0.277771
32	69	24.7496	-19.7411	22.3933	-0.285988
32	70	24.7157	-19.9254	22.4136	-0.294302
32	71	24.6889	-20.112	22.4428	-0.302604
32	72	24.6653	-20.2982	22.4766	-0.310826
32	73	24.6503	-20.4825	22.5194	-0.318823
32	74	24.6389	-20.6681	22.5674	-0.326789
32	75	24.6379	-20.8529	22.6264	-0.334538
32	76	24.6413	-21.0352	22.6902	-0.342077
32	77	24.6486	-21.2145	22.7578	-0.349395
32	78	24.6641	-21.3907	22.8332	-0.356414
32	79	24.6857	-21.5662	22.9153	-0.36326
32	80	24.7131	-21.7414	23.0036	-0.369955
32	81	24.7468	-21.9173	23.0992	-0.376528
32	82	24.809	-22.0885	23.2203	-0.382399
32	83	24.8827	-22.2658	23.3552	-0.388267
32	84	24.9872	-22.4384	23.5177	-0.393378
32	85	25.1037	-22.6084	23.6907	-0.39812
32	86	25.2351	-22.7636	23.8721	-0.401977
32	87	25.3733	-22.9117	24.0574	-0.405395
32	88	25.5239	-23.0502	24.2506	-0.408195
32	89	25.6806	-23.1856	24.4482	-0.410732
32	90	25.8438	-23.3161	24.65	-0.412945
32	91	26.0107	-23.4439	24.8542	-0.414959
32	92	26.1796	-23.5683	25.0589	-0.416784
32	93	26.3505	-23.6887	25.264	-0.418405
32	94	26.5215	-23.8056	25.4678	-0.41987
32	95	26.6913	-23.9202	25.6696	-0.421251
32	96	26.86	-24.0328	25.8695	-0.422557
32	97	27.0281	-24.1432	26.0682	-0.423775
32	98	27.1958	-24.2515	26.2656	-0.424906
32	99	27.3625	-24.357	26.461	-0.425941
32	100	27.5314	-24.4615	26.658	-0.426896
32	101	27.7017	-24.5632	26.8551	-0.427717
32	102	27.8712	-24.6632	27.0508	-0.42848
32	103	28.0408	-24.7596	27.2452	-0.429113
32	104	28.2091	-24.8554	27.4381	-0.429735
32	105	28.378	-24.9478	27.6301	-0.43023
32	106	28.5463	-25.0387	27.8209	-0.430677
32	107	28.7152	-25.1239	28.01	-0.430923
32	108	28.8827	-25.2046	28.1959	-0.431041
32	109	29.049	-25.2777	28.3776	-0.430934
32	110	29.211	-25.3431	28.552	-0.430643
32	111	29.3704	-25.396	28.719	-0.43
32	112	29.5207	-25.456	28.8806	-0.429719
32	113	29.6702	-25.4658	29.0207	-0.42788
32	114	29.8302	-25.4327	29.1526	-0.42457
32	115	29.998	-25.4052	29.2945	-0.421356
32	116	30.1746	-25.3563	29.4358	-0.417384
32	117	30.3663	-25.2842	29.5822	-0.412529
32	118	30.5819	-25.1887	29.7419	-0.406682
32	119	30.8278	-25.0611	29.918	-0.399515
32	120	31.0675	-24.9188	30.0844	-0.392058
32	121	31.2972	-24.7625	30.2378	-0.384376
32	122	31.5165	-24.5953	30.3793	-0.37657
32	123	31.7266	-24.4189	30.5107	-0.368659
32	124	31.9286	-24.2325	30.633	-0.360606
32	125	32.1218	-24.0348	30.7451	-0.352373
32	126	32.3037	-23.8258	30.8448	-0.343979
32	127	32.4728	-23.6077	30.9315	-0.335498
32	128	32.6297	-23.383	31.0067	-0.326987
32	129	32.7762	-23.1521	31.0725	-0.318438
32	130	32.9128	-22.9144	31.129	-0.309812
32	131	33.0381	-22.6692	31.1747	-0.301092
32	132	33.1392	-22.4364	31.2033	-0.293007
32	133	33.2108	-22.2283	31.2125	-0.285961
32	134	33.2577	-22.0408	31.2052	-0.279773
33	0	-17.9127	-13.4888	21.1787	-3.13852
33	1	-17.9476	-13.2893	21.2138	3.13525
33	2	-17.9838	-13.0939	21.2522	3.12607
33	3	-18.034	-12.9082	21.3061	3.11739
33	4	-18.085	-12.7245	21.3623	3.10885
33	5	-18.1553	-12.5487	21.439	3.10076
33	6	-18.2342	-12.3717	21.5257	3.09269
33	7	-18.3418	-12.1952	21.6426	3.08479
33	8	-18.485	-12.0101	21.7968	3.07669
33	9	-18.6881	-11.8228	22.0122	3.06879
33	10	-18.8259	-11.6093	22.1661	3.05964
33	11	-18.925	-11.3985	22.2831	3.05058
33	12	-19.0307	-11.2024	22.4069	3.04229
33	13	-19.1406	-11.0167	22.5353	3.03457
33	14	-19.2588	-10.8385	22.6725	3.02731
33	15	-19.3869	-10.666	22.82	3.02044
33	16	-19.5295	-10.4997	22.9822	3.01401
33	17	-19.68	-10.354	23.1503	3.00859
33	18	-19.8404	-10.2267	23.3264	3.0041
33	19	-20.0115	-10.1203	23.5106	3.00061
33	20	-20.1928	-10.0316	23.7026	2.99798
33	21	-20.3792	-9.95578	23.898	2.99596
33	22	-20.5678	-9.88778	24.0946	2.9943
33	23	-20.7581	-9.82616	24.2918	2.99294
33	24	-20.9494	-9.76821	24.4896	2.99176
33	25	-21.1425	-9.71495	24.6885	2.99079
33	26	-21.3372	-9.66555	24.8884	2.99001
33	27	-21.5333	-9.62167	25.0889	2.98946
33	28	-21.7297	-9.58323	25.2889	2.98913
33	29	-21.9253	-9.54969	25.4873	2.989
33	30	-22.1196	-9.52153	25.6836	2.98906
33	31	-22.3127	-9.49662	25.8783	2.98925
33	32	-22.5059	-9.47806	26.072	2.98967
33	33	-22.6998	-9.46448	26.2658	2.99027
33	34	-22.8956	-9.46326	26.4595	2.99134
33	35	-23.0932	-9.47807	26.6527	2.993
33	36	-23.2922	-9.51999	26.8434	2.99564
33	37	-23.4943	-9.59466	27.0327	2.99946
33	38	-23.6988	-9.69838	27.2208	3.0043
33	39	-23.8883	-9.81733	27.3926	3.00955
33	40	-24.066	-9.94791	27.552	3.0151
33	41	-24.2336	-10.0893	27.7009	3.02092
33	42	-24.3943	-10.2411	27.8427	3.02703
33	43	-24.5505	-10.4	27.9802	3.03331
33	44	-24.7047	-10.5633	28.1164	3.03967
33	45	-24.8583	-10.729	28.2529	3.04606
33	46	-25.0109	-10.8976	28.3893	3.05249
33	47	-25.1617	-11.0671	28.5251	3.05888
33	48	-25.3081	-11.2372	28.6574	3.06521
33	49	-25.4523	-11.4047	28.7891	3.0714
33	50	-25.5964	-11.5683	28.9218	3.07739
33	51	-25.7378	-11.7374	29.0526	3.08351
33	52	-25.8816	-11.9075	29.1869	3.08961
33	53	-26.0272	-12.0778	29.3239	3.09567
33	54	-26.1689	-12.2513	29.4581	3.10178
33	55	-26.3113	-12.4232	29.594	3.10777
33	56	-26.4546	-12.5935	29.732	3.11366
33	57	-26.5955	-12.7654	29.8686	3.11955
33	58	-26.7354	-12.9383	30.0051	3.12541
33	59	-26.874	-13.1117	30.1415	3.13124
33	60	-27.0111	-13.2838	30.2773	3.13697
33	61	-27.1448	-13.4539	30.4107	-3.1406
33	62	-27.2746	-13.6211	30.5411	-3.13513
33	63	-27.4012	-13.7848	30.6692	-3.12982
33	64	-27.525	-13.9453	30.7952	-3.12466
33	65	-27.6456	-14.1037	30.9189	-3.1196
33	66	-27.7627	-14.2604	31.0398	-3.11464
33	67	-27.8715	-14.4187	31.1532	-3.10965
33	68	-27.9793	-14.5727	31.2663	-3.10484
33	69	-28.07	-14.731	31.3631	-3.0999
33	70	-28.1092	-14.9053	31.41	-3.09441
33	71	-28.1295	-15.0934	31.4397	-3.08846
33	72	-28.1185	-15.2922	31.4399	-3.08213
33	73	-28.103	-15.5077	31.438	-3.07526
33	74	-28.069	-15.7483	31.4209	-3.06755
33	75	-28.0205	-16.0254	31.3943	-3.05863
33	76	-27.9601	-16.3025	31.3583	-3.04966
33	77	-27.8861	-16.5788	31.3113	-3.04066
33	78	-27.7968	-16.8512	31.2512	-3.0317
33	79	-27.6942	-17.117	31.1795	-3.02287
33	80	-27.5809	-17.3761	31.0989	-3.01416
33	81	-27.4584	-17.6303	31.0108	-3.00553
33	82	-27.3254	-17.8807	30.9142	-2.99692
33	83	-27.1795	-18.1266	30.8064	-2.98834
33	84	-27.0197	-18.3649	30.686	-2.97987
33	85	-26.8479	-18.5931	30.5542	-2.97159
33	86	-26.6671	-18.8112	30.4139	-2.96352
33	87	-26.4785	-19.0212	30.2664	-2.95558
33	88	-26.281	-19.2241	30.1107	-2.94775
33	89	-26.073	-19.4186	29.945	-2.94004
33	90	-25.8548	-19.6022	29.7688	-2.93253
33	91	-25.629	-19.7735	29.5843	-2.92528
33	92	-25.3982	-19.9327	29.3938	-2.91831
33	93	-25.1931	-20.0572	29.2218	-2.9126
33	94	-25.0057	-20.1532	29.0613	-2.90792
33	95	-24.8287	-20.2248	28.9059	-2.90409
33	96	-24.6561	-20.2732	28.7497	-2.90104
33	97	-24.4947	-20.33	28.6067	-2.89777
33	98	-24.3372	-20.3375	28.4557	-2.89617
33	99	-24.1715	-20.2972	28.2852	-2.89614
33	100	-23.9992	-20.2668	28.1106	-2.89569
33	101	-23.824	-20.226	27.9308	-2.89558
33	102	-23.6477	-20.1752	27.7474	-2.89581
33	103	-23.4686	-20.1225	27.5609	-2.89609
33	104	-23.2881	-20.0641	27.3716	-2.89655
33	105	-23.1049	-20.0036	27.1792	-2.89708
33	106	-22.9197	-19.938	26.9836	-2.89777
33	107	-22.7312	-19.8696	26.7842	-2.89855
33	108	-22.5394	-19.7987	26.5809	-2.89941
33	109	-22.3449	-19.7255	26.3746	-2.90033
33	110	-22.1496	-19.6489	26.1667	-2.90139
33	111	-21.9543	-19.571	25.9585	-2.90252
33	112	-21.7596	-19.492	25.7506	-2.90371
33	113	-21.5649	-19.4129	25.5427	-2.90492
33	114	-21.3701	-19.3329	25.3347	-2.90618
33	115	-21.1753	-19.2514	25.1262	-2.90753
33	116	-20.9814	-19.1669	24.9181	-2.90902
33	117	-20.7871	-19.0802	24.7091	-2.91063
33	118	-20.5924	-18.9909	24.4991	-2.91236
33	119	-20.3981	-18.9001	24.2893	-2.91418
33	120	-20.2053	-18.8068	24.0805	-2.91615
33	121	-20.0137	-18.7113	23.8725	-2.91825
33	122	-19.8246	-18.6103	23.6658	-2.92064
33	123	-19.6428	-18.5023	23.4647	-2.92344
33	124	-19.4752	-18.379	23.2746	-2.92705
33	125	-19.3167	-18.2449	23.0914	-2.93127
33	126	-19.1725	-18.0936	22.9191	-2.93641
33	127	-19.0445	-17.9477	22.7643	-2.94154
33	128	-18.9393	-17.799	22.632	-2.94705
33	129	-18.8444	-17.6507	22.5106	-2.9527
33	130	-18.7515	-17.4967	22.3909	-2.95868
33	131	-18.6593	-17.3316	22.2706	-2.96521
33	132	-18.5692	-17.1452	22.1499	-2.97279
33	133	-18.4426	-16.9369	21.9909	-2.98116
33	134	-18.2571	-16.7237	21.7744	-2.98946
33	135	-18.1339	-16.5112	21.6213	-2.99831
33	136	-18.0502	-16.2953	21.5086	-3.00769
33	137	-17.992	-16.0762	21.4227	-3.01746
33	138	-17.9481	-15.8557	21.3529	-3.02746
33	139	-17.9121	-15.6359	21.2932	-3.03752
33	140	-17.8833	-15.4152	21.2426	-3.04771
33	141	-17.8609	-15.1946	21.2008	-3.05797
33	142	-17.8464	-14.9733	21.169	-3.06833
33	143	-17.8392	-14.7537	21.1469	-3.07866
33	144	-17.8396	-14.5355	21.1347	-3.08897
33	145	-17.8451	-14.3201	21.1299	-3.09916
33	146	-17.8553	-14.1089	21.1322	-3.10917
33	147	-17.869	-13.899	21.1401	-3.11912
33	148	-17.8897	-13.6917	21.1573	-3.12893
38	0	29.4975	-28.3607	30.1862	-0.517632
38	1	29.5056	-28.0639	30.0476	-0.508914
38	2	29.4978	-27.7696	29.8985	-0.500446
38	3	29.4775	-27.4791	29.7423	-0.4922
38	4	29.4463	-27.1912	29.5797	-0.484124
38	5	29.4034	-26.9404	29.4257	-0.477259
38	6	29.3479	-26.7161	29.2738	-0.471324
38	7	29.2793	-26.51	29.1196	-0.466086
38	8	29.1974	-26.3171	28.96	-0.461407
38	9	29.0963	-26.1366	28.7894	-0.457358
38	10	28.9562	-25.983	28.5959	-0.454702
38	11	28.7704	-25.8489	28.3701	-0.453331
38	12	28.5774	-25.727	28.1433	-0.452441
38	13	28.3885	-25.6046	27.9198	-0.451454
38	14	28.1969	-25.4888	27.6969	-0.450711
38	15	28.0075	-25.3704	27.4748	-0.449833
38	16	27.8194	-25.2489	27.2527	-0.448821
38	17	27.6277	-25.1338	27.03	-0.448062
38	18	27.4384	-25.0175	26.8091	-0.44721
38	19	27.2525	-24.9002	26.5908	-0.446258
38	20	27.0654	-24.79	26.3744	-0.445547
38	21	26.8814	-24.6779	26.1601	-0.444712
38	22	26.6982	-24.5646	25.946	-0.443807
38	23	26.5121	-24.4538	25.7303	-0.443026
38	24	26.3266	-24.3439	25.5157	-0.442251
38	25	26.1416	-24.2353	25.3019	-0.441501
38	26	25.9593	-24.1309	25.0925	-0.440845
38	27	25.7807	-24.0305	24.8882	-0.440258
38	28	25.6047	-23.9355	24.6885	-0.439814
38	29	25.431	-23.8445	24.4926	-0.439471
38	30	25.2596	-23.7583	24.3008	-0.439263
38	31	25.0897	-23.6747	24.1114	-0.439123
38	32	24.9173	-23.5988	23.9232	-0.439314
38	33	24.7428	-23.5262	23.7343	-0.439672
38	34	24.5585	-23.4737	23.5452	-0.440988
38	35	24.3654	-23.4314	23.3526	-0.442878
38	36	24.1615	-23.4151	23.1615	-0.446015
38	37	23.9682	-23.4078	22.9841	-0.449354
38	38	23.7815	-23.4254	22.8237	-0.453603
38	39	23.6004	-23.4474	22.6708	-0.457978
38	40	23.4224	-23.4879	22.5293	-0.463083
38	41	23.2441	-23.5317	22.3898	-0.468388
38	42	23.0649	-23.5806	22.2522	-0.473984
38	43	22.8837	-23.6337	22.1156	-0.47986
38	44	22.7002	-23.6947	21.9815	-0.48618
38	45	22.5131	-23.7585	21.8463	-0.492763
38	46	22.3266	-23.8323	21.7175	-0.499818
38	47	22.1405	-23.91	21.592	-0.507106
38	48	21.9584	-23.9951	21.4747	-0.514689
38	49	21.7746	-24.0816	21.358	-0.522451
38	50	21.5911	-24.173	21.2453	-0.530491
38	51	21.4072	-24.2679	21.1353	-0.538765
38	52	21.2252	-24.3699	21.0323	-0.547367
38	53	21.0434	-24.4778	20.934	-0.556289
38	54	20.8651	-24.5939	20.8448	-0.565534
38	55	20.6926	-24.7167	20.7659	-0.574979
38	56	20.5307	-24.8491	20.7029	-0.5846
38	57	20.3823	-24.9924	20.6593	-0.594349
38	58	20.2474	-25.1497	20.6366	-0.604324
38	59	20.1225	-25.3207	20.6321	-0.614582
38	60	20.0172	-25.4961	20.6482	-0.624465
38	61	19.926	-25.6765	20.6807	-0.634119
38	62	19.8507	-25.8649	20.7325	-0.643592
38	63	19.7891	-26.0622	20.8026	-0.652955
38	64	19.7384	-26.2656	20.8868	-0.662166
38	65	19.6961	-26.4717	20.9809	-0.671153
38	66	19.6601	-26.6776	21.0816	-0.679863
38	67	19.6302	-26.8837	21.1887	-0.688317
38	68	19.6037	-27.0884	21.299	-0.696529
38	69	19.5791	-27.2908	21.4106	-0.70452
38	70	19.5567	-27.4944	21.5261	-0.712399
38	71	19.5371	-27.6978	21.6449	-0.7201
38	72	19.5189	-27.8988	21.7643	-0.727597
38	73	19.5053	-28.1002	21.8887	-0.734881
38	74	19.4943	-28.2987	22.0142	-0.741904
38	75	19.488	-28.4989	22.1453	-0.748759
38	76	19.4845	-28.6982	22.2789	-0.755423
38	77	19.4838	-28.8952	22.4139	-0.76184
38	78	19.4849	-29.0888	22.5489	-0.76802
38	79	19.4936	-29.2836	22.6908	-0.773929
38	80	19.5051	-29.4773	22.8348	-0.779643
38	81	19.5263	-29.6674	22.9838	-0.784878
38	82	19.5489	-29.8565	23.1338	-0.789971
38	83	19.5822	-30.0421	23.2893	-0.794562
38	84	19.6165	-30.2258	23.4446	-0.799007
38	85	19.6657	-30.4054	23.6078	-0.80282
38	86	19.7254	-30.5869	23.78	-0.806319
38	87	19.809	-30.7677	23.9684	-0.809021
38	88	19.9101	-30.9542	24.1732	-0.811321
38	89	20.0271	-31.1267	24.3789	-0.812711
38	90	20.1566	-31.2898	24.5863	-0.813448
38	91	20.3046	-31.4397	24.797	-0.813262
38	92	20.4699	-31.58	25.0125	-0.812318
38	93	20.6442	-31.7107	25.2273	-0.810864
38	94	20.8218	-31.8352	25.4399	-0.809175
38	95	20.9996	-31.9555	25.6497	-0.807393
38	96	21.1783	-32.0732	25.8584	-0.80555
38	97	21.3579	-32.1897	26.0668	-0.803678
38	98	21.5388	-32.3058	26.276	-0.801785
38	99	21.7217	-32.421	26.4861	-0.799848
38	100	21.9063	-32.5342	26.696	-0.797844
38	101	22.0906	-32.6459	26.9046	-0.795839
38	102	22.2736	-32.7545	27.1103	-0.793818
38	103	22.4554	-32.8592	27.3124	-0.791761
38	104	22.6357	-32.9612	27.5118	-0.789703
38	105	22.814	-33.0633	27.7099	-0.787729
38	106	22.9922	-33.1639	27.907	-0.785744
38	107	23.1703	-33.2642	28.1038	-0.783785
38	108	23.3487	-33.3619	28.2992	-0.781779
38	109	23.5264	-33.4565	28.4921	-0.779741
38	110	23.7033	-33.5453	28.6803	-0.777605
38	111	23.8771	-33.6304	28.864	-0.775482
38	112	24.0486	-33.7102	29.0424	-0.773311
38	113	24.2175	-33.7866	29.2167	-0.771143
38	114	24.3856	-33.8581	29.3871	-0.768903
38	115	24.5559	-33.9186	29.5516	-0.766365
38	116	24.7213	-33.9844	29.7165	-0.764102
38	117	24.8878	-34.0212	29.8624	-0.761135
38	118	25.0667	-33.9962	29.975	-0.756413
38	119	25.2541	-33.969	30.093	-0.751483
38	120	25.4486	-33.9058	30.1925	-0.745555
38	121	25.6601	-33.8309	30.2977	-0.739
38	122	25.8903	-33.7241	30.3968	-0.731304
38	123	26.1494	-33.5883	30.5002	-0.722317
38	124	26.4025	-33.443	30.5953	-0.713286
38	125	26.6516	-33.2897	30.6846	-0.704193
38	126	26.897	-33.1253	30.7665	-0.694957
38	127	27.1362	-32.9465	30.8371	-0.685537
38	128	27.3647	-32.7527	30.8927	-0.675999
38	129	27.5798	-32.5476	30.9336	-0.666473
38	130	27.783	-32.3348	30.9631	-0.657015
38	131	27.977	-32.1152	30.984	-0.647579
38	132	28.1629	-31.8873	30.9962	-0.638097
38	133	28.3388	-31.6494	30.9972	-0.62855
38	134	28.502	-31.4023	30.9853	-0.619005
38	135	28.6516	-31.1493	30.9617	-0.609544
38	136	28.79	-30.8923	30.9295	-0.600172
38	137	28.9192	-30.6311	30.8899	-0.590831
38	138	29.0391	-30.3634	30.8417	-0.581458
38	139	29.1469	-30.0879	30.7818	-0.572055
38	140	29.2393	-29.806	30.7082	-0.562704
38	141	29.316	-29.5211	30.6224	-0.5535
38	142	29.3793	-29.2352	30.5273	-0.544443
38	143	29.4316	-28.9476	30.4242	-0.535467
38	144	29.472	-28.6562	30.3115	-0.526519
39	0	-15.3349	-24.0388	21.4165	-2.62302
39	1	-15.3248	-23.8166	21.2984	-2.63184
39	2	-15.3189	-23.5939	21.1854	-2.64088
39	3	-15.317	-23.3711	21.0777	-2.65011
39	4	-15.3197	-23.1498	20.9765	-2.65948
39	5	-15.3274	-22.9321	20.8833	-2.66888
39	6	-15.3429	-22.7154	20.7994	-2.6785
39	7	-15.3652	-22.5017	20.7249	-2.6882
39	8	-15.3927	-22.2916	20.6586	-2.69793
39	9	-15.4244	-22.0847	20.5994	-2.70766
39	10	-15.4606	-21.8802	20.5472	-2.71744
39	11	-15.5035	-21.6774	20.5038	-2.72731
39	12	-15.5595	-21.4759	20.4751	-2.73742
39	13	-15.6323	-21.2765	20.4647	-2.74778
39	14	-15.7255	-21.0777	20.4756	-2.75849
39	15	-15.8364	-20.8893	20.5092	-2.76903
39	16	-15.9596	-20.719	20.563	-2.77892
39	17	-16.0951	-20.5641	20.6356	-2.78827
39	18	-16.2425	-20.4216	20.7254	-2.79719
39	19	-16.3967	-20.2857	20.8254	-2.80583
39	20	-16.5569	-20.1547	20.9343	-2.81426
39	21	-16.7229	-20.0277	21.0513	-2.8225
39	22	-16.895	-19.9061	21.1773	-2.83051
39	23	-17.0714	-19.7899	21.3103	-2.83823
39	24	-17.2514	-19.6804	21.45	-2.84561
39	25	-17.4339	-19.5769	21.5949	-2.85266
39	26	-17.6191	-19.4804	21.7454	-2.85934
39	27	-17.8074	-19.3913	21.9018	-2.86564
39	28	-18	-19.3135	22.0664	-2.87141
39	29	-18.1984	-19.2507	22.2411	-2.87651
39	30	-18.406	-19.207	22.4301	-2.88082
39	31	-18.6228	-19.182	22.6334	-2.88436
39	32	-18.831	-19.1796	22.8342	-2.88678
39	33	-19.03	-19.1944	23.0305	-2.88833
39	34	-19.2239	-19.2277	23.2265	-2.88904
39	35	-19.4157	-19.2681	23.4224	-2.88941
39	36	-19.6064	-19.3181	23.6195	-2.88938
39	37	-19.7996	-19.3697	23.8195	-2.88931
39	38	-19.9945	-19.428	24.0227	-2.88898
39	39	-20.1916	-19.4892	24.2289	-2.88857
39	40	-20.3914	-19.556	24.439	-2.88797
39	41	-20.5949	-19.6256	24.6536	-2.8873
39	42	-20.7985	-19.6994	24.8691	-2.88649
39	43	-21.0016	-19.7759	25.085	-2.88558
39	44	-21.205	-19.8529	25.3012	-2.88468
39	45	-21.4089	-19.9314	25.5185	-2.88373
39	46	-21.6143	-20.0122	25.7377	-2.88273
39	47	-21.822	-20.0954	25.9598	-2.88168
39	48	-22.0328	-20.1786	26.1849	-2.88068
39	49	-22.2447	-20.2647	26.4118	-2.8796
39	50	-22.4566	-20.3542	26.6397	-2.87841
39	51	-22.6694	-20.4456	26.869	-2.87719
39	52	-22.8848	-20.5378	27.101	-2.87598
39	53	-23.1035	-20.6324	27.3369	-2.87474
39	54	-23.3252	-20.7297	27.5764	-2.87346
39	55	-23.5482	-20.8298	27.818	-2.87211
39	56	-23.7683	-20.9348	28.0581	-2.8706
39	57	-23.9761	-21.0519	28.2897	-2.86857
39	58	-24.14	-21.2007	28.4879	-2.86509
39	59	-24.2685	-21.3904	28.6637	-2.85995
39	60	-24.3793	-21.5994	28.8287	-2.85406
39	61	-24.4801	-21.8309	28.9916	-2.84738
39	62	-24.5727	-22.0951	29.1577	-2.83964
39	63	-24.6564	-22.4038	29.3307	-2.83043
39	64	-24.722	-22.7183	29.4907	-2.82096
39	65	-24.7702	-23.0335	29.6372	-2.81138
39	66	-24.8045	-23.3477	29.773	-2.80177
39	67	-24.8271	-23.6626	29.9005	-2.79209
39	68	-24.8365	-23.9797	30.0194	-2.78228
39	69	-24.8304	-24.2978	30.127	-2.77232
39	70	-24.8089	-24.6138	30.2226	-2.76231
39	71	-24.7748	-24.9269	30.3084	-2.7523
39	72	-24.7291	-25.2387	30.3859	-2.74224
39	73	-24.6695	-25.5506	30.4539	-2.73204
39	74	-24.5928	-25.861	30.5087	-2.72171
39	75	-24.4989	-26.1655	30.5488	-2.71135
39	76	-24.3915	-26.4625	30.5767	-2.70106
39	77	-24.2731	-26.7541	30.5955	-2.69079
39	78	-24.1424	-27.0417	30.6048	-2.68046
39	79	-23.997	-27.3243	30.602	-2.67008
39	80	-23.8371	-27.5985	30.5858	-2.65972
39	81	-23.6658	-27.8629	30.5581	-2.64946
39	82	-23.4851	-28.1194	30.5216	-2.63925
39	83	-23.2937	-28.3693	30.4758	-2.62904
39	84	-23.0894	-28.6115	30.4181	-2.61881
39	85	-22.8726	-28.8423	30.3471	-2.60865
39	86	-22.6467	-29.0606	30.265	-2.59864
39	87	-22.4141	-29.2677	30.1742	-2.58879
39	88	-22.2002	-29.4377	30.0826	-2.58024
39	89	-21.9967	-29.5784	29.9861	-2.57266
39	90	-21.796	-29.6948	29.8804	-2.56576
39	91	-21.5905	-29.7835	29.7569	-2.5595
39	92	-21.3808	-29.8165	29.6003	-2.55467
39	93	-21.1568	-29.7925	29.4007	-2.55113
39	94	-20.9306	-29.7432	29.1854	-2.54822
39	95	-20.7077	-29.6884	28.97	-2.54549
39	96	-20.4876	-29.634	28.7574	-2.54275
39	97	-20.2686	-29.5784	28.5454	-2.54004
39	98	-20.0498	-29.5216	28.333	-2.53732
39	99	-19.8309	-29.4624	28.1193	-2.53463
39	100	-19.6128	-29.4002	27.9047	-2.532
39	101	-19.3968	-29.335	27.6905	-2.52947
39	102	-19.1838	-29.268	27.4776	-2.52701
39	103	-18.9731	-29.2	27.2664	-2.52459
39	104	-18.7635	-29.1312	27.0557	-2.52218
39	105	-18.5554	-29.0628	26.8466	-2.51976
39	106	-18.3483	-28.9925	26.6374	-2.51737
39	107	-18.1448	-28.9201	26.43	-2.5151
39	108	-17.9463	-28.8438	26.2245	-2.51301
39	109	-17.753	-28.7642	26.0214	-2.51112
39	110	-17.5664	-28.6827	25.8227	-2.50941
39	111	-17.3847	-28.6	25.6273	-2.50782
39	112	-17.2071	-28.5131	25.4327	-2.50644
39	113	-17.0317	-28.4227	25.2379	-2.5052
39	114	-16.8608	-28.324	25.0419	-2.50432
39	115	-16.6959	-28.2125	24.843	-2.50397
39	116	-16.5419	-28.0775	24.6389	-2.50465
39	117	-16.3958	-27.9172	24.4261	-2.50638
39	118	-16.2586	-27.7321	24.206	-2.50916
39	119	-16.1401	-27.5404	23.9973	-2.51269
39	120	-16.0397	-27.341	23.7989	-2.51698
39	121	-15.9541	-27.1333	23.6083	-2.522
39	122	-15.878	-26.92	23.4229	-2.52753
39	123	-15.8075	-26.703	23.2407	-2.53341
39	124	-15.7425	-26.4829	23.062	-2.53963
39	125	-15.6827	-26.2612	22.8877	-2.54614
39	126	-15.6282	-26.0383	22.718	-2.55292
39	127	-15.5798	-25.8151	22.5544	-2.55995
39	128	-15.5354	-25.5937	22.3963	-2.56712
39	129	-15.4937	-25.3748	22.2428	-2.57437
39	130	-15.4558	-25.1528	22.0923	-2.58192
39	131	-15.4225	-24.9285	21.9456	-2.58978
39	132	-15.3939	-24.7034	21.804	-2.59788
39	133	-15.3698	-24.48	21.6685	-2.60613
39	134	-15.3497	-24.2602	21.5398	-2.61443
43	0	24.5702	-38.1142	32.6112	-0.858883
43	1	24.6232	-37.819	32.4232	-0.851697
43	2	24.666	-37.5222	32.2289	-0.84463
43	3	24.6975	-37.2223	32.0263	-0.837678
43	4	24.7153	-36.9201	31.8144	-0.830905
43	5	24.719	-36.6182	31.5945	-0.824377
43	6	24.7108	-36.3183	31.3695	-0.818077
43	7	24.6935	-36.0201	31.1406	-0.811936
43	8	24.6668	-35.7223	30.9067	-0.805933
43	9	24.6285	-35.4601	30.6914	-0.800918
43	10	24.5769	-35.2241	30.4862	-0.796743
43	11	24.5103	-35.0071	30.2847	-0.793308
43	12	24.4221	-34.8069	30.0802	-0.790729
43	13	24.2951	-34.6406	29.8727	-0.789835
43	14	24.1222	-34.5014	29.6522	-0.790674
43	15	23.9329	-34.3764	29.4302	-0.792256
43	16	23.742	-34.2567	29.211	-0.794031
43	17	23.5518	-34.1382	28.9932	-0.795845
43	18	23.3619	-34.0204	28.7762	-0.797696
43	19	23.1722	-33.9027	28.5596	-0.799572
43	20	22.9819	-33.7868	28.3438	-0.801534
43	21	22.7914	-33.6738	28.1302	-0.803609
43	22	22.6019	-33.5634	27.9192	-0.805746
43	23	22.4157	-33.4524	27.7103	-0.807822
43	24	22.2308	-33.343	27.5035	-0.80993
43	25	22.0463	-33.2354	27.2984	-0.812108
43	26	21.8618	-33.1291	27.0944	-0.814351
43	27	21.6781	-33.0233	26.8914	-0.81662
43	28	21.4949	-32.9197	26.6906	-0.818964
43	29	21.3131	-32.8185	26.4926	-0.821366
43	30	21.1332	-32.7192	26.2974	-0.823804
43	31	20.9549	-32.6219	26.1049	-0.826282
43	32	20.7776	-32.5266	25.9148	-0.828822
43	33	20.6005	-32.4339	25.7269	-0.831461
43	34	20.423	-32.3457	25.5421	-0.83427
43	35	20.2445	-32.2631	25.3613	-0.837296
43	36	20.0676	-32.1867	25.1861	-0.840483
43	37	19.8915	-32.1164	25.0165	-0.843853
43	38	19.7157	-32.0526	24.8521	-0.847432
43	39	19.537	-31.998	24.6932	-0.851394
43	40	19.3507	-31.9582	24.5407	-0.856034
43	41	19.1519	-31.9359	24.3939	-0.861592
43	42	18.9389	-31.9295	24.2508	-0.868086
43	43	18.7302	-31.9406	24.125	-0.87498
43	44	18.524	-31.966	24.0129	-0.882251
43	45	18.319	-32.0077	23.9157	-0.889979
43	46	18.1146	-32.0649	23.8322	-0.898153
43	47	17.9123	-32.1329	23.7602	-0.906598
43	48	17.7135	-32.2077	23.6974	-0.915147
43	49	17.5186	-32.2864	23.6418	-0.923711
43	50	17.3264	-32.3691	23.5929	-0.932325
43	51	17.137	-32.4546	23.5495	-0.940949
43	52	16.95	-32.5414	23.5104	-0.949551
43	53	16.7649	-32.6333	23.4782	-0.958242
43	54	16.5828	-32.7285	23.4523	-0.966928
43	55	16.406	-32.8272	23.4341	-0.975527
43	56	16.2324	-32.9299	23.4226	-0.984124
43	57	16.0638	-33.0365	23.4189	-0.992637
43	58	15.8999	-33.1448	23.4208	-1.00103
43	59	15.7402	-33.255	23.4283	-1.0093
43	60	15.5822	-33.3677	23.4403	-1.01757
43	61	15.4288	-33.4875	23.4625	-1.02582
43	62	15.2787	-33.6131	23.4929	-1.03405
43	63	15.1388	-33.757	23.5457	-1.04228
43	64	15.0069	-33.9174	23.6186	-1.05053
43	65	14.885	-34.0992	23.7165	-1.0588
43	66	14.7824	-34.2817	23.826	-1.06631
43	67	14.6972	-34.4678	23.9483	-1.07318
43	68	14.6268	-34.6581	24.0825	-1.07952
43	69	14.5709	-34.8549	24.23	-1.08538
43	70	14.5235	-35.0554	24.3856	-1.09094
43	71	14.4836	-35.2586	24.5478	-1.0962
43	72	14.448	-35.4635	24.7141	-1.10127
43	73	14.4169	-35.6694	24.8839	-1.10613
43	74	14.3911	-35.876	25.0573	-1.11075
43	75	14.3707	-36.0813	25.2324	-1.11508
43	76	14.3562	-36.2868	25.4108	-1.11915
43	77	14.3464	-36.4908	25.5903	-1.12298
43	78	14.3392	-36.6924	25.769	-1.12662
43	79	14.3373	-36.8954	25.9517	-1.13005
43	80	14.3392	-37.0987	26.1365	-1.1333
43	81	14.3455	-37.301	26.3226	-1.13634
43	82	14.3547	-37.5007	26.5077	-1.13919
43	83	14.3702	-37.7001	26.6953	-1.14179
43	84	14.3897	-37.8969	26.8825	-1.14418
43	85	14.4129	-38.0897	27.0677	-1.14634
43	86	14.4401	-38.2823	27.2545	-1.14834
43	87	14.4721	-38.4731	27.4417	-1.15013
43	88	14.506	-38.6616	27.6276	-1.1518
43	89	14.5479	-38.8504	27.8172	-1.15318
43	90	14.5939	-39.0381	28.0074	-1.1544
43	91	14.6463	-39.2219	28.1967	-1.15534
43	92	14.7012	-39.4011	28.3828	-1.15612
43	93	14.7612	-39.5773	28.5683	-1.15668
43	94	14.8264	-39.749	28.7517	-1.15701
43	95	14.8943	-39.9166	28.9325	-1.15719
43	96	14.967	-40.0819	29.113	-1.15718
43	97	15.0441	-40.2454	29.2938	-1.15701
43	98	15.1305	-40.4054	29.4749	-1.15651
43	99	15.2314	-40.562	29.6589	-1.15552
43	100	15.3488	-40.7153	29.8467	-1.154
43	101	15.489	-40.8624	30.0379	-1.15171
43	102	15.6304	-40.9972	30.2188	-1.14925
43	103	15.7863	-41.101	30.3774	-1.14597
43	104	15.9462	-41.1895	30.5241	-1.14239
43	105	16.1075	-41.2718	30.6662	-1.13872
43	106	16.2716	-41.3476	30.804	-1.13491
43	107	16.4397	-41.416	30.9371	-1.13092
43	108	16.6096	-41.485	31.0723	-1.12692
43	109	16.7842	-41.5514	31.2075	-1.12278
43	110	16.9624	-41.6153	31.3425	-1.11854
43	111	17.1451	-41.6749	31.4763	-1.11415
43	112	17.3317	-41.7315	31.6097	-1.10964
43	113	17.5217	-41.7838	31.7414	-1.10501
43	114	17.7139	-41.8332	31.8722	-1.10032
43	115	17.9078	-41.8799	32.0021	-1.09558
43	116	18.103	-41.925	32.1318	-1.09082
43	117	18.3	-41.9695	32.2627	-1.08604
43	118	18.4998	-42.0127	32.3944	-1.08121
43	119	18.6998	-42.0538	32.5251	-1.07637
43	120	18.9009	-42.0907	32.6534	-1.07149
43	121	19.1007	-42.1226	32.7774	-1.0666
43	122	19.2986	-42.1483	32.8959	-1.06171
43	123	19.4935	-42.1701	33.0103	-1.05688
43	124	19.6896	-42.1906	33.125	-1.05203
43	125	19.887	-42.2113	33.2412	-1.04718
43	126	20.0864	-42.2312	33.3585	-1.0423
43	127	20.2881	-42.2493	33.4763	-1.03737
43	128	20.4922	-42.2648	33.5939	-1.03237
43	129	20.6979	-42.2765	33.7098	-1.02731
43	130	20.904	-42.285	33.8241	-1.02223
43	131	21.1097	-42.2903	33.9363	-1.01714
43	132	21.3157	-42.2954	34.0494	-1.01207
43	133	21.5215	-42.296	34.1595	-1.00697
43	134	21.7217	-42.2808	34.2541	-1.00179
43	135	21.903	-42.2235	34.304	-0.996439
43	136	22.0747	-42.121	34.3118	-0.990616
43	137	22.2541	-42.0222	34.3282	-0.984667
43	138	22.4323	-41.9004	34.3259	-0.978381
43	139	22.613	-41.7503	34.303	-0.971567
43	140	22.8	-41.565	34.2565	-0.964006
43	141	22.9972	-41.3365	34.1824	-0.955456
43	142	23.1835	-41.1008	34.0988	-0.947003
43	143	23.3618	-40.8595	34.0082	-0.938604
43	144	23.5324	-40.6114	33.9101	-0.930221
43	145	23.6938	-40.3551	33.8022	-0.921863
43	146	23.8432	-40.0914	33.6836	-0.913597
43	147	23.9803	-39.8227	33.5557	-0.905472
43	148	24.1068	-39.5507	33.4209	-0.89747
43	149	24.2242	-39.2745	33.2793	-0.889534
43	150	24.3318	-38.992	33.1286	-0.881643
43	151	24.4264	-38.7028	32.9665	-0.873849
43	152	24.5055	-38.4091	32.7931	-0.866249
44	0	-12.1282	-35.4063	26.8366	-2.18171
44	1	-12.0893	-35.2063	26.6506	-2.18482
44	2	-12.0539	-35.006	26.4666	-2.18809
44	3	-12.0223	-34.8068	26.2861	-2.1915
44	4	-11.9976	-34.6046	26.1074	-2.19523
44	5	-11.9781	-34.4019	25.9317	-2.19919
44	6	-11.9656	-34.2	25.7613	-2.20341
44	7	-11.9549	-34.0001	25.594	-2.20769
44	8	-11.9505	-33.8022	25.4325	-2.21218
44	9	-11.9465	-33.6036	25.2713	-2.21675
44	10	-11.951	-33.4042	25.115	-2.22167
44	11	-11.9576	-33.204	24.96	-2.22674
44	12	-11.9759	-33.0036	24.8128	-2.23226
44	13	-12.0027	-32.8035	24.6718	-2.2381
44	14	-12.0491	-32.6026	24.5432	-2.24465
44	15	-12.1125	-32.4002	24.4252	-2.25184
44	16	-12.197	-32.1941	24.3192	-2.25988
44	17	-12.2928	-32.0034	24.2336	-2.26793
44	18	-12.3999	-31.8251	24.1665	-2.27607
44	19	-12.5181	-31.656	24.1152	-2.28435
44	20	-12.6493	-31.4943	24.0797	-2.29286
44	21	-12.789	-31.337	24.0549	-2.30154
44	22	-12.9358	-31.1836	24.0396	-2.31035
44	23	-13.0873	-31.0341	24.0322	-2.3192
44	24	-13.2428	-30.8895	24.033	-2.32803
44	25	-13.4016	-30.7499	24.0416	-2.33682
44	26	-13.5628	-30.6156	24.0574	-2.34552
44	27	-13.7241	-30.4844	24.0774	-2.35412
44	28	-13.8862	-30.3568	24.1022	-2.36262
44	29	-14.051	-30.2322	24.1328	-2.3711
44	30	-14.2191	-30.1129	24.1712	-2.37948
44	31	-14.3884	-29.9978	24.215	-2.38775
44	32	-14.5589	-29.8887	24.2655	-2.39583
44	33	-14.7298	-29.7833	24.3202	-2.40378
44	34	-14.9012	-29.6832	24.3805	-2.41155
44	35	-15.0729	-29.587	24.445	-2.41917
44	36	-15.2462	-29.4962	24.5156	-2.42662
44	37	-15.4219	-29.411	24.5931	-2.43392
44	38	-15.6046	-29.3357	24.6836	-2.44105
44	39	-15.7966	-29.2724	24.7901	-2.44799
44	40	-16.0007	-29.2213	24.9151	-2.45481
44	41	-16.2098	-29.1882	25.0563	-2.46112
44	42	-16.4165	-29.1742	25.2084	-2.46672
44	43	-16.6215	-29.1819	25.3737	-2.47152
44	44	-16.827	-29.2106	25.5527	-2.47564
44	45	-17.0325	-29.2543	25.7415	-2.47924
44	46	-17.2367	-29.303	25.9326	-2.4826
44	47	-17.4397	-29.3547	26.1249	-2.48579
44	48	-17.642	-29.4069	26.3172	-2.4889
44	49	-17.8445	-29.4603	26.5106	-2.49195
44	50	-18.0466	-29.514	26.7042	-2.49492
44	51	-18.2483	-29.5698	26.8989	-2.49778
44	52	-18.4484	-29.6272	27.0934	-2.50052
44	53	-18.6462	-29.6848	27.2865	-2.50317
44	54	-18.8413	-29.7428	27.4779	-2.5057
44	55	-19.0336	-29.8011	27.6672	-2.50814
44	56	-19.2232	-29.8584	27.8541	-2.51051
44	57	-19.4139	-29.9189	28.0438	-2.51278
44	58	-19.6045	-29.9826	28.2355	-2.51492
44	59	-19.7946	-30.0468	28.4272	-2.51701
44	60	-19.9833	-30.1107	28.6177	-2.51906
44	61	-20.1697	-30.1741	28.8061	-2.52105
44	62	-20.3528	-30.2388	28.9928	-2.5229
44	63	-20.5326	-30.3053	29.1779	-2.52462
44	64	-20.7097	-30.3731	29.3616	-2.52622
44	65	-20.884	-30.4395	29.5422	-2.52779
44	66	-21.0546	-30.5085	29.7215	-2.5292
44	67	-21.2185	-30.5868	29.9007	-2.53021
44	68	-21.3532	-30.6942	30.0726	-2.52986
44	69	-21.4688	-30.8386	30.2502	-2.52814
44	70	-21.5698	-31.0043	30.4283	-2.5256
44	71	-21.6667	-31.1896	30.6146	-2.52249
44	72	-21.7591	-31.4001	30.8122	-2.51867
44	73	-21.8503	-31.6435	31.0286	-2.51401
44	74	-21.943	-31.9301	31.2724	-2.50833
44	75	-22.0282	-32.2195	31.5129	-2.50253
44	76	-22.1053	-32.5129	31.7504	-2.49656
44	77	-22.1715	-32.811	31.9831	-2.49036
44	78	-22.2243	-33.1119	32.2081	-2.48392
44	79	-22.2642	-33.4129	32.4244	-2.47733
44	80	-22.2934	-33.7134	32.6334	-2.47063
44	81	-22.3132	-34.0145	32.8369	-2.46382
44	82	-22.3226	-34.3176	33.0351	-2.45685
44	83	-22.3193	-34.622	33.2259	-2.44969
44	84	-22.3026	-34.9255	33.4076	-2.44238
44	85	-22.2743	-35.2261	33.5803	-2.43498
44	86	-22.2367	-35.5243	33.7462	-2.42754
44	87	-22.1904	-35.8215	33.9068	-2.42002
44	88	-22.1337	-36.1186	34.0615	-2.41238
44	89	-22.0646	-36.4144	34.2081	-2.40458
44	90	-21.9828	-36.7066	34.345	-2.39668
44	91	-21.8905	-36.994	34.473	-2.38874
44	92	-21.7893	-37.2774	34.5941	-2.38076
44	93	-21.6789	-37.5583	34.709	-2.3727
44	94	-21.5572	-37.8366	34.8162	-2.36453
44	95	-21.4232	-38.1099	34.9135	-2.35626
44	96	-21.2784	-38.3761	35.0004	-2.34795
44	97	-21.1258	-38.6351	35.0793	-2.33967
44	98	-20.9874	-38.851	35.1391	-2.33257
44	99	-20.8597	-39.0354	35.1851	-2.32633
44	100	-20.7413	-39.1996	35.2239	-2.32068
44	101	-20.619	-39.3437	35.2466	-2.31536
44	102	-20.4936	-39.4765	35.2598	-2.31019
44	103	-20.3514	-39.5444	35.2144	-2.30591
44	104	-20.1939	-39.576	35.1325	-2.30198
44	105	-20.0343	-39.6239	35.0619	-2.29768
44	106	-19.8673	-39.661	34.979	-2.29341
44	107	-19.6973	-39.6946	34.8921	-2.28911
44	108	-19.5246	-39.7248	34.8015	-2.2848
44	109	-19.3496	-39.754	34.7093	-2.28045
44	110	-19.1721	-39.7812	34.6145	-2.27604
44	111	-18.9912	-39.8055	34.5162	-2.2716
44	112	-18.8087	-39.8287	34.4166	-2.26711
44	113	-18.6237	-39.8503	34.3148	-2.26257
44	114	-18.4359	-39.8714	34.2116	-2.25795
44	115	-18.2469	-39.8868	34.1041	-2.25338
44	116	-18.0575	-39.8996	33.9948	-2.24882
44	117	-17.8679	-39.907	33.882	-2.24432
44	118	-17.6787	-39.9126	33.7687	-2.23984
44	119	-17.4897	-39.9154	33.654	-2.23538
44	120	-17.3005	-39.9175	33.5393	-2.2309
44	121	-17.1103	-39.9168	33.4225	-2.22642
44	122	-16.9187	-39.9148	33.3044	-2.2219
44	123	-16.7255	-39.909	33.1831	-2.21737
44	124	-16.5308	-39.9027	33.061	-2.21279
44	125	-16.3353	-39.892	32.9358	-2.20823
44	126	-16.1396	-39.8799	32.8099	-2.20365
44	127	-15.9445	-39.8629	32.6812	-2.19915
44	128	-15.75	-39.8435	32.5515	-2.19466
44	129	-15.5559	-39.8212	32.4203	-2.19021
44	130	-15.3609	-39.7967	32.2875	-2.18573
44	131	-15.1653	-39.7679	32.1514	-2.18127
44	132	-14.9697	-39.7339	32.0117	-2.17688
44	133	-14.7743	-39.6955	31.8692	-2.17252
44	134	-14.5892	-39.631	31.7115	-2.16886
44	135	-14.4083	-39.5615	31.5523	-2.16537
44	136	-14.2422	-39.458	31.3737	-2.16283
44	137	-14.0728	-39.3522	31.1914	-2.16022
44	138	-13.9142	-39.2159	30.99	-2.1584
44	139	-13.762	-39.0819	30.7942	-2.15671
44	140	-13.6302	-38.9326	30.5969	-2.15581
44	141	-13.5006	-38.7819	30.3997	-2.155
44	142	-13.3873	-38.6152	30.1982	-2.15491
44	143	-13.274	-38.4456	29.9942	-2.15488
44	144	-13.1715	-38.2674	29.789	-2.15531
44	145	-13.0697	-38.0878	29.5831	-2.15579
44	146	-12.9757	-37.9031	29.3772	-2.15659
44	147	-12.8849	-37.7178	29.1726	-2.15751
44	148	-12.8012	-37.5316	28.9712	-2.15866
44	149	-12.7208	-37.3441	28.7706	-2.15995
44	150	-12.6455	-37.1556	28.5721	-2.16143
44	151	-12.5719	-36.9682	28.3755	-2.16295
44	152	-12.5027	-36.777	28.1783	-2.1647
44	153	-12.4363	-36.5844	27.9816	-2.16658
44	154	-12.375	-36.3916	27.7877	-2.16865
44	155	-12.3178	-36.1952	27.5932	-2.17094
44	156	-12.266	-35.9971	27.4005	-2.17347
44	157	-12.2169	-35.8	27.2104	-2.17609
44	158	-12.1711	-35.6047	27.0238	-2.17881
48	0	22.4977	-44.5502	36.5884	-1.01734
48	1	22.4208	-44.2679	36.308	-1.01506
48	2	22.3344	-43.99	36.0264	-1.01303
48	3	22.2498	-43.7538	35.7812	-1.01154
48	4	22.1626	-43.5498	35.5621	-1.01057
48	5	22.0681	-43.3715	35.3608	-1.01016
48	6	21.9608	-43.2172	35.173	-1.01041
48	7	21.8344	-43.0985	35.0054	-1.01167
48	8	21.6845	-43.0197	34.8592	-1.01411
48	9	21.4999	-42.9882	34.7351	-1.01814
48	10	21.3087	-42.9644	34.6149	-1.02249
48	11	21.1132	-42.9416	34.4938	-1.02698
48	12	20.9158	-42.9206	34.3741	-1.03158
48	13	20.7172	-42.9001	34.2549	-1.03624
48	14	20.5172	-42.8813	34.1372	-1.04101
48	15	20.3153	-42.8612	34.0182	-1.04583
48	16	20.111	-42.8361	33.8946	-1.05067
48	17	19.9064	-42.8079	33.7688	-1.05552
48	18	19.7007	-42.7794	33.643	-1.06042
48	19	19.4966	-42.7541	33.5216	-1.06536
48	20	19.2955	-42.7293	33.403	-1.07027
48	21	19.0978	-42.7076	33.2894	-1.07517
48	22	18.8996	-42.6812	33.1724	-1.08004
48	23	18.7008	-42.6473	33.0492	-1.08487
48	24	18.5009	-42.6067	32.9202	-1.08966
48	25	18.2989	-42.5633	32.7887	-1.09451
48	26	18.0945	-42.5234	32.6599	-1.09951
48	27	17.8896	-42.4821	32.5305	-1.10455
48	28	17.6854	-42.4367	32.3986	-1.10955
48	29	17.481	-42.3892	32.2655	-1.11456
48	30	17.2751	-42.3428	32.1335	-1.11968
48	31	17.0674	-42.296	32.0013	-1.12489
48	32	16.8577	-42.2505	31.8703	-1.1302
48	33	16.6471	-42.2068	31.7414	-1.13562
48	34	16.4363	-42.1632	31.6135	-1.14108
48	35	16.2263	-42.121	31.4881	-1.14659
48	36	16.0173	-42.0824	31.3674	-1.15215
48	37	15.8087	-42.0513	31.2547	-1.15785
48	38	15.6003	-42.0331	31.1549	-1.16374
48	39	15.3909	-42.0372	31.0764	-1.16998
48	40	15.1791	-42.0674	31.0222	-1.17665
48	41	14.964	-42.123	30.9918	-1.18374
48	42	14.7637	-42.202	30.9901	-1.19069
48	43	14.5797	-42.3038	31.0169	-1.19742
48	44	14.4086	-42.4253	31.0683	-1.20397
48	45	14.2476	-42.5593	31.1363	-1.21034
48	46	14.0937	-42.7004	31.2147	-1.21655
48	47	13.9448	-42.846	31.3002	-1.22263
48	48	13.7996	-42.9949	31.3912	-1.22859
48	49	13.6591	-43.1485	31.4893	-1.23443
48	50	13.5246	-43.3081	31.596	-1.24012
48	51	13.4002	-43.4758	31.7147	-1.24554
48	52	13.2915	-43.6537	31.8489	-1.25056
48	53	13.2009	-43.8448	32.0022	-1.25513
48	54	13.1298	-44.0491	32.1746	-1.2592
48	55	13.0817	-44.2507	32.3519	-1.26253
48	56	13.0523	-44.4503	32.5333	-1.26525
48	57	13.0399	-44.6477	32.7179	-1.26743
48	58	13.0369	-44.8461	32.9064	-1.26931
48	59	13.0382	-45.0465	33.0982	-1.27107
48	60	13.042	-45.25	33.2938	-1.27277
48	61	13.0497	-45.4568	33.4937	-1.27436
48	62	13.0626	-45.6651	33.6968	-1.2758
48	63	13.0803	-45.8745	33.9023	-1.2771
48	64	13.1018	-46.0843	34.1094	-1.27828
48	65	13.1268	-46.2923	34.3158	-1.27933
48	66	13.1537	-46.4988	34.5214	-1.2803
48	67	13.1812	-46.7047	34.7265	-1.28124
48	68	13.2088	-46.911	34.9321	-1.28217
48	69	13.2371	-47.1186	35.1391	-1.28308
48	70	13.2672	-47.3276	35.3481	-1.28394
48	71	13.3003	-47.5374	35.5588	-1.28472
48	72	13.3368	-47.7467	35.7699	-1.28539
48	73	13.3763	-47.9541	35.98	-1.28596
48	74	13.4174	-48.159	36.1882	-1.28646
48	75	13.4592	-48.3618	36.3945	-1.28692
48	76	13.5016	-48.5629	36.5995	-1.28735
48	77	13.5451	-48.7627	36.8035	-1.28773
48	78	13.5903	-48.9609	37.0065	-1.28805
48	79	13.6365	-49.1617	37.2122	-1.28837
48	80	13.6837	-49.3637	37.4193	-1.28866
48	81	13.7318	-49.5657	37.6267	-1.28893
48	82	13.7804	-49.767	37.8336	-1.28917
48	83	13.8294	-49.968	38.0403	-1.2894
48	84	13.8795	-50.1691	38.2473	-1.2896
48	85	13.9318	-50.3703	38.4552	-1.28975
48	86	13.9876	-50.5708	38.6633	-1.2898
48	87	14.0472	-50.7695	38.8708	-1.28975
48	88	14.1089	-50.9691	39.0796	-1.28964
48	89	14.1719	-51.1686	39.2888	-1.28951
48	90	14.2358	-51.368	39.4981	-1.28936
48	91	14.3012	-51.5673	39.7077	-1.28917
48	92	14.3693	-51.7664	39.9178	-1.28892
48	93	14.4418	-51.9646	40.1284	-1.28856
48	94	14.5209	-52.1604	40.3385	-1.28803
48	95	14.6138	-52.3496	40.5462	-1.28713
48	96	14.748	-52.4889	40.7175	-1.28492
48	97	14.9282	-52.5791	40.8551	-1.28131
48	98	15.1226	-52.6467	40.9758	-1.27724
48	99	15.3325	-52.696	41.0841	-1.27269
48	100	15.5636	-52.7263	41.1815	-1.26754
48	101	15.8234	-52.7376	41.2706	-1.26162
48	102	16.1211	-52.7315	41.3564	-1.25472
48	103	16.4183	-52.7151	41.4341	-1.24778
48	104	16.716	-52.6882	41.5041	-1.24077
48	105	17.014	-52.648	41.5638	-1.23367
48	106	17.3098	-52.593	41.6108	-1.22653
48	107	17.6012	-52.5246	41.6457	-1.21939
48	108	17.8882	-52.4455	41.6713	-1.21227
48	109	18.1725	-52.3563	41.6887	-1.20513
48	110	18.4547	-52.2548	41.6958	-1.19794
48	111	18.7326	-52.138	41.6894	-1.19071
48	112	19.0027	-52.0063	41.6684	-1.18352
48	113	19.264	-51.8635	41.6359	-1.17641
48	114	19.5185	-51.7125	41.5953	-1.16937
48	115	19.7682	-51.5532	41.5473	-1.16234
48	116	20.0132	-51.3831	41.4895	-1.15529
48	117	20.2505	-51.1998	41.4186	-1.14826
48	118	20.4769	-51.0041	41.334	-1.14132
48	119	20.6926	-50.7999	41.2391	-1.13451
48	120	20.8991	-50.5887	41.1358	-1.12779
48	121	21.0981	-50.3695	41.024	-1.12111
48	122	21.2884	-50.1402	40.9011	-1.11449
48	123	21.4673	-49.9005	40.7656	-1.10796
48	124	21.6326	-49.6529	40.6187	-1.10159
48	125	21.7856	-49.4001	40.4632	-1.0954
48	126	21.9285	-49.1427	40.3005	-1.08932
48	127	22.0619	-48.8789	40.1292	-1.08333
48	128	22.1837	-48.6073	39.947	-1.07745
48	129	22.291	-48.329	39.7534	-1.07176
48	130	22.3833	-48.0474	39.5508	-1.0663
48	131	22.463	-47.7646	39.3423	-1.06105
48	132	22.5327	-47.48	39.1285	-1.05595
48	133	22.5924	-47.1918	38.9075	-1.05097
48	134	22.6393	-46.8986	38.6768	-1.04615
48	135	22.6702	-46.602	38.4359	-1.04159
48	136	22.6847	-46.3055	38.1876	-1.03734
48	137	22.6854	-46.011	37.9346	-1.03338
48	138	22.6745	-45.7177	37.6774	-1.02964
48	139	22.652	-45.424	37.4143	-1.02611
48	140	22.6155	-45.1298	37.144	-1.02285
48	141	22.5636	-44.8376	36.8677	-1.01992
49	0	-13.3829	-45.0111	35.7062	-2.05587
49	1	-13.3246	-44.8351	35.5234	-2.05672
49	2	-13.2681	-44.6607	35.3428	-2.05762
49	3	-13.2136	-44.4879	35.1645	-2.05854
49	4	-13.1604	-44.3165	34.9882	-2.0595
49	5	-13.1083	-44.1462	34.8134	-2.06047
49	6	-13.0586	-43.9748	34.6388	-2.06153
49	7	-13.0111	-43.8029	34.4648	-2.06267
49	8	-12.9656	-43.6312	34.292	-2.06386
49	9	-12.9234	-43.4603	34.1215	-2.06514
49	10	-12.886	-43.289	33.953	-2.06657
49	11	-12.8556	-43.1173	33.7876	-2.0682
49	12	-12.835	-42.9443	33.6258	-2.07011
49	13	-12.828	-42.765	33.4651	-2.07249
49	14	-12.8377	-42.5775	33.3055	-2.07546
49	15	-12.8654	-42.3783	33.1448	-2.07909
49	16	-12.9093	-42.1854	32.9979	-2.0831
49	17	-12.9686	-41.9984	32.8643	-2.08746
49	18	-13.0424	-41.8147	32.7414	-2.09219
49	19	-13.1283	-41.6342	32.6281	-2.09723
49	20	-13.2243	-41.4572	32.5237	-2.10252
49	21	-13.3309	-41.2857	32.4305	-2.10803
49	22	-13.4487	-41.1224	32.351	-2.11374
49	23	-13.58	-40.9715	32.2902	-2.11964
49	24	-13.7303	-40.8384	32.2556	-2.12577
49	25	-13.9001	-40.7231	32.2478	-2.13213
49	26	-14.0675	-40.6335	32.2615	-2.138
49	27	-14.2336	-40.5657	32.2941	-2.14346
49	28	-14.4003	-40.5275	32.3528	-2.14844
49	29	-14.5699	-40.5133	32.4338	-2.15306
49	30	-14.7402	-40.5074	32.5229	-2.15753
49	31	-14.912	-40.5044	32.6157	-2.16197
49	32	-15.0859	-40.5018	32.7108	-2.16643
49	33	-15.2627	-40.4994	32.8084	-2.17093
49	34	-15.4427	-40.4971	32.9085	-2.17548
49	35	-15.6242	-40.4968	33.0118	-2.18001
49	36	-15.8068	-40.4976	33.1173	-2.18452
49	37	-15.9902	-40.501	33.226	-2.18897
49	38	-16.1743	-40.5042	33.3357	-2.19341
49	39	-16.3597	-40.5043	33.4441	-2.19791
49	40	-16.5466	-40.5031	33.5532	-2.20245
49	41	-16.7353	-40.5044	33.666	-2.20695
49	42	-16.9255	-40.5057	33.7804	-2.21146
49	43	-17.1163	-40.5097	33.898	-2.21589
49	44	-17.3065	-40.5121	34.0146	-2.22032
49	45	-17.4956	-40.5096	34.1273	-2.22478
49	46	-17.6832	-40.5041	34.2374	-2.22923
49	47	-17.8699	-40.5015	34.3499	-2.23357
49	48	-18.0556	-40.4958	34.46	-2.23792
49	49	-18.2406	-40.4849	34.5662	-2.24232
49	50	-18.427	-40.4702	34.6711	-2.24679
49	51	-18.6166	-40.4577	34.7803	-2.25127
49	52	-18.8078	-40.4426	34.8892	-2.2558
49	53	-19	-40.4249	34.9975	-2.26038
49	54	-19.1932	-40.4102	35.1094	-2.26489
49	55	-19.3866	-40.3921	35.2196	-2.26944
49	56	-19.5799	-40.3678	35.3257	-2.27407
49	57	-19.7732	-40.3372	35.4277	-2.27879
49	58	-19.9663	-40.3025	35.5274	-2.28355
49	59	-20.162	-40.2802	35.6388	-2.28812
49	60	-20.3189	-40.3307	35.7801	-2.29049
49	61	-20.4561	-40.4212	35.9387	-2.2917
49	62	-20.5796	-40.5354	36.1059	-2.29219
49	63	-20.6929	-40.6698	36.2817	-2.29208
49	64	-20.7991	-40.8275	36.4703	-2.29142
49	65	-20.9004	-41.0143	36.6775	-2.29013
49	66	-20.9989	-41.2372	36.9101	-2.28816
49	67	-21.0972	-41.5037	37.1757	-2.28544
49	68	-21.1833	-41.7733	37.4359	-2.28246
49	69	-21.2592	-42.0447	37.6912	-2.27928
49	70	-21.3257	-42.3186	37.9427	-2.27591
49	71	-21.3816	-42.5963	38.1907	-2.27231
49	72	-21.4243	-42.8778	38.4335	-2.26844
49	73	-21.4521	-43.1605	38.6684	-2.26429
49	74	-21.4663	-43.4419	38.8942	-2.25995
49	75	-21.4696	-43.7208	39.1119	-2.25548
49	76	-21.4642	-43.9982	39.3238	-2.25091
49	77	-21.4504	-44.2757	39.5313	-2.24622
49	78	-21.4261	-44.5542	39.7339	-2.24136
49	79	-21.3885	-44.8329	39.9294	-2.23629
49	80	-21.3363	-45.1092	40.1151	-2.23101
49	81	-21.271	-45.3807	40.2901	-2.2256
49	82	-21.1949	-45.6471	40.4557	-2.2201
49	83	-21.1096	-45.9098	40.614	-2.21451
49	84	-21.0141	-46.17	40.7654	-2.20881
49	85	-20.906	-46.4273	40.9085	-2.20294
49	86	-20.7837	-46.6795	41.0404	-2.19691
49	87	-20.6481	-46.9236	41.1595	-2.19076
49	88	-20.5023	-47.1587	41.267	-2.18458
49	89	-20.3487	-47.3862	41.3652	-2.17837
49	90	-20.1878	-47.6077	41.4561	-2.17213
49	91	-20.0194	-47.8251	41.5409	-2.16583
49	92	-19.8411	-48.0367	41.617	-2.15943
49	93	-19.6518	-48.24	41.6819	-2.15295
49	94	-19.4531	-48.433	41.7348	-2.14643
49	95	-19.2475	-48.6162	41.7774	-2.13991
49	96	-19.0364	-48.7915	41.8122	-2.1334
49	97	-18.8195	-48.9601	41.84	-2.12687
49	98	-18.5951	-49.1216	41.8596	-2.12028
49	99	-18.362	-49.2737	41.8685	-2.11363
49	100	-18.121	-49.414	41.865	-2.10697
49	101	-17.8746	-49.5421	41.8503	-2.10035
49	102	-17.6248	-49.6601	41.8269	-2.09377
49	103	-17.3719	-49.77	41.7966	-2.08721
49	104	-17.1148	-49.872	41.7592	-2.08065
49	105	-16.8523	-49.9632	41.7116	-2.07409
49	106	-16.6207	-50.0268	41.6563	-2.06848
49	107	-16.4115	-50.0636	41.5893	-2.06364
49	108	-16.2187	-50.0777	41.5108	-2.05939
49	109	-16.0368	-50.0726	41.4212	-2.05557
49	110	-15.8615	-50.0505	41.3203	-2.05207
49	111	-15.6927	-50.0054	41.2024	-2.04894
49	112	-15.5567	-49.9023	41.0483	-2.04715
49	113	-15.4509	-49.7365	40.8525	-2.04671
49	114	-15.3543	-49.5645	40.6553	-2.04654
49	115	-15.2606	-49.3914	40.4585	-2.04644
49	116	-15.1679	-49.2187	40.2626	-2.04636
49	117	-15.0759	-49.0467	40.0675	-2.04628
49	118	-14.9851	-48.8741	39.8725	-2.04624
49	119	-14.8955	-48.7008	39.6774	-2.04623
49	120	-14.8072	-48.5265	39.482	-2.04626
49	121	-14.7205	-48.3513	39.2866	-2.04634
49	122	-14.6361	-48.1758	39.0919	-2.04648
49	123	-14.5539	-48.0005	38.8984	-2.04666
49	124	-14.4737	-47.8261	38.7067	-2.04689
49	125	-14.3946	-47.653	38.5165	-2.04712
49	126	-14.3165	-47.4806	38.3275	-2.04737
49	127	-14.2385	-47.309	38.1392	-2.04762
49	128	-14.1616	-47.1375	37.9516	-2.04789
49	129	-14.0864	-46.9629	37.762	-2.04825
49	130	-14.014	-46.7859	37.5715	-2.0487
49	131	-13.9449	-46.6075	37.3814	-2.04925
49	132	-13.8788	-46.429	37.1924	-2.04988
49	133	-13.8147	-46.251	37.005	-2.05057
49	134	-13.7518	-46.0739	36.8188	-2.05127
49	135	-13.6893	-45.8972	36.6332	-2.05199
49	136	-13.6269	-45.7206	36.4478	-2.05271
49	137	-13.5647	-45.5436	36.2621	-2.05345
49	138	-13.5031	-45.3661	36.0763	-2.05422
49	139	-13.4424	-45.1883	35.8908	-2.05503
