# CellID	NodeIndex	X	Y	R	Theta
8	0	54.4729	-11.7156	51.6141	0.0342685
8	1	54.6639	-11.5366	51.8113	0.037596
8	2	54.8453	-11.3457	52.0001	0.0411336
8	3	55.0148	-11.1435	52.1781	0.0448708
8	4	55.1711	-10.9324	52.3441	0.0487657
8	5	55.315	-10.7146	52.4989	0.0527759
8	6	55.4482	-10.491	52.6442	0.0568845
8	7	55.5716	-10.261	52.7809	0.0611027
8	8	55.6846	-10.0234	52.9087	0.0654547
8	9	55.7851	-9.77775	53.0256	0.069953
8	10	55.8713	-9.52534	53.1298	0.0745789
8	11	55.9425	-9.26854	53.2206	0.079291
8	12	56.0005	-9.00914	53.2995	0.0840564
8	13	56.0469	-8.7474	53.3683	0.0888705
8	14	56.0824	-8.4824	53.4278	0.093752
8	15	56.1059	-8.21317	53.4771	0.0987231
8	16	56.1153	-7.93998	53.5141	0.103786
8	17	56.109	-7.66476	53.5371	0.108911
8	18	56.0879	-7.3899	53.5466	0.114057
8	19	56.0538	-7.11631	53.5446	0.119206
8	20	56.0086	-6.84316	53.5329	0.124372
8	21	55.9515	-6.56908	53.511	0.129587
8	22	55.8801	-6.2937	53.4765	0.134866
8	23	55.7916	-6.01899	53.4265	0.140184
8	24	55.6856	-5.7486	53.3601	0.145479
8	25	55.5652	-5.48467	53.2799	0.150708
8	26	55.4335	-5.22635	53.1892	0.155882
8	27	55.2914	-4.97156	53.0891	0.161038
8	28	55.1374	-4.71937	52.9783	0.166203
8	29	54.9693	-4.47119	52.8542	0.17136
8	30	54.7868	-4.23008	52.7162	0.176457
8	31	54.5926	-3.99764	52.5665	0.181459
8	32	54.3893	-3.7726	52.4077	0.186383
8	33	54.1769	-3.5529	52.2404	0.191268
8	34	53.9535	-3.33831	52.0625	0.196131
8	35	53.7171	-3.13126	51.8716	0.200934
8	36	53.469	-2.93485	51.6682	0.205617
8	37	53.2124	-2.7492	51.4555	0.210167
8	38	52.9485	-2.57191	51.2349	0.214626
8	39	52.6755	-2.40169	51.0048	0.219027
8	40	52.3907	-2.24072	50.7623	0.223342
8	41	52.0948	-2.09341	50.5068	0.227483
8	42	51.7937	-1.96343	50.2432	0.231355
8	43	51.5274	-1.86943	50.0058	0.234406
8	44	51.2857	-1.80292	49.7862	0.236833
8	45	51.0592	-1.75748	49.5769	0.238796
8	46	50.8404	-1.72974	49.3708	0.24039
8	47	50.6237	-1.72243	49.1622	0.241584
8	48	50.4183	-1.75285	48.9554	0.241984
8	49	50.2183	-1.82291	48.7445	0.241572
8	50	50.0218	-1.91268	48.5323	0.240745
8	51	49.8296	-2.00874	48.3227	0.239762
8	52	49.6415	-2.10762	48.1165	0.238694
8	53	49.4575	-2.20956	47.9137	0.237535
8	54	49.2774	-2.31431	47.7141	0.23629
8	55	49.1002	-2.42056	47.5169	0.234989
8	56	48.9256	-2.52922	47.3219	0.233615
8	57	48.7535	-2.63974	47.1289	0.232179
8	58	48.5845	-2.75751	46.9374	0.230565
8	59	48.4196	-2.88042	46.7488	0.228812
8	60	48.2608	-3.00817	46.5653	0.226914
8	61	48.107	-3.13671	46.3867	0.224959
8	62	47.9595	-3.26603	46.2141	0.222943
8	63	47.8147	-3.39852	46.0437	0.220833
8	64	47.673	-3.53424	45.8758	0.218623
8	65	47.5343	-3.67284	45.7105	0.216321
8	66	47.3973	-3.81271	45.5468	0.213967
8	67	47.2649	-3.95574	45.3871	0.211507
8	68	47.135	-4.0984	45.2303	0.209026
8	69	47.0122	-4.24768	45.0794	0.206352
8	70	46.8942	-4.39846	44.9332	0.203606
8	71	46.7843	-4.55096	44.7949	0.200768
8	72	46.6804	-4.70249	44.663	0.197907
8	73	46.5815	-4.85507	44.5363	0.194985
8	74	46.4856	-5.00755	44.4128	0.192035
8	75	46.3985	-5.16426	44.2976	0.188937
8	76	46.3088	-5.3203	44.1804	0.18585
8	77	46.245	-5.48956	44.0867	0.182344
8	78	46.1789	-5.66485	43.9903	0.178697
8	79	46.1448	-5.85603	43.923	0.174552
8	80	46.1115	-6.05948	43.8554	0.170115
8	81	46.1109	-6.26047	43.8212	0.165597
8	82	46.1224	-6.45837	43.8004	0.161098
8	83	46.1647	-6.65462	43.8111	0.156521
8	84	46.2187	-6.8507	43.8343	0.151911
8	85	46.2821	-7.04363	43.8683	0.147345
8	86	46.3475	-7.23503	43.9053	0.142814
8	87	46.4153	-7.42537	43.9457	0.138307
8	88	46.4847	-7.61498	43.9888	0.133821
8	89	46.5561	-7.80522	44.0346	0.129323
8	90	46.6285	-7.99538	44.0823	0.124833
8	91	46.7038	-8.18553	44.1338	0.120346
8	92	46.7791	-8.37518	44.1862	0.11588
8	93	46.8552	-8.56276	44.2406	0.111469
8	94	46.9338	-8.74715	44.2986	0.107136
8	95	47.013	-8.92911	44.3583	0.102866
8	96	47.0914	-9.1094	44.4182	0.0986474
8	97	47.1695	-9.28763	44.4787	0.0944867
8	98	47.2513	-9.4674	44.5435	0.0902957
8	99	47.3329	-9.64865	44.6089	0.0860841
8	100	47.4176	-9.82812	44.6782	0.0819192
8	101	47.5016	-10.0062	44.7478	0.077798
8	102	47.5832	-10.1833	44.8158	0.0737184
8	103	47.6686	-10.3561	44.8886	0.0697394
8	104	47.7517	-10.5277	44.9598	0.0658015
8	105	47.8334	-10.698	45.0305	0.0619104
8	106	47.9212	-10.8694	45.1079	0.0579966
8	107	48.0105	-11.0431	45.1872	0.0540441
8	108	48.1025	-11.2166	45.2701	0.0501086
8	109	48.1947	-11.3889	45.354	0.0462117
8	110	48.2902	-11.5566	45.4419	0.0424289
8	111	48.3846	-11.7208	45.5295	0.0387376
8	112	48.4818	-11.8789	45.6209	0.0351904
8	113	48.5771	-12.0344	45.7109	0.0317181
8	114	48.6757	-12.1846	45.8049	0.0283733
8	115	48.7772	-12.33	45.9025	0.0251424
8	116	48.876	-12.4753	45.9979	0.0219325
8	117	48.9931	-12.6012	46.1124	0.0191462
8	118	49.1305	-12.7075	46.2478	0.0167918
8	119	49.3033	-12.7855	46.4193	0.0150498
8	120	49.4935	-12.8564	46.6085	0.0134671
8	121	49.7074	-12.9136	46.8217	0.0121823
8	122	49.9489	-12.9626	47.0626	0.0110802
8	123	50.2274	-13.001	47.3407	0.0102027
8	124	50.5046	-13.0282	47.6176	0.00957268
8	125	50.781	-13.0449	47.8938	0.00916821
8	126	51.0576	-13.0505	48.1704	0.00900066
8	127	51.3349	-13.0423	48.4477	0.0091179
8	128	51.6112	-13.0179	48.7242	0.00956665
8	129	51.8835	-12.9769	48.9969	0.0103502
8	130	52.1496	-12.9214	49.2637	0.0114206
8	131	52.4097	-12.8541	49.5245	0.0127195
8	132	52.6649	-12.7762	49.7807	0.0142191
8	133	52.9162	-12.6869	50.0333	0.0159317
8	134	53.1631	-12.5844	50.282	0.0178924
8	135	53.4037	-12.4673	50.5247	0.0201241
8	136	53.6353	-12.3365	50.7591	0.0226087
8	137	53.857	-12.1944	50.9841	0.0252966
8	138	54.0696	-12.0433	51.2007	0.028142
8	139	54.2746	-11.884	51.4104	0.0311278
9	0	-40.2684	0.394273	45.3341	2.83046
9	1	-40.3708	0.547449	45.4787	2.82795
9	2	-40.4755	0.700426	45.6256	2.82547
9	3	-40.5856	0.849397	45.7767	2.82312
9	4	-40.6969	0.995284	45.9282	2.82086
9	5	-40.8108	1.13887	46.0816	2.81868
9	6	-40.9264	1.27877	46.2358	2.81661
9	7	-41.0425	1.41469	46.3893	2.81463
9	8	-41.1613	1.55007	46.5453	2.8127
9	9	-41.2822	1.68392	46.7031	2.81082
9	10	-41.4019	1.81777	46.8598	2.80895
9	11	-41.5282	1.95048	47.0226	2.80716
9	12	-41.6565	2.08346	47.1876	2.80539
9	13	-41.7885	2.21226	47.3547	2.80374
9	14	-41.9191	2.3389	47.52	2.80214
9	15	-42.0508	2.45886	47.6841	2.80068
9	16	-42.1836	2.57932	47.8496	2.79924
9	17	-42.322	2.69357	48.0184	2.79797
9	18	-42.4589	2.80857	48.1861	2.79668
9	19	-42.6008	2.91554	48.3558	2.79559
9	20	-42.7419	3.02093	48.5243	2.79453
9	21	-42.8876	3.11628	48.6937	2.79371
9	22	-43.0351	3.20128	48.8614	2.7931
9	23	-43.1746	3.29222	49.0237	2.79233
9	24	-43.3324	3.34223	49.189	2.79247
9	25	-43.5211	3.35059	49.3693	2.79362
9	26	-43.7173	3.36695	49.5593	2.79466
9	27	-43.929	3.36467	49.7576	2.79615
9	28	-44.1639	3.34426	49.9718	2.79812
9	29	-44.432	3.30427	50.211	2.80067
9	30	-44.7453	3.241	50.4854	2.80393
9	31	-45.0589	3.16214	50.7554	2.80744
9	32	-45.3689	3.06597	51.0171	2.81121
9	33	-45.6696	2.95611	51.2663	2.81514
9	34	-45.9612	2.83679	51.5047	2.81915
9	35	-46.2464	2.70946	51.7352	2.82324
9	36	-46.5264	2.57226	51.9587	2.82743
9	37	-46.7998	2.42268	52.1729	2.83178
9	38	-47.0631	2.261	52.375	2.83625
9	39	-47.3154	2.09022	52.5648	2.84079
9	40	-47.5582	1.9125	52.7446	2.84537
9	41	-47.7932	1.7273	52.9159	2.85002
9	42	-48.0201	1.53256	53.0778	2.85476
9	43	-48.2361	1.32741	53.2276	2.8596
9	44	-48.4391	1.11375	53.3638	2.86451
9	45	-48.6295	0.894351	53.4875	2.86943
9	46	-48.8093	0.67028	53.6011	2.87436
9	47	-48.9794	0.440678	53.7052	2.87932
9	48	-49.1389	0.204302	53.7986	2.88433
9	49	-49.2856	-0.0385874	53.8793	2.88938
9	50	-49.4184	-0.285959	53.947	2.89444
9	51	-49.5384	-0.535844	54.0029	2.89947
9	52	-49.6471	-0.787819	54.0487	2.90447
9	53	-49.7451	-1.04276	54.0847	2.90948
9	54	-49.8311	-1.30152	54.1095	2.9145
9	55	-49.9033	-1.56367	54.1216	2.91952
9	56	-49.9609	-1.8273	54.1203	2.92451
9	57	-50.0047	-2.09056	54.107	2.92943
9	58	-50.0364	-2.35293	54.0834	2.9343
9	59	-50.0569	-2.61512	54.0501	2.93912
9	60	-50.0652	-2.87806	54.0061	2.94392
9	61	-50.0595	-3.14165	53.9493	2.94869
9	62	-50.0379	-3.40409	53.8784	2.9534
9	63	-50.0006	-3.66285	53.7939	2.95799
9	64	-49.9497	-3.91639	53.6981	2.96246
9	65	-49.8874	-4.16486	53.5931	2.96682
9	66	-49.8146	-4.40926	53.4794	2.97108
9	67	-49.7308	-4.65034	53.3563	2.97527
9	68	-49.6345	-4.88771	53.2225	2.97937
9	69	-49.5247	-5.1198	53.0771	2.98335
9	70	-49.4019	-5.34465	52.9207	2.98718
9	71	-49.2676	-5.56127	52.7551	2.99084
9	72	-49.1237	-5.77004	52.5818	2.99436
9	73	-48.9706	-5.97189	52.401	2.99774
9	74	-48.8077	-6.16722	52.2121	3.00099
9	75	-48.6339	-6.3552	52.0139	3.0041
9	76	-48.4484	-6.53395	51.8059	3.00703
9	77	-48.2524	-6.70162	51.5893	3.00974
9	78	-48.0477	-6.85771	51.3661	3.01223
9	79	-47.8359	-7.00309	51.1375	3.01452
9	80	-47.6175	-7.13896	50.9037	3.01662
9	81	-47.3916	-7.26564	50.6638	3.01854
9	82	-47.1573	-7.38206	50.4171	3.02027
9	83	-46.9148	-7.48631	50.1639	3.02174
9	84	-46.6658	-7.57704	49.9058	3.02295
9	85	-46.4122	-7.65461	49.6448	3.0239
9	86	-46.1551	-7.72055	49.3818	3.02461
9	87	-45.894	-7.77595	49.116	3.02511
9	88	-45.6274	-7.82018	48.8461	3.02538
9	89	-45.3546	-7.85074	48.5716	3.02535
9	90	-45.0769	-7.86466	48.2942	3.02497
9	91	-44.7978	-7.86115	48.0173	3.02422
9	92	-44.52	-7.84246	47.7437	3.02315
9	93	-44.2442	-7.81167	47.4735	3.02182
9	94	-44.0104	-7.7741	47.2459	3.02044
9	95	-43.8076	-7.73044	47.05	3.019
9	96	-43.6305	-7.67962	46.8804	3.01746
9	97	-43.4732	-7.61792	46.732	3.01573
9	98	-43.3201	-7.57219	46.5859	3.01435
9	99	-43.207	-7.49253	46.4839	3.01234
9	100	-43.1174	-7.37918	46.4099	3.00967
9	101	-43.0146	-7.27148	46.3222	3.00707
9	102	-42.9197	-7.15108	46.2445	3.00422
9	103	-42.8256	-7.02533	46.1688	3.00124
9	104	-42.7333	-6.89416	46.096	2.99814
9	105	-42.6411	-6.75779	46.0244	2.99492
9	106	-42.5471	-6.61774	45.9521	2.99161
9	107	-42.4543	-6.47226	45.8825	2.98817
9	108	-42.3597	-6.3237	45.8119	2.98465
9	109	-42.2659	-6.17053	45.7436	2.98102
9	110	-42.1714	-6.01436	45.6755	2.97732
9	111	-42.0781	-5.85489	45.6098	2.97353
9	112	-41.9851	-5.69391	45.5454	2.96971
9	113	-41.8924	-5.53285	45.482	2.96587
9	114	-41.8012	-5.37244	45.4206	2.96204
9	115	-41.7142	-5.21208	45.364	2.95822
9	116	-41.6288	-5.05378	45.3092	2.95444
9	117	-41.5424	-4.8928	45.2546	2.95059
9	118	-41.4549	-4.72956	45.2	2.94668
9	119	-41.3649	-4.56532	45.1438	2.94272
9	120	-41.2775	-4.39794	45.0916	2.9387
9	121	-41.1912	-4.22954	45.0414	2.93465
9	122	-41.1061	-4.06105	44.993	2.9306
9	123	-41.0213	-3.89341	44.9456	2.92656
9	124	-40.9405	-3.72505	44.903	2.92251
9	125	-40.8619	-3.55708	44.8632	2.91847
9	126	-40.7787	-3.38695	44.8201	2.91436
9	127	-40.6945	-3.21318	44.7776	2.91016
9	128	-40.6112	-3.03576	44.7376	2.90587
9	129	-40.5289	-2.85591	44.7	2.90153
9	130	-40.4452	-2.67596	44.6618	2.89717
9	131	-40.3631	-2.49499	44.6265	2.89279
9	132	-40.2837	-2.31265	44.5948	2.88839
9	133	-40.2064	-2.12865	44.5665	2.88396
9	134	-40.1268	-1.94273	44.5374	2.87946
9	135	-40.0494	-1.75322	44.5122	2.8749
9	136	-39.9743	-1.56358	44.4902	2.87034
9	137	-39.9156	-1.3709	44.4857	2.86582
9	138	-39.8726	-1.1817	44.4963	2.86146
9	139	-39.8591	-0.990527	44.5365	2.85725
9	140	-39.8553	-0.798327	44.5872	2.85309
9	141	-39.8721	-0.603248	44.6591	2.84901
9	142	-39.9035	-0.420464	44.7423	2.8453
9	143	-39.9447	-0.245338	44.8331	2.84184
9	144	-40.0103	-0.081355	44.9443	2.83878
9	145	-40.0845	0.0815093	45.064	2.83582
9	146	-40.1761	0.236754	45.1982	2.83316
17	0	48.0931	-13.4215	45.204	0.00138296
17	1	48.1472	-13.2072	45.2588	0.00611752
17	2	48.1785	-12.9945	45.292	0.0108082
17	3	48.1642	-12.785	45.2804	0.0154388
17	4	48.1005	-12.5688	45.2206	0.0202405
17	5	48.0154	-12.3521	45.1404	0.0250785
17	6	47.9231	-12.1372	45.0541	0.0298977
17	7	47.828	-11.9247	44.9659	0.0346849
17	8	47.7342	-11.7147	44.8799	0.0394339
17	9	47.6409	-11.5077	44.7953	0.0441326
17	10	47.5471	-11.3031	44.7112	0.0487983
17	11	47.4508	-11.1	44.6254	0.0534495
17	12	47.3561	-10.8953	44.5422	0.0581515
17	13	47.2627	-10.689	44.4614	0.0629057
17	14	47.1659	-10.4841	44.3782	0.0676502
17	15	47.069	-10.2797	44.2959	0.0724019
17	16	46.9713	-10.0783	44.2135	0.0771046
17	17	46.8778	-9.87512	44.1364	0.0818585
17	18	46.7893	-9.67055	44.0654	0.0866497
17	19	46.6951	-9.46845	43.9895	0.0914121
17	20	46.6034	-9.26518	43.9173	0.0962116
17	21	46.5144	-9.06152	43.8488	0.10103
17	22	46.4213	-8.86101	43.7769	0.105801
17	23	46.3285	-8.66419	43.7059	0.110504
17	24	46.2349	-8.46959	43.6348	0.115173
17	25	46.143	-8.27733	43.566	0.119799
17	26	46.0506	-8.08713	43.4975	0.124394
17	27	45.9571	-7.89918	43.4285	0.128956
17	28	45.8608	-7.71512	43.3571	0.133451
17	29	45.7654	-7.53655	43.2867	0.137833
17	30	45.668	-7.36468	43.2143	0.142082
17	31	45.5698	-7.19755	43.1411	0.14624
17	32	45.4693	-7.03522	43.0657	0.150309
17	33	45.3674	-6.87659	42.989	0.154312
17	34	45.256	-6.72491	42.9026	0.158205
17	35	45.1342	-6.57835	42.8057	0.162034
17	36	44.9898	-6.44371	42.6852	0.165693
17	37	44.8286	-6.31329	42.548	0.169341
17	38	44.6421	-6.19359	42.3846	0.172866
17	39	44.4522	-6.09128	42.2154	0.176027
17	40	44.2557	-6.00873	42.0365	0.17878
17	41	44.0529	-5.94097	41.8491	0.181234
17	42	43.8453	-5.88484	41.6552	0.183458
17	43	43.6346	-5.83566	41.457	0.185552
17	44	43.4208	-5.79414	41.2546	0.187497
17	45	43.2045	-5.75997	41.0485	0.189297
17	46	42.9866	-5.73445	40.8394	0.190915
17	47	42.769	-5.71725	40.6291	0.192347
17	48	42.553	-5.70795	40.4189	0.193594
17	49	42.3391	-5.70492	40.2095	0.194692
17	50	42.1269	-5.70781	40.0009	0.195647
17	51	41.9159	-5.71729	39.792	0.196444
17	52	41.7051	-5.73537	39.5818	0.197035
17	53	41.495	-5.76575	39.3698	0.197324
17	54	41.2857	-5.8147	39.155	0.197146
17	55	41.0776	-5.88473	38.9372	0.196429
17	56	40.8718	-5.97675	38.7175	0.195135
17	57	40.6847	-6.08233	38.5135	0.193388
17	58	40.5122	-6.201	38.3215	0.191214
17	59	40.3535	-6.33402	38.1405	0.188581
17	60	40.2054	-6.48182	37.9675	0.185488
17	61	40.0642	-6.63959	37.7998	0.182075
17	62	39.9274	-6.80388	37.6358	0.17844
17	63	39.7935	-6.97225	37.4744	0.174653
17	64	39.6641	-7.14436	37.3174	0.170713
17	65	39.5397	-7.31784	37.1656	0.166682
17	66	39.4201	-7.49032	37.0193	0.162623
17	67	39.3047	-7.664	36.8776	0.158483
17	68	39.1923	-7.83744	36.7397	0.154304
17	69	39.0825	-8.01013	36.6049	0.150103
17	70	38.9746	-8.18153	36.4729	0.145899
17	71	38.8712	-8.35796	36.3454	0.14151
17	72	38.7723	-8.53708	36.2225	0.136999
17	73	38.6821	-8.71856	36.1088	0.132361
17	74	38.5979	-8.89876	36.0019	0.127709
17	75	38.5232	-9.07804	35.9053	0.123021
17	76	38.4522	-9.25404	35.8137	0.118387
17	77	38.3913	-9.43213	35.7326	0.11364
17	78	38.332	-9.61042	35.6538	0.10886
17	79	38.2909	-9.79515	35.5934	0.103826
17	80	38.2558	-9.98506	35.5393	0.0986132
17	81	38.2428	-10.1857	35.5071	0.0930259
17	82	38.2432	-10.3874	35.4894	0.0873668
17	83	38.2678	-10.5797	35.4977	0.081908
17	84	38.3097	-10.7642	35.5248	0.0766354
17	85	38.3648	-10.9442	35.5664	0.0714709
17	86	38.4279	-11.1223	35.6171	0.0663584
17	87	38.4948	-11.3011	35.6725	0.0612312
17	88	38.5674	-11.4818	35.7343	0.0560605
17	89	38.6428	-11.6672	35.7997	0.0507721
17	90	38.7247	-11.8546	35.8726	0.0454392
17	91	38.8116	-12.045	35.9512	0.0400392
17	92	38.9037	-12.2375	36.0361	0.034597
17	93	38.9986	-12.4325	36.1247	0.0291119
17	94	39.0943	-12.6273	36.2152	0.0236579
17	95	39.1929	-12.8219	36.3097	0.0182356
17	96	39.2882	-13.0178	36.402	0.012807
17	97	39.3877	-13.2123	36.4996	0.00744376
17	98	39.4873	-13.4077	36.5982	0.00208638
17	99	39.5883	-13.602	36.6993	-0.00321326
17	100	39.6902	-13.7942	36.8023	-0.00842781
17	101	39.7943	-13.9829	36.9085	-0.0135171
17	102	39.8955	-14.1712	37.0127	-0.0185677
17	103	39.9942	-14.3601	37.1154	-0.0236051
17	104	40.0968	-14.5467	37.2228	-0.0285529
17	105	40.2014	-14.735	37.3332	-0.0335134
17	106	40.3089	-14.9256	37.4475	-0.0385041
17	107	40.4158	-15.1188	37.5622	-0.043535
17	108	40.5247	-15.3122	37.6799	-0.0485365
17	109	40.6364	-15.5054	37.8013	-0.0534983
17	110	40.7503	-15.6994	37.9259	-0.0584457
17	111	40.8655	-15.8963	38.0528	-0.0634356
17	112	40.9857	-16.0929	38.1857	-0.068375
17	113	41.1216	-16.2729	38.334	-0.0728161
17	114	41.2857	-16.4085	38.5077	-0.0760176
17	115	41.4863	-16.5061	38.7152	-0.0781385
17	116	41.7042	-16.5826	38.9385	-0.0796591
17	117	41.9424	-16.6447	39.1809	-0.0807559
17	118	42.2088	-16.6952	39.4506	-0.0814871
17	119	42.5131	-16.7344	39.757	-0.0818476
17	120	42.819	-16.7603	40.064	-0.0818683
17	121	43.1267	-16.7705	40.3715	-0.0814968
17	122	43.4338	-16.7622	40.6769	-0.0806776
17	123	43.7365	-16.736	40.9766	-0.0794442
17	124	44.0338	-16.6949	41.2697	-0.0778815
17	125	44.3271	-16.6407	41.558	-0.076031
17	126	44.6179	-16.5717	41.8428	-0.0738601
17	127	44.9047	-16.4852	42.1225	-0.0713099
17	128	45.1839	-16.3807	42.3938	-0.0683806
17	129	45.453	-16.2611	42.6543	-0.0651515
17	130	45.7128	-16.1297	42.9053	-0.0617029
17	131	45.9655	-15.9876	43.149	-0.0580549
17	132	46.212	-15.833	43.3864	-0.0541677
17	133	46.4506	-15.6633	43.6159	-0.0499862
17	134	46.6778	-15.478	43.834	-0.0455057
17	135	46.8914	-15.2799	44.0389	-0.0407901
17	136	47.0922	-15.0719	44.2315	-0.0359066
17	137	47.2822	-14.8548	44.4142	-0.0308687
17	138	47.462	-14.6273	44.5874	-0.0256435
17	139	47.6296	-14.388	44.7496	-0.0202017
17	140	47.7823	-14.1382	44.8979	-0.0145698
17	141	47.9182	-13.8807	45.0308	-0.00880953
17	142	48.0191	-13.6443	45.1302	-0.00355239
18	0	-33.0867	-2.40657	37.6427	2.84289
18	1	-33.2086	-2.24672	37.8064	2.8398
18	2	-33.3355	-2.09328	37.9734	2.83694
18	3	-33.4638	-1.94455	38.1405	2.83422
18	4	-33.5939	-1.80147	38.3079	2.83169
18	5	-33.7247	-1.66293	38.4749	2.8293
18	6	-33.856	-1.52788	38.6414	2.82702
18	7	-33.9918	-1.3986	38.8106	2.82493
18	8	-34.1293	-1.27264	38.9806	2.82296
18	9	-34.2685	-1.14995	39.1513	2.8211
18	10	-34.4142	-1.03729	39.3251	2.81955
18	11	-34.5606	-0.927779	39.4987	2.81809
18	12	-34.7172	-0.834226	39.6769	2.81711
18	13	-34.8843	-0.749222	39.8624	2.81642
18	14	-35.0638	-0.677459	40.0554	2.81616
18	15	-35.2592	-0.614259	40.2608	2.81622
18	16	-35.4544	-0.56884	40.4603	2.8167
18	17	-35.6491	-0.539311	40.6542	2.81754
18	18	-35.8475	-0.525601	40.8467	2.81877
18	19	-36.0483	-0.521043	41.0386	2.82022
18	20	-36.2513	-0.524901	41.23	2.82186
18	21	-36.4551	-0.536883	41.4199	2.82368
18	22	-36.6589	-0.554873	41.6078	2.82562
18	23	-36.8615	-0.580491	41.7926	2.82771
18	24	-37.0631	-0.608099	41.9759	2.82982
18	25	-37.2639	-0.64149	42.1568	2.83204
18	26	-37.4653	-0.676885	42.338	2.83428
18	27	-37.6656	-0.720714	42.5158	2.83669
18	28	-37.8649	-0.769855	42.6913	2.83919
18	29	-38.0587	-0.834855	42.8571	2.84198
18	30	-38.2493	-0.908673	43.0176	2.84493
18	31	-38.4318	-1.00193	43.1652	2.84823
18	32	-38.6133	-1.10485	43.3093	2.85172
18	33	-38.7658	-1.22096	43.4226	2.85528
18	34	-38.906	-1.33323	43.5256	2.85867
18	35	-39.0187	-1.46078	43.5985	2.8622
18	36	-39.1238	-1.58837	43.6646	2.86567
18	37	-39.2261	-1.72016	43.7274	2.86921
18	38	-39.3245	-1.85909	43.7851	2.87287
18	39	-39.4209	-2.00475	43.8397	2.87666
18	40	-39.5166	-2.15698	43.8925	2.88058
18	41	-39.6137	-2.31453	43.946	2.88461
18	42	-39.7069	-2.47742	43.9951	2.88873
18	43	-39.8006	-2.64271	44.0449	2.89289
18	44	-39.8928	-2.81185	44.093	2.89713
18	45	-39.9859	-2.9842	44.142	2.90143
18	46	-40.0809	-3.1604	44.1928	2.90581
18	47	-40.1755	-3.33985	44.2433	2.91025
18	48	-40.2702	-3.52289	44.294	2.91477
18	49	-40.3606	-3.70843	44.3408	2.9193
18	50	-40.4529	-3.89264	44.3907	2.92381
18	51	-40.5475	-4.07547	44.444	2.92828
18	52	-40.6366	-4.26151	44.4921	2.93279
18	53	-40.7309	-4.4465	44.5464	2.9373
18	54	-40.8313	-4.63181	44.6077	2.94182
18	55	-40.9255	-4.82136	44.6628	2.9464
18	56	-41.0228	-5.01041	44.7221	2.95097
18	57	-41.1214	-5.19701	44.784	2.95548
18	58	-41.2121	-5.3856	44.8387	2.95998
18	59	-41.3065	-5.57093	44.8985	2.96442
18	60	-41.4076	-5.75311	44.9663	2.96881
18	61	-41.5135	-5.93509	45.0398	2.97319
18	62	-41.617	-6.12191	45.111	2.97766
18	63	-41.7204	-6.31203	45.1824	2.98218
18	64	-41.8237	-6.50423	45.2544	2.98674
18	65	-41.9298	-6.69623	45.33	2.99129
18	66	-42.0354	-6.88875	45.4061	2.99583
18	67	-42.1408	-7.08311	45.4826	3.00039
18	68	-42.2445	-7.28121	45.5579	3.00502
18	69	-42.3535	-7.47795	45.6396	3.00961
18	70	-42.4318	-7.67334	45.692	3.01408
18	71	-42.4574	-7.86379	45.6935	3.01828
18	72	-42.4489	-8.05729	45.6617	3.02246
18	73	-42.4144	-8.25116	45.6048	3.0266
18	74	-42.3657	-8.44954	45.534	3.0308
18	75	-42.293	-8.65575	45.4394	3.03513
18	76	-42.1954	-8.87649	45.3194	3.03975
18	77	-42.0652	-9.11918	45.1658	3.0448
18	78	-41.9231	-9.35629	45.002	3.04974
18	79	-41.7677	-9.58784	44.8265	3.05457
18	80	-41.5965	-9.81164	44.637	3.05923
18	81	-41.4094	-10.0237	44.4335	3.06364
18	82	-41.2092	-10.2215	44.2189	3.06775
18	83	-40.9996	-10.4059	43.9966	3.07157
18	84	-40.7821	-10.5791	43.7678	3.07517
18	85	-40.5557	-10.7426	43.5313	3.07857
18	86	-40.3187	-10.8953	43.2853	3.08175
18	87	-40.0708	-11.0347	43.0297	3.08464
18	88	-39.8141	-11.1585	42.7666	3.08719
18	89	-39.5516	-11.2674	42.4986	3.08941
18	90	-39.2841	-11.3635	42.2266	3.09135
18	91	-39.0107	-11.448	41.9494	3.09304
18	92	-38.7298	-11.5193	41.6653	3.09442
18	93	-38.4416	-11.5744	41.3749	3.09542
18	94	-38.149	-11.6115	41.0809	3.096
18	95	-37.855	-11.6321	40.7862	3.09617
18	96	-37.5598	-11.6387	40.4911	3.096
18	97	-37.262	-11.6322	40.1938	3.0955
18	98	-36.9606	-11.6106	39.8938	3.09462
18	99	-36.658	-11.5715	39.5934	3.09327
18	100	-36.3579	-11.5142	39.2965	3.09144
18	101	-36.1005	-11.4442	39.043	3.08932
18	102	-35.8768	-11.367	38.8237	3.08704
18	103	-35.6761	-11.2828	38.6281	3.08458
18	104	-35.4908	-11.189	38.4486	3.08187
18	105	-35.3196	-11.0777	38.2844	3.0787
18	106	-35.1801	-10.9303	38.1548	3.07461
18	107	-35.0626	-10.7383	38.051	3.06937
18	108	-34.9547	-10.5388	37.9583	3.06392
18	109	-34.8508	-10.3382	37.8708	3.05843
18	110	-34.7498	-10.1396	37.7873	3.05297
18	111	-34.6507	-9.94528	37.7063	3.0476
18	112	-34.5528	-9.75274	37.6274	3.04227
18	113	-34.458	-9.56049	37.5527	3.03692
18	114	-34.3626	-9.36977	37.4783	3.03159
18	115	-34.2661	-9.18083	37.4036	3.02629
18	116	-34.1724	-8.98678	37.3334	3.02084
18	117	-34.0788	-8.79146	37.2646	3.01533
18	118	-33.9863	-8.59667	37.1979	3.00982
18	119	-33.8959	-8.40308	37.1343	3.00434
18	120	-33.809	-8.21034	37.0752	2.99887
18	121	-33.7192	-8.02092	37.0138	2.99345
18	122	-33.6247	-7.82782	36.9494	2.98791
18	123	-33.5318	-7.62927	36.8886	2.9822
18	124	-33.4392	-7.42815	36.8297	2.97641
18	125	-33.3481	-7.22638	36.7736	2.97059
18	126	-33.2558	-7.02652	36.7173	2.9648
18	127	-33.1654	-6.82722	36.664	2.95902
18	128	-33.0767	-6.62773	36.6135	2.95322
18	129	-32.9888	-6.42744	36.5653	2.94739
18	130	-32.9008	-6.2265	36.5184	2.94152
18	131	-32.8152	-6.02478	36.4753	2.93564
18	132	-32.7338	-5.82337	36.4374	2.92977
18	133	-32.6577	-5.62356	36.4056	2.92397
18	134	-32.5876	-5.42556	36.3805	2.91824
18	135	-32.5216	-5.23163	36.3596	2.91263
18	136	-32.4595	-5.03991	36.3433	2.90711
18	137	-32.4029	-4.84792	36.3333	2.9016
18	138	-32.3551	-4.65306	36.3338	2.89608
18	139	-32.3239	-4.45223	36.3529	2.89052
18	140	-32.3125	-4.24216	36.3947	2.88485
18	141	-32.321	-4.02126	36.4596	2.87905
18	142	-32.3491	-3.81396	36.541	2.87377
18	143	-32.3963	-3.61706	36.639	2.86892
18	144	-32.4633	-3.43113	36.754	2.86454
18	145	-32.5497	-3.25227	36.8864	2.86052
18	146	-32.6459	-3.07794	37.0274	2.85672
18	147	-32.7492	-2.90697	37.1749	2.85309
18	148	-32.8574	-2.73787	37.3269	2.84957
18	149	-32.9699	-2.57071	37.483	2.84616
25	0	40.306	-17.3598	37.6171	-0.103217
25	1	40.3643	-17.1685	37.6558	-0.0980031
25	2	40.4009	-16.9867	37.6749	-0.0931054
25	3	40.4358	-16.8123	37.6939	-0.0884113
25	4	40.4269	-16.6432	37.6704	-0.083962
25	5	40.3626	-16.4729	37.5924	-0.0795908
25	6	40.3055	-16.2968	37.5219	-0.0750341
25	7	40.2391	-16.1175	37.4427	-0.0703926
25	8	40.1638	-15.9347	37.3551	-0.0656531
25	9	40.0846	-15.7488	37.2643	-0.0608124
25	10	39.9995	-15.5612	37.1684	-0.0559145
25	11	39.9121	-15.3735	37.0711	-0.05099
25	12	39.8227	-15.1849	36.9727	-0.0460197
25	13	39.7328	-14.9935	36.8746	-0.0409461
25	14	39.6409	-14.8019	36.7753	-0.0358442
25	15	39.546	-14.6101	36.6741	-0.0307103
25	16	39.4488	-14.4186	36.5716	-0.0255561
25	17	39.3525	-14.2272	36.4709	-0.0203778
25	18	39.2553	-14.0382	36.3704	-0.0152376
25	19	39.1571	-13.8521	36.2698	-0.0101492
25	20	39.0586	-13.6683	36.1699	-0.00509421
25	21	38.9619	-13.4851	36.0727	-2.86077e-05
25	22	38.8635	-13.3046	35.9748	0.00498703
25	23	38.7613	-13.1226	35.8739	0.0100743
25	24	38.6571	-12.9394	35.7721	0.0152248
25	25	38.5532	-12.7548	35.6715	0.0204444
25	26	38.4481	-12.5695	35.5707	0.025712
25	27	38.3414	-12.3831	35.4693	0.0310429
25	28	38.2319	-12.1957	35.3662	0.0364374
25	29	38.1183	-12.0082	35.26	0.0418687
25	30	38.0008	-11.8207	35.151	0.047336
25	31	37.879	-11.6367	35.0386	0.0527468
25	32	37.7526	-11.4589	34.9222	0.0580215
25	33	37.62	-11.2898	34.8	0.0630952
25	34	37.4791	-11.1316	34.6698	0.0679052
25	35	37.3254	-10.9865	34.5267	0.0723982
25	36	37.1585	-10.8513	34.3703	0.0766732
25	37	36.9741	-10.7271	34.1962	0.0807077
25	38	36.7845	-10.6245	34.0157	0.0841633
25	39	36.5878	-10.5448	33.8265	0.0869995
25	40	36.3837	-10.4862	33.6284	0.0892655
25	41	36.1756	-10.4423	33.4251	0.091127
25	42	35.9662	-10.4084	33.2197	0.0927176
25	43	35.7572	-10.3808	33.0142	0.0941344
25	44	35.5489	-10.3581	32.8089	0.0954222
25	45	35.3408	-10.3378	32.6038	0.0966481
25	46	35.1325	-10.3237	32.3978	0.0977015
25	47	34.9252	-10.314	32.1925	0.0986304
25	48	34.7205	-10.3116	31.989	0.0993363
25	49	34.5181	-10.3146	31.7873	0.0998719
25	50	34.3195	-10.3264	31.5885	0.100129
25	51	34.1248	-10.34	31.3935	0.100318
25	52	33.934	-10.3594	31.2016	0.100312
25	53	33.7453	-10.3802	31.0118	0.100254
25	54	33.5575	-10.4065	30.8224	0.100013
25	55	33.3711	-10.4424	30.6333	0.0994557
25	56	33.1865	-10.4876	30.4451	0.0985794
25	57	33.005	-10.5568	30.2578	0.0968942
25	58	32.8221	-10.6349	30.0682	0.0948979
25	59	32.6553	-10.7382	29.8925	0.0919871
25	60	32.4992	-10.8424	29.7276	0.0889789
25	61	32.3686	-10.9657	29.5868	0.0852209
25	62	32.2462	-11.091	29.4544	0.0813361
25	63	32.133	-11.2247	29.3309	0.0771054
25	64	32.022	-11.3622	29.21	0.0727049
25	65	31.9115	-11.5034	29.0898	0.0681395
25	66	31.8062	-11.6522	28.975	0.0632637
25	67	31.701	-11.8036	28.8608	0.0582573
25	68	31.6022	-11.9642	28.7532	0.0528838
25	69	31.5033	-12.1273	28.6463	0.0473781
25	70	31.4132	-12.2956	28.5488	0.0416394
25	71	31.3255	-12.4628	28.4547	0.0358967
25	72	31.2404	-12.6344	28.364	0.0299587
25	73	31.1555	-12.808	28.2744	0.0239127
25	74	31.0736	-12.9835	28.1889	0.0177584
25	75	30.9918	-13.1639	28.1044	0.0113893
25	76	30.9123	-13.3482	28.0234	0.00484561
25	77	30.8373	-13.5345	27.9482	-0.00180515
25	78	30.7643	-13.7232	27.8761	-0.00857937
25	79	30.6948	-13.9135	27.8089	-0.0154434
25	80	30.6285	-14.1046	27.7463	-0.0223679
25	81	30.5668	-14.2974	27.6896	-0.0293793
25	82	30.5085	-14.4925	27.6378	-0.0364978
25	83	30.4605	-14.6911	27.5977	-0.0437526
25	84	30.4237	-14.8916	27.5704	-0.0510744
25	85	30.4083	-15.094	27.5662	-0.0584361
25	86	30.4119	-15.2991	27.5825	-0.0658519
25	87	30.4375	-15.5076	27.6226	-0.0733221
25	88	30.4807	-15.7141	27.6815	-0.0806484
25	89	30.5407	-15.9125	27.758	-0.087601
25	90	30.6143	-16.1059	27.8488	-0.0942853
25	91	30.7044	-16.2957	27.957	-0.10074
25	92	30.8053	-16.4848	28.0769	-0.107081
25	93	30.9145	-16.6735	28.2062	-0.113319
25	94	31.0304	-16.8612	28.3431	-0.119438
25	95	31.1509	-17.047	28.4854	-0.125409
25	96	31.2714	-17.2295	28.6283	-0.131206
25	97	31.3904	-17.4092	28.7702	-0.136859
25	98	31.5102	-17.5854	28.9133	-0.142329
25	99	31.6285	-17.7608	29.0558	-0.147729
25	100	31.7458	-17.936	29.198	-0.153072
25	101	31.8642	-18.1088	29.3418	-0.158278
25	102	31.9841	-18.2816	29.4878	-0.163422
25	103	32.1036	-18.4546	29.6342	-0.168528
25	104	32.2247	-18.6268	29.7829	-0.173544
25	105	32.3457	-18.796	29.9317	-0.178415
25	106	32.4665	-18.9638	30.0806	-0.183192
25	107	32.5862	-19.1316	30.2292	-0.187928
25	108	32.7066	-19.2978	30.3789	-0.192563
25	109	32.8269	-19.4619	30.5287	-0.197086
25	110	32.9467	-19.6228	30.6779	-0.201463
25	111	33.0657	-19.7797	30.8263	-0.205677
25	112	33.1837	-19.9332	30.9734	-0.20975
25	113	33.3024	-20.0829	31.1209	-0.213661
25	114	33.4185	-20.2295	31.2656	-0.217456
25	115	33.5387	-20.3685	31.4132	-0.220954
25	116	33.6547	-20.5066	31.5569	-0.224416
25	117	33.7789	-20.63	31.7055	-0.227338
25	118	33.9397	-20.6996	31.8778	-0.228329
25	119	34.121	-20.7577	32.0677	-0.228814
25	120	34.3224	-20.7818	32.2692	-0.228125
25	121	34.5428	-20.8054	32.4892	-0.227299
25	122	34.7926	-20.8143	32.7347	-0.225846
25	123	35.0816	-20.8165	33.0169	-0.223949
25	124	35.3718	-20.8074	33.298	-0.221749
25	125	35.6642	-20.7855	33.5785	-0.219196
25	126	35.9574	-20.7464	33.8563	-0.216187
25	127	36.2476	-20.6891	34.1277	-0.212723
25	128	36.5318	-20.6162	34.3903	-0.208904
25	129	36.8106	-20.5308	34.6456	-0.204826
25	130	37.0858	-20.4337	34.8957	-0.200497
25	131	37.358	-20.3228	35.1407	-0.195862
25	132	37.6248	-20.1964	35.3782	-0.190889
25	133	37.8829	-20.0558	35.6055	-0.185637
25	134	38.1321	-19.9043	35.8229	-0.180197
25	135	38.3741	-19.7436	36.0328	-0.174604
25	136	38.6106	-19.5721	36.2365	-0.168811
25	137	38.8403	-19.387	36.4325	-0.162743
25	138	39.0593	-19.1872	36.617	-0.156388
25	139	39.2644	-18.9753	36.7874	-0.14983
25	140	39.4564	-18.755	36.9451	-0.143158
25	141	39.6376	-18.5273	37.0929	-0.136387
25	142	39.809	-18.2911	37.2314	-0.129475
25	143	39.9691	-18.0454	37.3595	-0.122399
25	144	40.1149	-17.7914	37.4741	-0.115197
25	145	40.2232	-17.5646	37.5563	-0.108866
26	0	-25.3776	-8.03956	28.7864	2.95131
26	1	-25.4608	-7.82229	28.9098	2.94448
26	2	-25.551	-7.60687	29.0411	2.93781
26	3	-25.6459	-7.39601	29.1773	2.93139
26	4	-25.7436	-7.18974	29.3165	2.92521
26	5	-25.8433	-6.9868	29.4579	2.9192
26	6	-25.9456	-6.78564	29.6026	2.91334
26	7	-26.0525	-6.58522	29.7526	2.90759
26	8	-26.1641	-6.38707	29.9075	2.90201
26	9	-26.2819	-6.1921	30.0687	2.89664
26	10	-26.4041	-6.00309	30.2334	2.89156
26	11	-26.5277	-5.82066	30.3987	2.88675
26	12	-26.6536	-5.64317	30.5656	2.88217
26	13	-26.7817	-5.46934	30.7343	2.87777
26	14	-26.9133	-5.30021	30.9057	2.8736
26	15	-27.0517	-5.13728	31.0826	2.86972
26	16	-27.2023	-4.98454	31.2688	2.86631
26	17	-27.3697	-4.84424	31.4682	2.86346
26	18	-27.5537	-4.71706	31.6801	2.8612
26	19	-27.7417	-4.61247	31.8897	2.85968
26	20	-27.9352	-4.52889	32.0989	2.85885
26	21	-28.1355	-4.46367	32.3094	2.85865
26	22	-28.3415	-4.41162	32.5217	2.85888
26	23	-28.5519	-4.36949	32.7355	2.85943
26	24	-28.7663	-4.33661	32.9507	2.86029
26	25	-28.9836	-4.31383	33.1657	2.86145
26	26	-29.2013	-4.30164	33.3784	2.8629
26	27	-29.4172	-4.29905	33.5867	2.86459
26	28	-29.63	-4.30452	33.79	2.86647
26	29	-29.8402	-4.31634	33.9891	2.86849
26	30	-30.0486	-4.33485	34.1849	2.87065
26	31	-30.2565	-4.36171	34.3781	2.87302
26	32	-30.4639	-4.40178	34.5675	2.87573
26	33	-30.6688	-4.46183	34.7497	2.87895
26	34	-30.8692	-4.54946	34.9207	2.88286
26	35	-31.0645	-4.66698	35.0798	2.88753
26	36	-31.2561	-4.813	35.229	2.8929
26	37	-31.4289	-4.9707	35.3582	2.89843
26	38	-31.5874	-5.13875	35.4722	2.9041
26	39	-31.7329	-5.31926	35.5717	2.91
26	40	-31.8677	-5.51438	35.6589	2.91619
26	41	-31.9951	-5.71753	35.7384	2.92253
26	42	-32.1169	-5.92556	35.8128	2.92894
26	43	-32.2333	-6.135	35.8831	2.93533
26	44	-32.3445	-6.34535	35.9496	2.94169
26	45	-32.4525	-6.55533	36.0145	2.948
26	46	-32.5597	-6.76534	36.0799	2.95428
26	47	-32.6669	-6.9763	36.1467	2.96057
26	48	-32.7737	-7.18853	36.2143	2.96686
26	49	-32.8804	-7.40035	36.2833	2.97313
26	50	-32.9852	-7.61123	36.3519	2.97933
26	51	-33.0865	-7.82225	36.4185	2.9855
26	52	-33.1871	-8.03391	36.4857	2.99165
26	53	-33.2902	-8.2466	36.5566	2.99783
26	54	-33.3928	-8.46233	36.6278	3.00406
26	55	-33.4926	-8.68097	36.6975	3.01033
26	56	-33.5903	-8.90093	36.7663	3.01661
26	57	-33.6889	-9.11839	36.8377	3.0228
26	58	-33.7866	-9.33695	36.9095	3.029
26	59	-33.8816	-9.55588	36.98	3.03517
26	60	-33.9746	-9.7761	37.0498	3.04135
26	61	-34.066	-9.99683	37.1194	3.04751
26	62	-34.1535	-10.2144	37.1867	3.05355
26	63	-34.2373	-10.4291	37.252	3.05949
26	64	-34.3174	-10.6399	37.3151	3.0653
26	65	-34.394	-10.8464	37.3763	3.07096
26	66	-34.4611	-11.0525	37.4293	3.07658
26	67	-34.5334	-11.2535	37.489	3.08206
26	68	-34.5637	-11.4499	37.5081	3.08733
26	69	-34.5426	-11.6462	37.4768	3.09253
26	70	-34.482	-11.845	37.4071	3.09776
26	71	-34.3961	-12.0461	37.313	3.10305
26	72	-34.2865	-12.2567	37.1959	3.10859
26	73	-34.1491	-12.485	37.0517	3.11463
26	74	-33.9767	-12.7408	36.8734	3.12143
26	75	-33.7892	-12.9902	36.6818	3.12813
26	76	-33.5833	-13.2291	36.4734	3.1346
26	77	-33.3608	-13.4516	36.25	3.1407
26	78	-33.1272	-13.6571	36.0168	-3.13679
26	79	-32.8852	-13.8491	35.7763	-3.13139
26	80	-32.6334	-14.0298	35.5268	-3.12623
26	81	-32.3693	-14.1973	35.2657	-3.12137
26	82	-32.0945	-14.3475	34.9943	-3.11692
26	83	-31.8132	-14.4798	34.7167	-3.11291
26	84	-31.5272	-14.5972	34.4344	-3.10926
26	85	-31.2344	-14.7008	34.1453	-3.10595
26	86	-30.9327	-14.7876	33.847	-3.10307
26	87	-30.6245	-14.8533	33.5416	-3.10076
26	88	-30.3158	-14.8979	33.2351	-3.09904
26	89	-30.0325	-14.9233	32.9531	-3.0979
26	90	-29.7837	-14.9306	32.7049	-3.09735
26	91	-29.5584	-14.9229	32.4795	-3.09728
26	92	-29.351	-14.8993	32.2712	-3.09772
26	93	-29.1565	-14.8538	32.0749	-3.09887
26	94	-28.986	-14.7659	31.901	-3.1014
26	95	-28.825	-14.6351	31.7351	-3.10531
26	96	-28.6688	-14.4907	31.5741	-3.1097
26	97	-28.5117	-14.3407	31.4126	-3.11432
26	98	-28.355	-14.1861	31.2521	-3.11913
26	99	-28.1984	-14.0288	31.0924	-3.12407
26	100	-28.0405	-13.8674	30.932	-3.1292
26	101	-27.8834	-13.7016	30.7734	-3.13452
26	102	-27.7281	-13.5306	30.6173	-3.14007
26	103	-27.5755	-13.3559	30.4649	3.13739
26	104	-27.4257	-13.1796	30.3164	3.13155
26	105	-27.277	-13.004	30.17	3.12568
26	106	-27.1282	-12.828	30.0245	3.11974
26	107	-26.9788	-12.6495	29.8797	3.11366
26	108	-26.8281	-12.4677	29.7347	3.10741
26	109	-26.6765	-12.2828	29.5901	3.10099
26	110	-26.526	-12.0952	29.4479	3.09441
26	111	-26.3763	-11.9064	29.308	3.08774
26	112	-26.2261	-11.7161	29.1689	3.08095
26	113	-26.0766	-11.5247	29.032	3.07405
26	114	-25.9282	-11.3299	28.8977	3.06698
26	115	-25.7826	-11.1312	28.7682	3.05972
26	116	-25.6427	-10.9295	28.646	3.0523
26	117	-25.5101	-10.7256	28.533	3.04477
26	118	-25.3864	-10.5192	28.4306	3.03712
26	119	-25.2738	-10.3089	28.3414	3.02933
26	120	-25.1791	-10.0906	28.2727	3.02128
26	121	-25.1097	-9.85989	28.2325	3.01287
26	122	-25.0636	-9.61627	28.2191	3.0041
26	123	-25.0459	-9.37807	28.2352	2.99566
26	124	-25.0588	-9.14606	28.2826	2.98761
26	125	-25.1001	-8.91913	28.3591	2.97992
26	126	-25.16	-8.6959	28.4549	2.97252
26	127	-25.228	-8.47595	28.5597	2.96533
26	128	-25.3005	-8.25751	28.6701	2.95827
32	0	33.0155	-21.4652	31.1656	-0.258975
32	1	33.0276	-21.2776	31.1298	-0.253048
32	2	33.0316	-21.0942	31.0883	-0.247304
32	3	33.0123	-20.9127	31.0256	-0.241786
32	4	32.9576	-20.7323	30.9297	-0.236546
32	5	32.8545	-20.5439	30.7857	-0.231382
32	6	32.743	-20.3585	30.6351	-0.226328
32	7	32.6285	-20.1747	30.4826	-0.221293
32	8	32.5153	-19.9919	30.3325	-0.216234
32	9	32.4011	-19.8115	30.1826	-0.211207
32	10	32.2866	-19.6341	30.0338	-0.206229
32	11	32.1731	-19.4585	29.8871	-0.201256
32	12	32.0588	-19.285	29.7408	-0.196309
32	13	31.9427	-19.1135	29.5939	-0.191391
32	14	31.8253	-18.9436	29.4466	-0.186486
32	15	31.7097	-18.7739	29.3019	-0.181524
32	16	31.5935	-18.6066	29.1578	-0.176602
32	17	31.4766	-18.4424	29.0142	-0.171738
32	18	31.3594	-18.2808	28.8715	-0.166916
32	19	31.2451	-18.1189	28.7322	-0.16202
32	20	31.1302	-17.959	28.5934	-0.157152
32	21	31.0108	-17.7998	28.4509	-0.152281
32	22	30.889	-17.6412	28.3067	-0.147396
32	23	30.765	-17.4851	28.1615	-0.14256
32	24	30.6432	-17.3338	28.0197	-0.137832
32	25	30.5213	-17.1896	27.8795	-0.133308
32	26	30.4002	-17.0515	27.7414	-0.128955
32	27	30.2781	-16.9199	27.6036	-0.124796
32	28	30.1544	-16.7943	27.4654	-0.120819
32	29	30.0302	-16.6742	27.3278	-0.117004
32	30	29.9018	-16.5583	27.187	-0.113321
32	31	29.7651	-16.4495	27.0391	-0.109895
32	32	29.6139	-16.3538	26.8783	-0.106974
32	33	29.4462	-16.2685	26.7026	-0.104467
32	34	29.2604	-16.2028	26.511	-0.102733
32	35	29.0821	-16.1444	26.3277	-0.101222
32	36	28.9019	-16.1129	26.1452	-0.100718
32	37	28.7229	-16.0892	25.9647	-0.100505
32	38	28.5425	-16.0744	25.7838	-0.100636
32	39	28.3603	-16.066	25.6016	-0.101025
32	40	28.1759	-16.0695	25.4186	-0.10189
32	41	27.9895	-16.0734	25.2335	-0.102799
32	42	27.8015	-16.0854	25.0478	-0.104044
32	43	27.6127	-16.1026	24.8618	-0.105523
32	44	27.424	-16.1266	24.6767	-0.107294
32	45	27.2374	-16.1559	24.4943	-0.1093
32	46	27.053	-16.1908	24.315	-0.111552
32	47	26.8705	-16.2301	24.138	-0.114011
32	48	26.6914	-16.2781	23.9657	-0.116853
32	49	26.5146	-16.3314	23.7964	-0.119942
32	50	26.3458	-16.4057	23.6378	-0.123917
32	51	26.1769	-16.4876	23.4806	-0.128266
32	52	26.0175	-16.5973	23.3369	-0.133806
32	53	25.8696	-16.7053	23.2051	-0.139268
32	54	25.7482	-16.8323	23.1029	-0.145441
32	55	25.6367	-16.9613	23.0117	-0.151691
32	56	25.5377	-17.0997	22.9353	-0.158309
32	57	25.4459	-17.2428	22.8677	-0.165122
32	58	25.3576	-17.3885	22.8051	-0.172058
32	59	25.2745	-17.5376	22.7494	-0.179138
32	60	25.1963	-17.6921	22.7006	-0.186454
32	61	25.1198	-17.8503	22.6554	-0.193939
32	62	25.0507	-18.0133	22.6196	-0.201598
32	63	24.9815	-18.1815	22.5862	-0.209511
32	64	24.9177	-18.3562	22.5609	-0.217669
32	65	24.8562	-18.5339	22.54	-0.22596
32	66	24.8044	-18.7147	22.5308	-0.234296
32	67	24.7566	-18.8942	22.5267	-0.24254
32	68	24.7139	-19.0771	22.53	-0.250872
32	69	24.6741	-19.2614	22.538	-0.259235
32	70	24.6386	-19.4466	22.5519	-0.267573
32	71	24.6049	-19.6363	22.5704	-0.276075
32	72	24.5754	-19.8302	22.5957	-0.28469
32	73	24.5489	-20.0266	22.6263	-0.293346
32	74	24.5307	-20.2235	22.6666	-0.301897
32	75	24.5145	-20.4224	22.7112	-0.310467
32	76	24.5056	-20.6216	22.7644	-0.318919
32	77	24.5004	-20.8198	22.8223	-0.327239
32	78	24.5017	-21.0186	22.8882	-0.335448
32	79	24.505	-21.2182	22.9578	-0.343607
32	80	24.5193	-21.4175	23.0391	-0.351543
32	81	24.5381	-21.6162	23.1259	-0.35933
32	82	24.5801	-21.8098	23.2339	-0.366495
32	83	24.6299	-22.0025	23.35	-0.373436
32	84	24.7076	-22.1888	23.4908	-0.379614
32	85	24.7876	-22.361	23.6293	-0.385125
32	86	24.8885	-22.5092	23.7787	-0.389309
32	87	24.9907	-22.6469	23.9256	-0.393012
32	88	25.1053	-22.773	24.0799	-0.396027
32	89	25.2219	-22.899	24.2362	-0.398967
32	90	25.3474	-23.0208	24.3992	-0.401571
32	91	25.4777	-23.1448	24.5676	-0.404142
32	92	25.6167	-23.2647	24.7427	-0.406389
32	93	25.7615	-23.3836	24.9228	-0.408476
32	94	25.9126	-23.4996	25.1075	-0.410325
32	95	26.0681	-23.6126	25.2952	-0.41197
32	96	26.2262	-23.7234	25.4845	-0.413471
32	97	26.3861	-23.8322	25.6747	-0.414847
32	98	26.5471	-23.94	25.8655	-0.416154
32	99	26.7094	-24.047	26.0572	-0.417392
32	100	26.8732	-24.1529	26.2499	-0.41855
32	101	27.0384	-24.2567	26.443	-0.419596
32	102	27.2078	-24.3617	26.6405	-0.420605
32	103	27.3802	-24.4667	26.8408	-0.421554
32	104	27.5543	-24.571	27.0424	-0.422439
32	105	27.73	-24.6744	27.245	-0.423255
32	106	27.9074	-24.7768	27.4488	-0.424004
32	107	28.0873	-24.8782	27.6545	-0.424668
32	108	28.271	-24.9799	27.8638	-0.425278
32	109	28.4589	-25.0788	28.0758	-0.425726
32	110	28.6519	-25.168	28.2884	-0.425778
32	111	28.8398	-25.263	28.4987	-0.426092
32	112	29.0198	-25.2971	28.6767	-0.42458
32	113	29.2023	-25.2764	28.8347	-0.421319
32	114	29.3879	-25.2662	29	-0.41838
32	115	29.5772	-25.2346	29.1604	-0.414753
32	116	29.7756	-25.1818	29.3209	-0.410378
32	117	29.9899	-25.1045	29.487	-0.405075
32	118	30.2281	-24.9971	29.6642	-0.398583
32	119	30.4799	-24.8625	29.8449	-0.391152
32	120	30.7249	-24.7114	30.0146	-0.383387
32	121	30.9593	-24.5459	30.1711	-0.375391
32	122	31.1825	-24.3694	30.3151	-0.367278
32	123	31.3961	-24.1842	30.4489	-0.359082
32	124	31.6017	-23.9899	30.5742	-0.350767
32	125	31.7989	-23.7848	30.69	-0.342284
32	126	31.9852	-23.5686	30.7942	-0.33364
32	127	32.1592	-23.3434	30.8859	-0.324905
32	128	32.3212	-23.1112	30.9666	-0.316128
32	129	32.4731	-22.8725	31.0379	-0.307298
32	130	32.6149	-22.6261	31.0997	-0.298367
32	131	32.7445	-22.3713	31.15	-0.289325
32	132	32.8577	-22.1093	31.1851	-0.280237
32	133	32.936	-21.8752	31.1965	-0.272331
32	134	32.9847	-21.6621	31.1868	-0.265329
33	0	-18.1234	-14.194	21.0246	-3.10782
33	1	-18.1631	-13.9734	21.058	-3.11835
33	2	-18.2149	-13.7552	21.1059	-3.12874
33	3	-18.2812	-13.5404	21.1705	-3.13893
33	4	-18.371	-13.3297	21.2607	3.13434
33	5	-18.498	-13.1178	21.3903	3.12447
33	6	-18.6781	-12.8896	21.5755	3.11404
33	7	-18.7858	-12.6753	21.6901	3.1043
33	8	-18.8602	-12.478	21.7727	3.09537
33	9	-18.9391	-12.2987	21.8605	3.08734
33	10	-19.0153	-12.1277	21.9465	3.07975
33	11	-19.094	-11.9651	22.0355	3.07261
33	12	-19.1735	-11.8022	22.1267	3.06551
33	13	-19.267	-11.6427	22.2326	3.05868
33	14	-19.374	-11.483	22.3529	3.05195
33	15	-19.5032	-11.3271	22.496	3.04556
33	16	-19.6538	-11.1693	22.6616	3.03927
33	17	-19.8116	-11.0327	22.8327	3.03403
33	18	-19.978	-10.9151	23.011	3.02972
33	19	-20.1539	-10.8189	23.1967	3.02645
33	20	-20.3409	-10.7437	23.3912	3.02417
33	21	-20.5318	-10.6795	23.5883	3.02242
33	22	-20.725	-10.625	23.7866	3.02111
33	23	-20.9184	-10.5729	23.9849	3.01992
33	24	-21.1137	-10.526	24.1845	3.01898
33	25	-21.3104	-10.4795	24.3853	3.01807
33	26	-21.5098	-10.4378	24.5884	3.01738
33	27	-21.711	-10.3986	24.7929	3.01682
33	28	-21.9138	-10.3658	24.9982	3.01653
33	29	-22.1169	-10.3369	25.2033	3.0164
33	30	-22.3198	-10.3136	25.4076	3.01649
33	31	-22.5224	-10.2938	25.6111	3.0167
33	32	-22.7251	-10.279	25.814	3.01711
33	33	-22.9284	-10.269	26.017	3.0177
33	34	-23.1329	-10.2678	26.2201	3.01862
33	35	-23.3376	-10.2796	26.4218	3.02001
33	36	-23.5417	-10.3109	26.6206	3.02211
33	37	-23.7456	-10.3631	26.817	3.02495
33	38	-23.9499	-10.4373	27.0114	3.02856
33	39	-24.1454	-10.5294	27.1956	3.03273
33	40	-24.3243	-10.6342	27.3623	3.03725
33	41	-24.4876	-10.7489	27.5131	3.04201
33	42	-24.6388	-10.8737	27.6514	3.04705
33	43	-24.7858	-11.0022	27.786	3.05215
33	44	-24.9298	-11.1358	27.9179	3.05738
33	45	-25.0737	-11.2729	28.0501	3.06268
33	46	-25.2148	-11.4168	28.1799	3.06817
33	47	-25.355	-11.5646	28.3093	3.07374
33	48	-25.495	-11.7185	28.4391	3.07947
33	49	-25.6359	-11.8756	28.5704	3.08527
33	50	-25.7774	-12.0354	28.7032	3.0911
33	51	-25.9199	-12.1976	28.8378	3.09697
33	52	-26.0639	-12.3622	28.9748	3.10286
33	53	-26.209	-12.5296	29.1138	3.1088
33	54	-26.3528	-12.701	29.2524	3.11482
33	55	-26.4978	-12.8727	29.3934	3.12079
33	56	-26.6449	-13.0431	29.5374	3.12666
33	57	-26.7874	-13.2174	29.6777	3.13261
33	58	-26.9328	-13.3896	29.8221	3.13843
33	59	-27.0805	-13.5612	29.9698	-3.13902
33	60	-27.2264	-13.7353	30.1166	-3.13325
33	61	-27.3715	-13.9091	30.2637	-3.12755
33	62	-27.5113	-14.0839	30.4064	-3.12186
33	63	-27.6534	-14.258	30.5524	-3.11626
33	64	-27.7974	-14.4314	30.7012	-3.11073
33	65	-27.9414	-14.6066	30.851	-3.1052
33	66	-28.0848	-14.7844	31.0013	-3.09964
33	67	-28.2318	-14.9627	31.1561	-3.09411
33	68	-28.3556	-15.1493	31.2891	-3.08835
33	69	-28.4275	-15.3373	31.3714	-3.08248
33	70	-28.4651	-15.5352	31.4213	-3.07627
33	71	-28.4854	-15.7376	31.4554	-3.06989
33	72	-28.4902	-15.9475	31.476	-3.06325
33	73	-28.4798	-16.1713	31.4839	-3.05614
33	74	-28.4511	-16.4172	31.4772	-3.04827
33	75	-28.4019	-16.6956	31.4555	-3.03932
33	76	-28.3414	-16.9737	31.425	-3.03032
33	77	-28.2685	-17.251	31.3846	-3.02128
33	78	-28.1816	-17.525	31.3324	-3.01226
33	79	-28.0818	-17.793	31.2693	-3.00335
33	80	-27.9716	-18.0548	31.1974	-2.99455
33	81	-27.8525	-18.3116	31.1184	-2.98583
33	82	-27.7236	-18.5648	31.0316	-2.97712
33	83	-27.5824	-18.814	30.9342	-2.96843
33	84	-27.4274	-19.0565	30.8245	-2.95981
33	85	-27.26	-19.2894	30.703	-2.95137
33	86	-27.083	-19.5122	30.5724	-2.94311
33	87	-26.8983	-19.7268	30.4347	-2.935
33	88	-26.7055	-19.9347	30.2896	-2.92698
33	89	-26.503	-20.1353	30.1354	-2.91905
33	90	-26.2903	-20.3265	29.971	-2.91126
33	91	-26.0692	-20.5061	29.7976	-2.9037
33	92	-25.8419	-20.6737	29.617	-2.89639
33	93	-25.6245	-20.8162	29.4413	-2.8899
33	94	-25.4245	-20.9278	29.2758	-2.88451
33	95	-25.2358	-21.0173	29.1164	-2.87989
33	96	-25.0515	-21.0871	28.9567	-2.87591
33	97	-24.8685	-21.1429	28.7949	-2.87237
33	98	-24.6825	-21.1741	28.624	-2.86959
33	99	-24.4901	-21.162	28.4355	-2.86818
33	100	-24.282	-21.0972	28.2176	-2.86841
33	101	-24.0705	-21.0382	27.998	-2.8684
33	102	-23.8627	-20.9717	27.78	-2.86868
33	103	-23.6581	-20.9037	27.5647	-2.86906
33	104	-23.4553	-20.8351	27.3508	-2.86948
33	105	-23.2537	-20.7663	27.1382	-2.86992
33	106	-23.0515	-20.6952	26.9243	-2.87045
33	107	-22.8485	-20.6219	26.7091	-2.87106
33	108	-22.6454	-20.5469	26.4934	-2.87174
33	109	-22.4435	-20.4706	26.2784	-2.87249
33	110	-22.2438	-20.3937	26.0655	-2.8733
33	111	-22.0465	-20.317	25.8549	-2.87414
33	112	-21.851	-20.2409	25.6463	-2.87498
33	113	-21.6573	-20.1648	25.4394	-2.87586
33	114	-21.4648	-20.0889	25.2338	-2.87676
33	115	-21.275	-20.0115	25.0303	-2.87776
33	116	-21.0882	-19.9343	24.8299	-2.8788
33	117	-20.9067	-19.8558	24.6342	-2.87996
33	118	-20.7281	-19.7754	24.4409	-2.88125
33	119	-20.5529	-19.693	24.2504	-2.88267
33	120	-20.3822	-19.6061	24.0632	-2.88435
33	121	-20.214	-19.5168	23.8778	-2.88617
33	122	-20.0486	-19.4222	23.694	-2.88827
33	123	-19.8876	-19.3183	23.5122	-2.89083
33	124	-19.729	-19.2067	23.3309	-2.89378
33	125	-19.5807	-19.0735	23.1547	-2.89779
33	126	-19.437	-18.9212	22.9787	-2.90271
33	127	-19.3032	-18.7464	22.8078	-2.90877
33	128	-19.1798	-18.5655	22.6464	-2.91528
33	129	-19.0648	-18.3722	22.4915	-2.92251
33	130	-18.9352	-18.171	22.322	-2.93005
33	131	-18.7675	-17.9598	22.1144	-2.93779
33	132	-18.5609	-17.7529	21.8707	-2.94515
33	133	-18.4213	-17.5522	21.6953	-2.95296
33	134	-18.3239	-17.3535	21.5631	-2.96117
33	135	-18.2536	-17.1551	21.4591	-2.96968
33	136	-18.2001	-16.9568	21.3733	-2.97839
33	137	-18.1579	-16.7568	21.3	-2.98733
33	138	-18.1229	-16.5549	21.2353	-2.99647
33	139	-18.0945	-16.3509	21.1786	-3.00581
33	140	-18.071	-16.1425	21.1281	-3.01543
33	141	-18.0539	-15.931	21.0856	-3.02528
33	142	-18.0436	-15.7179	21.0517	-3.03528
33	143	-18.0396	-15.5029	21.0259	-3.04543
33	144	-18.041	-15.2878	21.0077	-3.05563
33	145	-18.0465	-15.071	20.9957	-3.06594
33	146	-18.0563	-14.8533	20.9902	-3.07631
33	147	-18.0715	-14.635	20.9923	-3.08674
33	148	-18.0932	-14.4147	21.003	-3.09727
38	0	29.0807	-28.285	30.0843	-0.514368
38	1	29.0836	-27.9899	29.9427	-0.505738
38	2	29.0723	-27.6977	29.7924	-0.497342
38	3	29.0504	-27.4084	29.6361	-0.489115
38	4	29.0187	-27.1205	29.4738	-0.480999
38	5	28.9788	-26.8738	29.325	-0.474168
38	6	28.9283	-26.6584	29.1822	-0.468392
38	7	28.8648	-26.467	29.0395	-0.463499
38	8	28.7851	-26.2948	28.8914	-0.459399
38	9	28.72	-26.1236	28.7574	-0.455067
38	10	28.6133	-25.994	28.6047	-0.452637
38	11	28.4654	-25.8901	28.4263	-0.451628
38	12	28.3226	-25.7742	28.2472	-0.450141
38	13	28.1705	-25.664	28.0624	-0.448964
38	14	28.0131	-25.5535	27.8727	-0.447843
38	15	27.8501	-25.4409	27.6769	-0.446727
38	16	27.6823	-25.3269	27.4764	-0.445624
38	17	27.5092	-25.211	27.2703	-0.444523
38	18	27.3315	-25.0928	27.059	-0.443405
38	19	27.1515	-24.975	26.8459	-0.442316
38	20	26.9705	-24.8568	26.6317	-0.441214
38	21	26.7908	-24.7394	26.4191	-0.440102
38	22	26.6103	-24.6247	26.207	-0.439076
38	23	26.4293	-24.5095	25.9942	-0.438024
38	24	26.2466	-24.393	25.7793	-0.43694
38	25	26.0601	-24.2773	25.5614	-0.435925
38	26	25.8717	-24.1604	25.3413	-0.43488
38	27	25.6825	-24.0437	25.1206	-0.433843
38	28	25.4935	-23.9286	24.9007	-0.432841
38	29	25.3051	-23.8154	24.6822	-0.431877
38	30	25.1172	-23.7038	24.4648	-0.430948
38	31	24.9279	-23.5931	24.2466	-0.430063
38	32	24.7362	-23.4895	24.0292	-0.429469
38	33	24.5393	-23.3999	23.8129	-0.429493
38	34	24.3352	-23.3312	23.5987	-0.430444
38	35	24.1226	-23.2843	23.386	-0.432418
38	36	23.9017	-23.2587	23.1748	-0.435407
38	37	23.6873	-23.2551	22.979	-0.4392
38	38	23.4774	-23.2685	22.7949	-0.443649
38	39	23.2713	-23.2965	22.6211	-0.448677
38	40	23.067	-23.3348	22.454	-0.454161
38	41	22.8637	-23.3805	22.2917	-0.460004
38	42	22.6611	-23.4314	22.1332	-0.466127
38	43	22.459	-23.4875	21.9783	-0.472541
38	44	22.2579	-23.549	21.8278	-0.479245
38	45	22.0594	-23.6171	21.6835	-0.486253
38	46	21.8653	-23.6918	21.5475	-0.493528
38	47	21.6755	-23.7688	21.4173	-0.50089
38	48	21.4911	-23.8497	21.295	-0.508381
38	49	21.3093	-23.9327	21.1772	-0.515982
38	50	21.1316	-24.0212	21.067	-0.5238
38	51	20.9566	-24.1129	20.962	-0.531763
38	52	20.7853	-24.2099	20.8642	-0.539933
38	53	20.6179	-24.312	20.7738	-0.548295
38	54	20.4561	-24.421	20.6933	-0.556863
38	55	20.2988	-24.5356	20.6211	-0.565613
38	56	20.1539	-24.6644	20.5687	-0.574673
38	57	20.0174	-24.8026	20.5301	-0.583943
38	58	19.8984	-24.961	20.5191	-0.593579
38	59	19.7835	-25.1315	20.5202	-0.603599
38	60	19.6909	-25.3028	20.5422	-0.613022
38	61	19.612	-25.4741	20.5771	-0.622038
38	62	19.5479	-25.648	20.627	-0.630701
38	63	19.4921	-25.8264	20.6879	-0.639255
38	64	19.4412	-26.0086	20.7565	-0.647762
38	65	19.3968	-26.1943	20.8339	-0.656159
38	66	19.3565	-26.3846	20.9189	-0.664539
38	67	19.3225	-26.5783	21.0122	-0.672792
38	68	19.2936	-26.773	21.1116	-0.680863
38	69	19.271	-26.967	21.2168	-0.688634
38	70	19.2492	-27.1646	21.3262	-0.696437
38	71	19.2312	-27.3649	21.4415	-0.704146
38	72	19.2155	-27.5658	21.5603	-0.71172
38	73	19.2027	-27.7717	21.6857	-0.719294
38	74	19.1925	-27.9797	21.8156	-0.726775
38	75	19.187	-28.1865	21.9495	-0.73398
38	76	19.1823	-28.3953	22.0865	-0.741142
38	77	19.18	-28.6047	22.2267	-0.748165
38	78	19.1799	-28.8135	22.3692	-0.755009
38	79	19.1821	-29.0257	22.5167	-0.761804
38	80	19.188	-29.2399	22.6693	-0.768461
38	81	19.2015	-29.4539	22.8282	-0.77479
38	82	19.2206	-29.6681	22.9921	-0.780866
38	83	19.2485	-29.8798	23.1613	-0.786511
38	84	19.284	-30.0872	23.3336	-0.791711
38	85	19.3337	-30.2878	23.5115	-0.796204
38	86	19.3947	-30.4845	23.6949	-0.80017
38	87	19.4714	-30.6783	23.8875	-0.803518
38	88	19.5637	-30.8718	24.0909	-0.806336
38	89	19.6694	-31.0454	24.2895	-0.80814
38	90	19.7846	-31.1994	24.4804	-0.809083
38	91	19.9135	-31.3336	24.6665	-0.809057
38	92	20.0504	-31.4609	24.8531	-0.808609
38	93	20.1949	-31.5823	25.0406	-0.80778
38	94	20.3452	-31.6975	25.2278	-0.806631
38	95	20.499	-31.8098	25.4153	-0.80532
38	96	20.6575	-31.9176	25.6029	-0.803771
38	97	20.8187	-32.0251	25.7923	-0.802165
38	98	20.9846	-32.1309	25.9837	-0.800406
38	99	21.1542	-32.2374	26.1783	-0.79859
38	100	21.3283	-32.3436	26.3758	-0.796672
38	101	21.5057	-32.4495	26.5756	-0.794683
38	102	21.6857	-32.5537	26.7762	-0.792612
38	103	21.8667	-32.6563	26.9763	-0.790505
38	104	22.0471	-32.759	27.1763	-0.788444
38	105	22.2277	-32.8614	27.3762	-0.786402
38	106	22.4104	-32.9615	27.5762	-0.784276
38	107	22.5948	-33.062	27.7778	-0.782148
38	108	22.7808	-33.1636	27.9815	-0.780039
38	109	22.9692	-33.2635	28.1857	-0.777857
38	110	23.1591	-33.36	28.3888	-0.775586
38	111	23.3491	-33.4528	28.5895	-0.773249
38	112	23.5392	-33.5443	28.7895	-0.770914
38	113	23.73	-33.6359	28.9903	-0.768594
38	114	23.9226	-33.726	29.1915	-0.766226
38	115	24.12	-33.8087	29.3911	-0.763596
38	116	24.3154	-33.8992	29.5949	-0.761239
38	117	24.5081	-33.9377	29.7612	-0.75771
38	118	24.7063	-33.9284	29.8992	-0.752928
38	119	24.9075	-33.8951	30.0236	-0.747535
38	120	25.1147	-33.8415	30.1397	-0.741559
38	121	25.3312	-33.7656	30.2487	-0.734873
38	122	25.563	-33.6626	30.3525	-0.727234
38	123	25.8189	-33.5282	30.4555	-0.718353
38	124	26.0698	-33.3844	30.5511	-0.709404
38	125	26.3174	-33.2306	30.64	-0.700331
38	126	26.5603	-33.0633	30.7192	-0.691071
38	127	26.7946	-32.8804	30.7846	-0.681643
38	128	27.0164	-32.6841	30.8345	-0.672167
38	129	27.2255	-32.4786	30.8715	-0.66274
38	130	27.4246	-32.2662	30.8991	-0.653355
38	131	27.6157	-32.0461	30.9185	-0.643945
38	132	27.7983	-31.8165	30.928	-0.634464
38	133	27.9697	-31.5769	30.9254	-0.62494
38	134	28.1279	-31.3297	30.9105	-0.615459
38	135	28.2739	-31.0776	30.8856	-0.606065
38	136	28.4102	-30.8214	30.853	-0.596725
38	137	28.5376	-30.5596	30.8127	-0.587371
38	138	28.6546	-30.2901	30.762	-0.57797
38	139	28.7576	-30.0126	30.698	-0.568567
38	140	28.8443	-29.7302	30.6204	-0.559271
38	141	28.9161	-29.4462	30.5318	-0.550136
38	142	28.976	-29.161	30.435	-0.541119
38	143	29.0249	-28.8729	30.3298	-0.532149
38	144	29.0609	-28.5806	30.2137	-0.523207
39	0	-15.837	-25.1026	22.0377	-2.58628
39	1	-15.8275	-24.8885	21.9175	-2.59435
39	2	-15.8202	-24.6723	21.7995	-2.60264
39	3	-15.8158	-24.4541	21.6845	-2.61117
39	4	-15.8158	-24.2347	21.5744	-2.61995
39	5	-15.8194	-24.0115	21.4672	-2.62905
39	6	-15.8283	-23.7867	21.3656	-2.63842
39	7	-15.8437	-23.5626	21.272	-2.648
39	8	-15.8661	-23.3407	21.1876	-2.65772
39	9	-15.8942	-23.121	21.1113	-2.66755
39	10	-15.9288	-22.9019	21.0431	-2.67757
39	11	-15.9725	-22.6843	20.9859	-2.68777
39	12	-16.0313	-22.4702	20.9461	-2.69819
39	13	-16.109	-22.2595	20.927	-2.70888
39	14	-16.208	-22.0523	20.9312	-2.71985
39	15	-16.3239	-21.8653	20.9616	-2.73025
39	16	-16.4558	-21.6986	21.0169	-2.74003
39	17	-16.6013	-21.5466	21.0923	-2.74936
39	18	-16.7558	-21.4048	21.1817	-2.75833
39	19	-16.9157	-21.2688	21.2799	-2.76707
39	20	-17.0801	-21.1371	21.3856	-2.77562
39	21	-17.2488	-21.0083	21.4978	-2.78402
39	22	-17.4227	-20.8836	21.6177	-2.79224
39	23	-17.6011	-20.7636	21.7449	-2.80023
39	24	-17.7823	-20.65	21.8783	-2.8079
39	25	-17.9654	-20.5421	22.0166	-2.81525
39	26	-18.1504	-20.4406	22.1599	-2.82227
39	27	-18.3388	-20.3464	22.3096	-2.82893
39	28	-18.5321	-20.2655	22.4691	-2.835
39	29	-18.7333	-20.1993	22.6413	-2.84047
39	30	-18.9447	-20.149	22.8285	-2.84532
39	31	-19.1686	-20.1185	23.0339	-2.84942
39	32	-19.3904	-20.1105	23.2441	-2.8525
39	33	-19.61	-20.1261	23.4591	-2.85453
39	34	-19.8285	-20.1632	23.6792	-2.85564
39	35	-20.0452	-20.2155	23.9018	-2.8561
39	36	-20.2605	-20.2768	24.1257	-2.85618
39	37	-20.4755	-20.343	24.3507	-2.85605
39	38	-20.6912	-20.4122	24.5771	-2.85583
39	39	-20.9078	-20.484	24.8051	-2.85551
39	40	-21.1243	-20.5585	25.0339	-2.85509
39	41	-21.3396	-20.635	25.2621	-2.8546
39	42	-21.5539	-20.7114	25.4892	-2.8541
39	43	-21.7672	-20.789	25.7158	-2.85356
39	44	-21.9776	-20.868	25.9399	-2.85294
39	45	-22.1863	-20.948	26.1628	-2.85229
39	46	-22.3943	-21.0278	26.3849	-2.85163
39	47	-22.6003	-21.1086	26.6054	-2.85094
39	48	-22.8036	-21.1896	26.8234	-2.85022
39	49	-23.0041	-21.2701	27.0386	-2.8495
39	50	-23.2021	-21.351	27.2515	-2.84874
39	51	-23.3981	-21.4332	27.4629	-2.84794
39	52	-23.5924	-21.5179	27.6734	-2.84704
39	53	-23.7828	-21.604	27.8806	-2.84607
39	54	-23.9684	-21.6927	28.084	-2.84497
39	55	-24.1483	-21.7859	28.2833	-2.84368
39	56	-24.3199	-21.8863	28.4769	-2.84208
39	57	-24.4924	-21.977	28.6685	-2.84083
39	58	-24.6338	-22.1005	28.8402	-2.83819
39	59	-24.748	-22.2766	29.0021	-2.83357
39	60	-24.8472	-22.4751	29.1573	-2.82812
39	61	-24.9424	-22.6984	29.3172	-2.82188
39	62	-25.0366	-22.9564	29.4885	-2.81457
39	63	-25.1286	-23.2612	29.6748	-2.80584
39	64	-25.203	-23.5711	29.8483	-2.79686
39	65	-25.2603	-23.8816	30.0083	-2.78777
39	66	-25.3037	-24.1918	30.1578	-2.77862
39	67	-25.3348	-24.5036	30.2989	-2.76936
39	68	-25.3516	-24.8184	30.4304	-2.75992
39	69	-25.3517	-25.1343	30.5496	-2.75033
39	70	-25.3359	-25.4481	30.6561	-2.74067
39	71	-25.3069	-25.7593	30.7522	-2.73098
39	72	-25.2651	-26.0696	30.8393	-2.72122
39	73	-25.208	-26.3801	30.9154	-2.71129
39	74	-25.1325	-26.6882	30.9769	-2.70124
39	75	-25.0398	-26.9896	31.023	-2.69118
39	76	-24.9338	-27.2835	31.0571	-2.68117
39	77	-24.8165	-27.5721	31.0818	-2.67117
39	78	-24.6863	-27.8569	31.0964	-2.66111
39	79	-24.5412	-28.1362	31.0984	-2.65099
39	80	-24.3817	-28.4067	31.0868	-2.6409
39	81	-24.211	-28.6677	31.0639	-2.63089
39	82	-24.0303	-28.9211	31.0316	-2.62092
39	83	-23.8377	-29.168	30.9889	-2.61092
39	84	-23.6309	-29.4062	30.9327	-2.60089
39	85	-23.411	-29.6323	30.8621	-2.59094
39	86	-23.1822	-29.8457	30.7803	-2.58115
39	87	-22.947	-30.0491	30.6906	-2.57146
39	88	-22.7363	-30.2169	30.6048	-2.56313
39	89	-22.5406	-30.3562	30.518	-2.5558
39	90	-22.352	-30.4714	30.4251	-2.54922
39	91	-22.1605	-30.5561	30.314	-2.54337
39	92	-21.9774	-30.5837	30.1785	-2.5392
39	93	-21.7867	-30.56	30.0081	-2.53625
39	94	-21.5947	-30.5214	29.8284	-2.53365
39	95	-21.4011	-30.4757	29.6435	-2.53119
39	96	-21.2057	-30.4292	29.4568	-2.52868
39	97	-21.008	-30.379	29.2663	-2.52619
39	98	-20.806	-30.3266	29.0712	-2.52365
39	99	-20.6011	-30.2695	28.8712	-2.52115
39	100	-20.3923	-30.2088	28.6662	-2.51864
39	101	-20.1801	-30.144	28.456	-2.51614
39	102	-19.968	-30.0755	28.244	-2.51371
39	103	-19.7559	-30.0047	28.0309	-2.51131
39	104	-19.5457	-29.9326	27.8187	-2.50895
39	105	-19.3356	-29.86	27.6064	-2.50657
39	106	-19.1241	-29.7865	27.3926	-2.50415
39	107	-18.9107	-29.7111	27.1764	-2.50171
39	108	-18.696	-29.633	26.9576	-2.49928
39	109	-18.4813	-29.552	26.7372	-2.49689
39	110	-18.2676	-29.4692	26.5167	-2.49454
39	111	-18.0549	-29.3847	26.2962	-2.49223
39	112	-17.8452	-29.2973	26.0763	-2.49004
39	113	-17.639	-29.2039	25.8557	-2.48807
39	114	-17.4387	-29.0997	25.6334	-2.48655
39	115	-17.2531	-28.9802	25.4134	-2.48583
39	116	-17.0816	-28.8423	25.1934	-2.48602
39	117	-16.9228	-28.6876	24.9733	-2.48705
39	118	-16.7764	-28.5154	24.7523	-2.48897
39	119	-16.6529	-28.3396	24.5476	-2.49161
39	120	-16.5522	-28.1623	24.3602	-2.4949
39	121	-16.4666	-27.9802	24.1824	-2.49878
39	122	-16.3891	-27.7946	24.0093	-2.50303
39	123	-16.3175	-27.605	23.839	-2.50762
39	124	-16.2506	-27.4115	23.6707	-2.51254
39	125	-16.1898	-27.2141	23.5058	-2.5178
39	126	-16.1337	-27.0114	23.3422	-2.52345
39	127	-16.0834	-26.805	23.1821	-2.52945
39	128	-16.0385	-26.5972	23.0263	-2.53571
39	129	-15.999	-26.3893	22.8759	-2.5422
39	130	-15.9639	-26.1824	22.7308	-2.54885
39	131	-15.9304	-25.9713	22.5856	-2.55577
39	132	-15.8993	-25.7563	22.4414	-2.56299
39	133	-15.8726	-25.5384	22.3006	-2.57051
39	134	-15.8517	-25.3198	22.1655	-2.5783
43	0	24.4399	-38.0311	32.6648	-0.850307
43	1	24.4869	-37.7438	32.4808	-0.843384
43	2	24.5239	-37.4544	32.2899	-0.836569
43	3	24.549	-37.1619	32.0903	-0.82988
43	4	24.5603	-36.8676	31.8815	-0.823388
43	5	24.5578	-36.5741	31.6651	-0.817147
43	6	24.5439	-36.2829	31.4438	-0.811131
43	7	24.5209	-35.9931	31.2184	-0.805274
43	8	24.4889	-35.7039	30.9882	-0.79955
43	9	24.4494	-35.4533	30.7813	-0.794794
43	10	24.4008	-35.2319	30.5896	-0.790859
43	11	24.3394	-35.0332	30.4053	-0.787699
43	12	24.2585	-34.8547	30.2217	-0.785429
43	13	24.1448	-34.7149	30.0425	-0.784815
43	14	23.9939	-34.6045	29.8577	-0.78577
43	15	23.8444	-34.488	29.6696	-0.786559
43	16	23.6876	-34.3769	29.4803	-0.787663
43	17	23.5274	-34.268	29.2901	-0.788918
43	18	23.3626	-34.1606	29.0977	-0.790335
43	19	23.1938	-34.0511	28.9012	-0.791821
43	20	23.0211	-33.9428	28.7029	-0.79345
43	21	22.8453	-33.8343	28.5023	-0.795175
43	22	22.6665	-33.7271	28.3006	-0.797034
43	23	22.4864	-33.6199	28.0981	-0.798954
43	24	22.3048	-33.5144	27.8959	-0.800981
43	25	22.1218	-33.4104	27.6939	-0.803115
43	26	21.9373	-33.3064	27.4911	-0.805314
43	27	21.7519	-33.2006	27.2864	-0.807527
43	28	21.5633	-33.0966	27.0809	-0.809904
43	29	21.3738	-32.9914	26.8741	-0.812314
43	30	21.1845	-32.8841	26.6661	-0.814695
43	31	20.9919	-32.7823	26.46	-0.817354
43	32	20.7994	-32.6791	26.2532	-0.820012
43	33	20.6058	-32.5753	26.0453	-0.822727
43	34	20.4091	-32.4735	25.8369	-0.825628
43	35	20.2102	-32.3725	25.6279	-0.828659
43	36	20.0093	-32.2753	25.4207	-0.831901
43	37	19.808	-32.1889	25.2214	-0.835493
43	38	19.607	-32.1159	25.0326	-0.839493
43	39	19.4056	-32.0611	24.8576	-0.844049
43	40	19.2022	-32.0208	24.6926	-0.849123
43	41	18.9944	-31.9952	24.5365	-0.85479
43	42	18.779	-31.9831	24.3865	-0.861129
43	43	18.5739	-31.9893	24.2581	-0.867708
43	44	18.3755	-32.0103	24.1465	-0.874539
43	45	18.1835	-32.0504	24.0547	-0.88173
43	46	17.9926	-32.0985	23.9711	-0.889156
43	47	17.8045	-32.1587	23.9	-0.896854
43	48	17.6178	-32.2221	23.8337	-0.904636
43	49	17.4331	-32.2943	23.7771	-0.912618
43	50	17.2485	-32.369	23.7241	-0.920702
43	51	17.0661	-32.4506	23.6794	-0.928917
43	52	16.8814	-32.5343	23.6367	-0.937297
43	53	16.6958	-32.6236	23.5997	-0.945875
43	54	16.5101	-32.7175	23.5681	-0.954594
43	55	16.3242	-32.8163	23.5422	-0.963468
43	56	16.1391	-32.9193	23.5221	-0.972428
43	57	15.9567	-33.0268	23.5091	-0.981413
43	58	15.7756	-33.1363	23.5005	-0.990411
43	59	15.5964	-33.2494	23.4977	-0.999427
43	60	15.4194	-33.3656	23.5007	-1.00843
43	61	15.249	-33.4903	23.5163	-1.01739
43	62	15.0882	-33.6253	23.5475	-1.02621
43	63	14.94	-33.7758	23.6004	-1.03489
43	64	14.8004	-33.9396	23.6708	-1.0435
43	65	14.6818	-34.1137	23.7624	-1.0515
43	66	14.5809	-34.2856	23.8622	-1.05874
43	67	14.5058	-34.4621	23.9796	-1.06508
43	68	14.4395	-34.6367	24.1007	-1.07099
43	69	14.3889	-34.8153	24.2336	-1.07636
43	70	14.3416	-34.9946	24.3693	-1.08156
43	71	14.2986	-35.1755	24.5091	-1.08658
43	72	14.2594	-35.3583	24.6529	-1.09144
43	73	14.2281	-35.5457	24.805	-1.09604
43	74	14.1989	-35.7356	24.9608	-1.10056
43	75	14.1792	-35.9267	25.1225	-1.1047
43	76	14.1624	-36.1207	25.2885	-1.10874
43	77	14.15	-36.3164	25.4583	-1.11261
43	78	14.1432	-36.5124	25.6311	-1.11623
43	79	14.1395	-36.7069	25.8045	-1.11967
43	80	14.1408	-36.9047	25.9832	-1.12294
43	81	14.1437	-37.1049	26.165	-1.12615
43	82	14.1546	-37.3055	26.3509	-1.12905
43	83	14.1695	-37.5041	26.537	-1.13175
43	84	14.1917	-37.704	26.7274	-1.13418
43	85	14.2163	-37.9035	26.9186	-1.13648
43	86	14.2473	-38.0998	27.1098	-1.13849
43	87	14.2792	-38.2978	27.303	-1.14047
43	88	14.3164	-38.4958	27.4985	-1.14224
43	89	14.3571	-38.6927	27.6946	-1.14386
43	90	14.4038	-38.8911	27.8945	-1.14528
43	91	14.4552	-39.0893	28.0963	-1.14653
43	92	14.5118	-39.2873	28.3	-1.14758
43	93	14.5729	-39.4837	28.5043	-1.14846
43	94	14.6399	-39.6769	28.7079	-1.14909
43	95	14.7113	-39.8677	28.9113	-1.14954
43	96	14.7896	-40.0553	29.1145	-1.14972
43	97	14.8773	-40.238	29.3171	-1.14953
43	98	14.9794	-40.4129	29.5184	-1.1488
43	99	15.099	-40.5806	29.7204	-1.14744
43	100	15.2378	-40.7399	29.9227	-1.1454
43	101	15.3991	-40.8912	30.1273	-1.14259
43	102	15.5701	-41.0221	30.3175	-1.13926
43	103	15.7509	-41.1322	30.4934	-1.13538
43	104	15.9433	-41.2222	30.6564	-1.13093
43	105	16.1435	-41.2983	30.8109	-1.1261
43	106	16.3462	-41.3664	30.9599	-1.12114
43	107	16.5499	-41.4307	31.1068	-1.11614
43	108	16.7545	-41.4926	31.2526	-1.11113
43	109	16.9598	-41.5528	31.398	-1.10612
43	110	17.1654	-41.6102	31.5419	-1.10111
43	111	17.3718	-41.6632	31.683	-1.09606
43	112	17.5779	-41.7114	31.8205	-1.09098
43	113	17.783	-41.7563	31.9554	-1.08594
43	114	17.9871	-41.7986	32.0884	-1.08093
43	115	18.1908	-41.8395	32.2206	-1.07595
43	116	18.3949	-41.8782	32.3521	-1.07096
43	117	18.5998	-41.9144	32.4824	-1.06596
43	118	18.8053	-41.9464	32.6103	-1.06092
43	119	19.0105	-41.9742	32.7351	-1.05586
43	120	19.2149	-41.9988	32.8575	-1.05082
43	121	19.4159	-42.0218	32.9779	-1.04587
43	122	19.6143	-42.0429	33.0959	-1.04101
43	123	19.8092	-42.063	33.2121	-1.03625
43	124	20.0011	-42.0801	33.325	-1.03155
43	125	20.1938	-42.0953	33.4373	-1.02684
43	126	20.3865	-42.105	33.5457	-1.02207
43	127	20.578	-42.1121	33.6521	-1.01733
43	128	20.7673	-42.1144	33.7539	-1.01259
43	129	20.9538	-42.1152	33.8537	-1.00794
43	130	21.1353	-42.1136	33.9495	-1.00339
43	131	21.3124	-42.1124	34.044	-0.998982
43	132	21.486	-42.1072	34.134	-0.994625
43	133	21.6557	-42.0963	34.2176	-0.990291
43	134	21.8241	-42.1015	34.3146	-0.98627
43	135	21.977	-42.0523	34.3583	-0.981768
43	136	22.1339	-41.968	34.3758	-0.976613
43	137	22.2796	-41.8521	34.3618	-0.971211
43	138	22.4309	-41.7225	34.3407	-0.965444
43	139	22.5905	-41.5707	34.3075	-0.9591
43	140	22.7603	-41.3869	34.2554	-0.951959
43	141	22.9478	-41.1653	34.1848	-0.943733
43	142	23.1282	-40.9387	34.1083	-0.935549
43	143	23.3015	-40.7055	34.0246	-0.927383
43	144	23.4667	-40.4642	33.9318	-0.919222
43	145	23.6211	-40.2143	33.8278	-0.911114
43	146	23.763	-39.9578	33.7132	-0.903125
43	147	23.8931	-39.697	33.59	-0.895276
43	148	24.0134	-39.4325	33.4598	-0.887526
43	149	24.1246	-39.1627	33.3218	-0.879827
43	150	24.2248	-38.8862	33.1735	-0.872187
43	151	24.3111	-38.6035	33.0134	-0.864679
43	152	24.3821	-38.3176	32.8428	-0.857385
44	0	-12.3595	-35.9762	27.1739	-2.16657
44	1	-12.3213	-35.7723	26.9838	-2.16964
44	2	-12.2885	-35.5663	26.7953	-2.17296
44	3	-12.2616	-35.3603	26.6105	-2.17652
44	4	-12.2387	-35.1525	26.4268	-2.18028
44	5	-12.2194	-34.9437	26.2447	-2.18423
44	6	-12.2044	-34.7342	26.0651	-2.18839
44	7	-12.1919	-34.5226	25.8855	-2.19273
44	8	-12.1837	-34.3087	25.7072	-2.19732
44	9	-12.1816	-34.0932	25.5317	-2.2022
44	10	-12.1867	-33.8778	25.3612	-2.20737
44	11	-12.1994	-33.6632	25.1965	-2.21284
44	12	-12.2228	-33.4511	25.0411	-2.21866
44	13	-12.2609	-33.2451	24.9003	-2.22488
44	14	-12.3171	-33.0424	24.7742	-2.23166
44	15	-12.387	-32.8405	24.6584	-2.23892
44	16	-12.4758	-32.6371	24.5545	-2.24689
44	17	-12.5723	-32.4507	24.4702	-2.25473
44	18	-12.6835	-32.2816	24.4102	-2.26264
44	19	-12.803	-32.1236	24.3655	-2.27055
44	20	-12.9353	-31.9756	24.3383	-2.27863
44	21	-13.0706	-31.8294	24.316	-2.28677
44	22	-13.2139	-31.6909	24.3064	-2.29496
44	23	-13.3579	-31.5533	24.2996	-2.30314
44	24	-13.5071	-31.4224	24.3027	-2.31131
44	25	-13.6577	-31.2908	24.308	-2.31954
44	26	-13.8136	-31.1627	24.3212	-2.32782
44	27	-13.9726	-31.0355	24.3387	-2.33615
44	28	-14.1365	-30.9129	24.3648	-2.34449
44	29	-14.3047	-30.7908	24.3958	-2.35292
44	30	-14.4773	-30.6718	24.4339	-2.36137
44	31	-14.6532	-30.5569	24.479	-2.36976
44	32	-14.8313	-30.4473	24.5309	-2.37802
44	33	-15.0111	-30.3404	24.5878	-2.38622
44	34	-15.1925	-30.2361	24.6491	-2.39435
44	35	-15.3761	-30.1358	24.7164	-2.40237
44	36	-15.5625	-30.0419	24.7917	-2.41023
44	37	-15.7537	-29.9612	24.8809	-2.41778
44	38	-15.9504	-29.8922	24.9832	-2.42507
44	39	-16.1547	-29.8388	25.1027	-2.43202
44	40	-16.3667	-29.7984	25.2378	-2.4387
44	41	-16.5679	-29.7829	25.3817	-2.44429
44	42	-16.7588	-29.7807	25.5269	-2.44916
44	43	-16.9422	-29.8025	25.6823	-2.45307
44	44	-17.1223	-29.8267	25.8369	-2.45677
44	45	-17.2996	-29.8614	25.9962	-2.46005
44	46	-17.4785	-29.8974	26.1581	-2.46329
44	47	-17.6593	-29.9397	26.3255	-2.46635
44	48	-17.8432	-29.9846	26.4972	-2.46937
44	49	-18.0291	-30.0357	26.6746	-2.47221
44	50	-18.2176	-30.0889	26.8555	-2.47501
44	51	-18.4068	-30.1468	27.0401	-2.47765
44	52	-18.5968	-30.206	27.2263	-2.48024
44	53	-18.7866	-30.2668	27.4136	-2.48274
44	54	-18.9766	-30.3276	27.6011	-2.48521
44	55	-19.1659	-30.3903	27.7894	-2.48758
44	56	-19.3543	-30.4542	27.9779	-2.48987
44	57	-19.5467	-30.5196	28.1705	-2.49217
44	58	-19.7418	-30.5868	28.3667	-2.49444
44	59	-19.9379	-30.6571	28.5655	-2.49661
44	60	-20.1344	-30.7284	28.7655	-2.49874
44	61	-20.3314	-30.799	28.9655	-2.50087
44	62	-20.5278	-30.8716	29.1665	-2.5029
44	63	-20.7257	-30.9467	29.3701	-2.50486
44	64	-20.9257	-31.0245	29.5773	-2.50677
44	65	-21.1267	-31.1061	29.7876	-2.50856
44	66	-21.3241	-31.1975	30.0008	-2.51
44	67	-21.522	-31.2802	30.2094	-2.51166
44	68	-21.6739	-31.4007	30.4032	-2.5114
44	69	-21.7901	-31.564	30.5934	-2.50932
44	70	-21.916	-31.7258	30.7906	-2.5075
44	71	-22.0294	-31.9073	30.9895	-2.50495
44	72	-22.133	-32.114	31.1959	-2.5016
44	73	-22.2293	-32.354	31.4168	-2.4973
44	74	-22.3212	-32.6378	31.6612	-2.49188
44	75	-22.4015	-32.9284	31.9014	-2.48615
44	76	-22.4688	-33.2242	32.1357	-2.48012
44	77	-22.522	-33.5224	32.3615	-2.47386
44	78	-22.5628	-33.8205	32.5787	-2.46745
44	79	-22.5935	-34.1186	32.7895	-2.46094
44	80	-22.6148	-34.418	32.9952	-2.45429
44	81	-22.625	-34.7195	33.1952	-2.44746
44	82	-22.6223	-35.0218	33.3873	-2.44045
44	83	-22.6072	-35.3224	33.5705	-2.43332
44	84	-22.5819	-35.6205	33.7461	-2.42612
44	85	-22.548	-35.9171	33.916	-2.41887
44	86	-22.5048	-36.2138	34.0807	-2.4115
44	87	-22.45	-36.5104	34.2387	-2.40398
44	88	-22.3816	-36.8051	34.3873	-2.3963
44	89	-22.3008	-37.0951	34.5256	-2.38854
44	90	-22.2098	-37.3802	34.6553	-2.38074
44	91	-22.1101	-37.6617	34.7782	-2.3729
44	92	-22.0006	-37.9407	34.8946	-2.36497
44	93	-21.8796	-38.2164	35.0026	-2.35693
44	94	-21.7469	-38.4866	35.1007	-2.34881
44	95	-21.6043	-38.7498	35.1893	-2.34068
44	96	-21.4541	-39.0067	35.2704	-2.33255
44	97	-21.2961	-39.2584	35.3447	-2.3244
44	98	-21.1465	-39.47	35.3975	-2.31723
44	99	-21.0019	-39.6518	35.4335	-2.31075
44	100	-20.8579	-39.8113	35.4549	-2.30471
44	101	-20.7106	-39.9542	35.463	-2.29893
44	102	-20.552	-40.0776	35.45	-2.29327
44	103	-20.3794	-40.1549	35.3944	-2.28817
44	104	-20.183	-40.1924	35.294	-2.28328
44	105	-19.9836	-40.2178	35.1832	-2.27852
44	106	-19.7865	-40.2404	35.0726	-2.27383
44	107	-19.592	-40.2618	34.9636	-2.26919
44	108	-19.3979	-40.2818	34.8545	-2.26455
44	109	-19.2035	-40.3	34.7445	-2.25992
44	110	-19.0087	-40.317	34.6341	-2.25527
44	111	-18.8136	-40.3315	34.5224	-2.25062
44	112	-18.6188	-40.3435	34.4096	-2.246
44	113	-18.4249	-40.3537	34.2968	-2.2414
44	114	-18.2324	-40.3611	34.1833	-2.23686
44	115	-18.0411	-40.368	34.0708	-2.23232
44	116	-17.8503	-40.3723	33.9574	-2.22781
44	117	-17.6595	-40.3749	33.8433	-2.22329
44	118	-17.4679	-40.3751	33.7274	-2.21878
44	119	-17.2752	-40.373	33.6098	-2.21424
44	120	-17.0815	-40.3657	33.4881	-2.20975
44	121	-16.8892	-40.3583	33.3678	-2.20525
44	122	-16.6985	-40.3464	33.2455	-2.20084
44	123	-16.5092	-40.3342	33.1245	-2.19644
44	124	-16.3234	-40.3188	33.0035	-2.19215
44	125	-16.1404	-40.3023	32.8838	-2.18792
44	126	-15.9596	-40.2831	32.7638	-2.18376
44	127	-15.781	-40.2598	32.6423	-2.17969
44	128	-15.6045	-40.2327	32.5194	-2.17572
44	129	-15.4309	-40.1994	32.3935	-2.17189
44	130	-15.2602	-40.1619	32.2662	-2.16819
44	131	-15.094	-40.1198	32.1382	-2.16465
44	132	-14.9318	-40.0743	32.0099	-2.16125
44	133	-14.7728	-40.0248	31.8804	-2.15797
44	134	-14.6173	-39.9675	31.7467	-2.15489
44	135	-14.466	-39.897	31.6046	-2.15213
44	136	-14.3142	-39.8122	31.4504	-2.14957
44	137	-14.1692	-39.7047	31.2812	-2.14757
44	138	-14.0145	-39.5892	31.1001	-2.14543
44	139	-13.8822	-39.4561	30.9165	-2.14418
44	140	-13.7505	-39.3272	30.7368	-2.14285
44	141	-13.6386	-39.1813	30.5535	-2.14236
44	142	-13.5269	-39.0344	30.3696	-2.14188
44	143	-13.4277	-38.8789	30.1851	-2.1419
44	144	-13.3313	-38.7206	29.9998	-2.14205
44	145	-13.2403	-38.5584	29.8142	-2.14242
44	146	-13.1568	-38.3926	29.6296	-2.14308
44	147	-13.0733	-38.2251	29.4436	-2.14378
44	148	-12.9948	-38.0534	29.2567	-2.1447
44	149	-12.9177	-37.8793	29.0687	-2.14573
44	150	-12.8462	-37.7021	28.8811	-2.14699
44	151	-12.7763	-37.5205	28.6908	-2.14839
44	152	-12.7107	-37.3346	28.4992	-2.15003
44	153	-12.6489	-37.1462	28.3078	-2.15184
44	154	-12.5945	-36.9565	28.1194	-2.15393
44	155	-12.5408	-36.7644	27.9295	-2.15611
44	156	-12.491	-36.5698	27.7399	-2.15849
44	157	-12.4437	-36.3739	27.5507	-2.161
44	158	-12.4008	-36.177	27.3634	-2.1637
48	0	22.4596	-44.3753	36.5688	-1.00609
48	1	22.3767	-44.0911	36.2844	-1.00383
48	2	22.2831	-43.8117	35.9984	-1.00185
48	3	22.1876	-43.5738	35.7467	-1.00052
48	4	22.0858	-43.3685	35.5189	-0.999811
48	5	21.9742	-43.1886	35.3072	-0.999716
48	6	21.8492	-43.0297	35.106	-1.00026
48	7	21.7055	-42.8936	34.9139	-1.00162
48	8	21.5334	-42.799	34.7416	-1.00433
48	9	21.3113	-42.7691	34.5975	-1.00928
48	10	21.0867	-42.7525	34.4643	-1.01454
48	11	20.8644	-42.7351	34.3327	-1.01977
48	12	20.6456	-42.7181	34.2041	-1.02496
48	13	20.4307	-42.6991	34.0767	-1.03006
48	14	20.2163	-42.6822	33.9524	-1.03522
48	15	20.0021	-42.6629	33.8269	-1.04038
48	16	19.7875	-42.6421	33.7008	-1.04556
48	17	19.573	-42.6217	33.5761	-1.05078
48	18	19.3593	-42.6027	33.4538	-1.05604
48	19	19.1499	-42.5798	33.3313	-1.06117
48	20	18.944	-42.553	33.2078	-1.06619
48	21	18.7415	-42.5267	33.0874	-1.07116
48	22	18.5425	-42.496	32.9655	-1.07601
48	23	18.3427	-42.4616	32.8407	-1.08087
48	24	18.1428	-42.4248	32.7145	-1.08573
48	25	17.9436	-42.388	32.5895	-1.09061
48	26	17.7452	-42.3555	32.4694	-1.09557
48	27	17.5488	-42.3222	32.3503	-1.1005
48	28	17.3541	-42.2859	32.2301	-1.10537
48	29	17.1602	-42.2496	32.1111	-1.11026
48	30	16.9665	-42.216	31.9952	-1.11522
48	31	16.7734	-42.1842	31.8822	-1.12022
48	32	16.5815	-42.1555	31.7731	-1.12526
48	33	16.3934	-42.1275	31.6672	-1.13024
48	34	16.209	-42.1003	31.5644	-1.13516
48	35	16.0276	-42.0738	31.4642	-1.14003
48	36	15.848	-42.0489	31.3669	-1.1449
48	37	15.6688	-42.0275	31.2737	-1.14984
48	38	15.4885	-42.0139	31.1881	-1.15493
48	39	15.3059	-42.0161	31.1168	-1.16033
48	40	15.12	-42.0433	31.0681	-1.16617
48	41	14.9282	-42.0996	31.045	-1.17256
48	42	14.7316	-42.1839	31.0472	-1.17945
48	43	14.549	-42.2863	31.0728	-1.18614
48	44	14.3803	-42.4081	31.1231	-1.19263
48	45	14.2242	-42.5474	31.1956	-1.19893
48	46	14.0755	-42.6942	31.2789	-1.20507
48	47	13.9318	-42.8452	31.3691	-1.21107
48	48	13.7917	-42.999	31.4643	-1.21695
48	49	13.6566	-43.1573	31.5665	-1.22271
48	50	13.5275	-43.3213	31.677	-1.2283
48	51	13.408	-43.4929	31.799	-1.23366
48	52	13.303	-43.6741	31.9356	-1.23864
48	53	13.2152	-43.8679	32.0906	-1.24319
48	54	13.1467	-44.0743	32.2642	-1.24726
48	55	13.102	-44.2771	32.4425	-1.25055
48	56	13.077	-44.4791	32.6264	-1.25323
48	57	13.0699	-44.6802	32.8153	-1.25535
48	58	13.0744	-44.8819	33.0085	-1.25712
48	59	13.0854	-45.0846	33.2048	-1.25868
48	60	13.1004	-45.2889	33.4039	-1.26013
48	61	13.1185	-45.4951	33.6058	-1.2615
48	62	13.1406	-45.702	33.8096	-1.26274
48	63	13.1668	-45.9083	34.0141	-1.26384
48	64	13.196	-46.1128	34.2179	-1.26483
48	65	13.2268	-46.3151	34.4201	-1.26575
48	66	13.2577	-46.5156	34.6207	-1.26664
48	67	13.2885	-46.7154	34.8206	-1.26751
48	68	13.3196	-46.9157	35.021	-1.26837
48	69	13.3513	-47.1177	35.2233	-1.26922
48	70	13.3844	-47.3217	35.4279	-1.27004
48	71	13.4201	-47.5273	35.6349	-1.27079
48	72	13.4589	-47.7333	35.8432	-1.27146
48	73	13.5006	-47.9385	36.0515	-1.27203
48	74	13.5438	-48.1424	36.2591	-1.27255
48	75	13.5875	-48.3456	36.4662	-1.27304
48	76	13.6313	-48.5491	36.6736	-1.27353
48	77	13.6756	-48.7539	36.8824	-1.274
48	78	13.7215	-48.9602	37.0931	-1.27445
48	79	13.7696	-49.1677	37.3056	-1.27484
48	80	13.8202	-49.3753	37.5189	-1.27516
48	81	13.8726	-49.5822	37.7321	-1.27543
48	82	13.926	-49.7871	37.9437	-1.27566
48	83	13.9798	-49.9909	38.1543	-1.27586
48	84	14.0341	-50.1943	38.3648	-1.27605
48	85	14.09	-50.3979	38.5758	-1.27619
48	86	14.1483	-50.6012	38.7873	-1.27628
48	87	14.2094	-50.8032	38.9983	-1.27628
48	88	14.2726	-51.0031	39.2079	-1.27622
48	89	14.3369	-51.2006	39.4156	-1.27611
48	90	14.4016	-51.3963	39.6217	-1.27599
48	91	14.4668	-51.5909	39.8268	-1.27584
48	92	14.5335	-51.7847	40.0317	-1.27565
48	93	14.6033	-51.9773	40.2362	-1.27539
48	94	14.6781	-52.1674	40.4398	-1.27498
48	95	14.7645	-52.3511	40.6408	-1.27427
48	96	14.892	-52.4853	40.8064	-1.27224
48	97	15.0663	-52.5706	40.9395	-1.26878
48	98	15.2556	-52.6329	41.0556	-1.26483
48	99	15.461	-52.6771	41.16	-1.2604
48	100	15.6883	-52.7029	41.2546	-1.25534
48	101	15.945	-52.7103	41.3419	-1.2495
48	102	16.2401	-52.7006	41.4269	-1.24266
48	103	16.5348	-52.6805	41.5038	-1.23579
48	104	16.8298	-52.6498	41.5728	-1.22884
48	105	17.1252	-52.6062	41.6318	-1.22181
48	106	17.4186	-52.5475	41.6781	-1.21471
48	107	17.7077	-52.4751	41.712	-1.20761
48	108	17.9921	-52.3916	41.7361	-1.20053
48	109	18.2736	-52.2981	41.7518	-1.19343
48	110	18.5528	-52.1927	41.7577	-1.18628
48	111	18.8279	-52.0723	41.7504	-1.17909
48	112	19.0955	-51.937	41.7286	-1.17193
48	113	19.3543	-51.7902	41.6948	-1.16484
48	114	19.6059	-51.635	41.6527	-1.15782
48	115	19.8525	-51.4718	41.6032	-1.15082
48	116	20.0945	-51.2979	41.5441	-1.14379
48	117	20.329	-51.1109	41.472	-1.13678
48	118	20.5525	-50.9111	41.3858	-1.12985
48	119	20.7649	-50.7026	41.2888	-1.12304
48	120	20.9679	-50.4871	41.1833	-1.11633
48	121	21.163	-50.2638	41.0693	-1.10968
48	122	21.3497	-50.0306	40.9444	-1.10306
48	123	21.5248	-49.7869	40.8067	-1.09654
48	124	21.6862	-49.5351	40.6572	-1.09018
48	125	21.8349	-49.2782	40.4989	-1.08399
48	126	21.9733	-49.0168	40.3334	-1.07792
48	127	22.1022	-48.7494	40.1595	-1.07194
48	128	22.2197	-48.4743	39.9748	-1.06607
48	129	22.3226	-48.1923	39.7784	-1.06038
48	130	22.4103	-47.9068	39.5728	-1.05492
48	131	22.485	-47.6204	39.361	-1.04968
48	132	22.5496	-47.3325	39.144	-1.04459
48	133	22.6043	-47.0412	38.92	-1.03961
48	134	22.6465	-46.7449	38.6864	-1.03479
48	135	22.6725	-46.4449	38.4422	-1.03022
48	136	22.6816	-46.1449	38.19	-1.02598
48	137	22.6762	-45.8474	37.933	-1.02203
48	138	22.6593	-45.5515	37.672	-1.01832
48	139	22.6308	-45.2556	37.4054	-1.01482
48	140	22.5887	-44.9593	37.1317	-1.01157
48	141	22.5312	-44.6649	36.8519	-1.00865
49	0	-13.6144	-45.3846	35.9167	-2.04822
49	1	-13.5632	-45.2055	35.7342	-2.04925
49	2	-13.514	-45.0269	35.5531	-2.05034
49	3	-13.4665	-44.8494	35.3736	-2.05146
49	4	-13.4202	-44.6713	35.1943	-2.05263
49	5	-13.3746	-44.4923	35.0146	-2.05385
49	6	-13.3294	-44.3132	34.8351	-2.05509
49	7	-13.2847	-44.1336	34.6553	-2.05636
49	8	-13.2413	-43.9534	34.4757	-2.05769
49	9	-13.1999	-43.7731	34.2971	-2.05908
49	10	-13.1616	-43.5932	34.1202	-2.06056
49	11	-13.1275	-43.4139	33.946	-2.06216
49	12	-13.0997	-43.2345	33.7748	-2.06394
49	13	-13.0822	-43.054	33.6076	-2.06602
49	14	-13.0795	-42.8702	33.4447	-2.06857
49	15	-13.0925	-42.6807	33.2846	-2.07163
49	16	-13.1239	-42.4833	33.1267	-2.07532
49	17	-13.1717	-42.2927	32.9832	-2.07938
49	18	-13.2352	-42.1091	32.854	-2.08379
49	19	-13.3132	-41.9297	32.7365	-2.08856
49	20	-13.4033	-41.7553	32.6299	-2.0936
49	21	-13.506	-41.5872	32.5359	-2.09891
49	22	-13.6209	-41.4278	32.4567	-2.10445
49	23	-13.7506	-41.2823	32.3979	-2.11018
49	24	-13.8992	-41.1574	32.3677	-2.1161
49	25	-14.0692	-41.0539	32.368	-2.12225
49	26	-14.2494	-40.9725	32.3937	-2.1283
49	27	-14.4319	-40.9124	32.4397	-2.13406
49	28	-14.6184	-40.8794	32.5119	-2.13945
49	29	-14.8108	-40.8702	32.6081	-2.14457
49	30	-15.0052	-40.872	32.7156	-2.14953
49	31	-15.2014	-40.8783	32.8286	-2.15443
49	32	-15.3988	-40.8865	32.9446	-2.1593
49	33	-15.5969	-40.8946	33.0617	-2.16414
49	34	-15.7955	-40.9044	33.1812	-2.16894
49	35	-15.9934	-40.9153	33.3021	-2.17367
49	36	-16.1898	-40.9262	33.4228	-2.17832
49	37	-16.3843	-40.9391	33.5447	-2.18287
49	38	-16.5776	-40.9491	33.6643	-2.18739
49	39	-16.7703	-40.9533	33.7795	-2.19197
49	40	-16.9625	-40.9546	33.8928	-2.19657
49	41	-17.1537	-40.958	34.0079	-2.20106
49	42	-17.3428	-40.9613	34.1224	-2.20548
49	43	-17.5287	-40.9661	34.2367	-2.20977
49	44	-17.7129	-40.9676	34.3482	-2.21405
49	45	-17.8973	-40.9639	34.4561	-2.2184
49	46	-18.0821	-40.9568	34.5623	-2.22279
49	47	-18.2677	-40.9525	34.6718	-2.22712
49	48	-18.4541	-40.9453	34.7801	-2.23149
49	49	-18.6411	-40.9355	34.8875	-2.23589
49	50	-18.8284	-40.9294	34.9986	-2.24021
49	51	-19.0149	-40.9228	35.1094	-2.24449
49	52	-19.1997	-40.9157	35.2196	-2.24872
49	53	-19.3824	-40.9132	35.3325	-2.25279
49	54	-19.5628	-40.9102	35.4441	-2.2568
49	55	-19.7411	-40.9044	35.5529	-2.26078
49	56	-19.9174	-40.8958	35.6587	-2.26475
49	57	-20.0916	-40.8847	35.7619	-2.26869
49	58	-20.262	-40.8703	35.8606	-2.27259
49	59	-20.4286	-40.8668	35.9658	-2.27619
49	60	-20.5685	-40.9117	36.0907	-2.27833
49	61	-20.691	-40.9918	36.2312	-2.27947
49	62	-20.801	-41.1051	36.3889	-2.27974
49	63	-20.9005	-41.2409	36.5567	-2.27938
49	64	-20.9938	-41.3995	36.7379	-2.2785
49	65	-21.0847	-41.586	36.9388	-2.27709
49	66	-21.1765	-41.8072	37.1666	-2.27511
49	67	-21.2719	-42.0707	37.4293	-2.27249
49	68	-21.3563	-42.3367	37.6871	-2.26964
49	69	-21.4309	-42.6045	37.9403	-2.26661
49	70	-21.496	-42.8751	38.1899	-2.26337
49	71	-21.5502	-43.1496	38.436	-2.2599
49	72	-21.5907	-43.4279	38.6769	-2.25613
49	73	-21.6161	-43.7074	38.9096	-2.25209
49	74	-21.6274	-43.9853	39.133	-2.24784
49	75	-21.6277	-44.2607	39.3482	-2.24347
49	76	-21.6191	-44.5346	39.5575	-2.23898
49	77	-21.6016	-44.8085	39.7621	-2.23437
49	78	-21.5732	-45.0832	39.9615	-2.22957
49	79	-21.5314	-45.3577	40.1534	-2.22457
49	80	-21.4754	-45.6293	40.3354	-2.21937
49	81	-21.4066	-45.8958	40.5069	-2.21404
49	82	-21.3275	-46.1574	40.6694	-2.20863
49	83	-21.239	-46.4154	40.8246	-2.20312
49	84	-21.1398	-46.6708	40.9726	-2.19748
49	85	-21.0276	-46.9228	41.1116	-2.19168
49	86	-20.9009	-47.1688	41.2387	-2.18571
49	87	-20.7612	-47.406	41.3527	-2.17964
49	88	-20.6116	-47.6338	41.4548	-2.17354
49	89	-20.4545	-47.8538	41.5477	-2.16742
49	90	-20.29	-48.0677	41.633	-2.16127
49	91	-20.1179	-48.2766	41.7115	-2.15505
49	92	-19.9356	-48.479	41.7806	-2.14874
49	93	-19.7428	-48.6722	41.838	-2.14236
49	94	-19.5412	-48.8545	41.8831	-2.13595
49	95	-19.3331	-49.0266	41.9178	-2.12956
49	96	-19.1198	-49.1902	41.9443	-2.12318
49	97	-18.9006	-49.3464	41.9632	-2.11678
49	98	-18.674	-49.4944	41.9728	-2.11034
49	99	-18.4393	-49.6316	41.9708	-2.10386
49	100	-18.1976	-49.7559	41.956	-2.09739
49	101	-17.9515	-49.8675	41.9296	-2.09098
49	102	-17.7026	-49.9683	41.8942	-2.08463
49	103	-17.451	-50.0599	41.8512	-2.07832
49	104	-17.1958	-50.1426	41.8002	-2.07202
49	105	-16.9364	-50.2136	41.7387	-2.06575
49	106	-16.7093	-50.2614	41.6734	-2.06041
49	107	-16.5062	-50.2845	41.5987	-2.05584
49	108	-16.3209	-50.2857	41.5137	-2.05188
49	109	-16.148	-50.2681	41.4183	-2.04838
49	110	-15.9828	-50.2342	41.3126	-2.0452
49	111	-15.8244	-50.179	41.1912	-2.04239
49	112	-15.6969	-50.0744	41.0402	-2.04078
49	113	-15.5964	-49.9194	40.8565	-2.04031
49	114	-15.5027	-49.7615	40.6732	-2.04001
49	115	-15.4118	-49.6028	40.4906	-2.03978
49	116	-15.3223	-49.444	40.3085	-2.03958
49	117	-15.2334	-49.2854	40.1269	-2.03939
49	118	-15.1448	-49.1268	39.9454	-2.0392
49	119	-15.0561	-48.9682	39.7638	-2.03902
49	120	-14.9681	-48.809	39.5821	-2.03885
49	121	-14.8821	-48.6471	39.3987	-2.03875
49	122	-14.7991	-48.4828	39.2147	-2.03875
49	123	-14.719	-48.3172	39.0308	-2.03883
49	124	-14.6412	-48.1514	38.8477	-2.03897
49	125	-14.5646	-47.9861	38.6656	-2.03913
49	126	-14.4885	-47.8215	38.4844	-2.0393
49	127	-14.4127	-47.6574	38.3037	-2.03947
49	128	-14.338	-47.49	38.1206	-2.0397
49	129	-14.2654	-47.3192	37.9355	-2.04003
49	130	-14.1958	-47.1455	37.749	-2.04047
49	131	-14.1297	-46.9697	37.5624	-2.04102
49	132	-14.067	-46.7932	37.3767	-2.04166
49	133	-14.0073	-46.617	37.1925	-2.04238
49	134	-13.9494	-46.4415	37.0099	-2.04314
49	135	-13.8924	-46.2668	36.8284	-2.04392
49	136	-13.8357	-46.0923	36.6473	-2.04471
49	137	-13.7791	-45.9172	36.4657	-2.04552
49	138	-13.7229	-45.741	36.2832	-2.04636
49	139	-13.6677	-45.5633	36.1	-2.04726
