0 1 1 94.3127 1.09498 -1 1.39348 0 0 0 0 61.2662 0 295000 0 0.432614
1 1 1 105.338 1.15573 -1 1.16198 -4.61354 1 0 0 56.9931 0 295000 0 1.06902
2 1 1 70.4066 3.03962 -1 1.04642 3.80074 2 0 0 61.2608 0 295000 0 0.134722
3 1 0 91.6729 1.22713 1.72808 1.55147 -9.64155 3 0 0 50.8217 0 295000 1 1.68713
4 1 1 72.135 1.22654 -1 1.07338 7.86113 4 0 0 56.7215 0 295000 0 0.0275055
5 1 0 96.4656 1.46513 2.03369 1.22688 -14.9484 5 0 0 44.184 0 295000 1 2.01479
6 1 1 106.515 2.53018 -1 1.0236 11.6663 6 0 0 50.6768 0 295000 0 0.110736
7 1 0 67.5394 1.56802 2.25473 1.22543 -17.8922 7 0 0 39.3246 0 295000 1 2.23702
8 1 1 60.0055 2.28901 -1 1.19276 16.501 8 0 0 44.9292 0 295000 0 0.184623
9 1 0 47.9855 3.08761 2.37105 1.09446 -20.1812 9 0 0 35.2568 0 295000 1 2.36341
10 2 0 64.949 1.11471 -1 1.07552 6.56457 10 0 0 67.9238 0 295000 0 0
11 2 0 68.3732 0.0949991 -1 1.19966 9.81115 11 0 0 70.8694 0 295000 0 0
12 2 0 77.9745 3.02392 0 1.34438 1.97487 12 0 0 59.5781 0 295000 0 0
13 2 0 68.8792 2.20971 -1 1.1459 13.1375 13 0 0 65.5984 0 295000 0 0
14 2 0 82.96 0.355115 0 1.23897 -3.75969 14 0 0 50.7595 0 295000 0 0
15 2 0 78.7763 2.449 0 1.29716 17.64 15 0 0 57.9959 0 295000 0 0
16 2 0 89.9616 1.12004 -1 1.41631 -7.47483 16 0 0 44.4332 0 295000 0 0
17 2 1 87.4805 2.25726 -1 1.1956 22.4794 17 0 0 49.5062 0 295000 0 0
18 2 1 108.113 1.23281 -1 1.28132 -10.4021 18 0 0 38.8638 0 295000 0 0
19 3 0 65.1951 1.17469 -1 1.21112 16.2326 19 0 0 79.07 86.5487 295000 0 0
20 3 0 79.2656 2.37188 0 1.13782 12.2891 20 0 0 68.1266 76.9726 295000 0 0
21 3 0 73.7504 0.0957154 0 1.29687 18.8981 21 0 0 75.6711 87.8283 295000 0 0
22 3 0 85.0421 1.24321 0 1.09627 7.40341 22 0 0 57.5345 65.6701 295000 0 0
23 3 0 81.3076 2.28053 0 1.1577 23.3319 23 0 0 64.9941 81.3001 295000 0 0
24 3 0 88.6261 1.27138 0 1.62906 4.5422 24 0 0 50.1893 57.6527 295000 0 0
25 3 1 84.0637 2.18875 -1 1.10616 27.4171 25 0 0 55.99 72.2841 295000 0 0
26 3 1 94.658 1.46372 -1 1.36005 1.52318 26 0 0 44.1036 50.7341 295000 0 0
27 4 0 70.725 1.33906 -1 1.22489 23.0274 27 0 0 72.348 90.4191 295000 0 0
28 4 0 81.5566 1.31995 1.5708 1.18507 26.3628 28 0 0 76.1014 102.529 295000 0 0
29 4 0 91.5868 1.32455 0 1.05945 19.2577 29 0 0 63.3326 77.2154 295000 0 0
30 4 0 80.1131 1.37831 1.5708 1.39134 29.4509 30 0 0 68.4699 94.0776 295000 0 0
31 4 0 91.765 1.41793 1.5708 1.68271 17.1419 31 0 0 54.6728 66.4493 295000 0 0
32 4 1 82.0253 2.31926 -1 1.25119 33.5749 32 0 0 59.1625 81.237 295000 0 0
33 4 1 87.7683 1.64608 -1 1.37083 14.3311 33 0 0 47.648 57.5233 295000 0 0
34 5 0 88.1691 1.4006 1.5708 1.2861 34.6982 34 0 0 65.8364 97.8281 295000 0 0
35 5 0 95.6995 1.43552 1.5708 1.72757 32.0526 35 0 0 61.9419 85.421 295000 0 0
36 5 0 78.8562 2.34863 1.5708 1.20833 37.3879 36 0 0 64.2168 97.9397 295000 0 0
37 5 0 90.5553 1.45931 -1 1.55758 29.865 37 0 0 56.2279 74.2217 295000 0 0
38 5 1 54.6983 2.49468 -1 1.34342 39.6411 38 0 0 58.4991 85.3541 295000 0 0
39 5 1 99.082 1.67075 -1 1.44216 27.1054 39 0 0 50.04 64.2453 295000 0 0
40 6 0 71.3253 2.68776 -1 1.23024 43.6381 40 0 0 56.6376 84.7802 295000 0 0
41 6 0 64.415 2.65509 -1 1.31871 45.2529 41 0 0 57.1058 87.4931 295000 0 0
42 6 0 105.29 1.48414 1.5708 1.21571 43.0293 42 0 0 52.3116 75.1283 295000 0 0
43 6 1 70.78 2.74189 -1 1.3134 46.5771 43 0 0 54.6819 82.4925 295000 0 0
44 6 1 72.4586 1.60266 -1 1.22988 39.3731 44 0 0 48.7694 67.0572 295000 0 0
45 7 0 100.176 1.55722 1.5708 1.70063 54.8962 45 0 0 47.6036 71.5613 295000 0 0
46 7 0 105.325 1.6071 1.5708 1.46534 55.0446 46 0 0 48.6905 74.1071 295000 0 0
47 7 0 95.0961 1.4262 1.5708 1.33106 54.5545 47 0 0 45.0898 66.2828 295000 0 0
48 7 1 83.5111 3.08385 1.5708 1.06027 54.908 48 0 0 48.4791 73.4602 295000 0 0
49 7 1 94.0026 1.59146 1.5708 1.37598 50.8214 49 0 0 43.6515 62.3146 295000 0 0
