0 1 1 95.1889 1.02541 -1 1.36801 0 0 0 0 61.6622 0 580000 0 0.203924
1 1 1 98.7024 1.0149 -1 1.24632 -4.87053 1 0 0 56.8801 0 580000 0 0.613891
2 1 1 68.8748 1.07732 -1 1.11223 4.33105 2 0 0 62.5266 0 580000 0 0.00527299
3 1 1 102.727 1.12742 -1 1.38335 -9.71955 3 0 0 50.6513 0 580000 0 1.23816
4 1 1 70.2075 1.14159 -1 1.08765 8.54852 4 0 0 58.5592 0 580000 0 0.104266
5 1 0 97.4828 1.13675 1.69824 1.68949 -15.5561 5 0 0 44.1746 0 580000 1 1.69328
6 1 1 104.98 1.01087 -1 1.02433 13.1368 6 0 0 52.6648 0 580000 0 0.179063
7 1 0 68.7797 1.23295 1.93039 1.46174 -20.5564 7 0 0 39.1148 0 580000 1 1.93362
8 1 1 59.4896 2.17415 -1 1.20655 18.5488 8 0 0 46.8996 0 580000 0 0.246531
9 1 0 47.6338 1.32989 2.07385 1.01854 -24.3352 9 0 0 35.0512 0 580000 1 2.08502
10 2 0 65.0589 1.09184 -1 1.10409 6.02835 10 0 0 67.0574 0 580000 0 0
11 2 0 70.3214 0.0446667 -1 1.11947 9.97254 11 0 0 71.8065 0 580000 0 0
12 2 0 80.3992 0.00262563 0 1.3357 1.60833 12 0 0 58.6668 0 580000 0 0
13 2 0 70.5115 1.15824 -1 1.14844 13.5525 13 0 0 67.9271 0 580000 0 0
14 2 0 78.1497 0.764185 0 1.21206 -3.62229 14 0 0 50.3321 0 580000 0 0
15 2 0 80.1048 2.36482 0 1.36381 18.3658 15 0 0 60.499 0 580000 0 0
16 2 0 91.5132 0.921952 -1 1.39322 -9.15877 16 0 0 43.6445 0 580000 0 0
17 2 1 87.5832 2.19297 -1 1.18911 24.3429 17 0 0 51.3573 0 580000 0 0
18 2 1 106.64 1.04465 -1 1.29557 -14.7577 18 0 0 37.8224 0 580000 0 0
19 3 0 68.5147 1.08714 -1 1.18885 15.7344 19 0 0 76.3946 85.1347 580000 0 0
20 3 0 78.7639 0.0126831 0 1.18024 11.4897 20 0 0 65.6732 74.7027 580000 0 0
21 3 0 77.075 0.0462497 0 1.22578 19.503 21 0 0 79.2832 90.0195 580000 0 0
22 3 0 83.0456 1.02646 0 1.04092 7.11352 22 0 0 55.6486 63.7629 580000 0 0
23 3 0 79.4796 0.0947212 0 1.22383 23.7112 23 0 0 68.0912 85.8749 580000 0 0
24 3 0 83.168 0.873724 0 1.19604 2.84433 24 0 0 47.918 54.9744 580000 0 0
25 3 1 82.9516 2.06826 -1 1.18718 28.3624 25 0 0 58.147 76.3578 580000 0 0
26 3 1 92.5431 1.23285 -1 1.34875 -2.55579 26 0 0 41.7212 47.5506 580000 0 0
27 4 0 66.5916 1.21098 -1 1.29575 21.7421 27 0 0 69.0071 85.3702 580000 0 0
28 4 0 75.7253 0.0855007 0 1.12853 25.7685 28 0 0 75.6332 99.7294 580000 0 0
29 4 0 87.4205 1.20869 0 1.09282 18.1825 29 0 0 60.39 73.4202 580000 0 0
30 4 0 81.2546 2.24869 0 1.15649 29.5505 30 0 0 70.9908 99.843 580000 0 0
31 4 0 86.5149 1.24249 0 1.08947 14.5349 31 0 0 51.9071 62.5169 580000 0 0
32 4 1 81.1493 2.17598 -1 1.15193 33.8668 32 0 0 61.5494 86.526 580000 0 0
33 4 1 83.9165 1.4514 -1 1.30838 10.0745 33 0 0 44.7591 53.2262 580000 0 0
34 5 0 80.1494 1.34501 1.5708 1.34336 32.8456 34 0 0 64.5869 91.4763 580000 0 0
35 5 0 91.3903 1.33398 1.5708 1.58599 30.3249 35 0 0 59.387 79.6909 580000 0 0
36 5 0 78.9672 2.29546 1.5708 1.19397 36.0028 36 0 0 65.5184 100.449 580000 0 0
37 5 0 88.3526 1.28237 -1 1.28191 26.8939 37 0 0 53.4478 69.096 580000 0 0
38 5 1 57.8744 2.33148 -1 1.24687 39.2632 38 0 0 60.8604 91.2255 580000 0 0
39 5 1 95.5845 1.56937 -1 1.28285 22.6111 39 0 0 47.3172 59.3924 580000 0 0
40 6 0 68.7059 2.64078 -1 1.1282 41.2541 40 0 0 55.379 80.0785 580000 0 0
41 6 0 65.2395 2.66965 -1 1.23799 43.1684 41 0 0 57.4021 86.3657 580000 0 0
42 6 0 103.037 2.67869 0 1.04354 39.6374 42 0 0 50.2056 69.5574 580000 0 0
43 6 1 71.1158 2.64535 -1 1.30757 45.4036 43 0 0 56.5004 86.2479 580000 0 0
44 6 1 67.6036 1.93358 -1 1.17045 34.5488 44 0 0 46.491 61.7669 580000 0 0
45 7 0 99.3935 1.46459 1.5708 1.65315 51.7115 45 0 0 46.9506 68.7352 580000 0 0
46 7 0 103.301 1.52419 1.5708 1.45456 52.6666 46 0 0 49.0924 73.6797 580000 0 0
47 7 0 95.3483 1.30026 1.5708 1.31976 50.814 47 0 0 43.6242 62.19 580000 0 0
48 7 1 82.1497 2.95669 1.5708 1.12357 52.9628 48 0 0 50.137 76.2062 580000 0 0
49 7 1 91.5262 1.39445 1.5708 1.33115 45.5741 49 0 0 42.1898 58.2166 580000 0 0
