0 1 1 95.1258 1.04042 -1 1.36781 0 0 0 0 61.8523 0 500000 0 0.277428
1 1 1 98.5212 1.01923 -1 1.27443 -4.76215 1 0 0 56.9978 0 500000 0 0.729947
2 1 1 68.2664 0.9681 -1 1.08433 4.31079 2 0 0 62.7665 0 500000 0 0.0503286
3 1 1 102.226 1.11397 -1 1.36879 -9.79594 3 0 0 50.6469 0 500000 0 1.34874
4 1 1 70.716 1.13724 -1 1.09061 8.63685 4 0 0 58.6096 0 500000 0 0.0780542
5 1 0 97.7149 1.20555 1.76108 1.58282 -15.6794 5 0 0 44.0219 0 500000 1 1.75988
6 1 1 106.6 2.47118 -1 1.02956 12.9006 6 0 0 52.255 0 500000 0 0.153048
7 1 0 68.4968 1.33905 1.99385 1.30699 -20.2562 7 0 0 38.8215 0 500000 1 1.99591
8 1 1 59.4728 2.26604 -1 1.19621 18.1279 8 0 0 46.2013 0 500000 0 0.221371
9 1 0 47.3846 2.85434 2.14111 1.03396 -24.037 9 0 0 34.7258 0 500000 1 2.13602
10 2 0 65.452 1.05764 -1 1.11463 6.153 10 0 0 67.0961 0 500000 0 0
11 2 0 65.9259 0.0707234 -1 1.23011 9.65982 11 0 0 71.8451 0 500000 0 0
12 2 0 81.32 3.11656 0 1.25285 1.67476 12 0 0 58.5057 0 500000 0 0
13 2 0 71.4328 1.06539 -1 1.16261 13.5689 13 0 0 68.1038 0 500000 0 0
14 2 0 76.8569 0.759816 0 1.17896 -4.12936 14 0 0 49.9919 0 500000 0 0
15 2 0 82.6588 2.41351 0 1.35576 18.3956 15 0 0 59.8206 0 500000 0 0
16 2 0 87.8292 0.966535 -1 1.32574 -9.46576 16 0 0 43.4041 0 500000 0 0
17 2 1 89.6243 2.19861 -1 1.14642 23.847 17 0 0 50.7771 0 500000 0 0
18 2 1 106.636 1.10674 -1 1.27252 -14.4379 18 0 0 37.8253 0 500000 0 0
19 3 0 70.3078 1.15126 -1 1.16205 15.7762 19 0 0 76.3418 85.1067 500000 0 0
20 3 0 82.857 2.83471 0 1.09009 11.861 20 0 0 65.5085 74.7696 500000 0 0
21 3 0 76.2216 1.21383 1.5708 1.23186 19.3296 21 0 0 79.2958 90.1825 500000 0 0
22 3 0 86.1913 1.05023 0 1.15423 6.77388 22 0 0 55.2775 63.3793 500000 0 0
23 3 0 83.7672 0.0631615 0 1.26744 23.7801 23 0 0 67.5561 85.6539 500000 0 0
24 3 0 82.977 1.01257 0 1.29062 2.24588 24 0 0 48.0016 55.0044 500000 0 0
25 3 1 85.4282 2.12134 -1 1.10735 28.1989 25 0 0 57.3759 75.0417 500000 0 0
26 3 1 92.1051 1.32153 -1 1.36914 -2.39469 26 0 0 42.1494 48.0788 500000 0 0
27 4 0 70.0975 1.17508 -1 1.14167 22.1066 27 0 0 69.1095 85.7876 500000 0 0
28 4 0 79.1386 2.21109 1.5708 1.19186 26.1754 28 0 0 75.7383 100.113 500000 0 0
29 4 0 88.9703 2.52178 0 1.13313 18.2334 29 0 0 59.7518 72.7804 500000 0 0
30 4 0 71.7692 1.37645 1.5708 1.35692 29.8475 30 0 0 70.9328 100.238 500000 0 0
31 4 0 83.4629 1.30473 1.5708 1.5804 14.6383 31 0 0 51.908 62.6911 500000 0 0
32 4 1 84.4062 2.27673 -1 1.16347 33.835 32 0 0 61.3283 85.8083 500000 0 0
33 4 1 86.6359 1.41647 -1 1.36521 10.4026 33 0 0 45.4884 54.2528 500000 0 0
34 5 0 82.3913 1.34824 1.5708 1.36594 33.3834 34 0 0 64.5318 92.2106 500000 0 0
35 5 0 98.0976 1.3413 0 1.29946 30.2392 35 0 0 59.5904 79.8869 500000 0 0
36 5 0 76.9833 2.29825 1.5708 1.15974 36.8118 36 0 0 64.7044 99.1894 500000 0 0
37 5 0 81.8355 1.3482 -1 1.44798 27.3383 37 0 0 53.338 69.1242 500000 0 0
38 5 1 55.8484 2.402 -1 1.26332 39.6469 38 0 0 60.4001 90.2172 500000 0 0
39 5 1 96.4478 1.57359 -1 1.39911 23.5333 39 0 0 47.5085 59.9881 500000 0 0
40 6 0 74.6723 2.57087 -1 1.21365 41.7393 40 0 0 55.3491 80.4772 500000 0 0
41 6 0 66.4333 2.65276 -1 1.27151 44.0579 41 0 0 56.7827 85.755 500000 0 0
42 6 0 107.873 1.34951 1.5708 1.19891 40.3613 42 0 0 50.4807 70.4015 500000 0 0
43 6 1 70.3558 2.73195 -1 1.32749 46.0762 43 0 0 55.7065 84.7877 500000 0 0
44 6 1 70.5798 1.47901 -1 1.17585 35.8365 44 0 0 46.7706 62.6561 500000 0 0
45 7 0 102.698 1.51637 1.5708 1.71091 53.0176 45 0 0 46.639 68.7054 500000 0 0
46 7 0 104.591 1.56952 1.5708 1.47321 53.8061 46 0 0 48.5256 73.0379 500000 0 0
47 7 0 96.1625 1.38446 1.5708 1.34297 52.3965 47 0 0 43.494 62.4853 500000 0 0
48 7 1 82.9822 2.99119 1.5708 1.11218 53.8802 48 0 0 49.3388 74.8733 500000 0 0
49 7 1 93.6596 1.41377 1.5708 1.37115 47.3175 49 0 0 42.2499 58.8162 500000 0 0
