0 1 1 70.8361 2.81795 -1 1.17396 0 0 0 0 59.9303 0 440000 0 1.61359
1 1 1 78.6701 2.93479 -1 1.33311 -0.493985 1 0 0 59.347 0 440000 0 1.528
2 1 1 104.467 2.68858 -1 1.08992 1.73225 2 0 0 56.9496 0 440000 0 1.69309
3 1 1 96.7295 2.99449 -1 1.25978 0.363641 3 0 0 55.1412 0 440000 0 1.60489
4 1 1 102.913 1.34112 -1 1.0602 4.2486 4 0 0 51.2172 0 440000 0 1.73497
5 1 1 73.6235 0.589594 -1 1.11298 3.32287 5 0 0 50.2061 0 440000 0 1.6973
6 1 1 99.7461 1.35529 -1 1.11797 6.73514 6 0 0 44.7647 0 440000 0 1.75323
7 1 1 65.4604 0.798137 -1 1.19239 7.58114 7 0 0 45.5041 0 440000 0 1.77866
8 1 1 83.3896 2.46191 -1 1.21535 9.79576 8 0 0 39.1777 0 440000 0 1.77859
9 1 1 84.9493 1.02774 -1 1.22944 12.9944 9 0 0 41.1137 0 440000 0 1.85529
10 2 0 76.0002 2.70191 0 1.38007 7.11945 10 0 0 67.8068 0 440000 0 0
11 2 0 58.8502 2.56327 -1 1.29189 8.71731 11 0 0 65.4448 0 440000 0 0
12 2 0 76.5655 2.82384 0 1.33699 7.39152 12 0 0 64.7397 0 440000 0 0
13 2 0 58.072 2.52161 -1 1.45793 11.0031 13 0 0 58.7062 0 440000 0 0
14 2 0 74.467 2.92252 0 1.18296 9.30818 14 0 0 58.166 0 440000 0 0
15 2 0 77.1378 2.52161 0 1.48283 13.8787 15 0 0 50.5335 0 440000 0 0
16 2 0 75.7356 3.03725 0 1.21814 12.8601 16 0 0 51.6662 0 440000 0 0
17 2 1 84.1234 2.42634 -1 1.27008 17.0526 17 0 0 42.8389 0 440000 0 0
18 2 1 60.6108 1.02095 -1 1.26626 17.7094 18 0 0 45.9397 0 440000 0 0
19 3 0 60.5435 2.52411 -1 1.14017 15.9838 19 0 0 74.5444 83.324 440000 0 0
20 3 0 77.4194 2.84884 0 1.15428 15.291 20 0 0 76.2721 83.6741 440000 0 0
21 3 0 76.2376 2.4045 1.5708 1.27882 17.6259 21 0 0 65.4131 77.5231 440000 0 0
22 3 0 75.5097 2.82151 0 1.27299 16.2973 22 0 0 67.6936 78.7604 440000 0 0
23 3 0 71.1029 2.4558 -1 1.28776 20.0317 23 0 0 56.1339 68.84 440000 0 0
24 3 0 67.2122 1.9126 -1 1.10321 19.1321 24 0 0 59.1693 71.9104 440000 0 0
25 3 1 77.2635 2.35148 -1 1.26703 22.9326 25 0 0 47.915 59.7749 440000 0 0
26 3 1 60.1826 0.871675 -1 1.18138 21.8858 26 0 0 51.6211 64.1161 440000 0 0
27 4 0 80.9829 1.53775 1.5708 1.17772 24.4291 27 0 0 79.8083 97.1959 440000 0 0
28 4 0 75.4419 2.53552 1.5708 1.12367 25.4127 28 0 0 70.5305 89.4439 440000 0 0
29 4 0 68.7026 2.76971 -1 1.09108 24.5998 29 0 0 74.8665 94.0589 440000 0 0
30 4 0 80.6195 1.43939 1.5708 1.2294 27.8294 30 0 0 60.3231 77.9732 440000 0 0
31 4 0 75.1471 1.62139 1.5708 1.40729 26.2743 31 0 0 64.9182 83.5914 440000 0 0
32 4 1 82.8396 2.50839 -1 1.18844 30.0307 32 0 0 51.5655 66.9435 440000 0 0
33 4 1 82.2534 0.607734 -1 1.24866 28.5919 33 0 0 55.6171 72.0579 440000 0 0
34 5 0 79.0781 1.57102 1.5708 1.31044 34.7743 34 0 0 66.344 96.6394 440000 0 0
35 5 0 76.959 1.65263 1.5708 1.21834 34.3425 35 0 0 68.6803 104.939 440000 0 0
36 5 0 75.8175 1.52377 1.5708 1.25175 36.2675 36 0 0 60.3371 84.6487 440000 0 0
37 5 0 80.9715 1.62952 1.5708 1.40983 34.9059 37 0 0 63.9745 91.1117 440000 0 0
38 5 1 74.7579 2.54551 -1 1.1868 37.9719 38 0 0 53.0077 72.5182 440000 0 0
39 5 1 78.5735 0.488258 -1 1.30213 36.1239 39 0 0 56.5295 77.6781 440000 0 0
40 6 0 77.4741 1.50532 1.5708 1.47119 44.3631 40 0 0 58.6733 89.4729 440000 0 0
41 6 0 74.7875 1.66758 1.5708 1.25426 45.3797 41 0 0 55.7059 82.8472 440000 0 0
42 6 0 76.568 1.46082 1.5708 1.15648 43.91 42 0 0 58.3458 87.8359 440000 0 0
43 6 1 74.6643 2.74211 -1 1.14764 45.7231 43 0 0 51.5445 74.0776 440000 0 0
44 6 1 57.3958 0.0129853 -1 1.27232 43.5963 44 0 0 54.3364 78.3474 440000 0 0
45 7 0 97.3753 1.52627 1.5708 1.41381 54.6377 45 0 0 49.9141 75.6811 440000 0 0
46 7 0 96.1588 1.66253 1.5708 1.247 54.7803 46 0 0 49.1418 74.0397 440000 0 0
47 7 0 100.856 1.40676 1.5708 1.41983 53.6063 47 0 0 49.3077 73.746 440000 0 0
48 7 1 61.4777 3.1081 1.5708 1.0679 53.8964 48 0 0 47.5369 70.1421 440000 0 0
49 7 1 80.1573 1.56525 1.5708 1.12164 51.404 49 0 0 47.9022 69.815 440000 0 0
