0 1 1 73.2388 2.85858 -1 1.18635 0 0 0 0 60.297 0 290000 0 1.64563
1 1 1 79.2582 2.95486 -1 1.24959 -0.860733 1 0 0 59.2882 0 290000 0 1.49596
2 1 1 106.342 1.43017 -1 1.09622 1.74247 2 0 0 57.3698 0 290000 0 1.707
3 1 1 95.372 0.387935 -1 1.06035 0.0984782 3 0 0 55.4719 0 290000 0 1.60054
4 1 1 104.89 1.3757 -1 1.12154 4.57732 4 0 0 52.1044 0 290000 0 1.75881
5 1 1 75.7107 0.685263 -1 1.13544 3.42301 5 0 0 51.0845 0 290000 0 1.71167
6 1 1 99.6601 1.33142 -1 1.14275 6.90046 6 0 0 45.7086 0 290000 0 1.76703
7 1 1 67.838 0.696121 -1 1.14581 7.57542 7 0 0 46.2465 0 290000 0 1.78807
8 1 1 83.1244 2.38516 -1 1.23381 9.92609 8 0 0 40.0504 0 290000 0 1.78947
9 1 1 85.5432 1.01654 -1 1.25204 12.8353 9 0 0 41.7185 0 290000 0 1.8609
10 2 0 77.1249 2.68041 0 1.32618 7.16192 10 0 0 68.2486 0 290000 0 0
11 2 0 61.5838 2.47457 -1 1.22739 9.17136 11 0 0 66.3796 0 290000 0 0
12 2 0 75.5286 2.93765 0 1.29706 7.25149 12 0 0 64.6947 0 290000 0 0
13 2 0 58.7443 2.49181 -1 1.35281 11.7262 13 0 0 60.0153 0 290000 0 0
14 2 0 75.8847 1.94171 0 1.06495 9.94726 14 0 0 59.0688 0 290000 0 0
15 2 0 78.1325 2.54209 0 1.413 14.188 15 0 0 51.9138 0 290000 0 0
16 2 0 72.9826 2.94384 0 1.21607 13.2194 16 0 0 52.4695 0 290000 0 0
17 2 1 84.7543 2.46708 -1 1.25 17.1597 17 0 0 44.0516 0 290000 0 0
18 2 1 60.7457 0.942117 -1 1.32237 17.6978 18 0 0 46.4084 0 290000 0 0
19 3 0 62.082 1.48159 -1 1.20335 16.758 19 0 0 76.0644 84.9651 290000 0 0
20 3 0 78.1035 2.75729 0 1.11176 15.4974 20 0 0 75.8235 83.7315 290000 0 0
21 3 0 77.7605 2.55343 0 1.29581 18.4471 21 0 0 67.2082 80.2745 290000 0 0
22 3 0 79.7325 1.81554 0 1.04893 17.1981 22 0 0 67.9068 79.5772 290000 0 0
23 3 0 66.567 2.46365 -1 1.32406 20.6224 23 0 0 57.6162 71.0887 290000 0 0
24 3 0 65.8385 1.81628 -1 1.06645 20.1354 24 0 0 59.6259 73.0091 290000 0 0
25 3 1 75.825 2.3907 -1 1.28138 23.4569 25 0 0 48.9926 61.3748 290000 0 0
26 3 1 58.0248 0.852932 -1 1.26842 22.336 26 0 0 51.8873 64.762 290000 0 0
27 4 0 71.5028 1.65744 0 1.1387 24.8579 27 0 0 79.2717 98.8628 290000 0 0
28 4 0 73.6214 2.62443 0 1.25375 26.0266 28 0 0 72.1954 93.5317 290000 0 0
29 4 0 64.1698 1.70652 -1 1.30388 25.1555 29 0 0 73.539 94.0048 290000 0 0
30 4 0 83.0324 1.45893 1.5708 1.20521 28.342 30 0 0 61.172 80.1008 290000 0 0
31 4 0 80.3401 0.646405 0 1.30177 27.2222 31 0 0 64.1644 83.666 290000 0 0
32 4 1 80.6192 2.5058 -1 1.22551 30.4808 32 0 0 52.0173 67.877 290000 0 0
33 4 1 78.4529 0.628636 -1 1.14057 29.3637 33 0 0 55.3993 72.3192 290000 0 0
34 5 0 84.4444 1.58606 1.5708 1.20547 35.3577 34 0 0 65.7785 97.1743 290000 0 0
35 5 0 77.7978 1.54336 1.5708 1.33837 34.9131 35 0 0 67.212 101.997 290000 0 0
36 5 0 75.8677 1.47559 1.5708 1.25331 36.9896 36 0 0 59.8798 84.6378 290000 0 0
37 5 0 80.9815 1.56066 1.5708 1.56887 35.6392 37 0 0 62.8369 90.395 290000 0 0
38 5 1 74.9122 2.56282 -1 1.19373 38.3618 38 0 0 52.8774 72.653 290000 0 0
39 5 1 83.3564 0.557807 -1 1.18765 36.882 39 0 0 56.1602 77.9972 290000 0 0
40 6 0 78.5387 1.54672 1.5708 1.48803 45.2454 40 0 0 57.702 87.7991 290000 0 0
41 6 0 74.0564 1.74297 1.5708 1.34102 46.0618 41 0 0 55.0911 81.8219 290000 0 0
42 6 0 78.5261 1.57629 1.5708 1.20433 45.1101 42 0 0 56.8778 85.7701 290000 0 0
43 6 1 75.6694 2.76047 -1 1.10729 46.5368 43 0 0 50.9384 73.3939 290000 0 0
44 6 1 61.1502 0.102351 -1 1.19277 44.9897 44 0 0 53.2833 77.4725 290000 0 0
45 7 0 94.8462 1.54362 1.5708 1.44562 55.7201 45 0 0 48.9937 74.1579 290000 0 0
46 7 0 95.4876 1.61747 1.5708 1.30194 55.8389 46 0 0 48.2393 72.5047 290000 0 0
47 7 0 98.6418 1.40481 1.5708 1.43878 54.8122 47 0 0 48.5436 72.7148 290000 0 0
48 7 1 61.3182 1.28043 1.5708 1.07344 54.9911 48 0 0 46.5478 68.6002 290000 0 0
49 7 1 80.3327 1.52896 1.5708 1.09796 53.1892 49 0 0 47.0894 68.9673 290000 0 0
