0 1 1 73.6285 2.84542 -1 1.18824 0 0 0 0 60.297 0 280000 0 1.65136
1 1 1 79.5621 2.95462 -1 1.25863 -0.927151 1 0 0 59.2882 0 280000 0 1.49024
2 1 1 107.373 1.39261 -1 1.08513 1.75742 2 0 0 57.3698 0 280000 0 1.70943
3 1 1 95.3017 0.392086 -1 1.06559 -0.000722013 3 0 0 55.4719 0 280000 0 1.59673
4 1 1 103.727 1.33991 -1 1.15725 4.55754 4 0 0 52.1044 0 280000 0 1.75932
5 1 1 75.8643 0.688582 -1 1.13191 3.38934 5 0 0 51.0845 0 280000 0 1.7118
6 1 1 98.8502 1.3386 -1 1.16782 6.80524 6 0 0 45.7086 0 280000 0 1.76609
7 1 1 67.9282 0.697063 -1 1.13777 7.57113 7 0 0 46.2465 0 280000 0 1.78915
8 1 1 83.0546 2.38607 -1 1.22846 9.7728 8 0 0 40.0504 0 280000 0 1.7878
9 1 1 85.7461 1.01672 -1 1.24418 12.8144 9 0 0 41.7185 0 280000 0 1.86156
10 2 0 77.0586 2.62253 0 1.32078 7.17771 10 0 0 68.2486 0 280000 0 0
11 2 0 61.7853 2.47851 -1 1.21259 9.21664 11 0 0 66.3796 0 280000 0 0
12 2 0 75.1321 2.93376 0 1.29378 7.13345 12 0 0 64.6947 0 280000 0 0
13 2 0 58.9003 2.49688 -1 1.32451 11.7474 13 0 0 60.0153 0 280000 0 0
14 2 0 75.7919 2.01157 0 1.0554 9.85941 14 0 0 59.0688 0 280000 0 0
15 2 0 78.2235 2.54122 0 1.4013 14.1227 15 0 0 51.9138 0 280000 0 0
16 2 0 72.8237 2.90864 0 1.20854 13.2088 16 0 0 52.4695 0 280000 0 0
17 2 1 84.4663 2.41976 -1 1.25971 17.0005 17 0 0 44.0516 0 280000 0 0
18 2 1 61.3243 0.946946 -1 1.30427 17.6976 18 0 0 46.4084 0 280000 0 0
19 3 0 61.8855 1.47476 -1 1.19668 16.8032 19 0 0 76.0644 84.9651 280000 0 0
20 3 0 77.4364 2.74696 0 1.10338 15.4644 20 0 0 75.8235 83.7315 280000 0 0
21 3 0 77.8124 2.48187 0 1.28685 18.5524 21 0 0 67.2082 80.2745 280000 0 0
22 3 0 79.4688 1.77069 0 1.10051 17.1444 22 0 0 67.9068 79.5772 280000 0 0
23 3 0 67.1485 2.47576 -1 1.31917 20.6422 23 0 0 57.6162 71.0887 280000 0 0
24 3 0 65.9835 1.82064 -1 1.09572 20.1095 24 0 0 59.6259 73.0091 280000 0 0
25 3 1 75.566 2.42895 -1 1.29295 23.3128 25 0 0 48.9926 61.3748 280000 0 0
26 3 1 58.1984 0.815888 -1 1.25008 22.3239 26 0 0 51.8873 64.762 280000 0 0
27 4 0 71.0634 1.66389 0 1.15487 24.8723 27 0 0 79.2717 98.8628 280000 0 0
28 4 0 73.5234 2.61848 0 1.26698 26.075 28 0 0 72.1954 93.5317 280000 0 0
29 4 0 64.0576 1.69298 -1 1.34116 25.24 29 0 0 73.539 94.0048 280000 0 0
30 4 0 82.6385 2.46735 1.5708 1.21407 28.3544 30 0 0 61.172 80.1008 280000 0 0
31 4 0 77.9735 0.595967 0 1.25374 27.3005 31 0 0 64.1644 83.666 280000 0 0
32 4 1 80.7324 2.51196 -1 1.24018 30.3574 32 0 0 52.0173 67.877 280000 0 0
33 4 1 78.0379 0.635704 -1 1.13933 29.3573 33 0 0 55.3993 72.3192 280000 0 0
34 5 0 83.8183 1.56154 1.5708 1.16474 35.3346 34 0 0 65.7785 97.1743 280000 0 0
35 5 0 76.8757 1.55997 1.5708 1.34628 34.9809 35 0 0 67.212 101.997 280000 0 0
36 5 0 75.7008 1.5486 1.5708 1.24751 36.9311 36 0 0 59.8798 84.6378 280000 0 0
37 5 0 80.4171 1.58498 1.5708 1.54705 35.782 37 0 0 62.8369 90.395 280000 0 0
38 5 1 75.064 2.56675 -1 1.19822 38.2212 38 0 0 52.8774 72.653 280000 0 0
39 5 1 82.9439 0.602177 -1 1.19191 36.9472 39 0 0 56.1602 77.9972 280000 0 0
40 6 0 77.8609 1.53305 1.5708 1.47906 45.1745 40 0 0 57.702 87.7991 280000 0 0
41 6 0 73.8747 1.77065 1.5708 1.3283 45.9327 41 0 0 55.0911 81.8219 280000 0 0
42 6 0 77.5258 1.58343 1.5708 1.19577 45.1446 42 0 0 56.8778 85.7701 280000 0 0
43 6 1 75.8122 2.77423 -1 1.10522 46.4263 43 0 0 50.9384 73.3939 280000 0 0
44 6 1 60.4384 0.106645 -1 1.21822 45.0553 44 0 0 53.2833 77.4725 280000 0 0
45 7 0 94.5547 1.5445 1.5708 1.44858 55.6276 45 0 0 48.9937 74.1579 280000 0 0
46 7 0 95.687 1.64011 1.5708 1.32846 55.7182 46 0 0 48.2393 72.5047 280000 0 0
47 7 0 97.8713 1.43526 1.5708 1.44325 54.746 47 0 0 48.5436 72.7148 280000 0 0
48 7 1 61.587 1.3464 1.5708 1.07334 54.8912 48 0 0 46.5478 68.6002 280000 0 0
49 7 1 79.8387 1.51537 1.5708 1.09321 53.1555 49 0 0 47.0894 68.9673 280000 0 0
