0 1 1 63.2758 2.79983 -1 1.06669 0 0 0 0 61.9925 0 140000 0 1.66549
1 1 1 72.7581 2.94945 -1 1.11461 -0.958487 1 0 0 60.9691 0 140000 0 1.4761
2 1 1 99.7556 1.47568 -1 1.24759 1.26229 2 0 0 59.3796 0 140000 0 1.69423
3 1 1 88.3454 0.450119 -1 1.03162 -0.134715 3 0 0 57.6517 0 140000 0 1.5921
4 1 1 105.313 1.37325 -1 1.13991 3.3501 4 0 0 53.9724 0 140000 0 1.72784
5 1 1 72.5181 1.83607 -1 1.06498 2.79612 5 0 0 53.2794 0 140000 0 1.70187
6 1 1 94.9001 1.32376 -1 1.24485 5.18916 6 0 0 47.5556 0 140000 0 1.7345
7 1 1 64.8219 1.82809 -1 1.06588 5.70228 7 0 0 48.2596 0 140000 0 1.75328
8 1 1 84.2389 2.38925 -1 1.186 8.19849 8 0 0 41.9745 0 140000 0 1.76663
9 1 1 85.5732 0.859081 -1 1.2171 9.09196 9 0 0 43.0688 0 140000 0 1.79391
10 2 0 70.6154 2.54899 0 1.23047 7.45885 10 0 0 70.2958 0 140000 0 0
11 2 0 55.526 1.47809 -1 1.10747 9.34443 11 0 0 68.7155 0 140000 0 0
12 2 0 69.4926 0.374828 0 1.18139 7.17278 12 0 0 66.5731 0 140000 0 0
13 2 0 55.2151 2.48285 -1 1.17512 10.9095 13 0 0 61.9726 0 140000 0 0
14 2 0 67.3655 0.666119 0 1.10973 9.37167 14 0 0 60.8879 0 140000 0 0
15 2 0 70.9011 2.64219 0 1.35529 12.8957 15 0 0 54.088 0 140000 0 0
16 2 0 64.2837 2.98462 0 1.25927 12.2603 16 0 0 54.1606 0 140000 0 0
17 2 1 83.1024 2.44847 -1 1.28784 15.3913 17 0 0 46.2291 0 140000 0 0
18 2 1 61.2836 0.804043 -1 1.20548 15.1703 18 0 0 47.6686 0 140000 0 0
19 3 0 57.5163 1.49767 -1 1.13435 16.9353 19 0 0 78.3151 89.1058 140000 0 0
20 3 0 74.396 1.52239 1.5708 1.25029 16.0569 20 0 0 77.1578 87.3128 140000 0 0
21 3 0 62.8342 1.53921 1.5708 1.41258 18.1661 21 0 0 69.1566 84.0499 140000 0 0
22 3 0 64.8033 1.80761 0 1.07922 16.4546 22 0 0 68.4431 81.5424 140000 0 0
23 3 0 69.3011 2.58066 -1 1.32663 19.4589 23 0 0 59.9745 74.5158 140000 0 0
24 3 0 60.4662 1.82478 -1 1.13454 19.146 24 0 0 60.6347 74.8273 140000 0 0
25 3 1 74.6878 2.475 -1 1.29009 21.5354 25 0 0 51.4883 64.6122 140000 0 0
26 3 1 60.5875 0.722188 -1 1.13617 20.9008 26 0 0 52.8104 65.9565 140000 0 0
27 4 0 61.5132 1.60585 1.5708 1.38274 25.1397 27 0 0 77.3197 102.439 140000 0 0
28 4 0 60.1143 2.52122 1.5708 1.22966 25.8533 28 0 0 73.0452 97.4215 140000 0 0
29 4 0 56.9421 1.73359 -1 1.24765 25.4651 29 0 0 72.6644 95.6588 140000 0 0
30 4 0 77.613 2.51049 1.5708 1.20059 27.4175 30 0 0 62.9471 83.3887 140000 0 0
31 4 0 71.4963 1.66633 1.5708 1.40758 26.2965 31 0 0 64.4038 84.4683 140000 0 0
32 4 1 79.3051 2.60777 -1 1.2727 28.9828 32 0 0 54.1399 70.9649 140000 0 0
33 4 1 81.9275 0.597838 -1 1.18667 28.3564 33 0 0 55.5963 72.7138 140000 0 0
34 5 0 66.5431 1.55714 1.5708 1.30561 34.5372 34 0 0 65.8948 97.7335 140000 0 0
35 5 0 57.9736 1.67239 1.5708 1.30516 34.4823 35 0 0 66.1569 99.2725 140000 0 0
36 5 0 72.3216 1.5308 1.5708 1.17087 35.8037 36 0 0 61.2389 87.1231 140000 0 0
37 5 0 70.6302 1.64872 1.5708 1.60196 35.0399 37 0 0 62.7964 90.1957 140000 0 0
38 5 1 70.9603 2.62595 -1 1.2883 36.9127 38 0 0 54.34 74.8066 140000 0 0
39 5 1 77.8395 0.490691 -1 1.23873 35.8369 39 0 0 56.778 78.6672 140000 0 0
40 6 0 63.0362 1.5722 1.5708 1.56279 43.5151 40 0 0 57.9546 87.0868 140000 0 0
41 6 0 67.059 1.72063 1.5708 1.17852 44.5071 41 0 0 55.5944 81.9943 140000 0 0
42 6 0 67.1038 1.41164 1.5708 1.1116 43.6188 42 0 0 56.9934 84.876 140000 0 0
43 6 1 70.4545 2.79799 -1 1.20496 44.781 43 0 0 51.7896 74.1211 140000 0 0
44 6 1 55.3116 0.18678 -1 1.28646 43.4657 44 0 0 53.9689 77.851 140000 0 0
45 7 0 84.1586 1.56513 1.5708 1.52945 53.2984 45 0 0 49.9668 74.6895 140000 0 0
46 7 0 86.1948 1.70122 1.5708 1.32647 53.2543 46 0 0 49.2434 73.0892 140000 0 0
47 7 0 90.203 1.45355 1.5708 1.39189 52.9997 47 0 0 49.3368 73.1808 140000 0 0
48 7 1 59.0847 0.0261857 1.5708 1.08804 52.7931 48 0 0 47.3229 68.9611 140000 0 0
49 7 1 79.3224 1.61141 1.5708 1.10313 51.599 49 0 0 47.8807 69.6823 140000 0 0
