# CellID	Layer	Boundary	Stem	Area	Perimeter	CenterX	CenterY	WUS	CK	Neighbors	IsDividing	Volume	Circularity	WallNodeCount	CytNodeCount	CenterDist	CenterAngle	IsBuffer	ThetaLocal
# Units	-	-	-	-	um^2	um	um	um	-	-	count	-	um^3	-	count	count	um	rad	-	rad
0	1	1	0	74.0243	31.1734	4.66686	4.84202	59.6862	0	0	0	74.0243	0.957226	107	1392	24.6912	1.34238	0	1.405
1	1	1	0	35.3101	22.0264	-5.75984	3.09727	59.9811	0	0	0	35.3101	0.914585	101	0	22.8233	1.78429	0	1.73659
2	1	1	0	80.0239	34.9492	15.3544	1.68112	57.1424	0	0	0	80.0239	0.823293	146	0	26.4828	0.908814	0	1.72076
3	1	1	0	68.292	31.57	-16.1321	1.34839	56.7987	0	0	0	68.292	0.861052	132	0	25.5704	2.20776	0	1.7374
4	1	1	0	55.3569	28.9333	26.323	-3.26004	51.7741	0	0	0	55.3569	0.830973	136	0	31.5711	0.529544	0	1.83913
5	1	1	0	61.9532	30.2827	-26.5617	-2.85052	51.5894	0	0	0	61.9532	0.848954	131	0	30.4113	2.57369	0	1.82599
6	1	1	0	25.5685	19.9548	35.3423	-7.21395	45.7899	0	0	0	25.5685	0.806907	89	0	38.1981	0.319394	0	1.87728
7	1	1	0	38.6277	23.6716	-36.07	-7.14991	45.6616	0	0	0	38.6277	0.866271	118	0	37.1568	2.81109	0	1.87283
8	1	1	0	20.0792	16.3129	44.2386	-10.2451	40.371	0	0	0	20.0792	0.948187	100	0	46.0434	0.19591	0	1.88169
9	1	1	0	19.7009	16.0103	-43.2842	-9.77847	40.8784	0	0	0	19.7009	0.965823	98	0	43.397	2.92256	0	1.88086
10	2	0	0	34.4658	22.9916	-0.77449	-0.989969	68.1961	0	0	0	34.4658	0.819331	125	0	18.2185	1.56259	0	0
11	2	0	0	27.0143	21.8469	8.78894	-1.76783	66.112	0	0	0	27.0143	0.711251	124	0	19.9624	1.06264	0	0
12	2	0	0	30.3687	22.3236	-10.4677	-2.64049	66.1664	0	0	0	30.3687	0.765787	128	0	19.1196	2.09342	0	0
13	2	0	0	45.2482	26.8503	19.6813	-6.41099	59.9332	0	0	0	45.2482	0.788702	140	0	24.2557	0.555749	0	0
14	2	0	0	26.9742	22.6241	-19.7973	-5.64397	59.518	0	0	0	26.9742	0.662237	128	0	23.2417	2.51844	0	0
15	2	0	0	31.3391	23.1161	29.886	-9.80248	51.4095	0	0	0	31.3391	0.736998	134	0	32.2137	0.296283	0	0
16	2	0	0	18.0657	18.8844	-30.345	-9.30875	51.7685	0	0	0	18.0657	0.636584	102	0	31.0417	2.81703	0	0
17	2	1	0	29.6007	20.146	37.979	-12.3475	44.9054	0	0	0	29.6007	0.916508	116	0	39.5033	0.174549	0	0
18	2	1	0	13.736	13.4478	-37.3213	-11.921	45.0893	0	0	0	13.736	0.95448	80	0	37.1195	2.944	0	0
19	3	0	0	109.508	38.0211	3.95551	-9.27937	77.0289	84.9075	0	0	109.508	0.951933	128	27	11.0627	1.114	0	0
20	3	0	0	88.0949	34.1012	-5.80994	-9.67165	76.6018	85.4659	0	0	88.0949	0.951964	130	18	10.715	2.04428	0	0
21	3	0	0	84.8133	35.9132	12.9457	-11.4199	68.5323	80.8346	0	0	84.8133	0.826352	160	0	15.9066	0.511634	0	0
22	3	0	0	76.1298	32.6723	-14.7581	-11.5067	67.2718	80.3557	0	0	76.1298	0.896203	124	0	15.8331	2.63363	0	0
23	3	0	0	61.3325	29.3071	22.8416	-14.2231	58.4292	72.3126	0	0	61.3325	0.897335	155	0	24.2828	0.206749	0	0
24	3	0	0	81.9176	32.5878	-24.451	-13.7593	57.6865	71.5954	0	0	81.9176	0.969344	140	0	24.1496	2.91402	0	0
25	3	1	0	24.5758	18.291	30.6909	-15.2644	50.3427	63.7979	0	0	24.5758	0.923089	103	0	31.86	0.124091	0	0
26	3	1	0	24.0283	18.175	-31.917	-14.8204	49.8977	63.007	0	0	24.0283	0.91408	97	0	31.3019	3.00097	0	0
27	4	0	0	62.3872	28.7592	-1.56228	-19.8119	78.0003	100.309	0	0	62.3872	0.947875	107	0	0.8788	-2.38367	0	0
28	4	0	0	58.6576	27.7149	7.19608	-20.4667	72.524	94.5318	0	0	58.6576	0.959642	120	0	8.21712	-0.153806	0	0
29	4	0	0	68.6892	30.9161	-10.0277	-20.7952	70.3245	91.8704	0	0	68.6892	0.903088	124	0	9.24101	-2.96896	0	0
30	4	0	0	58.8049	28.5017	16.2464	-21.5144	63.3749	83.2924	0	0	58.8049	0.909667	148	0	17.3247	-0.133532	0	0
31	4	0	0	79.4146	32.0136	-18.9487	-22.4366	60.8379	80.0874	0	0	79.4146	0.973738	143	0	18.3115	-2.96434	0	0
32	4	1	0	45.2634	24.8086	24.3736	-21.7213	54.5494	71.9874	0	0	45.2634	0.924168	134	0	25.4222	-0.0990314	0	0
33	4	1	0	28.7337	20.7698	-26.8145	-22.1677	52.3004	68.6045	0	0	28.7337	0.837023	111	0	26.059	-3.02777	0	0
34	5	0	0	75.3723	32.3486	1.84418	-29.8065	66.0545	100.523	0	0	75.3723	0.905129	130	0	10.9542	-1.31532	0	0
35	5	0	0	54.1849	27.6785	-5.96843	-29.8484	65.0169	96.8831	0	0	54.1849	0.888798	112	0	11.7757	-2.01349	0	0
36	5	0	0	85.2199	33.3308	10.8409	-30.2492	61.7664	89.2941	0	0	85.2199	0.963962	134	0	16.1346	-0.75368	0	0
37	5	0	0	62.304	29.3199	-14.6203	-30.714	59.3501	84.2853	0	0	62.304	0.910752	152	0	17.888	-2.44288	0	0
38	5	1	0	32.3376	21.4396	18.5139	-29.3128	55.5924	77.6641	0	0	32.3376	0.884067	114	0	21.9076	-0.479409	0	0
39	5	1	0	32.5721	21.4552	-22.558	-30.1493	52.1946	71.9017	0	0	32.5721	0.889183	120	0	24.2434	-2.67335	0	0
40	6	0	0	58.3205	28.6666	-3.33664	-39.5601	56.2829	85.5365	0	0	58.3205	0.89182	131	0	20.4948	-1.68879	0	0
41	6	0	0	70.3984	30.9612	6.02268	-39.605	55.8356	84.2246	0	0	70.3984	0.92286	135	0	21.5477	-1.24254	0	0
42	6	0	0	74.6989	31.9111	-11.4606	-39.6168	54.1584	80.4901	0	0	74.6989	0.921808	122	0	22.9683	-2.04738	0	0
43	6	1	0	45.4551	24.4793	15.214	-38.9888	53.0532	77.2985	0	0	45.4551	0.953221	129	0	25.5289	-0.886473	0	0
44	6	1	0	47.6268	25.8765	-19.339	-39.0384	50.0516	71.9753	0	0	47.6268	0.893823	129	0	27.0622	-2.3192	0	0
45	7	0	0	97.345	37.6161	-0.0785778	-50.0997	47.6608	72.0746	0	0	97.345	0.864524	159	0	30.9035	-1.54343	0	0
46	7	0	0	91.503	36.9037	9.14959	-48.84	47.7126	71.5754	0	0	91.503	0.844315	151	0	31.2976	-1.2431	0	0
47	7	0	0	89.2739	35.8274	-9.30922	-50.1067	46.8547	70.3016	0	0	89.2739	0.873983	154	0	32.0165	-1.83579	0	0
48	7	1	0	52.316	27.0669	17.0143	-46.848	46.8529	68.8997	0	0	52.316	0.897365	142	0	32.9509	-0.995126	0	0
49	7	1	0	61.5741	28.8801	-17.8383	-48.387	45.5652	67.0302	0	0	61.5741	0.927706	142	0	33.7271	-2.09613	0	0
