0 1 1 102.14 3.03256 -1 1.02911 -0.623709 2196 0 0 58.7089 0 735000 0 1.51896
1 1 1 112.537 2.94913 -1 1.19689 0 0 0 0 59.6126 0 735000 0 1.62264
2 1 1 97.9134 1.55458 -1 1.0495 -1.26455 0 0 0 53.7248 0 735000 0 1.51572
3 1 1 106.353 2.96164 -1 1.37087 1.47734 15 0 0 55.3885 0 735000 0 1.66707
4 1 1 106.882 2.71238 -1 1.10048 -1.03915 1930 0 0 47.5112 0 735000 0 1.54503
5 1 1 78.7174 0.459531 -1 1.15425 3.3572 811628352 0 0 48.5644 0 735000 0 1.68988
6 1 1 101.631 2.68834 -1 1.0508 0.728754 61 0 0 41.2849 0 735000 0 1.59567
7 1 1 99.8508 0.721399 -1 1.06671 7.38847 811569664 0 0 42.8099 0 735000 0 1.75531
8 1 1 57.8271 2.40435 -1 1.19955 4.28823 811573792 0 0 37.1155 0 735000 0 1.66231
9 1 1 57.5364 1.06043 -1 1.16016 12.9831 811571152 0 0 39.0542 0 735000 0 1.83732
10 2 0 72.4107 3.07071 0 1.50621 7.46419 15 0 0 67.5864 0 735000 0 0
11 2 0 56.9099 2.59133 -1 1.11541 7.16608 103 0 0 62.7417 0 735000 0 0
12 2 0 69.1161 2.86093 0 1.60288 8.10125 221 0 0 65.0315 0 735000 0 0
13 2 0 73.6278 0.389714 0 1.33905 6.82755 309 0 0 55.3984 0 735000 0 0
14 2 0 72.9414 2.98821 0 1.58545 9.33285 891 0 0 56.5406 0 735000 0 0
15 2 0 71.5376 2.66183 0 1.50875 7.61927 939 0 0 47.0339 0 735000 0 0
16 2 0 63.6395 0.812348 -1 1.27525 12.5619 1002 0 0 49.0449 0 735000 0 0
17 2 1 58.605 2.40082 -1 1.29703 10.2304 458 0 0 40.8107 0 735000 0 0
18 2 1 57.3223 0.944357 -1 1.34857 16.963 0 0 0 43.3047 0 735000 0 0
19 3 0 73.136 0.00245008 0 1.24875 14.7193 182704912 0 0 72.6246 80.4216 735000 0 0
20 3 0 65.2916 2.72774 -1 1.17143 14.8861 179689722 0 0 75.3156 82.2191 735000 0 0
21 3 0 74.3763 2.90915 0 1.44651 14.5678 16 0 0 62.4037 72.5491 735000 0 0
22 3 0 79.2627 2.7899 1.5708 1.19522 15.6543 1293 0 0 66.2032 76.6625 735000 0 0
23 3 0 70.331 2.85735 0 1.28389 14.1687 859 0 0 52.8601 62.8381 735000 0 0
24 3 0 77.2478 0.0633781 0 1.45316 17.6399 241 0 0 55.9128 67.3817 735000 0 0
25 3 1 78.429 2.40245 -1 1.21538 16.1613 35 0 0 45.5493 55.0981 735000 0 0
26 3 1 75.4907 0.940014 -1 1.22798 21.9128 2123 0 0 48.2303 59.8329 735000 0 0
27 4 0 73.9059 0.447277 0 1.18525 22.4982 2241 0 0 81.5443 92.9028 735000 0 0
28 4 0 78.3137 2.82219 0 1.43721 22.2584 565 0 0 68.1567 83.0773 735000 0 0
29 4 0 72.1314 1.66922 1.5708 1.16404 23.3554 1609 0 0 74.2 89.8129 735000 0 0
30 4 0 68.5676 0.390346 -1 1.07165 22.3506 447 0 0 57.9702 71.8845 735000 0 0
31 4 0 76.9891 2.7956 0 1.44531 24.5032 653 0 0 63.2347 79.2125 735000 0 0
32 4 1 79.7293 2.52806 -1 1.26761 22.9198 123 0 0 50.4859 62.9611 735000 0 0
33 4 1 77.324 0.876638 -1 1.33739 26.9878 2359 0 0 53.5564 68.4324 735000 0 0
34 5 0 77.562 2.80201 0 1.31475 29.8146 1175 0 0 70.696 95.7608 735000 0 0
35 5 0 69.5067 0.628063 1.5708 1.16102 31.0921 1499 0 0 72.6887 104.467 735000 0 0
36 5 0 60.7519 0.38723 -1 1.10364 30.0932 1381 0 0 61.1565 80.7686 735000 0 0
37 5 0 56.7536 2.77333 -1 1.28221 31.7661 1925 0 0 66.4688 90.7535 735000 0 0
38 5 1 78.5409 2.61212 -1 1.18791 31.2017 2035 0 0 52.7142 69.0391 735000 0 0
39 5 1 74.4624 0.728017 -1 1.36117 33.013 1697 0 0 57.2453 76.7339 735000 0 0
40 6 0 77.6426 2.82041 0 1.23981 38.1947 1807 0 0 64.5769 98.1263 735000 0 0
41 6 0 77.2346 2.64459 0 1.09484 38.0004 771 0 0 60.5733 86.9168 735000 0 0
42 6 0 76.3182 2.97164 0 1.27594 39.7216 329 0 0 62.4934 93.8689 735000 0 0
43 6 1 72.4804 2.64038 -1 1.28908 38.4932 977 0 0 53.8736 74.4063 735000 0 0
44 6 1 67.4208 0.410511 -1 1.42359 39.2265 1087 0 0 57.7559 82.0432 735000 0 0
45 7 0 99.7405 1.59934 1.5708 1.35612 47.9905 1443 0 0 55.7143 85.1856 735000 0 0
46 7 0 94.806 1.76232 1.5708 1.33641 47.4894 1509 0 0 54.3455 81.326 735000 0 0
47 7 0 73.3421 1.36044 -1 1.11051 48.0894 1663 0 0 54.589 82.3923 735000 0 0
48 7 1 78.0739 2.94838 -1 1.11944 46.3157 1347 0 0 51.3749 74.1149 735000 0 0
49 7 1 56.3964 0.0385179 -1 1.17934 46.4284 1619 0 0 53.0546 77.6418 735000 0 0
