0 1 1 103.07 1.59103 -1 1.08477 -0.160546 2196 0 0 59.3212 0 605000 0 1.55647
1 1 1 106.626 2.92794 -1 1.12862 0 0 0 0 59.7838 0 605000 0 1.58512
2 1 1 97.7163 1.55315 -1 1.06446 -0.787722 0 0 0 54.6164 0 605000 0 1.52883
3 1 1 104.219 3.13117 -1 1.25999 1.79652 15 0 0 56.0726 0 605000 0 1.67744
4 1 1 105.278 2.71314 -1 1.09447 -0.424821 1930 0 0 48.2169 0 605000 0 1.55843
5 1 1 79.9647 0.450637 -1 1.15988 4.45439 811628352 0 0 49.5911 0 605000 0 1.7235
6 1 1 101.437 2.69228 -1 1.06873 1.65092 61 0 0 42.0457 0 605000 0 1.61408
7 1 1 100.77 0.764229 -1 1.08992 8.89384 811569664 0 0 43.719 0 605000 0 1.79109
8 1 1 60.0741 2.29196 -1 1.22608 5.8241 811573792 0 0 37.9032 0 605000 0 1.69135
9 1 1 57.5317 1.11329 -1 1.13555 14.5251 811571152 0 0 39.8621 0 605000 0 1.86955
10 2 0 72.4713 2.7917 0 1.42521 8.30239 15 0 0 68.6084 0 605000 0 0
11 2 0 57.4837 1.74225 -1 1.08959 7.87021 103 0 0 63.3484 0 605000 0 0
12 2 0 67.8956 2.90054 0 1.49111 8.15666 221 0 0 64.9921 0 605000 0 0
13 2 0 71.9785 0.0875158 0 1.32475 7.35606 309 0 0 56.0629 0 605000 0 0
14 2 0 71.1542 3.00582 0 1.50645 10.1559 891 0 0 57.5971 0 605000 0 0
15 2 0 71.5235 2.60651 0 1.47458 8.36657 939 0 0 47.8894 0 605000 0 0
16 2 0 68.3137 0.931697 -1 1.19976 13.8588 1002 0 0 50.2501 0 605000 0 0
17 2 1 57.1048 2.34268 -1 1.34053 11.4519 458 0 0 41.6536 0 605000 0 0
18 2 1 57.6282 0.945106 -1 1.35062 18.4373 0 0 0 44.2891 0 605000 0 0
19 3 0 74.3146 0.334193 0 1.28838 15.7152 182704912 0 0 73.6785 82.1375 605000 0 0
20 3 0 67.2044 2.71547 -1 1.20524 15.5617 179689722 0 0 75.3824 82.8449 605000 0 0
21 3 0 79.0719 2.87459 0 1.23142 15.6139 16 0 0 63.1879 73.8443 605000 0 0
22 3 0 79.5713 0.761786 1.5708 1.21626 16.3448 1293 0 0 66.5466 77.4622 605000 0 0
23 3 0 75.4117 1.47456 1.5708 1.13866 15.2952 859 0 0 54.2142 64.6809 605000 0 0
24 3 0 78.2266 0.915745 1.5708 1.33092 19.4398 241 0 0 57.0943 69.4589 605000 0 0
25 3 1 79.5631 2.38111 -1 1.25596 17.1495 35 0 0 46.4686 56.4421 605000 0 0
26 3 1 76.0953 0.883192 -1 1.26759 23.5754 2123 0 0 49.0259 61.3206 605000 0 0
27 4 0 75.1594 0.468371 0 1.19494 23.4461 2241 0 0 81.5843 95.0147 605000 0 0
28 4 0 77.2044 2.74942 0 1.40692 23.6814 565 0 0 68.785 85.4823 605000 0 0
29 4 0 73.3588 1.73515 1.5708 1.27736 24.4854 1609 0 0 72.888 90.6263 605000 0 0
30 4 0 65.5337 2.69957 -1 1.09972 24.0358 447 0 0 58.867 73.8598 605000 0 0
31 4 0 75.989 2.80549 0 1.1642 26.2592 653 0 0 62.9513 80.513 605000 0 0
32 4 1 77.7841 2.58964 -1 1.2502 24.2415 123 0 0 51.1693 64.2069 605000 0 0
33 4 1 71.2262 0.782992 -1 1.35804 29.1803 2359 0 0 54.0271 69.8803 605000 0 0
34 5 0 77.6065 2.73006 1.5708 1.25463 31.0525 1175 0 0 70.1986 98.1437 605000 0 0
35 5 0 71.2813 0.742148 1.5708 1.11192 32.3452 1499 0 0 70.7297 103.933 605000 0 0
36 5 0 60.2402 0.37567 -1 1.17598 31.6578 1381 0 0 61.214 82.2169 605000 0 0
37 5 0 56.6249 2.76816 -1 1.18909 33.5472 1925 0 0 64.5039 89.9299 605000 0 0
38 5 1 77.8418 2.6522 -1 1.18392 32.4984 2035 0 0 53.2382 70.2505 605000 0 0
39 5 1 73.2814 0.701459 -1 1.43185 35.2043 1697 0 0 56.2229 76.5009 605000 0 0
40 6 0 77.8122 2.81776 1.5708 1.13532 39.7714 1807 0 0 63.0992 96.0997 605000 0 0
41 6 0 75.803 1.64171 1.5708 1.06607 39.6491 771 0 0 59.7347 86.6425 605000 0 0
42 6 0 77.6342 2.97699 1.5708 1.15433 41.5109 329 0 0 60.7195 91.209 605000 0 0
43 6 1 72.6901 2.68296 -1 1.30591 39.8372 977 0 0 53.6561 74.7456 605000 0 0
44 6 1 67.3542 0.414508 -1 1.48172 41.3017 1087 0 0 55.9618 80.1239 605000 0 0
45 7 0 96.9913 1.56788 1.5708 1.37428 49.8182 1443 0 0 54.1611 82.5321 605000 0 0
46 7 0 93.1579 1.76948 1.5708 1.35516 49.3959 1509 0 0 53.0528 79.5073 605000 0 0
47 7 0 70.2699 1.3059 -1 1.10142 49.844 1663 0 0 53.1429 80.009 605000 0 0
48 7 1 78.2498 2.98171 -1 1.09798 47.8228 1347 0 0 50.7511 73.5881 605000 0 0
49 7 1 55.0976 3.06086 -1 1.20534 48.2454 1619 0 0 51.6842 75.7204 605000 0 0
