0 1 0 113.345 3.10698 0 1.31759 1.50148 46 0 0 58.2709 0 365000 0 0
1 1 0 102.684 2.95077 0 1.23652 0 535089984 0 0 57.5287 0 365000 0 0
2 1 0 71.8525 2.52559 -1 1.13311 5.66317 535667296 0 0 55.9354 0 365000 0 0
3 1 0 89.3071 0.436119 -1 1.21014 2.65418 15 0 0 55.4156 0 365000 0 0
4 1 0 77.0788 2.36972 -1 1.21362 10.225 1781127279 0 0 51.2738 0 365000 0 0
5 1 0 108.552 3.12707 0 1.51374 5.2353 93 0 0 48.9176 0 365000 0 0
6 1 0 102.16 2.41817 0 1.0303 15.0005 15 0 0 45.7055 0 365000 0 0
7 1 0 84.067 0.828223 -1 1.31187 11.7657 103 0 0 43.5868 0 365000 0 0
8 1 1 83.3252 1.98176 -1 1.18479 22.1225 220 0 0 40.818 0 365000 0 0
9 1 1 84.676 1.07461 -1 1.21129 18.8574 536674992 0 0 39.29 0 365000 0 0
10 2 0 96.9638 1.57585 0 1.38305 10.2776 536676096 0 0 68.2017 0 365000 0 0
11 2 0 100.974 1.37918 0 1.12011 12.2367 15 0 0 65.9068 0 365000 0 0
12 2 0 98.7694 1.68106 0 1.18218 10.2967 103 0 0 65.0581 0 365000 0 0
13 2 0 92.5874 1.18057 0 1.07882 16.1211 220 0 0 59.5093 0 365000 0 0
14 2 0 92.9123 2.86729 0 1.24599 11.8741 9504 0 0 57.9508 0 365000 0 0
15 2 0 73.823 2.23416 -1 1.14144 20.5721 9556 0 0 52.4478 0 365000 0 0
16 2 0 96.3758 0.801043 0 1.26706 15.6512 9618 0 0 50.441 0 365000 0 0
17 2 1 79.9005 2.13214 -1 1.33775 26.1205 739 0 0 45.9402 0 365000 0 0
18 2 1 78.7513 1.02543 -1 1.45241 22.7634 465 0 0 44.0674 0 365000 0 0
19 3 0 77.3112 1.48251 -1 1.47395 22.1499 979 0 0 77.6817 86.7966 365000 0 0
20 3 0 93.7273 1.51648 0 1.25084 21.4105 773 0 0 78.1459 86.2265 365000 0 0
21 3 0 75.7451 1.38079 -1 1.31524 23.8704 553 0 0 68.4768 82.0379 365000 0 0
22 3 0 95.552 1.59714 0 1.21315 21.1133 123 0 0 67.4427 79.0309 365000 0 0
23 3 0 74.7609 1.25688 -1 1.13074 26.7413 240 0 0 59.1715 73.9199 365000 0 0
24 3 0 96.8259 1.76648 1.5708 1.2749 23.1499 861 0 0 57.6485 70.1815 365000 0 0
25 3 1 78.0371 2.20629 -1 1.20272 31.1165 356 0 0 51.2012 65.713 365000 0 0
26 3 1 74.8493 0.918887 -1 1.33376 27.0188 663 0 0 49.2742 61.6683 365000 0 0
27 4 0 93.5918 1.49402 1.5708 1.36442 32.6497 35 0 0 73.7406 104.491 365000 0 0
28 4 0 69.1128 1.48153 -1 1.55742 33.6012 1135 0 0 69.5426 96.1848 365000 0 0
29 4 0 95.3992 1.5765 0 1.29055 32.2823 535 0 0 69.2817 93.462 365000 0 0
30 4 0 85.1338 1.41105 1.5708 1.50218 35.2015 1476 0 0 62.1403 84.5302 365000 0 0
31 4 0 89.6326 1.40474 1.5708 1.51536 32.5793 2987 0 0 60.9341 80.2619 365000 0 0
32 4 1 59.9528 2.41977 -1 1.16931 36.9175 833 0 0 54.7476 73.6655 365000 0 0
33 4 1 83.0192 0.584273 -1 1.12364 34.1114 3960 0 0 53.2958 69.8573 365000 0 0
34 5 0 85.6509 1.49999 1.5708 1.35977 43.5992 3494 0 0 61.9748 96.0095 365000 0 0
35 5 0 67.3825 1.49886 -1 1.4479 43.4423 2634 0 0 61.3155 93.3958 365000 0 0
36 5 0 68.0032 1.47983 -1 1.35369 44.9368 2737 0 0 58.2528 86.8147 365000 0 0
37 5 0 87.7283 1.50302 1.5708 1.48518 43.3439 1786 0 0 57.5811 83.5848 365000 0 0
38 5 1 81.842 2.66741 -1 1.04922 45.4171 1149 0 0 53.2541 76.2538 365000 0 0
39 5 1 78.3456 0.411091 -1 1.07785 43.3343 3161 0 0 51.9512 72.5617 365000 0 0
40 6 0 58.189 1.50961 -1 1.38227 53.1768 1280 0 0 53.379 82.4262 365000 0 0
41 6 0 92.7679 1.48651 1.5708 1.30095 55.1695 4182 0 0 51.3213 78.7518 365000 0 0
42 6 0 97.8703 1.55567 1.5708 1.32799 54.2579 3814 0 0 50.9978 77.3183 365000 0 0
43 6 1 84.9787 2.82843 -1 1.11959 54.6034 4453 0 0 49.2677 73.6176 365000 0 0
44 6 1 88.6444 0.165403 -1 1.03505 53.2351 3995 0 0 48.1535 70.5648 365000 0 0
45 7 0 105.013 1.58393 -1 1.39028 64.7932 694 0 0 44.4491 68.1498 365000 0 0
46 7 0 90.3837 1.69004 1.5708 1.37975 66.1227 2365 0 0 43.2958 66.1758 365000 0 0
47 7 0 97.5705 1.42668 1.5708 1.24212 65.3425 2150 0 0 42.9181 65.0294 365000 0 0
48 7 1 80.4745 1.61226 -1 1.11225 64.0484 1310 0 0 43.3122 65.3619 365000 0 0
49 7 1 62.8238 1.51047 -1 1.1605 62.5761 3384 0 0 42.564 63.2978 365000 0 0
