0 1 0 109.942 0.0635318 0 1.1836 0.659552 46 0 0 58.6631 0 250000 0 0
1 1 0 101.751 3.00032 0 1.14128 0 535089984 0 0 58.4647 0 250000 0 0
2 1 0 72.461 2.5489 -1 1.12655 4.08664 535667296 0 0 56.2095 0 250000 0 0
3 1 0 83.8358 3.11408 -1 1.11959 2.19146 15 0 0 56.1219 0 250000 0 0
4 1 0 77.6276 2.60669 -1 1.105 7.85809 1781127279 0 0 51.4213 0 250000 0 0
5 1 0 106.387 0.421042 0 1.30023 3.95477 93 0 0 49.6659 0 250000 0 0
6 1 0 99.8227 1.01864 0 1.00785 11.5229 15 0 0 45.9994 0 250000 0 0
7 1 0 78.8055 0.770662 -1 1.2081 9.52958 103 0 0 44.48 0 250000 0 0
8 1 1 84.046 2.14143 -1 1.18098 17.9859 220 0 0 41.1726 0 250000 0 0
9 1 1 83.1329 0.962366 -1 1.21586 15.8304 536674992 0 0 40.118 0 250000 0 0
10 2 0 91.2549 1.58064 0 1.40858 10.0792 536676096 0 0 69.0169 0 250000 0 0
11 2 0 94.1717 1.40934 0 1.15831 11.2321 15 0 0 66.2865 0 250000 0 0
12 2 0 96.753 1.63704 0 1.22164 10.2951 103 0 0 66.0966 0 250000 0 0
13 2 0 87.8936 1.18934 0 1.05291 14.2984 220 0 0 59.7985 0 250000 0 0
14 2 0 89.4265 2.82817 0 1.2441 11.4479 9504 0 0 58.6863 0 250000 0 0
15 2 0 73.937 1.188 -1 1.09081 17.9792 9556 0 0 52.7223 0 250000 0 0
16 2 0 90.0997 0.788339 0 1.23768 14.3123 9618 0 0 51.1716 0 250000 0 0
17 2 1 79.4673 2.16011 -1 1.31776 22.9093 739 0 0 46.2164 0 250000 0 0
18 2 1 80.1722 0.922963 -1 1.41385 20.5723 465 0 0 44.697 0 250000 0 0
19 3 0 72.9149 1.49721 -1 1.50673 21.3794 979 0 0 77.8325 87.6187 250000 0 0
20 3 0 87.5595 1.5261 0 1.19495 21.0392 773 0 0 78.873 87.7119 250000 0 0
21 3 0 74.9868 1.45097 -1 1.35667 22.3808 553 0 0 68.5617 81.9614 250000 0 0
22 3 0 88.7903 1.56848 0 1.08155 20.7063 123 0 0 68.0496 80.1726 250000 0 0
23 3 0 75.2435 1.28192 -1 1.19801 24.8361 240 0 0 59.4415 73.8145 250000 0 0
24 3 0 93.4234 1.71035 1.5708 1.26886 22.4294 861 0 0 57.7446 70.4764 250000 0 0
25 3 1 79.1411 2.25467 -1 1.16087 28.5557 356 0 0 51.6169 65.6496 250000 0 0
26 3 1 74.4268 0.87253 -1 1.30602 25.8166 663 0 0 49.6044 62.0515 250000 0 0
27 4 0 91.1316 1.52693 1.5708 1.3262 31.7889 35 0 0 73.6189 105.388 250000 0 0
28 4 0 68.6195 1.4253 -1 1.52624 32.3452 1135 0 0 69.6794 95.8023 250000 0 0
29 4 0 93.3284 1.53265 0 1.32801 31.5685 535 0 0 69.4368 94.0909 250000 0 0
30 4 0 85.266 1.43658 1.5708 1.50301 33.866 1476 0 0 62.1858 84.13 250000 0 0
31 4 0 88.8577 1.50374 0 1.39514 31.5381 2987 0 0 61.2777 80.4733 250000 0 0
32 4 1 59.4908 2.48642 -1 1.16681 35.1479 833 0 0 54.793 73.1809 250000 0 0
33 4 1 80.8669 0.599088 -1 1.12289 33.2681 3960 0 0 53.4272 69.9541 250000 0 0
34 5 0 83.1605 1.49558 1.5708 1.32021 42.2878 3494 0 0 62.3853 95.9515 250000 0 0
35 5 0 67.1155 1.49703 -1 1.4223 42.7598 2634 0 0 61.4487 93.2416 250000 0 0
36 5 0 67.5195 1.51862 -1 1.29763 43.5467 2737 0 0 58.4708 86.4047 250000 0 0
37 5 0 88.9635 1.5076 1.5708 1.50363 42.4427 1786 0 0 57.9333 83.9322 250000 0 0
38 5 1 81.1758 2.68324 -1 1.04674 43.7794 1149 0 0 53.3476 75.7136 250000 0 0
39 5 1 79.8293 1.55006 -1 1.09062 42.2242 3161 0 0 52.4792 73.1981 250000 0 0
40 6 0 54.3509 1.52318 -1 1.43268 51.7659 1280 0 0 53.9703 82.9086 250000 0 0
41 6 0 90.2257 1.57865 0 1.21217 53.502 4182 0 0 51.8877 79.0506 250000 0 0
42 6 0 89.3114 1.61384 0 1.08186 52.9004 3814 0 0 51.7401 78.2441 250000 0 0
43 6 1 85.0459 2.82207 -1 1.09747 52.9596 4453 0 0 49.4995 73.3201 250000 0 0
44 6 1 87.5583 1.67349 -1 1.04443 52.3627 3995 0 0 48.48 70.9865 250000 0 0
45 7 0 94.8497 1.55062 -1 1.47523 63.0688 694 0 0 45.1423 68.8587 250000 0 0
46 7 0 90.9422 1.60858 0 1.35858 64.1349 2365 0 0 44.0508 66.9138 250000 0 0
47 7 0 100.045 1.4824 1.5708 1.31271 63.4132 2150 0 0 43.8158 66.1831 250000 0 0
48 7 1 79.4028 1.55716 -1 1.10324 62.3094 1310 0 0 43.7078 65.4872 250000 0 0
49 7 1 63.8257 1.55373 -1 1.12222 61.571 3384 0 0 42.9688 63.7561 250000 0 0
