0 1 0 112.972 3.11512 0 1.26385 1.14142 46 0 0 58.2341 0 335000 0 0
1 1 0 103.898 2.99701 0 1.19994 0 535089984 0 0 57.8039 0 335000 0 0
2 1 0 72.5578 2.52756 -1 1.12733 5.24869 535667296 0 0 55.9347 0 335000 0 0
3 1 0 85.4948 0.544056 -1 1.15691 2.5037 15 0 0 55.6575 0 335000 0 0
4 1 0 79.0722 2.47186 -1 1.1387 9.55606 1781127279 0 0 51.2221 0 335000 0 0
5 1 0 109.113 0.402172 0 1.39065 4.62184 93 0 0 49.044 0 335000 0 0
6 1 0 101.935 2.42004 0 1.00726 13.9416 15 0 0 45.7429 0 335000 0 0
7 1 0 85.0745 0.853957 -1 1.39454 11.1561 103 0 0 43.7496 0 335000 0 0
8 1 1 83.4805 2.00579 -1 1.18309 20.8826 220 0 0 40.8961 0 335000 0 0
9 1 1 83.3084 1.09735 -1 1.22692 18.4021 536674992 0 0 39.4049 0 335000 0 0
10 2 0 95.4525 1.52153 0 1.38695 10.105 536676096 0 0 68.2392 0 335000 0 0
11 2 0 97.4538 1.31708 0 1.10495 11.8272 15 0 0 65.8612 0 335000 0 0
12 2 0 98.1362 1.66744 0 1.15667 10.3092 103 0 0 65.4205 0 335000 0 0
13 2 0 91.0496 2.35383 0 1.07316 15.5624 220 0 0 59.5678 0 335000 0 0
14 2 0 94.0348 2.90566 0 1.21877 11.8355 9504 0 0 57.9067 0 335000 0 0
15 2 0 74.2208 2.21204 -1 1.14014 19.8452 9556 0 0 52.4731 0 335000 0 0
16 2 0 96.6888 0.792008 0 1.24324 15.1926 9618 0 0 50.4541 0 335000 0 0
17 2 1 79.4712 2.16061 -1 1.34579 25.2789 739 0 0 45.922 0 335000 0 0
18 2 1 79.6941 1.03778 -1 1.46502 22.2621 465 0 0 44.3237 0 335000 0 0
19 3 0 77.2922 1.49867 -1 1.49502 21.7317 979 0 0 77.5668 86.6607 335000 0 0
20 3 0 96.0148 1.52695 0 1.21375 21.3061 773 0 0 78.3531 86.5613 335000 0 0
21 3 0 76.2226 1.42378 -1 1.32367 23.4227 553 0 0 68.3945 81.8803 335000 0 0
22 3 0 94.0455 1.54129 1.5708 1.31448 21.0345 123 0 0 66.9995 78.6733 335000 0 0
23 3 0 74.9421 1.30239 -1 1.16779 26.2566 240 0 0 59.0962 73.7284 335000 0 0
24 3 0 94.8027 0.564373 0 1.13009 22.8789 861 0 0 57.1555 69.7583 335000 0 0
25 3 1 78.4059 2.19915 -1 1.19904 30.4025 356 0 0 51.2603 65.6073 335000 0 0
26 3 1 72.5273 0.953788 -1 1.34682 26.8968 663 0 0 49.4314 61.9882 335000 0 0
27 4 0 93.7746 1.48386 1.5708 1.33884 32.4769 35 0 0 73.6168 104.9 335000 0 0
28 4 0 69.3028 1.42817 -1 1.54683 33.075 1135 0 0 69.676 95.8303 335000 0 0
29 4 0 93.9767 1.56366 0 1.25346 32.1809 535 0 0 69.4418 93.5242 335000 0 0
30 4 0 85.8642 1.44538 1.5708 1.46335 34.8229 1476 0 0 62.0001 84.0335 335000 0 0
31 4 0 92.277 1.44601 1.5708 1.40163 32.1357 2987 0 0 60.8244 79.9305 335000 0 0
32 4 1 58.4948 2.40722 -1 1.2058 36.5564 833 0 0 54.3805 72.9969 335000 0 0
33 4 1 83.2791 0.676146 -1 1.13305 33.8732 3960 0 0 52.9185 69.5753 335000 0 0
34 5 0 85.6383 1.45174 1.5708 1.34859 43.1943 3494 0 0 62.1174 96.0318 335000 0 0
35 5 0 67.4185 1.52652 -1 1.41237 43.29 2634 0 0 61.2904 93.3389 335000 0 0
36 5 0 67.7765 1.51039 -1 1.36613 44.4619 2737 0 0 58.4041 86.7425 335000 0 0
37 5 0 88.7412 1.50287 1.5708 1.4901 42.9495 1786 0 0 57.8933 83.9787 335000 0 0
38 5 1 81.3976 2.64397 -1 1.04768 44.8739 1149 0 0 53.2946 76.019 335000 0 0
39 5 1 79.4064 0.400741 -1 1.06146 42.9929 3161 0 0 52.187 72.8907 335000 0 0
40 6 0 58.2407 1.44163 -1 1.35981 52.8094 1280 0 0 53.5157 82.547 335000 0 0
41 6 0 93.8676 1.48544 1.5708 1.27291 54.7806 4182 0 0 51.4126 78.7562 335000 0 0
42 6 0 97.3402 1.51041 1.5708 1.32727 54.0222 3814 0 0 51.0832 77.4229 335000 0 0
43 6 1 86.1642 2.84331 -1 1.0824 54.057 4453 0 0 49.3627 73.565 335000 0 0
44 6 1 87.6973 0.193558 -1 1.03273 52.9437 3995 0 0 48.3322 70.8177 335000 0 0
45 7 0 102.125 1.564 -1 1.43291 64.4501 694 0 0 44.5621 68.2458 335000 0 0
46 7 0 91.0609 1.65259 1.5708 1.37191 65.7243 2365 0 0 43.4093 66.254 335000 0 0
47 7 0 98.2448 1.45838 1.5708 1.226 64.8379 2150 0 0 43.1266 65.3023 335000 0 0
48 7 1 81.5128 1.61613 -1 1.10784 63.6226 1310 0 0 43.377 65.3529 335000 0 0
49 7 1 62.765 1.6133 -1 1.17345 62.362 3384 0 0 42.6512 63.398 335000 0 0
