0 1 1 73.4402 0.0670841 -1 1.18212 0 0 0 0 59.7011 0 270000 0 1.51477
1 1 1 76.8826 0.314349 -1 1.2112 0.620665 1 0 0 60.2438 0 270000 0 1.62683
2 1 1 107.099 2.54913 -1 1.29678 2.96051 2 0 0 57.0673 0 270000 0 1.72902
3 1 1 102.355 0.537519 -1 1.16395 2.62158 3 0 0 56.9422 0 270000 0 1.70965
4 1 1 100.498 2.55612 -1 1.10161 7.22465 4 0 0 51.6598 0 270000 0 1.81664
5 1 1 105.027 0.529163 -1 1.0878 6.26405 5 0 0 51.7864 0 270000 0 1.78478
6 1 1 73.6258 2.49065 -1 1.16882 11.2522 6 0 0 45.8243 0 270000 0 1.85513
7 1 1 97.5277 0.701002 -1 1.09401 11.2142 7 0 0 45.8309 0 270000 0 1.85195
8 1 1 83.6364 2.22253 -1 1.25494 15.9468 8 0 0 40.6832 0 270000 0 1.8951
9 1 1 57.9834 1.00528 -1 1.1627 16.6815 9 0 0 40.9285 0 270000 0 1.91328
10 2 0 74.2334 1.65618 0 1.10025 7.97077 10 0 0 68.4414 0 270000 0 0
11 2 0 71.4878 2.59858 0 1.29197 8.73963 11 0 0 66.0856 0 270000 0 0
12 2 0 75.0246 0.631508 0 1.11728 9.8027 12 0 0 66.137 0 270000 0 0
13 2 0 76.0598 2.44985 0 1.28631 13.0511 13 0 0 59.9363 0 270000 0 0
14 2 0 73.4951 0.603383 0 1.30405 12.6116 14 0 0 59.4331 0 270000 0 0
15 2 0 73.9159 2.90866 0 1.32623 16.881 15 0 0 51.9022 0 270000 0 0
16 2 0 72.5727 0.777282 0 1.34103 16.4955 16 0 0 51.8606 0 270000 0 0
17 2 1 81.7057 2.16701 -1 1.18443 21.6813 17 0 0 45.2527 0 270000 0 0
18 2 1 57.6626 0.914736 -1 1.29771 21.3782 18 0 0 45.0361 0 270000 0 0
19 3 0 72.8818 1.54532 0 1.1815 16.7518 19 0 0 77.1546 84.9259 270000 0 0
20 3 0 60.1326 1.60051 -1 1.18706 17.7236 20 0 0 76.3646 85.498 270000 0 0
21 3 0 81.6668 1.4278 1.5708 1.36814 19.0478 21 0 0 68.5582 80.3418 270000 0 0
22 3 0 76.336 0.528659 0 1.3613 19.5274 22 0 0 66.8046 80.0835 270000 0 0
23 3 0 78.4364 3.06365 0 1.34041 22.3977 23 0 0 58.9417 72.7591 270000 0 0
24 3 0 67.486 0.751209 -1 1.35347 22.3129 24 0 0 57.5363 71.3546 270000 0 0
25 3 1 57.8271 2.18814 -1 1.25337 25.938 25 0 0 50.8443 64.3227 270000 0 0
26 3 1 53.8004 0.792234 -1 1.39553 25.3081 26 0 0 49.6133 62.5453 270000 0 0
27 4 0 72.7765 1.44136 0 1.33458 26.5956 27 0 0 78.2997 99.7157 270000 0 0
28 4 0 72.4683 1.38962 1.5708 1.5587 27.6924 28 0 0 73.3443 94.4888 270000 0 0
29 4 0 75.5206 0.491118 0 1.15454 27.1548 29 0 0 69.8707 91.3536 270000 0 0
30 4 0 80.5379 2.70322 0 1.03398 29.7114 30 0 0 64.3206 84.2397 270000 0 0
31 4 0 68.5642 0.763948 -1 1.29866 29.5016 31 0 0 60.5845 79.7136 270000 0 0
32 4 1 82.4767 2.39081 -1 1.11175 31.9799 32 0 0 55.2577 72.8949 270000 0 0
33 4 1 75.2287 0.576068 -1 1.32326 31.7197 33 0 0 52.1536 68.3048 270000 0 0
34 5 0 76.6308 1.50844 1.5708 1.56633 37.1017 34 0 0 66.5182 101.422 270000 0 0
35 5 0 74.6782 1.46944 1.5708 1.49868 36.7846 35 0 0 65.2336 96.7996 270000 0 0
36 5 0 69.2988 1.50774 -1 1.15253 38.0959 36 0 0 62.7642 91.0782 270000 0 0
37 5 0 82.8975 1.54018 1.5708 1.46501 37.944 37 0 0 59.4779 84.3568 270000 0 0
38 5 1 60.968 2.53379 -1 1.12424 39.057 38 0 0 56.4373 79.0723 270000 0 0
39 5 1 80.9735 0.551948 -1 1.24815 39.5478 39 0 0 52.2588 71.8402 270000 0 0
40 6 0 75.9545 1.53036 1.5708 1.49052 47.2301 40 0 0 56.6181 85.9432 270000 0 0
41 6 0 77.8649 1.60108 1.5708 1.22423 47.3841 41 0 0 56.3043 85.1008 270000 0 0
42 6 0 74.3973 1.54227 1.5708 1.4034 47.5401 42 0 0 54.3442 80.6054 270000 0 0
43 6 1 62.3945 0.364383 -1 1.20973 46.4453 43 0 0 53.8148 78.7858 270000 0 0
44 6 1 71.5298 0.355912 -1 1.16832 47.9484 44 0 0 50.3422 72.329 270000 0 0
45 7 0 100.418 1.63908 1.5708 1.56416 58.1641 45 0 0 47.8456 72.3025 270000 0 0
46 7 0 95.6791 1.76165 1.5708 1.42658 57.0058 46 0 0 48.0079 72.0956 270000 0 0
47 7 0 96.7499 1.43581 1.5708 1.47946 57.988 47 0 0 47.1393 70.6225 270000 0 0
48 7 1 76.5354 1.6059 1.5708 1.14416 54.8783 48 0 0 47.2506 69.6396 270000 0 0
49 7 1 78.9923 3.13935 1.5708 1.06018 56.6661 49 0 0 45.5856 66.9342 270000 0 0
