0 1 1 74.8508 2.8999 -1 1.20158 0 0 0 0 59.9963 0 215000 0 1.47715
1 1 1 72.1647 0.431319 -1 1.12327 1.00118 1 0 0 60.6222 0 215000 0 1.66444
2 1 1 107.338 2.58912 -1 1.253 2.63891 2 0 0 57.5191 0 215000 0 1.70882
3 1 1 95.8565 1.66302 -1 1.1341 2.63001 3 0 0 57.456 0 215000 0 1.70686
4 1 1 100.311 1.23004 -1 1.01985 6.30166 4 0 0 52.0469 0 215000 0 1.78465
5 1 1 105.109 0.601184 -1 1.09795 5.72861 5 0 0 52.3289 0 215000 0 1.76941
6 1 1 74.0212 2.52749 -1 1.07897 9.69606 6 0 0 46.0425 0 215000 0 1.81674
7 1 1 99.2375 0.730298 -1 1.13681 10.5404 7 0 0 46.4131 0 215000 0 1.83947
8 1 1 83.5435 2.30654 -1 1.20255 13.936 8 0 0 40.7888 0 215000 0 1.85753
9 1 1 58.0755 0.99109 -1 1.18137 15.755 9 0 0 41.5137 0 215000 0 1.89855
10 2 0 69.1083 1.64383 0 1.11396 8.24841 10 0 0 68.7486 0 215000 0 0
11 2 0 73.5594 2.51737 0 1.2198 8.90788 11 0 0 66.509 0 215000 0 0
12 2 0 68.8536 0.557043 0 1.07878 10.1727 12 0 0 66.9492 0 215000 0 0
13 2 0 72.4482 2.53014 0 1.38662 12.3657 13 0 0 60.3064 0 215000 0 0
14 2 0 72.5358 0.628417 0 1.234 12.7487 14 0 0 60.2855 0 215000 0 0
15 2 0 72.6775 2.55663 0 1.23184 15.8822 15 0 0 51.9886 0 215000 0 0
16 2 0 70.6338 0.686492 0 1.35232 16.2672 16 0 0 52.5889 0 215000 0 0
17 2 1 81.1907 2.23411 -1 1.19534 20.2185 17 0 0 45.2277 0 215000 0 0
18 2 1 57.9097 0.882419 -1 1.30509 20.6534 18 0 0 45.6829 0 215000 0 0
19 3 0 65.6509 1.53579 0 1.20669 16.9564 19 0 0 77.4794 85.7465 215000 0 0
20 3 0 56.2431 1.68356 -1 1.23791 17.7892 20 0 0 77.4296 86.5587 215000 0 0
21 3 0 73.381 2.58497 0 1.22153 18.3177 21 0 0 68.901 81.3933 215000 0 0
22 3 0 73.5633 0.573573 0 1.36987 19.7337 22 0 0 67.7899 81.325 215000 0 0
23 3 0 74.3121 2.53394 0 1.27096 21.5624 23 0 0 58.783 72.7273 215000 0 0
24 3 0 66.2335 0.678711 -1 1.29697 22.1604 24 0 0 58.3217 72.4172 215000 0 0
25 3 1 58.4096 2.23284 -1 1.22348 25.0767 25 0 0 50.6189 63.9051 215000 0 0
26 3 1 55.0141 0.775363 -1 1.37226 24.9687 26 0 0 50.2931 63.4941 215000 0 0
27 4 0 72.9813 1.49142 0 1.23498 26.4692 27 0 0 77.7659 101.048 215000 0 0
28 4 0 73.7293 1.49626 1.5708 1.53249 26.9794 28 0 0 72.7518 94.9605 215000 0 0
29 4 0 74.4483 1.51882 1.5708 1.27357 27.4961 29 0 0 70.8357 92.374 215000 0 0
30 4 0 85.8581 1.41438 1.5708 1.34472 28.6715 30 0 0 63.7968 83.7902 215000 0 0
31 4 0 70.063 0.656514 -1 1.19349 29.4883 31 0 0 61.3808 80.5896 215000 0 0
32 4 1 86.8699 2.36785 -1 1.11163 31.348 32 0 0 54.7219 72.0313 215000 0 0
33 4 1 73.7161 0.582937 -1 1.35903 31.3816 33 0 0 52.8947 69.402 215000 0 0
34 5 0 71.2573 1.49747 1.5708 1.61161 36.6731 34 0 0 66.2498 100.558 215000 0 0
35 5 0 65.2345 1.56263 1.5708 1.51168 36.5593 35 0 0 65.6162 97.2759 215000 0 0
36 5 0 67.875 1.44018 -1 1.1558 37.3507 36 0 0 62.6197 90.34 215000 0 0
37 5 0 76.7091 0.490978 0 1.22967 37.6533 37 0 0 60.3036 85.482 215000 0 0
38 5 1 60.3542 2.52141 -1 1.10162 38.6128 38 0 0 56.2321 78.4247 215000 0 0
39 5 1 76.9782 0.536373 -1 1.26224 38.89 39 0 0 53.0681 73.123 215000 0 0
40 6 0 71.9799 1.45281 1.5708 1.50196 46.4637 40 0 0 56.9824 86.3412 215000 0 0
41 6 0 73.7921 1.44758 1.5708 1.34126 46.4739 41 0 0 56.5275 85.1918 215000 0 0
42 6 0 72.8675 1.50398 1.5708 1.41205 46.8398 42 0 0 54.6159 80.9722 215000 0 0
43 6 1 61.6971 0.304439 -1 1.20576 45.9161 43 0 0 53.897 78.6507 215000 0 0
44 6 1 72.9095 0.358792 -1 1.16322 47.0577 44 0 0 50.6284 72.8214 215000 0 0
45 7 0 97.3127 1.61988 1.5708 1.62157 57.2701 45 0 0 48.2014 72.687 215000 0 0
46 7 0 93.8403 1.70735 1.5708 1.52269 56.1975 46 0 0 48.2335 72.256 215000 0 0
47 7 0 94.5589 1.448 1.5708 1.47498 57.0525 47 0 0 47.487 71.0356 215000 0 0
48 7 1 76.6266 1.64602 1.5708 1.13751 54.4197 48 0 0 47.3754 69.6542 215000 0 0
49 7 1 78.6093 3.13854 1.5708 1.06019 55.9711 49 0 0 45.8863 67.3121 215000 0 0
