0 1 0 114.157 3.12404 0 1.26573 1.34428 1284133955 0 0 58.635 0 365000 0 0
1 1 0 106.301 3.00513 0 1.22717 0 1585 0 0 57.9855 0 365000 0 0
2 1 0 71.1828 2.52015 -1 1.11984 5.69424 15 0 0 56.5032 0 365000 0 0
3 1 0 86.0871 0.40551 -1 1.12438 2.44713 964 0 0 55.5632 0 365000 0 0
4 1 0 76.4227 2.58803 -1 1.11372 9.78324 1016 0 0 51.5061 0 365000 0 0
5 1 0 105.83 0.00634854 0 1.37764 4.18529 60 0 0 49.0027 0 365000 0 0
6 1 0 99.8891 2.46162 0 1.03085 13.7454 463 0 0 45.6931 0 365000 0 0
7 1 0 84.1178 0.85909 -1 1.30283 9.88753 15 0 0 43.7532 0 365000 0 0
8 1 1 83.0559 2.00202 -1 1.17579 20.5879 2037 0 0 40.7652 0 365000 0 0
9 1 1 83.2001 0.954275 -1 1.19847 16.5051 2091 0 0 39.393 0 365000 0 0
10 2 0 95.7576 1.51016 0 1.35805 10.2002 2154 0 0 68.686 0 365000 0 0
11 2 0 99.3691 1.35475 0 1.12493 12.2502 103 0 0 66.5081 0 365000 0 0
12 2 0 98.2511 1.65988 0 1.15063 10.2137 221 0 0 65.3225 0 365000 0 0
13 2 0 90.0205 2.407 0 1.09328 15.8721 339 0 0 59.8548 0 365000 0 0
14 2 0 92.1422 2.8107 0 1.25311 11.4875 449 0 0 57.8177 0 365000 0 0
15 2 0 74.6514 2.3439 -1 1.07326 19.7017 537 0 0 52.3382 0 365000 0 0
16 2 0 95.7395 0.864147 0 1.3172 14.7147 4267 0 0 50.3243 0 365000 0 0
17 2 1 79.7411 2.12747 -1 1.33552 24.915 4 0 0 45.8279 0 365000 0 0
18 2 1 79.343 0.948485 -1 1.45557 21.331 1286032418 0 0 43.8494 0 365000 0 0
19 3 0 76.91 1.4952 -1 1.455 22.0336 7602297 0 0 78.1551 87.8192 365000 0 0
20 3 0 92.3896 1.47921 0 1.20743 21.0517 0 0 0 77.924 86.6214 365000 0 0
21 3 0 75.7311 1.34578 -1 1.25591 23.6592 0 0 0 68.6427 82.6708 365000 0 0
22 3 0 94.0323 1.56721 0 1.09873 20.7324 0 0 0 66.9496 78.8228 365000 0 0
23 3 0 75.2452 1.22851 -1 1.10535 26.2236 0 0 0 59.0449 73.8623 365000 0 0
24 3 0 92.3965 1.73662 1.5708 1.26379 22.5446 0 0 0 56.927 69.424 365000 0 0
25 3 1 78.8635 2.21498 -1 1.18056 30.2455 0 0 0 51.0194 65.3691 365000 0 0
26 3 1 73.338 0.841555 -1 1.29102 26.0785 0 0 0 48.8281 61.04 365000 0 0
27 4 0 94.9711 1.44915 1.5708 1.27963 32.1062 0 0 0 73.6779 104.539 365000 0 0
28 4 0 69.4122 1.44046 -1 1.45566 33.2264 0 0 0 69.5453 96.5933 365000 0 0
29 4 0 93.8426 1.56513 1.5708 1.39368 31.7667 0 0 0 68.9802 92.7383 365000 0 0
30 4 0 86.409 1.42658 0 1.34024 34.6282 0 0 0 62.0656 84.3138 365000 0 0
31 4 0 91.9092 1.40083 1.5708 1.47504 31.9882 0 0 0 60.4623 79.3517 365000 0 0
32 4 1 60.0815 2.43472 -1 1.13971 36.2679 0 0 0 54.5071 73.1848 365000 0 0
33 4 1 84.8532 0.553628 -1 1.10943 33.3158 0 0 0 52.8164 69.0756 365000 0 0
34 5 0 86.9319 1.47112 1.5708 1.29818 42.9178 0 0 0 62.1791 96.024 365000 0 0
35 5 0 67.7885 1.57061 -1 1.44405 43.1241 0 0 0 61.009 92.4471 365000 0 0
36 5 0 69.3366 1.45023 -1 1.34918 44.2941 0 0 0 58.4193 86.8267 365000 0 0
37 5 0 88.0911 1.4963 1.5708 1.51773 42.8931 0 0 0 57.3137 82.8793 365000 0 0
38 5 1 82.8699 2.63992 -1 1.03414 44.767 0 0 0 53.3558 76.2161 365000 0 0
39 5 1 79.9141 0.393964 -1 1.04298 42.7724 0 0 0 51.7067 72.0439 365000 0 0
40 6 0 57.4452 1.55902 -1 1.36886 52.4477 0 0 0 53.5411 82.3387 365000 0 0
41 6 0 93.6708 1.58808 0 1.27294 54.6156 0 0 0 51.3779 78.5649 365000 0 0
42 6 0 97.0399 1.59229 1.5708 1.27772 53.9834 0 0 0 50.7892 76.7159 365000 0 0
43 6 1 84.7708 2.80558 -1 1.09056 53.9006 0 0 0 49.5023 73.7903 365000 0 0
44 6 1 89.5833 0.135607 -1 1.01634 52.8835 0 0 0 47.9478 70.0564 365000 0 0
45 7 0 102.368 1.55126 -1 1.47133 64.2799 0 0 0 44.4494 67.8645 365000 0 0
46 7 0 89.8952 1.61302 1.5708 1.37352 65.4671 0 0 0 43.431 66.1518 365000 0 0
47 7 0 95.9419 1.42096 1.5708 1.21081 64.897 0 0 0 42.8781 64.7317 365000 0 0
48 7 1 81.0511 1.48919 -1 1.12124 63.5329 0 0 0 43.4061 65.3214 365000 0 0
49 7 1 62.4239 1.42911 -1 1.15015 62.1916 0 0 0 42.5111 63.0279 365000 0 0
