# CellID	NodeIndex	X	Y	R	Theta
8	0	52.1753	-6.46048	51.4663	0.149359
8	1	52.3207	-6.25151	51.6415	0.152942
8	2	52.4566	-6.03505	51.8092	0.156671
8	3	52.5818	-5.81038	51.9683	0.160566
8	4	52.6946	-5.5779	52.1173	0.164623
8	5	52.794	-5.33927	52.2548	0.168816
8	6	52.8803	-5.09633	52.3813	0.173111
8	7	52.9549	-4.84992	52.4977	0.17749
8	8	53.0188	-4.59972	52.6053	0.181957
8	9	53.0715	-4.34488	52.7038	0.186532
8	10	53.1114	-4.08507	52.7917	0.191228
8	11	53.1368	-3.82133	52.8674	0.196034
8	12	53.1472	-3.55572	52.93	0.200918
8	13	53.144	-3.28985	52.9805	0.205848
8	14	53.1285	-3.02385	53.0205	0.210818
8	15	53.1014	-2.75683	53.0505	0.215847
8	16	53.0613	-2.48805	53.0695	0.220956
8	17	53.0057	-2.21829	53.0752	0.226144
8	18	52.9336	-1.9501	53.0657	0.231375
8	19	52.8462	-1.68608	53.0419	0.236598
8	20	52.7463	-1.4268	53.0063	0.241794
8	21	52.636	-1.17098	52.9611	0.246983
8	22	52.5149	-0.917145	52.9065	0.252195
8	23	52.3811	-0.665143	52.8406	0.257445
8	24	52.2326	-0.416907	52.7609	0.262711
8	25	52.0697	-0.175342	52.667	0.267944
8	26	51.8948	0.0582996	52.561	0.273111
8	27	51.7101	0.285159	52.445	0.278227
8	28	51.5153	0.50678	52.3192	0.283322
8	29	51.3087	0.722988	52.182	0.288407
8	30	51.0893	0.931485	52.0316	0.293448
8	31	50.8588	1.13001	51.869	0.298398
8	32	50.6199	1.31891	51.6968	0.303249
8	33	50.3735	1.50021	51.5163	0.308036
8	34	50.1183	1.67483	51.3267	0.312785
8	35	49.8527	1.84119	51.1258	0.31748
8	36	49.5777	1.99672	50.9136	0.322068
8	37	49.2958	2.14106	50.6923	0.326529
8	38	49.0082	2.27618	50.4638	0.330893
8	39	48.7137	2.40321	50.227	0.335191
8	40	48.4102	2.52024	49.9793	0.339399
8	41	48.0986	2.62315	49.7202	0.343437
8	42	47.826	2.69326	49.4873	0.346626
8	43	47.5836	2.7376	49.2746	0.349144
8	44	47.3623	2.76231	49.0752	0.35116
8	45	47.1538	2.77093	48.8824	0.352792
8	46	46.9549	2.75929	48.6918	0.353979
8	47	46.7781	2.71164	48.5094	0.354322
8	48	46.613	2.62715	48.3252	0.353867
8	49	46.4423	2.54838	48.1379	0.35356
8	50	46.2734	2.45965	47.9487	0.353044
8	51	46.1077	2.36082	47.7591	0.352302
8	52	45.9426	2.2589	47.569	0.351489
8	53	45.7838	2.14823	47.3818	0.35045
8	54	45.6283	2.0359	47.1972	0.349345
8	55	45.4753	1.9171	47.0128	0.348085
8	56	45.3222	1.79554	46.8275	0.34676
8	57	45.1724	1.66785	46.6433	0.345277
8	58	45.024	1.53753	46.4596	0.343719
8	59	44.8825	1.40043	46.2802	0.34196
8	60	44.7393	1.26046	46.0985	0.340141
8	61	44.6016	1.11303	45.9195	0.338115
8	62	44.4656	0.964024	45.7419	0.336028
8	63	44.3367	0.81008	45.5696	0.333771
8	64	44.2113	0.655531	45.4006	0.33146
8	65	44.0932	0.497838	45.2377	0.329014
8	66	43.9743	0.337315	45.0735	0.326495
8	67	43.8587	0.171282	44.9109	0.323819
8	68	43.745	0.00174907	44.7494	0.321036
8	69	43.6381	-0.172465	44.5931	0.318086
8	70	43.5323	-0.34989	44.4373	0.315038
8	71	43.432	-0.531154	44.286	0.311848
8	72	43.3344	-0.713451	44.1374	0.308595
8	73	43.2419	-0.897995	43.9935	0.305237
8	74	43.1511	-1.08415	43.8512	0.301811
8	75	43.0676	-1.27447	43.7152	0.298222
8	76	42.9924	-1.46822	43.5867	0.294479
8	77	42.9381	-1.66541	43.4779	0.290502
8	78	42.9042	-1.86799	43.3877	0.286252
8	79	42.8882	-2.07604	43.3141	0.281749
8	80	42.8918	-2.28022	43.2612	0.277192
8	81	42.9101	-2.47285	43.2265	0.27279
8	82	42.9513	-2.651	43.2185	0.268563
8	83	43.0034	-2.82051	43.2242	0.264462
8	84	43.0696	-2.98511	43.2454	0.260388
8	85	43.1371	-3.15133	43.2682	0.256275
8	86	43.2119	-3.31869	43.2985	0.252098
8	87	43.2914	-3.48801	43.3337	0.247856
8	88	43.3778	-3.65861	43.376	0.243554
8	89	43.4705	-3.83046	43.4249	0.239199
8	90	43.5685	-4.00288	43.4797	0.234813
8	91	43.6702	-4.17547	43.5389	0.230414
8	92	43.7746	-4.34779	43.6015	0.22602
8	93	43.8799	-4.52055	43.6659	0.221623
8	94	43.987	-4.69349	43.7329	0.217227
8	95	44.095	-4.86751	43.8012	0.212816
8	96	44.2052	-5.04163	43.8726	0.208406
8	97	44.317	-5.21542	43.9464	0.204011
8	98	44.4289	-5.3884	44.0214	0.199648
8	99	44.5414	-5.55896	44.0982	0.195351
8	100	44.6548	-5.72587	44.1774	0.191146
8	101	44.7682	-5.88939	44.2581	0.187032
8	102	44.8811	-6.0573	44.3381	0.182838
8	103	44.9962	-6.22739	44.4208	0.178602
8	104	45.1147	-6.39818	44.5075	0.174352
8	105	45.2357	-6.56907	44.5975	0.170108
8	106	45.3562	-6.7407	44.6876	0.165866
8	107	45.4782	-6.91067	44.7802	0.161672
8	108	45.6026	-7.07805	44.8764	0.157545
8	109	45.7287	-7.24682	44.9749	0.153399
8	110	45.8566	-7.41907	45.0753	0.149189
8	111	45.9875	-7.59375	45.1793	0.144935
8	112	46.1218	-7.76933	45.2872	0.14067
8	113	46.2599	-7.94425	45.3998	0.136429
8	114	46.407	-8.09481	45.5254	0.132713
8	115	46.565	-8.20381	45.6677	0.129889
8	116	46.7387	-8.28061	45.8301	0.127737
8	117	46.9203	-8.34304	46.0024	0.125888
8	118	47.1133	-8.3933	46.1876	0.124284
8	119	47.3235	-8.4348	46.391	0.122835
8	120	47.5601	-8.46538	46.6222	0.121562
8	121	47.8334	-8.4845	46.8912	0.12045
8	122	48.1078	-8.49028	47.1629	0.119629
8	123	48.3817	-8.48157	47.4359	0.119123
8	124	48.6526	-8.45787	47.7077	0.118941
8	125	48.9188	-8.42063	47.9765	0.119053
8	126	49.1804	-8.37161	48.242	0.119418
8	127	49.4381	-8.31136	48.5051	0.120019
8	128	49.6925	-8.23889	48.7663	0.120869
8	129	49.9427	-8.15267	49.0251	0.122
8	130	50.1866	-8.05222	49.2795	0.123421
8	131	50.4223	-7.93887	49.5274	0.125106
8	132	50.6496	-7.8148	49.7685	0.12701
8	133	50.8692	-7.68153	50.0034	0.129097
8	134	51.0824	-7.5391	50.2332	0.131363
8	135	51.2891	-7.38632	50.4583	0.133828
8	136	51.4882	-7.22178	50.6777	0.136521
8	137	51.6773	-7.04524	50.8893	0.139452
8	138	51.8547	-6.85816	51.0913	0.142596
8	139	52.0204	-6.66274	51.2833	0.145909
9	0	-40.4435	1.18124	44.4422	2.79013
9	1	-40.5091	1.32592	44.5538	2.78759
9	2	-40.5755	1.47276	44.667	2.78502
9	3	-40.6506	1.61995	44.789	2.78253
9	4	-40.7306	1.76732	44.9157	2.78008
9	5	-40.8143	1.91256	45.0456	2.77772
9	6	-40.9023	2.05958	45.1803	2.77537
9	7	-40.994	2.20625	45.3185	2.77308
9	8	-41.0855	2.35229	45.4566	2.7708
9	9	-41.181	2.49295	45.5967	2.76869
9	10	-41.2765	2.63653	45.738	2.76653
9	11	-41.3762	2.77864	45.883	2.76444
9	12	-41.4769	2.91983	46.0286	2.76239
9	13	-41.5814	3.06322	46.1789	2.76035
9	14	-41.6895	3.20676	46.3328	2.75834
9	15	-41.7997	3.34887	46.4882	2.75639
9	16	-41.9137	3.49146	46.6475	2.75448
9	17	-42.0297	3.63423	46.8089	2.75259
9	18	-42.1482	3.7756	46.9723	2.75076
9	19	-42.2687	3.9185	47.1382	2.74893
9	20	-42.3922	4.06157	47.3071	2.74714
9	21	-42.5198	4.20347	47.4795	2.74541
9	22	-42.6522	4.34223	47.6553	2.74379
9	23	-42.7925	4.47258	47.8352	2.74242
9	24	-42.9257	4.60481	48.0093	2.74096
9	25	-43.0825	4.69013	48.187	2.7406
9	26	-43.2739	4.73256	48.3798	2.74133
9	27	-43.4722	4.78353	48.5823	2.74196
9	28	-43.6893	4.81502	48.7945	2.7431
9	29	-43.9324	4.82748	49.0235	2.74479
9	30	-44.2109	4.82075	49.2779	2.7471
9	31	-44.537	4.79315	49.5685	2.75014
9	32	-44.8662	4.7491	49.8564	2.75347
9	33	-45.1927	4.68708	50.1354	2.75708
9	34	-45.5111	4.60904	50.4016	2.76089
9	35	-45.8209	4.51965	50.6564	2.7648
9	36	-46.1248	4.42096	50.9031	2.7688
9	37	-46.4244	4.31129	51.1426	2.77293
9	38	-46.718	4.1881	51.3726	2.77723
9	39	-47.0024	4.05195	51.5903	2.78166
9	40	-47.2765	3.90611	51.796	2.78616
9	41	-47.5422	3.75258	51.9922	2.7907
9	42	-47.8013	3.59041	52.1803	2.79533
9	43	-48.0528	3.41724	52.3587	2.80007
9	44	-48.2937	3.2324	52.5244	2.80492
9	45	-48.5221	3.03827	52.6765	2.80983
9	46	-48.7388	2.83756	52.8166	2.81476
9	47	-48.9457	2.63082	52.9469	2.81971
9	48	-49.1434	2.4168	53.0674	2.82472
9	49	-49.3301	2.19442	53.1762	2.82979
9	50	-49.5039	1.96464	53.2718	2.83489
9	51	-49.6642	1.72978	53.3544	2.84
9	52	-49.8125	1.4913	53.4259	2.84508
9	53	-49.9502	1.24891	53.4874	2.85017
9	54	-50.0768	1.00142	53.5383	2.85528
9	55	-50.1905	0.748443	53.5766	2.8604
9	56	-50.2896	0.49143	53.6012	2.86552
9	57	-50.3741	0.232678	53.6127	2.8706
9	58	-50.4459	-0.0265434	53.6131	2.87561
9	59	-50.5061	-0.28659	53.6036	2.88059
9	60	-50.5548	-0.548648	53.5836	2.88555
9	61	-50.59	-0.813365	53.5512	2.8905
9	62	-50.6093	-1.07966	53.5044	2.89541
9	63	-50.612	-1.34492	53.443	2.90024
9	64	-50.5994	-1.60689	53.3688	2.90495
9	65	-50.5739	-1.865	53.2841	2.90954
9	66	-50.5369	-2.12	53.19	2.91405
9	67	-50.4882	-2.3728	53.0859	2.91848
9	68	-50.4262	-2.62334	52.9706	2.92283
9	69	-50.35	-2.87026	52.843	2.92708
9	70	-50.2595	-3.11159	52.7037	2.93119
9	71	-50.1565	-3.34611	52.5544	2.93515
9	72	-50.0427	-3.57399	52.3967	2.93896
9	73	-49.9189	-3.79611	52.2311	2.94265
9	74	-49.7843	-4.01297	52.0566	2.94622
9	75	-49.6376	-4.22389	51.8721	2.94966
9	76	-49.4778	-4.42695	51.6767	2.95293
9	77	-49.3056	-4.62006	51.4716	2.95598
9	78	-49.123	-4.80237	51.2587	2.95882
9	79	-48.9318	-4.97459	51.0396	2.96146
9	80	-48.7325	-5.13794	50.8144	2.96392
9	81	-48.5243	-5.29286	50.5823	2.96621
9	82	-48.3063	-5.43832	50.3423	2.9683
9	83	-48.078	-5.57221	50.0945	2.97014
9	84	-47.8412	-5.6928	49.8406	2.97172
9	85	-47.5982	-5.80017	49.583	2.97302
9	86	-47.3503	-5.89589	49.3225	2.97409
9	87	-47.0972	-5.98135	49.0587	2.97495
9	88	-46.8376	-6.05637	48.7903	2.97558
9	89	-46.5703	-6.11869	48.5164	2.97594
9	90	-46.2964	-6.16546	48.2386	2.97596
9	91	-46.0189	-6.19477	47.96	2.97561
9	92	-45.7409	-6.20877	47.6836	2.97493
9	93	-45.5028	-6.20331	47.4497	2.97399
9	94	-45.2957	-6.1902	47.2477	2.97298
9	95	-45.1148	-6.16045	47.0744	2.97172
9	96	-44.9503	-6.12952	46.9175	2.97047
9	97	-44.8002	-6.07952	46.7782	2.96887
9	98	-44.6509	-6.0429	46.6374	2.96755
9	99	-44.5238	-5.97272	46.5244	2.96559
9	100	-44.4089	-5.85822	46.4316	2.96273
9	101	-44.2804	-5.75051	46.3245	2.95995
9	102	-44.1537	-5.63124	46.2216	2.95692
9	103	-44.0284	-5.50545	46.1218	2.95373
9	104	-43.903	-5.37529	46.0232	2.95045
9	105	-43.7781	-5.24122	45.9262	2.94707
9	106	-43.6521	-5.10525	45.8292	2.94362
9	107	-43.528	-4.96474	45.7354	2.94008
9	108	-43.3985	-4.82638	45.6365	2.93654
9	109	-43.2714	-4.68304	45.5416	2.93289
9	110	-43.144	-4.53772	45.4474	2.92918
9	111	-43.0176	-4.39052	45.3552	2.92542
9	112	-42.8929	-4.24243	45.2655	2.92163
9	113	-42.7692	-4.09547	45.1771	2.91786
9	114	-42.6476	-3.94984	45.0912	2.91411
9	115	-42.5306	-3.8043	45.0103	2.91038
9	116	-42.4152	-3.6616	44.931	2.9067
9	117	-42.2973	-3.5176	44.8501	2.90296
9	118	-42.1795	-3.3709	44.7707	2.89916
9	119	-42.0625	-3.22253	44.6931	2.89531
9	120	-41.9467	-3.0734	44.6175	2.89143
9	121	-41.8331	-2.92407	44.5447	2.88755
9	122	-41.72	-2.77676	44.4726	2.88371
9	123	-41.6109	-2.62975	44.4049	2.87988
9	124	-41.5018	-2.47909	44.3389	2.87596
9	125	-41.392	-2.32592	44.2734	2.87197
9	126	-41.2814	-2.17129	44.2084	2.86793
9	127	-41.1717	-2.01559	44.1453	2.86387
9	128	-41.0656	-1.85919	44.0864	2.85979
9	129	-40.9608	-1.70294	44.0296	2.85572
9	130	-40.8573	-1.54572	43.975	2.85163
9	131	-40.755	-1.38848	43.9223	2.84753
9	132	-40.6566	-1.22992	43.8745	2.84342
9	133	-40.5591	-1.07098	43.8283	2.8393
9	134	-40.4706	-0.908027	43.7927	2.83515
9	135	-40.3862	-0.745012	43.7618	2.83102
9	136	-40.322	-0.576164	43.7526	2.82689
9	137	-40.2643	-0.405501	43.751	2.82278
9	138	-40.2255	-0.228101	43.7701	2.81865
9	139	-40.1994	-0.045295	43.8038	2.8145
9	140	-40.186	0.127576	43.847	2.81067
9	141	-40.2006	0.288928	43.9134	2.80731
9	142	-40.2193	0.443741	43.9821	2.80412
9	143	-40.2538	0.592983	44.0643	2.80118
9	144	-40.2958	0.738879	44.1527	2.79839
9	145	-40.3353	0.887214	44.24	2.79553
9	146	-40.3902	1.03284	44.3413	2.79286
17	0	45.8523	-9.52326	44.8066	0.102747
17	1	45.8859	-9.30834	44.8626	0.107435
17	2	45.9089	-9.1132	44.9069	0.111701
17	3	45.9132	-8.92927	44.932	0.115758
17	4	45.9046	-8.75128	44.9443	0.119714
17	5	45.8496	-8.58468	44.9099	0.123543
17	6	45.7527	-8.41736	44.8348	0.127513
17	7	45.662	-8.24023	44.7677	0.131695
17	8	45.5599	-8.0619	44.6903	0.135951
17	9	45.4526	-7.88333	44.6086	0.140243
17	10	45.3414	-7.70425	44.524	0.144575
17	11	45.2296	-7.52249	44.44	0.148985
17	12	45.1162	-7.34101	44.3552	0.153411
17	13	44.9994	-7.15933	44.268	0.15787
17	14	44.8803	-6.97521	44.1798	0.162409
17	15	44.7601	-6.78713	44.092	0.16706
17	16	44.6358	-6.60087	44.0009	0.171703
17	17	44.5118	-6.41386	43.9112	0.176382
17	18	44.3903	-6.22775	43.8246	0.18105
17	19	44.2641	-6.04647	43.7336	0.185646
17	20	44.1416	-5.86331	43.6475	0.190289
17	21	44.0205	-5.67827	43.5641	0.194985
17	22	43.8966	-5.49407	43.4786	0.199694
17	23	43.7728	-5.30963	43.3944	0.204426
17	24	43.647	-5.12742	43.3087	0.209135
17	25	43.5227	-4.94523	43.2254	0.213855
17	26	43.3993	-4.76203	43.1442	0.218611
17	27	43.2727	-4.579	43.0608	0.223398
17	28	43.1446	-4.3937	42.9775	0.228263
17	29	43.014	-4.20688	42.893	0.233195
17	30	42.8806	-4.02054	42.8069	0.23815
17	31	42.7447	-3.83715	42.7185	0.243073
17	32	42.6063	-3.65821	42.6278	0.247929
17	33	42.4652	-3.48613	42.5337	0.252665
17	34	42.3181	-3.32374	42.4323	0.257236
17	35	42.1602	-3.17552	42.3177	0.261573
17	36	41.9873	-3.04458	42.1849	0.265632
17	37	41.7995	-2.92716	42.0348	0.2695
17	38	41.5935	-2.82361	41.8641	0.273194
17	39	41.3855	-2.74329	41.6858	0.276395
17	40	41.1769	-2.68503	41.5011	0.279118
17	41	40.9662	-2.64401	41.31	0.281478
17	42	40.7545	-2.6149	41.1147	0.283588
17	43	40.5418	-2.59381	40.9166	0.285537
17	44	40.3277	-2.5793	40.7153	0.287361
17	45	40.1115	-2.57169	40.5102	0.289053
17	46	39.8935	-2.57228	40.301	0.290581
17	47	39.6747	-2.58243	40.0886	0.291902
17	48	39.4578	-2.60178	39.8753	0.293003
17	49	39.2439	-2.63006	39.6624	0.293878
17	50	39.0332	-2.66569	39.4504	0.294561
17	51	38.8259	-2.71151	39.2387	0.294977
17	52	38.623	-2.76971	39.0277	0.295061
17	53	38.4242	-2.84642	38.8152	0.29466
17	54	38.2248	-2.93728	38.598	0.293908
17	55	38.0495	-3.04252	38.3997	0.292607
17	56	37.8867	-3.15338	38.212	0.291058
17	57	37.7492	-3.28269	38.0431	0.28884
17	58	37.6184	-3.41687	37.8796	0.286428
17	59	37.5016	-3.56302	37.7265	0.283586
17	60	37.3858	-3.70975	37.5744	0.280699
17	61	37.2767	-3.86197	37.4276	0.277599
17	62	37.1703	-4.01617	37.2832	0.274404
17	63	37.0671	-4.17645	37.1406	0.271003
17	64	36.9656	-4.34118	36.999	0.267447
17	65	36.87	-4.51087	36.8622	0.263693
17	66	36.773	-4.68518	36.7235	0.259798
17	67	36.6802	-4.86482	36.5878	0.255705
17	68	36.5887	-5.04624	36.4538	0.251525
17	69	36.5028	-5.22965	36.3253	0.247223
17	70	36.4197	-5.4124	36.2004	0.24289
17	71	36.3371	-5.59879	36.0757	0.238426
17	72	36.2547	-5.78827	35.9512	0.233846
17	73	36.1753	-5.98108	35.8297	0.229125
17	74	36.0972	-6.17885	35.7092	0.224227
17	75	36.0232	-6.38044	35.5926	0.219168
17	76	35.9545	-6.58403	35.4818	0.213988
17	77	35.89	-6.78815	35.376	0.208737
17	78	35.8296	-6.99304	35.2749	0.203409
17	79	35.7752	-7.19946	35.1804	0.197975
17	80	35.73	-7.40781	35.0957	0.192408
17	81	35.7013	-7.61923	35.0277	0.18664
17	82	35.6977	-7.83547	34.9846	0.180586
17	83	35.7226	-8.05868	34.9697	0.174178
17	84	35.7737	-8.2893	34.981	0.167432
17	85	35.8444	-8.51095	35.0144	0.160854
17	86	35.9379	-8.72351	35.0734	0.154445
17	87	36.0537	-8.93123	35.1566	0.1481
17	88	36.1803	-9.13562	35.2524	0.141835
17	89	36.3133	-9.33968	35.3558	0.13559
17	90	36.4487	-9.54329	35.4632	0.129385
17	91	36.5863	-9.74551	35.5741	0.123249
17	92	36.7251	-9.94485	35.6881	0.117228
17	93	36.8627	-10.1399	35.8025	0.111367
17	94	36.9984	-10.3316	35.9166	0.105644
17	95	37.1327	-10.5209	36.0308	0.100025
17	96	37.2666	-10.7088	36.1459	0.0944829
17	97	37.4009	-10.8949	36.2625	0.0890241
17	98	37.5349	-11.0784	36.3802	0.0836746
17	99	37.6678	-11.2583	36.4982	0.0784563
17	100	37.7993	-11.4347	36.6159	0.0733734
17	101	37.9292	-11.6082	36.7331	0.0684029
17	102	38.0583	-11.7794	36.8507	0.0635275
17	103	38.1868	-11.9488	36.9686	0.0587339
17	104	38.3159	-12.1151	37.0882	0.0540551
17	105	38.4451	-12.2771	37.2087	0.0495187
17	106	38.5747	-12.433	37.3308	0.0451777
17	107	38.7025	-12.5834	37.452	0.041011
17	108	38.8295	-12.7275	37.5733	0.0370389
17	109	38.9541	-12.8677	37.6929	0.0332011
17	110	39.0799	-13.0019	37.8145	0.0295433
17	111	39.2103	-13.1279	37.9413	0.0261216
17	112	39.3343	-13.2594	38.062	0.0225826
17	113	39.4814	-13.354	38.2071	0.020022
17	114	39.6659	-13.4165	38.3904	0.018298
17	115	39.8733	-13.4592	38.5969	0.0170929
17	116	40.1026	-13.4887	38.8258	0.0162326
17	117	40.3613	-13.5064	39.0841	0.0156727
17	118	40.6584	-13.5132	39.3811	0.0153819
17	119	40.9533	-13.5087	39.676	0.0153811
17	120	41.2469	-13.4924	39.9699	0.0156739
17	121	41.5401	-13.4618	40.2635	0.0163205
17	122	41.831	-13.4139	40.5552	0.0173851
17	123	42.1163	-13.3484	40.8416	0.0188658
17	124	42.3941	-13.2681	41.1209	0.0206913
17	125	42.6651	-13.1753	41.3939	0.0227972
17	126	42.931	-13.07	41.6622	0.0251785
17	127	43.1916	-12.9502	41.9259	0.0278802
17	128	43.4445	-12.814	42.1827	0.0309389
17	129	43.6866	-12.6628	42.4296	0.0343259
17	130	43.917	-12.4995	42.6658	0.0379644
17	131	44.1373	-12.3267	42.8928	0.0417965
17	132	44.3492	-12.1442	43.1125	0.0458188
17	133	44.5529	-11.9504	43.3253	0.0500731
17	134	44.7462	-11.7432	43.5291	0.0546036
17	135	44.9256	-11.5233	43.7208	0.0594031
17	136	45.0897	-11.2934	43.8987	0.0644078
17	137	45.2396	-11.0564	44.0642	0.0695564
17	138	45.3776	-10.8128	44.2194	0.0748358
17	139	45.5041	-10.5614	44.365	0.0802722
17	140	45.6176	-10.3016	44.4997	0.0858891
17	141	45.716	-10.0344	44.6213	0.0916659
17	142	45.7975	-9.76266	44.7282	0.0975483
18	0	-33.7841	-3.03624	36.7757	2.83548
18	1	-33.8763	-2.87261	36.9132	2.832
18	2	-33.9734	-2.70994	37.0554	2.82862
18	3	-34.0754	-2.54983	37.202	2.82537
18	4	-34.18	-2.39201	37.3507	2.82222
18	5	-34.2891	-2.2387	37.5025	2.81926
18	6	-34.4001	-2.08321	37.6572	2.81627
18	7	-34.5177	-1.92934	37.818	2.81341
18	8	-34.6374	-1.77478	37.9813	2.81058
18	9	-34.7648	-1.6256	38.1504	2.80796
18	10	-34.8937	-1.47592	38.3213	2.80537
18	11	-35.0291	-1.33221	38.4967	2.80301
18	12	-35.165	-1.19039	38.6721	2.80072
18	13	-35.3072	-1.05726	38.8507	2.79871
18	14	-35.4517	-0.929067	39.0299	2.79686
18	15	-35.6081	-0.818033	39.2147	2.79555
18	16	-35.7739	-0.715768	39.4053	2.79453
18	17	-35.9548	-0.62952	39.6048	2.79404
18	18	-36.1515	-0.552556	39.8159	2.7939
18	19	-36.3524	-0.495908	40.0241	2.79428
18	20	-36.5555	-0.455274	40.2289	2.79505
18	21	-36.7613	-0.430557	40.431	2.79621
18	22	-36.9677	-0.416807	40.6298	2.79761
18	23	-37.1733	-0.410143	40.8257	2.79915
18	24	-37.3779	-0.409751	41.0186	2.80082
18	25	-37.5822	-0.412552	41.2102	2.80254
18	26	-37.7869	-0.421443	41.4005	2.80439
18	27	-37.9921	-0.434807	41.5897	2.80632
18	28	-38.1969	-0.457661	41.7757	2.80845
18	29	-38.4006	-0.489272	41.958	2.81075
18	30	-38.6003	-0.537359	42.1314	2.81337
18	31	-38.7967	-0.600064	42.2972	2.81627
18	32	-38.9904	-0.681113	42.4551	2.81954
18	33	-39.1834	-0.779693	42.6072	2.82316
18	34	-39.3578	-0.889309	42.7389	2.82688
18	35	-39.5161	-1.00693	42.8533	2.83063
18	36	-39.6608	-1.13601	42.9519	2.83452
18	37	-39.8021	-1.27043	43.0463	2.83849
18	38	-39.9406	-1.41303	43.1363	2.84261
18	39	-40.0795	-1.56131	43.2257	2.84683
18	40	-40.2133	-1.71519	43.3094	2.85113
18	41	-40.3454	-1.87251	43.3914	2.85547
18	42	-40.4773	-2.03329	43.4729	2.85988
18	43	-40.6089	-2.19593	43.5546	2.8643
18	44	-40.7429	-2.36038	43.6389	2.86877
18	45	-40.8769	-2.52651	43.7236	2.87325
18	46	-41.0102	-2.69634	43.8076	2.8778
18	47	-41.1424	-2.86718	43.8911	2.88234
18	48	-41.2751	-3.03711	43.9762	2.88685
18	49	-41.4052	-3.20833	44.0595	2.89136
18	50	-41.5384	-3.37749	44.1471	2.89582
18	51	-41.6747	-3.54281	44.2394	2.90019
18	52	-41.807	-3.71235	44.3278	2.90462
18	53	-41.941	-3.87952	44.4193	2.90898
18	54	-42.0769	-4.04409	44.5139	2.91329
18	55	-42.2062	-4.21181	44.6023	2.9176
18	56	-42.3377	-4.37524	44.6947	2.92182
18	57	-42.4722	-4.53507	44.7915	2.92596
18	58	-42.6021	-4.69903	44.8837	2.93015
18	59	-42.7355	-4.86194	44.9803	2.93431
18	60	-42.8715	-5.02556	45.0801	2.93848
18	61	-43.0063	-5.19229	45.1789	2.9427
18	62	-43.1423	-5.3589	45.2797	2.9469
18	63	-43.2776	-5.52576	45.3806	2.95109
18	64	-43.4114	-5.69374	45.4805	2.95527
18	65	-43.5451	-5.86267	45.581	2.95945
18	66	-43.6771	-6.03446	45.6802	2.96368
18	67	-43.8154	-6.20372	45.7867	2.96785
18	68	-43.9184	-6.37942	45.8582	2.97201
18	69	-43.9776	-6.55489	45.8873	2.976
18	70	-43.9932	-6.74041	45.8724	2.98004
18	71	-43.9982	-6.9297	45.8473	2.98414
18	72	-43.9812	-7.12639	45.8001	2.98832
18	73	-43.9527	-7.33661	45.7403	2.99277
18	74	-43.9019	-7.56679	45.6564	2.99759
18	75	-43.8286	-7.82538	45.5474	3.00297
18	76	-43.7426	-8.08035	45.4277	3.00827
18	77	-43.6437	-8.33243	45.2968	3.0135
18	78	-43.5288	-8.58047	45.1518	3.01862
18	79	-43.3962	-8.82141	44.9912	3.02357
18	80	-43.247	-9.05172	44.8163	3.02828
18	81	-43.0846	-9.27018	44.6307	3.03274
18	82	-42.9121	-9.47819	44.4371	3.03697
18	83	-42.7302	-9.67775	44.2357	3.04103
18	84	-42.5377	-9.86952	44.0252	3.04492
18	85	-42.333	-10.0521	43.8042	3.04862
18	86	-42.116	-10.2227	43.5725	3.05205
18	87	-41.8889	-10.3796	43.3325	3.05519
18	88	-41.6542	-10.5236	43.0864	3.05805
18	89	-41.4128	-10.6563	42.835	3.06067
18	90	-41.1638	-10.7786	42.577	3.06306
18	91	-40.9056	-10.8893	42.311	3.06519
18	92	-40.6383	-10.9856	42.0372	3.06699
18	93	-40.3642	-11.0654	41.7579	3.0684
18	94	-40.0861	-11.1295	41.476	3.06945
18	95	-39.8051	-11.18	41.192	3.07019
18	96	-39.5199	-11.2181	40.9049	3.07062
18	97	-39.2295	-11.2422	40.6134	3.0707
18	98	-38.9345	-11.2496	40.3187	3.07037
18	99	-38.6382	-11.2394	40.0239	3.06959
18	100	-38.3433	-11.2124	39.7317	3.06837
18	101	-38.087	-11.1704	39.4792	3.06684
18	102	-37.8598	-11.1149	39.2569	3.065
18	103	-37.6521	-11.0458	39.0551	3.06283
18	104	-37.457	-10.9613	38.8674	3.06026
18	105	-37.2608	-10.8814	38.6785	3.05779
18	106	-37.0862	-10.7572	38.5152	3.0542
18	107	-36.926	-10.5817	38.3714	3.04928
18	108	-36.7755	-10.3939	38.2394	3.04402
18	109	-36.6302	-10.205	38.1136	3.03872
18	110	-36.4879	-10.0187	37.9917	3.03346
18	111	-36.3481	-9.83287	37.8733	3.02818
18	112	-36.2079	-9.64841	37.7555	3.02291
18	113	-36.0704	-9.46248	37.6415	3.01757
18	114	-35.933	-9.27749	37.5285	3.01223
18	115	-35.7952	-9.09544	37.4159	3.00693
18	116	-35.6652	-8.91238	37.3122	3.0016
18	117	-35.534	-8.73579	37.2074	2.9964
18	118	-35.4017	-8.56474	37.1018	2.99133
18	119	-35.2712	-8.38891	36.9995	2.9861
18	120	-35.1388	-8.21127	36.8967	2.98079
18	121	-35.0064	-8.03171	36.7954	2.97539
18	122	-34.8766	-7.85067	36.6978	2.96994
18	123	-34.7497	-7.67016	36.6041	2.96449
18	124	-34.6249	-7.49181	36.5133	2.95908
18	125	-34.5026	-7.31517	36.4257	2.95371
18	126	-34.3823	-7.14009	36.3406	2.94835
18	127	-34.2638	-6.96615	36.2583	2.94302
18	128	-34.1479	-6.79336	36.1793	2.9377
18	129	-34.0364	-6.62195	36.1053	2.93243
18	130	-33.9289	-6.45095	36.0361	2.92717
18	131	-33.8275	-6.2809	35.9737	2.92195
18	132	-33.7306	-6.11366	35.916	2.91682
18	133	-33.6395	-5.94806	35.8646	2.91175
18	134	-33.5517	-5.7843	35.8169	2.90674
18	135	-33.4689	-5.62004	35.775	2.90174
18	136	-33.3929	-5.45304	35.7413	2.89669
18	137	-33.3264	-5.28132	35.7189	2.89158
18	138	-33.2781	-5.10095	35.7172	2.88635
18	139	-33.2448	-4.90928	35.7339	2.88092
18	140	-33.2294	-4.70628	35.772	2.87533
18	141	-33.2328	-4.51662	35.8256	2.87025
18	142	-33.2529	-4.33835	35.8932	2.86561
18	143	-33.2975	-4.17233	35.9816	2.86151
18	144	-33.3467	-4.00828	36.0745	2.85752
18	145	-33.4095	-3.84813	36.1799	2.85375
18	146	-33.4734	-3.6867	36.2873	2.84999
18	147	-33.5427	-3.52476	36.4004	2.84627
18	148	-33.6177	-3.36234	36.5197	2.84262
18	149	-33.6981	-3.20004	36.6446	2.83903
25	0	38.534	-14.7319	37.2571	-0.0164552
25	1	38.5919	-14.4875	37.3118	-0.00987943
25	2	38.6246	-14.2594	37.3429	-0.00376108
25	3	38.6352	-14.0417	37.3533	0.00206603
25	4	38.6266	-13.8308	37.3457	0.00771544
25	5	38.596	-13.6256	37.3173	0.0132205
25	6	38.5245	-13.4254	37.249	0.0186201
25	7	38.4046	-13.2222	37.1335	0.024151
25	8	38.2692	-13.0204	37.0035	0.029691
25	9	38.1322	-12.8205	36.8731	0.0352194
25	10	37.9946	-12.6221	36.7432	0.0407489
25	11	37.8561	-12.4255	36.6133	0.0462682
25	12	37.7192	-12.2304	36.4861	0.0517826
25	13	37.5827	-12.0395	36.3603	0.0572213
25	14	37.4468	-11.8529	36.2358	0.062576
25	15	37.3121	-11.6693	36.1133	0.0678837
25	16	37.18	-11.4861	35.9945	0.0732104
25	17	37.0477	-11.3048	35.8763	0.0785184
25	18	36.9142	-11.1268	35.7576	0.0837751
25	19	36.7809	-10.9523	35.6399	0.0889687
25	20	36.6508	-10.7797	35.5261	0.0941306
25	21	36.5218	-10.6108	35.414	0.0992224
25	22	36.393	-10.4454	35.3027	0.104245
25	23	36.2641	-10.2835	35.1918	0.109202
25	24	36.1362	-10.1245	35.0824	0.114106
25	25	36.0076	-9.97112	34.9725	0.118881
25	26	35.8801	-9.82358	34.8637	0.123517
25	27	35.7537	-9.68294	34.756	0.127981
25	28	35.6278	-9.54999	34.6484	0.13225
25	29	35.5028	-9.42146	34.5417	0.136416
25	30	35.3753	-9.29926	34.4324	0.140435
25	31	35.2452	-9.18211	34.3202	0.144346
25	32	35.1125	-9.0672	34.2056	0.148228
25	33	34.9622	-8.9667	34.072	0.151797
25	34	34.8013	-8.86678	33.9284	0.155425
25	35	34.6194	-8.78882	33.7608	0.158541
25	36	34.4205	-8.71381	33.5765	0.161682
25	37	34.2195	-8.66491	33.386	0.164097
25	38	34.0191	-8.62561	33.1949	0.166251
25	39	33.8176	-8.60375	32.9998	0.167915
25	40	33.6152	-8.58898	32.8028	0.16939
25	41	33.4117	-8.58271	32.6032	0.170632
25	42	33.2076	-8.58053	32.4024	0.171768
25	43	33.0024	-8.58329	32.1998	0.172773
25	44	32.7974	-8.59219	31.9964	0.1736
25	45	32.5936	-8.60553	31.7934	0.174294
25	46	32.392	-8.6252	31.5914	0.174787
25	47	32.1933	-8.64767	31.3918	0.175183
25	48	31.9978	-8.67519	31.1945	0.175407
25	49	31.8046	-8.70569	30.9989	0.175526
25	50	31.6124	-8.74045	30.8036	0.175504
25	51	31.4212	-8.77972	30.6085	0.175332
25	52	31.2323	-8.82997	30.4138	0.174788
25	53	31.0444	-8.88467	30.2192	0.174086
25	54	30.8622	-8.9577	30.0271	0.172743
25	55	30.6841	-9.0432	29.8371	0.170945
25	56	30.5127	-9.15309	29.6495	0.168277
25	57	30.3442	-9.28028	29.4623	0.164978
25	58	30.1949	-9.41812	29.2926	0.161174
25	59	30.0564	-9.56211	29.133	0.157059
25	60	29.9319	-9.71848	28.9859	0.152402
25	61	29.8158	-9.88603	28.8461	0.147272
25	62	29.71	-10.0644	28.7158	0.141667
25	63	29.6089	-10.2481	28.5902	0.135805
25	64	29.5141	-10.4358	28.4714	0.129727
25	65	29.4237	-10.6246	28.3578	0.123535
25	66	29.3385	-10.8132	28.2506	0.117283
25	67	29.2554	-10.9989	28.1469	0.111077
25	68	29.1756	-11.1856	28.0475	0.104777
25	69	29.0974	-11.3718	27.9508	0.0984417
25	70	29.0223	-11.5571	27.8583	0.0920894
25	71	28.9495	-11.7451	27.7692	0.085588
25	72	28.8806	-11.9336	27.685	0.0790148
25	73	28.8146	-12.1197	27.6051	0.0724862
25	74	28.7515	-12.3081	27.5292	0.0658263
25	75	28.6917	-12.4972	27.4577	0.0590956
25	76	28.6334	-12.6854	27.389	0.0523625
25	77	28.579	-12.8725	27.3255	0.0456303
25	78	28.5263	-13.0567	27.2651	0.0389699
25	79	28.4817	-13.2436	27.2138	0.0321695
25	80	28.4427	-13.4301	27.1695	0.0253545
25	81	28.4131	-13.615	27.1358	0.0185699
25	82	28.3868	-13.7965	27.1067	0.0118934
25	83	28.368	-13.9752	27.0864	0.0053056
25	84	28.3557	-14.1536	27.0737	-0.00128034
25	85	28.3504	-14.3326	27.0693	-0.00789284
25	86	28.3527	-14.5152	27.0737	-0.0146377
25	87	28.3904	-14.7027	27.1147	-0.0215324
25	88	28.4277	-14.9004	27.157	-0.0287806
25	89	28.5	-15.0804	27.235	-0.0353109
25	90	28.5709	-15.253	27.3125	-0.0415361
25	91	28.6721	-15.4077	27.4205	-0.0470191
25	92	28.776	-15.5601	27.5318	-0.0523695
25	93	28.8851	-15.7107	27.649	-0.0576041
25	94	29.0012	-15.8582	27.7738	-0.0626646
25	95	29.1217	-16.0057	27.9036	-0.0676697
25	96	29.2466	-16.1515	28.0384	-0.0725561
25	97	29.3745	-16.2979	28.177	-0.077411
25	98	29.5064	-16.4451	28.3202	-0.0822327
25	99	29.6414	-16.5941	28.4672	-0.0870588
25	100	29.7789	-16.7444	28.6177	-0.0918745
25	101	29.9194	-16.8946	28.7716	-0.096622
25	102	30.0612	-17.0447	28.9275	-0.101314
25	103	30.2045	-17.1945	29.0856	-0.105941
25	104	30.351	-17.3432	29.2473	-0.110467
25	105	30.499	-17.4938	29.4113	-0.115001
25	106	30.649	-17.647	29.5782	-0.119564
25	107	30.8036	-17.8003	29.7503	-0.124061
25	108	30.9602	-17.9547	29.9251	-0.128533
25	109	31.1182	-18.1091	30.1019	-0.132949
25	110	31.2771	-18.2633	30.2801	-0.137299
25	111	31.4369	-18.4177	30.4598	-0.141604
25	112	31.5988	-18.5717	30.6421	-0.145832
25	113	31.7671	-18.72	30.8304	-0.149799
25	114	31.9294	-18.8736	31.0141	-0.153916
25	115	32.1045	-18.9698	31.2019	-0.1561
25	116	32.2996	-19.0162	31.4018	-0.156593
25	117	32.4954	-19.0705	31.6037	-0.157324
25	118	32.7027	-19.1052	31.814	-0.157381
25	119	32.9258	-19.1203	32.0366	-0.156756
25	120	33.1721	-19.1156	32.2792	-0.155422
25	121	33.4516	-19.0908	32.5516	-0.153339
25	122	33.7319	-19.0533	32.823	-0.150906
25	123	34.0127	-19.002	33.093	-0.148096
25	124	34.2912	-18.9348	33.3587	-0.144873
25	125	34.5644	-18.8527	33.6174	-0.141282
25	126	34.8312	-18.7583	33.8685	-0.137415
25	127	35.0932	-18.6535	34.1139	-0.13332
25	128	35.3515	-18.5377	34.3549	-0.12898
25	129	35.6057	-18.409	34.5908	-0.124345
25	130	35.8532	-18.2667	34.8192	-0.119406
25	131	36.0921	-18.1125	35.0384	-0.114224
25	132	36.3224	-17.949	35.2492	-0.108872
25	133	36.546	-17.777	35.4532	-0.103364
25	134	36.7636	-17.595	35.6515	-0.0976573
25	135	36.9737	-17.4006	35.8423	-0.0916888
25	136	37.173	-17.1935	36.0225	-0.085456
25	137	37.359	-16.9762	36.19	-0.0790361
25	138	37.5328	-16.7521	36.3463	-0.0725106
25	139	37.6965	-16.522	36.4938	-0.0658972
25	140	37.8513	-16.2848	36.6335	-0.0591592
25	141	37.9959	-16.0393	36.7641	-0.0522582
25	142	38.1277	-15.7858	36.8834	-0.0452099
25	143	38.246	-15.5272	36.9908	-0.0380804
25	144	38.3523	-15.2655	37.0881	-0.03092
25	145	38.4486	-15.0009	37.1772	-0.0237252
26	0	-27.0456	-10.3532	28.5768	3.00943
26	1	-27.0642	-10.1231	28.6264	3.00155
26	2	-27.087	-9.89351	28.6819	2.99374
26	3	-27.1132	-9.66204	28.7428	2.9859
26	4	-27.1451	-9.42977	28.8112	2.97811
26	5	-27.1838	-9.19684	28.8882	2.97037
26	6	-27.2297	-8.9647	28.9738	2.96275
26	7	-27.2814	-8.73465	29.0664	2.95528
26	8	-27.3374	-8.50663	29.1644	2.94795
26	9	-27.3968	-8.27939	29.2672	2.94072
26	10	-27.4604	-8.0516	29.3757	2.93355
26	11	-27.5297	-7.82299	29.4916	2.92646
26	12	-27.6064	-7.59481	29.6159	2.91948
26	13	-27.6908	-7.36913	29.7486	2.91271
26	14	-27.7825	-7.14753	29.8888	2.90618
26	15	-27.8815	-6.93046	30.0363	2.89992
26	16	-27.9884	-6.71787	30.1915	2.89393
26	17	-28.1081	-6.51207	30.3586	2.88833
26	18	-28.2482	-6.32068	30.5424	2.88341
26	19	-28.4132	-6.14409	30.7473	2.87923
26	20	-28.6011	-5.98199	30.971	2.87575
26	21	-28.815	-5.83355	31.2165	2.87296
26	22	-29.0338	-5.71086	31.4601	2.87104
26	23	-29.2607	-5.6146	31.7045	2.87003
26	24	-29.4949	-5.53718	31.9509	2.86966
26	25	-29.7357	-5.47291	32.2001	2.86975
26	26	-29.982	-5.41926	32.4518	2.87019
26	27	-30.2326	-5.37735	32.7045	2.87101
26	28	-30.485	-5.34882	32.9553	2.87223
26	29	-30.736	-5.33287	33.2016	2.87378
26	30	-30.9844	-5.32814	33.4425	2.8756
26	31	-31.231	-5.3359	33.6783	2.87775
26	32	-31.475	-5.36343	33.9069	2.88041
26	33	-31.7171	-5.41916	34.1265	2.88382
26	34	-31.9589	-5.50689	34.3383	2.88809
26	35	-32.2016	-5.62673	34.5436	2.89321
26	36	-32.4236	-5.76683	34.7249	2.89869
26	37	-32.6251	-5.92578	34.8829	2.9045
26	38	-32.8097	-6.10208	35.0216	2.91063
26	39	-32.9839	-6.28983	35.1489	2.91697
26	40	-33.1529	-6.48277	35.2714	2.92337
26	41	-33.319	-6.67936	35.3917	2.92981
26	42	-33.4819	-6.87847	35.5098	2.93625
26	43	-33.6405	-7.07795	35.6252	2.94264
26	44	-33.7966	-7.27478	35.74	2.9489
26	45	-33.9502	-7.46978	35.8541	2.95506
26	46	-34.1024	-7.665	35.9681	2.96118
26	47	-34.2533	-7.86255	36.0818	2.96732
26	48	-34.4042	-8.05798	36.1972	2.97336
26	49	-34.551	-8.25297	36.3099	2.97933
26	50	-34.6946	-8.4463	36.421	2.98521
26	51	-34.8359	-8.63852	36.5313	2.99101
26	52	-34.9789	-8.82922	36.6446	2.99674
26	53	-35.1213	-9.0215	36.7585	3.00247
26	54	-35.2614	-9.21664	36.8707	3.00824
26	55	-35.3986	-9.41353	36.9811	3.01401
26	56	-35.5341	-9.6066	37.0916	3.01964
26	57	-35.6664	-9.79828	37.2001	3.02518
26	58	-35.794	-9.98817	37.3053	3.03064
26	59	-35.9193	-10.1767	37.4095	3.03602
26	60	-36.0431	-10.3639	37.5134	3.04133
26	61	-36.1617	-10.5511	37.6133	3.0466
26	62	-36.2734	-10.7376	37.7073	3.0518
26	63	-36.3765	-10.9201	37.7941	3.05685
26	64	-36.4659	-11.1011	37.8683	3.06182
26	65	-36.5628	-11.271	37.9517	3.06648
26	66	-36.6069	-11.4403	37.9834	3.07101
26	67	-36.6027	-11.6211	37.9669	3.07576
26	68	-36.6077	-11.8094	37.96	3.08072
26	69	-36.5912	-12.0086	37.9319	3.08593
26	70	-36.5523	-12.2247	37.8816	3.09157
26	71	-36.4874	-12.465	37.8055	3.09783
26	72	-36.3922	-12.7367	37.6995	3.10492
26	73	-36.2822	-13.0019	37.5808	3.11186
26	74	-36.1604	-13.2603	37.4522	3.11866
26	75	-36.0271	-13.5132	37.314	3.12536
26	76	-35.8806	-13.7609	37.1643	3.13196
26	77	-35.7184	-14.0014	37.0005	3.13842
26	78	-35.5411	-14.2309	36.8232	-3.13855
26	79	-35.3521	-14.4475	36.6355	-3.13262
26	80	-35.1543	-14.6531	36.4402	-3.12693
26	81	-34.9479	-14.8496	36.2373	-3.12143
26	82	-34.731	-15.0373	36.0246	-3.1161
26	83	-34.5021	-15.2135	35.8008	-3.11101
26	84	-34.2629	-15.3754	35.5671	-3.10626
26	85	-34.0169	-15.5228	35.3267	-3.10184
26	86	-33.7655	-15.6578	35.0812	-3.09771
26	87	-33.5077	-15.7818	34.8294	-3.09383
26	88	-33.2415	-15.8934	34.569	-3.09024
26	89	-32.9666	-15.9888	34.2996	-3.08705
26	90	-32.6869	-16.0656	34.0246	-3.08435
26	91	-32.4063	-16.1246	33.7479	-3.08213
26	92	-32.1438	-16.1626	33.4881	-3.08053
26	93	-31.9053	-16.1787	33.2512	-3.07961
26	94	-31.683	-16.1771	33.0292	-3.07924
26	95	-31.4692	-16.1587	32.8146	-3.07939
26	96	-31.2606	-16.118	32.6039	-3.08024
26	97	-31.0615	-16.0324	32.4	-3.0825
26	98	-30.8631	-15.8965	32.1942	-3.08635
26	99	-30.6722	-15.7469	31.9956	-3.09069
26	100	-30.486	-15.5958	31.8022	-3.09514
26	101	-30.303	-15.4461	31.6128	-3.0996
26	102	-30.1227	-15.2976	31.4267	-3.10408
26	103	-29.9435	-15.1468	31.2424	-3.10869
26	104	-29.7649	-14.994	31.0592	-3.11341
26	105	-29.5874	-14.8401	30.8778	-3.11823
26	106	-29.4123	-14.686	30.6995	-3.12312
26	107	-29.2397	-14.5323	30.5244	-3.12805
26	108	-29.0686	-14.3786	30.3517	-3.13303
26	109	-28.8981	-14.224	30.1802	-3.13811
26	110	-28.7277	-14.0672	30.0097	3.13987
26	111	-28.5586	-13.9073	29.8413	3.1345
26	112	-28.3934	-13.7466	29.6776	3.12905
26	113	-28.2326	-13.585	29.5194	3.1235
26	114	-28.078	-13.4242	29.3682	3.11794
26	115	-27.9287	-13.2629	29.2232	3.1123
26	116	-27.7847	-13.101	29.0845	3.10659
26	117	-27.6466	-12.9352	28.9528	3.1007
26	118	-27.5165	-12.7627	28.8304	3.09454
26	119	-27.3983	-12.5787	28.7216	3.08794
26	120	-27.2962	-12.3767	28.6312	3.08071
26	121	-27.2108	-12.1549	28.5604	3.07277
26	122	-27.1473	-11.9354	28.513	3.06494
26	123	-27.1026	-11.718	28.4859	3.05721
26	124	-27.0716	-11.4983	28.4744	3.04943
26	125	-27.0495	-11.2749	28.4739	3.04155
26	126	-27.0354	-11.0483	28.4834	3.03358
26	127	-27.0303	-10.8183	28.504	3.02554
26	128	-27.0337	-10.5858	28.5352	3.01746
32	0	31.5941	-20.3972	30.9555	-0.204234
32	1	31.607	-20.1996	30.9287	-0.197893
32	2	31.6043	-20.0208	30.8913	-0.192235
32	3	31.5839	-19.8546	30.84	-0.187072
32	4	31.5731	-19.6933	30.7998	-0.181991
32	5	31.5239	-19.5511	30.726	-0.177728
32	6	31.4314	-19.4169	30.6114	-0.173947
32	7	31.3418	-19.2727	30.4985	-0.1698
32	8	31.2412	-19.1283	30.3751	-0.165673
32	9	31.1298	-18.9864	30.2421	-0.161655
32	10	31.0147	-18.8428	30.1057	-0.15756
32	11	30.8919	-18.7015	29.9624	-0.153549
32	12	30.7667	-18.5587	29.8172	-0.149457
32	13	30.6369	-18.4166	29.6678	-0.145371
32	14	30.5045	-18.2727	29.5163	-0.141198
32	15	30.3687	-18.1278	29.3617	-0.136963
32	16	30.2297	-17.9817	29.2044	-0.132658
32	17	30.0893	-17.8339	29.0459	-0.128253
32	18	29.947	-17.6862	28.8862	-0.123812
32	19	29.8024	-17.5404	28.7249	-0.119395
32	20	29.6564	-17.3955	28.563	-0.114969
32	21	29.5121	-17.2481	28.403	-0.110394
32	22	29.3655	-17.1008	28.2414	-0.105782
32	23	29.2154	-16.9541	28.077	-0.101154
32	24	29.0622	-16.8084	27.9101	-0.0965121
32	25	28.9071	-16.6641	27.7422	-0.0918738
32	26	28.7497	-16.5242	27.5729	-0.0873459
32	27	28.5912	-16.3869	27.4032	-0.0828584
32	28	28.4311	-16.2539	27.233	-0.0784763
32	29	28.2691	-16.126	27.0617	-0.0742351
32	30	28.1029	-16.0071	26.8873	-0.0702854
32	31	27.9311	-15.9001	26.7086	-0.0667396
32	32	27.7493	-15.8087	26.5213	-0.0637565
32	33	27.5587	-15.7296	26.3261	-0.0612223
32	34	27.3549	-15.6686	26.119	-0.0593667
32	35	27.1548	-15.6268	25.9168	-0.0582148
32	36	26.9581	-15.6095	25.7194	-0.0579874
32	37	26.7629	-15.6038	25.5241	-0.0582079
32	38	26.5687	-15.6143	25.3309	-0.0590695
32	39	26.3742	-15.627	25.1375	-0.0600319
32	40	26.1793	-15.6505	24.9444	-0.061441
32	41	25.9823	-15.6761	24.7494	-0.0629615
32	42	25.785	-15.7108	24.5547	-0.0648772
32	43	25.5872	-15.75	24.3599	-0.0670066
32	44	25.3905	-15.7973	24.1669	-0.0695069
32	45	25.1957	-15.8506	23.9764	-0.0722863
32	46	25.0042	-15.9091	23.7897	-0.0753208
32	47	24.8159	-15.9728	23.6068	-0.0786122
32	48	24.6311	-16.0428	23.4283	-0.0822105
32	49	24.4516	-16.1238	23.2562	-0.0863167
32	50	24.279	-16.2217	23.093	-0.0911856
32	51	24.1128	-16.3398	22.9387	-0.096972
32	52	23.9521	-16.4794	22.7927	-0.10375
32	53	23.8101	-16.6278	22.6674	-0.110909
32	54	23.6866	-16.7873	22.563	-0.118543
32	55	23.5811	-16.9577	22.4791	-0.126624
32	56	23.4944	-17.1415	22.4171	-0.135246
32	57	23.417	-17.3289	22.3666	-0.144015
32	58	23.3498	-17.5192	22.3283	-0.152881
32	59	23.2853	-17.7105	22.2946	-0.161805
32	60	23.2287	-17.9046	22.2709	-0.170815
32	61	23.1738	-18.099	22.2508	-0.179845
32	62	23.1258	-18.2942	22.2393	-0.188867
32	63	23.0813	-18.491	22.2335	-0.197935
32	64	23.0441	-18.6881	22.2367	-0.206953
32	65	23.0105	-18.8828	22.2446	-0.215833
32	66	22.9824	-19.0797	22.2603	-0.224743
32	67	22.9588	-19.2776	22.2822	-0.233637
32	68	22.9378	-19.4759	22.3086	-0.2425
32	69	22.9212	-19.6741	22.341	-0.251292
32	70	22.9067	-19.8711	22.3767	-0.25998
32	71	22.9011	-20.071	22.4235	-0.268661
32	72	22.9004	-20.2714	22.4769	-0.277264
32	73	22.9087	-20.47	22.5401	-0.28564
32	74	22.9197	-20.6659	22.6065	-0.293816
32	75	22.9382	-20.8581	22.6806	-0.301688
32	76	22.9572	-21.0471	22.7555	-0.309372
32	77	22.9838	-21.2324	22.838	-0.316746
32	78	23.0144	-21.4165	22.9249	-0.323964
32	79	23.0534	-21.5984	23.0204	-0.330912
32	80	23.0953	-21.7792	23.1193	-0.33772
32	81	23.1557	-21.9543	23.2347	-0.343969
32	82	23.2195	-22.1293	23.3543	-0.350104
32	83	23.3145	-22.2932	23.5001	-0.355269
32	84	23.4143	-22.4617	23.6526	-0.360479
32	85	23.5455	-22.6217	23.832	-0.364819
32	86	23.6798	-22.774	24.0119	-0.368748
32	87	23.8307	-22.9093	24.2016	-0.371717
32	88	23.9919	-23.0376	24.3985	-0.374217
32	89	24.1664	-23.1554	24.604	-0.37608
32	90	24.3474	-23.2692	24.8142	-0.377667
32	91	24.5349	-23.3756	25.0277	-0.378856
32	92	24.7227	-23.4771	25.2398	-0.379841
32	93	24.9088	-23.5741	25.4485	-0.38067
32	94	25.0926	-23.6688	25.6544	-0.381436
32	95	25.2766	-23.7614	25.8596	-0.38211
32	96	25.461	-23.8528	26.0649	-0.382725
32	97	25.6464	-23.9429	26.2705	-0.383269
32	98	25.8325	-24.0313	26.4761	-0.383739
32	99	26.0187	-24.117	26.6809	-0.384104
32	100	26.2036	-24.1999	26.8834	-0.384386
32	101	26.3866	-24.2792	27.0827	-0.384566
32	102	26.5667	-24.3562	27.2786	-0.384709
32	103	26.7447	-24.4293	27.471	-0.384743
32	104	26.9198	-24.5009	27.6602	-0.384765
32	105	27.0938	-24.5669	27.8462	-0.384617
32	106	27.2651	-24.6299	28.0287	-0.384405
32	107	27.4354	-24.6838	28.2067	-0.383916
32	108	27.6026	-24.7266	28.3778	-0.383104
32	109	27.7619	-24.7783	28.5449	-0.382698
32	110	27.911	-24.7869	28.6865	-0.381035
32	111	28.0616	-24.754	28.8141	-0.378034
32	112	28.2164	-24.73	28.9492	-0.375288
32	113	28.376	-24.6908	29.0835	-0.372023
32	114	28.5433	-24.6295	29.2173	-0.367986
32	115	28.7245	-24.5523	29.359	-0.363314
32	116	28.9235	-24.4468	29.508	-0.357575
32	117	29.1495	-24.3101	29.6726	-0.350595
32	118	29.3704	-24.16	29.8292	-0.343323
32	119	29.5842	-23.9968	29.9764	-0.335796
32	120	29.7877	-23.8215	30.1118	-0.328073
32	121	29.9802	-23.6369	30.2355	-0.320242
32	122	30.1628	-23.4451	30.3493	-0.312348
32	123	30.3371	-23.2462	30.455	-0.304377
32	124	30.5032	-23.0395	30.5526	-0.296291
32	125	30.6601	-22.8242	30.6408	-0.288076
32	126	30.8059	-22.601	30.7182	-0.279761
32	127	30.9403	-22.3718	30.7851	-0.2714
32	128	31.064	-22.1377	30.8427	-0.263013
32	129	31.1782	-21.8986	30.8919	-0.254578
32	130	31.2823	-21.6532	30.932	-0.246052
32	131	31.3744	-21.4008	30.9609	-0.237421
32	132	31.452	-21.1429	30.9769	-0.228738
32	133	31.5149	-20.8823	30.9803	-0.220087
32	134	31.5643	-20.6216	30.9727	-0.211524
33	0	-20.7131	-17.2375	22.2151	-3.00074
33	1	-20.785	-17.05	22.2608	-3.00954
33	2	-20.8942	-16.8564	22.3445	-3.01877
33	3	-21.0628	-16.6459	22.4872	-3.02898
33	4	-21.1765	-16.4205	22.5761	-3.03947
33	5	-21.2482	-16.2063	22.6266	-3.04921
33	6	-21.3237	-16.0022	22.6839	-3.05847
33	7	-21.3981	-15.8011	22.7424	-3.06756
33	8	-21.4727	-15.6021	22.8029	-3.0765
33	9	-21.5468	-15.4062	22.865	-3.08526
33	10	-21.6228	-15.213	22.9308	-3.09386
33	11	-21.7006	-15.0213	23.0003	-3.10235
33	12	-21.7892	-14.837	23.0823	-3.11048
33	13	-21.893	-14.6669	23.1814	-3.11795
33	14	-22.0202	-14.5121	23.3055	-3.12472
33	15	-22.1649	-14.3673	23.4482	-3.131
33	16	-22.3316	-14.2346	23.6138	-3.13669
33	17	-22.5067	-14.1152	23.7887	3.14144
33	18	-22.6926	-14.0124	23.9748	3.13715
33	19	-22.8881	-13.9216	24.1708	3.13343
33	20	-23.0867	-13.8395	24.3702	3.13013
33	21	-23.2864	-13.7624	24.5709	3.12708
33	22	-23.4863	-13.6893	24.772	3.12425
33	23	-23.6866	-13.6188	24.9736	3.12157
33	24	-23.8881	-13.5524	25.1764	3.11909
33	25	-24.0904	-13.4905	25.3801	3.11683
33	26	-24.2928	-13.4353	25.5839	3.11487
33	27	-24.4935	-13.3861	25.7859	3.11317
33	28	-24.6919	-13.3439	25.9855	3.11176
33	29	-24.8874	-13.306	26.182	3.11054
33	30	-25.0809	-13.274	26.3764	3.10956
33	31	-25.2729	-13.2447	26.5692	3.10868
33	32	-25.4639	-13.2212	26.7609	3.10804
33	33	-25.6545	-13.1991	26.9521	3.10746
33	34	-25.8462	-13.1896	27.1441	3.10735
33	35	-26.0389	-13.1872	27.3368	3.1075
33	36	-26.2331	-13.209	27.5301	3.10854
33	37	-26.4307	-13.2469	27.7264	3.11014
33	38	-26.6314	-13.31	27.9251	3.11262
33	39	-26.8234	-13.3848	28.1149	3.11548
33	40	-27.0074	-13.4732	28.2967	3.11877
33	41	-27.1866	-13.5723	28.4738	3.12239
33	42	-27.3626	-13.685	28.6479	3.12645
33	43	-27.5371	-13.8072	28.8207	3.13078
33	44	-27.7103	-13.9366	28.9928	3.1353
33	45	-27.8825	-14.0703	29.1645	3.13993
33	46	-28.0525	-14.2088	29.3346	-3.13853
33	47	-28.2198	-14.3491	29.5026	-3.13379
33	48	-28.3836	-14.4892	29.6679	-3.12911
33	49	-28.5445	-14.628	29.8308	-3.12453
33	50	-28.7036	-14.7642	29.9925	-3.12008
33	51	-28.8636	-14.9042	30.1558	-3.11555
33	52	-29.0237	-15.0486	30.3199	-3.11093
33	53	-29.1846	-15.1955	30.4856	-3.10627
33	54	-29.3456	-15.3432	30.652	-3.10164
33	55	-29.5045	-15.4914	30.817	-3.09704
33	56	-29.6606	-15.6389	30.9799	-3.09251
33	57	-29.8142	-15.7855	31.1408	-3.08805
33	58	-29.9652	-15.932	31.2997	-3.08363
33	59	-30.114	-16.079	31.4571	-3.07924
33	60	-30.2598	-16.2241	31.6119	-3.07495
33	61	-30.4	-16.3697	31.7619	-3.07067
33	62	-30.5366	-16.5131	31.9085	-3.06649
33	63	-30.6685	-16.6556	32.051	-3.06236
33	64	-30.7728	-16.8083	32.1673	-3.05789
33	65	-30.852	-16.9718	32.2604	-3.05304
33	66	-30.8939	-17.1578	32.319	-3.04743
33	67	-30.9354	-17.3525	32.3792	-3.04156
33	68	-30.9578	-17.5677	32.4237	-3.03502
33	69	-30.9748	-17.8105	32.4673	-3.02764
33	70	-30.9768	-18.0927	32.5026	-3.01902
33	71	-30.9658	-18.3774	32.5277	-3.0103
33	72	-30.9392	-18.6621	32.5399	-3.00152
33	73	-30.898	-18.9436	32.5397	-2.99277
33	74	-30.8446	-19.2211	32.5292	-2.98409
33	75	-30.7806	-19.4959	32.5103	-2.97544
33	76	-30.705	-19.7691	32.4821	-2.96676
33	77	-30.6156	-20.0402	32.4425	-2.95805
33	78	-30.5114	-20.3065	32.3899	-2.94937
33	79	-30.3943	-20.5657	32.3256	-2.94081
33	80	-30.267	-20.8178	32.2523	-2.93237
33	81	-30.131	-21.0644	32.1716	-2.92399
33	82	-29.9854	-21.3068	32.0829	-2.91563
33	83	-29.828	-21.5445	31.9838	-2.90729
33	84	-29.6578	-21.7748	31.8729	-2.89902
33	85	-29.4765	-21.9954	31.7509	-2.8909
33	86	-29.2865	-22.2064	31.6202	-2.88295
33	87	-29.0888	-22.4095	31.482	-2.87511
33	88	-28.882	-22.6055	31.3351	-2.86733
33	89	-28.6639	-22.7928	31.1768	-2.85965
33	90	-28.4344	-22.9682	31.006	-2.85216
33	91	-28.1966	-23.1296	30.8249	-2.84494
33	92	-27.954	-23.2782	30.6371	-2.83799
33	93	-27.708	-23.4159	30.4442	-2.83126
33	94	-27.4899	-23.5234	30.2698	-2.82568
33	95	-27.2902	-23.6051	30.1058	-2.82103
33	96	-27.1012	-23.6637	29.9451	-2.81719
33	97	-26.9167	-23.699	29.7815	-2.81409
33	98	-26.7415	-23.7446	29.6305	-2.81073
33	99	-26.5715	-23.734	29.4664	-2.8092
33	100	-26.3924	-23.6648	29.2745	-2.80944
33	101	-26.2033	-23.6057	29.0764	-2.80924
33	102	-26.0129	-23.5343	28.8732	-2.80942
33	103	-25.8214	-23.4566	28.6668	-2.80981
33	104	-25.6294	-23.3755	28.4589	-2.8103
33	105	-25.4351	-23.2926	28.2481	-2.81084
33	106	-25.2402	-23.2074	28.0361	-2.81146
33	107	-25.044	-23.1198	27.8222	-2.81215
33	108	-24.8471	-23.0298	27.6067	-2.81293
33	109	-24.6499	-22.9393	27.3909	-2.81373
33	110	-24.4543	-22.8481	27.1763	-2.81459
33	111	-24.2616	-22.7553	26.964	-2.81555
33	112	-24.0711	-22.662	26.7537	-2.81658
33	113	-23.8815	-22.5698	26.5446	-2.81759
33	114	-23.6927	-22.4773	26.3362	-2.81863
33	115	-23.5054	-22.3832	26.1288	-2.81977
33	116	-23.3155	-22.2861	25.9179	-2.82101
33	117	-23.1252	-22.1857	25.7057	-2.82239
33	118	-22.9356	-22.0841	25.4938	-2.82383
33	119	-22.7482	-21.981	25.2836	-2.82539
33	120	-22.5637	-21.8756	25.0755	-2.8271
33	121	-22.3805	-21.7686	24.8682	-2.82891
33	122	-22.2015	-21.6554	24.6631	-2.83105
33	123	-22.0274	-21.537	24.4613	-2.83348
33	124	-21.8664	-21.4047	24.2679	-2.83666
33	125	-21.7138	-21.2625	24.0798	-2.84039
33	126	-21.5883	-21.1175	23.9171	-2.84463
33	127	-21.4732	-20.9758	23.7658	-2.84891
33	128	-21.3753	-20.8273	23.6295	-2.85374
33	129	-21.2804	-20.6726	23.4949	-2.8589
33	130	-21.177	-20.5034	23.3488	-2.86462
33	131	-21.067	-20.3017	23.1885	-2.8717
33	132	-20.8986	-20.068	22.9645	-2.87955
33	133	-20.7806	-19.8502	22.7948	-2.88744
33	134	-20.7069	-19.638	22.6709	-2.89568
33	135	-20.6592	-19.4236	22.5733	-2.90438
33	136	-20.6281	-19.2093	22.4936	-2.91331
33	137	-20.6078	-18.9958	22.4265	-2.92238
33	138	-20.5957	-18.7848	22.3697	-2.93147
33	139	-20.5883	-18.5772	22.32	-2.9405
33	140	-20.5856	-18.3736	22.2776	-2.94943
33	141	-20.5842	-18.1748	22.2391	-2.95819
33	142	-20.5912	-17.9821	22.2117	-2.96678
33	143	-20.5989	-17.791	22.1869	-2.97532
33	144	-20.6264	-17.6038	22.1838	-2.98385
33	145	-20.6555	-17.4198	22.1845	-2.99224
38	0	28.2649	-28.2301	30.45	-0.481854
38	1	28.2562	-27.9355	30.3069	-0.473373
38	2	28.235	-27.6397	30.1543	-0.46496
38	3	28.1987	-27.3436	29.99	-0.456678
38	4	28.1467	-27.0505	29.8151	-0.448626
38	5	28.0817	-26.7627	29.6326	-0.440826
38	6	28.0063	-26.48	29.4447	-0.433232
38	7	27.9273	-26.2346	29.2705	-0.426757
38	8	27.8421	-26.0155	29.1027	-0.421116
38	9	27.7467	-25.8146	28.934	-0.416126
38	10	27.6335	-25.6297	28.7559	-0.411838
38	11	27.4859	-25.4787	28.5604	-0.409061
38	12	27.2942	-25.3569	28.336	-0.407809
38	13	27.0859	-25.2492	28.1021	-0.40723
38	14	26.8771	-25.1476	27.8702	-0.40685
38	15	26.6717	-25.0471	27.6417	-0.40645
38	16	26.4691	-24.9481	27.4165	-0.406057
38	17	26.2682	-24.8511	27.1936	-0.405696
38	18	26.0683	-24.7541	26.9717	-0.405317
38	19	25.8679	-24.6598	26.7503	-0.405032
38	20	25.668	-24.5674	26.5302	-0.404801
38	21	25.4705	-24.4763	26.3127	-0.404572
38	22	25.276	-24.3872	26.0989	-0.404369
38	23	25.0847	-24.3005	25.8889	-0.404197
38	24	24.8955	-24.2165	25.6819	-0.404087
38	25	24.7078	-24.1339	25.4768	-0.404001
38	26	24.5202	-24.0535	25.2728	-0.403995
38	27	24.3324	-23.9756	25.0695	-0.404083
38	28	24.1457	-23.9036	24.8695	-0.404374
38	29	23.9612	-23.8359	24.6732	-0.404792
38	30	23.7772	-23.7776	24.4812	-0.405564
38	31	23.5985	-23.7203	24.2944	-0.406299
38	32	23.42	-23.676	24.1129	-0.407537
38	33	23.2408	-23.6328	23.9312	-0.408849
38	34	23.0531	-23.6119	23.7508	-0.41118
38	35	22.8572	-23.5984	23.5659	-0.413979
38	36	22.6506	-23.6079	23.3807	-0.417903
38	37	22.452	-23.6285	23.2079	-0.422188
38	38	22.2629	-23.6699	23.0526	-0.42719
38	39	22.0775	-23.7238	22.9065	-0.432684
38	40	21.896	-23.7905	22.7701	-0.438687
38	41	21.7158	-23.8641	22.6387	-0.445012
38	42	21.537	-23.944	22.5122	-0.451631
38	43	21.3601	-24.0296	22.3909	-0.458517
38	44	21.1843	-24.1186	22.2733	-0.465594
38	45	21.0108	-24.2125	22.1609	-0.472896
38	46	20.8337	-24.3086	22.0477	-0.480434
38	47	20.6548	-24.41	21.9366	-0.488306
38	48	20.4746	-24.5166	21.8282	-0.496489
38	49	20.2965	-24.6303	21.7265	-0.504999
38	50	20.1185	-24.7494	21.6292	-0.513797
38	51	19.9432	-24.8735	21.5384	-0.522817
38	52	19.7716	-25.0017	21.4546	-0.531986
38	53	19.6043	-25.1337	21.3784	-0.541278
38	54	19.44	-25.2693	21.3084	-0.550703
38	55	19.2805	-25.4108	21.2475	-0.560306
38	56	19.1326	-25.561	21.203	-0.570015
38	57	18.9969	-25.7231	21.1773	-0.579917
38	58	18.873	-25.8976	21.1703	-0.590019
38	59	18.7614	-26.0874	21.1843	-0.600397
38	60	18.6709	-26.2798	21.2194	-0.610285
38	61	18.5991	-26.4758	21.2739	-0.619773
38	62	18.5465	-26.6782	21.3495	-0.62892
38	63	18.5062	-26.8846	21.4392	-0.637814
38	64	18.4721	-27.0936	21.537	-0.646551
38	65	18.4421	-27.3041	21.6407	-0.655148
38	66	18.416	-27.5169	21.7504	-0.663641
38	67	18.3949	-27.7309	21.8664	-0.671945
38	68	18.3789	-27.9439	21.9871	-0.679977
38	69	18.3685	-28.1567	22.1136	-0.687755
38	70	18.3622	-28.3671	22.2429	-0.695246
38	71	18.3565	-28.5738	22.3715	-0.702503
38	72	18.3541	-28.7811	22.5042	-0.7096
38	73	18.3526	-28.9876	22.6382	-0.716565
38	74	18.3554	-29.192	22.775	-0.723253
38	75	18.3618	-29.3978	22.9165	-0.729799
38	76	18.3755	-29.6016	23.063	-0.73599
38	77	18.3939	-29.8005	23.2106	-0.741808
38	78	18.4151	-29.9931	23.3567	-0.747276
38	79	18.4422	-30.1829	23.5059	-0.752417
38	80	18.4734	-30.369	23.6561	-0.757256
38	81	18.507	-30.5519	23.8064	-0.761869
38	82	18.5467	-30.734	23.961	-0.766227
38	83	18.5937	-30.9153	24.1209	-0.770289
38	84	18.6558	-31.0933	24.2895	-0.77377
38	85	18.7374	-31.2713	24.4724	-0.776643
38	86	18.8387	-31.4474	24.6681	-0.778854
38	87	18.9638	-31.6237	24.8811	-0.780366
38	88	19.1004	-31.784	25.0909	-0.781077
38	89	19.2495	-31.9279	25.2981	-0.780967
38	90	19.4107	-32.059	25.5048	-0.780168
38	91	19.5809	-32.1806	25.7114	-0.778873
38	92	19.7561	-32.2982	25.9187	-0.777353
38	93	19.9344	-32.4119	26.1257	-0.775669
38	94	20.1146	-32.5235	26.3324	-0.773901
38	95	20.2972	-32.6317	26.5388	-0.77201
38	96	20.4802	-32.737	26.7433	-0.770059
38	97	20.6618	-32.8385	26.9444	-0.76807
38	98	20.843	-32.9368	27.1431	-0.766037
38	99	21.0225	-33.0338	27.3398	-0.764043
38	100	21.2009	-33.1296	27.5349	-0.762071
38	101	21.3798	-33.2218	27.728	-0.760022
38	102	21.558	-33.3132	27.9202	-0.758
38	103	21.7342	-33.4044	28.1109	-0.756047
38	104	21.908	-33.4932	28.2984	-0.754114
38	105	22.084	-33.5789	28.4853	-0.752078
38	106	22.2602	-33.6616	28.6706	-0.749985
38	107	22.4359	-33.7411	28.8534	-0.747849
38	108	22.6105	-33.8185	29.0341	-0.745717
38	109	22.7846	-33.8926	29.2123	-0.743536
38	110	22.9574	-33.965	29.3886	-0.741369
38	111	23.1305	-34.0314	29.5612	-0.739072
38	112	23.3014	-34.096	29.7311	-0.736804
38	113	23.472	-34.1509	29.8944	-0.734331
38	114	23.6399	-34.199	30.0514	-0.731776
38	115	23.8016	-34.2515	30.2069	-0.72949
38	116	23.9641	-34.2658	30.3377	-0.726273
38	117	24.1246	-34.2636	30.4564	-0.722718
38	118	24.2881	-34.211	30.5447	-0.717886
38	119	24.4614	-34.1647	30.6451	-0.713029
38	120	24.6458	-34.1004	30.743	-0.707524
38	121	24.8446	-34.0122	30.8373	-0.701159
38	122	25.0662	-33.8962	30.9327	-0.693673
38	123	25.3183	-33.7435	31.0302	-0.684695
38	124	25.5647	-33.5766	31.1168	-0.675532
38	125	25.8021	-33.3962	31.1905	-0.666259
38	126	26.0287	-33.2052	31.252	-0.656974
38	127	26.2458	-33.0063	31.3038	-0.647704
38	128	26.4554	-32.7991	31.3473	-0.638399
38	129	26.6574	-32.5815	31.3812	-0.628996
38	130	26.8488	-32.3522	31.4025	-0.619504
38	131	27.0267	-32.1129	31.4099	-0.610014
38	132	27.1914	-31.8675	31.4056	-0.600605
38	133	27.3454	-31.6177	31.3928	-0.591268
38	134	27.4908	-31.3627	31.3728	-0.581936
38	135	27.6272	-31.1004	31.3439	-0.572551
38	136	27.7515	-30.8294	31.303	-0.563125
38	137	27.8607	-30.5519	31.2485	-0.553751
38	138	27.9551	-30.2713	31.1827	-0.544503
38	139	28.0377	-29.989	31.1083	-0.535366
38	140	28.11	-29.7038	31.0264	-0.52627
38	141	28.1712	-29.4138	30.9349	-0.51717
38	142	28.218	-29.1186	30.8308	-0.508099
38	143	28.248	-28.8212	30.7136	-0.499163
38	144	28.2626	-28.5248	30.5857	-0.490427
39	0	-17.2219	-26.6153	22.3283	-2.54761
39	1	-17.2265	-26.3833	22.2031	-2.55639
39	2	-17.2346	-26.1531	22.0836	-2.56527
39	3	-17.2467	-25.9246	21.9701	-2.5743
39	4	-17.2643	-25.6982	21.8642	-2.58346
39	5	-17.2891	-25.4729	21.7669	-2.59285
39	6	-17.3211	-25.2508	21.6794	-2.60236
39	7	-17.3591	-25.0328	21.6009	-2.61192
39	8	-17.4024	-24.8182	21.5309	-2.62154
39	9	-17.4518	-24.6063	21.4695	-2.63125
39	10	-17.5103	-24.3967	21.4192	-2.64112
39	11	-17.5829	-24.1902	21.3849	-2.65122
39	12	-17.6748	-23.9853	21.3706	-2.6617
39	13	-17.7883	-23.7837	21.3795	-2.67252
39	14	-17.915	-23.6046	21.4126	-2.68266
39	15	-18.056	-23.4475	21.4705	-2.69213
39	16	-18.2102	-23.3101	21.5505	-2.70098
39	17	-18.3734	-23.1854	21.6456	-2.7094
39	18	-18.5419	-23.0692	21.7507	-2.7175
39	19	-18.7147	-22.9586	21.8633	-2.72536
39	20	-18.8919	-22.8529	21.9833	-2.73302
39	21	-19.073	-22.7512	22.1098	-2.7405
39	22	-19.2585	-22.6547	22.2434	-2.74775
39	23	-19.4476	-22.5643	22.384	-2.75472
39	24	-19.6398	-22.4815	22.5311	-2.76134
39	25	-19.8338	-22.4063	22.6839	-2.76759
39	26	-20.0289	-22.3388	22.8412	-2.77346
39	27	-20.2256	-22.2787	23.0034	-2.77898
39	28	-20.4251	-22.2288	23.1726	-2.78404
39	29	-20.6293	-22.1923	23.3513	-2.78857
39	30	-20.8394	-22.1725	23.5417	-2.79244
39	31	-21.0581	-22.1717	23.7471	-2.79563
39	32	-21.2689	-22.1906	23.9519	-2.79787
39	33	-21.4719	-22.2261	24.155	-2.79932
39	34	-21.6691	-22.2755	24.3573	-2.80012
39	35	-21.8634	-22.3326	24.5596	-2.80058
39	36	-22.0573	-22.3953	24.7633	-2.80081
39	37	-22.2531	-22.4619	24.97	-2.80092
39	38	-22.4501	-22.5342	25.1799	-2.80083
39	39	-22.6501	-22.6116	25.3943	-2.80059
39	40	-22.8506	-22.6944	25.611	-2.80016
39	41	-23.0521	-22.7813	25.8298	-2.7996
39	42	-23.2513	-22.8713	26.0478	-2.79891
39	43	-23.4496	-22.961	26.2647	-2.79823
39	44	-23.6469	-23.0512	26.4808	-2.79753
39	45	-23.8435	-23.1435	26.697	-2.79676
39	46	-24.0403	-23.2376	26.9141	-2.79594
39	47	-24.2379	-23.3321	27.132	-2.79513
39	48	-24.4348	-23.4285	27.3499	-2.79426
39	49	-24.6298	-23.5256	27.5664	-2.79336
39	50	-24.8232	-23.6215	27.7809	-2.79249
39	51	-25.0138	-23.7189	27.9933	-2.79155
39	52	-25.2061	-23.8197	28.2085	-2.79053
39	53	-25.4015	-23.9229	28.4275	-2.78949
39	54	-25.6002	-24.0279	28.6502	-2.78844
39	55	-25.7994	-24.137	28.8749	-2.78728
39	56	-25.9974	-24.2502	29.0999	-2.78599
39	57	-26.184	-24.3752	29.3184	-2.78421
39	58	-26.3266	-24.5231	29.5039	-2.7812
39	59	-26.4333	-24.7019	29.6671	-2.77683
39	60	-26.5228	-24.8952	29.82	-2.77185
39	61	-26.6019	-25.1042	29.9698	-2.7663
39	62	-26.6728	-25.3371	30.1217	-2.75997
39	63	-26.735	-25.605	30.28	-2.75252
39	64	-26.7864	-25.92	30.4483	-2.74359
39	65	-26.8203	-26.239	30.6045	-2.73441
39	66	-26.8377	-26.5577	30.748	-2.72512
39	67	-26.8415	-26.8751	30.8812	-2.71577
39	68	-26.8328	-27.193	31.006	-2.70631
39	69	-26.8093	-27.5126	31.1208	-2.69668
39	70	-26.7679	-27.8318	31.2224	-2.68688
39	71	-26.7097	-28.1465	31.3098	-2.67704
39	72	-26.6384	-28.4558	31.3862	-2.66721
39	73	-26.556	-28.762	31.4543	-2.65735
39	74	-26.4608	-29.0667	31.5134	-2.64739
39	75	-26.3496	-29.3684	31.5603	-2.6373
39	76	-26.2224	-29.6633	31.593	-2.62718
39	77	-26.0825	-29.9499	31.6138	-2.61711
39	78	-25.9321	-30.23	31.6255	-2.60707
39	79	-25.7701	-30.5052	31.6279	-2.59697
39	80	-25.5941	-30.7742	31.6183	-2.58681
39	81	-25.4042	-31.0338	31.5953	-2.57666
39	82	-25.2037	-31.2827	31.5609	-2.5666
39	83	-24.9944	-31.5229	31.5174	-2.55659
39	84	-24.7751	-31.7558	31.4647	-2.54657
39	85	-24.544	-31.9798	31.4005	-2.53653
39	86	-24.3025	-32.1918	31.324	-2.52658
39	87	-24.0532	-32.3899	31.2362	-2.5168
39	88	-23.8267	-32.5464	31.1451	-2.50847
39	89	-23.6141	-32.6687	31.0469	-2.50124
39	90	-23.4077	-32.7618	30.9376	-2.49484
39	91	-23.2014	-32.8281	30.8134	-2.48909
39	92	-23.0025	-32.9014	30.7004	-2.48326
39	93	-22.801	-32.9048	30.5433	-2.47914
39	94	-22.5817	-32.8372	30.329	-2.47645
39	95	-22.358	-32.7752	30.1149	-2.47348
39	96	-22.139	-32.7017	29.8975	-2.47087
39	97	-21.9244	-32.6235	29.6809	-2.46844
39	98	-21.713	-32.5442	29.4663	-2.46607
39	99	-21.5033	-32.4649	29.2531	-2.46371
39	100	-21.2941	-32.3852	29.0402	-2.46133
39	101	-21.085	-32.3039	28.8266	-2.45896
39	102	-20.877	-32.2203	28.6126	-2.45664
39	103	-20.6708	-32.1352	28.3991	-2.45437
39	104	-20.4665	-32.0493	28.1868	-2.45212
39	105	-20.2655	-31.9639	27.9775	-2.44991
39	106	-20.0663	-31.8782	27.7694	-2.44771
39	107	-19.8702	-31.7921	27.5637	-2.44556
39	108	-19.6766	-31.7056	27.3597	-2.44345
39	109	-19.4872	-31.6161	27.1571	-2.44149
39	110	-19.303	-31.5235	26.9566	-2.43971
39	111	-19.1252	-31.4258	26.7579	-2.43821
39	112	-18.953	-31.3282	26.5634	-2.43682
39	113	-18.7873	-31.2258	26.3708	-2.43571
39	114	-18.6244	-31.1204	26.1785	-2.43474
39	115	-18.4669	-31.005	25.9838	-2.43418
39	116	-18.3135	-30.8766	25.7838	-2.4341
39	117	-18.1684	-30.7239	25.5742	-2.43495
39	118	-18.0314	-30.5454	25.3542	-2.43679
39	119	-17.9043	-30.3406	25.1248	-2.43973
39	120	-17.796	-30.1294	24.9059	-2.44339
39	121	-17.7056	-29.9111	24.6966	-2.44781
39	122	-17.6301	-29.6848	24.4942	-2.45294
39	123	-17.5649	-29.4536	24.2973	-2.45859
39	124	-17.5062	-29.2187	24.1039	-2.46461
39	125	-17.4542	-28.9807	23.9148	-2.471
39	126	-17.4082	-28.7416	23.7307	-2.47769
39	127	-17.3679	-28.5038	23.553	-2.48459
39	128	-17.3346	-28.2654	23.3816	-2.49179
39	129	-17.3065	-28.028	23.2162	-2.4992
39	130	-17.2816	-27.7917	23.0554	-2.50676
39	131	-17.259	-27.5563	22.8983	-2.51445
39	132	-17.2395	-27.3224	22.7459	-2.52228
39	133	-17.227	-27.086	22.5993	-2.53047
39	134	-17.2216	-26.8497	22.4601	-2.53895
43	0	24.1209	-38.3073	33.2671	-0.814086
43	1	24.1498	-38.0126	33.0734	-0.807331
43	2	24.1649	-37.7165	32.8706	-0.800773
43	3	24.1668	-37.4214	32.6607	-0.794441
43	4	24.1577	-37.1277	32.4454	-0.788298
43	5	24.1384	-36.8342	32.2243	-0.782302
43	6	24.1071	-36.5399	31.9952	-0.776466
43	7	24.0611	-36.2463	31.757	-0.770886
43	8	23.9979	-35.9571	31.5106	-0.7657
43	9	23.9205	-35.7086	31.2829	-0.761687
43	10	23.8298	-35.4909	31.0672	-0.758631
43	11	23.7264	-35.2957	30.8579	-0.756346
43	12	23.6327	-35.1031	30.6577	-0.753873
43	13	23.4995	-34.947	30.4537	-0.753129
43	14	23.3159	-34.821	30.2336	-0.754243
43	15	23.1111	-34.7087	30.0075	-0.756188
43	16	22.902	-34.5999	29.7808	-0.75835
43	17	22.6926	-34.4916	29.5544	-0.760562
43	18	22.4848	-34.3847	29.3302	-0.762806
43	19	22.2783	-34.2823	29.1104	-0.765164
43	20	22.0756	-34.18	28.8933	-0.767469
43	21	21.876	-34.0757	28.6774	-0.769684
43	22	21.6747	-33.9771	28.4642	-0.77212
43	23	21.4747	-33.8766	28.2509	-0.774509
43	24	21.2754	-33.7757	28.038	-0.776907
43	25	21.075	-33.679	27.8274	-0.779478
43	26	20.8779	-33.5834	27.6201	-0.782032
43	27	20.6824	-33.4898	27.4155	-0.784636
43	28	20.4891	-33.4003	27.2156	-0.787328
43	29	20.2977	-33.3127	27.0185	-0.790056
43	30	20.1082	-33.2265	26.824	-0.792815
43	31	19.9202	-33.1427	26.6324	-0.795635
43	32	19.7359	-33.0635	26.447	-0.798517
43	33	19.556	-32.9871	26.2669	-0.801392
43	34	19.379	-32.9156	26.0925	-0.80436
43	35	19.2036	-32.8488	25.9229	-0.807448
43	36	19.0286	-32.7866	25.7571	-0.810687
43	37	18.854	-32.7263	25.5932	-0.814006
43	38	18.6737	-32.6834	25.4385	-0.818003
43	39	18.4869	-32.645	25.2829	-0.822357
43	40	18.288	-32.6363	25.1416	-0.827918
43	41	18.0791	-32.6347	24.9996	-0.834027
43	42	17.8798	-32.6631	24.8872	-0.840725
43	43	17.6867	-32.6955	24.7832	-0.847404
43	44	17.5023	-32.7534	24.7051	-0.854548
43	45	17.3198	-32.8144	24.632	-0.861766
43	46	17.1428	-32.8894	24.5743	-0.869219
43	47	16.9649	-32.9637	24.517	-0.87672
43	48	16.7889	-33.0465	24.4688	-0.88441
43	49	16.612	-33.1315	24.4231	-0.892221
43	50	16.4351	-33.2236	24.3846	-0.900236
43	51	16.2569	-33.319	24.3494	-0.908408
43	52	16.0808	-33.4221	24.3232	-0.916723
43	53	15.9049	-33.5276	24.3008	-0.925109
43	54	15.7313	-33.6379	24.2853	-0.933551
43	55	15.559	-33.7507	24.2743	-0.942019
43	56	15.3882	-33.8662	24.2681	-0.950511
43	57	15.2183	-33.9849	24.2668	-0.95905
43	58	15.0511	-34.1092	24.2735	-0.967634
43	59	14.8897	-34.2413	24.2916	-0.976188
43	60	14.738	-34.3829	24.3248	-0.984618
43	61	14.5983	-34.5372	24.3769	-0.99289
43	62	14.4699	-34.703	24.4464	-1.001
43	63	14.3555	-34.8848	24.5385	-1.00892
43	64	14.2603	-35.0657	24.6416	-1.0161
43	65	14.1903	-35.2468	24.7591	-1.02236
43	66	14.1332	-35.43	24.8861	-1.02815
43	67	14.0874	-35.6162	25.0223	-1.03356
43	68	14.0437	-35.8038	25.1614	-1.03887
43	69	14.0073	-35.9943	25.3074	-1.04393
43	70	13.9718	-36.1888	25.458	-1.04897
43	71	13.9445	-36.3875	25.617	-1.05376
43	72	13.9202	-36.5879	25.7794	-1.05842
43	73	13.9053	-36.7884	25.9472	-1.06271
43	74	13.8935	-36.9868	26.1149	-1.06681
43	75	13.8864	-37.1874	26.2874	-1.07073
43	76	13.88	-37.3896	26.462	-1.0746
43	77	13.8786	-37.5929	26.6403	-1.07828
43	78	13.8816	-37.7961	26.8209	-1.08177
43	79	13.8911	-37.9973	27.0031	-1.08496
43	80	13.9048	-38.2005	27.1893	-1.088
43	81	13.9225	-38.4039	27.3778	-1.09088
43	82	13.9446	-38.6056	27.567	-1.09354
43	83	13.9696	-38.804	27.7548	-1.09603
43	84	13.9969	-39.0044	27.9457	-1.09844
43	85	14.0259	-39.2061	28.1385	-1.10078
43	86	14.06	-39.407	28.3331	-1.10292
43	87	14.0983	-39.6052	28.5273	-1.10485
43	88	14.1427	-39.8035	28.7245	-1.10657
43	89	14.1897	-40.0004	28.9216	-1.10817
43	90	14.2411	-40.1971	29.1207	-1.1096
43	91	14.2932	-40.3937	29.3199	-1.111
43	92	14.3527	-40.5873	29.5198	-1.1121
43	93	14.4142	-40.7792	29.7192	-1.11311
43	94	14.4874	-40.9676	29.9205	-1.11369
43	95	14.5678	-41.1523	30.1217	-1.11401
43	96	14.6694	-41.3245	30.3211	-1.1135
43	97	14.7854	-41.49	30.5208	-1.11248
43	98	14.9242	-41.6434	30.7199	-1.11064
43	99	15.0669	-41.7816	30.9072	-1.10849
43	100	15.224	-41.8957	31.0794	-1.1056
43	101	15.3926	-41.9919	31.2412	-1.10216
43	102	15.5765	-42.0653	31.39	-1.09799
43	103	15.7629	-42.1341	31.5365	-1.09373
43	104	15.9525	-42.195	31.678	-1.08929
43	105	16.1424	-42.2565	31.8207	-1.0849
43	106	16.3352	-42.3131	31.9611	-1.08039
43	107	16.5298	-42.3679	32.1014	-1.07584
43	108	16.7261	-42.4179	32.239	-1.07122
43	109	16.9226	-42.4651	32.3749	-1.06659
43	110	17.1185	-42.5083	32.5078	-1.06196
43	111	17.3134	-42.5494	32.639	-1.05736
43	112	17.5076	-42.5883	32.7686	-1.05278
43	113	17.7017	-42.6254	32.8972	-1.04821
43	114	17.8966	-42.6605	33.0253	-1.04363
43	115	18.0928	-42.6924	33.1519	-1.039
43	116	18.29	-42.7217	33.2775	-1.03433
43	117	18.488	-42.7466	33.4005	-1.02962
43	118	18.686	-42.7688	33.5219	-1.0249
43	119	18.8846	-42.7872	33.6411	-1.02014
43	120	19.0842	-42.8038	33.7601	-1.01536
43	121	19.2841	-42.8183	33.8782	-1.01057
43	122	19.4855	-42.8317	33.997	-1.00576
43	123	19.686	-42.8426	34.1139	-1.00097
43	124	19.8854	-42.8516	34.2295	-0.996206
43	125	20.0831	-42.8568	34.3416	-0.991455
43	126	20.2785	-42.8599	34.4516	-0.986758
43	127	20.4714	-42.8593	34.5579	-0.98209
43	128	20.6622	-42.8577	34.6628	-0.977488
43	129	20.8512	-42.853	34.765	-0.972903
43	130	21.0393	-42.8473	34.8665	-0.968352
43	131	21.2248	-42.839	34.9651	-0.963846
43	132	21.4073	-42.8222	35.0558	-0.959298
43	133	21.5879	-42.8163	35.155	-0.954996
43	134	21.7495	-42.7684	35.2095	-0.950464
43	135	21.9028	-42.6637	35.2139	-0.945193
43	136	22.05	-42.5411	35.2013	-0.939762
43	137	22.1941	-42.3977	35.1711	-0.934049
43	138	22.3466	-42.2354	35.132	-0.927814
43	139	22.5102	-42.0443	35.078	-0.920814
43	140	22.6929	-41.8167	35.0085	-0.912724
43	141	22.869	-41.582	34.9317	-0.904627
43	142	23.0369	-41.3387	34.8453	-0.896525
43	143	23.1936	-41.0867	34.7474	-0.888473
43	144	23.3376	-40.8282	34.6387	-0.88054
43	145	23.4701	-40.5655	34.5215	-0.872734
43	146	23.5929	-40.2985	34.397	-0.86501
43	147	23.7062	-40.0258	34.2639	-0.857333
43	148	23.8076	-39.7464	34.1199	-0.849726
43	149	23.8946	-39.4617	33.9646	-0.842268
43	150	23.9674	-39.1749	33.7999	-0.835011
43	151	24.0285	-38.8876	33.6287	-0.82793
43	152	24.0797	-38.5989	33.4516	-0.820964
44	0	-13.3053	-37.8242	27.834	-2.12243
44	1	-13.3065	-37.6218	27.6624	-2.1263
44	2	-13.3111	-37.417	27.4911	-2.13038
44	3	-13.3202	-37.2115	27.322	-2.13465
44	4	-13.3322	-37.0032	27.1526	-2.13912
44	5	-13.3474	-36.7938	26.9846	-2.14377
44	6	-13.3659	-36.5844	26.819	-2.14859
44	7	-13.3881	-36.3753	26.6562	-2.15357
44	8	-13.4127	-36.1655	26.495	-2.1587
44	9	-13.441	-35.9546	26.3356	-2.16404
44	10	-13.4747	-35.7431	26.1794	-2.16962
44	11	-13.5155	-35.5328	26.0292	-2.17547
44	12	-13.5664	-35.3259	25.8884	-2.18163
44	13	-13.6317	-35.1246	25.7615	-2.18819
44	14	-13.7125	-34.9275	25.6482	-2.19521
44	15	-13.8095	-34.7327	25.5476	-2.20275
44	16	-13.9156	-34.5526	25.4656	-2.21028
44	17	-14.0323	-34.3831	25.4001	-2.21796
44	18	-14.1615	-34.223	25.351	-2.22583
44	19	-14.3048	-34.0705	25.3182	-2.23399
44	20	-14.4553	-33.923	25.2955	-2.24226
44	21	-14.6111	-33.7803	25.2816	-2.2506
44	22	-14.7695	-33.6409	25.2736	-2.25894
44	23	-14.9294	-33.5054	25.2714	-2.26724
44	24	-15.0884	-33.3716	25.2717	-2.27546
44	25	-15.2481	-33.2417	25.2769	-2.2836
44	26	-15.4068	-33.1129	25.2842	-2.29168
44	27	-15.5671	-32.9876	25.2966	-2.29971
44	28	-15.7283	-32.8649	25.3133	-2.30769
44	29	-15.8918	-32.7482	25.3375	-2.31556
44	30	-16.0548	-32.6355	25.3659	-2.3233
44	31	-16.2176	-32.5282	25.3995	-2.33086
44	32	-16.3797	-32.4252	25.4372	-2.33827
44	33	-16.5423	-32.3279	25.4808	-2.34552
44	34	-16.7038	-32.2325	25.5263	-2.35265
44	35	-16.869	-32.1458	25.5818	-2.35962
44	36	-17.0337	-32.057	25.6366	-2.36661
44	37	-17.2097	-31.991	25.7168	-2.37323
44	38	-17.3889	-31.9237	25.7995	-2.37993
44	39	-17.5826	-31.8855	25.9138	-2.38616
44	40	-17.7858	-31.8496	26.0376	-2.39251
44	41	-17.9866	-31.8485	26.1842	-2.39777
44	42	-18.1843	-31.856	26.3352	-2.40264
44	43	-18.3798	-31.8975	26.5078	-2.40645
44	44	-18.5764	-31.9448	26.6856	-2.41008
44	45	-18.7709	-32.0074	26.8722	-2.41318
44	46	-18.9657	-32.0727	27.0612	-2.41617
44	47	-19.1603	-32.1418	27.2528	-2.41901
44	48	-19.3549	-32.2129	27.4458	-2.42176
44	49	-19.5504	-32.2857	27.6409	-2.42444
44	50	-19.7464	-32.3585	27.8366	-2.42709
44	51	-19.9409	-32.4321	28.0318	-2.42966
44	52	-20.1324	-32.5073	28.226	-2.43207
44	53	-20.3208	-32.5833	28.4185	-2.43436
44	54	-20.5068	-32.658	28.6085	-2.4366
44	55	-20.69	-32.7331	28.7967	-2.43874
44	56	-20.8707	-32.8069	28.9824	-2.44083
44	57	-21.0523	-32.8833	29.1706	-2.44284
44	58	-21.2336	-32.9616	29.3598	-2.44477
44	59	-21.4131	-33.0414	29.5488	-2.44659
44	60	-21.5906	-33.1203	29.7356	-2.44838
44	61	-21.7641	-33.2007	29.9205	-2.45002
44	62	-21.935	-33.2792	30.1023	-2.45163
44	63	-22.1034	-33.3561	30.2811	-2.45321
44	64	-22.2675	-33.4352	30.4581	-2.45463
44	65	-22.4303	-33.5113	30.6323	-2.45608
44	66	-22.5868	-33.595	30.8065	-2.45719
44	67	-22.7379	-33.6822	30.9787	-2.45809
44	68	-22.8508	-33.804	31.1431	-2.45735
44	69	-22.9457	-33.9647	31.3183	-2.45529
44	70	-23.019	-34.1457	31.4898	-2.45232
44	71	-23.0888	-34.3433	31.6695	-2.44891
44	72	-23.154	-34.5663	31.8624	-2.44483
44	73	-23.219	-34.8233	32.0775	-2.43998
44	74	-23.2843	-35.1263	32.3236	-2.43413
44	75	-23.341	-35.4327	32.5664	-2.42811
44	76	-23.3863	-35.7436	32.8047	-2.42185
44	77	-23.4171	-36.0572	33.0353	-2.41532
44	78	-23.4336	-36.3704	33.2564	-2.40861
44	79	-23.4384	-36.6822	33.4694	-2.40178
44	80	-23.433	-36.9939	33.6763	-2.39484
44	81	-23.4163	-37.3069	33.8775	-2.38772
44	82	-23.3856	-37.6204	34.0706	-2.3804
44	83	-23.3406	-37.9314	34.2535	-2.37292
44	84	-23.2838	-38.2382	34.427	-2.36536
44	85	-23.2176	-38.5419	34.5935	-2.35776
44	86	-23.1418	-38.8444	34.7545	-2.35006
44	87	-23.0536	-39.1462	34.9082	-2.34218
44	88	-22.9505	-39.4446	35.0515	-2.33414
44	89	-22.8335	-39.7366	35.1827	-2.326
44	90	-22.7059	-40.0217	35.304	-2.31783
44	91	-22.5691	-40.3018	35.4178	-2.30962
44	92	-22.422	-40.5782	35.5243	-2.30132
44	93	-22.2626	-40.8496	35.6213	-2.2929
44	94	-22.0912	-41.1131	35.707	-2.28443
44	95	-21.9098	-41.3668	35.7814	-2.27595
44	96	-21.7401	-41.5756	35.8313	-2.26857
44	97	-21.5764	-41.7501	35.8607	-2.26194
44	98	-21.4147	-41.8992	35.8732	-2.25582
44	99	-21.2499	-42.0289	35.87	-2.24997
44	100	-21.0764	-42.1413	35.849	-2.24424
44	101	-20.9098	-42.2645	35.842	-2.23846
44	102	-20.7203	-42.3285	35.7755	-2.2332
44	103	-20.4971	-42.3348	35.6436	-2.22815
44	104	-20.2758	-42.3535	35.5237	-2.2229
44	105	-20.0573	-42.3633	35.3993	-2.21782
44	106	-19.8422	-42.3705	35.2758	-2.21283
44	107	-19.6297	-42.3767	35.1539	-2.20789
44	108	-19.4187	-42.3819	35.0331	-2.20296
44	109	-19.2086	-42.3858	34.9124	-2.19804
44	110	-18.9987	-42.3869	34.7906	-2.19313
44	111	-18.7894	-42.385	34.6675	-2.18826
44	112	-18.5808	-42.3794	34.5425	-2.18343
44	113	-18.3746	-42.3722	34.4185	-2.17865
44	114	-18.1698	-42.3627	34.294	-2.1739
44	115	-17.9672	-42.3529	34.1714	-2.16918
44	116	-17.7659	-42.3405	34.0482	-2.1645
44	117	-17.5651	-42.3273	33.9253	-2.15982
44	118	-17.3648	-42.3095	33.7996	-2.15518
44	119	-17.165	-42.2899	33.6734	-2.15055
44	120	-16.9662	-42.2645	33.5436	-2.14601
44	121	-16.7676	-42.2378	33.4135	-2.14146
44	122	-16.5706	-42.2084	33.2826	-2.13695
44	123	-16.3736	-42.1771	33.1509	-2.13245
44	124	-16.1786	-42.1421	33.0178	-2.12801
44	125	-15.9846	-42.1051	32.8841	-2.1236
44	126	-15.7928	-42.0618	32.7468	-2.11931
44	127	-15.6025	-42.0174	32.61	-2.11504
44	128	-15.4166	-41.9637	32.4681	-2.111
44	129	-15.2338	-41.9073	32.3259	-2.10704
44	130	-15.0564	-41.8456	32.1824	-2.10328
44	131	-14.8823	-41.7812	32.0389	-2.09962
44	132	-14.7123	-41.7095	31.8913	-2.09615
44	133	-14.5455	-41.6289	31.7381	-2.09288
44	134	-14.4154	-41.547	31.6023	-2.09061
44	135	-14.2775	-41.4751	31.4716	-2.08794
44	136	-14.1772	-41.378	31.3376	-2.08669
44	137	-14.0634	-41.2841	31.1998	-2.085
44	138	-13.9458	-41.1745	31.0466	-2.08344
44	139	-13.8711	-41.0415	30.8941	-2.08344
44	140	-13.7918	-40.9141	30.7441	-2.08323
44	141	-13.7421	-40.752	30.5785	-2.08441
44	142	-13.6896	-40.5891	30.4109	-2.08554
44	143	-13.6405	-40.4237	30.2427	-2.08682
44	144	-13.5962	-40.2556	30.0747	-2.08829
44	145	-13.5524	-40.0856	29.9053	-2.08983
44	146	-13.5125	-39.9122	29.735	-2.09156
44	147	-13.473	-39.736	29.5625	-2.09337
44	148	-13.4389	-39.5556	29.3893	-2.09543
44	149	-13.4062	-39.372	29.2141	-2.0976
44	150	-13.381	-39.1852	29.04	-2.10009
44	151	-13.3591	-38.9974	28.867	-2.10272
44	152	-13.3427	-38.8053	28.6932	-2.10562
44	153	-13.3279	-38.6106	28.5183	-2.10865
44	154	-13.3175	-38.4146	28.3448	-2.11188
44	155	-13.3099	-38.2185	28.173	-2.11524
44	156	-13.3067	-38.0232	28.0044	-2.11875
48	0	22.3936	-45.4227	37.7576	-0.977451
48	1	22.3296	-45.1357	37.4839	-0.974585
48	2	22.2545	-44.8503	37.2057	-0.971948
48	3	22.1655	-44.5673	36.9219	-0.96962
48	4	22.0725	-44.3293	36.6731	-0.968039
48	5	21.9738	-44.1286	36.4518	-0.967149
48	6	21.8687	-43.9573	36.2511	-0.966855
48	7	21.7569	-43.8077	36.0645	-0.967048
48	8	21.6381	-43.6729	35.8862	-0.967641
48	9	21.5038	-43.5571	35.7146	-0.968899
48	10	21.3368	-43.494	35.5681	-0.971764
48	11	21.1317	-43.4819	35.4429	-0.97635
48	12	20.9266	-43.4798	35.3267	-0.981129
48	13	20.7228	-43.4711	35.2065	-0.985801
48	14	20.5197	-43.4571	35.0831	-0.990407
48	15	20.3151	-43.4458	34.9618	-0.995125
48	16	20.1098	-43.4346	34.841	-0.999893
48	17	19.905	-43.4244	34.7222	-1.0047
48	18	19.7023	-43.4145	34.6055	-1.00949
48	19	19.5024	-43.4061	34.4923	-1.01426
48	20	19.3052	-43.3945	34.3788	-1.01896
48	21	19.1101	-43.3792	34.2638	-1.02357
48	22	18.916	-43.366	34.1519	-1.02822
48	23	18.7232	-43.3492	34.0383	-1.03282
48	24	18.5327	-43.3263	33.9213	-1.0373
48	25	18.3452	-43.3003	33.8039	-1.04168
48	26	18.1564	-43.2759	33.6879	-1.04615
48	27	17.9672	-43.252	33.5729	-1.05067
48	28	17.7779	-43.226	33.4566	-1.0552
48	29	17.5887	-43.1941	33.3358	-1.05966
48	30	17.3993	-43.1564	33.2106	-1.06408
48	31	17.2095	-43.1164	33.0839	-1.06851
48	32	17.019	-43.0803	32.9608	-1.07305
48	33	16.8298	-43.0438	32.8388	-1.07758
48	34	16.6424	-43.0073	32.7182	-1.0821
48	35	16.4565	-42.9733	32.6013	-1.08664
48	36	16.2724	-42.9396	32.4861	-1.09118
48	37	16.0892	-42.9065	32.3725	-1.09572
48	38	15.9068	-42.8741	32.2606	-1.10029
48	39	15.7248	-42.8447	32.1523	-1.10492
48	40	15.5435	-42.8206	32.0496	-1.10964
48	41	15.3648	-42.8013	31.9532	-1.11438
48	42	15.1883	-42.7888	31.8645	-1.11918
48	43	15.0133	-42.786	31.786	-1.12409
48	44	14.8385	-42.7984	31.7221	-1.12923
48	45	14.6613	-42.838	31.6827	-1.13482
48	46	14.4789	-42.9097	31.6713	-1.141
48	47	14.2908	-43.0064	31.6815	-1.14767
48	48	14.1033	-43.1242	31.7127	-1.15459
48	49	13.9278	-43.2568	31.7637	-1.16133
48	50	13.7623	-43.4048	31.8343	-1.16795
48	51	13.6105	-43.5681	31.9256	-1.17433
48	52	13.4738	-43.7432	32.035	-1.18037
48	53	13.3547	-43.9304	32.1632	-1.18601
48	54	13.255	-44.1297	32.3111	-1.19119
48	55	13.1797	-44.3323	32.4717	-1.19565
48	56	13.1277	-44.5307	32.6374	-1.19937
48	57	13.0953	-44.7238	32.8057	-1.20242
48	58	13.076	-44.9166	32.9787	-1.20507
48	59	13.0643	-45.1101	33.1553	-1.20749
48	60	13.0576	-45.3067	33.3368	-1.20977
48	61	13.055	-45.5067	33.5231	-1.21195
48	62	13.0564	-45.7099	33.714	-1.21403
48	63	13.0614	-45.9155	33.9084	-1.21601
48	64	13.0694	-46.1223	34.1052	-1.2179
48	65	13.0792	-46.3301	34.3036	-1.21972
48	66	13.0903	-46.5391	34.5037	-1.2215
48	67	13.103	-46.7497	34.706	-1.22324
48	68	13.1184	-46.9623	34.9112	-1.2249
48	69	13.1381	-47.1765	35.1194	-1.22644
48	70	13.1633	-47.3909	35.3297	-1.22781
48	71	13.1938	-47.6038	35.5406	-1.22902
48	72	13.2281	-47.8145	35.7506	-1.23009
48	73	13.2646	-48.0234	35.9597	-1.23108
48	74	13.3019	-48.2316	36.1684	-1.23202
48	75	13.34	-48.4404	36.378	-1.23294
48	76	13.3796	-48.6505	36.5894	-1.23382
48	77	13.4218	-48.8618	36.8028	-1.23464
48	78	13.4676	-49.0728	37.0171	-1.23535
48	79	13.5164	-49.282	37.2307	-1.23596
48	80	13.5672	-49.4883	37.4423	-1.23649
48	81	13.619	-49.6913	37.651	-1.23696
48	82	13.672	-49.891	37.8571	-1.23737
48	83	13.7257	-50.0933	38.0658	-1.23777
48	84	13.7807	-50.2983	38.2775	-1.23817
48	85	13.8374	-50.5056	38.492	-1.23853
48	86	13.8965	-50.7143	38.7085	-1.23885
48	87	13.9577	-50.9232	38.926	-1.23911
48	88	14.0201	-51.1322	39.1439	-1.23934
48	89	14.0832	-51.342	39.3628	-1.23956
48	90	14.147	-51.5538	39.5839	-1.23978
48	91	14.2126	-51.7684	39.8081	-1.23997
48	92	14.2818	-51.9853	40.0357	-1.2401
48	93	14.3569	-52.2026	40.2656	-1.24008
48	94	14.4455	-52.4156	40.4959	-1.23972
48	95	14.5587	-52.5847	40.6926	-1.23844
48	96	14.7175	-52.7046	40.8579	-1.23573
48	97	14.8849	-52.8077	41.0106	-1.2327
48	98	15.0609	-52.8981	41.1544	-1.22939
48	99	15.25	-52.9751	41.2906	-1.2257
48	100	15.459	-53.0383	41.4211	-1.22147
48	101	15.6964	-53.0875	41.5491	-1.2165
48	102	15.9727	-53.1228	41.6788	-1.21058
48	103	16.2542	-53.1432	41.7979	-1.20445
48	104	16.539	-53.1459	41.9032	-1.19813
48	105	16.823	-53.1303	41.993	-1.19169
48	106	17.1039	-53.0994	42.0692	-1.18522
48	107	17.3821	-53.0569	42.1352	-1.17872
48	108	17.6591	-53.0034	42.1926	-1.17217
48	109	17.9357	-52.9373	42.24	-1.16553
48	110	18.2103	-52.856	42.2745	-1.1588
48	111	18.4799	-52.7596	42.2951	-1.15205
48	112	18.7432	-52.6511	42.3039	-1.14532
48	113	19.0016	-52.5329	42.3039	-1.1386
48	114	19.2566	-52.4049	42.2955	-1.13186
48	115	19.5085	-52.2644	42.2763	-1.12505
48	116	19.7543	-52.1084	42.2425	-1.11821
48	117	19.9901	-51.9372	42.1926	-1.11141
48	118	20.2147	-51.7547	42.1296	-1.10471
48	119	20.4303	-51.564	42.057	-1.09809
48	120	20.639	-51.3653	41.9761	-1.09151
48	121	20.8405	-51.1565	41.8846	-1.08494
48	122	21.0326	-50.9363	41.7805	-1.07842
48	123	21.2129	-50.7064	41.664	-1.07199
48	124	21.3813	-50.4697	41.5375	-1.06571
48	125	21.54	-50.2278	41.4034	-1.05953
48	126	21.6903	-49.9796	41.2613	-1.05341
48	127	21.8315	-49.7234	41.1091	-1.04734
48	128	21.9606	-49.4587	40.9452	-1.04138
48	129	22.0757	-49.188	40.7704	-1.03559
48	130	22.1778	-48.9139	40.5873	-1.02998
48	131	22.2692	-48.6369	40.3975	-1.02451
48	132	22.3504	-48.355	40.1994	-1.01914
48	133	22.419	-48.0665	39.9901	-1.0139
48	134	22.4709	-47.7722	39.7683	-1.00888
48	135	22.505	-47.4764	39.5365	-1.00416
48	136	22.524	-47.1821	39.2989	-0.999734
48	137	22.5317	-46.8893	39.0571	-0.995516
48	138	22.5295	-46.5962	38.8102	-0.991454
48	139	22.5159	-46.3013	38.5563	-0.987563
48	140	22.4886	-46.0059	38.2949	-0.983911
48	141	22.4472	-45.7126	38.0279	-0.980545
49	0	-13.6635	-46.6336	35.7851	-2.00165
49	1	-13.6407	-46.4191	35.5808	-2.00358
49	2	-13.6205	-46.204	35.3771	-2.00561
49	3	-13.6021	-45.9876	35.1731	-2.00773
49	4	-13.584	-45.7706	34.9689	-2.00989
49	5	-13.567	-45.552	34.7639	-2.01212
49	6	-13.5526	-45.3314	34.5584	-2.01447
49	7	-13.5417	-45.1093	34.3532	-2.01696
49	8	-13.5335	-44.8884	34.1506	-2.01953
49	9	-13.5272	-44.6691	33.9503	-2.02217
49	10	-13.522	-44.4509	33.7519	-2.02485
49	11	-13.5185	-44.233	33.5546	-2.0276
49	12	-13.515	-44.0145	33.3571	-2.0304
49	13	-13.5129	-43.7951	33.1597	-2.03328
49	14	-13.5142	-43.5761	32.9644	-2.03628
49	15	-13.5246	-43.3586	32.7749	-2.03954
49	16	-13.5547	-43.1638	32.615	-2.04306
49	17	-13.6044	-42.9879	32.4811	-2.04689
49	18	-13.6843	-42.8327	32.3801	-2.05128
49	19	-13.7772	-42.7002	32.3059	-2.05572
49	20	-13.89	-42.6016	32.2716	-2.06024
49	21	-14.0154	-42.5292	32.2669	-2.06472
49	22	-14.1964	-42.4908	32.3194	-2.07022
49	23	-14.3947	-42.4945	32.418	-2.07553
49	24	-14.5938	-42.5134	32.5313	-2.08061
49	25	-14.7932	-42.5388	32.6512	-2.08556
49	26	-14.9923	-42.5668	32.774	-2.09043
49	27	-15.1913	-42.5992	32.9013	-2.09519
49	28	-15.39	-42.6313	33.0289	-2.09991
49	29	-15.5882	-42.6611	33.1551	-2.10462
49	30	-15.7862	-42.6942	33.2846	-2.10923
49	31	-15.9842	-42.7272	33.4149	-2.11381
49	32	-16.1811	-42.7626	33.5473	-2.11829
49	33	-16.377	-42.7958	33.6779	-2.12275
49	34	-16.5716	-42.8234	33.8038	-2.12722
49	35	-16.7645	-42.8475	33.9265	-2.13167
49	36	-16.9548	-42.8738	34.0503	-2.136
49	37	-17.1439	-42.8951	34.1699	-2.14034
49	38	-17.3322	-42.9084	34.283	-2.14475
49	39	-17.5228	-42.9183	34.3951	-2.14925
49	40	-17.7144	-42.9274	34.5079	-2.15375
49	41	-17.9054	-42.9406	34.6243	-2.15815
49	42	-18.0953	-42.9511	34.7386	-2.16253
49	43	-18.2836	-42.9585	34.8502	-2.1669
49	44	-18.4701	-42.968	34.963	-2.17116
49	45	-18.6554	-42.9729	35.0721	-2.17544
49	46	-18.8397	-42.9734	35.1776	-2.17974
49	47	-19.0224	-42.9762	35.2848	-2.18394
49	48	-19.2029	-42.976	35.3887	-2.18812
49	49	-19.3842	-42.9756	35.4937	-2.19229
49	50	-19.5649	-42.9801	35.6028	-2.19634
49	51	-19.7438	-42.9839	35.7109	-2.20034
49	52	-19.9202	-42.9868	35.8174	-2.20427
49	53	-20.0935	-42.994	35.926	-2.20804
49	54	-20.2637	-42.9986	36.0313	-2.21176
49	55	-20.4307	-42.997	36.1301	-2.21549
49	56	-20.5939	-42.9882	36.2214	-2.21924
49	57	-20.7528	-42.9729	36.3055	-2.22299
49	58	-20.9077	-42.9701	36.3974	-2.22641
49	59	-21.0382	-43.0082	36.5073	-2.22861
49	60	-21.1429	-43.0773	36.626	-2.22972
49	61	-21.2336	-43.1856	36.7671	-2.22987
49	62	-21.308	-43.314	36.9142	-2.22933
49	63	-21.3735	-43.4604	37.0701	-2.22831
49	64	-21.4356	-43.6283	37.241	-2.22688
49	65	-21.4984	-43.8235	37.434	-2.22502
49	66	-21.5646	-44.0531	37.6566	-2.22271
49	67	-21.636	-44.3254	37.9165	-2.21985
49	68	-21.6976	-44.5984	38.1714	-2.21681
49	69	-21.7497	-44.8717	38.4213	-2.21361
49	70	-21.7926	-45.1464	38.6671	-2.21024
49	71	-21.825	-45.4232	38.9087	-2.20666
49	72	-21.8448	-45.7016	39.1447	-2.20285
49	73	-21.851	-45.9795	39.373	-2.19881
49	74	-21.8451	-46.2548	39.5927	-2.1946
49	75	-21.8294	-46.5272	39.8049	-2.19028
49	76	-21.8051	-46.7978	40.0115	-2.18586
49	77	-21.7716	-47.0678	40.2132	-2.1813
49	78	-21.7264	-47.3378	40.4089	-2.17656
49	79	-21.6668	-47.6061	40.596	-2.17159
49	80	-21.5922	-47.8697	40.7718	-2.16642
49	81	-21.5048	-48.1264	40.9359	-2.16114
49	82	-21.4071	-48.3765	41.0899	-2.15577
49	83	-21.3004	-48.6214	41.2357	-2.15034
49	84	-21.184	-48.8621	41.374	-2.1448
49	85	-21.0562	-49.098	41.5033	-2.13913
49	86	-20.9158	-49.3271	41.6216	-2.13332
49	87	-20.764	-49.5471	41.7275	-2.12743
49	88	-20.6033	-49.7574	41.8219	-2.12151
49	89	-20.4357	-49.9593	41.9069	-2.11558
49	90	-20.2614	-50.154	41.9839	-2.10963
49	91	-20.0802	-50.343	42.0539	-2.10362
49	92	-19.8899	-50.5248	42.1145	-2.09754
49	93	-19.6894	-50.6966	42.1631	-2.09138
49	94	-19.4799	-50.8563	42.1982	-2.08519
49	95	-19.2639	-51.0035	42.2209	-2.07902
49	96	-19.0435	-51.1399	42.2336	-2.07289
49	97	-18.8189	-51.2674	42.2381	-2.06678
49	98	-18.5893	-51.3861	42.234	-2.06066
49	99	-18.3536	-51.4949	42.2199	-2.05452
49	100	-18.1118	-51.5913	42.1936	-2.04838
49	101	-17.8657	-51.6741	42.1548	-2.0423
49	102	-17.6174	-51.7439	42.105	-2.03629
49	103	-17.368	-51.8028	42.0463	-2.03036
49	104	-17.1171	-51.8521	41.98	-2.02448
49	105	-16.8637	-51.8917	41.9052	-2.01863
49	106	-16.6072	-51.9195	41.8199	-2.01282
49	107	-16.3485	-51.9329	41.7221	-2.00707
49	108	-16.0901	-51.9302	41.6111	-2.00147
49	109	-15.8676	-51.9092	41.4996	-1.99681
49	110	-15.6735	-51.8715	41.3853	-1.99292
49	111	-15.5002	-51.8191	41.2668	-1.98961
49	112	-15.3413	-51.7541	41.1429	-1.98672
49	113	-15.1918	-51.6775	41.0126	-1.98414
49	114	-15.0526	-51.5845	40.8716	-1.98194
49	115	-14.95	-51.4505	40.7078	-1.98094
49	116	-14.8623	-51.2836	40.5198	-1.9806
49	117	-14.7846	-51.1072	40.327	-1.98058
49	118	-14.7103	-50.9291	40.134	-1.98065
49	119	-14.6381	-50.7483	39.9395	-1.98079
49	120	-14.5682	-50.5646	39.7431	-1.98102
49	121	-14.5013	-50.3785	39.5458	-1.98135
49	122	-14.4375	-50.1912	39.3486	-1.98176
49	123	-14.3767	-50.0042	39.1529	-1.98224
49	124	-14.3184	-49.8189	38.9597	-1.98277
49	125	-14.2627	-49.6313	38.7656	-1.98339
49	126	-14.2091	-49.4416	38.5703	-1.98409
49	127	-14.1573	-49.2497	38.3737	-1.98487
49	128	-14.1074	-49.0551	38.1756	-1.98572
49	129	-14.0601	-48.8581	37.9762	-1.98667
49	130	-14.0158	-48.6594	37.7766	-1.98772
49	131	-13.9745	-48.4604	37.5779	-1.98886
49	132	-13.9352	-48.2625	37.3811	-1.99005
49	133	-13.8973	-48.0664	37.1866	-1.99127
49	134	-13.8599	-47.8723	36.9941	-1.99249
49	135	-13.8234	-47.6747	36.7989	-1.99378
49	136	-13.7875	-47.4733	36.6006	-1.99514
49	137	-13.7525	-47.2681	36.3992	-1.99659
49	138	-13.7196	-47.0591	36.1954	-1.99815
49	139	-13.6897	-46.8472	35.9902	-1.99983
