# CellID	NodeIndex	X	Y	R	Theta
8	0	53.9229	-10.6591	51.6439	0.0562699
8	1	54.1017	-10.4707	51.8333	0.0597048
8	2	54.2713	-10.2744	52.0147	0.0632765
8	3	54.432	-10.0694	52.1884	0.0670033
8	4	54.5821	-9.85469	52.353	0.0709025
8	5	54.7199	-9.63089	52.5067	0.0749681
8	6	54.8445	-9.3998	52.6487	0.079168
8	7	54.9564	-9.16329	52.7794	0.0834674
8	8	55.0571	-8.92208	52.9004	0.0878526
8	9	55.1473	-8.67563	53.0124	0.0923341
8	10	55.2264	-8.42298	53.115	0.0969333
8	11	55.2923	-8.16393	53.2063	0.101659
8	12	55.3434	-7.89988	53.2845	0.106492
8	13	55.3794	-7.63306	53.3493	0.111393
8	14	55.4018	-7.36486	53.4021	0.116338
8	15	55.4122	-7.09507	53.4444	0.121329
8	16	55.4104	-6.82262	53.4763	0.126391
8	17	55.3947	-6.54703	53.4961	0.131538
8	18	55.3627	-6.26969	53.5015	0.136756
8	19	55.3141	-5.99345	53.4917	0.141996
8	20	55.2509	-5.72032	53.4686	0.147219
8	21	55.1759	-5.45012	53.4348	0.152427
8	22	55.0899	-5.18132	53.3913	0.157648
8	23	54.9918	-4.91284	53.3373	0.162908
8	24	54.8789	-4.64543	53.27	0.168205
8	25	54.75	-4.3819	53.1878	0.173496
8	26	54.6067	-4.12485	53.0917	0.178731
8	27	54.4517	-3.87431	52.9845	0.183904
8	28	54.2861	-3.62861	52.8673	0.189046
8	29	54.1088	-3.38687	52.7392	0.19418
8	30	53.9177	-3.15053	52.5981	0.19929
8	31	53.7132	-2.92238	52.4435	0.204326
8	32	53.4981	-2.70351	52.2779	0.209261
8	33	53.2743	-2.49233	52.1034	0.214118
8	34	53.0413	-2.28717	51.9199	0.218933
8	35	52.7972	-2.08854	51.7254	0.223706
8	36	52.5415	-1.89907	51.5187	0.228393
8	37	52.2767	-1.72039	51.3017	0.232954
8	38	52.0049	-1.55109	51.0768	0.237408
8	39	51.7254	-1.38931	50.8437	0.241793
8	40	51.4358	-1.23594	50.5998	0.246106
8	41	51.1355	-1.09493	50.3433	0.250277
8	42	50.8293	-0.971188	50.0777	0.254184
8	43	50.5584	-0.883623	49.8377	0.257252
8	44	50.3128	-0.82391	49.6156	0.259675
8	45	50.0834	-0.785389	49.4038	0.261621
8	46	49.8623	-0.764806	49.1956	0.263188
8	47	49.6444	-0.765738	48.985	0.264327
8	48	49.4419	-0.80831	48.7785	0.264569
8	49	49.246	-0.890479	48.5679	0.263991
8	50	49.0558	-0.986173	48.3593	0.263107
8	51	48.8691	-1.08677	48.1529	0.262098
8	52	48.6865	-1.18996	47.9498	0.261006
8	53	48.5078	-1.29619	47.7498	0.259822
8	54	48.3334	-1.40554	47.5532	0.258542
8	55	48.1621	-1.5166	47.3593	0.2572
8	56	47.9943	-1.63038	47.168	0.255772
8	57	47.8293	-1.74579	46.9792	0.254284
8	58	47.6686	-1.86849	46.7929	0.25261
8	59	47.5118	-1.99522	46.6095	0.250818
8	60	47.3623	-2.12725	46.432	0.248863
8	61	47.2165	-2.25873	46.2584	0.246884
8	62	47.078	-2.39268	46.0915	0.244801
8	63	46.9402	-2.528	45.9251	0.242669
8	64	46.8079	-2.66883	45.763	0.240376
8	65	46.6764	-2.81005	45.6017	0.238055
8	66	46.5503	-2.95498	45.4451	0.235611
8	67	46.4264	-3.09929	45.2912	0.23315
8	68	46.3089	-3.24992	45.1422	0.230506
8	69	46.1956	-3.40217	44.9973	0.227787
8	70	46.0903	-3.55644	44.86	0.224967
8	71	45.9893	-3.70883	44.7277	0.222149
8	72	45.8943	-3.86274	44.6013	0.219253
8	73	45.8029	-4.01628	44.479	0.21633
8	74	45.7182	-4.17233	44.363	0.213304
8	75	45.6344	-4.32787	44.2483	0.21027
8	76	45.5643	-4.48994	44.1461	0.207011
8	77	45.4928	-4.6547	44.0425	0.203683
8	78	45.4533	-4.83467	43.9678	0.199857
8	79	45.4158	-5.02545	43.8935	0.195766
8	80	45.4106	-5.23081	43.849	0.191195
8	81	45.4106	-5.43023	43.8115	0.186727
8	82	45.4362	-5.62526	43.8008	0.182243
8	83	45.472	-5.81857	43.8015	0.177754
8	84	45.5299	-6.01097	43.8249	0.1732
8	85	45.5925	-6.20313	43.8539	0.168637
8	86	45.661	-6.39442	43.8898	0.164079
8	87	45.7324	-6.58595	43.9294	0.159512
8	88	45.809	-6.77803	43.975	0.154923
8	89	45.8886	-6.96988	44.0245	0.150338
8	90	45.9684	-7.1606	44.0753	0.145789
8	91	46.0502	-7.35013	44.1291	0.14127
8	92	46.1346	-7.53749	44.1868	0.136803
8	93	46.2205	-7.7232	44.2469	0.132381
8	94	46.3042	-7.90919	44.3058	0.12797
8	95	46.3895	-8.09386	44.3673	0.123596
8	96	46.4766	-8.27662	44.4315	0.119273
8	97	46.5639	-8.45704	44.4972	0.115014
8	98	46.648	-8.63545	44.5606	0.11082
8	99	46.735	-8.81446	44.6277	0.106617
8	100	46.8251	-8.99348	44.6986	0.102421
8	101	46.9171	-9.17287	44.7723	0.0982245
8	102	47.0081	-9.35424	44.8454	0.0940009
8	103	47.1011	-9.53572	44.9213	0.0897843
8	104	47.1968	-9.71609	45.0009	0.0856017
8	105	47.294	-9.89473	45.0828	0.0814694
8	106	47.3893	-10.0725	45.1637	0.077375
8	107	47.485	-10.2475	45.246	0.0733552
8	108	47.5816	-10.4195	45.3301	0.0694134
8	109	47.679	-10.589	45.4159	0.0655421
8	110	47.7759	-10.7567	45.5019	0.0617247
8	111	47.8741	-10.9214	45.59	0.0579864
8	112	47.9739	-11.082	45.6806	0.0543502
8	113	48.0755	-11.2372	45.774	0.0508449
8	114	48.181	-11.3845	45.8721	0.0475202
8	115	48.2921	-11.5195	45.9769	0.0444726
8	116	48.3899	-11.6573	46.0687	0.04139
8	117	48.5125	-11.7537	46.1873	0.0391958
8	118	48.672	-11.8161	46.3443	0.037714
8	119	48.8335	-11.8914	46.5029	0.0359664
8	120	49.014	-11.9538	46.681	0.0344905
8	121	49.2192	-12.0072	46.8844	0.0332022
8	122	49.4559	-12.052	47.1195	0.0320846
8	123	49.7344	-12.0881	47.3967	0.0311341
8	124	50.0148	-12.1097	47.6763	0.0304986
8	125	50.2946	-12.1157	47.9558	0.030196
8	126	50.5714	-12.1067	48.2327	0.0302095
8	127	50.8441	-12.0846	48.506	0.0304946
8	128	51.1136	-12.0507	48.7764	0.0310211
8	129	51.3807	-12.0044	49.0448	0.0317944
8	130	51.645	-11.9443	49.3109	0.0328432
8	131	51.9047	-11.8692	49.573	0.034185
8	132	52.1576	-11.7801	49.8288	0.0357995
8	133	52.4028	-11.6791	50.0776	0.0376402
8	134	52.6412	-11.5679	50.3201	0.0396692
8	135	52.8739	-11.4468	50.5575	0.04188
8	136	53.1011	-11.3145	50.7903	0.0442961
8	137	53.3218	-11.1691	51.0173	0.0469502
8	138	53.5334	-11.0103	51.2363	0.0498526
8	139	53.7339	-10.8395	51.4453	0.052975
9	0	-40.9178	0.450011	45.4907	2.82845
9	1	-40.9992	0.592597	45.6122	2.82602
9	2	-41.0905	0.732282	45.7425	2.82374
9	3	-41.1839	0.871713	45.8749	2.82149
9	4	-41.2825	1.00598	46.0109	2.81939
9	5	-41.3853	1.14047	46.151	2.81733
9	6	-41.4897	1.27459	46.2928	2.81531
9	7	-41.5967	1.40508	46.4361	2.81338
9	8	-41.7062	1.53727	46.5825	2.81145
9	9	-41.8205	1.6681	46.7331	2.8096
9	10	-41.9363	1.79869	46.8852	2.80777
9	11	-42.0549	1.92595	47.0391	2.80604
9	12	-42.175	2.05665	47.1955	2.80426
9	13	-42.3007	2.18444	47.3565	2.8026
9	14	-42.4269	2.31128	47.5178	2.80096
9	15	-42.5579	2.43559	47.6828	2.79942
9	16	-42.689	2.56014	47.8482	2.79789
9	17	-42.8233	2.68024	48.0151	2.79648
9	18	-42.9576	2.8011	48.1824	2.79506
9	19	-43.0957	2.91778	48.3521	2.79376
9	20	-43.2383	3.02904	48.524	2.79261
9	21	-43.3762	3.14359	48.6928	2.79136
9	22	-43.5294	3.21507	48.8613	2.79107
9	23	-43.708	3.24651	49.0398	2.79171
9	24	-43.8912	3.28749	49.226	2.79221
9	25	-44.0887	3.30891	49.4189	2.79317
9	26	-44.3055	3.3105	49.6232	2.79463
9	27	-44.5483	3.29116	49.8451	2.79665
9	28	-44.8256	3.24985	50.0922	2.7993
9	29	-45.1483	3.18537	50.3749	2.80266
9	30	-45.4712	3.10936	50.6545	2.80619
9	31	-45.7938	3.01893	50.9297	2.80995
9	32	-46.1124	2.91141	51.1964	2.81396
9	33	-46.4209	2.79041	51.4499	2.81812
9	34	-46.7197	2.66023	51.6924	2.82235
9	35	-47.0118	2.52206	51.9267	2.82664
9	36	-47.2981	2.37366	52.1535	2.83104
9	37	-47.5766	2.21242	52.37	2.8356
9	38	-47.8438	2.03926	52.5731	2.84027
9	39	-48.099	1.8576	52.7635	2.84499
9	40	-48.3443	1.66921	52.9437	2.84975
9	41	-48.5813	1.47305	53.1148	2.85457
9	42	-48.8088	1.26724	53.2754	2.85949
9	43	-49.0239	1.05194	53.4228	2.86448
9	44	-49.2257	0.829718	53.5567	2.8695
9	45	-49.4155	0.602641	53.6792	2.87452
9	46	-49.5949	0.370502	53.7916	2.87957
9	47	-49.7637	0.131681	53.8935	2.88466
9	48	-49.9196	-0.114607	53.9825	2.88981
9	49	-50.0605	-0.366707	54.0568	2.89497
9	50	-50.1866	-0.621836	54.1175	2.90011
9	51	-50.2999	-0.878549	54.1668	2.90521
9	52	-50.402	-1.13733	54.2062	2.9103
9	53	-50.4925	-1.39948	54.2349	2.91538
9	54	-50.5695	-1.66547	54.251	2.92048
9	55	-50.6309	-1.93386	54.2527	2.92555
9	56	-50.6768	-2.20221	54.2407	2.93057
9	57	-50.7089	-2.46905	54.2169	2.93551
9	58	-50.7289	-2.7346	54.1828	2.94038
9	59	-50.7371	-2.99991	54.1384	2.94521
9	60	-50.7318	-3.26554	54.082	2.95001
9	61	-50.7111	-3.53047	54.0118	2.95475
9	62	-50.6743	-3.79227	53.9276	2.95939
9	63	-50.6227	-4.04878	53.831	2.96391
9	64	-50.5587	-4.29947	53.7242	2.96829
9	65	-50.4837	-4.54516	53.6084	2.97256
9	66	-50.3978	-4.78683	53.4835	2.97675
9	67	-50.2997	-5.02458	53.3482	2.98084
9	68	-50.188	-5.2572	53.2011	2.98482
9	69	-50.0627	-5.48264	53.0425	2.98865
9	70	-49.9252	-5.69942	52.874	2.99231
9	71	-49.7774	-5.90747	52.6972	2.99579
9	72	-49.6203	-6.10771	52.513	2.99913
9	73	-49.4538	-6.30085	52.321	3.00233
9	74	-49.2767	-6.48651	52.1201	3.00539
9	75	-49.0881	-6.66313	51.9095	3.00827
9	76	-48.8887	-6.82874	51.69	3.01093
9	77	-48.6802	-6.98243	51.4635	3.01336
9	78	-48.4646	-7.12482	51.2315	3.01558
9	79	-48.2425	-7.25717	50.9946	3.01761
9	80	-48.0134	-7.38012	50.7522	3.01945
9	81	-47.7763	-7.49294	50.5032	3.0211
9	82	-47.5311	-7.59383	50.2477	3.02251
9	83	-47.2791	-7.68123	49.9871	3.02364
9	84	-47.0225	-7.75514	49.7236	3.02451
9	85	-46.7624	-7.8169	49.4581	3.02514
9	86	-46.4984	-7.86765	49.19	3.02554
9	87	-46.2294	-7.90699	48.9182	3.0257
9	88	-45.9545	-7.93266	48.6422	3.02557
9	89	-45.6749	-7.94193	48.3634	3.02509
9	90	-45.3939	-7.93383	48.0853	3.02425
9	91	-45.1147	-7.90902	47.8109	3.02305
9	92	-44.8753	-7.86847	47.5781	3.02161
9	93	-44.6654	-7.81599	47.376	3.01998
9	94	-44.4779	-7.75365	47.1975	3.01818
9	95	-44.3053	-7.6807	47.0354	3.01619
9	96	-44.144	-7.59353	46.8864	3.01392
9	97	-43.9774	-7.51784	46.7309	3.01186
9	98	-43.8372	-7.39521	46.6078	3.00886
9	99	-43.7115	-7.22784	46.5058	3.00493
9	100	-43.5947	-7.05242	46.4144	3.00085
9	101	-43.4831	-6.87481	46.3292	2.99671
9	102	-43.3719	-6.69957	46.2448	2.99262
9	103	-43.2608	-6.52797	46.1608	2.98858
9	104	-43.1578	-6.3555	46.0857	2.98454
9	105	-43.0526	-6.18799	46.0083	2.98059
9	106	-42.946	-6.02395	45.9297	2.97669
9	107	-42.8422	-5.85747	45.855	2.97274
9	108	-42.739	-5.6906	45.7817	2.96877
9	109	-42.6384	-5.52312	45.7118	2.96478
9	110	-42.5381	-5.35732	45.6425	2.96082
9	111	-42.436	-5.19474	45.5717	2.9569
9	112	-42.3376	-5.03212	45.5052	2.95299
9	113	-42.2408	-4.87071	45.4407	2.94911
9	114	-42.1453	-4.71058	45.378	2.94524
9	115	-42.0497	-4.5532	45.3153	2.94142
9	116	-41.9539	-4.39317	45.2535	2.93754
9	117	-41.859	-4.23115	45.1938	2.9336
9	118	-41.7668	-4.06758	45.1376	2.92963
9	119	-41.6748	-3.90453	45.0823	2.92567
9	120	-41.5814	-3.74316	45.026	2.92172
9	121	-41.4916	-3.58085	44.9742	2.91776
9	122	-41.4038	-3.41883	44.9249	2.91381
9	123	-41.319	-3.25712	44.8791	2.90988
9	124	-41.2348	-3.0981	44.8341	2.90599
9	125	-41.1534	-2.93865	44.7925	2.90211
9	126	-41.0729	-2.77862	44.7526	2.89821
9	127	-40.9963	-2.61826	44.7172	2.89431
9	128	-40.921	-2.45989	44.6833	2.89046
9	129	-40.8513	-2.30214	44.6553	2.88665
9	130	-40.7856	-2.14603	44.6314	2.8829
9	131	-40.723	-1.99187	44.6106	2.8792
9	132	-40.6679	-1.83774	44.5977	2.87554
9	133	-40.6181	-1.68454	44.5902	2.87193
9	134	-40.5713	-1.53333	44.5857	2.86838
9	135	-40.5355	-1.37938	44.593	2.86484
9	136	-40.5023	-1.22388	44.6038	2.86129
9	137	-40.4836	-1.06269	44.6307	2.8577
9	138	-40.4787	-0.894808	44.6734	2.85406
9	139	-40.4922	-0.718747	44.7365	2.85037
9	140	-40.5168	-0.555836	44.8071	2.84705
9	141	-40.5466	-0.400406	44.881	2.84393
9	142	-40.5848	-0.251604	44.9613	2.84101
9	143	-40.6429	-0.110262	45.0589	2.8384
9	144	-40.7034	0.0302613	45.1587	2.83583
9	145	-40.7673	0.171199	45.2622	2.83328
9	146	-40.8405	0.309531	45.374	2.83087
17	0	47.6161	-12.4349	45.2694	0.0249352
17	1	47.6508	-12.2302	45.3097	0.029431
17	2	47.6635	-12.0256	45.3289	0.0339343
17	3	47.6276	-11.8217	45.3004	0.0384613
17	4	47.5402	-11.6069	45.2218	0.0432806
17	5	47.443	-11.3948	45.1344	0.0480685
17	6	47.3435	-11.1851	45.0456	0.0528255
17	7	47.244	-10.9783	44.9577	0.0575364
17	8	47.1424	-10.7758	44.8684	0.0621708
17	9	47.0444	-10.5742	44.7836	0.0668006
17	10	46.9493	-10.3722	44.7027	0.0714518
17	11	46.8483	-10.1736	44.6165	0.0760528
17	12	46.7496	-9.97479	44.5338	0.0806723
17	13	46.6539	-9.77637	44.4549	0.0852946
17	14	46.553	-9.58304	44.3712	0.0898296
17	15	46.4571	-9.38907	44.2936	0.0943854
17	16	46.3641	-9.19377	44.2198	0.0989809
17	17	46.2693	-8.99802	44.1453	0.103605
17	18	46.1726	-8.80153	44.07	0.108267
17	19	46.0756	-8.60403	43.9954	0.112968
17	20	45.9786	-8.40648	43.9217	0.117686
17	21	45.8797	-8.21018	43.847	0.122397
17	22	45.7807	-8.01646	43.7729	0.127066
17	23	45.6821	-7.82307	43.7001	0.131741
17	24	45.5851	-7.63126	43.6296	0.136392
17	25	45.4856	-7.44224	43.5572	0.141001
17	26	45.3865	-7.2548	43.4859	0.145589
17	27	45.2858	-7.07095	43.4133	0.150116
17	28	45.1849	-6.89049	43.341	0.154581
17	29	45.0826	-6.71666	43.2671	0.158915
17	30	44.9824	-6.546	43.1955	0.163183
17	31	44.8769	-6.38067	43.1187	0.167364
17	32	44.7717	-6.21623	43.0427	0.171538
17	33	44.6563	-6.05686	42.9566	0.175652
17	34	44.5336	-5.90173	42.8632	0.179716
17	35	44.3908	-5.75863	42.7486	0.183607
17	36	44.226	-5.62555	42.6113	0.187383
17	37	44.0377	-5.50443	42.449	0.191013
17	38	43.8446	-5.40525	42.2785	0.194183
17	39	43.6475	-5.32752	42.1002	0.196899
17	40	43.4459	-5.26556	41.9148	0.199289
17	41	43.2413	-5.21507	41.7243	0.201446
17	42	43.0347	-5.17178	41.5307	0.203462
17	43	42.826	-5.13506	41.3338	0.205353
17	44	42.615	-5.10424	41.1336	0.207132
17	45	42.4025	-5.08197	40.9303	0.208732
17	46	42.19	-5.06725	40.7255	0.210167
17	47	41.9788	-5.06039	40.5203	0.21142
17	48	41.7693	-5.05835	40.316	0.21256
17	49	41.5613	-5.06181	40.1119	0.21357
17	50	41.3539	-5.06869	39.9078	0.214503
17	51	41.1468	-5.08293	39.7025	0.215263
17	52	40.9397	-5.10423	39.4955	0.215856
17	53	40.7334	-5.13772	39.2869	0.216148
17	54	40.5299	-5.18557	39.0778	0.216069
17	55	40.3308	-5.25501	38.8685	0.215422
17	56	40.1359	-5.34579	38.6587	0.214206
17	57	39.9431	-5.45855	38.4464	0.212406
17	58	39.7676	-5.58102	38.2492	0.210243
17	59	39.6051	-5.71403	38.0626	0.207717
17	60	39.4541	-5.8593	37.8851	0.204787
17	61	39.3123	-6.01866	37.7141	0.201414
17	62	39.1772	-6.18819	37.5479	0.19771
17	63	39.0472	-6.36483	37.3861	0.193761
17	64	38.9217	-6.54526	37.2285	0.189654
17	65	38.8023	-6.72816	37.0771	0.185416
17	66	38.6881	-6.91058	36.9316	0.181132
17	67	38.578	-7.09088	36.7912	0.17685
17	68	38.4711	-7.27241	36.6544	0.172488
17	69	38.3675	-7.45502	36.5213	0.168049
17	70	38.2671	-7.63798	36.3921	0.163554
17	71	38.1708	-7.82035	36.2677	0.159025
17	72	38.08	-8.00094	36.1498	0.15449
17	73	37.9957	-8.18292	36.039	0.14986
17	74	37.919	-8.36484	35.9363	0.145173
17	75	37.8481	-8.54517	35.8404	0.140481
17	76	37.7827	-8.72416	35.7511	0.13578
17	77	37.7218	-8.90228	35.667	0.131063
17	78	37.6658	-9.08105	35.5886	0.126289
17	79	37.6208	-9.26415	35.5213	0.121335
17	80	37.5899	-9.45311	35.4682	0.116152
17	81	37.5809	-9.65294	35.4366	0.11058
17	82	37.5876	-9.86232	35.4208	0.104684
17	83	37.6171	-10.0594	35.4302	0.099065
17	84	37.6583	-10.2476	35.453	0.0936677
17	85	37.7185	-10.4278	35.4966	0.0884536
17	86	37.785	-10.6054	35.5476	0.0833132
17	87	37.8567	-10.7826	35.6048	0.0781855
17	88	37.9335	-10.9617	35.6679	0.0730122
17	89	38.0174	-11.1413	35.7389	0.0678289
17	90	38.105	-11.3238	35.8144	0.0625795
17	91	38.1989	-11.5079	35.8971	0.0572969
17	92	38.2965	-11.6941	35.9844	0.0519758
17	93	38.3972	-11.8818	36.0757	0.0466345
17	94	38.5	-12.0712	36.1701	0.0412701
17	95	38.6048	-12.2632	36.2675	0.0358612
17	96	38.7104	-12.4568	36.3665	0.0304364
17	97	38.818	-12.653	36.4687	0.0249704
17	98	38.9289	-12.8484	36.5752	0.0195538
17	99	39.0411	-13.0435	36.6841	0.0141768
17	100	39.1523	-13.2385	36.7931	0.00883567
17	101	39.2656	-13.4311	36.9051	0.00358912
17	102	39.3767	-13.6247	37.0161	-0.0016531
17	103	39.485	-13.8216	37.1252	-0.00695149
17	104	39.5973	-14.0191	37.2394	-0.0122338
17	105	39.7119	-14.2182	37.3569	-0.0175258
17	106	39.8286	-14.4178	37.4776	-0.0227966
17	107	39.9441	-14.6188	37.5982	-0.0280693
17	108	40.0611	-14.8193	37.7213	-0.0332962
17	109	40.1799	-15.0199	37.8473	-0.0384883
17	110	40.3043	-15.2189	37.9797	-0.0436004
17	111	40.4278	-15.421	38.1124	-0.0487554
17	112	40.5688	-15.6049	38.2626	-0.0533774
17	113	40.7384	-15.743	38.4396	-0.0567276
17	114	40.9426	-15.8419	38.6491	-0.0589829
17	115	41.1635	-15.919	38.8742	-0.0606298
17	116	41.4041	-15.9811	39.1182	-0.0618422
17	117	41.6724	-16.0288	39.3889	-0.0626283
17	118	41.9797	-16.0628	39.6978	-0.0629995
17	119	42.2888	-16.0829	40.0075	-0.063014
17	120	42.5999	-16.0861	40.3182	-0.0626076
17	121	42.9098	-16.069	40.6264	-0.0617099
17	122	43.2138	-16.0327	40.9276	-0.060366
17	123	43.5107	-15.9813	41.221	-0.0586884
17	124	43.8024	-15.9177	41.5085	-0.0567461
17	125	44.0908	-15.8413	41.7922	-0.0545292
17	126	44.3754	-15.7497	42.0716	-0.0519863
17	127	44.6537	-15.6416	42.3441	-0.0490963
17	128	44.9231	-15.5187	42.6073	-0.0459047
17	129	45.1837	-15.3835	42.8617	-0.042473
17	130	45.4369	-15.2365	43.1087	-0.0388167
17	131	45.6831	-15.0762	43.3488	-0.034903
17	132	45.9202	-14.9013	43.58	-0.0307009
17	133	46.1455	-14.7125	43.7999	-0.0262357
17	134	46.3582	-14.5129	44.0077	-0.0215743
17	135	46.5599	-14.3044	44.2054	-0.0167598
17	136	46.7523	-14.0864	44.3946	-0.011778
17	137	46.9348	-13.8567	44.5751	-0.00657662
17	138	47.1043	-13.6138	44.7436	-0.00112286
17	139	47.2573	-13.3597	44.897	0.00454054
17	140	47.3923	-13.0982	45.034	0.0103323
17	141	47.4919	-12.8624	45.1367	0.0155351
17	142	47.5643	-12.6438	45.213	0.0203437
18	0	-33.8936	-2.73218	37.8377	2.85127
18	1	-34.0101	-2.56658	37.997	2.84798
18	2	-34.1327	-2.40686	38.1607	2.8449
18	3	-34.2581	-2.25257	38.3259	2.84201
18	4	-34.3853	-2.1041	38.4914	2.8393
18	5	-34.5141	-1.96173	38.6569	2.83677
18	6	-34.6421	-1.82269	38.8208	2.83434
18	7	-34.7734	-1.69013	38.9861	2.83212
18	8	-34.9059	-1.55993	39.1521	2.82999
18	9	-35.0422	-1.43469	39.3203	2.82802
18	10	-35.184	-1.3172	39.4914	2.82629
18	11	-35.3269	-1.20233	39.663	2.82466
18	12	-35.4831	-1.10662	39.8413	2.8236
18	13	-35.6457	-1.01562	40.0242	2.82271
18	14	-35.8254	-0.946843	40.2164	2.82248
18	15	-36.0169	-0.881083	40.4189	2.82243
18	16	-36.2104	-0.838921	40.6158	2.82293
18	17	-36.4045	-0.805051	40.8108	2.82364
18	18	-36.6032	-0.790777	41.0041	2.82482
18	19	-36.8048	-0.782511	41.1982	2.82615
18	20	-37.0084	-0.786475	41.3905	2.82777
18	21	-37.2118	-0.796276	41.5811	2.82951
18	22	-37.4133	-0.814863	41.7672	2.83141
18	23	-37.6117	-0.838808	41.949	2.8334
18	24	-37.8072	-0.865641	42.1271	2.83541
18	25	-37.9999	-0.897	42.3015	2.83749
18	26	-38.1905	-0.931343	42.4732	2.83961
18	27	-38.3793	-0.971649	42.6416	2.84183
18	28	-38.5672	-1.01611	42.8081	2.84412
18	29	-38.7522	-1.07197	42.9687	2.84662
18	30	-38.9355	-1.13677	43.1254	2.84929
18	31	-39.1113	-1.22421	43.2688	2.8524
18	32	-39.2859	-1.33343	43.4052	2.85596
18	33	-39.4539	-1.46851	43.5287	2.86002
18	34	-39.6085	-1.61137	43.6379	2.86415
18	35	-39.7511	-1.76384	43.7337	2.8684
18	36	-39.884	-1.92651	43.8182	2.87279
18	37	-40.0092	-2.10215	43.8927	2.87741
18	38	-40.1307	-2.28423	43.963	2.88213
18	39	-40.2484	-2.47188	44.0291	2.88693
18	40	-40.3633	-2.66222	44.0929	2.89177
18	41	-40.4729	-2.85299	44.1524	2.89657
18	42	-40.585	-3.0386	44.2166	2.90125
18	43	-40.691	-3.22475	44.2757	2.90591
18	44	-40.7979	-3.40923	44.3371	2.91052
18	45	-40.9072	-3.59315	44.4018	2.91511
18	46	-41.0107	-3.78215	44.4607	2.91978
18	47	-41.1162	-3.96895	44.523	2.92439
18	48	-41.2233	-4.15377	44.5883	2.92896
18	49	-41.3226	-4.34205	44.646	2.93355
18	50	-41.4236	-4.52601	44.7073	2.93804
18	51	-41.5302	-4.70555	44.7758	2.94245
18	52	-41.6422	-4.88225	44.8511	2.94681
18	53	-41.7569	-5.05857	44.9299	2.95115
18	54	-41.8647	-5.23962	45.0019	2.95555
18	55	-41.9728	-5.42005	45.0752	2.95993
18	56	-42.0809	-5.59707	45.15	2.96422
18	57	-42.1851	-5.77429	45.2216	2.96848
18	58	-42.2871	-5.94917	45.2924	2.97267
18	59	-42.3868	-6.12355	45.3618	2.97683
18	60	-42.4864	-6.2972	45.432	2.98096
18	61	-42.584	-6.47156	45.5008	2.98509
18	62	-42.6793	-6.64584	45.5681	2.98919
18	63	-42.772	-6.81891	45.6338	2.99325
18	64	-42.8614	-6.98714	45.6978	2.99718
18	65	-42.9485	-7.15012	45.7608	3.00098
18	66	-43.0317	-7.30934	45.8212	3.00467
18	67	-43.1095	-7.46654	45.8772	3.0083
18	68	-43.1852	-7.62092	45.932	3.01185
18	69	-43.2494	-7.77733	45.9756	3.0154
18	70	-43.3202	-7.92572	46.0275	3.0188
18	71	-43.3561	-8.07464	46.0451	3.0221
18	72	-43.3474	-8.23353	46.0178	3.02551
18	73	-43.3162	-8.39931	45.9679	3.02901
18	74	-43.2738	-8.57295	45.9066	3.03267
18	75	-43.2109	-8.75864	45.8242	3.03654
18	76	-43.1214	-8.96047	45.7144	3.04073
18	77	-43.0084	-9.18877	45.5795	3.04546
18	78	-42.8721	-9.42989	45.4213	3.05046
18	79	-42.7243	-9.66546	45.2531	3.05535
18	80	-42.5627	-9.89507	45.0729	3.06011
18	81	-42.3849	-10.1161	44.8782	3.0647
18	82	-42.191	-10.3247	44.6693	3.06902
18	83	-41.9843	-10.5184	44.4494	3.07303
18	84	-41.7682	-10.6984	44.2218	3.07676
18	85	-41.5438	-10.8671	43.9872	3.08025
18	86	-41.3099	-11.0255	43.7443	3.08354
18	87	-41.065	-11.1721	43.4915	3.08658
18	88	-40.8096	-11.3041	43.2294	3.0893
18	89	-40.5464	-11.4201	42.9606	3.09168
18	90	-40.2778	-11.5216	42.6874	3.09374
18	91	-40.004	-11.6105	42.4097	3.09552
18	92	-39.7231	-11.6869	42.1256	3.09703
18	93	-39.4339	-11.7479	41.834	3.09818
18	94	-39.138	-11.79	41.5366	3.09888
18	95	-38.8397	-11.8126	41.2376	3.09912
18	96	-38.5412	-11.8186	40.9391	3.09896
18	97	-38.2419	-11.8107	40.6404	3.09845
18	98	-37.9402	-11.7889	40.34	3.09759
18	99	-37.6366	-11.751	40.0383	3.09631
18	100	-37.3742	-11.7015	39.7785	3.09477
18	101	-37.1441	-11.6414	39.5516	3.09298
18	102	-36.9392	-11.5728	39.3503	3.09098
18	103	-36.7542	-11.4893	39.1698	3.08861
18	104	-36.6036	-11.3826	39.0253	3.08568
18	105	-36.4813	-11.2438	38.9112	3.08194
18	106	-36.3727	-11.0853	38.8126	3.0777
18	107	-36.2601	-10.9238	38.7109	3.07335
18	108	-36.1482	-10.7539	38.6112	3.06876
18	109	-36.0369	-10.578	38.5135	3.064
18	110	-35.9271	-10.3967	38.4186	3.05907
18	111	-35.8192	-10.2118	38.3267	3.05403
18	112	-35.7115	-10.026	38.2362	3.04894
18	113	-35.6047	-9.8396	38.1476	3.04382
18	114	-35.4988	-9.6519	38.0611	3.03864
18	115	-35.3949	-9.46134	37.9778	3.03337
18	116	-35.2881	-9.26979	37.8929	3.02804
18	117	-35.1788	-9.07729	37.8066	3.02265
18	118	-35.0752	-8.88077	37.7277	3.01715
18	119	-34.9698	-8.68659	37.6477	3.01169
18	120	-34.8626	-8.49559	37.5667	3.00627
18	121	-34.7616	-8.30339	37.4932	3.00083
18	122	-34.6583	-8.11434	37.4179	2.99544
18	123	-34.5543	-7.92741	37.3428	2.99008
18	124	-34.4554	-7.74071	37.2738	2.98473
18	125	-34.3545	-7.55284	37.204	2.97932
18	126	-34.2539	-7.36494	37.1355	2.97389
18	127	-34.1555	-7.17728	37.0704	2.96846
18	128	-34.059	-6.99023	37.0081	2.96303
18	129	-33.9632	-6.804	36.9475	2.95761
18	130	-33.8671	-6.61567	36.888	2.95211
18	131	-33.7697	-6.42293	36.8292	2.94647
18	132	-33.6728	-6.22624	36.773	2.94071
18	133	-33.5791	-6.02703	36.7215	2.93489
18	134	-33.4882	-5.82685	36.6742	2.92904
18	135	-33.4023	-5.62676	36.6331	2.92321
18	136	-33.3244	-5.42652	36.601	2.9174
18	137	-33.2576	-5.2258	36.5812	2.91165
18	138	-33.2068	-5.02333	36.5784	2.90594
18	139	-33.1725	-4.81626	36.594	2.90022
18	140	-33.1545	-4.60316	36.6281	2.89445
18	141	-33.1565	-4.38162	36.6849	2.88861
18	142	-33.1803	-4.17111	36.7611	2.88323
18	143	-33.2274	-3.97242	36.8578	2.87834
18	144	-33.2959	-3.78262	36.9738	2.87387
18	145	-33.3796	-3.59931	37.1033	2.8697
18	146	-33.4725	-3.42059	37.2411	2.86575
18	147	-33.5714	-3.24518	37.3843	2.86195
18	148	-33.6753	-3.07228	37.5321	2.85829
18	149	-33.7822	-2.9007	37.6829	2.85471
25	0	39.8054	-16.7139	37.577	-0.0839349
25	1	39.8721	-16.5195	37.6277	-0.0786388
25	2	39.9129	-16.3321	37.6542	-0.073592
25	3	39.9295	-16.1573	37.6582	-0.0689303
25	4	39.8899	-15.9867	37.6073	-0.0644768
25	5	39.833	-15.8165	37.5399	-0.0600508
25	6	39.7743	-15.6423	37.4713	-0.0555058
25	7	39.7049	-15.4673	37.3927	-0.0509355
25	8	39.6322	-15.2907	37.3115	-0.046307
25	9	39.5519	-15.115	37.2235	-0.0416922
25	10	39.4696	-14.9379	37.1344	-0.037019
25	11	39.3822	-14.7606	37.0409	-0.0323239
25	12	39.2933	-14.581	36.9466	-0.0275427
25	13	39.2003	-14.4	36.8491	-0.0227024
25	14	39.105	-14.2172	36.7501	-0.0177888
25	15	39.0063	-14.0344	36.6486	-0.0128495
25	16	38.906	-13.8524	36.5465	-0.00790289
25	17	38.806	-13.6713	36.4455	-0.00295665
25	18	38.706	-13.4919	36.3453	0.00197038
25	19	38.6041	-13.3151	36.2442	0.00685413
25	20	38.5006	-13.1407	36.1424	0.0116993
25	21	38.3971	-12.9614	36.0415	0.0167067
25	22	38.2907	-12.7801	35.9385	0.0217997
25	23	38.1805	-12.5986	35.8328	0.0269331
25	24	38.0692	-12.416	35.727	0.0321249
25	25	37.9583	-12.2315	35.6225	0.0374017
25	26	37.8457	-12.0454	35.5174	0.0427559
25	27	37.7302	-11.8578	35.4106	0.0481874
25	28	37.6105	-11.6702	35.3006	0.0536592
25	29	37.4859	-11.485	35.1866	0.059106
25	30	37.3569	-11.3044	35.069	0.0644632
25	31	37.225	-11.1284	34.9492	0.0697324
25	32	37.0885	-10.9593	34.8254	0.0748505
25	33	36.9451	-10.8027	34.6944	0.0796589
25	34	36.7914	-10.6578	34.5531	0.0841931
25	35	36.6272	-10.5215	34.4013	0.0885426
25	36	36.4476	-10.3969	34.2337	0.0926334
25	37	36.2666	-10.2933	34.0632	0.096154
25	38	36.083	-10.2154	33.8881	0.0989605
25	39	35.8972	-10.1519	33.7096	0.101382
25	40	35.7082	-10.1054	33.5263	0.103331
25	41	35.5193	-10.0643	33.3427	0.105142
25	42	35.3277	-10.0326	33.1556	0.106698
25	43	35.1341	-10.0027	32.9663	0.108225
25	44	34.937	-9.98024	32.7728	0.109557
25	45	34.7373	-9.9617	32.5763	0.110793
25	46	34.5357	-9.95224	32.3771	0.111771
25	47	34.3305	-9.9464	32.1737	0.112663
25	48	34.1235	-9.94821	31.9679	0.113335
25	49	33.9167	-9.95439	31.7618	0.113878
25	50	33.7092	-9.96515	31.5544	0.114286
25	51	33.5009	-9.97783	31.3459	0.114642
25	52	33.292	-9.99674	31.1363	0.114807
25	53	33.0826	-10.0195	30.9256	0.114852
25	54	32.8732	-10.0532	30.7137	0.114543
25	55	32.6683	-10.0974	30.5051	0.113871
25	56	32.4692	-10.1603	30.3003	0.112554
25	57	32.2738	-10.2345	30.0978	0.110833
25	58	32.0861	-10.3306	29.9007	0.108336
25	59	31.9176	-10.4331	29.7222	0.105518
25	60	31.7736	-10.5493	29.5669	0.102124
25	61	31.6436	-10.6733	29.4252	0.0983828
25	62	31.5235	-10.8047	29.293	0.0943222
25	63	31.4108	-10.9422	29.1682	0.0899905
25	64	31.297	-11.0827	29.0424	0.0855242
25	65	31.1899	-11.2328	28.9233	0.0806708
25	66	31.0831	-11.3864	28.8048	0.0756535
25	67	30.9845	-11.547	28.6948	0.0703328
25	68	30.8908	-11.7092	28.5903	0.0649051
25	69	30.7994	-11.8761	28.4887	0.0592653
25	70	30.7097	-12.0458	28.3896	0.0534848
25	71	30.622	-12.2171	28.2934	0.047608
25	72	30.5376	-12.3888	28.2014	0.041667
25	73	30.4527	-12.5648	28.1097	0.0355368
25	74	30.3692	-12.744	28.0205	0.0292524
25	75	30.2896	-12.9245	27.9362	0.0228778
25	76	30.2109	-13.1081	27.8539	0.016353
25	77	30.1352	-13.2934	27.7758	0.00972562
25	78	30.0626	-13.4791	27.702	0.00304939
25	79	29.9919	-13.6677	27.6314	-0.00376796
25	80	29.9226	-13.8587	27.5635	-0.0107073
25	81	29.8598	-14.0531	27.5035	-0.0178016
25	82	29.8018	-14.2494	27.4497	-0.0249887
25	83	29.7579	-14.4476	27.4115	-0.0322555
25	84	29.7263	-14.6442	27.3869	-0.0394677
25	85	29.7139	-14.8413	27.3831	-0.0466808
25	86	29.7122	-15.0393	27.3913	-0.0539043
25	87	29.7285	-15.2408	27.4192	-0.0612095
25	88	29.7613	-15.4493	27.4654	-0.0687132
25	89	29.8121	-15.6502	27.5306	-0.075868
25	90	29.8799	-15.8459	27.6137	-0.0827465
25	91	29.9691	-16.0374	27.719	-0.0893668
25	92	30.0741	-16.2268	27.841	-0.0958051
25	93	30.1902	-16.4142	27.9751	-0.102076
25	94	30.3097	-16.5985	28.1133	-0.108165
25	95	30.4313	-16.7795	28.2542	-0.114068
25	96	30.5533	-16.9576	28.3961	-0.119814
25	97	30.675	-17.1341	28.5385	-0.125441
25	98	30.7966	-17.3098	28.6816	-0.130991
25	99	30.9189	-17.4852	28.8262	-0.136469
25	100	31.0424	-17.6596	28.9727	-0.141853
25	101	31.1657	-17.8329	29.1197	-0.147145
25	102	31.2891	-18.0035	29.2672	-0.152294
25	103	31.413	-18.171	29.4154	-0.157284
25	104	31.5366	-18.3367	29.5638	-0.162162
25	105	31.6588	-18.5024	29.7115	-0.167004
25	106	31.7844	-18.6658	29.8628	-0.171699
25	107	31.9071	-18.8315	30.0124	-0.176439
25	108	32.0314	-18.9952	30.1638	-0.181059
25	109	32.1552	-19.157	30.315	-0.185574
25	110	32.2798	-19.3147	30.4668	-0.189908
25	111	32.4052	-19.4686	30.6193	-0.194071
25	112	32.5272	-19.6196	30.7684	-0.198122
25	113	32.6495	-19.7662	30.9174	-0.20199
25	114	32.7703	-19.9109	31.0649	-0.205775
25	115	32.8945	-20.0483	31.2148	-0.209269
25	116	33.0236	-20.1729	31.3671	-0.212302
25	117	33.173	-20.2519	31.5298	-0.213752
25	118	33.3578	-20.291	31.7188	-0.213719
25	119	33.5495	-20.3407	31.9167	-0.213968
25	120	33.7605	-20.3736	32.1298	-0.213576
25	121	33.9974	-20.3925	32.3653	-0.212593
25	122	34.2695	-20.3984	32.6326	-0.211012
25	123	34.5652	-20.3915	32.9204	-0.208925
25	124	34.8631	-20.3714	33.2077	-0.206473
25	125	35.1622	-20.3349	33.4932	-0.203575
25	126	35.4591	-20.2803	33.773	-0.200213
25	127	35.7502	-20.2097	34.0445	-0.19648
25	128	36.0358	-20.1265	34.3087	-0.192477
25	129	36.3178	-20.0316	34.5676	-0.188223
25	130	36.5969	-19.9232	34.8219	-0.183664
25	131	36.8709	-19.7992	35.069	-0.178762
25	132	37.1366	-19.6609	35.3064	-0.17357
25	133	37.3936	-19.5115	35.5342	-0.168179
25	134	37.6436	-19.3527	35.7546	-0.162628
25	135	37.8881	-19.183	35.9691	-0.156872
25	136	38.1261	-18.9996	36.1761	-0.150837
25	137	38.3535	-18.8016	36.372	-0.144517
25	138	38.5678	-18.5921	36.5546	-0.138
25	139	38.77	-18.3741	36.7257	-0.131364
25	140	38.9624	-18.1481	36.8877	-0.124606
25	141	39.1451	-17.9123	37.0406	-0.117676
25	142	39.3156	-17.6657	37.1819	-0.110553
25	143	39.4717	-17.411	37.3099	-0.103305
25	144	39.6139	-17.1518	37.4256	-0.0960248
25	145	39.722	-16.9221	37.512	-0.0896526
26	0	-26.3804	-8.74206	29.1427	2.97538
26	1	-26.4516	-8.52374	29.2498	2.96843
26	2	-26.5305	-8.30805	29.3653	2.96165
26	3	-26.6157	-8.09638	29.4877	2.95511
26	4	-26.7055	-7.88822	29.6151	2.94876
26	5	-26.7967	-7.68312	29.7445	2.94258
26	6	-26.8902	-7.47903	29.877	2.93651
26	7	-26.986	-7.2771	30.0125	2.93057
26	8	-27.0857	-7.07817	30.1521	2.92481
26	9	-27.1896	-6.88362	30.2959	2.91928
26	10	-27.2978	-6.6944	30.4435	2.914
26	11	-27.4096	-6.50996	30.5945	2.90895
26	12	-27.5235	-6.33044	30.7471	2.90412
26	13	-27.6411	-6.15467	30.9031	2.89949
26	14	-27.7651	-5.9827	31.065	2.89507
26	15	-27.8935	-5.8163	31.2303	2.89091
26	16	-28.0286	-5.65744	31.4009	2.88707
26	17	-28.1747	-5.50999	31.5796	2.88372
26	18	-28.3362	-5.37503	31.7703	2.88091
26	19	-28.5122	-5.25155	31.9723	2.8786
26	20	-28.7085	-5.13745	32.1915	2.87676
26	21	-28.9101	-5.04062	32.4115	2.8755
26	22	-29.1201	-4.96136	32.6349	2.87485
26	23	-29.3407	-4.89952	32.8641	2.87481
26	24	-29.568	-4.85232	33.0958	2.87524
26	25	-29.7992	-4.8187	33.3276	2.87609
26	26	-30.0307	-4.7975	33.5566	2.8773
26	27	-30.2601	-4.78647	33.781	2.87875
26	28	-30.4869	-4.78313	34.0009	2.88039
26	29	-30.7122	-4.78596	34.2178	2.88217
26	30	-30.9372	-4.79648	34.4328	2.88414
26	31	-31.1625	-4.81907	34.6449	2.88643
26	32	-31.3856	-4.86146	34.8503	2.88922
26	33	-31.604	-4.93069	35.0447	2.89269
26	34	-31.8171	-5.02878	35.2274	2.89688
26	35	-32.026	-5.15427	35.4	2.90175
26	36	-32.2108	-5.29197	35.5473	2.90675
26	37	-32.3713	-5.44141	35.669	2.91187
26	38	-32.5138	-5.60202	35.7717	2.91715
26	39	-32.6479	-5.76972	35.8656	2.92254
26	40	-32.7791	-5.94389	35.9564	2.92806
26	41	-32.9083	-6.12554	36.0448	2.93374
26	42	-33.0358	-6.31509	36.1311	2.93961
26	43	-33.1582	-6.50848	36.2128	2.94552
26	44	-33.278	-6.70461	36.2927	2.95146
26	45	-33.3982	-6.90351	36.3738	2.95745
26	46	-33.5194	-7.10409	36.4569	2.96347
26	47	-33.6416	-7.30845	36.5416	2.96957
26	48	-33.7612	-7.51459	36.6249	2.97567
26	49	-33.8791	-7.72157	36.7076	2.98176
26	50	-33.9958	-7.92518	36.7911	2.98773
26	51	-34.1101	-8.12713	36.8738	2.99362
26	52	-34.2224	-8.32899	36.9557	2.99947
26	53	-34.3337	-8.53188	37.0377	3.00532
26	54	-34.4462	-8.73497	37.1222	3.01115
26	55	-34.5563	-8.93902	37.2055	3.01697
26	56	-34.6628	-9.14322	37.2865	3.02276
26	57	-34.7675	-9.34685	37.3669	3.02851
26	58	-34.8734	-9.5499	37.4498	3.03421
26	59	-34.9765	-9.75637	37.5308	3.03998
26	60	-35.0845	-9.96352	37.6179	3.04575
26	61	-35.1893	-10.1745	37.7026	3.05158
26	62	-35.2934	-10.3859	37.7879	3.0574
26	63	-35.3964	-10.5965	37.8735	3.06317
26	64	-35.4988	-10.8066	37.9598	3.0689
26	65	-35.6006	-11.0174	38.0466	3.07462
26	66	-35.7013	-11.2316	38.1334	3.0804
26	67	-35.7865	-11.4508	38.2056	3.08627
26	68	-35.8171	-11.6609	38.2252	3.0918
26	69	-35.7964	-11.8709	38.1946	3.09726
26	70	-35.7497	-12.08	38.1393	3.10268
26	71	-35.6823	-12.2916	38.0643	3.10817
26	72	-35.5919	-12.5117	37.9672	3.11389
26	73	-35.4722	-12.7465	37.8417	3.12
26	74	-35.3155	-13.005	37.6803	3.12677
26	75	-35.1423	-13.2576	37.5043	3.13343
26	76	-34.9508	-13.5007	37.3115	3.13991
26	77	-34.7429	-13.7291	37.1039	-3.13713
26	78	-34.5239	-13.9419	36.8865	-3.13133
26	79	-34.2966	-14.1425	36.6618	-3.1258
26	80	-34.0596	-14.3331	36.4284	-3.12046
26	81	-33.8104	-14.5123	36.1835	-3.11537
26	82	-33.5492	-14.6758	35.9271	-3.11063
26	83	-33.28	-14.8221	35.6629	-3.1063
26	84	-33.0056	-14.9533	35.3936	-3.10232
26	85	-32.7251	-15.0717	35.1182	-3.09863
26	86	-32.4358	-15.1759	34.8339	-3.09529
26	87	-32.138	-15.2616	34.5405	-3.09241
26	88	-31.8363	-15.3265	34.2424	-3.09008
26	89	-31.5348	-15.3741	33.9438	-3.08823
26	90	-31.2338	-15.4084	33.6451	-3.08673
26	91	-30.9705	-15.4267	33.3832	-3.08575
26	92	-30.7335	-15.4295	33.1467	-3.08527
26	93	-30.5145	-15.4156	32.9273	-3.08532
26	94	-30.3096	-15.3752	32.7205	-3.0862
26	95	-30.1343	-15.2882	32.5407	-3.08857
26	96	-29.9728	-15.1611	32.373	-3.09222
26	97	-29.8157	-15.0242	32.2095	-3.09623
26	98	-29.6582	-14.8824	32.0461	-3.10043
26	99	-29.5003	-14.738	31.8826	-3.10475
26	100	-29.3412	-14.589	31.7184	-3.10926
26	101	-29.179	-14.4343	31.5517	-3.11399
26	102	-29.018	-14.2733	31.3867	-3.11898
26	103	-28.8588	-14.1071	31.2242	-3.12418
26	104	-28.7016	-13.9378	31.0645	-3.12954
26	105	-28.5455	-13.767	30.9069	-3.13501
26	106	-28.3885	-13.5949	30.7492	-3.14057
26	107	-28.2298	-13.4193	30.5908	3.13688
26	108	-28.0702	-13.2415	30.4326	3.13101
26	109	-27.9106	-13.0602	30.2755	3.12497
26	110	-27.7535	-12.8783	30.122	3.11884
26	111	-27.5996	-12.6966	29.9728	3.11267
26	112	-27.4469	-12.5162	29.826	3.10647
26	113	-27.2947	-12.3356	29.6808	3.10021
26	114	-27.1433	-12.1525	29.5377	3.0938
26	115	-26.9942	-11.9659	29.3983	3.08722
26	116	-26.8465	-11.776	29.2619	3.08047
26	117	-26.7021	-11.5844	29.1301	3.0736
26	118	-26.5625	-11.3912	29.0046	3.06663
26	119	-26.4306	-11.1942	28.8887	3.05949
26	120	-26.3161	-10.9908	28.7919	3.05212
26	121	-26.2256	-10.7777	28.7217	3.04444
26	122	-26.1591	-10.5517	28.6784	3.03638
26	123	-26.1154	-10.3127	28.661	3.02792
26	124	-26.099	-10.0784	28.6723	3.01974
26	125	-26.1096	-9.84956	28.7116	3.01187
26	126	-26.1445	-9.62447	28.7761	3.00427
26	127	-26.1949	-9.4019	28.8572	2.99687
26	128	-26.2524	-9.18145	28.9467	2.98962
26	129	-26.3143	-8.96167	29.0419	2.98247
32	0	32.3404	-21.0828	30.9083	-0.245743
32	1	32.3522	-20.8973	30.8751	-0.239823
32	2	32.3555	-20.7164	30.8359	-0.234098
32	3	32.3337	-20.5389	30.774	-0.228651
32	4	32.2685	-20.3634	30.6711	-0.223559
32	5	32.1543	-20.1881	30.5212	-0.218789
32	6	32.0475	-20.0077	30.3781	-0.213757
32	7	31.9332	-19.8311	30.2294	-0.208849
32	8	31.817	-19.6568	30.0799	-0.20398
32	9	31.7001	-19.4843	29.9309	-0.199128
32	10	31.584	-19.3147	29.7838	-0.194318
32	11	31.467	-19.1467	29.637	-0.189518
32	12	31.3495	-18.9797	29.4904	-0.184705
32	13	31.2329	-18.8117	29.3453	-0.17981
32	14	31.1155	-18.6437	29.2001	-0.174866
32	15	30.9954	-18.4773	29.0532	-0.169946
32	16	30.874	-18.3124	28.906	-0.165036
32	17	30.7549	-18.1476	28.7619	-0.160062
32	18	30.6352	-17.9853	28.6181	-0.155129
32	19	30.5148	-17.8251	28.4748	-0.150224
32	20	30.3934	-17.6665	28.3314	-0.14533
32	21	30.2724	-17.508	28.1891	-0.140391
32	22	30.1498	-17.3517	28.0461	-0.135483
32	23	30.0263	-17.1982	27.9033	-0.130632
32	24	29.9011	-17.0501	27.7602	-0.12593
32	25	29.7746	-16.9086	27.6172	-0.12142
32	26	29.6472	-16.7738	27.4747	-0.117111
32	27	29.5179	-16.646	27.3316	-0.113022
32	28	29.3891	-16.5245	27.1901	-0.109116
32	29	29.2583	-16.4095	27.0477	-0.105414
32	30	29.1272	-16.2958	26.9056	-0.101725
32	31	28.9819	-16.1982	26.7513	-0.098649
32	32	28.8274	-16.0984	26.5878	-0.0954861
32	33	28.6464	-16.0259	26.4008	-0.093405
32	34	28.453	-15.9523	26.2014	-0.0912946
32	35	28.2559	-15.9102	26.0013	-0.0903736
32	36	28.0604	-15.8746	25.8034	-0.089685
32	37	27.8623	-15.864	25.6051	-0.0899652
32	38	27.6639	-15.8553	25.4068	-0.0903274
32	39	27.4653	-15.8599	25.2094	-0.0912165
32	40	27.2663	-15.865	25.0117	-0.092147
32	41	27.0666	-15.8782	24.814	-0.0934156
32	42	26.867	-15.895	24.6169	-0.0948501
32	43	26.6688	-15.9195	24.422	-0.0966177
32	44	26.4727	-15.9484	24.2296	-0.0985887
32	45	26.2794	-15.9822	24.0407	-0.100779
32	46	26.09	-16.0213	23.8563	-0.103209
32	47	25.9043	-16.0657	23.6762	-0.105881
32	48	25.7215	-16.1156	23.4998	-0.108812
32	49	25.5398	-16.1698	23.3251	-0.111968
32	50	25.3647	-16.2437	23.1596	-0.115986
32	51	25.194	-16.3397	23.0014	-0.120992
32	52	25.0212	-16.4458	22.8431	-0.126512
32	53	24.8754	-16.5708	22.7146	-0.132784
32	54	24.7411	-16.6973	22.5987	-0.139117
32	55	24.6332	-16.8411	22.5124	-0.146109
32	56	24.5305	-16.9853	22.4323	-0.153134
32	57	24.4421	-17.138	22.3689	-0.160484
32	58	24.3572	-17.2926	22.3103	-0.167936
32	59	24.2775	-17.4511	22.2589	-0.175552
32	60	24.2014	-17.6128	22.2129	-0.18332
32	61	24.1284	-17.7777	22.1719	-0.191233
32	62	24.0577	-17.9479	22.1356	-0.199386
32	63	23.9918	-18.1237	22.1066	-0.207775
32	64	23.9294	-18.3036	22.0834	-0.216326
32	65	23.8763	-18.4872	22.0717	-0.224966
32	66	23.8272	-18.6705	22.0656	-0.233562
32	67	23.7852	-18.858	22.069	-0.242266
32	68	23.7431	-19.0467	22.0743	-0.251023
32	69	23.7085	-19.2372	22.0889	-0.25977
32	70	23.6749	-19.4276	22.1062	-0.268484
32	71	23.6464	-19.6228	22.1313	-0.277327
32	72	23.6198	-19.8212	22.161	-0.286269
32	73	23.6006	-20.022	22.2001	-0.295191
32	74	23.5889	-20.2228	22.2481	-0.303975
32	75	23.5813	-20.4246	22.3022	-0.312715
32	76	23.5798	-20.6264	22.3637	-0.321317
32	77	23.5848	-20.827	22.4325	-0.329734
32	78	23.5943	-21.0278	22.5073	-0.338037
32	79	23.6081	-21.229	22.5878	-0.346239
32	80	23.635	-21.429	22.6817	-0.35413
32	81	23.6673	-21.628	22.7817	-0.361833
32	82	23.7243	-21.8212	22.9039	-0.368841
32	83	23.7951	-22.0119	23.0393	-0.375454
32	84	23.8904	-22.1973	23.1963	-0.381383
32	85	23.9909	-22.3644	23.3521	-0.386423
32	86	24.1027	-22.5122	23.5115	-0.390452
32	87	24.2203	-22.6471	23.6718	-0.393831
32	88	24.3488	-22.7693	23.8374	-0.396496
32	89	24.4816	-22.8882	24.006	-0.39893
32	90	24.622	-23.003	24.1799	-0.401049
32	91	24.7671	-23.1194	24.3591	-0.403122
32	92	24.9214	-23.2296	24.5442	-0.404786
32	93	25.0798	-23.3398	24.7332	-0.40636
32	94	25.2458	-23.4431	24.9266	-0.407532
32	95	25.4134	-23.5469	25.1216	-0.408684
32	96	25.5838	-23.6481	25.3182	-0.409676
32	97	25.7553	-23.7491	25.5158	-0.410632
32	98	25.9296	-23.8479	25.715	-0.411446
32	99	26.1066	-23.9455	25.9163	-0.412167
32	100	26.2854	-24.0437	26.1195	-0.412872
32	101	26.4661	-24.1411	26.3241	-0.413503
32	102	26.6478	-24.2366	26.5288	-0.414049
32	103	26.8291	-24.3293	26.7321	-0.414496
32	104	27.0094	-24.4184	26.933	-0.414827
32	105	27.1917	-24.5077	27.1358	-0.415133
32	106	27.376	-24.5978	27.3408	-0.415427
32	107	27.5632	-24.6872	27.5481	-0.415655
32	108	27.7534	-24.7748	27.7576	-0.415774
32	109	27.9473	-24.8598	27.9692	-0.415754
32	110	28.145	-24.9354	28.1807	-0.415378
32	111	28.3377	-25.0176	28.3902	-0.415285
32	112	28.5185	-25.04	28.5647	-0.413452
32	113	28.6981	-25.0084	28.7166	-0.40993
32	114	28.8814	-24.9872	28.8765	-0.406728
32	115	29.0674	-24.9451	29.0308	-0.40286
32	116	29.2612	-24.8819	29.1846	-0.398265
32	117	29.4694	-24.7939	29.3428	-0.392749
32	118	29.6995	-24.6751	29.5106	-0.386044
32	119	29.9414	-24.5289	29.6805	-0.378414
32	120	30.1756	-24.3675	29.8395	-0.370485
32	121	30.3993	-24.1928	29.9857	-0.362357
32	122	30.6117	-24.0084	30.12	-0.35413
32	123	30.8146	-23.8159	30.2446	-0.345836
32	124	31.0094	-23.6152	30.3609	-0.337442
32	125	31.1957	-23.405	30.4682	-0.328906
32	126	31.3716	-23.185	30.5647	-0.320236
32	127	31.5356	-22.957	30.6498	-0.311489
32	128	31.6883	-22.7228	30.7246	-0.30271
32	129	31.831	-22.4827	30.7904	-0.293887
32	130	31.9637	-22.2358	30.8471	-0.284978
32	131	32.0846	-21.9812	30.8929	-0.275969
32	132	32.1904	-21.72	30.9248	-0.26691
32	133	32.2641	-21.4878	30.9356	-0.259041
32	134	32.3107	-21.2774	30.9274	-0.252079
33	0	-19.2057	-15.1221	21.6227	-3.06945
33	1	-19.2581	-14.9091	21.6607	-3.07943
33	2	-19.328	-14.6977	21.7183	-3.08935
33	3	-19.4299	-14.4889	21.8102	-3.09915
33	4	-19.5864	-14.277	21.9587	-3.1091
33	5	-19.7236	-14.0401	22.0894	-3.12001
33	6	-19.8062	-13.829	22.1685	-3.12962
33	7	-19.8651	-13.6342	22.2259	-3.13841
33	8	-19.9285	-13.453	22.2894	3.13663
33	9	-19.9931	-13.2771	22.3556	3.12878
33	10	-20.0583	-13.1044	22.4237	3.12111
33	11	-20.1351	-12.931	22.5047	3.11348
33	12	-20.2152	-12.7577	22.5902	3.10592
33	13	-20.3173	-12.5927	22.6988	3.09881
33	14	-20.434	-12.4285	22.823	3.09184
33	15	-20.574	-12.2732	22.971	3.08539
33	16	-20.7344	-12.1182	23.1403	3.07909
33	17	-20.9032	-11.9848	23.3174	3.07383
33	18	-21.0785	-11.8713	23.5002	3.06952
33	19	-21.2634	-11.7766	23.6916	3.0661
33	20	-21.4525	-11.6912	23.8867	3.06313
33	21	-21.6455	-11.6127	24.0853	3.06051
33	22	-21.8421	-11.5377	24.2875	3.05809
33	23	-22.0433	-11.4675	24.4938	3.05591
33	24	-22.2483	-11.402	24.7037	3.05398
33	25	-22.4565	-11.3437	24.9163	3.05238
33	26	-22.6664	-11.292	25.13	3.05108
33	27	-22.8772	-11.2458	25.3441	3.05001
33	28	-23.0886	-11.2035	25.5585	3.04912
33	29	-23.3013	-11.1647	25.7738	3.04839
33	30	-23.5161	-11.1299	25.991	3.04782
33	31	-23.7338	-11.1009	26.2104	3.0475
33	32	-23.954	-11.0804	26.4316	3.04751
33	33	-24.1749	-11.0733	26.6522	3.04802
33	34	-24.3945	-11.0829	26.8699	3.04914
33	35	-24.6109	-11.1135	27.0827	3.051
33	36	-24.8255	-11.1637	27.2919	3.05355
33	37	-25.0397	-11.2343	27.4992	3.05679
33	38	-25.2352	-11.3141	27.6874	3.06026
33	39	-25.4136	-11.4069	27.8579	3.0641
33	40	-25.5812	-11.5078	28.0174	3.06815
33	41	-25.7369	-11.6252	28.1643	3.07272
33	42	-25.8922	-11.7462	28.3113	3.07736
33	43	-26.0419	-11.8787	28.4525	3.08234
33	44	-26.1933	-12.0144	28.596	3.08739
33	45	-26.3414	-12.1584	28.7365	3.09267
33	46	-26.491	-12.3047	28.8791	3.09799
33	47	-26.6367	-12.4549	29.0186	3.10338
33	48	-26.7819	-12.606	29.1584	3.10875
33	49	-26.9263	-12.7586	29.2981	3.11412
33	50	-27.0712	-12.912	29.4391	3.11946
33	51	-27.2165	-13.0658	29.5814	3.12477
33	52	-27.3597	-13.2208	29.7224	3.13006
33	53	-27.5037	-13.3805	29.865	3.13547
33	54	-27.6486	-13.5427	30.0093	3.1409
33	55	-27.7953	-13.7051	30.1563	-3.1369
33	56	-27.9407	-13.8705	30.303	-3.13146
33	57	-28.0881	-14.0366	30.4525	-3.12606
33	58	-28.2375	-14.2035	30.6049	-3.12068
33	59	-28.3857	-14.3734	30.757	-3.11526
33	60	-28.5332	-14.5433	30.9095	-3.10989
33	61	-28.6764	-14.7145	31.0584	-3.10452
33	62	-28.8208	-14.8842	31.2094	-3.09926
33	63	-28.9675	-15.0536	31.3636	-3.09407
33	64	-29.1135	-15.226	31.5181	-3.08882
33	65	-29.2605	-15.4002	31.6745	-3.08357
33	66	-29.4024	-15.5811	31.8271	-3.07816
33	67	-29.499	-15.7637	31.9356	-3.07264
33	68	-29.5548	-15.9556	32.005	-3.06678
33	69	-29.5911	-16.1544	32.0566	-3.06068
33	70	-29.6111	-16.3606	32.0939	-3.05433
33	71	-29.6146	-16.5782	32.1171	-3.04759
33	72	-29.5996	-16.814	32.1252	-3.04024
33	73	-29.5645	-17.0768	32.1179	-3.03199
33	74	-29.5124	-17.3575	32.0981	-3.02312
33	75	-29.4498	-17.638	32.0704	-3.0142
33	76	-29.3749	-17.918	32.0329	-3.00523
33	77	-29.2857	-18.195	31.9835	-2.99628
33	78	-29.1832	-18.4661	31.9226	-2.98741
33	79	-29.0702	-18.7305	31.8528	-2.97866
33	80	-28.9488	-18.9896	31.7762	-2.96999
33	81	-28.8188	-19.2454	31.6929	-2.96134
33	82	-28.6776	-19.498	31.6005	-2.95268
33	83	-28.5226	-19.7451	31.4959	-2.94404
33	84	-28.354	-19.9834	31.3784	-2.93554
33	85	-28.1747	-20.211	31.2506	-2.92724
33	86	-27.9877	-20.4293	31.1153	-2.91911
33	87	-27.7933	-20.6405	30.9734	-2.91107
33	88	-27.59	-20.8453	30.8232	-2.9031
33	89	-27.3759	-21.0419	30.6626	-2.89521
33	90	-27.1514	-21.2276	30.491	-2.88751
33	91	-26.9196	-21.401	30.3111	-2.88005
33	92	-26.6832	-21.5636	30.1256	-2.87281
33	93	-26.4427	-21.7168	29.9351	-2.86574
33	94	-26.2252	-21.8368	29.759	-2.85987
33	95	-26.0227	-21.9306	29.5909	-2.85492
33	96	-25.8294	-22.0035	29.4264	-2.85069
33	97	-25.6401	-22.0601	29.2615	-2.84698
33	98	-25.4493	-22.0951	29.0893	-2.84393
33	99	-25.2575	-22.0926	28.9051	-2.84206
33	100	-25.0561	-22.0427	28.698	-2.84165
33	101	-24.8505	-21.9681	28.4795	-2.84202
33	102	-24.6482	-21.8902	28.2633	-2.84255
33	103	-24.4489	-21.8128	28.05	-2.84309
33	104	-24.2526	-21.7354	27.8396	-2.84367
33	105	-24.0569	-21.6555	27.6292	-2.84436
33	106	-23.8605	-21.5763	27.4181	-2.84502
33	107	-23.6645	-21.4953	27.207	-2.84576
33	108	-23.4702	-21.4122	26.9969	-2.84661
33	109	-23.2789	-21.3278	26.7894	-2.84755
33	110	-23.0904	-21.2465	26.5855	-2.84842
33	111	-22.9064	-21.1665	26.3862	-2.84931
33	112	-22.7232	-21.0826	26.1866	-2.85036
33	113	-22.5393	-20.9978	25.9862	-2.85145
33	114	-22.3545	-20.9131	25.7848	-2.85255
33	115	-22.1696	-20.8271	25.5831	-2.85371
33	116	-21.9858	-20.7397	25.382	-2.85496
33	117	-21.8048	-20.6505	25.1832	-2.85632
33	118	-21.6275	-20.5606	24.9878	-2.85778
33	119	-21.4553	-20.4692	24.797	-2.85937
33	120	-21.2871	-20.3785	24.6102	-2.86101
33	121	-21.1237	-20.2858	24.4276	-2.8628
33	122	-20.9641	-20.1917	24.2482	-2.86472
33	123	-20.8085	-20.0939	24.0719	-2.86686
33	124	-20.655	-19.9953	23.8975	-2.86909
33	125	-20.5099	-19.8852	23.7282	-2.87192
33	126	-20.3665	-19.7672	23.5586	-2.87512
33	127	-20.2397	-19.6217	23.3983	-2.87969
33	128	-20.117	-19.46	23.2383	-2.88505
33	129	-20.0048	-19.2736	23.0829	-2.89163
33	130	-19.896	-19.0822	22.9307	-2.89854
33	131	-19.7932	-18.8792	22.7827	-2.9061
33	132	-19.656	-18.6632	22.5996	-2.91398
33	133	-19.4744	-18.446	22.3743	-2.9216
33	134	-19.3521	-18.2389	22.2105	-2.9295
33	135	-19.2686	-18.0408	22.0878	-2.93748
33	136	-19.2087	-17.8453	21.9902	-2.94563
33	137	-19.1659	-17.6492	21.9109	-2.95403
33	138	-19.135	-17.4527	21.8447	-2.9626
33	139	-19.1113	-17.2522	21.7865	-2.97146
33	140	-19.0931	-17.0486	21.735	-2.98056
33	141	-19.0799	-16.8422	21.6899	-2.98985
33	142	-19.0724	-16.6334	21.6518	-2.99933
33	143	-19.07	-16.4199	21.6202	-3.00909
33	144	-19.0745	-16.2035	21.5971	-3.01905
33	145	-19.0868	-15.9864	21.5839	-3.0291
33	146	-19.1058	-15.7684	21.5795	-3.03924
33	147	-19.1318	-15.5515	21.5842	-3.04936
33	148	-19.165	-15.3365	21.5986	-3.05941
38	0	28.7674	-28.0413	30.1151	-0.501507
38	1	28.7587	-27.745	29.9661	-0.492976
38	2	28.7354	-27.4475	29.8059	-0.484553
38	3	28.6962	-27.1518	29.6344	-0.47634
38	4	28.6421	-26.861	29.4539	-0.468407
38	5	28.5813	-26.6158	29.2896	-0.461874
38	6	28.5135	-26.405	29.1354	-0.456437
38	7	28.4365	-26.2195	28.9848	-0.451862
38	8	28.346	-26.053	28.8309	-0.448037
38	9	28.269	-25.8852	28.6891	-0.443929
38	10	28.1521	-25.7595	28.5296	-0.441708
38	11	27.9938	-25.6606	28.3442	-0.44094
38	12	27.8373	-25.5484	28.1549	-0.439708
38	13	27.6698	-25.4422	27.958	-0.438823
38	14	27.4963	-25.3355	27.7556	-0.437999
38	15	27.3192	-25.2295	27.5503	-0.437242
38	16	27.1406	-25.1246	27.3441	-0.436532
38	17	26.9594	-25.0202	27.1358	-0.435869
38	18	26.7766	-24.9169	26.9265	-0.435257
38	19	26.5913	-24.8136	26.7149	-0.434674
38	20	26.4034	-24.7095	26.5006	-0.434096
38	21	26.2131	-24.6054	26.2842	-0.433551
38	22	26.0222	-24.5011	26.0672	-0.432997
38	23	25.8313	-24.3982	25.8507	-0.432481
38	24	25.6396	-24.2983	25.6348	-0.432077
38	25	25.4474	-24.1997	25.4189	-0.431722
38	26	25.255	-24.0987	25.2019	-0.431274
38	27	25.06	-23.9977	24.9826	-0.430864
38	28	24.8615	-23.8981	24.7606	-0.430558
38	29	24.6604	-23.8006	24.5372	-0.430369
38	30	24.4584	-23.7061	24.3142	-0.430303
38	31	24.2561	-23.6159	24.0927	-0.430402
38	32	24.0533	-23.5332	23.8738	-0.430798
38	33	23.8497	-23.4656	23.6607	-0.431795
38	34	23.6436	-23.418	23.4536	-0.433631
38	35	23.4314	-23.3895	23.2492	-0.43635
38	36	23.2113	-23.3777	23.0449	-0.439927
38	37	22.9998	-23.385	22.8568	-0.444155
38	38	22.793	-23.41	22.6811	-0.449068
38	39	22.5908	-23.4542	22.5185	-0.454735
38	40	22.3918	-23.515	22.3668	-0.461085
38	41	22.1965	-23.5867	22.2244	-0.467883
38	42	22.0045	-23.6635	22.0882	-0.474909
38	43	21.8157	-23.7436	21.9575	-0.482084
38	44	21.6289	-23.8248	21.8302	-0.489347
38	45	21.4432	-23.9074	21.7057	-0.496726
38	46	21.2587	-23.9928	21.5848	-0.50428
38	47	21.0766	-24.0826	21.4694	-0.512042
38	48	20.8978	-24.1757	21.3598	-0.519939
38	49	20.7243	-24.276	21.2598	-0.528091
38	50	20.5564	-24.3802	21.168	-0.536337
38	51	20.396	-24.4887	21.0862	-0.544646
38	52	20.2399	-24.5966	21.0094	-0.552889
38	53	20.0909	-24.7091	20.9424	-0.561197
38	54	19.9423	-24.8193	20.8759	-0.569455
38	55	19.8035	-24.9412	20.8255	-0.577981
38	56	19.6658	-25.0645	20.7783	-0.586572
38	57	19.5446	-25.2067	20.7569	-0.59551
38	58	19.4253	-25.3563	20.743	-0.604707
38	59	19.3228	-25.5265	20.7564	-0.614259
38	60	19.2356	-25.6965	20.7839	-0.62336
38	61	19.1679	-25.8681	20.8298	-0.631948
38	62	19.1123	-26.0419	20.8884	-0.640233
38	63	19.0635	-26.2171	20.9546	-0.648329
38	64	19.0229	-26.3942	21.0298	-0.65621
38	65	18.9824	-26.5745	21.1084	-0.664143
38	66	18.9503	-26.7598	21.198	-0.671965
38	67	18.9195	-26.9483	21.2919	-0.679792
38	68	18.9	-27.1391	21.3973	-0.687298
38	69	18.8812	-27.3345	21.5074	-0.694877
38	70	18.8711	-27.5325	21.627	-0.702211
38	71	18.8631	-27.7296	21.7487	-0.709365
38	72	18.8587	-27.9295	21.8761	-0.716429
38	73	18.8545	-28.1307	22.0057	-0.723451
38	74	18.8532	-28.332	22.1384	-0.730306
38	75	18.8526	-28.5378	22.2758	-0.737204
38	76	18.8556	-28.7464	22.4188	-0.744004
38	77	18.8646	-28.9551	22.5672	-0.750537
38	78	18.8778	-29.1653	22.7207	-0.756906
38	79	18.896	-29.3746	22.878	-0.763011
38	80	18.9156	-29.5834	23.0369	-0.768975
38	81	18.9389	-29.7915	23.1988	-0.774721
38	82	18.9663	-29.9988	23.3637	-0.780243
38	83	19.0027	-30.2041	23.5343	-0.785356
38	84	19.0488	-30.4057	23.7097	-0.789994
38	85	19.1118	-30.6035	23.8947	-0.793948
38	86	19.1877	-30.7998	24.0881	-0.797411
38	87	19.287	-30.9905	24.294	-0.799971
38	88	19.392	-31.1621	24.4903	-0.801779
38	89	19.5139	-31.3095	24.681	-0.802384
38	90	19.6426	-31.4415	24.8654	-0.802349
38	91	19.7796	-31.5614	25.0468	-0.801744
38	92	19.9214	-31.6746	25.2268	-0.800826
38	93	20.0654	-31.787	25.4077	-0.799835
38	94	20.216	-31.8951	25.5902	-0.798559
38	95	20.3721	-32.0022	25.7759	-0.797119
38	96	20.5332	-32.1101	25.9656	-0.795585
38	97	20.7011	-32.2151	26.1582	-0.793808
38	98	20.871	-32.3183	26.351	-0.791957
38	99	21.0435	-32.4164	26.542	-0.789929
38	100	21.2152	-32.5128	26.7314	-0.787905
38	101	21.3864	-32.6062	26.9184	-0.785843
38	102	21.5566	-32.6973	27.1033	-0.783777
38	103	21.7308	-32.7897	27.2919	-0.781669
38	104	21.9095	-32.883	27.4845	-0.779497
38	105	22.0923	-32.9768	27.6805	-0.777266
38	106	22.2787	-33.0701	27.8789	-0.774964
38	107	22.4669	-33.1624	28.078	-0.772621
38	108	22.6558	-33.2533	28.2768	-0.77026
38	109	22.8447	-33.3431	28.475	-0.767903
38	110	23.0339	-33.4321	28.673	-0.765553
38	111	23.2244	-33.5205	28.8717	-0.76319
38	112	23.4184	-33.6101	29.0739	-0.760802
38	113	23.6166	-33.6984	29.2784	-0.758321
38	114	23.8188	-33.7814	29.4824	-0.755646
38	115	24.0249	-33.8523	29.6812	-0.752625
38	116	24.2251	-33.9292	29.8799	-0.749924
38	117	24.4186	-33.9514	30.0369	-0.746073
38	118	24.6133	-33.9126	30.154	-0.740744
38	119	24.8135	-33.8838	30.2826	-0.735582
38	120	25.0179	-33.8315	30.3996	-0.729795
38	121	25.2328	-33.7541	30.5089	-0.723207
38	122	25.4661	-33.6468	30.6137	-0.715536
38	123	25.726	-33.5028	30.7166	-0.706446
38	124	25.9799	-33.343	30.8074	-0.697151
38	125	26.2246	-33.1695	30.8849	-0.687759
38	126	26.4587	-32.9856	30.9505	-0.678366
38	127	26.6838	-32.7933	31.0064	-0.66898
38	128	26.9016	-32.5916	31.0535	-0.659535
38	129	27.111	-32.3779	31.0895	-0.649977
38	130	27.3087	-32.1516	31.1114	-0.64034
38	131	27.4921	-31.9156	31.1189	-0.630737
38	132	27.6624	-31.6735	31.1151	-0.621226
38	133	27.8225	-31.4265	31.1029	-0.611771
38	134	27.9739	-31.173	31.0826	-0.602297
38	135	28.115	-30.9108	31.0517	-0.592764
38	136	28.2423	-30.6399	31.0074	-0.583224
38	137	28.3538	-30.3633	30.9495	-0.57378
38	138	28.4513	-30.084	30.8812	-0.564471
38	139	28.5374	-29.8022	30.8045	-0.555248
38	140	28.6126	-29.5161	30.7188	-0.546042
38	141	28.6745	-29.2243	30.6215	-0.536848
38	142	28.72	-28.9282	30.5105	-0.527746
38	143	28.7489	-28.6316	30.3873	-0.518833
38	144	28.764	-28.3363	30.255	-0.51011
39	0	-15.8698	-25.6348	21.8647	-2.55672
39	1	-15.8634	-25.4153	21.7389	-2.56498
39	2	-15.8621	-25.1971	21.6197	-2.57341
39	3	-15.8632	-24.9765	21.5027	-2.58209
39	4	-15.8676	-24.7533	21.3888	-2.59104
39	5	-15.8781	-24.5279	21.2807	-2.60032
39	6	-15.8966	-24.302	21.1812	-2.60991
39	7	-15.9221	-24.0759	21.0895	-2.61977
39	8	-15.9548	-23.8515	21.0071	-2.62981
39	9	-15.9953	-23.6298	20.935	-2.63999
39	10	-16.0441	-23.4113	20.8738	-2.65029
39	11	-16.105	-23.1966	20.8273	-2.66076
39	12	-16.1837	-22.9868	20.8013	-2.67145
39	13	-16.2849	-22.7805	20.7993	-2.6825
39	14	-16.4106	-22.5765	20.823	-2.69395
39	15	-16.5523	-22.3924	20.8723	-2.70484
39	16	-16.7085	-22.2283	20.9455	-2.7151
39	17	-16.8773	-22.0797	21.0387	-2.72485
39	18	-17.0537	-21.9423	21.1452	-2.73417
39	19	-17.2345	-21.8119	21.2604	-2.74317
39	20	-17.4186	-21.686	21.3821	-2.75194
39	21	-17.6066	-21.5635	21.5103	-2.76053
39	22	-17.7994	-21.4446	21.6458	-2.76893
39	23	-17.9971	-21.3307	21.7892	-2.77711
39	24	-18.1976	-21.223	21.9388	-2.78495
39	25	-18.3996	-21.1214	22.0933	-2.79245
39	26	-18.6031	-21.0258	22.2523	-2.79962
39	27	-18.8088	-20.9363	22.4167	-2.80646
39	28	-19.0181	-20.8554	22.5881	-2.81289
39	29	-19.2328	-20.7874	22.7698	-2.81876
39	30	-19.4564	-20.7362	22.9659	-2.82396
39	31	-19.6889	-20.7052	23.1773	-2.82837
39	32	-19.916	-20.6981	23.3913	-2.83164
39	33	-20.1388	-20.7124	23.6079	-2.83395
39	34	-20.3577	-20.7513	23.8284	-2.83517
39	35	-20.5765	-20.8124	24.0554	-2.8355
39	36	-20.7936	-20.8838	24.2839	-2.83539
39	37	-21.0104	-20.962	24.5141	-2.83501
39	38	-21.2266	-21.0436	24.745	-2.8345
39	39	-21.4425	-21.1282	24.9763	-2.83389
39	40	-21.6569	-21.2153	25.207	-2.83317
39	41	-21.8687	-21.3042	25.4358	-2.83237
39	42	-22.0776	-21.3934	25.662	-2.83153
39	43	-22.2847	-21.4822	25.8863	-2.83071
39	44	-22.4911	-21.5708	26.1099	-2.8299
39	45	-22.6977	-21.6599	26.3339	-2.82908
39	46	-22.9042	-21.7504	26.5582	-2.82823
39	47	-23.1096	-21.8426	26.782	-2.82732
39	48	-23.3134	-21.9363	27.0049	-2.82635
39	49	-23.5145	-22.0291	27.2249	-2.8254
39	50	-23.7143	-22.1217	27.4435	-2.82446
39	51	-23.911	-22.2137	27.6592	-2.82352
39	52	-24.1047	-22.3067	27.8722	-2.82252
39	53	-24.2943	-22.4019	28.0821	-2.82142
39	54	-24.4792	-22.4993	28.2883	-2.82021
39	55	-24.6577	-22.5966	28.4885	-2.81894
39	56	-24.8284	-22.6979	28.6825	-2.81748
39	57	-24.996	-22.7945	28.8721	-2.81616
39	58	-25.1441	-22.906	29.0482	-2.81415
39	59	-25.2575	-23.0508	29.2023	-2.81071
39	60	-25.352	-23.2272	29.3493	-2.80607
39	61	-25.4313	-23.4268	29.4903	-2.80056
39	62	-25.5072	-23.6529	29.6381	-2.79423
39	63	-25.574	-23.9145	29.7908	-2.78674
39	64	-25.6313	-24.2209	29.9522	-2.77781
39	65	-25.6716	-24.5287	30.1006	-2.76873
39	66	-25.6981	-24.8359	30.2384	-2.75959
39	67	-25.7124	-25.1434	30.3676	-2.75037
39	68	-25.7139	-25.4528	30.4883	-2.741
39	69	-25.6999	-25.7635	30.598	-2.73147
39	70	-25.67	-26.0725	30.6951	-2.72185
39	71	-25.6263	-26.3778	30.7811	-2.71222
39	72	-25.5707	-26.6808	30.8581	-2.70254
39	73	-25.502	-26.983	30.9259	-2.69275
39	74	-25.4168	-27.2838	30.9812	-2.68281
39	75	-25.3136	-27.5793	31.0211	-2.6728
39	76	-25.1954	-27.8664	31.0469	-2.66283
39	77	-25.0659	-28.146	31.0623	-2.65292
39	78	-24.9257	-28.4205	31.0689	-2.643
39	79	-24.7729	-28.6904	31.0653	-2.63301
39	80	-24.606	-28.9532	31.0491	-2.623
39	81	-24.4266	-29.2063	31.0203	-2.61305
39	82	-24.2376	-29.45	30.9814	-2.60318
39	83	-24.0391	-29.686	30.9336	-2.59334
39	84	-23.8292	-29.9146	30.875	-2.58348
39	85	-23.606	-30.1329	30.8028	-2.57363
39	86	-23.3718	-30.3375	30.7168	-2.56391
39	87	-23.1303	-30.5283	30.6201	-2.55439
39	88	-22.9148	-30.6805	30.5261	-2.54632
39	89	-22.718	-30.8048	30.4336	-2.53932
39	90	-22.5313	-30.9058	30.3376	-2.53308
39	91	-22.3495	-30.9907	30.2374	-2.52734
39	92	-22.1651	-31.0479	30.12	-2.52226
39	93	-21.9808	-31.0612	29.978	-2.51833
39	94	-21.7817	-31.0262	29.796	-2.51539
39	95	-21.5798	-30.9807	29.6058	-2.51264
39	96	-21.3777	-30.9276	29.4112	-2.51005
39	97	-21.1731	-30.8733	29.2142	-2.50742
39	98	-20.9654	-30.8163	29.0132	-2.50476
39	99	-20.7557	-30.7571	28.8094	-2.50208
39	100	-20.5425	-30.6945	28.6011	-2.49939
39	101	-20.325	-30.6287	28.3877	-2.49666
39	102	-20.1063	-30.5596	28.1715	-2.49395
39	103	-19.8869	-30.4881	27.9534	-2.49126
39	104	-19.6697	-30.4147	27.7362	-2.48862
39	105	-19.4537	-30.3406	27.5198	-2.48599
39	106	-19.2374	-30.266	27.3029	-2.48333
39	107	-19.0195	-30.1903	27.0843	-2.48062
39	108	-18.7997	-30.1123	26.8631	-2.47788
39	109	-18.5787	-30.0317	26.6394	-2.47516
39	110	-18.3581	-29.9483	26.4146	-2.47248
39	111	-18.1408	-29.8625	26.191	-2.4699
39	112	-17.9263	-29.7739	25.968	-2.46743
39	113	-17.7149	-29.6806	25.7446	-2.46514
39	114	-17.5084	-29.5781	25.5195	-2.4632
39	115	-17.315	-29.4617	25.2959	-2.46199
39	116	-17.1341	-29.3275	25.0709	-2.46161
39	117	-16.9645	-29.1765	24.8441	-2.46205
39	118	-16.8072	-29.0069	24.6152	-2.46339
39	119	-16.6755	-28.835	24.4048	-2.46549
39	120	-16.5679	-28.6588	24.2107	-2.46839
39	121	-16.4778	-28.4804	24.0292	-2.47185
39	122	-16.4001	-28.2977	23.855	-2.47584
39	123	-16.3268	-28.1125	23.6832	-2.48007
39	124	-16.2604	-27.9228	23.5145	-2.48471
39	125	-16.1987	-27.7299	23.3481	-2.48964
39	126	-16.1444	-27.5325	23.1856	-2.49498
39	127	-16.0937	-27.3306	23.0239	-2.50065
39	128	-16.0494	-27.1251	22.8658	-2.5067
39	129	-16.0094	-26.9175	22.711	-2.51301
39	130	-15.9749	-26.7083	22.5606	-2.51961
39	131	-15.9452	-26.4983	22.4146	-2.52646
39	132	-15.921	-26.2879	22.2739	-2.53354
39	133	-15.8994	-26.0729	22.1341	-2.54096
39	134	-15.882	-25.8546	21.997	-2.5487
43	0	24.4959	-37.6945	32.7455	-0.828508
43	1	24.5232	-37.3963	32.545	-0.821696
43	2	24.5361	-37.0969	32.3352	-0.815099
43	3	24.5355	-36.7988	32.1186	-0.808746
43	4	24.5239	-36.5025	31.8967	-0.802596
43	5	24.5021	-36.2066	31.6694	-0.796599
43	6	24.4691	-35.9104	31.4351	-0.790763
43	7	24.4243	-35.6378	31.2102	-0.785638
43	8	24.3711	-35.402	31.0061	-0.781478
43	9	24.3085	-35.1949	30.8159	-0.778136
43	10	24.2387	-35.0077	30.6349	-0.775386
43	11	24.1497	-34.8397	30.4538	-0.773491
43	12	24.0362	-34.7079	30.2806	-0.772994
43	13	23.8868	-34.6023	30.0999	-0.773948
43	14	23.7294	-34.5063	29.9202	-0.775332
43	15	23.5697	-34.4085	29.7377	-0.776741
43	16	23.4046	-34.3118	29.5522	-0.778324
43	17	23.2349	-34.2124	29.3617	-0.779973
43	18	23.0599	-34.1102	29.1655	-0.781699
43	19	22.8809	-34.0084	28.9667	-0.783559
43	20	22.6985	-33.907	28.766	-0.785539
43	21	22.5135	-33.8066	28.5642	-0.787633
43	22	22.3271	-33.7045	28.3605	-0.789751
43	23	22.1381	-33.602	28.1547	-0.791954
43	24	21.9448	-33.5	27.9464	-0.794312
43	25	21.7494	-33.3989	27.7374	-0.796786
43	26	21.5528	-33.2958	27.5263	-0.799273
43	27	21.3561	-33.1952	27.3172	-0.801867
43	28	21.16	-33.0965	27.11	-0.804535
43	29	20.9649	-32.9989	26.9044	-0.807244
43	30	20.7698	-32.9023	26.6998	-0.810022
43	31	20.5736	-32.8073	26.4959	-0.812912
43	32	20.3755	-32.7108	26.2898	-0.815864
43	33	20.1753	-32.615	26.0829	-0.818938
43	34	19.9743	-32.521	25.8771	-0.822129
43	35	19.7735	-32.43	25.6739	-0.825446
43	36	19.5723	-32.3449	25.4751	-0.828983
43	37	19.3696	-32.2695	25.2827	-0.832882
43	38	19.1659	-32.2125	25.1037	-0.837353
43	39	18.9573	-32.1741	24.9359	-0.84254
43	40	18.742	-32.1517	24.7764	-0.848422
43	41	18.5177	-32.1479	24.6258	-0.855154
43	42	18.3022	-32.1648	24.4977	-0.862243
43	43	18.0941	-32.202	24.3913	-0.869718
43	44	17.891	-32.2578	24.3036	-0.877584
43	45	17.6917	-32.3245	24.2284	-0.885668
43	46	17.4962	-32.3985	24.1628	-0.893873
43	47	17.3021	-32.4756	24.1022	-0.902155
43	48	17.1103	-32.5567	24.0477	-0.910504
43	49	16.9192	-32.6394	23.9967	-0.918907
43	50	16.7305	-32.7275	23.953	-0.927399
43	51	16.544	-32.8181	23.9145	-0.935913
43	52	16.3615	-32.9126	23.8832	-0.944414
43	53	16.1827	-33.0099	23.8581	-0.952876
43	54	16.0093	-33.1109	23.8408	-0.961256
43	55	15.8391	-33.2116	23.8268	-0.969534
43	56	15.6737	-33.3185	23.8221	-0.977798
43	57	15.5095	-33.4261	23.8204	-0.986039
43	58	15.3511	-33.5419	23.8303	-0.994264
43	59	15.1943	-33.6604	23.845	-1.00249
43	60	15.0468	-33.793	23.8781	-1.01068
43	61	14.9064	-33.9364	23.9259	-1.01884
43	62	14.7785	-34.1008	23.9996	-1.02697
43	63	14.6594	-34.2819	24.0937	-1.03509
43	64	14.5614	-34.4653	24.202	-1.04244
43	65	14.477	-34.6507	24.3202	-1.04928
43	66	14.4092	-34.842	24.4528	-1.05558
43	67	14.3536	-35.0403	24.5984	-1.06152
43	68	14.3092	-35.2441	24.755	-1.0671
43	69	14.2711	-35.4514	24.9186	-1.07245
43	70	14.2406	-35.6613	25.0888	-1.07752
43	71	14.216	-35.8718	25.2627	-1.08232
43	72	14.1969	-36.0811	25.4389	-1.08684
43	73	14.1837	-36.2896	25.6175	-1.09109
43	74	14.1751	-36.4962	25.797	-1.09508
43	75	14.1693	-36.7002	25.976	-1.09888
43	76	14.1686	-36.9052	26.1583	-1.10246
43	77	14.1718	-37.1101	26.3428	-1.10586
43	78	14.1794	-37.3139	26.5285	-1.10905
43	79	14.1896	-37.515	26.7132	-1.11206
43	80	14.2061	-37.7153	26.9002	-1.11481
43	81	14.2257	-37.9128	27.0863	-1.11737
43	82	14.2484	-38.1062	27.2701	-1.11973
43	83	14.2752	-38.2992	27.4556	-1.12192
43	84	14.3051	-38.4907	27.6411	-1.12395
43	85	14.3393	-38.6795	27.8262	-1.12577
43	86	14.3778	-38.8694	28.0142	-1.12745
43	87	14.4248	-39.0572	28.2041	-1.1288
43	88	14.4733	-39.2423	28.3921	-1.13005
43	89	14.5283	-39.4217	28.5779	-1.13098
43	90	14.586	-39.599	28.7629	-1.13179
43	91	14.6495	-39.7718	28.9463	-1.13234
43	92	14.7148	-39.941	29.1272	-1.13278
43	93	14.7837	-40.1067	29.3065	-1.13305
43	94	14.8566	-40.2704	29.4857	-1.13316
43	95	14.932	-40.4334	29.6652	-1.13319
43	96	15.0237	-40.5882	29.8443	-1.13261
43	97	15.1199	-40.7434	30.0257	-1.1319
43	98	15.2432	-40.8829	30.2044	-1.13016
43	99	15.3702	-41.0288	30.3906	-1.12843
43	100	15.5149	-41.1418	30.5547	-1.12574
43	101	15.6517	-41.251	30.7123	-1.12325
43	102	15.8038	-41.3301	30.8496	-1.11991
43	103	15.9554	-41.4053	30.9836	-1.11656
43	104	16.1087	-41.4782	31.1165	-1.11317
43	105	16.267	-41.5436	31.2453	-1.10954
43	106	16.4287	-41.6083	31.3755	-1.10585
43	107	16.5952	-41.6693	31.5048	-1.10199
43	108	16.767	-41.726	31.6333	-1.09796
43	109	16.9433	-41.7811	31.7629	-1.09381
43	110	17.1249	-41.8298	31.8899	-1.08945
43	111	17.3096	-41.8776	32.0181	-1.08503
43	112	17.4976	-41.9195	32.1432	-1.08046
43	113	17.6873	-41.9614	32.2699	-1.07589
43	114	17.8795	-41.9995	32.395	-1.07122
43	115	18.0741	-42.0379	32.5223	-1.06654
43	116	18.2698	-42.0721	32.6472	-1.0618
43	117	18.4692	-42.1056	32.774	-1.05698
43	118	18.6704	-42.1346	32.8985	-1.05209
43	119	18.8729	-42.1609	33.0222	-1.04716
43	120	19.0746	-42.1816	33.1413	-1.0422
43	121	19.2754	-42.199	33.258	-1.03725
43	122	19.4757	-42.2125	33.3719	-1.03229
43	123	19.6759	-42.2242	33.4851	-1.02733
43	124	19.8789	-42.2347	33.5995	-1.02232
43	125	20.0849	-42.2443	33.7154	-1.01726
43	126	20.2935	-42.2513	33.8315	-1.01212
43	127	20.5042	-42.2557	33.9474	-1.00693
43	128	20.7162	-42.2576	34.0628	-1.0017
43	129	20.9294	-42.2578	34.1784	-0.996446
43	130	21.1443	-42.2566	34.2945	-0.991167
43	131	21.3616	-42.2527	34.4107	-0.985821
43	132	21.5804	-42.2406	34.522	-0.980343
43	133	21.7976	-42.234	34.638	-0.975028
43	134	21.9878	-42.1753	34.6967	-0.969541
43	135	22.1622	-42.0607	34.7014	-0.963529
43	136	22.3437	-41.9511	34.7156	-0.957434
43	137	22.5186	-41.8188	34.7088	-0.951119
43	138	22.6909	-41.6602	34.6805	-0.944418
43	139	22.8664	-41.4699	34.6301	-0.937092
43	140	23.0525	-41.2407	34.5568	-0.928823
43	141	23.2308	-41.0036	34.4749	-0.920565
43	142	23.4007	-40.7579	34.3834	-0.912305
43	143	23.5597	-40.5036	34.2807	-0.904097
43	144	23.706	-40.2428	34.1673	-0.896011
43	145	23.8407	-39.9777	34.0455	-0.88806
43	146	23.9655	-39.7085	33.9165	-0.880195
43	147	24.0807	-39.4333	33.7787	-0.872377
43	148	24.1838	-39.1508	33.6297	-0.864629
43	149	24.2719	-38.8627	33.4686	-0.85704
43	150	24.3449	-38.5724	33.2978	-0.849673
43	151	24.4055	-38.2815	33.1203	-0.842501
43	152	24.4559	-37.9895	32.9367	-0.835456
44	0	-12.5176	-36.3057	27.1766	-2.15013
44	1	-12.4828	-36.1132	26.9966	-2.15296
44	2	-12.4528	-35.9179	26.8171	-2.15602
44	3	-12.4255	-35.7214	26.6384	-2.15924
44	4	-12.4035	-35.5218	26.4602	-2.16274
44	5	-12.3828	-35.3206	26.282	-2.16636
44	6	-12.3682	-35.1189	26.1069	-2.17023
44	7	-12.3589	-34.9175	25.9356	-2.17431
44	8	-12.3531	-34.7151	25.766	-2.17859
44	9	-12.351	-34.5118	25.5981	-2.18306
44	10	-12.3586	-34.3079	25.4359	-2.18791
44	11	-12.3703	-34.1042	25.2769	-2.19295
44	12	-12.4017	-33.9038	25.1328	-2.19861
44	13	-12.4448	-33.7074	24.9995	-2.20462
44	14	-12.5099	-33.5151	24.8838	-2.21131
44	15	-12.5849	-33.3225	24.7748	-2.21838
44	16	-12.682	-33.1436	24.6913	-2.22589
44	17	-12.7795	-32.9752	24.6179	-2.23319
44	18	-12.8935	-32.8236	24.5691	-2.24065
44	19	-13.0087	-32.6764	24.5259	-2.24805
44	20	-13.1336	-32.5361	24.4955	-2.25562
44	21	-13.2612	-32.3955	24.4681	-2.26329
44	22	-13.394	-32.2563	24.4464	-2.27111
44	23	-13.5316	-32.1182	24.4303	-2.27906
44	24	-13.6738	-31.9828	24.4208	-2.28709
44	25	-13.8206	-31.8485	24.4167	-2.29523
44	26	-13.9717	-31.7167	24.4189	-2.30344
44	27	-14.126	-31.5877	24.4271	-2.31167
44	28	-14.2828	-31.4622	24.4412	-2.31987
44	29	-14.4434	-31.3363	24.4591	-2.32819
44	30	-14.6083	-31.2114	24.4825	-2.33658
44	31	-14.7771	-31.089	24.5121	-2.34501
44	32	-14.95	-30.9687	24.5479	-2.35347
44	33	-15.1256	-30.8514	24.5895	-2.3619
44	34	-15.3039	-30.7398	24.6386	-2.37021
44	35	-15.483	-30.6335	24.6937	-2.37835
44	36	-15.6649	-30.5376	24.7597	-2.38623
44	37	-15.8495	-30.4549	24.8381	-2.39375
44	38	-16.041	-30.3872	24.9331	-2.40096
44	39	-16.2402	-30.3311	25.0428	-2.40798
44	40	-16.4513	-30.2898	25.1726	-2.41482
44	41	-16.6531	-30.2667	25.3085	-2.4208
44	42	-16.8472	-30.2654	25.4538	-2.42587
44	43	-17.0361	-30.2802	25.6062	-2.43027
44	44	-17.2215	-30.3073	25.7646	-2.43417
44	45	-17.4051	-30.3396	25.9254	-2.43783
44	46	-17.5865	-30.3791	26.0894	-2.44118
44	47	-17.7697	-30.4211	26.2566	-2.44445
44	48	-17.9547	-30.468	26.4287	-2.44758
44	49	-18.1428	-30.517	26.6047	-2.45069
44	50	-18.3333	-30.5699	26.7854	-2.4537
44	51	-18.5263	-30.6249	26.9695	-2.45666
44	52	-18.7203	-30.6828	27.1566	-2.45953
44	53	-18.9147	-30.7416	27.3447	-2.46235
44	54	-19.1083	-30.8021	27.5334	-2.46506
44	55	-19.3006	-30.8634	27.7218	-2.46767
44	56	-19.491	-30.9262	27.9098	-2.47017
44	57	-19.6851	-30.9903	28.1018	-2.47268
44	58	-19.8822	-31.0565	28.2976	-2.47517
44	59	-20.0817	-31.1235	28.4958	-2.47765
44	60	-20.2816	-31.1928	28.696	-2.48004
44	61	-20.4809	-31.2637	28.897	-2.48234
44	62	-20.6781	-31.3388	29.0989	-2.48445
44	63	-20.8777	-31.412	29.3017	-2.48663
44	64	-21.0804	-31.4852	29.5071	-2.48885
44	65	-21.2852	-31.5616	29.7163	-2.49099
44	66	-21.4912	-31.641	29.9283	-2.49305
44	67	-21.6903	-31.7327	30.1424	-2.49462
44	68	-21.8478	-31.8562	30.3426	-2.4945
44	69	-21.9723	-32.0184	30.5397	-2.49272
44	70	-22.0794	-32.1976	30.7334	-2.49018
44	71	-22.1768	-32.3932	30.9297	-2.48706
44	72	-22.2683	-32.6111	31.1352	-2.4833
44	73	-22.3568	-32.8601	31.3578	-2.47874
44	74	-22.4449	-33.1515	31.6071	-2.47319
44	75	-22.5239	-33.4477	31.8531	-2.46743
44	76	-22.5913	-33.7492	32.0946	-2.4614
44	77	-22.6444	-34.0539	32.3282	-2.4551
44	78	-22.6837	-34.359	32.5526	-2.44862
44	79	-22.7115	-34.6636	32.7693	-2.44201
44	80	-22.7292	-34.9689	32.9802	-2.43527
44	81	-22.7354	-35.2766	33.1854	-2.42834
44	82	-22.7274	-35.5856	33.3824	-2.42118
44	83	-22.7047	-35.8931	33.5691	-2.41385
44	84	-22.6698	-36.1971	33.7462	-2.40644
44	85	-22.6253	-36.4985	33.9162	-2.39897
44	86	-22.5713	-36.799	34.0807	-2.3914
44	87	-22.5057	-37.0993	34.2384	-2.38368
44	88	-22.4262	-37.3975	34.3868	-2.37579
44	89	-22.3336	-37.6908	34.5244	-2.36781
44	90	-22.2302	-37.9786	34.6527	-2.35978
44	91	-22.1175	-38.2624	34.7737	-2.35171
44	92	-21.9943	-38.5432	34.8876	-2.34353
44	93	-21.8587	-38.8202	34.9925	-2.33523
44	94	-21.7106	-39.0905	35.0864	-2.32685
44	95	-21.5522	-39.3523	35.1694	-2.31847
44	96	-21.4071	-39.5678	35.2297	-2.31129
44	97	-21.2708	-39.7477	35.2712	-2.305
44	98	-21.1382	-39.9007	35.2965	-2.2993
44	99	-21.0043	-40.0328	35.3064	-2.29398
44	100	-20.8632	-40.1464	35.2987	-2.28886
44	101	-20.7335	-40.2681	35.3055	-2.28382
44	102	-20.5864	-40.3387	35.263	-2.27936
44	103	-20.4103	-40.3663	35.1696	-2.27504
44	104	-20.2318	-40.41	35.0879	-2.27036
44	105	-20.0473	-40.4439	34.9953	-2.2657
44	106	-19.8601	-40.4718	34.8973	-2.26107
44	107	-19.6722	-40.4974	34.7977	-2.25644
44	108	-19.4821	-40.5194	34.6948	-2.2518
44	109	-19.2912	-40.5401	34.591	-2.24713
44	110	-19.0979	-40.5565	34.4832	-2.24246
44	111	-18.9018	-40.5728	34.3743	-2.2377
44	112	-18.7045	-40.5843	34.2617	-2.23297
44	113	-18.506	-40.595	34.1485	-2.22819
44	114	-18.3083	-40.6	34.032	-2.2235
44	115	-18.1118	-40.6041	33.9163	-2.21883
44	116	-17.9164	-40.6039	33.7985	-2.21422
44	117	-17.7218	-40.6036	33.682	-2.20961
44	118	-17.5273	-40.6003	33.5637	-2.20501
44	119	-17.3322	-40.5967	33.4455	-2.20038
44	120	-17.1362	-40.5905	33.3254	-2.19573
44	121	-16.9391	-40.5825	33.204	-2.19106
44	122	-16.7414	-40.5714	33.0804	-2.18639
44	123	-16.5439	-40.557	32.955	-2.18175
44	124	-16.3469	-40.5399	32.8283	-2.17714
44	125	-16.1506	-40.5194	32.7	-2.17256
44	126	-15.9546	-40.4972	32.571	-2.16798
44	127	-15.759	-40.4699	32.4388	-2.16347
44	128	-15.5616	-40.4425	32.3062	-2.15888
44	129	-15.3646	-40.4059	32.1667	-2.15441
44	130	-15.1672	-40.3687	32.0272	-2.14991
44	131	-14.9761	-40.3109	31.8746	-2.14588
44	132	-14.7912	-40.2487	31.722	-2.14206
44	133	-14.6197	-40.1569	31.5522	-2.13906
44	134	-14.4505	-40.0587	31.3786	-2.1362
44	135	-14.2871	-39.9409	31.1915	-2.1338
44	136	-14.1387	-39.8199	31.0101	-2.13183
44	137	-14.0078	-39.6924	30.8325	-2.13044
44	138	-13.8873	-39.5586	30.6552	-2.12942
44	139	-13.7761	-39.4183	30.4773	-2.12877
44	140	-13.6698	-39.2743	30.2989	-2.12831
44	141	-13.5664	-39.1274	30.1195	-2.12798
44	142	-13.47	-38.9725	29.9371	-2.12798
44	143	-13.3744	-38.8145	29.7524	-2.12806
44	144	-13.2883	-38.6503	29.5675	-2.12853
44	145	-13.2055	-38.4855	29.3839	-2.1291
44	146	-13.129	-38.3156	29.1993	-2.12997
44	147	-13.0526	-38.1445	29.0137	-2.13086
44	148	-12.9821	-37.9705	28.8289	-2.132
44	149	-12.9163	-37.7957	28.6458	-2.1333
44	150	-12.8522	-37.6166	28.4602	-2.13475
44	151	-12.7914	-37.4338	28.2733	-2.13639
44	152	-12.7363	-37.2485	28.0873	-2.13827
44	153	-12.6853	-37.0632	27.9037	-2.1403
44	154	-12.6382	-36.8749	27.7198	-2.14253
44	155	-12.5939	-36.6853	27.5364	-2.1449
44	156	-12.5533	-36.4953	27.3549	-2.14743
48	0	22.8272	-44.7754	37.3237	-0.990405
48	1	22.7508	-44.492	37.0449	-0.987934
48	2	22.6641	-44.2134	36.7647	-0.985733
48	3	22.5679	-43.9387	36.4826	-0.983773
48	4	22.476	-43.7062	36.2381	-0.98233
48	5	22.3843	-43.507	36.0216	-0.981377
48	6	22.2894	-43.3341	35.8251	-0.980896
48	7	22.1878	-43.1816	35.6419	-0.980886
48	8	22.0762	-43.0479	35.4687	-0.981405
48	9	21.9341	-42.9751	35.3293	-0.983603
48	10	21.7597	-42.9514	35.2132	-0.987352
48	11	21.5795	-42.9367	35.102	-0.991405
48	12	21.396	-42.9238	34.9909	-0.995592
48	13	21.2098	-42.9106	34.8789	-0.999866
48	14	21.0214	-42.8993	34.7679	-1.00425
48	15	20.8308	-42.8874	34.6559	-1.00871
48	16	20.6377	-42.8743	34.5423	-1.01323
48	17	20.4413	-42.8643	34.4303	-1.01792
48	18	20.2418	-42.8529	34.3162	-1.02269
48	19	20.0396	-42.8383	34.1987	-1.02752
48	20	19.8355	-42.8227	34.0803	-1.03241
48	21	19.6327	-42.8101	33.9659	-1.03734
48	22	19.4319	-42.7994	33.855	-1.04229
48	23	19.2332	-42.7888	33.7461	-1.04722
48	24	19.0363	-42.7756	33.6366	-1.05209
48	25	18.8369	-42.7563	33.5214	-1.05697
48	26	18.6377	-42.734	33.4044	-1.06183
48	27	18.4373	-42.7081	33.2846	-1.06671
48	28	18.2366	-42.6787	33.1623	-1.07158
48	29	18.0364	-42.6449	33.0372	-1.07641
48	30	17.8363	-42.606	32.9083	-1.0812
48	31	17.6348	-42.5647	32.7775	-1.08604
48	32	17.4303	-42.5245	32.6471	-1.09101
48	33	17.2233	-42.4839	32.5159	-1.09608
48	34	17.0145	-42.4439	32.3853	-1.10125
48	35	16.8054	-42.4042	32.2557	-1.10647
48	36	16.5968	-42.3647	32.1275	-1.11173
48	37	16.3889	-42.3255	32.0007	-1.11701
48	38	16.1812	-42.2872	31.8756	-1.12234
48	39	15.9729	-42.2493	31.7516	-1.12773
48	40	15.7634	-42.2173	31.6333	-1.13328
48	41	15.5538	-42.2029	31.5321	-1.13911
48	42	15.3448	-42.2161	31.4572	-1.14532
48	43	15.136	-42.2579	31.4098	-1.15193
48	44	14.9277	-42.3274	31.3893	-1.15889
48	45	14.7373	-42.4192	31.3979	-1.16562
48	46	14.5655	-42.5362	31.4384	-1.1721
48	47	14.4077	-42.6696	31.5007	-1.17836
48	48	14.2588	-42.8123	31.5762	-1.18445
48	49	14.116	-42.9611	31.6608	-1.1904
48	50	13.9789	-43.1162	31.7544	-1.19622
48	51	13.8487	-43.2781	31.8579	-1.20188
48	52	13.7276	-43.449	31.9742	-1.20735
48	53	13.62	-43.6304	32.1058	-1.21249
48	54	13.5288	-43.8258	32.2572	-1.21726
48	55	13.4566	-44.0347	32.4285	-1.22158
48	56	13.4088	-44.2411	32.6063	-1.22512
48	57	13.3817	-44.4455	32.7896	-1.22801
48	58	13.3732	-44.6496	32.9791	-1.23033
48	59	13.3769	-44.8541	33.1731	-1.23229
48	60	13.3872	-45.0593	33.3702	-1.23404
48	61	13.4013	-45.2659	33.5698	-1.23567
48	62	13.4184	-45.4742	33.7722	-1.23722
48	63	13.4399	-45.6831	33.9767	-1.23864
48	64	13.466	-45.8916	34.1823	-1.23991
48	65	13.4959	-46.0984	34.3876	-1.24104
48	66	13.5279	-46.3027	34.5913	-1.24207
48	67	13.5602	-46.5051	34.7933	-1.24307
48	68	13.5927	-46.7063	34.9943	-1.24404
48	69	13.6255	-46.9077	35.1956	-1.245
48	70	13.6591	-47.1105	35.3985	-1.24593
48	71	13.6941	-47.3153	35.6037	-1.24684
48	72	13.7319	-47.5216	35.8114	-1.24767
48	73	13.7732	-47.7282	36.0205	-1.24841
48	74	13.8177	-47.9339	36.2296	-1.24904
48	75	13.8639	-48.1381	36.438	-1.24961
48	76	13.9107	-48.3416	36.6458	-1.25015
48	77	13.9578	-48.5454	36.8541	-1.25068
48	78	14.0058	-48.7505	37.0639	-1.25119
48	79	14.0559	-48.9571	37.2757	-1.25166
48	80	14.1088	-49.1646	37.4894	-1.25205
48	81	14.1649	-49.3718	37.7037	-1.25236
48	82	14.2235	-49.5767	37.9167	-1.25259
48	83	14.2836	-49.7795	38.1281	-1.25276
48	84	14.3445	-49.9809	38.3385	-1.25289
48	85	14.4064	-50.182	38.5488	-1.253
48	86	14.4701	-50.383	38.7596	-1.25305
48	87	14.5365	-50.5834	38.9708	-1.25304
48	88	14.6058	-50.7823	39.1814	-1.25295
48	89	14.6772	-50.9789	39.3905	-1.25279
48	90	14.7497	-51.1731	39.5976	-1.25258
48	91	14.8227	-51.3656	39.8032	-1.25235
48	92	14.8963	-51.5571	40.0081	-1.2521
48	93	14.9713	-51.748	40.2129	-1.25182
48	94	15.0487	-51.9379	40.4176	-1.25147
48	95	15.1301	-52.1255	40.6213	-1.25102
48	96	15.2186	-52.3087	40.8229	-1.25037
48	97	15.3456	-52.4431	40.9906	-1.24847
48	98	15.5185	-52.5291	41.1272	-1.24514
48	99	15.7052	-52.5934	41.2481	-1.24135
48	100	15.9076	-52.6421	41.36	-1.2371
48	101	16.1307	-52.674	41.4637	-1.23227
48	102	16.3823	-52.6893	41.5623	-1.22668
48	103	16.6718	-52.6895	41.6611	-1.22014
48	104	16.9621	-52.6791	41.752	-1.21353
48	105	17.2538	-52.6572	41.8344	-1.20681
48	106	17.5462	-52.6206	41.9053	-1.19998
48	107	17.8364	-52.5681	41.9625	-1.19308
48	108	18.1222	-52.5016	42.0071	-1.18617
48	109	18.4039	-52.4239	42.0418	-1.17927
48	110	18.6831	-52.3356	42.0678	-1.17233
48	111	18.9603	-52.2342	42.0829	-1.16533
48	112	19.2329	-52.1171	42.0839	-1.15828
48	113	19.4977	-51.9852	42.0702	-1.15125
48	114	19.754	-51.8421	42.045	-1.1443
48	115	20.0038	-51.6908	42.0115	-1.1374
48	116	20.2491	-51.5306	41.9701	-1.13049
48	117	20.4895	-51.3588	41.9182	-1.12356
48	118	20.7218	-51.1732	41.8523	-1.11663
48	119	20.9427	-50.9749	41.772	-1.1098
48	120	21.1523	-50.7677	41.6806	-1.10308
48	121	21.3531	-50.5537	41.581	-1.09645
48	122	21.5458	-50.3313	41.4721	-1.08987
48	123	21.7296	-50.0986	41.3517	-1.08333
48	124	21.9013	-49.8556	41.2183	-1.07688
48	125	22.0593	-49.605	41.0734	-1.0706
48	126	22.205	-49.3496	40.9199	-1.06448
48	127	22.3408	-49.0895	40.759	-1.05848
48	128	22.4667	-48.8229	40.5891	-1.05255
48	129	22.5807	-48.5487	40.4081	-1.04674
48	130	22.6799	-48.2684	40.2157	-1.04112
48	131	22.7643	-47.9853	40.0146	-1.03572
48	132	22.8365	-47.701	39.8074	-1.03052
48	133	22.8985	-47.4147	39.5942	-1.02546
48	134	22.9495	-47.1241	39.3728	-1.02052
48	135	22.9862	-46.8287	39.1405	-1.01578
48	136	23.0055	-46.5307	38.8979	-1.01132
48	137	23.008	-46.2342	38.6482	-1.00719
48	138	22.9968	-45.9404	38.3942	-1.00335
48	139	22.9742	-45.6481	38.1357	-0.999728
48	140	22.9396	-45.3558	37.8713	-0.996326
48	141	22.8908	-45.064	37.6	-0.9932
49	0	-13.7228	-45.5419	35.7952	-2.0368
49	1	-13.6773	-45.3546	35.6074	-2.03802
49	2	-13.6344	-45.1674	35.421	-2.03932
49	3	-13.5937	-44.9805	35.2359	-2.04069
49	4	-13.5534	-44.7942	35.0516	-2.04207
49	5	-13.5131	-44.6079	34.8674	-2.04346
49	6	-13.4733	-44.421	34.6828	-2.0449
49	7	-13.4347	-44.233	34.498	-2.04639
49	8	-13.398	-44.0442	34.3133	-2.04796
49	9	-13.3636	-43.856	34.1305	-2.04959
49	10	-13.3318	-43.6692	33.95	-2.0513
49	11	-13.303	-43.4838	33.7724	-2.05308
49	12	-13.2784	-43.3	33.5982	-2.05497
49	13	-13.2611	-43.1171	33.4283	-2.05706
49	14	-13.2559	-42.9332	33.2634	-2.0595
49	15	-13.2662	-42.7468	33.1038	-2.06242
49	16	-13.2942	-42.5555	32.9486	-2.06591
49	17	-13.3426	-42.357	32.7972	-2.07008
49	18	-13.4126	-42.1701	32.6669	-2.0747
49	19	-13.5028	-41.9935	32.5563	-2.07975
49	20	-13.612	-41.8266	32.4643	-2.08519
49	21	-13.735	-41.6706	32.3895	-2.09087
49	22	-13.8735	-41.5296	32.3365	-2.09675
49	23	-14.0303	-41.4093	32.3118	-2.10282
49	24	-14.2083	-41.3103	32.3174	-2.10912
49	25	-14.3834	-41.237	32.3448	-2.11493
49	26	-14.5582	-41.1844	32.3907	-2.12039
49	27	-14.7322	-41.1561	32.4579	-2.12541
49	28	-14.9075	-41.1463	32.5423	-2.13015
49	29	-15.0834	-41.1428	32.633	-2.13478
49	30	-15.2607	-41.142	32.7274	-2.13937
49	31	-15.4403	-41.1419	32.8244	-2.14398
49	32	-15.623	-41.142	32.9239	-2.14864
49	33	-15.8073	-41.1444	33.0269	-2.15328
49	34	-15.9928	-41.1487	33.1329	-2.15788
49	35	-16.179	-41.154	33.2408	-2.16245
49	36	-16.3653	-41.1619	33.3517	-2.16696
49	37	-16.5519	-41.1698	33.4633	-2.17144
49	38	-16.739	-41.1741	33.5729	-2.17597
49	39	-16.9271	-41.1742	33.6804	-2.18056
49	40	-17.1162	-41.1727	33.7879	-2.18517
49	41	-17.3059	-41.1754	33.8997	-2.1897
49	42	-17.4951	-41.177	34.0111	-2.1942
49	43	-17.6827	-41.1771	34.1211	-2.19866
49	44	-17.8678	-41.1804	34.2328	-2.20298
49	45	-18.0499	-41.1811	34.3412	-2.20725
49	46	-18.2288	-41.1799	34.4469	-2.21145
49	47	-18.4093	-41.179	34.5544	-2.21565
49	48	-18.5914	-41.1742	34.6604	-2.21993
49	49	-18.775	-41.1664	34.7655	-2.22427
49	50	-18.9595	-41.1602	34.8731	-2.22858
49	51	-19.1437	-41.1541	34.9811	-2.23286
49	52	-19.3262	-41.1523	35.0922	-2.23699
49	53	-19.5091	-41.1478	35.202	-2.24115
49	54	-19.6917	-41.1384	35.3084	-2.24537
49	55	-19.8736	-41.1244	35.4114	-2.24963
49	56	-20.0545	-41.1059	35.5109	-2.25392
49	57	-20.2353	-41.0792	35.6047	-2.25833
49	58	-20.4154	-41.0425	35.691	-2.26289
49	59	-20.5959	-41.0386	35.8034	-2.26684
49	60	-20.74	-41.0823	35.9295	-2.26913
49	61	-20.8641	-41.1765	36.0814	-2.27009
49	62	-20.9703	-41.2969	36.2419	-2.27019
49	63	-21.065	-41.4372	36.4102	-2.2697
49	64	-21.1534	-41.5996	36.5914	-2.2687
49	65	-21.2389	-41.7897	36.7921	-2.26716
49	66	-21.324	-42.0148	37.0194	-2.26502
49	67	-21.4107	-42.2828	37.281	-2.26221
49	68	-21.4852	-42.5533	37.5371	-2.25915
49	69	-21.5492	-42.8249	37.7877	-2.25589
49	70	-21.6038	-43.0982	38.0341	-2.25245
49	71	-21.6483	-43.3745	38.2769	-2.24881
49	72	-21.6805	-43.654	38.5151	-2.24491
49	73	-21.6985	-43.935	38.7462	-2.24074
49	74	-21.7027	-44.2147	38.9685	-2.23637
49	75	-21.6958	-44.4916	39.1824	-2.23187
49	76	-21.6804	-44.7664	39.3903	-2.22727
49	77	-21.6571	-45.0406	39.5937	-2.22258
49	78	-21.6244	-45.3156	39.793	-2.21774
49	79	-21.5794	-45.5912	39.9863	-2.21268
49	80	-21.5197	-45.8652	40.1705	-2.20741
49	81	-21.4457	-46.1345	40.3437	-2.20197
49	82	-21.3601	-46.3979	40.5064	-2.19642
49	83	-21.2651	-46.6563	40.6609	-2.19081
49	84	-21.1607	-46.9115	40.8086	-2.18509
49	85	-21.0453	-47.1637	40.9489	-2.17924
49	86	-20.9165	-47.4116	41.0795	-2.17322
49	87	-20.7743	-47.6522	41.1979	-2.16706
49	88	-20.6211	-47.8837	41.3042	-2.16085
49	89	-20.4596	-48.1067	41.4005	-2.15461
49	90	-20.2908	-48.3231	41.4887	-2.14834
49	91	-20.1151	-48.5348	41.5711	-2.14202
49	92	-19.9301	-48.7411	41.6454	-2.1356
49	93	-19.7343	-48.9394	41.709	-2.12909
49	94	-19.5288	-49.1274	41.7605	-2.12253
49	95	-19.3162	-49.3051	41.8012	-2.11597
49	96	-19.0982	-49.4741	41.8336	-2.10942
49	97	-18.8747	-49.6362	41.8591	-2.10285
49	98	-18.6441	-49.7912	41.8766	-2.09623
49	99	-18.4049	-49.9368	41.8835	-2.08955
49	100	-18.1577	-50.0702	41.8777	-2.08284
49	101	-17.9051	-50.1907	41.8599	-2.07617
49	102	-17.6493	-50.3001	41.8327	-2.06955
49	103	-17.3908	-50.4007	41.7983	-2.06297
49	104	-17.1287	-50.4932	41.7569	-2.05639
49	105	-16.8621	-50.5756	41.7063	-2.04982
49	106	-16.6282	-50.6302	41.6475	-2.04423
49	107	-16.4192	-50.6607	41.5798	-2.03942
49	108	-16.2286	-50.6699	41.5024	-2.03522
49	109	-16.0508	-50.6607	41.4148	-2.03148
49	110	-15.8811	-50.6346	41.3162	-2.02809
49	111	-15.7194	-50.5853	41.2008	-2.02509
49	112	-15.5928	-50.4825	41.0529	-2.02342
49	113	-15.4986	-50.323	40.8683	-2.02305
49	114	-15.4165	-50.1556	40.6818	-2.02304
49	115	-15.3358	-49.9878	40.4956	-2.02305
49	116	-15.2578	-49.8193	40.31	-2.02314
49	117	-15.1809	-49.6507	40.1247	-2.02325
49	118	-15.1043	-49.4821	39.9395	-2.02337
49	119	-15.0278	-49.3131	39.7541	-2.0235
49	120	-14.9511	-49.1433	39.5679	-2.02364
49	121	-14.8752	-48.9718	39.3804	-2.02381
49	122	-14.8006	-48.7986	39.1921	-2.02403
49	123	-14.7279	-48.6241	39.0033	-2.02432
49	124	-14.657	-48.4488	38.8147	-2.02465
49	125	-14.5874	-48.2733	38.6265	-2.02502
49	126	-14.5186	-48.0976	38.4384	-2.02542
49	127	-14.4502	-47.9211	38.2498	-2.02584
49	128	-14.3825	-47.7432	38.0603	-2.0263
49	129	-14.3163	-47.5633	37.8696	-2.02682
49	130	-14.2528	-47.3811	37.678	-2.02743
49	131	-14.1928	-47.1971	37.4865	-2.02816
49	132	-14.1367	-47.0125	37.296	-2.029
49	133	-14.0826	-46.8283	37.107	-2.02989
49	134	-14.0296	-46.6452	36.9194	-2.0308
49	135	-13.9773	-46.4629	36.7327	-2.03172
49	136	-13.9251	-46.2807	36.5464	-2.03266
49	137	-13.873	-46.0979	36.3596	-2.03362
49	138	-13.8214	-45.914	36.1719	-2.03461
49	139	-13.771	-45.7285	35.9836	-2.03567
