0 1 1 100.85 1.52458 -1 1.05932 0.395079 2196 0 0 59.9036 0 435000 0 1.60687
1 1 1 104.228 1.69929 -1 1.06839 0 50 0 0 59.8054 0 435000 0 1.53472
2 1 1 98.0095 1.49111 -1 1.17091 0.829907 0 0 0 55.5778 0 435000 0 1.6097
3 1 1 98.0633 1.70301 -1 1.05163 1.40481 15 0 0 56.3419 0 435000 0 1.6448
4 1 1 103.816 1.41358 -1 1.13176 1.94435 1930 0 0 50.0183 0 435000 0 1.63585
5 1 1 81.29 0.297246 -1 1.0285 2.77411 -1768916416 0 0 50.5449 0 435000 0 1.66654
6 1 1 91.7201 1.27735 -1 1.23947 3.70209 61 0 0 44.3068 0 435000 0 1.66507
7 1 1 97.2241 0.573063 -1 1.04483 4.99252 -1768977888 0 0 44.3986 0 435000 0 1.6978
8 1 1 57.9602 2.3653 -1 1.15578 6.04072 -1768976880 0 0 39.7697 0 435000 0 1.69847
9 1 1 55.9736 0.863621 -1 1.12716 8.74772 -1768977696 0 0 40.1474 0 435000 0 1.75559
10 2 0 70.5054 0.0930586 0 1.33875 8.50473 15 0 0 69.0184 0 435000 0 0
11 2 0 55.3988 1.56725 -1 1.13488 8.98784 103 0 0 64.6263 0 435000 0 0
12 2 0 69.7721 2.80993 0 1.35857 8.72676 221 0 0 65.6372 0 435000 0 0
13 2 0 70.2981 3.11051 0 1.227 9.88702 309 0 0 58.0835 0 435000 0 0
14 2 0 71.614 0.154803 0 1.35567 10.1509 891 0 0 57.9129 0 435000 0 0
15 2 0 69.0081 2.72841 0 1.4569 11.2956 939 0 0 50.2754 0 435000 0 0
16 2 0 65.1439 0.651357 -1 1.17005 11.9502 1002 0 0 50.2736 0 435000 0 0
17 2 1 57.3055 2.48062 -1 1.14487 12.8483 0 0 0 43.4978 0 435000 0 0
18 2 1 58.5004 0.765144 -1 1.27452 14.6884 4 0 0 44.1786 0 435000 0 0
19 3 0 77.2014 1.49421 1.5708 1.20295 16.8697 -229268365 0 0 75.0454 83.6653 435000 0 0
20 3 0 65.5618 1.55135 -1 1.09632 16.3816 0 0 0 76.0929 84.0942 435000 0 0
21 3 0 78.6353 2.82411 0 1.23545 17.6413 0 0 0 65.8397 77.5037 435000 0 0
22 3 0 71.5196 0.0790236 0 1.28734 16.4536 2123 0 0 66.6403 77.7965 435000 0 0
23 3 0 69.215 2.75319 0 1.22471 18.0189 241 0 0 56.8251 68.6977 435000 0 0
24 3 0 68.668 2.9677 0 1.38989 18.4444 2241 0 0 56.7665 68.8318 435000 0 0
25 3 1 79.5464 2.42696 -1 1.11364 19.6723 1609 0 0 48.417 59.496 435000 0 0
26 3 1 75.9815 0.753917 -1 1.14323 20.9609 2359 0 0 48.8018 60.3316 435000 0 0
27 4 0 75.0413 0.354266 0 1.10815 25.4648 565 0 0 79.8333 98.1268 435000 0 0
28 4 0 78.9044 2.83681 0 1.2686 25.7562 329 0 0 71.3724 90.5587 435000 0 0
29 4 0 77.1104 1.56388 1.5708 1.2931 25.201 1293 0 0 72.084 90.902 435000 0 0
30 4 0 70.5144 0.410576 -1 1.10457 26.1825 653 0 0 61.3678 78.5146 435000 0 0
31 4 0 79.7562 1.6386 1.5708 1.37383 25.7748 1807 0 0 62.7737 80.0126 435000 0 0
32 4 1 80.5351 2.5695 -1 1.23768 26.8734 1381 0 0 53.0915 67.7701 435000 0 0
33 4 1 79.3961 0.67365 -1 1.25558 27.4768 1499 0 0 53.7021 68.8484 435000 0 0
34 5 0 78.3357 2.75198 1.5708 1.28676 33.6347 859 0 0 68.6283 100.746 435000 0 0
35 5 0 72.4766 2.72791 1.5708 1.07754 34.1848 1697 0 0 68.1461 100.511 435000 0 0
36 5 0 59.6586 2.56834 -1 1.0981 34.1347 35 0 0 61.7669 85.2297 435000 0 0
37 5 0 58.2274 2.68871 -1 1.14328 34.5778 1925 0 0 62.7215 87.5496 435000 0 0
38 5 1 78.2029 2.60831 -1 1.21167 35.1068 977 0 0 54.0387 72.8141 435000 0 0
39 5 1 77.339 0.550582 -1 1.21913 35.3548 771 0 0 55.1521 74.7524 435000 0 0
40 6 0 78.4391 2.83422 1.5708 1.13568 42.2761 123 0 0 60.8961 92.9409 435000 0 0
41 6 0 76.4345 1.60871 1.5708 1.05956 42.2791 1087 0 0 58.6201 86.5386 435000 0 0
42 6 0 81.9404 2.9541 1.5708 1.08811 43.5564 1175 0 0 58.2387 87.0148 435000 0 0
43 6 1 72.3937 2.69373 -1 1.3036 42.467 447 0 0 53.5538 75.9704 435000 0 0
44 6 1 73.0373 0.321354 -1 1.3233 42.7161 2035 0 0 54.4008 77.7732 435000 0 0
45 7 0 99.3501 1.58209 1.5708 1.3405 52.5096 1259 0 0 51.9188 78.7947 435000 0 0
46 7 0 93.098 1.70867 0 1.37591 52.018 1487 0 0 51.3301 77.0983 435000 0 0
47 7 0 72.5245 1.39886 -1 1.11751 52.3321 1531 0 0 50.866 76.2634 435000 0 0
48 7 1 78.021 3.04981 -1 1.07951 50.7094 1281 0 0 49.5479 72.5267 435000 0 0
49 7 1 57.4181 3.10844 -1 1.09408 50.4725 1509 0 0 49.6924 72.6914 435000 0 0
