0 1 1 99.0805 1.57603 -1 1.13437 -0.0699433 2196 0 0 59.9486 0 381000 0 1.56422
1 1 1 103.21 1.66322 -1 1.10126 0 50 0 0 59.9347 0 381000 0 1.57737
2 1 1 99.662 1.54541 -1 1.07511 0.336157 0 0 0 56.0821 0 381000 0 1.59366
3 1 1 100.585 0.373764 -1 1.09174 1.46774 15 0 0 56.5966 0 381000 0 1.66232
4 1 1 101.832 1.4344 -1 1.11875 1.50972 1930 0 0 50.0559 0 381000 0 1.62784
5 1 1 78.9923 0.381026 -1 1.03173 2.81524 -1768916416 0 0 50.618 0 381000 0 1.67578
6 1 1 92.7626 1.21152 -1 1.09832 3.80003 61 0 0 44.1586 0 381000 0 1.67337
7 1 1 97.9858 0.611203 -1 1.05872 5.72712 -1768977888 0 0 44.5819 0 381000 0 1.72301
8 1 1 59.7333 2.31242 -1 1.14041 7.19471 -1768976880 0 0 39.7439 0 381000 0 1.72772
9 1 1 56.696 0.871087 -1 1.099 9.6086 -1768977696 0 0 40.244 0 381000 0 1.77926
10 2 0 71.9063 3.09577 0 1.32485 8.55688 15 0 0 69.3334 0 381000 0 0
11 2 0 53.1962 1.55314 -1 1.17205 8.22117 103 0 0 65.5878 0 381000 0 0
12 2 0 68.3249 2.82193 0 1.40897 8.46183 221 0 0 65.5805 0 381000 0 0
13 2 0 69.4421 2.6253 0 1.38372 8.97925 309 0 0 58.6311 0 381000 0 0
14 2 0 69.7095 0.0702048 0 1.34066 10.0093 891 0 0 58.0502 0 381000 0 0
15 2 0 69.8162 2.71587 0 1.3347 11.0012 939 0 0 50.0776 0 381000 0 0
16 2 0 65.5963 0.68113 -1 1.21599 12.0528 1002 0 0 50.4761 0 381000 0 0
17 2 1 56.6418 2.42011 -1 1.22979 13.3589 0 0 0 43.6154 0 381000 0 0
18 2 1 56.8188 0.718167 -1 1.29627 15.2495 4 0 0 44.3059 0 381000 0 0
19 3 0 73.0626 0.400268 0 1.32101 16.3523 -229268365 0 0 76.4451 84.982 381000 0 0
20 3 0 63.7026 2.65229 -1 1.10016 16.2902 0 0 0 76.2668 84.5366 381000 0 0
21 3 0 74.9593 1.4828 1.5708 1.3886 16.841 0 0 0 66.1425 77.9497 381000 0 0
22 3 0 78.7417 1.71381 1.5708 1.18924 16.75 2123 0 0 66.8635 78.2077 381000 0 0
23 3 0 76.6161 2.74315 0 1.25989 17.8373 241 0 0 56.4786 68.4027 381000 0 0
24 3 0 75.9874 2.87897 0 1.33382 18.7398 2241 0 0 56.8521 69.2561 381000 0 0
25 3 1 79.4621 2.43605 -1 1.17093 19.7747 1609 0 0 48.4792 59.7681 381000 0 0
26 3 1 74.9877 0.78533 -1 1.20798 21.4736 2359 0 0 48.7719 60.6549 381000 0 0
27 4 0 76.5024 1.55261 0 1.08803 24.7801 565 0 0 79.3813 98.783 381000 0 0
28 4 0 77.6804 2.48813 1.5708 1.19659 25.3552 329 0 0 70.7879 89.8503 381000 0 0
29 4 0 72.4829 1.55728 1.5708 1.39618 25.6434 1293 0 0 72.0752 91.6622 381000 0 0
30 4 0 72.5084 0.451702 -1 1.1844 26.3704 653 0 0 60.5528 77.5353 381000 0 0
31 4 0 79.6743 2.74683 0 1.17609 26.469 1807 0 0 62.8593 80.5605 381000 0 0
32 4 1 78.4923 2.54537 -1 1.29048 27.0347 1381 0 0 52.6652 67.488 381000 0 0
33 4 1 77.598 0.727851 -1 1.24063 27.6725 1499 0 0 53.8173 69.3609 381000 0 0
34 5 0 74.2604 2.58673 1.5708 1.15357 33.6007 859 0 0 67.9909 99.4031 381000 0 0
35 5 0 73.3973 0.569313 1.5708 1.19321 34.2492 1697 0 0 67.7643 100.814 381000 0 0
36 5 0 60.6152 2.71378 -1 1.1395 34.2011 35 0 0 61.285 84.7888 381000 0 0
37 5 0 57.9601 2.68109 -1 1.14928 34.7029 1925 0 0 62.5827 87.9419 381000 0 0
38 5 1 79.4662 2.64699 -1 1.20378 34.9298 977 0 0 53.8887 72.8072 381000 0 0
39 5 1 79.4947 0.575298 -1 1.21124 35.2639 771 0 0 55.3447 75.4115 381000 0 0
40 6 0 77.1713 2.79887 1.5708 1.1906 42.4264 123 0 0 60.2323 91.8118 381000 0 0
41 6 0 75.3404 1.62246 1.5708 1.08152 42.4463 1087 0 0 57.9282 85.6944 381000 0 0
42 6 0 81.2963 2.93072 1.5708 1.02933 43.7355 1175 0 0 57.7388 86.442 381000 0 0
43 6 1 72.7996 2.70386 -1 1.27749 42.4573 447 0 0 53.2243 75.7462 381000 0 0
44 6 1 73.239 0.32801 -1 1.29013 42.9587 2035 0 0 53.9231 77.436 381000 0 0
45 7 0 97.5042 1.55703 1.5708 1.46832 52.7594 1259 0 0 51.064 77.3888 381000 0 0
46 7 0 92.0055 1.74675 1.5708 1.46128 52.4257 1487 0 0 50.4656 75.7624 381000 0 0
47 7 0 73.4734 1.36377 -1 1.10238 52.7367 1531 0 0 50.028 75.0316 381000 0 0
48 7 1 79.6298 3.07332 -1 1.05824 50.9608 1281 0 0 48.8179 71.5368 381000 0 0
49 7 1 58.4823 3.02642 -1 1.08363 50.7353 1509 0 0 49.0538 71.9196 381000 0 0
