0 1 1 98.7417 1.60353 -1 1.14598 -0.0846668 2196 0 0 59.6992 0 483000 0 1.56288
1 1 1 103.886 1.63503 -1 1.07938 0 50 0 0 59.8973 0 483000 0 1.57871
2 1 1 101.923 1.48153 -1 1.0944 0.454839 0 0 0 55.7997 0 483000 0 1.60128
3 1 1 101.574 0.295321 -1 1.03201 1.44415 15 0 0 56.4095 0 483000 0 1.66152
4 1 1 98.8414 1.41224 -1 1.19226 1.26647 1930 0 0 49.952 0 483000 0 1.61952
5 1 1 78.2589 1.70836 -1 1.06947 2.38689 -1768916416 0 0 50.4519 0 483000 0 1.66111
6 1 1 91.0145 1.30506 -1 1.17976 2.84129 61 0 0 44.251 0 483000 0 1.64891
7 1 1 96.5426 1.94517 -1 1.04927 4.71922 -1768977888 0 0 44.5363 0 483000 0 1.69801
8 1 1 58.1203 2.41578 -1 1.12157 5.45348 -1768976880 0 0 39.8201 0 483000 0 1.69183
9 1 1 55.7788 0.830604 -1 1.10773 7.95937 -1768977696 0 0 40.2445 0 483000 0 1.74572
10 2 0 70.1437 2.73688 0 1.36888 8.37258 15 0 0 68.8627 0 483000 0 0
11 2 0 54.455 1.53089 -1 1.23107 8.45206 103 0 0 64.8422 0 483000 0 0
12 2 0 69.0086 2.94964 0 1.41986 8.60416 221 0 0 65.5239 0 483000 0 0
13 2 0 68.1522 2.67244 0 1.27388 9.20231 309 0 0 58.3466 0 483000 0 0
14 2 0 72.1121 0.407975 0 1.29323 10.1493 891 0 0 57.8237 0 483000 0 0
15 2 0 69.2839 2.65808 0 1.41052 10.3328 939 0 0 50.0633 0 483000 0 0
16 2 0 66.4395 0.62059 -1 1.21381 11.6139 1002 0 0 50.3401 0 483000 0 0
17 2 1 57.3574 2.51294 -1 1.15416 12.1936 0 0 0 43.5515 0 483000 0 0
18 2 1 57.9673 0.680804 -1 1.26466 14.254 4 0 0 44.1462 0 483000 0 0
19 3 0 80.986 0.371514 0 1.13778 16.7771 -229268365 0 0 75.6748 84.3601 483000 0 0
20 3 0 63.0818 1.54509 -1 1.08698 15.9722 0 0 0 76.0747 83.8372 483000 0 0
21 3 0 81.108 1.55858 1.5708 1.2571 17.6702 0 0 0 65.8968 77.8083 483000 0 0
22 3 0 72.6849 0.408699 0 1.33005 16.4649 2123 0 0 66.5567 77.6239 483000 0 0
23 3 0 78.627 1.5415 1.5708 1.11586 17.7151 241 0 0 56.3915 68.1275 483000 0 0
24 3 0 71.8562 2.92273 0 1.36763 18.4688 2241 0 0 56.5408 68.5598 483000 0 0
25 3 1 82.4099 2.49526 -1 1.17677 19.0915 1609 0 0 48.3412 59.2518 483000 0 0
26 3 1 75.2633 0.735705 -1 1.15739 20.8995 2359 0 0 48.4031 59.8308 483000 0 0
27 4 0 76.0048 0.411824 0 1.10854 25.0697 565 0 0 79.6511 98.2379 483000 0 0
28 4 0 77.7091 2.68832 0 1.44829 25.8689 329 0 0 70.7616 90.191 483000 0 0
29 4 0 73.8837 1.53161 1.5708 1.36481 24.9955 1293 0 0 71.7603 90.2417 483000 0 0
30 4 0 66.7232 2.6875 -1 1.1485 26.5811 653 0 0 60.0787 76.9748 483000 0 0
31 4 0 80.1674 1.61683 0 1.11864 25.7717 1807 0 0 62.4469 79.5232 483000 0 0
32 4 1 77.4703 2.63397 -1 1.25246 26.8105 1381 0 0 52.2725 66.7037 483000 0 0
33 4 1 77.2231 0.662359 -1 1.25042 27.2714 1499 0 0 53.4191 68.4156 483000 0 0
34 5 0 78.5536 2.82982 0 1.41543 33.2504 859 0 0 68.9798 100.926 483000 0 0
35 5 0 70.7467 2.72936 1.5708 1.04864 33.9075 1697 0 0 68.124 99.9151 483000 0 0
36 5 0 59.764 2.6641 -1 1.16993 33.9714 35 0 0 61.4829 84.6131 483000 0 0
37 5 0 57.6273 2.71952 -1 1.1198 34.2674 1925 0 0 62.6674 87.2434 483000 0 0
38 5 1 78.9388 2.64163 -1 1.19252 34.8388 977 0 0 53.6416 72.1242 483000 0 0
39 5 1 78.7285 0.57567 -1 1.24543 34.8182 771 0 0 55.2072 74.6482 483000 0 0
40 6 0 79.0293 2.8363 1.5708 1.1949 41.7841 123 0 0 61.2741 93.6135 483000 0 0
41 6 0 76.7958 2.74547 1.5708 1.09813 41.7631 1087 0 0 58.8764 86.853 483000 0 0
42 6 0 79.5752 2.94282 1.5708 1.14271 43.0114 1175 0 0 58.5635 87.4089 483000 0 0
43 6 1 71.3717 2.6972 -1 1.3188 42.1048 447 0 0 53.4887 75.7376 483000 0 0
44 6 1 71.9986 0.384475 -1 1.35511 42.336 2035 0 0 54.2898 77.4312 483000 0 0
45 7 0 99.133 1.57196 1.5708 1.3667 51.8577 1259 0 0 52.3267 79.4848 483000 0 0
46 7 0 94.5731 1.75257 1.5708 1.37113 51.525 1487 0 0 51.6251 77.5972 483000 0 0
47 7 0 73.0068 1.37089 -1 1.09983 51.7153 1531 0 0 51.1785 76.7053 483000 0 0
48 7 1 77.9424 2.9835 -1 1.09636 50.1043 1281 0 0 49.7825 72.8128 483000 0 0
49 7 1 57.1493 0.015576 -1 1.14386 49.779 1509 0 0 49.927 72.9449 483000 0 0
