0 1 1 100.211 1.42008 -1 1.13488 0.0829654 2196 0 0 59.8369 0 335000 0 1.57839
1 1 1 107.071 2.9854 -1 1.00527 0 50 0 0 59.8141 0 335000 0 1.5632
2 1 1 97.8156 1.40404 -1 1.08482 0.474483 0 0 0 55.6934 0 335000 0 1.59736
3 1 1 98.6374 0.487484 -1 1.11589 1.80768 15 0 0 56.411 0 335000 0 1.67601
4 1 1 109.101 0.0298486 -1 1.0828 2.23448 1930 0 0 49.9155 0 335000 0 1.65037
5 1 1 82.4064 0.399775 -1 1.11233 3.84709 -1768916416 0 0 50.7278 0 335000 0 1.70908
6 1 1 91.6502 1.12793 -1 1.15605 5.32285 61 0 0 44.0524 0 335000 0 1.70811
7 1 1 98.3865 0.618507 -1 1.0856 6.79184 -1768977888 0 0 44.4164 0 335000 0 1.7454
8 1 1 59.3271 2.20139 -1 1.14226 9.04021 -1768976880 0 0 39.6823 0 335000 0 1.76197
9 1 1 56.8045 0.908007 -1 1.1179 11.1399 -1768977696 0 0 40.0632 0 335000 0 1.80552
10 2 0 71.9171 2.99891 0 1.3289 8.55013 15 0 0 69.1066 0 335000 0 0
11 2 0 57.3 1.6089 -1 1.1818 8.97256 103 0 0 65.3549 0 335000 0 0
12 2 0 71.9998 2.86012 0 1.32458 8.99263 221 0 0 65.6483 0 335000 0 0
13 2 0 74.8357 0.223616 0 1.28909 9.44525 309 0 0 58.3534 0 335000 0 0
14 2 0 72.1394 0.167029 0 1.3636 10.8557 891 0 0 58.1418 0 335000 0 0
15 2 0 73.1809 2.61099 0 1.40523 11.9093 939 0 0 50.4714 0 335000 0 0
16 2 0 65.5495 0.700077 -1 1.21889 13.1563 1002 0 0 50.3282 0 335000 0 0
17 2 1 57.9903 2.32925 -1 1.18167 14.9281 0 0 0 43.8227 0 335000 0 0
18 2 1 57.2042 0.793115 -1 1.30513 16.4449 4 0 0 44.1359 0 335000 0 0
19 3 0 70.1377 2.57987 0 1.17283 16.69 -229268365 0 0 75.83 84.3255 335000 0 0
20 3 0 61.8533 1.66113 -1 1.15201 16.5301 0 0 0 76.449 84.5878 335000 0 0
21 3 0 76.2999 2.8145 0 1.15495 17.6129 0 0 0 66.1309 78.0283 335000 0 0
22 3 0 73.2344 2.90893 0 1.38209 17.1038 2123 0 0 67.059 78.6727 335000 0 0
23 3 0 75.1583 2.678 0 1.17275 18.4859 241 0 0 57.1491 69.3425 335000 0 0
24 3 0 71.3724 2.98483 0 1.39523 19.3868 2241 0 0 56.8924 69.4274 335000 0 0
25 3 1 79.6242 2.38604 -1 1.18542 20.9306 1609 0 0 49.1504 60.7834 335000 0 0
26 3 1 75.9993 0.823232 -1 1.17203 22.3159 2359 0 0 48.7873 60.7311 335000 0 0
27 4 0 75.7492 1.57673 1.5708 1.24612 25.6055 565 0 0 79.2027 98.8859 335000 0 0
28 4 0 80.9243 2.73845 0 1.2375 25.8815 329 0 0 70.6976 90.395 335000 0 0
29 4 0 80.5319 1.57621 1.5708 1.2431 25.8026 1293 0 0 72.3695 92.182 335000 0 0
30 4 0 71.7659 1.50403 -1 1.09078 26.9659 653 0 0 60.8837 78.5709 335000 0 0
31 4 0 82.5881 1.6577 1.5708 1.27624 26.525 1807 0 0 62.942 80.7199 335000 0 0
32 4 1 79.5476 2.5488 -1 1.25832 28.0128 1381 0 0 53.294 68.6372 335000 0 0
33 4 1 79.2772 0.694777 -1 1.25564 28.5145 1499 0 0 53.649 69.2419 335000 0 0
34 5 0 78.036 2.69371 1.5708 1.09707 34.2323 859 0 0 67.9292 100.043 335000 0 0
35 5 0 74.747 0.540692 0 1.16376 34.973 1697 0 0 67.4774 100.438 335000 0 0
36 5 0 60.2129 1.54373 -1 1.07428 34.9936 35 0 0 61.2673 85.2485 335000 0 0
37 5 0 58.9587 2.70569 -1 1.0798 35.2934 1925 0 0 62.5227 87.8813 335000 0 0
38 5 1 77.4621 2.6254 -1 1.22982 36.2589 977 0 0 53.7841 73.0824 335000 0 0
39 5 1 77.7858 0.588335 -1 1.22477 36.2013 771 0 0 55.148 75.205 335000 0 0
40 6 0 77.9271 2.7777 1.5708 1.11867 43.2396 123 0 0 59.9227 91.4307 335000 0 0
41 6 0 76.1805 1.63585 1.5708 1.11713 43.4032 1087 0 0 57.6758 85.5099 335000 0 0
42 6 0 84.8597 1.53954 1.5708 1.06458 44.6852 1175 0 0 57.2647 85.7878 335000 0 0
43 6 1 72.0948 2.71803 -1 1.291 43.5809 447 0 0 53.0485 75.7279 335000 0 0
44 6 1 75.6284 0.36294 -1 1.24443 43.8523 2035 0 0 53.8227 77.4224 335000 0 0
45 7 0 98.088 1.51656 1.5708 1.4746 53.8688 1259 0 0 50.7095 76.9017 335000 0 0
46 7 0 92.4639 1.74339 1.5708 1.47039 53.4192 1487 0 0 50.1754 75.4094 335000 0 0
47 7 0 73.3728 1.42148 -1 1.1601 53.8727 1531 0 0 49.7209 74.6435 335000 0 0
48 7 1 80.0455 3.02772 -1 1.05563 52.0997 1281 0 0 48.582 71.3162 335000 0 0
49 7 1 59.547 3.12976 -1 1.0406 52.0415 1509 0 0 48.6258 71.3946 335000 0 0
