0 1 1 98.9489 1.58354 -1 1.13232 -0.111405 2196 0 0 59.8091 0 391000 0 1.56032
1 1 1 103.106 1.66297 -1 1.1042 0 50 0 0 60.0113 0 391000 0 1.58127
2 1 1 99.8468 1.54535 -1 1.08139 0.271697 0 0 0 55.7685 0 391000 0 1.59084
3 1 1 101.059 0.370217 -1 1.07896 1.43553 15 0 0 56.5089 0 391000 0 1.66188
4 1 1 101.587 1.43126 -1 1.13398 1.45464 1930 0 0 49.9794 0 391000 0 1.62661
5 1 1 78.7381 0.375898 -1 1.02716 2.69193 -1768916416 0 0 50.5632 0 391000 0 1.67226
6 1 1 92.7316 1.21601 -1 1.13529 3.70874 61 0 0 44.3699 0 391000 0 1.67191
7 1 1 97.8824 0.607313 -1 1.05604 5.56171 -1768977888 0 0 44.6643 0 391000 0 1.71957
8 1 1 59.6473 2.32745 -1 1.13461 6.95966 -1768976880 0 0 39.9652 0 391000 0 1.7238
9 1 1 56.7572 0.868031 -1 1.09776 9.42783 -1768977696 0 0 40.3922 0 391000 0 1.77629
10 2 0 71.6823 0.0801571 0 1.32786 8.5044 15 0 0 69.2055 0 391000 0 0
11 2 0 53.3273 1.51838 -1 1.17356 8.15292 103 0 0 64.6683 0 391000 0 0
12 2 0 69.3038 2.81831 0 1.38033 8.53935 221 0 0 65.4735 0 391000 0 0
13 2 0 68.8679 2.51302 0 1.3365 8.95523 309 0 0 58.1902 0 391000 0 0
14 2 0 71.2434 2.95202 0 1.43399 9.99438 891 0 0 58.0593 0 391000 0 0
15 2 0 69.0022 2.69738 0 1.33485 11.0088 939 0 0 50.1985 0 391000 0 0
16 2 0 65.1476 0.675011 -1 1.20818 11.9211 1002 0 0 50.6328 0 391000 0 0
17 2 1 56.66 2.4407 -1 1.22103 13.23 0 0 0 43.7778 0 391000 0 0
18 2 1 56.5162 0.713556 -1 1.30693 15.0717 4 0 0 44.4577 0 391000 0 0
19 3 0 75.4066 0.397653 0 1.33663 16.2926 -229268365 0 0 75.3429 83.9645 391000 0 0
20 3 0 62.7838 0.490962 -1 1.07884 16.2708 0 0 0 76.0963 84.3021 391000 0 0
21 3 0 71.4163 1.50183 1.5708 1.49383 16.8169 0 0 0 65.7169 77.2781 391000 0 0
22 3 0 75.4553 2.79897 0 1.14097 16.7407 2123 0 0 66.9899 78.3664 391000 0 0
23 3 0 76.4041 2.81605 0 1.25005 17.819 241 0 0 56.7635 68.6505 391000 0 0
24 3 0 74.358 2.85576 0 1.31622 18.6666 2241 0 0 57.1218 69.4123 391000 0 0
25 3 1 79.3763 2.41975 -1 1.16494 19.7437 1609 0 0 48.6032 59.7975 391000 0 0
26 3 1 75.0876 0.776147 -1 1.20977 21.3213 2359 0 0 48.8577 60.5628 391000 0 0
27 4 0 76.5735 1.54906 1.5708 1.10483 24.7418 565 0 0 80.0357 97.8481 391000 0 0
28 4 0 76.5139 1.60894 1.5708 1.21482 25.3278 329 0 0 70.9452 89.9597 391000 0 0
29 4 0 74.5678 1.56565 1.5708 1.34679 25.5731 1293 0 0 72.423 92.1101 391000 0 0
30 4 0 72.9506 2.74593 -1 1.13655 26.3342 653 0 0 60.9853 78.1146 391000 0 0
31 4 0 79.4056 1.58763 1.5708 1.09618 26.385 1807 0 0 62.896 80.7266 391000 0 0
32 4 1 78.4614 2.59008 -1 1.29166 27.0097 1381 0 0 52.8084 67.5421 391000 0 0
33 4 1 78.761 0.722064 -1 1.25212 27.5865 1499 0 0 53.7143 68.9964 391000 0 0
34 5 0 75.3964 2.60642 0 1.20196 33.5005 859 0 0 68.4627 100.225 391000 0 0
35 5 0 72.6264 0.595533 1.5708 1.18648 34.1791 1697 0 0 68.143 101.078 391000 0 0
36 5 0 59.4321 2.71759 -1 1.11414 34.1551 35 0 0 61.7172 85.3576 391000 0 0
37 5 0 57.6952 2.71252 -1 1.14556 34.6503 1925 0 0 62.9138 88.1945 391000 0 0
38 5 1 79.0709 2.60234 -1 1.2158 34.878 977 0 0 54.0943 72.9173 391000 0 0
39 5 1 78.939 0.553326 -1 1.20783 35.2121 771 0 0 55.511 75.3677 391000 0 0
40 6 0 77.0443 2.89331 1.5708 1.13076 42.3198 123 0 0 60.6425 92.5112 391000 0 0
41 6 0 75.2794 1.62179 1.5708 1.07034 42.3322 1087 0 0 58.405 86.3559 391000 0 0
42 6 0 81.4303 2.83133 0 1.10519 43.6059 1175 0 0 58.1173 86.9586 391000 0 0
43 6 1 72.3557 2.70351 -1 1.28971 42.3588 447 0 0 53.5604 76.0642 391000 0 0
44 6 1 72.4095 0.332742 -1 1.28845 42.8444 2035 0 0 54.3222 77.8443 391000 0 0
45 7 0 97.7634 1.53211 0 1.43492 52.6072 1259 0 0 51.6326 78.3187 391000 0 0
46 7 0 91.7769 1.75563 1.5708 1.4523 52.2938 1487 0 0 50.9109 76.4438 391000 0 0
47 7 0 73.0809 1.36311 -1 1.10623 52.5603 1531 0 0 50.5925 75.8877 391000 0 0
48 7 1 79.5344 3.07185 -1 1.06895 50.7778 1281 0 0 49.2916 72.1602 391000 0 0
49 7 1 58.2595 3.02375 -1 1.09022 50.5672 1509 0 0 49.5494 72.5806 391000 0 0
