0 1 1 97.9294 1.46223 -1 1.15966 -0.19965 2196 0 0 59.6958 0 514000 0 1.55238
1 1 1 108.304 0.339606 -1 1.02882 0 50 0 0 60.0378 0 514000 0 1.58922
2 1 1 98.346 1.43954 -1 1.19416 0.0244645 0 0 0 55.6308 0 514000 0 1.57801
3 1 1 99.2948 1.68076 -1 1.06929 1.49523 15 0 0 56.4796 0 514000 0 1.66681
4 1 1 102.429 1.34953 -1 1.14834 0.603711 1930 0 0 49.8099 0 514000 0 1.59685
5 1 1 77.5695 1.66096 -1 1.0523 2.54379 -1768916416 0 0 50.7178 0 514000 0 1.66913
6 1 1 89.1717 1.29695 -1 1.27262 2.29133 61 0 0 44.1364 0 514000 0 1.63541
7 1 1 95.944 0.498503 -1 1.01991 4.09965 -1768977888 0 0 44.515 0 514000 0 1.68324
8 1 1 56.9556 2.46021 -1 1.13674 4.61566 -1768976880 0 0 39.7648 0 514000 0 1.67477
9 1 1 55.3934 0.838588 -1 1.14292 7.39005 -1768977696 0 0 40.1678 0 514000 0 1.73425
10 2 0 70.3218 2.78914 0 1.38672 8.21785 15 0 0 69.0291 0 514000 0 0
11 2 0 54.9502 1.61094 -1 1.19231 8.5538 103 0 0 64.8987 0 514000 0 0
12 2 0 70.7811 2.80287 0 1.32437 8.78454 221 0 0 65.7548 0 514000 0 0
13 2 0 70.7732 0.392226 0 1.21212 8.89203 309 0 0 57.9817 0 514000 0 0
14 2 0 69.1461 0.106562 0 1.41604 10.0065 891 0 0 57.8759 0 514000 0 0
15 2 0 68.4008 2.75956 0 1.48395 9.85293 939 0 0 50.0975 0 514000 0 0
16 2 0 63.2906 0.711626 -1 1.2245 11.4082 1002 0 0 50.1403 0 514000 0 0
17 2 1 57.2175 2.46492 -1 1.1388 11.3687 0 0 0 43.5087 0 514000 0 0
18 2 1 57.368 0.646806 -1 1.27487 13.5263 4 0 0 43.934 0 514000 0 0
19 3 0 77.3973 1.50741 1.5708 1.09448 16.3818 -229268365 0 0 75.2939 84.1471 514000 0 0
20 3 0 67.0153 0.420781 -1 1.12813 16.1346 0 0 0 75.9989 84.0899 514000 0 0
21 3 0 75.7123 2.76439 0 1.21501 17.1977 0 0 0 65.3177 77.2286 514000 0 0
22 3 0 72.7351 0.446753 0 1.32792 16.4775 2123 0 0 66.3448 77.6963 514000 0 0
23 3 0 73.9117 2.83801 0 1.07332 17.1228 241 0 0 56.381 68.0011 514000 0 0
24 3 0 75.3962 2.88326 1.5708 1.12734 18.3829 2241 0 0 56.2539 68.3538 514000 0 0
25 3 1 80.0817 2.4912 -1 1.12572 18.3467 1609 0 0 48.4906 59.305 514000 0 0
26 3 1 77.8348 0.707638 -1 1.13388 20.3999 2359 0 0 48.1437 59.4144 514000 0 0
27 4 0 76.7624 0.345646 0 1.20083 24.7748 565 0 0 79.9929 97.8997 514000 0 0
28 4 0 79.0931 2.66991 1.5708 1.18911 25.2799 329 0 0 70.5869 89.7787 514000 0 0
29 4 0 75.4532 1.59503 1.5708 1.27424 24.7538 1293 0 0 71.8807 90.3614 514000 0 0
30 4 0 71.9991 2.73044 -1 1.10178 25.9868 653 0 0 60.1543 77.0536 514000 0 0
31 4 0 78.1716 1.60449 1.5708 1.20499 25.599 1807 0 0 62.3122 79.2832 514000 0 0
32 4 1 80.9031 2.59272 -1 1.21669 26.1321 1381 0 0 52.625 67.069 514000 0 0
33 4 1 76.5327 0.650704 -1 1.25436 27.2703 1499 0 0 52.8271 67.5821 514000 0 0
34 5 0 78.2368 2.69624 1.5708 1.2856 32.9864 859 0 0 69.1501 100.708 514000 0 0
35 5 0 73.3958 0.618143 1.5708 1.12673 33.536 1697 0 0 68.4486 100.244 514000 0 0
36 5 0 59.3659 2.58931 -1 1.15042 33.6001 35 0 0 61.4181 84.3449 514000 0 0
37 5 0 57.7332 2.69753 -1 1.16191 33.8393 1925 0 0 62.7588 86.9665 514000 0 0
38 5 1 78.6102 2.645 -1 1.18968 34.7026 977 0 0 53.4866 71.9109 514000 0 0
39 5 1 76.3617 0.54476 -1 1.28331 34.6054 771 0 0 54.8319 73.8955 514000 0 0
40 6 0 77.6648 2.81538 0 1.27144 41.365 123 0 0 61.6345 94.0966 514000 0 0
41 6 0 75.1833 2.69682 1.5708 1.08928 41.3609 1087 0 0 59.094 87.0112 514000 0 0
42 6 0 79.9598 2.94214 0 1.19179 42.524 1175 0 0 58.7348 87.4157 514000 0 0
43 6 1 71.723 2.68787 -1 1.34549 41.7999 447 0 0 53.5418 75.7332 514000 0 0
44 6 1 71.4348 0.360006 -1 1.34611 41.656 2035 0 0 54.5672 77.5987 514000 0 0
45 7 0 99.4848 1.63798 1.5708 1.38435 51.2366 1259 0 0 52.6893 79.9925 514000 0 0
46 7 0 93.5134 1.79373 1.5708 1.37588 50.9062 1487 0 0 52.0111 78.1569 514000 0 0
47 7 0 73.5136 1.35222 -1 1.11036 51.2204 1531 0 0 51.4001 76.9241 514000 0 0
48 7 1 77.9028 2.99742 -1 1.1118 49.6714 1281 0 0 50.045 73.1563 514000 0 0
49 7 1 56.6903 0.0205326 -1 1.12192 49.1565 1509 0 0 50.0771 72.9902 514000 0 0
