0 1 1 99.1098 1.40931 -1 1.12279 0.100898 2196 0 0 59.9203 0 315000 0 1.57997
1 1 1 107.795 2.97654 -1 1.03539 0 50 0 0 59.8508 0 315000 0 1.56163
2 1 1 95.2875 1.42683 -1 1.09713 0.563354 0 0 0 56.1217 0 315000 0 1.60227
3 1 1 98.3092 0.45009 -1 1.09443 1.78644 15 0 0 56.5124 0 315000 0 1.67373
4 1 1 109.933 2.63895 -1 1.11703 2.432 1930 0 0 50.0998 0 315000 0 1.65709
5 1 1 82.2523 0.415763 -1 1.1379 3.95775 -1768916416 0 0 50.6059 0 315000 0 1.71178
6 1 1 91.6204 1.16005 -1 1.1203 5.61224 61 0 0 44.2187 0 315000 0 1.7147
7 1 1 98.6926 0.648501 -1 1.09392 7.33393 -1768977888 0 0 44.6631 0 315000 0 1.75809
8 1 1 59.2602 2.28395 -1 1.14193 9.45751 -1768976880 0 0 39.7294 0 315000 0 1.76964
9 1 1 56.8131 0.981549 -1 1.1364 11.8989 -1768977696 0 0 40.1859 0 315000 0 1.82034
10 2 0 72.7111 2.78378 0 1.38081 8.51402 15 0 0 69.2565 0 315000 0 0
11 2 0 54.1059 1.53388 -1 1.16099 8.79129 103 0 0 65.5717 0 315000 0 0
12 2 0 71.7253 2.85505 0 1.31145 8.98152 221 0 0 65.8661 0 315000 0 0
13 2 0 72.4284 0.288137 0 1.31701 9.33599 309 0 0 58.6631 0 315000 0 0
14 2 0 74.4712 0.143944 0 1.36573 10.807 891 0 0 58.1183 0 315000 0 0
15 2 0 73.1144 2.53142 0 1.3613 12.0332 939 0 0 50.106 0 315000 0 0
16 2 0 65.5107 0.72706 -1 1.25999 13.4386 1002 0 0 50.6477 0 315000 0 0
17 2 1 58.1656 2.30887 -1 1.17798 15.2809 0 0 0 43.6014 0 315000 0 0
18 2 1 57.1318 0.819654 -1 1.32026 17.0698 4 0 0 44.2832 0 315000 0 0
19 3 0 72.542 0.298601 0 1.12319 16.6536 -229268365 0 0 76.4582 84.9505 315000 0 0
20 3 0 62.7683 1.62748 -1 1.15631 16.6171 0 0 0 76.584 84.9436 315000 0 0
21 3 0 85.6537 1.54341 1.5708 1.20041 17.6127 0 0 0 66.4913 78.2665 315000 0 0
22 3 0 75.7926 2.90394 0 1.32477 17.2976 2123 0 0 66.9802 78.6959 315000 0 0
23 3 0 79.6922 1.50146 1.5708 1.17562 18.6755 241 0 0 57.0324 69.298 315000 0 0
24 3 0 72.8591 3.02308 0 1.36402 19.5932 2241 0 0 56.9891 69.6823 315000 0 0
25 3 1 82.0334 2.38037 -1 1.21638 21.1475 1609 0 0 48.7965 60.5272 315000 0 0
26 3 1 75.7163 0.815116 -1 1.20384 22.7329 2359 0 0 48.9921 61.2742 315000 0 0
27 4 0 74.7499 1.57976 1.5708 1.29405 25.6223 565 0 0 79.045 99.1738 315000 0 0
28 4 0 79.1081 2.67124 0 1.32159 26.0209 329 0 0 70.9164 90.2724 315000 0 0
29 4 0 77.4164 1.59215 0 1.16729 25.9504 1293 0 0 71.6142 91.7329 315000 0 0
30 4 0 65.9608 2.58835 -1 1.09545 27.2716 653 0 0 61.4256 78.9016 315000 0 0
31 4 0 80.1731 1.68404 0 1.12267 26.6498 1807 0 0 62.5315 80.6452 315000 0 0
32 4 1 77.4036 2.55587 -1 1.26944 28.208 1381 0 0 53.2338 68.5828 315000 0 0
33 4 1 78.2645 0.724633 -1 1.25256 28.7969 1499 0 0 53.6968 69.7041 315000 0 0
34 5 0 78.8938 2.69696 1.5708 1.10798 34.3219 859 0 0 67.5806 99.492 315000 0 0
35 5 0 76.008 0.608412 1.5708 1.11953 35.0806 1697 0 0 67.3415 100.371 315000 0 0
36 5 0 59.7093 1.55534 -1 1.08196 35.0091 35 0 0 61.1839 85.1622 315000 0 0
37 5 0 60.2448 1.62033 -1 1.08155 35.3851 1925 0 0 61.9603 87.4591 315000 0 0
38 5 1 76.6399 2.62512 -1 1.23939 36.2325 977 0 0 54.1264 73.5314 315000 0 0
39 5 1 79.4114 0.589142 -1 1.24383 36.378 771 0 0 55.0141 75.4838 315000 0 0
40 6 0 78.341 2.82754 1.5708 1.09773 43.4031 123 0 0 59.5276 90.7413 315000 0 0
41 6 0 76.9661 1.63724 1.5708 1.13222 43.5342 1087 0 0 57.292 84.9959 315000 0 0
42 6 0 84.7216 1.5715 0 1.03485 44.9493 1175 0 0 56.9328 85.3386 315000 0 0
43 6 1 72.7075 2.74343 -1 1.26139 43.6233 447 0 0 52.9964 75.7543 315000 0 0
44 6 1 75.7523 0.39342 -1 1.22519 44.1339 2035 0 0 53.3619 77.0085 315000 0 0
45 7 0 97.7856 1.51567 1.5708 1.50041 54.069 1259 0 0 50.3365 76.2613 315000 0 0
46 7 0 92.1831 1.78845 1.5708 1.49929 53.7006 1487 0 0 49.7475 74.6948 315000 0 0
47 7 0 73.0641 1.43867 -1 1.18689 54.1622 1531 0 0 49.312 74.0131 315000 0 0
48 7 1 80.7013 0.0106958 -1 1.04046 52.3179 1281 0 0 48.1249 70.6423 315000 0 0
49 7 1 59.3923 3.07718 -1 1.04552 52.3836 1509 0 0 48.3777 71.1263 315000 0 0
