0 1 1 100.13 1.42079 -1 1.13578 0.0758213 2196 0 0 59.8369 0 334000 0 1.57775
1 1 1 107.108 2.98496 -1 1.00576 0 50 0 0 59.8141 0 334000 0 1.56384
2 1 1 97.4399 1.4052 -1 1.08556 0.447116 0 0 0 55.6934 0 334000 0 1.59591
3 1 1 98.6417 0.488887 -1 1.11422 1.80733 15 0 0 56.411 0 334000 0 1.6762
4 1 1 109.35 3.10034 -1 1.0662 2.22289 1930 0 0 49.9155 0 334000 0 1.65007
5 1 1 82.4408 0.400756 -1 1.11306 3.85362 -1768916416 0 0 50.7278 0 334000 0 1.70942
6 1 1 91.704 1.12714 -1 1.15165 5.33245 61 0 0 44.0524 0 334000 0 1.7084
7 1 1 98.4239 0.619734 -1 1.08716 6.81394 -1768977888 0 0 44.4164 0 334000 0 1.74602
8 1 1 59.4942 2.20159 -1 1.13932 9.06019 -1768976880 0 0 39.6823 0 334000 0 1.76243
9 1 1 56.8719 0.966676 -1 1.13643 11.1751 -1768977696 0 0 40.0632 0 334000 0 1.8063
10 2 0 71.9929 2.79013 0 1.39681 8.54376 15 0 0 69.1066 0 334000 0 0
11 2 0 57.1916 1.61523 -1 1.18113 8.92887 103 0 0 65.3549 0 334000 0 0
12 2 0 71.965 2.93721 0 1.33961 8.99697 221 0 0 65.6483 0 334000 0 0
13 2 0 74.8696 0.246787 0 1.28858 9.39941 309 0 0 58.3534 0 334000 0 0
14 2 0 72.3481 0.143181 0 1.3666 10.8559 891 0 0 58.1418 0 334000 0 0
15 2 0 73.4876 2.59227 0 1.3931 11.9226 939 0 0 50.4714 0 334000 0 0
16 2 0 65.4504 0.700982 -1 1.22139 13.1641 1002 0 0 50.3282 0 334000 0 0
17 2 1 57.863 2.32795 -1 1.17649 14.9543 0 0 0 43.8227 0 334000 0 0
18 2 1 57.13 0.793974 -1 1.30639 16.4746 4 0 0 44.1359 0 334000 0 0
19 3 0 70.4706 2.57637 0 1.17671 16.6727 -229268365 0 0 75.83 84.3255 334000 0 0
20 3 0 61.9655 1.66477 -1 1.15044 16.5395 0 0 0 76.449 84.5878 334000 0 0
21 3 0 76.6796 2.80266 0 1.1323 17.6117 0 0 0 66.1309 78.0283 334000 0 0
22 3 0 73.353 2.88809 0 1.37724 17.1289 2123 0 0 67.059 78.6727 334000 0 0
23 3 0 75.4138 2.6843 0 1.16522 18.5029 241 0 0 57.1491 69.3425 334000 0 0
24 3 0 71.5538 2.98322 0 1.39563 19.3936 2241 0 0 56.8924 69.4274 334000 0 0
25 3 1 79.6291 2.36312 -1 1.18845 20.9537 1609 0 0 49.1504 60.7834 334000 0 0
26 3 1 76.0452 0.823968 -1 1.17635 22.3281 2359 0 0 48.7873 60.7311 334000 0 0
27 4 0 75.7786 1.57733 1.5708 1.25076 25.5921 565 0 0 79.2027 98.8859 334000 0 0
28 4 0 80.7621 2.70442 0 1.25614 25.9099 329 0 0 70.6976 90.395 334000 0 0
29 4 0 80.2623 1.5792 1.5708 1.23738 25.8074 1293 0 0 72.3695 92.182 334000 0 0
30 4 0 71.5347 1.50622 -1 1.09441 27.0207 653 0 0 60.8837 78.5709 334000 0 0
31 4 0 82.4654 1.65501 1.5708 1.26557 26.5252 1807 0 0 62.942 80.7199 334000 0 0
32 4 1 79.473 2.55224 -1 1.26009 28.0452 1381 0 0 53.294 68.6372 334000 0 0
33 4 1 79.2759 0.697001 -1 1.25779 28.5166 1499 0 0 53.649 69.2419 334000 0 0
34 5 0 78.0196 2.69233 1.5708 1.10088 34.2376 859 0 0 67.9292 100.043 334000 0 0
35 5 0 74.7912 0.597036 0 1.15802 34.9771 1697 0 0 67.4774 100.438 334000 0 0
36 5 0 60.0022 2.55988 -1 1.09629 35.0161 35 0 0 61.2673 85.2485 334000 0 0
37 5 0 58.9871 2.70446 -1 1.07756 35.2844 1925 0 0 62.5227 87.8813 334000 0 0
38 5 1 77.4085 2.62374 -1 1.23156 36.281 977 0 0 53.7841 73.0824 334000 0 0
39 5 1 77.8935 0.588651 -1 1.22507 36.1871 771 0 0 55.148 75.205 334000 0 0
40 6 0 77.914 2.78043 1.5708 1.11819 43.2463 123 0 0 59.9227 91.4307 334000 0 0
41 6 0 76.1687 1.63534 1.5708 1.11849 43.4072 1087 0 0 57.6758 85.5099 334000 0 0
42 6 0 84.8128 1.53826 1.5708 1.06307 44.6938 1175 0 0 57.2647 85.7878 334000 0 0
43 6 1 72.0643 2.71859 -1 1.29132 43.5869 447 0 0 53.0485 75.7279 334000 0 0
44 6 1 75.6826 0.361556 -1 1.24166 43.8557 2035 0 0 53.8227 77.4224 334000 0 0
45 7 0 98.0872 1.51676 1.5708 1.47535 53.8769 1259 0 0 50.7095 76.9017 334000 0 0
46 7 0 92.4833 1.74321 1.5708 1.47105 53.4277 1487 0 0 50.1754 75.4094 334000 0 0
47 7 0 73.3764 1.422 -1 1.16372 53.8817 1531 0 0 49.7209 74.6435 334000 0 0
48 7 1 80.0762 3.02792 -1 1.05477 52.106 1281 0 0 48.582 71.3162 334000 0 0
49 7 1 59.5578 3.13014 -1 1.03905 52.0544 1509 0 0 48.6258 71.3946 334000 0 0
