0 1 0 114.256 2.58627 0 1.35458 2.64689 -348333862 0 0 58.4419 0 670000 0 0
1 1 0 108.212 2.9254 0 1.42549 0 1585 0 0 57.0923 0 670000 0 0
2 1 0 72.0977 2.43056 -1 1.16467 7.72004 15 0 0 56.2586 0 670000 0 0
3 1 0 91.638 0.518039 -1 1.29187 3.0211 964 0 0 54.9539 0 670000 0 0
4 1 0 76.3226 2.39649 -1 1.18202 12.9745 1016 0 0 51.616 0 670000 0 0
5 1 0 109.578 0.0558754 0 1.52355 6.16752 60 0 0 48.5748 0 670000 0 0
6 1 0 103.946 2.3696 0 1.07734 18.8161 463 0 0 45.8627 0 670000 0 0
7 1 0 85.3856 0.898544 -1 1.35374 12.9079 15 0 0 43.3533 0 670000 0 0
8 1 1 83.6816 1.91319 -1 1.19897 26.6992 2037 0 0 40.8551 0 670000 0 0
9 1 1 84.9813 1.17173 -1 1.24379 20.9028 2091 0 0 39.141 0 670000 0 0
10 2 0 97.992 1.48785 0 1.29011 10.3854 2154 0 0 67.5826 0 670000 0 0
11 2 0 101.239 1.2439 0 1.0917 13.4805 103 0 0 65.9964 0 670000 0 0
12 2 0 100.363 1.7361 0 1.08631 9.91225 221 0 0 64.4372 0 670000 0 0
13 2 0 90.509 2.26733 0 1.09524 18.1685 339 0 0 59.6564 0 670000 0 0
14 2 0 95.8284 2.8815 0 1.25935 12.3823 449 0 0 57.5668 0 670000 0 0
15 2 0 71.827 2.12272 -1 1.18935 23.4702 537 0 0 52.4649 0 670000 0 0
16 2 0 94.8278 0.869419 0 1.28077 16.4516 4267 0 0 50.1009 0 670000 0 0
17 2 1 78.8275 1.98677 -1 1.39817 29.8244 0 0 0 45.9354 0 670000 0 0
18 2 1 77.8957 1.12908 -1 1.47906 24.1072 0 0 0 43.9959 0 670000 0 0
19 3 0 75.9147 1.43296 -1 1.44336 22.6842 3 0 0 77.7965 86.647 670000 0 0
20 3 0 96.1064 1.54723 0 1.26561 21.0734 -351158085 0 0 77.7987 85.0149 670000 0 0
21 3 0 73.5275 1.3678 -1 1.25141 25.0124 0 0 0 68.6367 82.5637 670000 0 0
22 3 0 94.13 1.63264 1.5708 1.4811 21.0633 0 0 0 67.5406 78.2344 670000 0 0
23 3 0 71.7546 2.24297 -1 1.16501 28.6117 0 0 0 59.1819 74.6538 670000 0 0
24 3 0 91.4931 2.9301 0 1.2365 23.0621 0 0 0 57.495 69.6136 670000 0 0
25 3 1 75.6033 2.09345 -1 1.31514 33.8423 0 0 0 51.1284 66.4655 670000 0 0
26 3 1 70.3162 1.00172 -1 1.37848 27.347 0 0 0 49.5181 61.9072 670000 0 0
27 4 0 93.3527 1.49504 1.5708 1.37675 32.6127 0 0 0 74.3044 103.305 670000 0 0
28 4 0 67.7988 1.45994 -1 1.5583 34.2076 0 0 0 69.9317 96.9161 670000 0 0
29 4 0 89.8225 1.53625 1.5708 1.4661 32.382 0 0 0 69.8108 92.9211 670000 0 0
30 4 0 84.9308 1.38575 0 1.34572 36.1533 0 0 0 62.3712 85.2214 670000 0 0
31 4 0 89.3866 1.5818 0 1.20634 32.3512 0 0 0 61.7743 80.5986 670000 0 0
32 4 1 56.3668 2.35466 -1 1.27014 38.6382 0 0 0 54.6177 74.1087 670000 0 0
33 4 1 82.5392 0.683468 -1 1.20349 33.2822 0 0 0 53.8815 70.1447 670000 0 0
34 5 0 85.4034 1.51788 0 1.36738 43.9361 0 0 0 62.3349 96.8555 670000 0 0
35 5 0 67.1178 1.52958 -1 1.51874 43.8664 0 0 0 61.4002 93.4257 670000 0 0
36 5 0 67.7623 1.45138 -1 1.36615 45.5391 0 0 0 58.5904 87.6901 670000 0 0
37 5 0 88.2729 1.50044 1.5708 1.47095 43.3306 0 0 0 57.9637 83.8127 670000 0 0
38 5 1 80.0778 2.60106 -1 1.12652 46.3533 0 0 0 53.474 76.9309 670000 0 0
39 5 1 79.6382 0.381095 -1 1.07208 42.7845 0 0 0 52.4011 72.8119 670000 0 0
40 6 0 57.7965 1.40581 -1 1.34508 53.4141 0 0 0 53.6455 82.9052 670000 0 0
41 6 0 93.776 1.50323 1.5708 1.31937 55.8148 0 0 0 51.4592 79.1965 670000 0 0
42 6 0 98.7088 1.52136 1.5708 1.30361 54.9072 0 0 0 50.8518 77.0205 670000 0 0
43 6 1 83.535 2.7702 -1 1.14987 55.101 0 0 0 49.6335 74.4214 670000 0 0
44 6 1 90.5966 1.45065 -1 1.04784 53.0686 0 0 0 48.4444 70.7733 670000 0 0
45 7 0 104.731 1.51481 -1 1.42698 65.2349 0 0 0 44.5906 68.4372 670000 0 0
46 7 0 91.189 1.66468 0 1.30938 66.6781 0 0 0 43.3923 66.4734 670000 0 0
47 7 0 96.4017 1.39321 1.5708 1.22283 66.0488 0 0 0 42.6401 64.5828 670000 0 0
48 7 1 80.2212 1.63551 -1 1.11918 64.6015 0 0 0 43.6139 66.0423 670000 0 0
49 7 1 64.0066 1.45412 -1 1.19732 62.748 0 0 0 42.6634 63.3765 670000 0 0
