0 1 0 112.978 3.08818 0 1.25301 1.68104 -348333862 0 0 58.5852 0 405000 0 0
1 1 0 106.428 2.98241 0 1.23694 0 1585 0 0 57.6837 0 405000 0 0
2 1 0 71.9412 2.51073 -1 1.11444 6.04581 15 0 0 56.634 0 405000 0 0
3 1 0 84.3458 0.534826 -1 1.13299 2.37074 964 0 0 55.2131 0 405000 0 0
4 1 0 76.6735 2.54731 -1 1.15758 10.2935 1016 0 0 51.6952 0 405000 0 0
5 1 0 105.568 0.432049 0 1.27088 4.07587 60 0 0 48.7266 0 405000 0 0
6 1 0 102.588 2.42729 0 1.10486 14.7452 463 0 0 45.8301 0 405000 0 0
7 1 0 84.2223 0.83946 -1 1.29142 9.56701 15 0 0 43.8867 0 405000 0 0
8 1 1 83.2608 1.99745 -1 1.1722 21.8376 2037 0 0 40.8455 0 405000 0 0
9 1 1 83.2627 0.957151 -1 1.23993 16.4353 2091 0 0 39.5069 0 405000 0 0
10 2 0 96.5793 1.52216 0 1.37198 10.3207 2154 0 0 68.4884 0 405000 0 0
11 2 0 101.233 1.34461 0 1.13996 12.5723 103 0 0 66.6543 0 405000 0 0
12 2 0 98.4332 1.64841 0 1.15717 10.2039 221 0 0 64.9545 0 405000 0 0
13 2 0 93.2627 2.34244 0 1.07885 16.2956 339 0 0 60.0988 0 405000 0 0
14 2 0 93.9481 2.84295 0 1.16243 11.7384 449 0 0 57.3474 0 405000 0 0
15 2 0 76.2959 2.29367 -1 1.09113 20.6084 537 0 0 52.5144 0 405000 0 0
16 2 0 93.6684 0.683846 0 1.28464 14.729 4267 0 0 50.1907 0 405000 0 0
17 2 1 80.2182 2.10727 -1 1.32936 26.0924 0 0 0 45.9875 0 405000 0 0
18 2 1 79.168 0.925091 -1 1.48044 21.1181 0 0 0 43.8699 0 405000 0 0
19 3 0 76.8465 1.43153 -1 1.42724 22.4256 3 0 0 78.5352 87.7217 405000 0 0
20 3 0 92.5042 1.48404 0 1.23819 21.0639 -351158085 0 0 77.3455 86.0276 405000 0 0
21 3 0 75.9695 1.34888 -1 1.24583 24.0083 0 0 0 69.0407 83.0421 405000 0 0
22 3 0 89.3206 1.63294 0 1.17516 20.7921 0 0 0 66.209 77.9364 405000 0 0
23 3 0 74.8138 1.21638 -1 1.10189 26.8447 0 0 0 59.3674 74.3323 405000 0 0
24 3 0 91.1664 0.494743 0 1.118 22.4504 0 0 0 56.4574 68.7483 405000 0 0
25 3 1 79.1539 2.16769 -1 1.16875 31.0283 0 0 0 51.3209 65.8985 405000 0 0
26 3 1 72.0035 0.907312 -1 1.29008 26.139 0 0 0 48.8246 60.9559 405000 0 0
27 4 0 94.2072 1.46784 1.5708 1.33351 32.4339 0 0 0 73.6778 103.864 405000 0 0
28 4 0 69.4378 1.43297 -1 1.48636 33.4754 0 0 0 69.85 97.4712 405000 0 0
29 4 0 94.2284 1.56519 0 1.35323 31.9921 0 0 0 68.7058 92.0536 405000 0 0
30 4 0 87.0228 1.3895 0 1.31518 35.1379 0 0 0 62.4246 85.1511 405000 0 0
31 4 0 94.3058 1.46286 1.5708 1.50848 31.8224 0 0 0 60.0641 78.7956 405000 0 0
32 4 1 58.9829 2.43775 -1 1.15508 37.0423 0 0 0 54.9137 73.963 405000 0 0
33 4 1 86.1991 0.625739 -1 1.10031 33.2806 0 0 0 52.5878 68.8144 405000 0 0
34 5 0 86.5961 1.47204 1.5708 1.34403 43.2407 0 0 0 62.1292 96.2529 405000 0 0
35 5 0 68.2027 1.54994 -1 1.47031 43.4209 0 0 0 60.7845 91.984 405000 0 0
36 5 0 69.3157 1.49167 -1 1.34277 44.6721 0 0 0 58.5277 87.4294 405000 0 0
37 5 0 89.832 1.49244 1.5708 1.55459 43.1761 0 0 0 57.1584 82.5386 405000 0 0
38 5 1 82.6978 2.64018 -1 1.04443 45.247 0 0 0 53.5908 76.8789 405000 0 0
39 5 1 80.571 1.61722 -1 1.05903 42.7981 0 0 0 51.5959 71.8027 405000 0 0
40 6 0 58.3368 1.47251 -1 1.35601 52.9109 0 0 0 53.3638 82.1541 405000 0 0
41 6 0 93.6162 1.52944 1.5708 1.30926 55.006 0 0 0 51.3279 78.7047 405000 0 0
42 6 0 99.4318 1.55553 1.5708 1.28417 54.5477 0 0 0 50.4699 76.2148 405000 0 0
43 6 1 86.3977 2.81788 -1 1.09778 54.3985 0 0 0 49.5672 74.1504 405000 0 0
44 6 1 89.8196 0.181928 -1 1.01822 53.1083 0 0 0 47.704 69.6241 405000 0 0
45 7 0 102.245 1.53333 -1 1.46791 64.7598 0 0 0 44.3081 67.7515 405000 0 0
46 7 0 89.6369 1.66713 1.5708 1.38947 65.9571 0 0 0 43.4276 66.2904 405000 0 0
47 7 0 96.1104 1.41417 1.5708 1.21921 65.3823 0 0 0 42.6479 64.4284 405000 0 0
48 7 1 80.812 1.62246 -1 1.11965 64.0041 0 0 0 43.3873 65.4662 405000 0 0
49 7 1 62.547 1.50607 -1 1.14774 62.5599 0 0 0 42.2463 62.6153 405000 0 0
