0 1 1 95.7556 1.53533 -1 1.02132 -0.734482 0 0 0 59.3999 0 460000 0 1.50369
1 1 1 99.8123 0.383202 -1 1.08534 0 1 0 0 60.4173 0 460000 0 1.6379
2 1 1 80.9328 2.65347 -1 1.10159 0.854513 2 0 0 56.2209 0 460000 0 1.64379
3 1 1 82.8903 0.473887 -1 1.11695 1.49884 3 0 0 56.8177 0 460000 0 1.68415
4 1 1 104.275 1.34045 -1 1.07851 3.5233 4 0 0 50.9206 0 460000 0 1.71262
5 1 1 98.4244 1.6805 -1 1.12771 3.45249 5 0 0 51.0563 0 460000 0 1.71083
6 1 1 89.9923 1.30878 -1 1.25905 6.07024 6 0 0 45.3199 0 460000 0 1.74301
7 1 1 102.313 1.8418 -1 1.09312 5.21224 7 0 0 44.5634 0 460000 0 1.7181
8 1 1 81.7689 2.49143 -1 1.21444 8.57999 8 0 0 39.916 0 460000 0 1.76213
9 1 1 58.9207 0.678102 -1 1.19226 8.24152 9 0 0 39.8499 0 460000 0 1.75392
10 2 0 73.986 0.556796 0 1.26186 7.91114 10 0 0 68.9142 0 460000 0 0
11 2 0 71.9127 2.63606 0 1.3996 7.72931 11 0 0 64.7059 0 460000 0 0
12 2 0 62.4055 0.524395 -1 1.0704 8.62936 12 0 0 66.0769 0 460000 0 0
13 2 0 71.2567 2.49655 0 1.47585 10.246 13 0 0 58.109 0 460000 0 0
14 2 0 72.8736 0.58089 0 1.32133 10.215 14 0 0 58.8362 0 460000 0 0
15 2 0 73.1422 2.61581 0 1.47096 13.5944 15 0 0 50.6108 0 460000 0 0
16 2 0 74.6709 0.456403 0 1.35845 12.8072 16 0 0 50.531 0 460000 0 0
17 2 1 82.5144 2.46217 -1 1.18585 16.6367 17 0 0 43.3177 0 460000 0 0
18 2 1 82.9395 0.667065 -1 1.16969 15.4886 18 0 0 43.3144 0 460000 0 0
19 3 0 71.5752 2.8936 0 1.3212 15.3159 19 0 0 74.0013 82.8212 460000 0 0
20 3 0 69.4424 2.79658 0 1.3243 16.0496 20 0 0 76.6826 84.8474 460000 0 0
21 3 0 73.6064 2.52698 0 1.43344 16.9717 21 0 0 64.7371 76.601 460000 0 0
22 3 0 73.1377 0.650725 1.5708 1.29679 17.5637 22 0 0 66.4798 78.8159 460000 0 0
23 3 0 62.8992 2.55514 -1 1.07736 20.1524 23 0 0 56.2078 69.1053 460000 0 0
24 3 0 79.2737 0.462424 0 1.27717 19.4117 24 0 0 56.7895 69.5362 460000 0 0
25 3 1 76.7775 2.3186 -1 1.24208 22.6045 25 0 0 48.5336 60.6611 460000 0 0
26 3 1 82.8102 0.845141 -1 1.17908 22.083 26 0 0 48.7313 60.775 460000 0 0
27 4 0 73.8647 0.0623269 0 1.14941 23.2795 27 0 0 80.4737 95.93 460000 0 0
28 4 0 77.2469 1.41723 1.5708 1.24415 24.6362 28 0 0 69.8639 88.387 460000 0 0
29 4 0 72.175 2.86536 0 1.22404 24.3729 29 0 0 72.9785 91.627 460000 0 0
30 4 0 78.916 2.49408 0 1.09769 27.1369 30 0 0 61.0723 79.0081 460000 0 0
31 4 0 71.5859 2.85182 0 1.3339 26.6007 31 0 0 61.7348 79.4641 460000 0 0
32 4 1 79.6392 2.45921 -1 1.14208 29.5834 32 0 0 52.4646 68.2706 460000 0 0
33 4 1 57.7839 0.757103 -1 1.14744 28.3246 33 0 0 52.8335 68.3366 460000 0 0
34 5 0 74.8594 1.42004 1.5708 1.21547 32.941 34 0 0 68.5495 99.88 460000 0 0
35 5 0 76.2884 1.56748 1.5708 1.29212 32.2556 35 0 0 70.4655 104.341 460000 0 0
36 5 0 58.6894 1.39593 -1 1.06679 34.9643 36 0 0 61.7846 86.5604 460000 0 0
37 5 0 76.2801 0.662855 1.5708 1.24715 33.761 37 0 0 63.4015 88.5043 460000 0 0
38 5 1 77.7806 2.48224 -1 1.1896 37.1033 38 0 0 54.209 74.4593 460000 0 0
39 5 1 81.3984 0.620301 -1 1.20044 35.3528 39 0 0 55.0824 74.9131 460000 0 0
40 6 0 54.0154 1.44518 -1 1.06023 41.1222 40 0 0 61.6157 94.0944 460000 0 0
41 6 0 77.4415 1.3951 1.5708 1.27127 42.976 41 0 0 58.3257 87.2742 460000 0 0
42 6 0 73.9148 1.65848 1.5708 1.10558 42.0412 42 0 0 58.9164 87.7432 460000 0 0
43 6 1 73.4663 2.64196 -1 1.25412 44.1131 43 0 0 53.519 77.3195 460000 0 0
44 6 1 56.2202 0.0871495 -1 1.20818 42.3288 44 0 0 54.0649 77.3567 460000 0 0
45 7 0 102.197 1.44924 1.5708 1.56706 51.0162 45 0 0 52.4024 79.3975 460000 0 0
46 7 0 84.3645 1.54161 1.5708 1.26844 52.4791 46 0 0 51.1118 77.1739 460000 0 0
47 7 0 74.2905 1.44442 1.5708 1.36304 50.9465 47 0 0 50.6696 75.3388 460000 0 0
48 7 1 81.0524 3.0364 1.5708 1.16195 52.0234 48 0 0 49.1297 72.6224 460000 0 0
49 7 1 57.5523 2.61432 1.5708 1.16602 49.5215 49 0 0 48.713 70.585 460000 0 0
