# CellID	Layer	Boundary	Stem	Area	Perimeter	CenterX	CenterY	WUS	CK	Neighbors	IsDividing	Volume	Circularity	WallNodeCount	CytNodeCount	CenterDist	CenterAngle	IsBuffer	ThetaLocal
# Units	-	-	-	-	um^2	um	um	um	-	-	count	-	um^3	-	count	count	um	rad	-	rad
0	1	1	0	102.162	37.0864	7.67898	2.57592	60.8713	0	0	0	102.162	0.93341	155	30	23.7086	1.24958	0	1.67469
1	1	1	0	83.5044	33.243	-3.56488	3.74834	59.8577	0	0	0	83.5044	0.949553	142	22	23.965	1.72828	0	1.4669
2	1	1	0	102.41	36.9112	18.8539	0.669674	57.3972	0	0	0	102.41	0.944569	152	30	27.7874	0.834518	0	1.71875
3	1	1	0	89.6189	34.6465	-14.2908	4.09631	55.3815	0	0	0	89.6189	0.938188	117	30	28.0461	2.1135	0	1.51301
4	1	1	0	95.3056	35.6432	28.9844	-2.54216	52.3832	0	0	0	95.3056	0.9427	143	30	33.6289	0.543057	0	1.78049
5	1	1	0	70.1026	30.3388	-23.7656	3.21597	50.4621	0	0	0	70.1026	0.957079	112	22	33.3064	2.37367	0	1.56775
6	1	1	0	92.8429	35.6827	38.3754	-5.2395	46.5866	0	0	0	92.8429	0.916313	149	30	40.9068	0.367065	0	1.79895
7	1	1	0	100.7	37.2724	-33.6922	0.643379	45.279	0	0	0	100.7	0.910887	138	30	39.6372	2.59616	0	1.63995
8	1	1	0	86.8745	33.6242	47.5714	-8.27861	41.0183	0	0	0	86.8745	0.965601	152	30	48.787	0.240942	0	1.81781
9	1	1	0	85.9832	33.3963	-43.1273	-2.99146	40.3395	0	0	0	85.9832	0.968782	149	30	46.5111	2.76907	0	1.70488
10	2	0	0	74.6934	31.7721	0.534875	-4.46553	68.9624	0	0	0	74.6934	0.929824	147	30	15.4583	1.54872	0	0
11	2	0	0	73.1429	31.312	11.9015	-6.42368	66.9392	0	0	0	73.1429	0.937474	138	30	17.8669	0.856239	0	0
12	2	0	0	64.9888	28.8617	-9.73799	-4.15403	64.0886	0	0	0	64.9888	0.980399	122	22	18.6334	2.13294	0	0
13	2	0	0	63.1185	28.4588	21.7325	-9.37577	61.0504	0	0	0	63.1185	0.979342	127	22	23.9813	0.455251	0	0
14	2	0	0	65.7319	29.1044	-19.0606	-5.17264	57.8141	0	0	0	65.7319	0.975144	117	22	24.2531	2.48797	0	0
15	2	0	0	73.9289	31.8749	31.9097	-12.3995	52.9846	0	0	0	73.9289	0.914377	154	30	32.5955	0.232822	0	0
16	2	0	0	68.9482	29.9951	-28.182	-6.54684	51.2865	0	0	0	68.9482	0.96301	142	22	31.3691	2.70117	0	0
17	2	1	0	79.4652	32.2039	42.7166	-15.6838	44.8953	0	0	0	79.4652	0.962876	145	30	42.7334	0.0992957	0	0
18	2	1	0	58.1277	27.8303	-37.7909	-8.99286	44.8239	0	0	0	58.1277	0.943101	135	22	39.5251	2.86148	0	0
19	3	0	0	59.7463	27.6579	5.00816	-12.8234	77.5575	85.7248	0	0	59.7463	0.981482	120	21	8.57567	0.974704	0	0
20	3	0	0	64.4934	28.7631	-4.28707	-11.9967	74.3733	83.3659	0	0	64.4934	0.979612	117	22	9.10252	2.08547	0	0
21	3	0	0	76.8274	31.8122	14.3143	-15.399	70.0072	82.957	0	0	76.8274	0.953979	136	30	14.8268	0.30986	0	0
22	3	0	0	63.423	28.5455	-13.6494	-12.5556	65.716	77.2635	0	0	63.423	0.978099	109	22	15.6801	2.65268	0	0
23	3	0	0	74.5507	31.6947	25.233	-18.4187	59.3188	73.5643	0	0	74.5507	0.932583	158	30	25.0843	0.0598865	0	0
24	3	0	0	61.5032	28.5337	-23.486	-14.0927	56.8735	69.0348	0	0	61.5032	0.949275	103	22	24.3861	2.9003	0	0
25	3	1	0	80.9918	32.4025	35.2382	-21.6763	50.2771	63.5535	0	0	80.9918	0.969379	152	30	35.0885	-0.050073	0	0
26	3	1	0	74.1723	31.363	-32.9656	-15.5509	49.0731	60.3962	0	0	74.1723	0.94758	140	30	33.4459	3.01058	0	0
27	4	0	0	74.0504	30.894	-0.239619	-21.207	78.8347	98.6225	0	0	74.0504	0.974963	113	29	1.35797	-1.89554	0	0
28	4	0	0	74.1484	30.9804	8.37476	-22.4031	74.0306	96.4467	0	0	74.1484	0.970818	109	30	8.54962	-0.294678	0	0
29	4	0	0	79.8375	32.2142	-9.00733	-20.8428	71.2031	89.7419	0	0	79.8375	0.966766	137	30	9.24716	-3.04163	0	0
30	4	0	0	76.9083	31.6032	18.1916	-24.976	63.9844	84.2531	0	0	76.9083	0.967657	113	30	18.6946	-0.273859	0	0
31	4	0	0	71.9488	30.8375	-19.0444	-21.239	61.2526	77.8	0	0	71.9488	0.950767	102	30	19.2832	-3.07314	0	0
32	4	1	0	78.612	31.9154	27.9391	-27.7708	54.7646	72.1621	0	0	78.612	0.969834	144	30	28.8348	-0.275749	0	0
33	4	1	0	72.6638	30.86	-28.5834	-22.9823	52.3504	66.9287	0	0	72.6638	0.958817	135	30	28.9396	-3.03558	0	0
34	5	0	0	74.2334	31.1455	2.3769	-30.6646	68.38	104.391	0	0	74.2334	0.961651	117	30	10.9641	-1.37033	0	0
35	5	0	0	63.0321	28.5851	-6.23571	-29.852	66.5479	95.5979	0	0	63.0321	0.969376	110	22	11.8313	-2.1453	0	0
36	5	0	0	73.3966	31.0021	11.7254	-32.4198	63.5188	91.7151	0	0	73.3966	0.959632	111	30	17.0066	-0.825657	0	0
37	5	0	0	77.8645	31.8694	-15.281	-29.6038	60.8217	83.2598	0	0	77.8645	0.963388	117	30	18.2549	-2.58243	0	0
38	5	1	0	80.9499	32.2894	21.0413	-34.6468	56.4243	78.8715	0	0	80.9499	0.975678	148	30	25.5245	-0.615009	0	0
39	5	1	0	75.9924	31.4446	-24.3903	-30.8579	53.4027	71.7087	0	0	75.9924	0.965804	135	30	26.9074	-2.72297	0	0
40	6	0	0	77.3627	32.0858	-3.67673	-39.9667	58.6477	88.2411	0	0	77.3627	0.944311	121	30	20.4169	-1.76152	0	0
41	6	0	0	72.7404	30.7854	5.22672	-40.1258	58.9162	89.1235	0	0	72.7404	0.964485	120	30	20.8231	-1.32667	0	0
42	6	0	0	75.745	31.9848	-12.2182	-38.8925	56.2954	81.7265	0	0	75.745	0.930413	113	30	22.6718	-2.15012	0	0
43	6	1	0	57.6512	27.6283	14.8183	-41.1906	55.2432	81.0824	0	0	57.6512	0.949099	138	22	25.8131	-0.968472	0	0
44	6	1	0	78.4895	31.833	-20.0357	-39.3921	51.8865	73.251	0	0	78.4895	0.973343	147	30	28.0782	-2.37527	0	0
45	7	0	1	92.3746	35.6173	-0.821459	-50.1749	50.4928	76.0928	0	0	92.3746	0.915042	139	30	30.2718	-1.60434	0	0
46	7	0	1	100.771	38.0761	8.41993	-50.0569	50.1339	75.2626	0	0	100.771	0.873453	157	30	31.2394	-1.30432	0	0
47	7	0	1	93.3709	36.2231	-9.93554	-49.7581	49.2483	73.1235	0	0	93.3709	0.894234	145	30	31.5104	-1.89806	0	0
48	7	1	1	76.7367	32.0054	17.2702	-48.6695	48.9962	72.1128	0	0	76.7367	0.941386	143	30	33.4386	-1.03482	0	0
49	7	1	1	81.2579	33.0545	-18.6843	-48.4793	47.02	68.1125	0	0	81.2579	0.934575	147	30	34.2346	-2.15487	0	0
