# CellID	NodeIndex	X	Y	R	Theta
8	0	53.1275	-7.83186	51.7786	0.114873
8	1	53.2914	-7.62897	51.9651	0.11839
8	2	53.4429	-7.4156	52.141	0.122111
8	3	53.5805	-7.19392	52.305	0.125997
8	4	53.7049	-6.96627	52.4575	0.130004
8	5	53.818	-6.73375	52.6002	0.134109
8	6	53.9208	-6.49599	52.7343	0.138316
8	7	54.013	-6.25191	52.8598	0.142649
8	8	54.0928	-6.00089	52.975	0.147126
8	9	54.1581	-5.74385	53.0778	0.151736
8	10	54.2081	-5.48306	53.1673	0.156442
8	11	54.2441	-5.22057	53.2443	0.161207
8	12	54.268	-4.95692	53.3108	0.166016
8	13	54.2809	-4.69137	53.3681	0.170883
8	14	54.2823	-4.4229	53.4157	0.175832
8	15	54.2701	-4.15139	53.452	0.180873
8	16	54.2427	-3.87843	53.4747	0.185986
8	17	54.2	-3.60647	53.4838	0.191131
8	18	54.144	-3.33691	53.4808	0.196279
8	19	54.0768	-3.06929	53.4677	0.201433
8	20	53.9985	-2.80219	53.4451	0.206623
8	21	53.9071	-2.53487	53.4113	0.211872
8	22	53.7998	-2.26858	53.3631	0.217174
8	23	53.6751	-2.00672	53.2986	0.222475
8	24	53.5354	-1.75221	53.2192	0.227719
8	25	53.3841	-1.50497	53.1283	0.232896
8	26	53.223	-1.26293	53.0281	0.238038
8	27	53.0512	-1.02452	52.9181	0.243182
8	28	52.8666	-0.790375	52.796	0.248328
8	29	52.668	-0.563283	52.66	0.253435
8	30	52.4575	-0.345636	52.5115	0.258453
8	31	52.2381	-0.136918	52.3533	0.263378
8	32	52.0106	0.0650941	52.1869	0.26825
8	33	51.7737	0.261501	52.0111	0.273099
8	34	51.5252	0.450734	51.8235	0.277908
8	35	51.2652	0.629549	51.6231	0.282621
8	36	50.9966	0.796606	51.4123	0.287199
8	37	50.7217	0.953852	51.1937	0.291666
8	38	50.4396	1.10342	50.967	0.296068
8	39	50.1479	1.24458	50.7296	0.300407
8	40	49.8457	1.37357	50.4796	0.30462
8	41	49.5363	1.48699	50.2189	0.308622
8	42	49.2683	1.56597	49.9877	0.311756
8	43	49.0319	1.61919	49.7792	0.31423
8	44	48.8174	1.65111	49.5852	0.316179
8	45	48.6168	1.67054	49.4007	0.317815
8	46	48.423	1.67191	49.217	0.319073
8	47	48.2334	1.66175	49.0338	0.320089
8	48	48.0589	1.61225	48.8526	0.320251
8	49	47.887	1.53861	48.6662	0.319927
8	50	47.7198	1.44871	48.4793	0.319251
8	51	47.5512	1.35766	48.2906	0.318557
8	52	47.3876	1.2588	48.1043	0.31767
8	53	47.2254	1.15779	47.9187	0.316724
8	54	47.0656	1.05032	47.7334	0.315628
8	55	46.9055	0.940517	47.5472	0.314478
8	56	46.7484	0.824075	47.3618	0.313166
8	57	46.5913	0.70527	47.1757	0.311796
8	58	46.4392	0.578682	46.9923	0.310225
8	59	46.2897	0.449642	46.8105	0.308575
8	60	46.1429	0.312504	46.6291	0.306729
8	61	45.9969	0.172467	46.4477	0.304804
8	62	45.8565	0.0275281	46.2704	0.302726
8	63	45.7201	-0.118779	46.0967	0.300579
8	64	45.59	-0.267662	45.9285	0.298321
8	65	45.4646	-0.417079	45.7648	0.296006
8	66	45.3401	-0.570454	45.6011	0.293585
8	67	45.2165	-0.727857	45.4374	0.291056
8	68	45.0957	-0.889873	45.2753	0.288394
8	69	44.9801	-1.05647	45.1173	0.285583
8	70	44.8664	-1.22779	44.9601	0.282639
8	71	44.7579	-1.40347	44.8072	0.279549
8	72	44.6529	-1.58033	44.6577	0.276391
8	73	44.5542	-1.75956	44.5141	0.273123
8	74	44.4553	-1.93866	44.3707	0.269837
8	75	44.3657	-2.12272	44.2355	0.266367
8	76	44.2775	-2.30743	44.1021	0.262853
8	77	44.2144	-2.49786	43.9921	0.259045
8	78	44.1603	-2.69114	43.8906	0.255104
8	79	44.132	-2.89276	43.8127	0.250814
8	80	44.1115	-3.10102	43.7416	0.246318
8	81	44.1214	-3.29816	43.7036	0.241889
8	82	44.1443	-3.48166	43.6823	0.237684
8	83	44.1939	-3.6555	43.6899	0.23355
8	84	44.2486	-3.8262	43.704	0.229461
8	85	44.3119	-3.99451	43.7277	0.225383
8	86	44.379	-4.16366	43.7557	0.221272
8	87	44.4517	-4.33297	43.7898	0.217136
8	88	44.529	-4.50376	43.8289	0.212951
8	89	44.6132	-4.67553	43.8753	0.208718
8	90	44.7006	-4.85015	43.925	0.204417
8	91	44.7923	-5.02637	43.9794	0.200071
8	92	44.8862	-5.20399	44.0365	0.195694
8	93	44.9827	-5.38139	44.0972	0.191322
8	94	45.0809	-5.55814	44.1604	0.18697
8	95	45.1808	-5.73402	44.2263	0.182642
8	96	45.2826	-5.90903	44.295	0.17834
8	97	45.3837	-6.08472	44.3638	0.174038
8	98	45.4867	-6.2593	44.4354	0.169767
8	99	45.5921	-6.43117	44.5106	0.165561
8	100	45.6985	-6.59909	44.5883	0.161453
8	101	45.8039	-6.76968	44.6653	0.157304
8	102	45.9103	-6.94073	44.7439	0.153156
8	103	46.0185	-7.1115	44.8251	0.149023
8	104	46.1279	-7.28281	44.9083	0.144889
8	105	46.2359	-7.45705	44.9904	0.14071
8	106	46.3463	-7.63246	45.0755	0.136513
8	107	46.4602	-7.80817	45.1648	0.132316
8	108	46.5773	-7.98302	45.2583	0.128145
8	109	46.6942	-8.15714	45.3523	0.124008
8	110	46.8133	-8.33148	45.4494	0.119877
8	111	46.9348	-8.50458	45.5497	0.115785
8	112	47.0577	-8.67685	45.6522	0.111726
8	113	47.1805	-8.85122	45.7552	0.107639
8	114	47.3044	-9.02718	45.8599	0.103534
8	115	47.439	-9.19358	45.9769	0.0996319
8	116	47.5865	-9.31843	46.1114	0.0966196
8	117	47.7587	-9.40446	46.2747	0.0944103
8	118	47.9427	-9.47545	46.4512	0.0925154
8	119	48.141	-9.53149	46.6435	0.0909263
8	120	48.3578	-9.57635	46.8555	0.0895527
8	121	48.6012	-9.60695	47.0951	0.0884433
8	122	48.8778	-9.62379	47.3692	0.0875735
8	123	49.1522	-9.62904	47.6421	0.0869598
8	124	49.4253	-9.62431	47.9145	0.0865634
8	125	49.6979	-9.60828	48.1875	0.0864055
8	126	49.9701	-9.57838	48.4613	0.0865355
8	127	50.2397	-9.53246	48.7339	0.0869961
8	128	50.5039	-9.47073	49.0024	0.0877827
8	129	50.761	-9.39555	49.2652	0.0888452
8	130	51.0114	-9.30939	49.5223	0.0901296
8	131	51.2564	-9.21312	49.775	0.0916127
8	132	51.4969	-9.10579	50.0244	0.0933095
8	133	51.7322	-8.98553	50.2699	0.0952554
8	134	51.96	-8.85125	50.5096	0.0974729
8	135	52.1779	-8.70392	50.7409	0.0999447
8	136	52.3851	-8.54601	50.9631	0.102622
8	137	52.5825	-8.37972	51.1767	0.105459
8	138	52.7718	-8.20588	51.3834	0.108436
8	139	52.9536	-8.02378	51.5842	0.111564
9	0	-40.4697	1.24045	44.7512	2.79962
9	1	-40.5365	1.38607	44.8631	2.79706
9	2	-40.6119	1.52964	44.9827	2.79462
9	3	-40.6924	1.67502	45.1079	2.7922
9	4	-40.7777	1.82047	45.238	2.78982
9	5	-40.8691	1.9625	45.3729	2.78758
9	6	-40.9644	2.10616	45.5122	2.78534
9	7	-41.0646	2.24873	45.6559	2.78318
9	8	-41.1668	2.39014	45.8014	2.78107
9	9	-41.2722	2.52739	45.9485	2.77909
9	10	-41.3782	2.66851	46.0977	2.77704
9	11	-41.4886	2.80923	46.2511	2.77505
9	12	-41.6005	2.95005	46.4062	2.77308
9	13	-41.717	3.09324	46.5665	2.77111
9	14	-41.8367	3.23788	46.7305	2.76915
9	15	-41.9591	3.38211	46.8971	2.76724
9	16	-42.0838	3.52421	47.0652	2.7654
9	17	-42.2097	3.66363	47.2336	2.76363
9	18	-42.3373	3.80357	47.4039	2.76188
9	19	-42.4656	3.94474	47.5755	2.76013
9	20	-42.5968	4.08508	47.7496	2.75842
9	21	-42.7308	4.22546	47.9264	2.75675
9	22	-42.8677	4.3655	48.106	2.75512
9	23	-43.018	4.49127	48.2926	2.75388
9	24	-43.1795	4.58358	48.477	2.75338
9	25	-43.3706	4.63063	48.6717	2.75397
9	26	-43.5704	4.66256	48.8687	2.75491
9	27	-43.7834	4.67486	49.0707	2.75631
9	28	-44.0155	4.67504	49.2859	2.75808
9	29	-44.2757	4.6572	49.5207	2.76038
9	30	-44.575	4.62038	49.7851	2.7633
9	31	-44.9014	4.56428	50.0679	2.76675
9	32	-45.2288	4.49193	50.3464	2.77047
9	33	-45.5506	4.4024	50.6143	2.77443
9	34	-45.8628	4.29895	50.869	2.77853
9	35	-46.1662	4.18601	51.1129	2.7827
9	36	-46.4636	4.0646	51.3492	2.78695
9	37	-46.756	3.93242	51.578	2.79132
9	38	-47.0411	3.78724	51.7965	2.79584
9	39	-47.3156	3.63036	52.0021	2.80047
9	40	-47.5794	3.4651	52.196	2.80514
9	41	-47.8346	3.29285	52.3806	2.80986
9	42	-48.0826	3.11223	52.5568	2.81464
9	43	-48.3218	2.92103	52.7226	2.81953
9	44	-48.5493	2.71928	52.8753	2.82451
9	45	-48.7638	2.50968	53.0143	2.82953
9	46	-48.9665	2.29458	53.1419	2.83456
9	47	-49.1592	2.07402	53.2597	2.8396
9	48	-49.3422	1.84657	53.3674	2.84469
9	49	-49.5133	1.6114	53.4629	2.84983
9	50	-49.6707	1.36987	53.5449	2.85499
9	51	-49.8143	1.12441	53.6139	2.86014
9	52	-49.9458	0.876284	53.6721	2.86526
9	53	-50.0664	0.62501	53.7202	2.87038
9	54	-50.1756	0.369421	53.7576	2.8755
9	55	-50.2714	0.109296	53.7824	2.88064
9	56	-50.3522	-0.153804	53.7933	2.88575
9	57	-50.4183	-0.417648	53.7912	2.89081
9	58	-50.4714	-0.681116	53.7779	2.8958
9	59	-50.5128	-0.944636	53.7546	2.90074
9	60	-50.5423	-1.20933	53.7208	2.90566
9	61	-50.5581	-1.47569	53.6745	2.91055
9	62	-50.5581	-1.7425	53.614	2.91539
9	63	-50.5417	-2.00717	53.5392	2.92014
9	64	-50.5104	-2.26754	53.4521	2.92477
9	65	-50.4666	-2.52316	53.3549	2.92927
9	66	-50.4117	-2.77483	53.2487	2.93367
9	67	-50.3454	-3.02344	53.133	2.93799
9	68	-50.2663	-3.26892	53.0064	2.94223
9	69	-50.1733	-3.50991	52.8679	2.94635
9	70	-50.0664	-3.74448	52.7179	2.95032
9	71	-49.9471	-3.97138	52.5581	2.95412
9	72	-49.8173	-4.19075	52.3901	2.95778
9	73	-49.6778	-4.40345	52.2143	2.96129
9	74	-49.5279	-4.61001	52.0301	2.96468
9	75	-49.3665	-4.80984	51.8363	2.96793
9	76	-49.1927	-5.00118	51.6324	2.971
9	77	-49.0074	-5.18207	51.4192	2.97385
9	78	-48.8124	-5.35175	51.1988	2.97648
9	79	-48.6096	-5.51094	50.9727	2.97891
9	80	-48.3994	-5.66087	50.7412	2.98116
9	81	-48.1812	-5.802	50.5033	2.98322
9	82	-47.9538	-5.93332	50.2581	2.98509
9	83	-47.7171	-6.05275	50.0058	2.98671
9	84	-47.4726	-6.15862	49.748	2.98806
9	85	-47.2227	-6.251	49.4869	2.98913
9	86	-46.9686	-6.33145	49.2236	2.98996
9	87	-46.7102	-6.40136	48.9575	2.99057
9	88	-46.446	-6.46053	48.6875	2.99096
9	89	-46.175	-6.50687	48.4126	2.99107
9	90	-45.8981	-6.5375	48.1342	2.99083
9	91	-45.6184	-6.55108	47.8556	2.99024
9	92	-45.339	-6.54853	47.5798	2.9893
9	93	-45.0987	-6.53096	47.3451	2.98816
9	94	-44.8915	-6.50339	47.1446	2.98691
9	95	-44.7085	-6.4655	46.9696	2.98551
9	96	-44.5433	-6.41378	46.8145	2.98387
9	97	-44.3822	-6.37585	46.6614	2.98253
9	98	-44.2524	-6.29991	46.5454	2.98048
9	99	-44.1417	-6.181	46.4553	2.97757
9	100	-44.0169	-6.06774	46.3509	2.97472
9	101	-43.8974	-5.94104	46.2543	2.97159
9	102	-43.7763	-5.80819	46.1577	2.96831
9	103	-43.6577	-5.6693	46.0651	2.96489
9	104	-43.5392	-5.52745	45.9737	2.9614
9	105	-43.4218	-5.38256	45.8845	2.95784
9	106	-43.3055	-5.23541	45.7973	2.95421
9	107	-43.1877	-5.08804	45.7093	2.95056
9	108	-43.07	-4.93908	45.6224	2.94687
9	109	-42.9537	-4.78771	45.5378	2.94311
9	110	-42.8385	-4.63469	45.4554	2.93931
9	111	-42.7224	-4.48276	45.3725	2.93552
9	112	-42.6093	-4.33057	45.2933	2.93172
9	113	-42.5004	-4.17887	45.2188	2.92794
9	114	-42.3957	-4.02894	45.1485	2.9242
9	115	-42.2881	-3.87884	45.0762	2.92043
9	116	-42.1804	-3.72705	45.0047	2.91662
9	117	-42.0749	-3.57251	44.9366	2.91274
9	118	-41.9685	-3.41788	44.8684	2.90885
9	119	-41.862	-3.26406	44.8006	2.90496
9	120	-41.7589	-3.11024	44.7367	2.90108
9	121	-41.6584	-2.95838	44.6756	2.89724
9	122	-41.5561	-2.80536	44.6138	2.89336
9	123	-41.4559	-2.64928	44.5553	2.88941
9	124	-41.3568	-2.49113	44.4992	2.88541
9	125	-41.257	-2.3326	44.4432	2.88139
9	126	-41.1592	-2.17274	44.3902	2.87734
9	127	-41.0635	-2.01308	44.3398	2.8733
9	128	-40.9673	-1.85131	44.2903	2.86921
9	129	-40.8711	-1.68886	44.2418	2.86508
9	130	-40.7772	-1.52598	44.1963	2.86096
9	131	-40.6867	-1.36302	44.1548	2.85685
9	132	-40.5971	-1.19993	44.115	2.85273
9	133	-40.5121	-1.03342	44.0813	2.84856
9	134	-40.4259	-0.866881	44.0473	2.84437
9	135	-40.352	-0.694349	44.0276	2.84013
9	136	-40.2825	-0.523914	44.0122	2.83597
9	137	-40.2379	-0.346919	44.0234	2.83183
9	138	-40.197	-0.16946	44.0389	2.82771
9	139	-40.1819	0.0139612	44.0815	2.82364
9	140	-40.1704	0.1921	44.1266	2.81973
9	141	-40.1867	0.358975	44.1951	2.81626
9	142	-40.2062	0.517429	44.2645	2.81301
9	143	-40.2493	0.666063	44.3534	2.81015
9	144	-40.2935	0.811317	44.4427	2.80739
9	145	-40.3484	0.953566	44.5413	2.80477
9	146	-40.4049	1.09718	44.6423	2.80215
17	0	46.8557	-10.4219	45.2893	0.0739233
17	1	46.8799	-10.2253	45.3283	0.0782085
17	2	46.8846	-10.0383	45.348	0.082311
17	3	46.8968	-9.85852	45.3752	0.0862386
17	4	46.8668	-9.68816	45.3604	0.0900373
17	5	46.793	-9.51439	45.3028	0.0940041
17	6	46.7066	-9.33908	45.2336	0.0980419
17	7	46.6126	-9.1607	45.158	0.102177
17	8	46.5154	-8.97727	45.0804	0.106444
17	9	46.414	-8.79398	44.9995	0.110734
17	10	46.3101	-8.60999	44.9169	0.115061
17	11	46.2056	-8.42652	44.8346	0.119394
17	12	46.0995	-8.24277	44.7516	0.123752
17	13	45.9898	-8.05862	44.6659	0.128147
17	14	45.8784	-7.87198	44.5797	0.132619
17	15	45.7667	-7.68217	44.4945	0.137179
17	16	45.6511	-7.49205	44.4065	0.141777
17	17	45.5363	-7.30259	44.3201	0.146374
17	18	45.4241	-7.11144	44.2375	0.151019
17	19	45.3065	-6.92503	44.1497	0.155594
17	20	45.1918	-6.73673	44.066	0.160219
17	21	45.0797	-6.54598	43.9863	0.164906
17	22	44.9613	-6.35882	43.9007	0.169555
17	23	44.8455	-6.17117	43.8187	0.174222
17	24	44.7311	-5.98403	43.739	0.178889
17	25	44.6146	-5.79895	43.6577	0.183535
17	26	44.4983	-5.61319	43.5778	0.188214
17	27	44.3808	-5.42613	43.4978	0.192944
17	28	44.2612	-5.23764	43.4171	0.197733
17	29	44.1388	-5.04907	43.3346	0.202554
17	30	44.0141	-4.86213	43.2506	0.207368
17	31	43.8872	-4.67853	43.1647	0.212135
17	32	43.7579	-4.49912	43.0765	0.216839
17	33	43.625	-4.32399	42.9849	0.221483
17	34	43.4844	-4.15921	42.8844	0.225952
17	35	43.3315	-4.0089	42.7693	0.230178
17	36	43.164	-3.87205	42.6378	0.234199
17	37	42.9811	-3.74834	42.489	0.23803
17	38	42.7793	-3.63849	42.3191	0.241677
17	39	42.5749	-3.55139	42.1416	0.244845
17	40	42.3692	-3.48542	41.9582	0.247559
17	41	42.1606	-3.43584	41.7683	0.249933
17	42	41.9502	-3.39774	41.5739	0.252073
17	43	41.738	-3.36813	41.3759	0.254045
17	44	41.5233	-3.34552	41.1738	0.255887
17	45	41.3057	-3.33044	40.9672	0.257588
17	46	41.0859	-3.32378	40.7563	0.25912
17	47	40.8653	-3.32652	40.5425	0.260448
17	48	40.6456	-3.33808	40.3273	0.261574
17	49	40.4285	-3.35692	40.1127	0.26252
17	50	40.2136	-3.3817	39.8987	0.263319
17	51	40.0003	-3.41387	39.6844	0.263935
17	52	39.7886	-3.45552	39.4691	0.264315
17	53	39.5823	-3.51497	39.2545	0.264226
17	54	39.3783	-3.59406	39.0369	0.263636
17	55	39.1785	-3.69584	38.8175	0.262445
17	56	38.9999	-3.80573	38.6166	0.260897
17	57	38.8443	-3.93006	38.4343	0.258816
17	58	38.7002	-4.05812	38.2623	0.256544
17	59	38.5757	-4.2005	38.1059	0.253759
17	60	38.4528	-4.34203	37.9515	0.250962
17	61	38.3422	-4.4924	37.8072	0.247836
17	62	38.2288	-4.64421	37.6603	0.244667
17	63	38.1226	-4.80493	37.5185	0.241196
17	64	38.017	-4.96898	37.377	0.237609
17	65	37.9197	-5.13913	37.2427	0.233784
17	66	37.8211	-5.31333	37.1067	0.229832
17	67	37.7272	-5.49257	36.9747	0.225691
17	68	37.6345	-5.6729	36.8444	0.221484
17	69	37.5466	-5.85459	36.7191	0.217182
17	70	37.457	-6.03943	36.5921	0.212777
17	71	37.3677	-6.2283	36.4653	0.208232
17	72	37.2798	-6.42116	36.3398	0.203539
17	73	37.1961	-6.61777	36.2185	0.19869
17	74	37.1149	-6.81898	36.0997	0.19367
17	75	37.0383	-7.023	35.9857	0.188516
17	76	36.9671	-7.22824	35.8778	0.183269
17	77	36.9006	-7.43371	35.7755	0.17796
17	78	36.8411	-7.63976	35.681	0.172572
17	79	36.7937	-7.84729	35.5991	0.167058
17	80	36.764	-8.05661	35.5357	0.161388
17	81	36.7546	-8.27034	35.4926	0.155487
17	82	36.7645	-8.48944	35.4691	0.149341
17	83	36.7963	-8.71683	35.4675	0.142868
17	84	36.8478	-8.93558	35.4881	0.13656
17	85	36.9196	-9.14625	35.5311	0.130411
17	86	37.012	-9.35158	35.5967	0.124354
17	87	37.1192	-9.55356	35.6787	0.118364
17	88	37.2331	-9.75331	35.7688	0.112442
17	89	37.3507	-9.9525	35.864	0.106555
17	90	37.471	-10.1511	35.9631	0.100708
17	91	37.5926	-10.3482	36.0649	0.0949325
17	92	37.714	-10.5425	36.1679	0.0892662
17	93	37.8364	-10.735	36.2732	0.0836786
17	94	37.9592	-10.9269	36.3801	0.0781404
17	95	38.0824	-11.1196	36.4884	0.072612
17	96	38.2067	-11.3137	36.5988	0.0670764
17	97	38.3331	-11.5085	36.7125	0.0615515
17	98	38.4597	-11.7011	36.8275	0.0561187
17	99	38.5868	-11.891	36.9443	0.0507939
17	100	38.7123	-12.0766	37.0607	0.0456203
17	101	38.8363	-12.2593	37.1768	0.040561
17	102	38.9597	-12.4398	37.2932	0.0355897
17	103	39.0829	-12.6185	37.4104	0.0306981
17	104	39.2063	-12.7947	37.5288	0.025906
17	105	39.3292	-12.9673	37.6475	0.0212372
17	106	39.4511	-13.1355	37.7663	0.0167149
17	107	39.5721	-13.2992	37.8848	0.0123424
17	108	39.693	-13.458	38.0041	0.00812362
17	109	39.8154	-13.6117	38.1255	0.00406767
17	110	39.9419	-13.7585	38.2518	0.000216402
17	111	40.0753	-13.894	38.3853	-0.0033153
17	112	40.1987	-14.0343	38.5095	-0.00694822
17	113	40.3502	-14.1286	38.6618	-0.00935955
17	114	40.5474	-14.1812	38.8595	-0.0106638
17	115	40.7538	-14.2432	39.0665	-0.0121947
17	116	40.9835	-14.2872	39.2968	-0.0132446
17	117	41.2438	-14.3154	39.5575	-0.0138698
17	118	41.5444	-14.3302	39.8582	-0.0141366
17	119	41.8442	-14.3318	40.158	-0.0140708
17	120	42.1441	-14.3196	40.4577	-0.0136637
17	121	42.4433	-14.2907	40.7565	-0.0128545
17	122	42.7388	-14.2437	41.0514	-0.0116186
17	123	43.0276	-14.1806	41.3395	-0.0100107
17	124	43.3099	-14.1041	41.6211	-0.00810493
17	125	43.5873	-14.0149	41.8979	-0.00592267
17	126	43.8604	-13.9111	42.1705	-0.00342334
17	127	44.1274	-13.7904	42.4372	-0.000557019
17	128	44.3845	-13.6531	42.6946	0.00266252
17	129	44.6303	-13.5025	42.941	0.00615532
17	130	44.8658	-13.3416	43.1778	0.00984825
17	131	45.0934	-13.171	43.4073	0.013725
17	132	45.3135	-12.9892	43.6303	0.0178224
17	133	45.5246	-12.7939	43.8453	0.02219
17	134	45.7233	-12.585	44.049	0.0268316
17	135	45.9075	-12.3651	44.2396	0.0316896
17	136	46.0782	-12.1369	44.4179	0.036702
17	137	46.2371	-11.9012	44.586	0.0418533
17	138	46.3849	-11.6569	44.7445	0.0471714
17	139	46.5197	-11.4028	44.8919	0.0526841
17	140	46.639	-11.14	45.0255	0.0583721
17	141	46.7409	-10.8716	45.1436	0.0641772
17	142	46.8111	-10.635	45.2295	0.0692963
18	0	-33.6103	-2.60124	37.0242	2.83525
18	1	-33.7107	-2.4323	37.1711	2.83173
18	2	-33.814	-2.26414	37.321	2.82828
18	3	-33.9234	-2.10059	37.4757	2.82503
18	4	-34.0359	-1.94118	37.6324	2.82194
18	5	-34.1522	-1.78211	37.7929	2.81891
18	6	-34.2721	-1.62337	37.9572	2.81594
18	7	-34.3969	-1.46615	38.1258	2.81308
18	8	-34.5256	-1.31039	38.2981	2.81032
18	9	-34.661	-1.15736	38.476	2.8077
18	10	-34.8002	-1.00658	38.657	2.8052
18	11	-34.945	-0.862185	38.8415	2.80292
18	12	-35.0916	-0.722085	39.0264	2.80078
18	13	-35.2442	-0.59178	39.2139	2.79895
18	14	-35.4018	-0.470514	39.4031	2.79739
18	15	-35.5704	-0.362077	39.5984	2.79625
18	16	-35.7493	-0.261851	39.8007	2.79541
18	17	-35.9457	-0.174429	40.0151	2.79502
18	18	-36.1453	-0.106738	40.2258	2.79512
18	19	-36.3502	-0.0655166	40.4326	2.79588
18	20	-36.559	-0.0426162	40.6368	2.79709
18	21	-36.769	-0.0348137	40.8372	2.79865
18	22	-36.9778	-0.0359472	41.0335	2.80039
18	23	-37.1845	-0.0449726	41.2253	2.80227
18	24	-37.3896	-0.057449	41.4146	2.8042
18	25	-37.5938	-0.0750539	41.6016	2.80623
18	26	-37.7976	-0.096265	41.7871	2.80831
18	27	-38.001	-0.124467	41.9702	2.81053
18	28	-38.2038	-0.159228	42.1508	2.81287
18	29	-38.4045	-0.205889	42.3259	2.81545
18	30	-38.6	-0.267858	42.4914	2.8183
18	31	-38.7917	-0.350057	42.6473	2.82156
18	32	-38.9794	-0.450175	42.7942	2.82516
18	33	-39.1554	-0.564689	42.9261	2.82897
18	34	-39.3126	-0.687114	43.0384	2.8328
18	35	-39.454	-0.818338	43.1335	2.8367
18	36	-39.5857	-0.958444	43.2175	2.8407
18	37	-39.7153	-1.10446	43.2984	2.84481
18	38	-39.8418	-1.25705	43.375	2.84903
18	39	-39.9667	-1.41523	43.4494	2.85334
18	40	-40.0901	-1.57981	43.5214	2.85778
18	41	-40.212	-1.74826	43.5917	2.86227
18	42	-40.3318	-1.9184	43.6604	2.86677
18	43	-40.4519	-2.09034	43.7298	2.8713
18	44	-40.5719	-2.26348	43.7996	2.87584
18	45	-40.6929	-2.43887	43.8708	2.88042
18	46	-40.8158	-2.61702	43.944	2.88506
18	47	-40.9357	-2.79741	44.0146	2.88972
18	48	-41.0565	-2.97737	44.0873	2.89435
18	49	-41.1781	-3.15445	44.1623	2.89891
18	50	-41.2939	-3.33405	44.232	2.90349
18	51	-41.4143	-3.51073	44.3078	2.908
18	52	-41.5409	-3.68595	44.3908	2.9125
18	53	-41.6614	-3.8652	44.4679	2.91704
18	54	-41.7851	-4.04235	44.5496	2.92154
18	55	-41.91	-4.21577	44.634	2.92594
18	56	-42.0277	-4.39099	44.7119	2.93033
18	57	-42.1481	-4.56155	44.7943	2.93462
18	58	-42.2723	-4.72876	44.8819	2.93883
18	59	-42.3917	-4.90027	44.9646	2.9431
18	60	-42.5141	-5.07108	45.0514	2.94736
18	61	-42.6381	-5.24229	45.1404	2.95161
18	62	-42.7589	-5.4161	45.2266	2.95589
18	63	-42.8795	-5.58921	45.3136	2.96013
18	64	-42.9989	-5.76217	45.4003	2.96435
18	65	-43.1162	-5.93621	45.4854	2.96858
18	66	-43.2336	-6.11083	45.5714	2.97279
18	67	-43.3506	-6.28862	45.6573	2.97706
18	68	-43.4731	-6.4649	45.7497	2.9813
18	69	-43.5527	-6.64267	45.8003	2.98541
18	70	-43.5849	-6.82315	45.8044	2.98941
18	71	-43.5888	-7.00874	45.7805	2.99343
18	72	-43.5753	-7.19764	45.7396	2.99747
18	73	-43.5474	-7.39312	45.6843	3.00162
18	74	-43.5004	-7.60057	45.6093	3.00598
18	75	-43.4298	-7.82605	45.5093	3.01068
18	76	-43.3307	-8.0784	45.3788	3.01591
18	77	-43.2193	-8.32679	45.2378	3.02105
18	78	-43.094	-8.57118	45.0845	3.02609
18	79	-42.9521	-8.80918	44.9167	3.03099
18	80	-42.7935	-9.03696	44.7344	3.03566
18	81	-42.6209	-9.25216	44.5404	3.04006
18	82	-42.4379	-9.45537	44.3381	3.0442
18	83	-42.2459	-9.64876	44.1286	3.04814
18	84	-42.0442	-9.83365	43.9108	3.0519
18	85	-41.8311	-10.0093	43.6832	3.05547
18	86	-41.606	-10.1732	43.445	3.05878
18	87	-41.3705	-10.323	43.1981	3.06179
18	88	-41.1273	-10.4587	42.945	3.06449
18	89	-40.8777	-10.5819	42.6868	3.06691
18	90	-40.6213	-10.694	42.4229	3.0691
18	91	-40.3564	-10.7942	42.1515	3.07101
18	92	-40.0827	-10.8798	41.8725	3.07259
18	93	-39.8022	-10.9486	41.588	3.07378
18	94	-39.5182	-11.0011	41.301	3.07458
18	95	-39.2318	-11.0397	41.0128	3.07505
18	96	-38.9422	-11.0661	40.722	3.07522
18	97	-38.648	-11.0792	40.4276	3.07506
18	98	-38.3498	-11.0765	40.1302	3.0745
18	99	-38.0508	-11.0564	39.8332	3.0735
18	100	-37.7742	-11.019	39.5599	3.07208
18	101	-37.529	-10.9659	39.3191	3.0703
18	102	-37.3078	-10.9014	39.1031	3.06825
18	103	-37.1019	-10.8248	38.9034	3.0659
18	104	-36.9079	-10.7295	38.7174	3.06307
18	105	-36.7381	-10.5951	38.5589	3.05924
18	106	-36.5834	-10.4143	38.4201	3.05422
18	107	-36.4376	-10.2219	38.2922	3.04889
18	108	-36.2944	-10.0291	38.168	3.04351
18	109	-36.1543	-9.83756	38.0479	3.03814
18	110	-36.0175	-9.64821	37.9319	3.0328
18	111	-35.8823	-9.46164	37.8183	3.02751
18	112	-35.7491	-9.27611	37.7076	3.02222
18	113	-35.6177	-9.09048	37.5998	3.0169
18	114	-35.4877	-8.90533	37.4943	3.01157
18	115	-35.3583	-8.72271	37.3902	3.00628
18	116	-35.2341	-8.54179	37.2921	3.00102
18	117	-35.111	-8.36661	37.1953	2.99589
18	118	-34.9857	-8.19237	37.0971	2.99076
18	119	-34.8627	-8.01546	37.0025	2.98553
18	120	-34.7402	-7.83675	36.9098	2.98023
18	121	-34.6179	-7.65698	36.8185	2.97488
18	122	-34.4955	-7.47794	36.7281	2.96952
18	123	-34.3742	-7.30098	36.6394	2.96419
18	124	-34.2557	-7.12647	36.554	2.95892
18	125	-34.1418	-6.95377	36.4739	2.9537
18	126	-34.031	-6.78375	36.3973	2.94854
18	127	-33.9221	-6.61703	36.3228	2.94346
18	128	-33.8142	-6.44736	36.2509	2.93829
18	129	-33.709	-6.27528	36.1832	2.93304
18	130	-33.6069	-6.10276	36.1195	2.92778
18	131	-33.5112	-5.93018	36.0631	2.92254
18	132	-33.4217	-5.75914	36.0134	2.91737
18	133	-33.3391	-5.58979	35.971	2.91227
18	134	-33.2609	-5.42289	35.9332	2.90725
18	135	-33.1884	-5.25716	35.9016	2.90229
18	136	-33.1177	-5.09235	35.8725	2.89736
18	137	-33.0612	-4.92031	35.8597	2.89232
18	138	-33.0157	-4.7408	35.8604	2.88716
18	139	-32.9973	-4.54715	35.8917	2.88181
18	140	-32.9884	-4.34084	35.9368	2.8762
18	141	-33.006	-4.14826	36.0047	2.87116
18	142	-33.0279	-3.96315	36.0757	2.86638
18	143	-33.0775	-3.78785	36.1714	2.86209
18	144	-33.1386	-3.61684	36.2775	2.85802
18	145	-33.2019	-3.44645	36.3863	2.85401
18	146	-33.2746	-3.279	36.5038	2.85018
18	147	-33.3507	-3.11178	36.625	2.8464
18	148	-33.4312	-2.94257	36.7515	2.84263
18	149	-33.5192	-2.77297	36.8858	2.83894
25	0	39.3603	-15.281	37.7006	-0.0401759
25	1	39.4151	-15.0566	37.747	-0.0341783
25	2	39.4493	-14.8421	37.7744	-0.0284697
25	3	39.4638	-14.6321	37.7835	-0.0229034
25	4	39.4532	-14.4252	37.7688	-0.0174351
25	5	39.3936	-14.2248	37.7063	-0.0121479
25	6	39.2787	-14.0237	37.5895	-0.00683493
25	7	39.1678	-13.8199	37.4777	-0.00141821
25	8	39.0505	-13.6219	37.3606	0.00387642
25	9	38.9318	-13.4268	37.2432	0.00912922
25	10	38.8128	-13.2327	37.1265	0.0143845
25	11	38.6931	-13.0394	37.0101	0.0196554
25	12	38.5722	-12.8474	36.8935	0.0249229
25	13	38.451	-12.6576	36.7776	0.0301646
25	14	38.3308	-12.4705	36.6636	0.0353638
25	15	38.2112	-12.2867	36.551	0.0405033
25	16	38.0935	-12.1047	36.4413	0.0456244
25	17	37.9754	-11.9251	36.332	0.0507116
25	18	37.8569	-11.7478	36.223	0.0557671
25	19	37.7386	-11.5731	36.1151	0.060779
25	20	37.623	-11.4009	36.0106	0.0657457
25	21	37.5097	-11.2328	35.9091	0.0706252
25	22	37.3947	-11.065	35.8067	0.075527
25	23	37.2776	-10.8979	35.7029	0.0804411
25	24	37.1585	-10.7315	35.598	0.0853681
25	25	37.0356	-10.5676	35.49	0.0902655
25	26	36.9098	-10.4067	35.3796	0.0951159
25	27	36.7824	-10.2527	35.2678	0.0998053
25	28	36.6567	-10.1039	35.1579	0.104373
25	29	36.5295	-9.963	35.0463	0.10875
25	30	36.4023	-9.8275	34.935	0.113
25	31	36.2723	-9.69806	34.8207	0.117115
25	32	36.1397	-9.57186	34.704	0.121173
25	33	35.9951	-9.45641	34.5747	0.124994
25	34	35.839	-9.34672	34.4338	0.128719
25	35	35.6584	-9.2546	34.2667	0.132062
25	36	35.4599	-9.16965	34.0812	0.1353
25	37	35.2574	-9.10867	33.889	0.137888
25	38	35.0545	-9.06172	33.6945	0.140097
25	39	34.8494	-9.03146	33.4957	0.141846
25	40	34.6427	-9.01235	33.2938	0.143292
25	41	34.4353	-9.00161	33.0901	0.144508
25	42	34.2281	-8.9964	32.8858	0.145572
25	43	34.0209	-8.99496	32.681	0.146536
25	44	33.8134	-8.99791	32.4753	0.147379
25	45	33.6066	-9.00567	32.2696	0.148082
25	46	33.4021	-9.01956	32.0653	0.148594
25	47	33.2008	-9.03677	31.8636	0.148996
25	48	33.0029	-9.05979	31.6645	0.149204
25	49	32.8085	-9.08633	31.4684	0.149289
25	50	32.6168	-9.11499	31.2745	0.149294
25	51	32.4267	-9.14931	31.0814	0.149112
25	52	32.2373	-9.18637	30.8886	0.148837
25	53	32.0511	-9.23617	30.6971	0.148132
25	54	31.8664	-9.29069	30.5064	0.147257
25	55	31.6888	-9.36674	30.3196	0.145636
25	56	31.5138	-9.45364	30.134	0.143625
25	57	31.3456	-9.56384	29.9518	0.140788
25	58	31.1779	-9.68973	29.7683	0.137391
25	59	31.0291	-9.82696	29.6023	0.133487
25	60	30.8891	-9.96929	29.4448	0.129329
25	61	30.763	-10.1244	29.3001	0.124634
25	62	30.6434	-10.2893	29.1613	0.119535
25	63	30.5331	-10.4642	29.0315	0.114004
25	64	30.4269	-10.6438	28.906	0.108251
25	65	30.3281	-10.828	28.7883	0.102261
25	66	30.2332	-11.0127	28.6757	0.0961905
25	67	30.1433	-11.1966	28.569	0.0900858
25	68	30.0557	-11.3809	28.4658	0.0839133
25	69	29.9714	-11.5654	28.3668	0.077683
25	70	29.888	-11.7481	28.27	0.0714666
25	71	29.8083	-11.9349	28.1778	0.0650558
25	72	29.7307	-12.1228	28.0887	0.0585602
25	73	29.6583	-12.3105	28.006	0.0520225
25	74	29.5875	-12.4942	27.9264	0.0455835
25	75	29.5224	-12.68	27.8535	0.0390262
25	76	29.4586	-12.8647	27.7831	0.0324739
25	77	29.4008	-13.0488	27.72	0.0259039
25	78	29.3441	-13.2299	27.6592	0.0194109
25	79	29.2943	-13.4119	27.6064	0.0128566
25	80	29.2502	-13.5946	27.5606	0.00624695
25	81	29.2143	-13.7768	27.5242	-0.000364737
25	82	29.1864	-13.9571	27.4969	-0.00692152
25	83	29.163	-14.1346	27.4753	-0.0133866
25	84	29.145	-14.3103	27.4602	-0.0197949
25	85	29.1418	-14.4868	27.4611	-0.0262236
25	86	29.1469	-14.6659	27.4715	-0.0327362
25	87	29.1765	-14.8493	27.5076	-0.0393653
25	88	29.2146	-15.0408	27.5539	-0.0462537
25	89	29.2745	-15.2193	27.6226	-0.0526076
25	90	29.3454	-15.3871	27.7027	-0.0585241
25	91	29.4324	-15.5463	27.7993	-0.0640575
25	92	29.5307	-15.7003	27.9077	-0.0693395
25	93	29.6327	-15.8552	28.0205	-0.0746021
25	94	29.745	-16.0056	28.144	-0.0796344
25	95	29.859	-16.1581	28.2702	-0.0846901
25	96	29.9798	-16.3066	28.4034	-0.0895378
25	97	30.1021	-16.4557	28.5389	-0.0943587
25	98	30.2285	-16.6046	28.6791	-0.0991116
25	99	30.3569	-16.7557	28.8222	-0.103889
25	100	30.4889	-16.9081	28.9696	-0.108648
25	101	30.624	-17.0613	29.1208	-0.113375
25	102	30.7607	-17.2154	29.2744	-0.118078
25	103	30.8992	-17.369	29.4303	-0.122708
25	104	31.0402	-17.5214	29.5893	-0.127234
25	105	31.1823	-17.6748	29.75	-0.131744
25	106	31.325	-17.8314	29.9123	-0.136308
25	107	31.469	-17.9875	30.0765	-0.140799
25	108	31.6148	-18.1432	30.243	-0.14522
25	109	31.7634	-18.3001	30.413	-0.149615
25	110	31.9123	-18.4585	30.5842	-0.154012
25	111	32.0621	-18.6171	30.7568	-0.158361
25	112	32.2141	-18.7747	30.932	-0.162616
25	113	32.3685	-18.9315	31.11	-0.166788
25	114	32.5285	-19.0837	31.2934	-0.170734
25	115	32.6816	-19.2415	31.4713	-0.17485
25	116	32.8518	-19.3406	31.6562	-0.176998
25	117	33.0473	-19.3888	31.8572	-0.177405
25	118	33.2444	-19.4461	32.0613	-0.17808
25	119	33.4549	-19.4831	32.275	-0.178051
25	120	33.6831	-19.4993	32.5025	-0.177301
25	121	33.9366	-19.4949	32.7512	-0.175803
25	122	34.2255	-19.4698	33.0314	-0.173523
25	123	34.5152	-19.4317	33.3103	-0.170897
25	124	34.8055	-19.3794	33.5876	-0.167893
25	125	35.0936	-19.3106	33.8604	-0.164468
25	126	35.3762	-19.2262	34.1255	-0.16067
25	127	35.6521	-19.129	34.3827	-0.156597
25	128	35.923	-19.0211	34.6337	-0.152299
25	129	36.1903	-18.9014	34.8802	-0.147746
25	130	36.4532	-18.7679	35.1209	-0.142883
25	131	36.7086	-18.6201	35.3532	-0.137715
25	132	36.9546	-18.4604	35.5755	-0.13232
25	133	37.1922	-18.2916	35.7892	-0.12677
25	134	37.4232	-18.1141	35.9965	-0.121066
25	135	37.6483	-17.9257	36.1978	-0.115149
25	136	37.865	-17.7241	36.3907	-0.108962
25	137	38.0697	-17.51	36.5717	-0.102533
25	138	38.2611	-17.2867	36.74	-0.0959542
25	139	38.441	-17.0568	36.8978	-0.0892836
25	140	38.6113	-16.8198	37.0472	-0.0825038
25	141	38.7718	-16.5741	37.1878	-0.0755635
25	142	38.9198	-16.3192	37.317	-0.0684507
25	143	39.0533	-16.0573	37.4333	-0.0612272
25	144	39.1733	-15.7916	37.5378	-0.0539662
25	145	39.2812	-15.5227	37.6321	-0.0466769
26	0	-26.5342	-9.76808	28.5062	3.00085
26	1	-26.5559	-9.53526	28.5613	2.99289
26	2	-26.5851	-9.30335	28.6253	2.98503
26	3	-26.6199	-9.07123	28.6968	2.97723
26	4	-26.6596	-8.83737	28.7751	2.96944
26	5	-26.705	-8.6034	28.8608	2.96172
26	6	-26.7569	-8.36899	28.9546	2.95407
26	7	-26.816	-8.13713	29.0567	2.94661
26	8	-26.881	-7.9079	29.1656	2.93933
26	9	-26.9506	-7.6804	29.2803	2.9322
26	10	-27.0247	-7.45333	29.4007	2.92517
26	11	-27.1046	-7.22616	29.5282	2.91824
26	12	-27.1917	-6.99978	29.664	2.91144
26	13	-27.2866	-6.77598	29.8081	2.90486
26	14	-27.3892	-6.55633	29.9599	2.89854
26	15	-27.4998	-6.34159	30.1195	2.8925
26	16	-27.6208	-6.13267	30.2888	2.8868
26	17	-27.7564	-5.93423	30.4705	2.88162
26	18	-27.9129	-5.75067	30.6691	2.87715
26	19	-28.0931	-5.583	30.8871	2.87343
26	20	-28.2971	-5.43096	31.1242	2.87046
26	21	-28.5179	-5.30157	31.3718	2.86837
26	22	-28.7447	-5.2	31.6175	2.86721
26	23	-28.9773	-5.12184	31.8626	2.86683
26	24	-29.2148	-5.05994	32.108	2.86698
26	25	-29.4565	-5.00893	32.3545	2.86749
26	26	-29.7025	-4.9675	32.6025	2.86831
26	27	-29.9516	-4.93632	32.8508	2.86944
26	28	-30.2015	-4.91643	33.097	2.87089
26	29	-30.4503	-4.90696	33.3393	2.87261
26	30	-30.6971	-4.90751	33.5771	2.87458
26	31	-30.9426	-4.91967	33.8107	2.87685
26	32	-31.1867	-4.94876	34.0389	2.87955
26	33	-31.4257	-5.0055	34.2552	2.88295
26	34	-31.6621	-5.09546	34.4611	2.88723
26	35	-31.895	-5.21496	34.6568	2.89226
26	36	-32.1064	-5.35153	34.8285	2.89756
26	37	-32.3011	-5.5029	34.9813	2.9031
26	38	-32.4801	-5.67008	35.1164	2.90893
26	39	-32.6488	-5.85344	35.2389	2.9151
26	40	-32.8118	-6.04527	35.3555	2.92142
26	41	-32.9697	-6.24392	35.4669	2.92786
26	42	-33.1227	-6.44538	35.5744	2.93431
26	43	-33.2716	-6.64692	35.6793	2.94069
26	44	-33.4181	-6.84724	35.7837	2.947
26	45	-33.5639	-7.04692	35.8888	2.95324
26	46	-33.7107	-7.24635	35.9963	2.95945
26	47	-33.8562	-7.44736	36.1037	2.96565
26	48	-33.9988	-7.64697	36.2099	2.97177
26	49	-34.1367	-7.84694	36.3126	2.97784
26	50	-34.2749	-8.04223	36.4178	2.98375
26	51	-34.4134	-8.2355	36.5248	2.98957
26	52	-34.5485	-8.43055	36.6295	2.99539
26	53	-34.6819	-8.62571	36.7336	3.00118
26	54	-34.8133	-8.82014	36.8371	3.0069
26	55	-34.9422	-9.01411	36.9393	3.01257
26	56	-35.0696	-9.20825	37.0413	3.01821
26	57	-35.1947	-9.40134	37.1423	3.02379
26	58	-35.3183	-9.59432	37.2429	3.02932
26	59	-35.4379	-9.78492	37.341	3.03475
26	60	-35.5531	-9.97208	37.4361	3.04005
26	61	-35.6628	-10.1557	37.5271	3.04522
26	62	-35.7677	-10.3361	37.6146	3.05026
26	63	-35.8687	-10.514	37.6994	3.0552
26	64	-35.9643	-10.6916	37.7798	3.06011
26	65	-36.0596	-10.8655	37.8611	3.06489
26	66	-36.1429	-11.0428	37.931	3.06972
26	67	-36.2079	-11.2186	37.9836	3.07446
26	68	-36.2183	-11.4017	37.9822	3.07928
26	69	-36.2071	-11.5946	37.9594	3.08434
26	70	-36.1674	-11.7935	37.9089	3.08952
26	71	-36.1136	-12.0063	37.8447	3.09506
26	72	-36.0355	-12.2394	37.7565	3.10113
26	73	-35.9322	-12.5034	37.6436	3.10803
26	74	-35.8159	-12.7642	37.5194	3.11487
26	75	-35.6851	-13.0206	37.3827	3.12163
26	76	-35.5389	-13.2696	37.2323	3.12824
26	77	-35.3794	-13.5087	37.0705	3.13463
26	78	-35.2092	-13.7386	36.8993	3.14083
26	79	-35.0282	-13.9606	36.7189	-3.13631
26	80	-34.8346	-14.1746	36.527	-3.13043
26	81	-34.627	-14.3779	36.3223	-3.12477
26	82	-34.4074	-14.5671	36.1064	-3.11943
26	83	-34.1792	-14.742	35.8826	-3.11441
26	84	-33.9445	-14.9049	35.6528	-3.10967
26	85	-33.7022	-15.0571	35.4158	-3.10515
26	86	-33.4508	-15.1976	35.1701	-3.1009
26	87	-33.1908	-15.3238	34.9157	-3.09698
26	88	-32.9247	-15.4344	34.655	-3.09345
26	89	-32.6551	-15.5309	34.3905	-3.09027
26	90	-32.3822	-15.6153	34.1224	-3.08739
26	91	-32.1049	-15.6867	33.8496	-3.08484
26	92	-31.8533	-15.7303	33.6008	-3.08312
26	93	-31.6194	-15.7486	33.3685	-3.08216
26	94	-31.3986	-15.7454	33.1479	-3.08187
26	95	-31.1868	-15.7188	32.9348	-3.08229
26	96	-30.9871	-15.6535	32.7317	-3.08392
26	97	-30.7937	-15.5415	32.5322	-3.08701
26	98	-30.6038	-15.4045	32.3355	-3.09092
26	99	-30.4173	-15.2618	32.1422	-3.09506
26	100	-30.2314	-15.118	31.9501	-3.09929
26	101	-30.0464	-14.9733	31.7594	-3.10359
26	102	-29.8633	-14.8268	31.5712	-3.10801
26	103	-29.6833	-14.68	31.3867	-3.11249
26	104	-29.5061	-14.5346	31.2057	-3.11698
26	105	-29.3295	-14.3882	31.0259	-3.12156
26	106	-29.1521	-14.24	30.8458	-3.12625
26	107	-28.9736	-14.0889	30.6654	-3.13109
26	108	-28.7947	-13.9345	30.4853	-3.13609
26	109	-28.6175	-13.7792	30.3076	-3.14118
26	110	-28.4414	-13.6233	30.1318	3.13683
26	111	-28.2677	-13.4694	29.9593	3.13167
26	112	-28.0956	-13.3159	29.7892	3.12646
26	113	-27.9256	-13.1607	29.6219	3.12113
26	114	-27.7588	-13.002	29.4589	3.11563
26	115	-27.5975	-12.8415	29.3023	3.11001
26	116	-27.4422	-12.6782	29.1526	3.10424
26	117	-27.2936	-12.5133	29.0108	3.09837
26	118	-27.1512	-12.3467	28.8763	3.0924
26	119	-27.0151	-12.1755	28.7493	3.08622
26	120	-26.8886	-11.9932	28.6337	3.07961
26	121	-26.7769	-11.7921	28.5354	3.07234
26	122	-26.6826	-11.5694	28.4577	3.0643
26	123	-26.6133	-11.3467	28.4067	3.05629
26	124	-26.565	-11.1248	28.3784	3.04836
26	125	-26.5367	-10.9031	28.3718	3.04049
26	126	-26.522	-10.6809	28.3804	3.03265
26	127	-26.5151	-10.4574	28.3987	3.02479
26	128	-26.5145	-10.2307	28.4254	3.01687
26	129	-26.5201	-10	28.4606	3.00885
32	0	32.2636	-20.5578	31.3186	-0.218573
32	1	32.274	-20.3754	31.2897	-0.21281
32	2	32.2655	-20.2057	31.246	-0.20756
32	3	32.2678	-20.0426	31.215	-0.202432
32	4	32.2279	-19.8993	31.1474	-0.198181
32	5	32.1441	-19.7631	31.0387	-0.194413
32	6	32.0651	-19.6168	30.9332	-0.190263
32	7	31.9722	-19.4713	30.8147	-0.186196
32	8	31.8728	-19.3238	30.6899	-0.182075
32	9	31.7644	-19.1765	30.5569	-0.177977
32	10	31.6504	-19.028	30.4187	-0.173835
32	11	31.5327	-18.8815	30.2777	-0.169741
32	12	31.4117	-18.738	30.1344	-0.165724
32	13	31.2887	-18.5925	29.9894	-0.161617
32	14	31.1621	-18.4463	29.8411	-0.157465
32	15	31.0335	-18.2977	29.6911	-0.153201
32	16	30.9015	-18.1483	29.5381	-0.148882
32	17	30.7668	-17.9983	29.3829	-0.144515
32	18	30.6306	-17.8479	29.2268	-0.140095
32	19	30.4927	-17.6986	29.0697	-0.13567
32	20	30.3531	-17.5506	28.9116	-0.131252
32	21	30.2119	-17.4031	28.7526	-0.126809
32	22	30.0702	-17.254	28.5935	-0.122263
32	23	29.926	-17.1045	28.4324	-0.117661
32	24	29.7794	-16.9546	28.2696	-0.113006
32	25	29.6298	-16.8071	28.1046	-0.108391
32	26	29.4786	-16.6626	27.9389	-0.103835
32	27	29.3248	-16.5222	27.7717	-0.0993819
32	28	29.1712	-16.3842	27.6055	-0.0949582
32	29	29.0131	-16.2547	27.436	-0.090806
32	30	28.8537	-16.1302	27.2662	-0.0867875
32	31	28.685	-16.022	27.0889	-0.0833474
32	32	28.5109	-15.9212	26.9071	-0.0801547
32	33	28.3241	-15.839	26.7144	-0.0776488
32	34	28.127	-15.7647	26.5123	-0.0754309
32	35	27.9312	-15.7192	26.3136	-0.0742656
32	36	27.7379	-15.684	26.1183	-0.0734722
32	37	27.5446	-15.6772	25.9249	-0.0737576
32	38	27.3514	-15.6754	25.7321	-0.0742398
32	39	27.1582	-15.6887	25.5405	-0.0753225
32	40	26.9642	-15.7026	25.348	-0.0764426
32	41	26.7689	-15.7259	25.1552	-0.0779587
32	42	26.5715	-15.752	24.9605	-0.0796198
32	43	26.3734	-15.7884	24.7659	-0.0817223
32	44	26.1754	-15.8283	24.5719	-0.0839966
32	45	25.9799	-15.8779	24.3813	-0.086698
32	46	25.7859	-15.9299	24.1927	-0.0895335
32	47	25.5966	-15.9916	24.0098	-0.0927983
32	48	25.409	-16.0551	23.829	-0.0961797
32	49	25.2276	-16.1336	23.6562	-0.10022
32	50	25.0495	-16.2211	23.4879	-0.104683
32	51	24.8793	-16.3328	23.3307	-0.110206
32	52	24.711	-16.4597	23.1779	-0.116449
32	53	24.5662	-16.6009	23.0509	-0.123264
32	54	24.4326	-16.7477	22.937	-0.130328
32	55	24.3214	-16.91	22.8485	-0.138004
32	56	24.2204	-17.0803	22.7726	-0.146022
32	57	24.1352	-17.2598	22.7152	-0.154387
32	58	24.0543	-17.4411	22.664	-0.162841
32	59	23.9817	-17.6254	22.6231	-0.1714
32	60	23.9124	-17.8103	22.5871	-0.179988
32	61	23.8496	-17.9988	22.56	-0.188708
32	62	23.7912	-18.189	22.5392	-0.197484
32	63	23.7393	-18.3799	22.5266	-0.206247
32	64	23.6927	-18.5735	22.5215	-0.215083
32	65	23.6534	-18.7679	22.5254	-0.223888
32	66	23.6168	-18.9607	22.5335	-0.232589
32	67	23.5853	-19.1513	22.5475	-0.24114
32	68	23.5561	-19.344	22.566	-0.249741
32	69	23.5328	-19.5384	22.5923	-0.258334
32	70	23.5118	-19.733	22.6226	-0.266885
32	71	23.4979	-19.9266	22.661	-0.275291
32	72	23.4887	-20.1229	22.7063	-0.283717
32	73	23.4903	-20.3192	22.7636	-0.291977
32	74	23.4948	-20.5135	22.8246	-0.300072
32	75	23.5086	-20.7042	22.8948	-0.307854
32	76	23.5228	-20.8913	22.9657	-0.315431
32	77	23.5427	-21.0746	23.0421	-0.322724
32	78	23.5678	-21.2563	23.1241	-0.329832
32	79	23.5969	-21.4367	23.2106	-0.336779
32	80	23.6329	-21.6156	23.3043	-0.343516
32	81	23.6821	-21.7914	23.4103	-0.349878
32	82	23.7396	-21.9658	23.5245	-0.356002
32	83	23.8304	-22.1327	23.6681	-0.361277
32	84	23.9284	-22.3028	23.8203	-0.366503
32	85	24.0587	-22.4662	24.0007	-0.370911
32	86	24.19	-22.6226	24.18	-0.374974
32	87	24.3379	-22.7624	24.3689	-0.378087
32	88	24.4955	-22.8956	24.5646	-0.380759
32	89	24.6654	-23.0198	24.7686	-0.382864
32	90	24.8417	-23.1413	24.9776	-0.38474
32	91	25.0229	-23.2573	25.1891	-0.38631
32	92	25.2059	-23.3688	25.4006	-0.38766
32	93	25.388	-23.4755	25.6095	-0.388828
32	94	25.5687	-23.5785	25.8158	-0.389868
32	95	25.7468	-23.6795	26.0189	-0.390856
32	96	25.9253	-23.7788	26.2219	-0.391766
32	97	26.1046	-23.8774	26.4252	-0.392624
32	98	26.285	-23.9749	26.6291	-0.393415
32	99	26.4662	-24.0707	26.8332	-0.394123
32	100	26.647	-24.1642	27.0361	-0.394749
32	101	26.8265	-24.2543	27.2365	-0.395267
32	102	27.0034	-24.3419	27.4334	-0.395733
32	103	27.1785	-24.4248	27.627	-0.396056
32	104	27.3508	-24.506	27.8172	-0.39636
32	105	27.5228	-24.5806	28.0048	-0.396445
32	106	27.6922	-24.6542	28.1894	-0.396535
32	107	27.8618	-24.7187	28.3708	-0.396324
32	108	28.0292	-24.7783	28.5482	-0.395983
32	109	28.1955	-24.8225	28.7187	-0.39517
32	110	28.3527	-24.8779	28.8851	-0.394845
32	111	28.5043	-24.884	29.0275	-0.393032
32	112	28.6649	-24.8398	29.159	-0.389521
32	113	28.8337	-24.8057	29.3024	-0.386258
32	114	29.0084	-24.7493	29.4432	-0.382248
32	115	29.1953	-24.6706	29.5876	-0.377424
32	116	29.4021	-24.5667	29.7421	-0.371614
32	117	29.6376	-24.4323	29.9134	-0.364567
32	118	29.8691	-24.2856	30.0782	-0.357266
32	119	30.0944	-24.1253	30.2341	-0.349693
32	120	30.3101	-23.9518	30.3783	-0.341896
32	121	30.5145	-23.7679	30.5101	-0.333971
32	122	30.7086	-23.5761	30.6316	-0.325978
32	123	30.8941	-23.3771	30.7446	-0.317913
32	124	31.0716	-23.1699	30.8495	-0.309737
32	125	31.2401	-22.9538	30.9452	-0.301426
32	126	31.3977	-22.7294	31.0301	-0.293011
32	127	31.5438	-22.4984	31.1044	-0.284545
32	128	31.6794	-22.2622	31.1693	-0.276049
32	129	31.8054	-22.0203	31.2257	-0.267496
32	130	31.9212	-21.7714	31.2728	-0.258842
32	131	32.0246	-21.515	31.3084	-0.250079
32	132	32.1133	-21.2528	31.3306	-0.241271
32	133	32.1867	-20.988	31.3399	-0.232506
32	134	32.2353	-20.7593	31.3353	-0.225047
33	0	-20.5578	-16.2534	22.3865	-3.03029
33	1	-20.6129	-16.0447	22.4191	-3.03981
33	2	-20.6906	-15.8377	22.4763	-3.04933
33	3	-20.8038	-15.6309	22.5711	-3.05891
33	4	-20.9811	-15.4128	22.7309	-3.06912
33	5	-21.0951	-15.2014	22.8303	-3.07871
33	6	-21.1692	-15.0162	22.8934	-3.08699
33	7	-21.243	-14.8542	22.9589	-3.09421
33	8	-21.3152	-14.702	23.0244	-3.10096
33	9	-21.3851	-14.5563	23.0887	-3.10739
33	10	-21.4613	-14.4176	23.1606	-3.11349
33	11	-21.5338	-14.2771	23.2296	-3.11962
33	12	-21.6273	-14.1463	23.3205	-3.12532
33	13	-21.734	-14.0125	23.4255	-3.1311
33	14	-21.8684	-13.8844	23.5588	-3.1366
33	15	-22.0267	-13.7587	23.7169	3.14125
33	16	-22.1915	-13.642	23.8819	3.13637
33	17	-22.367	-13.5407	24.0582	3.1322
33	18	-22.5485	-13.4443	24.2408	3.12829
33	19	-22.7346	-13.3592	24.4281	3.12491
33	20	-22.9202	-13.275	24.6152	3.12161
33	21	-23.1079	-13.1969	24.8046	3.11862
33	22	-23.2958	-13.1196	24.9943	3.1157
33	23	-23.4856	-13.0475	25.1861	3.11303
33	24	-23.6758	-12.9787	25.3781	3.11053
33	25	-23.868	-12.9185	25.5722	3.10841
33	26	-24.06	-12.8643	25.766	3.10656
33	27	-24.2516	-12.8187	25.9591	3.10506
33	28	-24.4393	-12.775	26.1482	3.10365
33	29	-24.6249	-12.7375	26.3351	3.1025
33	30	-24.8081	-12.6995	26.5197	3.10134
33	31	-24.992	-12.6709	26.7046	3.10054
33	32	-25.1755	-12.6404	26.8893	3.09969
33	33	-25.3619	-12.6273	27.076	3.0995
33	34	-25.5497	-12.6149	27.2642	3.09933
33	35	-25.7403	-12.6315	27.4539	3.10023
33	36	-25.9373	-12.662	27.6496	3.10163
33	37	-26.1361	-12.723	27.8458	3.1041
33	38	-26.3274	-12.7932	28.0344	3.10686
33	39	-26.5098	-12.8799	28.2139	3.11015
33	40	-26.6884	-12.9749	28.3896	3.1137
33	41	-26.863	-13.0843	28.5613	3.1177
33	42	-27.037	-13.2009	28.7327	3.1219
33	43	-27.2092	-13.3248	28.9027	3.1263
33	44	-27.3815	-13.4533	29.0733	3.13081
33	45	-27.5519	-13.5858	29.2426	3.1354
33	46	-27.7196	-13.7189	29.4098	3.13997
33	47	-27.8834	-13.851	29.5737	-3.13874
33	48	-28.0466	-13.9843	29.7375	-3.13428
33	49	-28.2086	-14.1191	29.9009	-3.12981
33	50	-28.3702	-14.2552	30.0643	-3.12535
33	51	-28.5316	-14.3927	30.2282	-3.12088
33	52	-28.693	-14.5309	30.3927	-3.11645
33	53	-28.8534	-14.6691	30.5569	-3.11206
33	54	-29.0116	-14.8057	30.7193	-3.10777
33	55	-29.1697	-14.9451	30.8824	-3.10343
33	56	-29.3271	-15.0861	31.0453	-3.09908
33	57	-29.4841	-15.2277	31.2084	-3.09476
33	58	-29.6397	-15.3717	31.3709	-3.09041
33	59	-29.7923	-15.5163	31.531	-3.08608
33	60	-29.942	-15.6611	31.6888	-3.08178
33	61	-30.0888	-15.8048	31.8442	-3.07755
33	62	-30.2297	-15.9489	31.9944	-3.07334
33	63	-30.362	-16.0953	32.1367	-3.06907
33	64	-30.4915	-16.2368	32.2763	-3.06499
33	65	-30.6012	-16.3857	32.3973	-3.06067
33	66	-30.6784	-16.5512	32.4881	-3.05578
33	67	-30.7295	-16.738	32.5555	-3.0502
33	68	-30.7651	-16.9408	32.6101	-3.04411
33	69	-30.7902	-17.1661	32.6578	-3.03731
33	70	-30.801	-17.4206	32.6959	-3.02961
33	71	-30.7935	-17.7141	32.7226	-3.02067
33	72	-30.77	-18.0074	32.736	-3.01169
33	73	-30.7323	-18.2977	32.7375	-3.00275
33	74	-30.6826	-18.5845	32.7293	-2.99386
33	75	-30.6217	-18.8695	32.7123	-2.98497
33	76	-30.5477	-19.1533	32.6848	-2.97603
33	77	-30.4581	-19.4346	32.644	-2.96708
33	78	-30.3528	-19.7098	32.5894	-2.95821
33	79	-30.2348	-19.9772	32.5234	-2.94946
33	80	-30.1072	-20.2379	32.4492	-2.94082
33	81	-29.9703	-20.4941	32.3673	-2.93222
33	82	-29.8221	-20.7463	32.2759	-2.92363
33	83	-29.6604	-20.9925	32.1725	-2.91507
33	84	-29.4858	-21.2298	32.0568	-2.90663
33	85	-29.3009	-21.457	31.9309	-2.89836
33	86	-29.1077	-21.6755	31.7971	-2.89023
33	87	-28.9054	-21.8871	31.6548	-2.88217
33	88	-28.6915	-22.0909	31.5014	-2.87417
33	89	-28.465	-22.2836	31.3348	-2.86633
33	90	-28.2285	-22.4622	31.1566	-2.85875
33	91	-27.9859	-22.6273	30.9706	-2.85145
33	92	-27.7391	-22.7809	30.7789	-2.84437
33	93	-27.5212	-22.9017	30.6064	-2.83851
33	94	-27.3226	-22.9954	30.4452	-2.83362
33	95	-27.1353	-23.0655	30.2881	-2.82954
33	96	-26.9524	-23.1132	30.1289	-2.82617
33	97	-26.7792	-23.1684	29.9816	-2.82263
33	98	-26.6096	-23.1739	29.8223	-2.82067
33	99	-26.4314	-23.13	29.6394	-2.82018
33	100	-26.2522	-23.0609	29.4475	-2.82048
33	101	-26.0678	-22.9933	29.2512	-2.82069
33	102	-25.8823	-22.9194	29.0519	-2.82109
33	103	-25.6941	-22.8432	28.8492	-2.82154
33	104	-25.5015	-22.7663	28.6423	-2.82197
33	105	-25.3074	-22.6864	28.4328	-2.8225
33	106	-25.1114	-22.6023	28.2204	-2.82315
33	107	-24.9132	-22.5156	28.005	-2.82387
33	108	-24.7133	-22.4279	27.7877	-2.82462
33	109	-24.5136	-22.3384	27.5701	-2.82545
33	110	-24.3147	-22.2482	27.353	-2.82632
33	111	-24.1161	-22.1575	27.1361	-2.82723
33	112	-23.9167	-22.0665	26.9184	-2.82815
33	113	-23.716	-21.9744	26.699	-2.82912
33	114	-23.5137	-21.8805	26.4777	-2.83015
33	115	-23.3113	-21.784	26.2554	-2.83128
33	116	-23.1106	-21.6853	26.0342	-2.83254
33	117	-22.913	-21.5853	25.8156	-2.8339
33	118	-22.7165	-21.4851	25.598	-2.83531
33	119	-22.5218	-21.3837	25.3818	-2.8368
33	120	-22.3308	-21.2772	25.1677	-2.83856
33	121	-22.1511	-21.1623	24.962	-2.8408
33	122	-21.9814	-21.0362	24.7626	-2.84364
33	123	-21.8189	-20.8997	24.5673	-2.84701
33	124	-21.6794	-20.7614	24.3939	-2.85077
33	125	-21.5536	-20.6216	24.2335	-2.85481
33	126	-21.4427	-20.4776	24.0866	-2.85924
33	127	-21.3316	-20.327	23.9381	-2.86399
33	128	-21.2179	-20.1624	23.7841	-2.86934
33	129	-21.0868	-19.9649	23.6052	-2.8759
33	130	-20.9089	-19.7403	23.3752	-2.88318
33	131	-20.7895	-19.5211	23.2045	-2.891
33	132	-20.7055	-19.3019	23.0695	-2.8993
33	133	-20.6423	-19.0806	22.956	-2.908
33	134	-20.5932	-18.8575	22.8574	-2.91699
33	135	-20.5535	-18.6359	22.7703	-2.92609
33	136	-20.5213	-18.415	22.6926	-2.9353
33	137	-20.4944	-18.1953	22.6223	-2.94456
33	138	-20.4717	-17.9768	22.5582	-2.95386
33	139	-20.4548	-17.7574	22.5016	-2.9633
33	140	-20.4449	-17.5377	22.454	-2.97285
33	141	-20.4437	-17.3178	22.4168	-2.98251
33	142	-20.4509	-17.0997	22.3905	-2.99218
33	143	-20.4659	-16.885	22.3744	-3.00177
33	144	-20.4881	-16.6727	22.3678	-3.01131
33	145	-20.5181	-16.4625	22.3712	-3.0208
38	0	28.5997	-28.1005	30.489	-0.489434
38	1	28.5935	-27.8052	30.3458	-0.480943
38	2	28.5772	-27.5108	30.1962	-0.47255
38	3	28.5499	-27.2157	30.0386	-0.464214
38	4	28.5087	-26.9202	29.8705	-0.455986
38	5	28.4507	-26.6279	29.6906	-0.448007
38	6	28.3792	-26.378	29.5186	-0.441425
38	7	28.2949	-26.161	29.3501	-0.435968
38	8	28.1981	-25.9681	29.1812	-0.431377
38	9	28.0872	-25.7929	29.0075	-0.427489
38	10	27.9849	-25.6164	28.8415	-0.423391
38	11	27.8412	-25.4737	28.6518	-0.420912
38	12	27.6458	-25.3594	28.4268	-0.420049
38	13	27.4521	-25.2359	28.1996	-0.418852
38	14	27.2522	-25.1204	27.97	-0.417987
38	15	27.0516	-25.0089	27.7414	-0.417249
38	16	26.854	-24.899	27.5162	-0.416508
38	17	26.6598	-24.7918	27.2953	-0.415794
38	18	26.4673	-24.6889	27.0777	-0.415189
38	19	26.2765	-24.5879	26.8623	-0.414614
38	20	26.0863	-24.4877	26.6479	-0.414048
38	21	25.8959	-24.3884	26.4337	-0.413504
38	22	25.7049	-24.2914	26.2197	-0.413047
38	23	25.5147	-24.1965	26.0075	-0.412638
38	24	25.3268	-24.1044	25.7984	-0.412288
38	25	25.1417	-24.0151	25.5931	-0.411991
38	26	24.9589	-23.9294	25.3912	-0.411782
38	27	24.7798	-23.8471	25.1941	-0.411632
38	28	24.6026	-23.7689	25.0004	-0.4116
38	29	24.4264	-23.694	24.809	-0.411678
38	30	24.2495	-23.6242	24.619	-0.411953
38	31	24.0735	-23.561	24.4324	-0.412469
38	32	23.898	-23.5039	24.2487	-0.413213
38	33	23.7197	-23.4638	24.0694	-0.414659
38	34	23.5357	-23.4337	23.8889	-0.416611
38	35	23.3449	-23.424	23.7105	-0.419491
38	36	23.1457	-23.4253	23.5293	-0.422989
38	37	22.9553	-23.4453	23.3641	-0.427117
38	38	22.7708	-23.4754	23.2089	-0.431589
38	39	22.5895	-23.5175	23.0621	-0.436536
38	40	22.4095	-23.5706	22.9217	-0.441954
38	41	22.2288	-23.6289	22.7837	-0.44766
38	42	22.0475	-23.6957	22.6496	-0.453784
38	43	21.8643	-23.7668	22.5166	-0.460188
38	44	21.6817	-23.8458	22.3886	-0.466975
38	45	21.4993	-23.9296	22.264	-0.474021
38	46	21.3189	-24.0192	22.145	-0.481342
38	47	21.14	-24.1126	22.0303	-0.488861
38	48	20.9589	-24.2098	21.9167	-0.496654
38	49	20.7756	-24.3112	21.8046	-0.504748
38	50	20.5916	-24.4189	21.6964	-0.513194
38	51	20.4091	-24.5338	21.5946	-0.52198
38	52	20.2289	-24.6546	21.4996	-0.531031
38	53	20.0522	-24.7803	21.4118	-0.540273
38	54	19.8806	-24.9106	21.3326	-0.549648
38	55	19.7154	-25.046	21.2634	-0.559133
38	56	19.5587	-25.188	21.2068	-0.568732
38	57	19.4136	-25.3407	21.1678	-0.5785
38	58	19.2804	-25.5078	21.1487	-0.588563
38	59	19.1576	-25.6908	21.1493	-0.598982
38	60	19.0557	-25.8789	21.1722	-0.609033
38	61	18.9763	-26.074	21.2198	-0.618716
38	62	18.9177	-26.2773	21.2909	-0.628091
38	63	18.8725	-26.485	21.3773	-0.637193
38	64	18.8352	-26.6943	21.4726	-0.646064
38	65	18.8021	-26.9034	21.5729	-0.654725
38	66	18.772	-27.1132	21.6776	-0.663246
38	67	18.7448	-27.3235	21.7864	-0.671622
38	68	18.7209	-27.5338	21.8993	-0.679819
38	69	18.7021	-27.7456	22.0185	-0.68784
38	70	18.688	-27.9563	22.1421	-0.695594
38	71	18.6769	-28.1631	22.2667	-0.703044
38	72	18.6696	-28.3689	22.3947	-0.710264
38	73	18.6643	-28.5718	22.5235	-0.717249
38	74	18.6599	-28.771	22.6517	-0.724002
38	75	18.659	-28.9711	22.7841	-0.730608
38	76	18.6618	-29.1702	22.9195	-0.736996
38	77	18.6691	-29.366	23.0569	-0.743072
38	78	18.6838	-29.5617	23.2005	-0.748854
38	79	18.7046	-29.7542	23.3472	-0.754289
38	80	18.7313	-29.9417	23.4953	-0.759328
38	81	18.7606	-30.1242	23.6425	-0.764073
38	82	18.795	-30.3038	23.7918	-0.768521
38	83	18.8319	-30.4816	23.9421	-0.772791
38	84	18.8792	-30.6569	24.0986	-0.776627
38	85	18.9358	-30.8336	24.2629	-0.780185
38	86	19.0154	-31.0079	24.4422	-0.782966
38	87	19.1103	-31.1861	24.6352	-0.785374
38	88	19.2338	-31.3625	24.8473	-0.786881
38	89	19.3675	-31.5262	25.0576	-0.787714
38	90	19.5179	-31.6728	25.2677	-0.787588
38	91	19.683	-31.8063	25.4788	-0.786693
38	92	19.8595	-31.9285	25.6899	-0.785188
38	93	20.0386	-32.0451	25.8991	-0.783482
38	94	20.2186	-32.1589	26.107	-0.781706
38	95	20.4	-32.2711	26.3148	-0.779875
38	96	20.5831	-32.3817	26.5228	-0.777987
38	97	20.7676	-32.4906	26.7307	-0.776042
38	98	20.9526	-32.5965	26.937	-0.774041
38	99	21.1364	-32.6989	27.1401	-0.772005
38	100	21.3168	-32.7994	27.3395	-0.770034
38	101	21.4939	-32.8969	27.5346	-0.768098
38	102	21.6688	-32.9904	27.7254	-0.766142
38	103	21.8458	-33.0829	27.9171	-0.764134
38	104	22.0243	-33.1761	28.1105	-0.762131
38	105	22.2047	-33.2686	28.3049	-0.760095
38	106	22.3865	-33.359	28.499	-0.757998
38	107	22.568	-33.4474	28.6916	-0.755889
38	108	22.748	-33.5325	28.8811	-0.753755
38	109	22.9256	-33.615	29.0671	-0.751645
38	110	23.101	-33.6943	29.2494	-0.749531
38	111	23.2745	-33.7697	29.4279	-0.74739
38	112	23.4467	-33.8414	29.603	-0.745213
38	113	23.6178	-33.9081	29.7741	-0.742961
38	114	23.7888	-33.9671	29.94	-0.740549
38	115	23.9602	-34.014	30.0982	-0.737857
38	116	24.1247	-34.0732	30.2599	-0.735647
38	117	24.2874	-34.0769	30.3832	-0.732144
38	118	24.4638	-34.0496	30.4965	-0.727611
38	119	24.6379	-33.9834	30.5829	-0.722209
38	120	24.8235	-33.9119	30.6754	-0.716461
38	121	25.0216	-33.8161	30.7625	-0.709884
38	122	25.2441	-33.7006	30.8569	-0.702345
38	123	25.4983	-33.554	30.9574	-0.693424
38	124	25.7494	-33.3968	31.0513	-0.684363
38	125	25.9952	-33.2256	31.1349	-0.675112
38	126	26.2316	-33.0396	31.2046	-0.665723
38	127	26.4556	-32.8415	31.2597	-0.656313
38	128	26.668	-32.635	31.3034	-0.646948
38	129	26.8715	-32.4214	31.3384	-0.637593
38	130	27.0674	-32.1991	31.3649	-0.628182
38	131	27.254	-31.9666	31.3806	-0.618693
38	132	27.4285	-31.7245	31.3838	-0.609184
38	133	27.5902	-31.4759	31.3756	-0.599735
38	134	27.741	-31.2227	31.3585	-0.590357
38	135	27.8829	-30.9646	31.3341	-0.580993
38	136	28.0156	-30.6995	31.3009	-0.571584
38	137	28.1364	-30.4258	31.2558	-0.562131
38	138	28.2419	-30.1454	31.197	-0.552723
38	139	28.3322	-29.8618	31.1263	-0.543444
38	140	28.4098	-29.5765	31.0466	-0.534287
38	141	28.4768	-29.2886	30.9589	-0.525181
38	142	28.5319	-28.9959	30.8611	-0.516078
38	143	28.5717	-28.698	30.75	-0.507015
38	144	28.5938	-28.3983	30.6249	-0.49811
39	0	-17.1822	-26.2911	22.65	-2.55569
39	1	-17.1873	-26.0712	22.5335	-2.56395
39	2	-17.1944	-25.8532	22.4212	-2.57227
39	3	-17.2043	-25.6372	22.3139	-2.58066
39	4	-17.2215	-25.4192	22.2132	-2.58938
39	5	-17.2474	-25.2014	22.122	-2.59838
39	6	-17.2817	-24.9865	22.0411	-2.60753
39	7	-17.3227	-24.7755	21.9699	-2.61675
39	8	-17.3668	-24.569	21.9056	-2.62591
39	9	-17.4142	-24.3656	21.8475	-2.63508
39	10	-17.468	-24.1647	21.798	-2.64434
39	11	-17.5346	-23.9673	21.7634	-2.65377
39	12	-17.6202	-23.7708	21.7479	-2.6636
39	13	-17.7257	-23.576	21.753	-2.67378
39	14	-17.8495	-23.3922	21.7818	-2.68387
39	15	-17.9861	-23.2265	21.8321	-2.69345
39	16	-18.1362	-23.0782	21.9041	-2.70252
39	17	-18.2988	-22.9445	21.9952	-2.71116
39	18	-18.4674	-22.8201	22.0973	-2.71946
39	19	-18.6401	-22.7019	22.2071	-2.72751
39	20	-18.8166	-22.5879	22.3235	-2.73536
39	21	-18.9969	-22.4787	22.4466	-2.743
39	22	-19.1809	-22.3741	22.5762	-2.75044
39	23	-19.3688	-22.2755	22.713	-2.7576
39	24	-19.5595	-22.1829	22.8556	-2.76449
39	25	-19.7517	-22.097	23.0031	-2.77104
39	26	-19.9446	-22.017	23.1544	-2.77727
39	27	-20.1391	-21.9441	23.3106	-2.78317
39	28	-20.336	-21.8783	23.4723	-2.78874
39	29	-20.5374	-21.8236	23.6427	-2.79385
39	30	-20.7441	-21.784	23.8238	-2.79837
39	31	-20.9569	-21.7624	24.0171	-2.8022
39	32	-21.1779	-21.7618	24.2254	-2.80526
39	33	-21.3869	-21.7794	24.4285	-2.8074
39	34	-21.5881	-21.8137	24.6298	-2.80877
39	35	-21.7843	-21.8574	24.8296	-2.80969
39	36	-21.9776	-21.91	25.0295	-2.81022
39	37	-22.1707	-21.9661	25.2303	-2.8106
39	38	-22.3646	-22.0286	25.434	-2.81075
39	39	-22.562	-22.0942	25.642	-2.81084
39	40	-22.7599	-22.1667	25.8527	-2.81067
39	41	-22.9585	-22.2443	26.0658	-2.81033
39	42	-23.1569	-22.3272	26.2803	-2.8098
39	43	-23.3549	-22.4124	26.4953	-2.8092
39	44	-23.5527	-22.499	26.7106	-2.80855
39	45	-23.7511	-22.5865	26.9266	-2.80789
39	46	-23.9506	-22.6756	27.1443	-2.80719
39	47	-24.1517	-22.7666	27.3641	-2.80646
39	48	-24.3539	-22.8595	27.5857	-2.80569
39	49	-24.5562	-22.9542	27.8079	-2.80488
39	50	-24.7576	-23.0501	28.0297	-2.80402
39	51	-24.9577	-23.1477	28.2508	-2.80311
39	52	-25.1575	-23.2468	28.4722	-2.80216
39	53	-25.3604	-23.3476	28.6971	-2.8012
39	54	-25.5669	-23.4506	28.9261	-2.80022
39	55	-25.775	-23.5566	29.1577	-2.79919
39	56	-25.9807	-23.6676	29.3888	-2.79798
39	57	-26.1728	-23.7905	29.6111	-2.79626
39	58	-26.3143	-23.9403	29.7951	-2.79314
39	59	-26.4136	-24.1255	29.952	-2.78845
39	60	-26.5205	-24.3107	30.1167	-2.78391
39	61	-26.6145	-24.5152	30.2768	-2.77867
39	62	-26.6965	-24.746	30.4359	-2.77254
39	63	-26.7663	-25.0135	30.5983	-2.76521
39	64	-26.8224	-25.329	30.7677	-2.75634
39	65	-26.8589	-25.6488	30.923	-2.7472
39	66	-26.8779	-25.9681	31.0645	-2.73795
39	67	-26.8831	-26.2857	31.1954	-2.72865
39	68	-26.876	-26.6035	31.3179	-2.71926
39	69	-26.8549	-26.9226	31.4308	-2.70973
39	70	-26.8175	-27.2409	31.5315	-2.70006
39	71	-26.7649	-27.5555	31.6199	-2.69036
39	72	-26.6998	-27.8662	31.6983	-2.68064
39	73	-26.6228	-28.175	31.7682	-2.67086
39	74	-26.5308	-28.4826	31.8273	-2.66093
39	75	-26.421	-28.7862	31.872	-2.65089
39	76	-26.295	-29.0818	31.9017	-2.64086
39	77	-26.1566	-29.3688	31.9197	-2.63089
39	78	-26.0074	-29.6498	31.9285	-2.62093
39	79	-25.8457	-29.9259	31.9271	-2.61091
39	80	-25.6693	-30.1948	31.9127	-2.60084
39	81	-25.4798	-30.4534	31.885	-2.59083
39	82	-25.2803	-30.7019	31.8466	-2.5809
39	83	-25.0716	-30.9424	31.7993	-2.57101
39	84	-24.8517	-31.1756	31.7417	-2.56108
39	85	-24.619	-31.3987	31.6711	-2.55116
39	86	-24.3756	-31.6087	31.5873	-2.54135
39	87	-24.1242	-31.8047	31.492	-2.5317
39	88	-23.8956	-31.9593	31.3942	-2.52349
39	89	-23.6804	-32.0799	31.2896	-2.51637
39	90	-23.4711	-32.1717	31.1741	-2.51005
39	91	-23.2617	-32.237	31.0442	-2.50437
39	92	-23.0591	-32.3088	30.9246	-2.49861
39	93	-22.8526	-32.3125	30.7618	-2.49448
39	94	-22.6279	-32.2469	30.5432	-2.49176
39	95	-22.3998	-32.1865	30.3251	-2.4888
39	96	-22.1755	-32.1163	30.1044	-2.48612
39	97	-21.954	-32.0432	29.8844	-2.48355
39	98	-21.734	-31.9693	29.6652	-2.48098
39	99	-21.5144	-31.8945	29.446	-2.47841
39	100	-21.2954	-31.8177	29.2262	-2.47587
39	101	-21.0782	-31.7386	29.0066	-2.47339
39	102	-20.864	-31.6578	28.7885	-2.47098
39	103	-20.6528	-31.5765	28.5726	-2.46862
39	104	-20.4437	-31.4953	28.3586	-2.46626
39	105	-20.2351	-31.4137	28.1448	-2.46389
39	106	-20.0281	-31.3322	27.9326	-2.46152
39	107	-19.8227	-31.2489	27.7205	-2.45919
39	108	-19.622	-31.1637	27.5111	-2.457
39	109	-19.4271	-31.0759	27.3047	-2.45497
39	110	-19.2382	-30.9855	27.1013	-2.45313
39	111	-19.0546	-30.8924	26.9004	-2.45147
39	112	-18.8756	-30.7984	26.7025	-2.44992
39	113	-18.7002	-30.7015	26.5056	-2.44851
39	114	-18.5278	-30.5997	26.3081	-2.4473
39	115	-18.3609	-30.4867	26.1075	-2.44654
39	116	-18.2048	-30.3535	25.9023	-2.44663
39	117	-18.0602	-30.1934	25.6887	-2.44781
39	118	-17.9267	-30.0113	25.4697	-2.44996
39	119	-17.8085	-29.8144	25.2532	-2.45298
39	120	-17.7076	-29.6132	25.0477	-2.45662
39	121	-17.6222	-29.4066	24.851	-2.46088
39	122	-17.5496	-29.1932	24.6605	-2.46576
39	123	-17.4865	-28.9745	24.4748	-2.47111
39	124	-17.4306	-28.7516	24.293	-2.47687
39	125	-17.3827	-28.5255	24.1162	-2.48303
39	126	-17.3422	-28.2982	23.9456	-2.4895
39	127	-17.3073	-28.0722	23.7813	-2.49616
39	128	-17.2763	-27.8491	23.6228	-2.50292
39	129	-17.25	-27.626	23.4693	-2.50988
39	130	-17.2273	-27.4031	23.32	-2.51702
39	131	-17.2078	-27.1807	23.1747	-2.52431
39	132	-17.1919	-26.9597	23.0344	-2.53174
39	133	-17.1827	-26.7364	22.8997	-2.5395
39	134	-17.1801	-26.513	22.7717	-2.54752
43	0	24.27	-37.9083	33.0555	-0.818811
43	1	24.2944	-37.6088	32.8541	-0.812043
43	2	24.3047	-37.3093	32.6446	-0.805501
43	3	24.3029	-37.0113	32.4291	-0.799174
43	4	24.2909	-36.7141	32.2083	-0.793005
43	5	24.2684	-36.4161	31.9808	-0.786971
43	6	24.2328	-36.1178	31.7449	-0.781131
43	7	24.1812	-35.8222	31.5006	-0.77562
43	8	24.1156	-35.5687	31.2766	-0.7713
43	9	24.0367	-35.3479	31.0662	-0.767974
43	10	23.9448	-35.1507	30.8633	-0.765447
43	11	23.8385	-34.9707	30.662	-0.763617
43	12	23.7423	-34.7886	30.4667	-0.761483
43	13	23.6025	-34.6413	30.2638	-0.761147
43	14	23.4105	-34.5173	30.0393	-0.762567
43	15	23.208	-34.4045	29.815	-0.764524
43	16	23.0036	-34.2933	29.5906	-0.766593
43	17	22.7996	-34.1831	29.3673	-0.768708
43	18	22.5965	-34.0772	29.1477	-0.77094
43	19	22.3967	-33.972	28.9312	-0.773146
43	20	22.2005	-33.8661	28.7168	-0.775278
43	21	22.003	-33.7663	28.506	-0.777624
43	22	21.8074	-33.6647	28.2954	-0.779917
43	23	21.6124	-33.5626	28.0851	-0.782214
43	24	21.4166	-33.4643	27.8769	-0.784665
43	25	21.2226	-33.3659	27.6702	-0.787102
43	26	21.0292	-33.2702	27.466	-0.78963
43	27	20.8368	-33.1749	27.263	-0.792179
43	28	20.6474	-33.0799	27.0624	-0.794697
43	29	20.458	-32.9879	26.8642	-0.797331
43	30	20.2715	-32.8979	26.6696	-0.799973
43	31	20.0875	-32.8117	26.4796	-0.802691
43	32	19.9055	-32.7312	26.2954	-0.805541
43	33	19.7265	-32.655	26.1165	-0.808465
43	34	19.5486	-32.5862	25.9441	-0.811592
43	35	19.3743	-32.5199	25.7761	-0.814727
43	36	19.2006	-32.4589	25.6127	-0.818028
43	37	19.0252	-32.4051	25.4537	-0.821612
43	38	18.8465	-32.3577	25.2975	-0.82551
43	39	18.6584	-32.3323	25.1515	-0.830319
43	40	18.4608	-32.3131	25.0044	-0.835634
43	41	18.2506	-32.3204	24.8694	-0.8421
43	42	18.0493	-32.3377	24.7487	-0.848634
43	43	17.8565	-32.3803	24.6539	-0.855644
43	44	17.6694	-32.4339	24.5723	-0.862824
43	45	17.4872	-32.5007	24.5052	-0.870245
43	46	17.3072	-32.5717	24.4442	-0.877745
43	47	17.129	-32.6469	24.3889	-0.885337
43	48	16.951	-32.7265	24.3386	-0.893071
43	49	16.7722	-32.8106	24.2927	-0.900971
43	50	16.5936	-32.9004	24.253	-0.909044
43	51	16.4146	-32.9949	24.2184	-0.917275
43	52	16.2361	-33.0943	24.1897	-0.925633
43	53	16.0595	-33.1987	24.1677	-0.934066
43	54	15.8848	-33.3061	24.151	-0.942529
43	55	15.7113	-33.416	24.1389	-0.951019
43	56	15.5402	-33.5303	24.1334	-0.959541
43	57	15.37	-33.6471	24.1323	-0.968096
43	58	15.2036	-33.7711	24.141	-0.976685
43	59	15.042	-33.9015	24.1594	-0.985247
43	60	14.8925	-34.0447	24.197	-0.993667
43	61	14.7526	-34.1993	24.2511	-1.00198
43	62	14.6278	-34.3699	24.3285	-1.01008
43	63	14.5167	-34.5461	24.4192	-1.01777
43	64	14.43	-34.7249	24.5264	-1.02461
43	65	14.3547	-34.9028	24.6399	-1.03097
43	66	14.2996	-35.0857	24.7688	-1.03668
43	67	14.2476	-35.2688	24.9003	-1.04221
43	68	14.2047	-35.4545	25.0394	-1.04744
43	69	14.1634	-35.6439	25.1832	-1.05261
43	70	14.1288	-35.8381	25.3351	-1.0576
43	71	14.0982	-36.0355	25.4923	-1.06244
43	72	14.0766	-36.2346	25.656	-1.06696
43	73	14.059	-36.4325	25.821	-1.07125
43	74	14.0464	-36.633	25.9912	-1.07538
43	75	14.0356	-36.835	26.164	-1.07941
43	76	14.0291	-37.038	26.3401	-1.08327
43	77	14.0254	-37.241	26.5179	-1.08697
43	78	14.0278	-37.4422	26.6973	-1.0904
43	79	14.0318	-37.6464	26.8803	-1.09378
43	80	14.0422	-37.8509	27.0669	-1.09691
43	81	14.0553	-38.0533	27.2531	-1.09986
43	82	14.0757	-38.251	27.4387	-1.10247
43	83	14.0964	-38.4495	27.6252	-1.10505
43	84	14.1231	-38.6472	27.8139	-1.10738
43	85	14.151	-38.8434	28.0019	-1.10962
43	86	14.185	-39.0416	28.1946	-1.11167
43	87	14.2217	-39.2409	28.3896	-1.11362
43	88	14.2658	-39.4383	28.5863	-1.11529
43	89	14.3131	-39.6366	28.7852	-1.11684
43	90	14.3652	-39.8339	28.9853	-1.11821
43	91	14.4217	-40.0287	29.1853	-1.11939
43	92	14.4806	-40.2236	29.3864	-1.12048
43	93	14.5455	-40.4172	29.5889	-1.12135
43	94	14.614	-40.6091	29.7915	-1.12208
43	95	14.6958	-40.7963	29.9958	-1.12233
43	96	14.7906	-40.9736	30.1965	-1.12205
43	97	14.9095	-41.1371	30.3955	-1.12086
43	98	15.0418	-41.2951	30.5953	-1.11921
43	99	15.1922	-41.4331	30.7853	-1.11677
43	100	15.3448	-41.5588	30.9653	-1.11412
43	101	15.5114	-41.6587	31.1286	-1.11073
43	102	15.686	-41.7472	31.2856	-1.10699
43	103	15.8716	-41.8179	31.4322	-1.10271
43	104	16.0582	-41.8867	31.578	-1.09842
43	105	16.2478	-41.9486	31.7197	-1.09399
43	106	16.4382	-42.0092	31.8613	-1.08955
43	107	16.6316	-42.0647	32.0003	-1.085
43	108	16.8259	-42.1184	32.1388	-1.08043
43	109	17.0205	-42.1667	32.2735	-1.07582
43	110	17.2154	-42.2128	32.407	-1.0712
43	111	17.4111	-42.2537	32.5369	-1.06652
43	112	17.6067	-42.2935	32.6666	-1.06187
43	113	17.8033	-42.3302	32.7948	-1.05718
43	114	18.0012	-42.3653	32.923	-1.05247
43	115	18.2009	-42.3971	33.05	-1.04769
43	116	18.4024	-42.4252	33.1754	-1.04286
43	117	18.6051	-42.4491	33.2985	-1.03796
43	118	18.8087	-42.4697	33.4201	-1.03302
43	119	19.0116	-42.4883	33.5404	-1.02811
43	120	19.2149	-42.5044	33.6596	-1.02319
43	121	19.4168	-42.5191	33.7776	-1.01831
43	122	19.6181	-42.5312	33.8941	-1.01344
43	123	19.8192	-42.5428	34.0107	-1.00861
43	124	20.0197	-42.5508	34.1247	-1.00376
43	125	20.2188	-42.5577	34.2378	-0.998963
43	126	20.4161	-42.561	34.3477	-0.994184
43	127	20.6113	-42.5621	34.4555	-0.989451
43	128	20.805	-42.5606	34.561	-0.984744
43	129	20.9977	-42.5546	34.6629	-0.980017
43	130	21.1879	-42.5476	34.7635	-0.975361
43	131	21.3759	-42.5346	34.8586	-0.970686
43	132	21.5605	-42.5098	34.9427	-0.965925
43	133	21.7412	-42.4997	35.0375	-0.96152
43	134	21.8991	-42.4408	35.0799	-0.956868
43	135	22.0471	-42.324	35.0702	-0.951499
43	136	22.2075	-42.2126	35.0732	-0.94593
43	137	22.3657	-42.0771	35.0564	-0.940012
43	138	22.5253	-41.9157	35.0209	-0.933613
43	139	22.6927	-41.7224	34.966	-0.926474
43	140	22.8752	-41.4889	34.8902	-0.918272
43	141	23.0503	-41.2474	34.8058	-0.910062
43	142	23.2164	-40.9971	34.7112	-0.901859
43	143	23.3706	-40.7387	34.6053	-0.893732
43	144	23.5122	-40.4748	34.4894	-0.885739
43	145	23.6428	-40.2069	34.3657	-0.877865
43	146	23.7639	-39.9344	34.2344	-0.870058
43	147	23.8745	-39.6554	34.0935	-0.862301
43	148	23.9721	-39.3699	33.9412	-0.854645
43	149	24.0549	-39.0805	33.7782	-0.847172
43	150	24.1243	-38.79	33.6073	-0.8399
43	151	24.183	-38.4987	33.4305	-0.832775
43	152	24.2321	-38.2052	33.2472	-0.825744
44	0	-13.4134	-37.578	28.1974	-2.13606
44	1	-13.383	-37.3773	28.0117	-2.13898
44	2	-13.3552	-37.1744	27.8259	-2.14206
44	3	-13.3303	-36.9698	27.6404	-2.1453
44	4	-13.3102	-36.7638	27.4567	-2.14877
44	5	-13.2931	-36.5544	27.2722	-2.15244
44	6	-13.2805	-36.3429	27.0888	-2.15634
44	7	-13.2735	-36.1307	26.9083	-2.16048
44	8	-13.2723	-35.9191	26.732	-2.16484
44	9	-13.275	-35.7071	26.5581	-2.1694
44	10	-13.2819	-35.4946	26.3867	-2.17415
44	11	-13.2951	-35.2816	26.2192	-2.17918
44	12	-13.3166	-35.0689	26.0573	-2.18452
44	13	-13.3514	-34.8581	25.9054	-2.1903
44	14	-13.4038	-34.6511	25.7678	-2.19662
44	15	-13.4768	-34.4481	25.6467	-2.20356
44	16	-13.5683	-34.247	25.5394	-2.21111
44	17	-13.6722	-34.0663	25.4573	-2.21862
44	18	-13.7863	-33.9017	25.3956	-2.22612
44	19	-13.9127	-33.7526	25.3551	-2.23365
44	20	-14.044	-33.608	25.3227	-2.24126
44	21	-14.1823	-33.4684	25.3	-2.24897
44	22	-14.323	-33.3283	25.2799	-2.25678
44	23	-14.47	-33.191	25.2676	-2.26472
44	24	-14.6205	-33.0545	25.2598	-2.27276
44	25	-14.7773	-32.9207	25.2596	-2.28092
44	26	-14.9379	-32.7884	25.2648	-2.28915
44	27	-15.1026	-32.6595	25.2771	-2.29742
44	28	-15.2703	-32.5334	25.2951	-2.30568
44	29	-15.4411	-32.4109	25.3196	-2.31393
44	30	-15.616	-32.2883	25.3486	-2.32229
44	31	-15.7956	-32.1673	25.3837	-2.33071
44	32	-15.9799	-32.0501	25.4265	-2.33914
44	33	-16.168	-31.9385	25.4779	-2.34749
44	34	-16.3582	-31.8311	25.5355	-2.35575
44	35	-16.5496	-31.7282	25.5988	-2.36388
44	36	-16.7419	-31.6304	25.6681	-2.37185
44	37	-16.937	-31.5418	25.7473	-2.3796
44	38	-17.138	-31.4679	25.8424	-2.38704
44	39	-17.3484	-31.4108	25.9572	-2.39419
44	40	-17.5701	-31.3703	26.0929	-2.40111
44	41	-17.7865	-31.3504	26.2397	-2.40723
44	42	-18.0001	-31.351	26.3991	-2.41264
44	43	-18.2119	-31.3772	26.5748	-2.41721
44	44	-18.4224	-31.4224	26.7626	-2.42116
44	45	-18.6314	-31.4785	26.9568	-2.42471
44	46	-18.8387	-31.5409	27.1542	-2.42799
44	47	-19.045	-31.606	27.3529	-2.43113
44	48	-19.2507	-31.672	27.552	-2.43418
44	49	-19.4566	-31.74	27.7529	-2.43714
44	50	-19.662	-31.81	27.9548	-2.43999
44	51	-19.8661	-31.8796	28.1558	-2.44278
44	52	-20.0675	-31.9496	28.355	-2.44546
44	53	-20.2647	-32.0214	28.5525	-2.44796
44	54	-20.4584	-32.0932	28.7475	-2.45035
44	55	-20.6492	-32.1636	28.9394	-2.45267
44	56	-20.8408	-32.2364	29.1337	-2.45493
44	57	-21.0327	-32.3111	29.3295	-2.4571
44	58	-21.2239	-32.3866	29.5254	-2.45922
44	59	-21.4129	-32.463	29.7203	-2.46124
44	60	-21.5988	-32.5396	29.9131	-2.46315
44	61	-21.7812	-32.616	30.1031	-2.46498
44	62	-21.9602	-32.6922	30.2904	-2.46672
44	63	-22.1357	-32.7686	30.4752	-2.46836
44	64	-22.3071	-32.8467	30.658	-2.46985
44	65	-22.473	-32.9294	30.8393	-2.4711
44	66	-22.6289	-33.0226	31.0194	-2.47187
44	67	-22.7881	-33.0999	31.1922	-2.4731
44	68	-22.9045	-33.2143	31.3545	-2.47253
44	69	-22.9876	-33.3808	31.5231	-2.47003
44	70	-23.0859	-33.5476	31.7039	-2.46784
44	71	-23.1719	-33.7359	31.8886	-2.4649
44	72	-23.2504	-33.951	32.0848	-2.46121
44	73	-23.3254	-34.2011	32.3008	-2.45665
44	74	-23.4003	-34.4976	32.5469	-2.45105
44	75	-23.465	-34.7988	32.7891	-2.44523
44	76	-23.5166	-35.1049	33.0257	-2.43912
44	77	-23.5527	-35.4136	33.2534	-2.43274
44	78	-23.5742	-35.7217	33.471	-2.42617
44	79	-23.5838	-36.0286	33.6803	-2.41948
44	80	-23.5828	-36.3358	33.8833	-2.41265
44	81	-23.5695	-36.6445	34.0799	-2.40564
44	82	-23.5415	-36.9534	34.2674	-2.39841
44	83	-23.499	-37.2595	34.4442	-2.39103
44	84	-23.4446	-37.5614	34.6112	-2.38358
44	85	-23.3806	-37.8602	34.7712	-2.37607
44	86	-23.3066	-38.1579	34.9251	-2.36846
44	87	-23.2201	-38.4543	35.0713	-2.36068
44	88	-23.1192	-38.7472	35.2069	-2.35276
44	89	-23.0054	-39.0338	35.3312	-2.34476
44	90	-22.8812	-39.314	35.4459	-2.33673
44	91	-22.7477	-39.5897	35.5532	-2.32864
44	92	-22.6032	-39.8616	35.6526	-2.32046
44	93	-22.446	-40.128	35.7416	-2.31216
44	94	-22.2767	-40.3861	35.8189	-2.30381
44	95	-22.0975	-40.6343	35.8847	-2.29547
44	96	-21.9304	-40.8387	35.9279	-2.28821
44	97	-21.7697	-41.0094	35.9517	-2.28173
44	98	-21.6102	-41.1547	35.9584	-2.27573
44	99	-21.4471	-41.2803	35.9489	-2.27001
44	100	-21.2756	-41.3881	35.9217	-2.26442
44	101	-21.111	-41.5057	35.9074	-2.2588
44	102	-20.9249	-41.5674	35.8373	-2.2537
44	103	-20.7069	-41.5753	35.7063	-2.24882
44	104	-20.4903	-41.594	35.5855	-2.24375
44	105	-20.2757	-41.6043	35.4602	-2.23884
44	106	-20.0638	-41.6122	35.3356	-2.23399
44	107	-19.8535	-41.6191	35.2119	-2.22917
44	108	-19.6436	-41.6247	35.0884	-2.22433
44	109	-19.4347	-41.6294	34.9655	-2.21951
44	110	-19.2259	-41.632	34.8419	-2.21469
44	111	-19.0193	-41.632	34.7182	-2.20993
44	112	-18.8152	-41.6291	34.5945	-2.20525
44	113	-18.6134	-41.6235	34.4707	-2.20063
44	114	-18.4132	-41.6152	34.3465	-2.19606
44	115	-18.2131	-41.6052	34.2216	-2.19149
44	116	-18.0135	-41.5932	34.0961	-2.18693
44	117	-17.8127	-41.5797	33.9694	-2.18234
44	118	-17.6128	-41.563	33.8413	-2.17778
44	119	-17.4136	-41.5436	33.7121	-2.17326
44	120	-17.2154	-41.5195	33.5802	-2.1688
44	121	-17.0197	-41.4934	33.4488	-2.16441
44	122	-16.8257	-41.4641	33.3163	-2.16007
44	123	-16.6345	-41.4324	33.184	-2.15581
44	124	-16.4449	-41.3988	33.0517	-2.15159
44	125	-16.2584	-41.3605	32.9175	-2.14749
44	126	-16.073	-41.3211	32.7837	-2.14341
44	127	-15.8915	-41.2735	32.6456	-2.13952
44	128	-15.7136	-41.224	32.5083	-2.13573
44	129	-15.5399	-41.169	32.3691	-2.13211
44	130	-15.3699	-41.109	32.228	-2.12864
44	131	-15.205	-41.0409	32.083	-2.1254
44	132	-15.0459	-40.9593	31.9301	-2.12251
44	133	-14.8938	-40.8538	31.7606	-2.12017
44	134	-14.7419	-40.7367	31.5815	-2.11801
44	135	-14.6034	-40.6014	31.3939	-2.11648
44	136	-14.4805	-40.4602	31.2094	-2.11546
44	137	-14.374	-40.3092	31.0251	-2.11505
44	138	-14.2749	-40.1526	30.8398	-2.11493
44	139	-14.1828	-39.9903	30.6533	-2.1151
44	140	-14.0949	-39.8238	30.4653	-2.11546
44	141	-14.018	-39.651	30.2776	-2.11625
44	142	-13.942	-39.477	30.0896	-2.11709
44	143	-13.8721	-39.2987	29.9009	-2.11819
44	144	-13.8043	-39.118	29.7113	-2.1194
44	145	-13.7408	-38.9345	29.5217	-2.12081
44	146	-13.6815	-38.7488	29.3324	-2.1224
44	147	-13.6271	-38.5615	29.1444	-2.12417
44	148	-13.5753	-38.3695	28.9539	-2.12614
44	149	-13.5266	-38.1739	28.7621	-2.12828
44	150	-13.4833	-37.9756	28.571	-2.13067
44	151	-13.4453	-37.7765	28.3822	-2.13326
48	0	22.5333	-45.1115	37.6421	-0.983973
48	1	22.4702	-44.8216	37.366	-0.981082
48	2	22.397	-44.5336	37.086	-0.978404
48	3	22.3114	-44.2474	36.8009	-0.975992
48	4	22.2226	-44.0045	36.55	-0.974281
48	5	22.1275	-43.7969	36.3249	-0.973234
48	6	22.0249	-43.6172	36.1185	-0.972784
48	7	21.9132	-43.4586	35.9246	-0.97287
48	8	21.7894	-43.3171	35.738	-0.973505
48	9	21.6316	-43.2324	35.5793	-0.975832
48	10	21.4376	-43.2033	35.4467	-0.979904
48	11	21.2351	-43.1938	35.3264	-0.984514
48	12	21.0333	-43.1834	35.2064	-0.989125
48	13	20.8323	-43.1757	35.09	-0.99379
48	14	20.6327	-43.1642	34.9719	-0.998395
48	15	20.4331	-43.1488	34.8512	-1.00297
48	16	20.2314	-43.138	34.734	-1.0077
48	17	20.0287	-43.1269	34.6168	-1.01248
48	18	19.8263	-43.1155	34.5003	-1.01728
48	19	19.6252	-43.1075	34.3881	-1.02213
48	20	19.4262	-43.0967	34.2755	-1.02692
48	21	19.2288	-43.0827	34.1618	-1.03165
48	22	19.0323	-43.0708	34.0511	-1.03643
48	23	18.8364	-43.0554	33.9385	-1.04116
48	24	18.6415	-43.0345	33.8223	-1.04582
48	25	18.4481	-43.0111	33.7055	-1.05044
48	26	18.2568	-42.9912	33.5935	-1.05509
48	27	18.0692	-42.9683	33.4814	-1.05962
48	28	17.8808	-42.9414	33.366	-1.06416
48	29	17.6915	-42.9097	33.2468	-1.06867
48	30	17.5011	-42.8735	33.1238	-1.07319
48	31	17.309	-42.8364	32.9999	-1.07776
48	32	17.1154	-42.8012	32.8776	-1.08244
48	33	16.9216	-42.766	32.7559	-1.08716
48	34	16.7284	-42.7312	32.6357	-1.09191
48	35	16.5365	-42.6966	32.5169	-1.09665
48	36	16.3454	-42.664	32.401	-1.10144
48	37	16.1566	-42.6318	32.2873	-1.10621
48	38	15.969	-42.6009	32.1759	-1.11099
48	39	15.7814	-42.5719	32.0671	-1.11583
48	40	15.593	-42.5476	31.9629	-1.12079
48	41	15.4038	-42.5299	31.8651	-1.1259
48	42	15.2151	-42.5233	31.7783	-1.13117
48	43	15.0262	-42.5394	31.713	-1.13677
48	44	14.8354	-42.589	31.6784	-1.1429
48	45	14.6422	-42.6628	31.666	-1.14942
48	46	14.4436	-42.7624	31.6765	-1.15642
48	47	14.2581	-42.8764	31.7069	-1.16323
48	48	14.0852	-43.0036	31.7558	-1.16981
48	49	13.9209	-43.1432	31.8208	-1.17628
48	50	13.7632	-43.2919	31.8981	-1.18263
48	51	13.6134	-43.4501	31.9885	-1.18884
48	52	13.4744	-43.6185	32.0935	-1.19482
48	53	13.3521	-43.7991	32.2171	-1.20041
48	54	13.2488	-43.9949	32.3626	-1.20557
48	55	13.166	-44.2048	32.5295	-1.21025
48	56	13.1088	-44.4104	32.7019	-1.21411
48	57	13.0733	-44.6133	32.8799	-1.21727
48	58	13.0543	-44.8149	33.0626	-1.21992
48	59	13.0452	-45.0163	33.2487	-1.22226
48	60	13.0419	-45.2186	33.4377	-1.22442
48	61	13.0423	-45.4227	33.6298	-1.22647
48	62	13.0456	-45.629	33.8252	-1.22844
48	63	13.0516	-45.8374	34.0237	-1.23033
48	64	13.0619	-46.0461	34.2238	-1.23208
48	65	13.0757	-46.2543	34.4249	-1.23371
48	66	13.0917	-46.4623	34.6265	-1.23526
48	67	13.1093	-46.6706	34.829	-1.23676
48	68	13.1284	-46.8801	35.0333	-1.2382
48	69	13.1501	-47.0914	35.24	-1.23958
48	70	13.1759	-47.3041	35.4496	-1.24084
48	71	13.2064	-47.5171	35.661	-1.24196
48	72	13.2416	-47.7289	35.8729	-1.24294
48	73	13.2801	-47.9388	36.084	-1.24381
48	74	13.3206	-48.1469	36.2941	-1.24459
48	75	13.3621	-48.3545	36.504	-1.24534
48	76	13.405	-48.5624	36.7148	-1.24604
48	77	13.4501	-48.7713	36.9271	-1.24669
48	78	13.4983	-48.9806	37.1409	-1.24725
48	79	13.5499	-49.1894	37.3553	-1.24772
48	80	13.6043	-49.3964	37.5688	-1.2481
48	81	13.6603	-49.6014	37.781	-1.24841
48	82	13.7172	-49.8047	37.9918	-1.24869
48	83	13.7751	-50.0069	38.202	-1.24892
48	84	13.835	-50.2082	38.4119	-1.2491
48	85	13.8973	-50.4084	38.6216	-1.24921
48	86	13.9616	-50.6107	38.8338	-1.24929
48	87	14.0274	-50.8138	39.0473	-1.24933
48	88	14.0943	-51.0169	39.2611	-1.24935
48	89	14.1618	-51.2201	39.4752	-1.24935
48	90	14.2301	-51.4239	39.6902	-1.24934
48	91	14.3002	-51.6291	39.907	-1.2493
48	92	14.3738	-51.8355	40.1261	-1.24919
48	93	14.4525	-52.0422	40.3471	-1.24896
48	94	14.5373	-52.2476	40.5687	-1.24857
48	95	14.6304	-52.4492	40.7895	-1.24797
48	96	14.7627	-52.6008	40.9753	-1.24608
48	97	14.9377	-52.7041	41.1292	-1.24285
48	98	15.1248	-52.7869	41.2682	-1.23921
48	99	15.3249	-52.8543	41.3974	-1.23517
48	100	15.5441	-52.9069	41.5197	-1.2306
48	101	15.7908	-52.9453	41.6387	-1.22532
48	102	16.0754	-52.9704	41.7596	-1.21911
48	103	16.3635	-52.9834	41.8718	-1.21276
48	104	16.6546	-52.9811	41.9726	-1.20625
48	105	16.9459	-52.961	42.0585	-1.19961
48	106	17.2339	-52.9242	42.1297	-1.19292
48	107	17.5178	-52.8746	42.1892	-1.18623
48	108	17.799	-52.814	42.2396	-1.17952
48	109	18.0789	-52.7417	42.2805	-1.17275
48	110	18.3568	-52.655	42.3092	-1.1659
48	111	18.6298	-52.5526	42.3237	-1.15902
48	112	18.8957	-52.4369	42.325	-1.15217
48	113	19.155	-52.3111	42.3165	-1.14536
48	114	19.4097	-52.1765	42.3	-1.13856
48	115	19.6609	-52.0313	42.2744	-1.13172
48	116	19.907	-51.8722	42.236	-1.12485
48	117	20.1442	-51.6981	42.1822	-1.118
48	118	20.3701	-51.5115	42.1141	-1.11124
48	119	20.5856	-51.3161	42.0355	-1.10458
48	120	20.7932	-51.1131	41.9485	-1.09798
48	121	20.9938	-50.9011	41.8519	-1.09141
48	122	21.1854	-50.6779	41.7432	-1.08487
48	123	21.3653	-50.4443	41.6215	-1.07843
48	124	21.5325	-50.2032	41.489	-1.07213
48	125	21.6888	-49.9569	41.3482	-1.06596
48	126	21.8363	-49.7052	41.2	-1.05987
48	127	21.975	-49.4465	41.0428	-1.05384
48	128	22.1025	-49.1795	40.8745	-1.0479
48	129	22.2164	-48.9057	40.6949	-1.04212
48	130	22.3167	-48.6283	40.5065	-1.03652
48	131	22.4055	-48.3486	40.3117	-1.03109
48	132	22.4848	-48.0656	40.1102	-1.02577
48	133	22.5535	-47.7771	39.8996	-1.02055
48	134	22.6078	-47.4822	39.6771	-1.0155
48	135	22.6445	-47.1835	39.4432	-1.01072
48	136	22.6643	-46.8853	39.2015	-1.00625
48	137	22.671	-46.5892	38.9552	-1.00203
48	138	22.6673	-46.2939	38.7047	-0.998006
48	139	22.653	-45.9976	38.4483	-0.994142
48	140	22.6263	-45.7005	38.1848	-0.990486
48	141	22.5859	-45.4044	37.9154	-0.987094
49	0	-13.9216	-46.0109	35.8247	-2.0217
49	1	-13.8922	-45.814	35.6348	-2.02337
49	2	-13.8647	-45.6174	35.446	-2.0251
49	3	-13.8387	-45.4208	35.2579	-2.02688
49	4	-13.8139	-45.2236	35.07	-2.02872
49	5	-13.7893	-45.0256	34.8816	-2.0306
49	6	-13.7655	-44.8266	34.6928	-2.03253
49	7	-13.7435	-44.627	34.5044	-2.03453
49	8	-13.724	-44.4276	34.3174	-2.03663
49	9	-13.7078	-44.229	34.1327	-2.03882
49	10	-13.6954	-44.0322	33.9516	-2.0411
49	11	-13.689	-43.8367	33.7745	-2.04356
49	12	-13.6936	-43.6423	33.6036	-2.04631
49	13	-13.7126	-43.4474	33.4393	-2.04949
49	14	-13.7487	-43.2503	33.2812	-2.05318
49	15	-13.8066	-43.0475	33.1287	-2.05757
49	16	-13.8835	-42.8573	32.9969	-2.06232
49	17	-13.9776	-42.6816	32.8869	-2.06737
49	18	-14.0951	-42.522	32.803	-2.07284
49	19	-14.2292	-42.3764	32.7405	-2.07856
49	20	-14.3792	-42.2483	32.702	-2.08448
49	21	-14.5458	-42.1388	32.6891	-2.09056
49	22	-14.7216	-42.0543	32.7036	-2.09651
49	23	-14.8988	-41.9953	32.7421	-2.1021
49	24	-15.078	-41.968	32.8097	-2.10723
49	25	-15.2588	-41.9623	32.8976	-2.11204
49	26	-15.4403	-41.9689	32.9972	-2.11665
49	27	-15.6223	-41.9809	33.1023	-2.12116
49	28	-15.8046	-41.9955	33.2104	-2.12561
49	29	-15.9872	-42.011	33.32	-2.13002
49	30	-16.1703	-42.0266	33.4308	-2.13442
49	31	-16.3538	-42.0442	33.544	-2.13876
49	32	-16.5367	-42.0618	33.6575	-2.14306
49	33	-16.7177	-42.0797	33.7708	-2.14728
49	34	-16.896	-42.0972	33.883	-2.15141
49	35	-17.0742	-42.1154	33.9963	-2.1555
49	36	-17.2521	-42.1343	34.1105	-2.15954
49	37	-17.4297	-42.1514	34.2236	-2.16358
49	38	-17.6072	-42.1629	34.3326	-2.16768
49	39	-17.7838	-42.1705	34.4384	-2.1718
49	40	-17.9616	-42.1849	34.5511	-2.17581
49	41	-18.1397	-42.198	34.6635	-2.17982
49	42	-18.3173	-42.2068	34.7726	-2.18386
49	43	-18.4934	-42.2127	34.879	-2.1879
49	44	-18.6675	-42.2214	34.9871	-2.19181
49	45	-18.84	-42.2251	35.0908	-2.19575
49	46	-19.0152	-42.224	35.1927	-2.1998
49	47	-19.1927	-42.2209	35.2949	-2.20392
49	48	-19.3715	-42.2221	35.402	-2.20797
49	49	-19.5503	-42.2224	35.5088	-2.21202
49	50	-19.7277	-42.2217	35.6147	-2.21602
49	51	-19.9022	-42.2251	35.7226	-2.21987
49	52	-20.0731	-42.2255	35.8265	-2.22366
49	53	-20.2398	-42.2218	35.9251	-2.22741
49	54	-20.4058	-42.2246	36.0289	-2.23101
49	55	-20.5704	-42.2257	36.1309	-2.23459
49	56	-20.7329	-42.2226	36.2289	-2.23817
49	57	-20.8927	-42.2167	36.3233	-2.24173
49	58	-21.0487	-42.2188	36.4221	-2.24505
49	59	-21.1924	-42.2463	36.5334	-2.24765
49	60	-21.3044	-42.3056	36.6499	-2.24902
49	61	-21.4023	-42.4121	36.7942	-2.24928
49	62	-21.4814	-42.5413	36.9445	-2.24875
49	63	-21.55	-42.6891	37.1026	-2.24769
49	64	-21.6143	-42.8583	37.2748	-2.24619
49	65	-21.6783	-43.0549	37.4684	-2.24424
49	66	-21.7447	-43.2862	37.6907	-2.24179
49	67	-21.8148	-43.5605	37.9493	-2.23875
49	68	-21.8741	-43.8358	38.2024	-2.2355
49	69	-21.9232	-44.1115	38.4498	-2.23208
49	70	-21.9628	-44.3883	38.6929	-2.2285
49	71	-21.992	-44.6674	38.9319	-2.22471
49	72	-22.0083	-44.9488	39.1655	-2.22067
49	73	-22.0102	-45.2303	39.3912	-2.21638
49	74	-21.999	-45.5093	39.6076	-2.21192
49	75	-21.9773	-45.7848	39.8158	-2.20734
49	76	-21.9473	-46.0578	40.018	-2.20268
49	77	-21.909	-46.3301	40.2156	-2.19792
49	78	-21.8604	-46.6026	40.4082	-2.19299
49	79	-21.7982	-46.8744	40.5933	-2.18784
49	80	-21.7208	-47.1426	40.7678	-2.18248
49	81	-21.6294	-47.4042	40.9302	-2.17698
49	82	-21.5269	-47.6588	41.0816	-2.1714
49	83	-21.4153	-47.9077	41.2245	-2.16576
49	84	-21.2943	-48.1523	41.36	-2.16002
49	85	-21.1618	-48.3926	41.4868	-2.15415
49	86	-21.0161	-48.6266	41.6027	-2.14813
49	87	-20.858	-48.8514	41.7055	-2.14201
49	88	-20.6901	-49.0658	41.7959	-2.13585
49	89	-20.5149	-49.2711	41.8763	-2.1297
49	90	-20.3332	-49.4689	41.9484	-2.12352
49	91	-20.1449	-49.661	42.0138	-2.11731
49	92	-19.9476	-49.8461	42.0703	-2.11101
49	93	-19.7403	-50.0217	42.1151	-2.10465
49	94	-19.5242	-50.1852	42.1468	-2.09826
49	95	-19.3018	-50.3368	42.1667	-2.09189
49	96	-19.075	-50.4782	42.1772	-2.08556
49	97	-18.8439	-50.6111	42.1799	-2.07924
49	98	-18.6069	-50.7354	42.174	-2.0729
49	99	-18.363	-50.849	42.1571	-2.06653
49	100	-18.1125	-50.9493	42.127	-2.06017
49	101	-17.858	-51.0351	42.0839	-2.05387
49	102	-17.6017	-51.1079	42.0302	-2.04766
49	103	-17.3443	-51.1702	41.9682	-2.04154
49	104	-17.0854	-51.2231	41.8986	-2.03545
49	105	-16.8239	-51.2659	41.8205	-2.02941
49	106	-16.5601	-51.2961	41.7316	-2.02342
49	107	-16.3314	-51.3059	41.6409	-2.01838
49	108	-16.1302	-51.2957	41.545	-2.01412
49	109	-15.9502	-51.2668	41.4419	-2.01049
49	110	-15.7855	-51.2215	41.331	-2.00735
49	111	-15.6323	-51.1616	41.2122	-2.0046
49	112	-15.4905	-51.0822	41.0806	-2.00228
49	113	-15.3832	-50.9595	40.9243	-2.00115
49	114	-15.3057	-50.7912	40.739	-2.00115
49	115	-15.2323	-50.622	40.5546	-2.00124
49	116	-15.1603	-50.4525	40.3706	-2.00137
49	117	-15.0889	-50.2824	40.1862	-2.00152
49	118	-15.0178	-50.1115	40.0012	-2.00169
49	119	-14.9472	-49.9391	39.8151	-2.00189
49	120	-14.8777	-49.7647	39.6276	-2.00214
49	121	-14.81	-49.588	39.4388	-2.00245
49	122	-14.7449	-49.4093	39.2492	-2.00285
49	123	-14.6826	-49.2291	39.0595	-2.00333
49	124	-14.6228	-49.0482	38.8701	-2.00389
49	125	-14.5649	-48.8668	38.6812	-2.00449
49	126	-14.5081	-48.6849	38.4923	-2.00514
49	127	-14.4523	-48.5017	38.3027	-2.00583
49	128	-14.3977	-48.3166	38.1118	-2.00658
49	129	-14.3451	-48.1289	37.9195	-2.00741
49	130	-14.2958	-47.939	37.7265	-2.00836
49	131	-14.2503	-47.7475	37.5338	-2.00942
49	132	-14.209	-47.5556	37.3426	-2.0106
49	133	-14.1709	-47.3643	37.1533	-2.01187
49	134	-14.134	-47.1734	36.965	-2.01317
49	135	-14.0965	-46.9828	36.7766	-2.01447
49	136	-14.0595	-46.7913	36.5878	-2.0158
49	137	-14.0227	-46.5984	36.3979	-2.01717
49	138	-13.987	-46.4038	36.207	-2.0186
49	139	-13.9532	-46.2077	36.0157	-2.02011
