# CellID	NodeIndex	X	Y	R	Theta
8	0	54.8151	-12.565	51.3279	0.0152313
8	1	55.0102	-12.3931	51.5259	0.0185086
8	2	55.1964	-12.2131	51.7157	0.0219227
8	3	55.3743	-12.0244	51.898	0.0254831
8	4	55.5433	-11.8259	52.0724	0.0292101
8	5	55.7016	-11.6174	52.2371	0.0331114
8	6	55.8476	-11.4	52.3907	0.0371675
8	7	55.9812	-11.1755	52.533	0.0413433
8	8	56.1034	-10.9453	52.665	0.0456139
8	9	56.2153	-10.7096	52.7881	0.0499785
8	10	56.317	-10.4674	52.9023	0.0544552
8	11	56.4071	-10.2179	53.0065	0.0590628
8	12	56.4836	-9.9615	53.0985	0.0637974
8	13	56.5451	-9.7002	53.1771	0.0686276
8	14	56.5923	-9.43604	53.243	0.0735166
8	15	56.6269	-9.1698	53.2977	0.0784507
8	16	56.6499	-8.90087	53.3424	0.083443
8	17	56.6607	-8.62826	53.3766	0.0885157
8	18	56.6572	-8.35203	53.3982	0.0936743
8	19	56.6377	-8.07405	53.4055	0.0988908
8	20	56.6026	-7.7969	53.3987	0.104121
8	21	56.5542	-7.52175	53.3799	0.109341
8	22	56.4946	-7.24786	53.3512	0.114566
8	23	56.4235	-6.97381	53.3127	0.119825
8	24	56.3392	-6.69912	53.2625	0.125135
8	25	56.2389	-6.42538	53.198	0.130476
8	26	56.1226	-6.15569	53.1185	0.135795
8	27	55.9926	-5.89188	53.0261	0.141056
8	28	55.8512	-5.63317	52.9232	0.146271
8	29	55.6987	-5.37791	52.8103	0.151474
8	30	55.5336	-5.12586	52.6858	0.156677
8	31	55.3542	-4.87905	52.5478	0.161848
8	32	55.1618	-4.64003	52.3972	0.166942
8	33	54.9592	-4.40895	52.2364	0.171949
8	34	54.7476	-4.18401	52.0671	0.176901
8	35	54.5258	-3.96407	51.8881	0.181826
8	36	54.292	-3.75045	51.6974	0.186707
8	37	54.0465	-3.54587	51.4947	0.191496
8	38	53.7918	-3.35122	51.2822	0.196168
8	39	53.5294	-3.16468	51.0618	0.200753
8	40	53.258	-2.98493	50.8322	0.205282
8	41	52.9751	-2.81374	50.5907	0.209735
8	42	52.6833	-2.65639	50.3384	0.213999
8	43	52.3862	-2.51455	50.0786	0.218027
8	44	52.1258	-2.40803	49.8477	0.221243
8	45	51.892	-2.32843	49.6373	0.223841
8	46	51.6756	-2.26971	49.4394	0.225971
8	47	51.4684	-2.22932	49.2466	0.227713
8	48	51.2667	-2.2115	49.0541	0.228995
8	49	51.0824	-2.23522	48.8693	0.229379
8	50	50.9055	-2.2986	48.6826	0.228937
8	51	50.7244	-2.35609	48.4932	0.22863
8	52	50.5446	-2.42374	48.3028	0.22811
8	53	50.367	-2.50049	48.1124	0.22739
8	54	50.189	-2.57905	47.9213	0.22663
8	55	50.0139	-2.66602	47.7311	0.225679
8	56	49.8375	-2.75314	47.5398	0.224724
8	57	49.6645	-2.84948	47.3497	0.223554
8	58	49.4907	-2.94673	47.1587	0.222361
8	59	49.3223	-3.05416	46.9707	0.22092
8	60	49.1557	-3.1632	46.7844	0.219427
8	61	48.998	-3.28058	46.605	0.217705
8	62	48.8394	-3.39889	46.4246	0.215955
8	63	48.6857	-3.52348	46.2479	0.214035
8	64	48.5333	-3.64824	46.0726	0.212092
8	65	48.3865	-3.77726	45.902	0.210017
8	66	48.238	-3.90849	45.7295	0.207888
8	67	48.0906	-4.04504	45.5572	0.205622
8	68	47.9446	-4.18609	45.3856	0.203237
8	69	47.8032	-4.33307	45.2176	0.200685
8	70	47.6677	-4.4846	45.0548	0.197988
8	71	47.536	-4.64042	44.8952	0.195162
8	72	47.4095	-4.79991	44.7404	0.192213
8	73	47.2878	-4.96153	44.5902	0.189177
8	74	47.1731	-5.12673	44.4467	0.186012
8	75	47.0614	-5.29398	44.3063	0.182768
8	76	46.9625	-5.46906	44.1774	0.179278
8	77	46.8742	-5.64709	44.0591	0.17566
8	78	46.8097	-5.83589	43.9629	0.171688
8	79	46.7506	-6.0302	43.8719	0.167554
8	80	46.717	-6.23768	43.8046	0.163012
8	81	46.6936	-6.43219	43.7503	0.158712
8	82	46.6988	-6.61792	43.7266	0.154498
8	83	46.7166	-6.7952	43.7172	0.150429
8	84	46.7456	-6.9678	43.7203	0.146426
8	85	46.7839	-7.1395	43.7336	0.142414
8	86	46.823	-7.31402	43.7479	0.138339
8	87	46.8707	-7.48981	43.7713	0.134211
8	88	46.9237	-7.66834	43.8002	0.130009
8	89	46.9811	-7.85014	43.8339	0.125727
8	90	47.0458	-8.03369	43.8756	0.121392
8	91	47.1137	-8.2194	43.921	0.117007
8	92	47.1865	-8.4053	43.9719	0.112615
8	93	47.2606	-8.59177	44.025	0.108218
8	94	47.3346	-8.77909	44.0788	0.103811
8	95	47.4092	-8.96712	44.134	0.0993986
8	96	47.4873	-9.15506	44.1934	0.0949917
8	97	47.5673	-9.34344	44.2557	0.0905827
8	98	47.6471	-9.53244	44.3185	0.0861726
8	99	47.728	-9.72024	44.3833	0.0818002
8	100	47.8087	-9.90609	44.449	0.0774846
8	101	47.8886	-10.0894	44.5148	0.0732395
8	102	47.9712	-10.2679	44.5846	0.0691121
8	103	48.0526	-10.45	44.6535	0.0649178
8	104	48.1332	-10.6358	44.7223	0.0606556
8	105	48.2185	-10.8224	44.7966	0.0563819
8	106	48.304	-11.0108	44.8717	0.0520818
8	107	48.3908	-11.1993	44.949	0.0477943
8	108	48.4799	-11.3864	45.0295	0.0435485
8	109	48.5703	-11.5724	45.1121	0.0393427
8	110	48.6596	-11.7586	45.1944	0.0351477
8	111	48.7514	-11.9436	45.2801	0.0309923
8	112	48.8465	-12.132	45.3697	0.0267781
8	113	48.9454	-12.3227	45.4638	0.0225261
8	114	49.0458	-12.5152	45.5603	0.0182517
8	115	49.1487	-12.7071	45.66	0.0140101
8	116	49.2526	-12.898	45.7617	0.00980559
8	117	49.3668	-13.079	45.8744	0.00583593
8	118	49.5023	-13.2178	46.0094	0.00280228
8	119	49.6668	-13.3221	46.1737	0.000534972
8	120	49.8442	-13.4109	46.3512	-0.00138407
8	121	50.0367	-13.4898	46.5438	-0.00307431
8	122	50.2487	-13.5603	46.7561	-0.0045673
8	123	50.4895	-13.619	46.9972	-0.00579219
8	124	50.7691	-13.6643	47.277	-0.0067162
8	125	51.0502	-13.6934	47.5583	-0.00728852
8	126	51.3298	-13.7072	47.8381	-0.00753498
8	127	51.6063	-13.7074	48.1145	-0.00749515
8	128	51.8796	-13.6956	48.3877	-0.00720884
8	129	52.1507	-13.672	48.6587	-0.00668511
8	130	52.4201	-13.6355	48.9279	-0.00590166
8	131	52.6866	-13.5845	49.1941	-0.00483196
8	132	52.948	-13.5188	49.4552	-0.00347911
8	133	53.203	-13.4402	49.7099	-0.0018805
8	134	53.4515	-13.3507	49.9584	-7.88756e-05
8	135	53.6947	-13.251	50.2016	0.00190721
8	136	53.9333	-13.1403	50.4406	0.00409226
8	137	54.1668	-13.0168	50.6748	0.0065108
8	138	54.3931	-12.8791	50.9021	0.00918745
8	139	54.6096	-12.7277	51.1202	0.0121094
9	0	-39.6342	1.02579	45.4591	2.81991
9	1	-39.7512	1.16923	45.6156	2.81774
9	2	-39.8688	1.31169	45.7726	2.8156
9	3	-39.9878	1.45175	45.9302	2.81354
9	4	-40.1104	1.58961	46.0908	2.81157
9	5	-40.2346	1.72462	46.2522	2.80968
9	6	-40.3587	1.8558	46.4123	2.80788
9	7	-40.4847	1.98506	46.5738	2.80614
9	8	-40.6116	2.11081	46.735	2.8045
9	9	-40.7386	2.23213	46.895	2.80295
9	10	-40.8688	2.35265	47.0579	2.80145
9	11	-41.0017	2.47107	47.2228	2.80003
9	12	-41.1347	2.58828	47.3874	2.79864
9	13	-41.269	2.70124	47.5519	2.79735
9	14	-41.4086	2.81126	47.7205	2.79617
9	15	-41.5513	2.91764	47.8908	2.79509
9	16	-41.6966	3.01721	48.0613	2.79416
9	17	-41.841	3.11246	48.2295	2.79333
9	18	-41.9858	3.19935	48.3953	2.79266
9	19	-42.132	3.27737	48.5594	2.79218
9	20	-42.2714	3.36178	48.7192	2.79153
9	21	-42.4221	3.41066	48.8775	2.79165
9	22	-42.5947	3.42405	49.0443	2.7926
9	23	-42.7712	3.44625	49.2178	2.7934
9	24	-42.9599	3.45171	49.3971	2.7946
9	25	-43.167	3.44054	49.5881	2.79623
9	26	-43.4001	3.40984	49.7972	2.7984
9	27	-43.6676	3.35577	50.0311	2.80122
9	28	-43.9783	3.27482	50.2972	2.80479
9	29	-44.2844	3.18187	50.5558	2.80853
9	30	-44.5869	3.07883	50.8084	2.81239
9	31	-44.8873	2.96433	51.056	2.81642
9	32	-45.1847	2.83501	51.297	2.82066
9	33	-45.4732	2.69104	51.5258	2.82508
9	34	-45.75	2.53572	51.741	2.82959
9	35	-46.0166	2.37256	51.9452	2.83416
9	36	-46.2754	2.20205	52.1409	2.83878
9	37	-46.5271	2.02222	52.328	2.84349
9	38	-46.7693	1.8316	52.5042	2.84832
9	39	-46.9995	1.63163	52.6674	2.85322
9	40	-47.2178	1.42507	52.8186	2.85814
9	41	-47.4261	1.21308	52.96	2.86308
9	42	-47.6255	0.994604	53.0922	2.86807
9	43	-47.8147	0.768039	53.2139	2.87313
9	44	-47.9913	0.533543	53.3227	2.87825
9	45	-48.154	0.293411	53.418	2.88339
9	46	-48.3041	0.0497523	53.5016	2.8885
9	47	-48.4432	-0.197242	53.5751	2.89362
9	48	-48.5716	-0.44888	53.6385	2.89875
9	49	-48.6875	-0.706252	53.6898	2.90393
9	50	-48.7884	-0.968493	53.7269	2.90911
9	51	-48.8737	-1.23301	53.7496	2.91427
9	52	-48.9448	-1.49771	53.76	2.91936
9	53	-49.0039	-1.76229	53.76	2.9244
9	54	-49.0516	-2.02771	53.7501	2.92942
9	55	-49.087	-2.29484	53.729	2.93442
9	56	-49.1079	-2.5632	53.695	2.93939
9	57	-49.1135	-2.8308	53.6474	2.9443
9	58	-49.1046	-3.09558	53.5873	2.94911
9	59	-49.0831	-3.35686	53.5169	2.95382
9	60	-49.0504	-3.61529	53.4371	2.95846
9	61	-49.0061	-3.87184	53.3474	2.96304
9	62	-48.9485	-4.12667	53.246	2.96756
9	63	-48.8757	-4.37832	53.1312	2.97198
9	64	-48.7873	-4.62428	53.0031	2.97628
9	65	-48.6851	-4.86259	52.8634	2.9804
9	66	-48.5712	-5.09301	52.7145	2.98437
9	67	-48.4472	-5.31652	52.5574	2.9882
9	68	-48.3129	-5.53406	52.3918	2.99191
9	69	-48.1674	-5.74558	52.2168	2.9955
9	70	-48.0097	-5.94978	52.0313	2.99895
9	71	-47.8401	-6.14478	51.836	3.0022
9	72	-47.6602	-6.3295	51.6324	3.00526
9	73	-47.4718	-6.50425	51.4222	3.00813
9	74	-47.2759	-6.67013	51.2061	3.01083
9	75	-47.0719	-6.82778	50.9835	3.01338
9	76	-46.8588	-6.97661	50.7532	3.01575
9	77	-46.636	-7.11484	50.515	3.01791
9	78	-46.4046	-7.24069	50.2699	3.01983
9	79	-46.1665	-7.35368	50.0199	3.02149
9	80	-45.9232	-7.45484	49.7663	3.02292
9	81	-45.6748	-7.54542	49.5089	3.02415
9	82	-45.4203	-7.62551	49.2468	3.02515
9	83	-45.1588	-7.69349	48.9792	3.02591
9	84	-44.8908	-7.7469	48.7069	3.02637
9	85	-44.6188	-7.78443	48.4323	3.02649
9	86	-44.3451	-7.80716	48.1578	3.02631
9	87	-44.0705	-7.81746	47.884	3.02586
9	88	-43.7943	-7.81702	47.6096	3.02518
9	89	-43.5152	-7.80565	47.3337	3.02426
9	90	-43.233	-7.78132	47.0564	3.02304
9	91	-42.9729	-7.7435	46.8026	3.02158
9	92	-42.7497	-7.69439	46.587	3.01996
9	93	-42.5556	-7.63454	46.4016	3.01818
9	94	-42.3857	-7.56435	46.2418	3.01622
9	95	-42.2356	-7.48134	46.1033	3.01402
9	96	-42.0874	-7.41432	45.9649	3.01217
9	97	-41.9765	-7.31658	45.8677	3.00974
9	98	-41.8913	-7.18126	45.8013	3.00657
9	99	-41.7918	-7.05059	45.7205	3.00344
9	100	-41.6988	-6.90915	45.6481	3.00009
9	101	-41.6084	-6.76215	45.5797	2.99662
9	102	-41.5195	-6.60991	45.514	2.99303
9	103	-41.4299	-6.45361	45.4488	2.98934
9	104	-41.3414	-6.29279	45.386	2.98554
9	105	-41.2527	-6.12926	45.3242	2.98167
9	106	-41.1654	-5.96358	45.2647	2.97775
9	107	-41.079	-5.79693	45.207	2.9738
9	108	-40.9942	-5.62958	45.1517	2.96983
9	109	-40.909	-5.46246	45.0967	2.96586
9	110	-40.8253	-5.29451	45.044	2.96186
9	111	-40.743	-5.12574	44.9935	2.95784
9	112	-40.6646	-4.95548	44.9479	2.9538
9	113	-40.585	-4.78733	44.9014	2.94979
9	114	-40.5046	-4.62199	44.8544	2.94583
9	115	-40.4337	-4.45593	44.8175	2.94189
9	116	-40.3576	-4.29062	44.7761	2.93793
9	117	-40.2787	-4.12482	44.7327	2.93395
9	118	-40.2022	-3.95601	44.693	2.9299
9	119	-40.1243	-3.78636	44.6529	2.92582
9	120	-40.0469	-3.61566	44.6142	2.92171
9	121	-39.9718	-3.44388	44.5787	2.91758
9	122	-39.8981	-3.27258	44.5453	2.91346
9	123	-39.8251	-3.1033	44.5129	2.90939
9	124	-39.7577	-2.93501	44.4863	2.90536
9	125	-39.6879	-2.76558	44.4585	2.90129
9	126	-39.6161	-2.59471	44.4298	2.89717
9	127	-39.5461	-2.42078	44.4044	2.89298
9	128	-39.4769	-2.24498	44.381	2.88876
9	129	-39.408	-2.06857	44.3588	2.88452
9	130	-39.3429	-1.89185	44.3411	2.88029
9	131	-39.2789	-1.7154	44.3253	2.87608
9	132	-39.2172	-1.53847	44.3125	2.87186
9	133	-39.1581	-1.3617	44.3031	2.86766
9	134	-39.0991	-1.18546	44.2944	2.86346
9	135	-39.0505	-1.00718	44.297	2.85929
9	136	-39.0057	-0.829087	44.3039	2.85515
9	137	-38.991	-0.650336	44.3407	2.85119
9	138	-38.9858	-0.469691	44.3878	2.84726
9	139	-39.0056	-0.285994	44.4603	2.84343
9	140	-39.0351	-0.0963025	44.5446	2.83956
9	141	-39.081	0.0831325	44.6421	2.83603
9	142	-39.1431	0.253713	44.7529	2.83281
9	143	-39.2158	0.419071	44.8726	2.82979
9	144	-39.3116	0.57472	45.0117	2.82715
9	145	-39.411	0.730282	45.1545	2.82456
9	146	-39.5232	0.877702	45.3072	2.82224
17	0	48.7536	-13.822	45.263	-0.010499
17	1	48.7559	-13.6425	45.2638	-0.00653486
17	2	48.7224	-13.4654	45.2294	-0.00262254
17	3	48.6608	-13.2885	45.1677	0.00129079
17	4	48.6002	-13.1074	45.1077	0.00530731
17	5	48.5342	-12.9221	45.0431	0.00942899
17	6	48.4641	-12.7327	44.9752	0.0136541
17	7	48.3907	-12.5406	44.9048	0.0179543
17	8	48.3135	-12.3459	44.8316	0.0223257
17	9	48.234	-12.1514	44.7569	0.0267117
17	10	48.1528	-11.9563	44.6814	0.0311239
17	11	48.0702	-11.7598	44.6053	0.0355854
17	12	47.9869	-11.5603	44.5296	0.0401302
17	13	47.9007	-11.3578	44.4521	0.0447578
17	14	47.8111	-11.153	44.3722	0.049461
17	15	47.7203	-10.9489	44.2922	0.0541645
17	16	47.6307	-10.7447	44.2143	0.0588851
17	17	47.539	-10.5443	44.135	0.0635393
17	18	47.45	-10.3442	44.0593	0.0682017
17	19	47.3645	-10.142	43.9883	0.07292
17	20	47.2725	-9.94163	43.9116	0.077623
17	21	47.1825	-9.73978	43.8381	0.0823726
17	22	47.0949	-9.53709	43.7679	0.0871528
17	23	47.001	-9.33786	43.6922	0.0918823
17	24	46.9098	-9.13766	43.6202	0.0966445
17	25	46.8194	-8.93584	43.5502	0.101457
17	26	46.7248	-8.73332	43.4771	0.106312
17	27	46.6299	-8.52812	43.4051	0.111245
17	28	46.5332	-8.32205	43.3324	0.116219
17	29	46.4335	-8.1173	43.2577	0.121187
17	30	46.3331	-7.91396	43.1831	0.126143
17	31	46.2322	-7.71182	43.109	0.131089
17	32	46.127	-7.51399	43.0311	0.135966
17	33	46.0141	-7.32195	42.9457	0.140753
17	34	45.8872	-7.14446	42.8454	0.14527
17	35	45.7422	-6.98058	42.726	0.149557
17	36	45.5811	-6.82757	42.5899	0.153673
17	37	45.4009	-6.68709	42.4337	0.157594
17	38	45.2179	-6.57147	42.2713	0.160975
17	39	45.0304	-6.4804	42.101	0.163824
17	40	44.8395	-6.40939	41.9243	0.166238
17	41	44.6462	-6.35355	41.743	0.168324
17	42	44.4513	-6.30488	41.5591	0.170264
17	43	44.2537	-6.26324	41.3715	0.172065
17	44	44.0533	-6.22609	41.1805	0.173787
17	45	43.8494	-6.19657	40.9848	0.175357
17	46	43.6428	-6.17391	40.7854	0.176787
17	47	43.4346	-6.16041	40.5829	0.178017
17	48	43.2261	-6.15267	40.379	0.17912
17	49	43.0177	-6.15128	40.1742	0.180078
17	50	42.8095	-6.15503	39.9687	0.180919
17	51	42.6012	-6.16552	39.762	0.181602
17	52	42.3931	-6.18302	39.5541	0.182117
17	53	42.1856	-6.21134	39.3449	0.182364
17	54	41.9807	-6.25489	39.1355	0.18222
17	55	41.7804	-6.31878	38.927	0.181538
17	56	41.5851	-6.40496	38.7194	0.180259
17	57	41.3926	-6.51139	38.5109	0.178437
17	58	41.2229	-6.62647	38.3236	0.176268
17	59	41.0673	-6.74723	38.1494	0.173866
17	60	40.9253	-6.87803	37.987	0.171122
17	61	40.7888	-7.01348	37.8297	0.168208
17	62	40.6593	-7.15672	37.6781	0.165036
17	63	40.5301	-7.30301	37.5269	0.161755
17	64	40.4044	-7.45825	37.3781	0.158198
17	65	40.2795	-7.61957	37.2296	0.154448
17	66	40.16	-7.7884	37.0858	0.150445
17	67	40.0452	-7.96139	36.9467	0.146281
17	68	39.9366	-8.13694	36.814	0.141994
17	69	39.8279	-8.31557	36.6815	0.137592
17	70	39.7198	-8.49735	36.5498	0.133072
17	71	39.6132	-8.68258	36.42	0.128419
17	72	39.5103	-8.87144	36.2942	0.123621
17	73	39.4093	-9.06522	36.1705	0.118649
17	74	39.3125	-9.26264	36.0515	0.113529
17	75	39.2214	-9.46215	35.9389	0.108301
17	76	39.1348	-9.66221	35.8317	0.103011
17	77	39.0529	-9.8636	35.73	0.0976407
17	78	38.9778	-10.0676	35.6359	0.0921493
17	79	38.9141	-10.2754	35.554	0.0864945
17	80	38.8688	-10.4893	35.4909	0.0806
17	81	38.8455	-10.7121	35.4504	0.0743883
17	82	38.8445	-10.9449	35.4329	0.0678389
17	83	38.8662	-11.1703	35.44	0.0614507
17	84	38.9123	-11.3888	35.4733	0.0552236
17	85	38.9824	-11.6024	35.5321	0.0491112
17	86	39.0689	-11.8128	35.6089	0.0430921
17	87	39.1616	-12.0207	35.6931	0.0371595
17	88	39.2559	-12.2284	35.7803	0.0312605
17	89	39.353	-12.4367	35.8714	0.0253739
17	90	39.4518	-12.6452	35.9655	0.0195075
17	91	39.5525	-12.8523	36.0628	0.0137109
17	92	39.6529	-13.0575	36.161	0.00799882
17	93	39.753	-13.2606	36.26	0.00237713
17	94	39.8548	-13.4614	36.3619	-0.00315215
17	95	39.9553	-13.6631	36.4636	-0.00867586
17	96	40.0551	-13.8668	36.5657	-0.0142237
17	97	40.1589	-14.07	36.673	-0.0197233
17	98	40.2626	-14.2736	36.7812	-0.0252008
17	99	40.3674	-14.4759	36.8916	-0.0306116
17	100	40.4719	-14.6751	37.0027	-0.0359062
17	101	40.5766	-14.8728	37.1149	-0.0411289
17	102	40.6796	-15.0686	37.2263	-0.0462698
17	103	40.7827	-15.2626	37.3388	-0.051332
17	104	40.8867	-15.4544	37.453	-0.0563033
17	105	40.9907	-15.6434	37.5679	-0.0611721
17	106	41.095	-15.8286	37.6837	-0.0659063
17	107	41.1989	-16.0099	37.7998	-0.0705119
17	108	41.3039	-16.1875	37.9173	-0.0749905
17	109	41.407	-16.3619	38.0336	-0.0793577
17	110	41.5114	-16.5327	38.1515	-0.083605
17	111	41.6162	-16.7008	38.2703	-0.0877523
17	112	41.7335	-16.8578	38.4013	-0.0915591
17	113	41.8784	-16.9783	38.5567	-0.0943269
17	114	42.0709	-17.0644	38.7565	-0.0960705
17	115	42.2833	-17.1301	38.9743	-0.0972248
17	116	42.5189	-17.183	39.2139	-0.0979846
17	117	42.7851	-17.2274	39.4831	-0.0984457
17	118	43.0927	-17.2651	39.793	-0.0986283
17	119	43.4013	-17.291	40.1026	-0.0985126
17	120	43.7122	-17.3019	40.4131	-0.0980241
17	121	44.024	-17.2931	40.7226	-0.0970599
17	122	44.3318	-17.2632	41.0261	-0.0956084
17	123	44.6324	-17.2158	41.3209	-0.0937723
17	124	44.9266	-17.155	41.6081	-0.091654
17	125	45.2164	-17.0818	41.8902	-0.0892802
17	126	45.5029	-16.9945	42.1679	-0.0866146
17	127	45.7841	-16.8914	42.4393	-0.0836202
17	128	46.0574	-16.7729	42.702	-0.0803193
17	129	46.3218	-16.6413	42.9552	-0.0767728
17	130	46.5784	-16.4981	43.2004	-0.0730125
17	131	46.8284	-16.3422	43.4387	-0.0690123
17	132	47.0704	-16.1711	43.6688	-0.0647213
17	133	47.3012	-15.9843	43.8874	-0.0601331
17	134	47.5181	-15.7844	44.0924	-0.0553136
17	135	47.7219	-15.575	44.2849	-0.0503369
17	136	47.9149	-15.3571	44.4673	-0.0452239
17	137	48.0983	-15.1294	44.6408	-0.0399443
17	138	48.2703	-14.8903	44.8038	-0.034458
17	139	48.4281	-14.6401	44.9536	-0.0287752
17	140	48.5484	-14.4142	45.0679	-0.0236881
17	141	48.6407	-14.2076	45.1558	-0.0190643
17	142	48.7069	-14.0119	45.2187	-0.0147111
18	0	-31.9627	-2.03424	37.2168	2.83274
18	1	-32.0782	-1.87397	37.3757	2.8296
18	2	-32.1978	-1.71164	37.5396	2.82646
18	3	-32.3264	-1.5525	37.7113	2.8235
18	4	-32.4594	-1.39519	37.887	2.82066
18	5	-32.5987	-1.24328	38.0672	2.81803
18	6	-32.7407	-1.09485	38.2491	2.81553
18	7	-32.8858	-0.949385	38.4333	2.81315
18	8	-33.0338	-0.805202	38.62	2.81085
18	9	-33.1868	-0.664542	38.8105	2.80871
18	10	-33.3462	-0.530054	39.0051	2.80678
18	11	-33.5131	-0.405951	39.2036	2.80519
18	12	-33.6893	-0.297416	39.4058	2.80407
18	13	-33.8764	-0.205189	39.6129	2.80343
18	14	-34.0749	-0.12799	39.8257	2.80326
18	15	-34.2786	-0.0680126	40.0378	2.80354
18	16	-34.4803	-0.0254612	40.2422	2.8042
18	17	-34.6803	0.000176516	40.4394	2.80524
18	18	-34.8828	0.0117612	40.6345	2.80661
18	19	-35.0875	0.014647	40.8288	2.8082
18	20	-35.2946	0.00973748	41.023	2.80996
18	21	-35.5036	-0.00242766	41.2167	2.81189
18	22	-35.7132	-0.022586	41.4086	2.81399
18	23	-35.9221	-0.0498494	41.5977	2.81623
18	24	-36.1295	-0.0833627	41.7836	2.81857
18	25	-36.3354	-0.120846	41.967	2.82098
18	26	-36.5407	-0.162112	42.149	2.82344
18	27	-36.7456	-0.209334	42.329	2.82602
18	28	-36.9493	-0.263061	42.5061	2.82871
18	29	-37.1492	-0.329288	42.6761	2.83162
18	30	-37.3434	-0.408337	42.8372	2.83476
18	31	-37.5297	-0.507226	42.9851	2.83827
18	32	-37.7133	-0.619291	43.1272	2.84202
18	33	-37.8697	-0.74192	43.2408	2.84579
18	34	-38.0118	-0.867195	43.3405	2.84952
18	35	-38.1296	-1.00416	43.4142	2.85332
18	36	-38.2364	-1.1472	43.4762	2.85717
18	37	-38.3386	-1.29592	43.5329	2.86111
18	38	-38.437	-1.45184	43.5847	2.86517
18	39	-38.5348	-1.6129	43.6351	2.86933
18	40	-38.6282	-1.78086	43.6804	2.87361
18	41	-38.7185	-1.95502	43.7217	2.878
18	42	-38.8072	-2.1314	43.7619	2.88242
18	43	-38.894	-2.31006	43.8004	2.88687
18	44	-38.9812	-2.49046	43.8398	2.89135
18	45	-39.0654	-2.67255	43.8767	2.89585
18	46	-39.1498	-2.8568	43.9142	2.90039
18	47	-39.2349	-3.04163	43.9531	2.90493
18	48	-39.3171	-3.22903	43.9896	2.90951
18	49	-39.4006	-3.41674	44.0281	2.9141
18	50	-39.4869	-3.60355	44.0705	2.91867
18	51	-39.5672	-3.7933	44.1074	2.92327
18	52	-39.6525	-3.98181	44.1503	2.92785
18	53	-39.7418	-4.16806	44.1985	2.9324
18	54	-39.8262	-4.35793	44.242	2.93699
18	55	-39.9125	-4.54586	44.2888	2.94154
18	56	-40.0008	-4.73159	44.3389	2.94605
18	57	-40.0817	-4.91863	44.3824	2.95053
18	58	-40.1657	-5.10166	44.4305	2.95494
18	59	-40.2531	-5.28154	44.4835	2.95928
18	60	-40.3346	-5.46402	44.531	2.96364
18	61	-40.4197	-5.64593	44.5829	2.96799
18	62	-40.5072	-5.82912	44.6379	2.97237
18	63	-40.5946	-6.01492	44.6932	2.9768
18	64	-40.6828	-6.20188	44.75	2.98124
18	65	-40.7683	-6.39018	44.8048	2.9857
18	66	-40.8513	-6.57864	44.858	2.99014
18	67	-40.9354	-6.76562	44.9133	2.99453
18	68	-41.0179	-6.95292	44.9679	2.99892
18	69	-41.0986	-7.14115	45.0215	3.00332
18	70	-41.1777	-7.3317	45.0739	3.00774
18	71	-41.2426	-7.525	45.113	3.01218
18	72	-41.2574	-7.7089	45.1042	3.01627
18	73	-41.2117	-7.89443	45.0361	3.02023
18	74	-41.1791	-8.08687	44.9808	3.02439
18	75	-41.1205	-8.2806	44.9003	3.02852
18	76	-41.0348	-8.48028	44.7931	3.03273
18	77	-40.9189	-8.69217	44.6552	3.03717
18	78	-40.7685	-8.92449	44.482	3.04201
18	79	-40.6061	-9.1498	44.2985	3.04671
18	80	-40.431	-9.36847	44.1039	3.05127
18	81	-40.2409	-9.57829	43.8961	3.05564
18	82	-40.0356	-9.77541	43.675	3.05973
18	83	-39.8179	-9.9573	43.4434	3.06349
18	84	-39.5912	-10.1248	43.2046	3.06695
18	85	-39.3569	-10.2804	42.9596	3.07015
18	86	-39.1139	-10.4252	42.707	3.07313
18	87	-38.8607	-10.558	42.4455	3.07584
18	88	-38.5976	-10.676	42.1754	3.07823
18	89	-38.3273	-10.7778	41.8992	3.08024
18	90	-38.0522	-10.8646	41.6194	3.08192
18	91	-37.7724	-10.9384	41.3357	3.0833
18	92	-37.4862	-10.9993	41.0465	3.08437
18	93	-37.1925	-11.0446	40.7506	3.08507
18	94	-36.8929	-11.0705	40.4501	3.08529
18	95	-36.5919	-11.0768	40.1493	3.08502
18	96	-36.2919	-11.0667	39.8503	3.08435
18	97	-35.9921	-11.0434	39.5523	3.08332
18	98	-35.6912	-11.0064	39.2541	3.08194
18	99	-35.4285	-10.9558	38.9949	3.08024
18	100	-35.1947	-10.8901	38.7657	3.07818
18	101	-34.9823	-10.81	38.5589	3.07576
18	102	-34.787	-10.7163	38.3703	3.07299
18	103	-34.6074	-10.6044	38.1991	3.06974
18	104	-34.4601	-10.4557	38.0631	3.06557
18	105	-34.3332	-10.2638	37.9517	3.06027
18	106	-34.2144	-10.0668	37.8499	3.05483
18	107	-34.0957	-9.86994	37.7493	3.04936
18	108	-33.977	-9.6731	37.6497	3.04386
18	109	-33.8596	-9.47451	37.5529	3.03829
18	110	-33.7444	-9.27613	37.4594	3.03271
18	111	-33.6338	-9.07885	37.3714	3.02714
18	112	-33.5242	-8.88515	37.2852	3.02164
18	113	-33.4139	-8.69508	37.199	3.01622
18	114	-33.3068	-8.50507	37.117	3.01078
18	115	-33.2001	-8.31595	37.0365	3.00534
18	116	-33.0972	-8.12623	36.9608	2.99987
18	117	-32.9921	-7.94044	36.8836	2.99448
18	118	-32.8852	-7.75996	36.8048	2.98921
18	119	-32.7821	-7.57595	36.7313	2.98383
18	120	-32.6787	-7.39132	36.6588	2.97841
18	121	-32.5779	-7.20446	36.5902	2.97293
18	122	-32.4749	-7.01788	36.5205	2.96742
18	123	-32.3714	-6.83126	36.4515	2.96188
18	124	-32.271	-6.6444	36.3867	2.95634
18	125	-32.1717	-6.46047	36.3236	2.95086
18	126	-32.0768	-6.27914	36.2652	2.94545
18	127	-31.9837	-6.10207	36.2089	2.94015
18	128	-31.8916	-5.92943	36.1537	2.93496
18	129	-31.803	-5.75306	36.1037	2.92968
18	130	-31.7149	-5.57527	36.0555	2.92435
18	131	-31.6303	-5.39577	36.0121	2.91897
18	132	-31.5498	-5.216	35.9738	2.9136
18	133	-31.4774	-5.03595	35.9445	2.90827
18	134	-31.412	-4.85736	35.9226	2.90301
18	135	-31.3507	-4.68283	35.9048	2.89788
18	136	-31.2991	-4.50929	35.8971	2.89285
18	137	-31.2448	-4.33828	35.8869	2.88785
18	138	-31.2153	-4.16083	35.9034	2.88286
18	139	-31.1873	-3.97606	35.9241	2.87769
18	140	-31.1951	-3.77916	35.9835	2.87247
18	141	-31.2071	-3.57089	36.0509	2.86699
18	142	-31.2496	-3.37687	36.1449	2.86214
18	143	-31.2979	-3.19028	36.2431	2.85756
18	144	-31.3765	-3.01757	36.3673	2.8536
18	145	-31.4586	-2.84651	36.4949	2.84975
18	146	-31.5541	-2.68267	36.6337	2.84622
18	147	-31.6502	-2.51931	36.7734	2.84273
18	148	-31.7504	-2.35749	36.9171	2.83934
18	149	-31.8555	-2.19673	37.0655	2.83604
25	0	40.8233	-17.8083	37.5959	-0.11895
25	1	40.8921	-17.6041	37.6405	-0.113349
25	2	40.9416	-17.4039	37.6677	-0.107918
25	3	40.9678	-17.2031	37.6726	-0.102544
25	4	40.9463	-17.003	37.6313	-0.0973123
25	5	40.8761	-16.7935	37.5416	-0.0919397
25	6	40.791	-16.5867	37.4384	-0.0866504
25	7	40.7015	-16.3832	37.3321	-0.0814258
25	8	40.6106	-16.1826	37.2256	-0.0762544
25	9	40.5204	-15.9852	37.1212	-0.0711376
25	10	40.4296	-15.7894	37.0171	-0.0660359
25	11	40.338	-15.5943	36.9134	-0.060924
25	12	40.2454	-15.3992	36.8096	-0.0557862
25	13	40.1517	-15.2044	36.7057	-0.05063
25	14	40.0586	-15.0102	36.6034	-0.0454606
25	15	39.9656	-14.8185	36.5022	-0.0403296
25	16	39.8713	-14.6308	36.4009	-0.0352832
25	17	39.7773	-14.4466	36.3009	-0.0303026
25	18	39.6848	-14.2648	36.2033	-0.025361
25	19	39.5927	-14.0857	36.1071	-0.020468
25	20	39.4986	-13.9046	36.0098	-0.0154918
25	21	39.4027	-13.7227	35.9115	-0.0104697
25	22	39.3036	-13.5425	35.8111	-0.00546739
25	23	39.2039	-13.364	35.7108	-0.000481854
25	24	39.1045	-13.1868	35.6118	0.00449201
25	25	39.0051	-13.0109	35.5136	0.00945786
25	26	38.9028	-12.8375	35.4133	0.0143801
25	27	38.7996	-12.6658	35.3131	0.0192839
25	28	38.6902	-12.5001	35.2073	0.0240502
25	29	38.5784	-12.3393	35.0998	0.028707
25	30	38.4599	-12.1876	34.986	0.0331371
25	31	38.3432	-12.041	34.8745	0.03745
25	32	38.2207	-11.904	34.7575	0.0415207
25	33	38.0989	-11.7685	34.6418	0.0455748
25	34	37.9608	-11.6482	34.5095	0.0492386
25	35	37.8133	-11.5303	34.3683	0.0528776
25	36	37.6434	-11.4275	34.2042	0.0561409
25	37	37.456	-11.3276	34.0229	0.0593827
25	38	37.2612	-11.2495	33.8331	0.0620276
25	39	37.063	-11.1824	33.6396	0.0643836
25	40	36.859	-11.1327	33.4393	0.066261
25	41	36.6512	-11.0945	33.2345	0.0678193
25	42	36.4418	-11.067	33.0275	0.0690816
25	43	36.2326	-11.0454	32.8203	0.0701764
25	44	36.024	-11.0285	32.6134	0.0711441
25	45	35.8162	-11.0142	32.4071	0.072039
25	46	35.6073	-11.0051	32.1995	0.0727867
25	47	35.3992	-11.0013	31.9922	0.0733804
25	48	35.1939	-11.0022	31.7874	0.0738241
25	49	34.9898	-11.0096	31.5833	0.0740682
25	50	34.7889	-11.0218	31.382	0.0741533
25	51	34.5921	-11.0367	31.1846	0.0741453
25	52	34.3995	-11.054	30.9913	0.0740494
25	53	34.2074	-11.076	30.7982	0.0737971
25	54	34.0167	-11.1044	30.6059	0.0733304
25	55	33.828	-11.1395	30.4151	0.0726353
25	56	33.6423	-11.1829	30.2267	0.0716504
25	57	33.4589	-11.2387	30.0399	0.0702341
25	58	33.2795	-11.3112	29.8559	0.0682334
25	59	33.1003	-11.4075	29.6707	0.0654047
25	60	32.922	-11.5231	29.4853	0.0618892
25	61	32.7603	-11.6489	29.3164	0.0579471
25	62	32.6088	-11.7822	29.1577	0.0536836
25	63	32.4687	-11.9275	29.0104	0.0489427
25	64	32.3351	-12.0834	28.8697	0.0437736
25	65	32.2099	-12.2499	28.7377	0.0381772
25	66	32.0882	-12.4212	28.6101	0.0323558
25	67	31.9722	-12.5964	28.4889	0.0263403
25	68	31.8601	-12.7723	28.3728	0.0202471
25	69	31.7535	-12.9481	28.2632	0.0141068
25	70	31.6499	-13.1247	28.1577	0.00788671
25	71	31.5501	-13.3018	28.057	0.00160145
25	72	31.4521	-13.4778	27.9593	-0.00468744
25	73	31.3581	-13.653	27.8667	-0.010991
25	74	31.2666	-13.8296	27.7776	-0.0173836
25	75	31.182	-14.007	27.6968	-0.0238418
25	76	31.1001	-14.1808	27.6196	-0.0302021
25	77	31.0264	-14.3573	27.5518	-0.0366854
25	78	30.9565	-14.5328	27.489	-0.0431608
25	79	30.8942	-14.7081	27.4349	-0.0496401
25	80	30.8351	-14.8814	27.3851	-0.0560682
25	81	30.783	-15.0545	27.3433	-0.0624976
25	82	30.7356	-15.2285	27.3074	-0.0689651
25	83	30.6991	-15.4047	27.2837	-0.0754977
25	84	30.6717	-15.5822	27.2704	-0.082065
25	85	30.6624	-15.7628	27.2765	-0.0886935
25	86	30.6606	-15.948	27.2917	-0.0954568
25	87	30.6859	-16.1383	27.3357	-0.102298
25	88	30.7155	-16.3178	27.384	-0.108708
25	89	30.7704	-16.4824	27.4569	-0.114451
25	90	30.8302	-16.6422	27.535	-0.11997
25	91	30.9028	-16.798	27.6261	-0.125254
25	92	30.9806	-16.9548	27.7233	-0.130516
25	93	31.0647	-17.1138	27.8278	-0.135786
25	94	31.1554	-17.276	27.94	-0.141101
25	95	31.2529	-17.4396	28.0599	-0.146384
25	96	31.3584	-17.6027	28.1884	-0.151563
25	97	31.4665	-17.7678	28.3206	-0.156748
25	98	31.5796	-17.9329	28.4585	-0.161858
25	99	31.6946	-18.1008	28.5994	-0.167005
25	100	31.8116	-18.2697	28.7433	-0.172123
25	101	31.9306	-18.4414	28.8903	-0.177271
25	102	32.0512	-18.6133	29.0397	-0.182366
25	103	32.173	-18.7853	29.191	-0.187403
25	104	32.2975	-18.9549	29.3453	-0.192291
25	105	32.4208	-19.1244	29.4991	-0.197133
25	106	32.5432	-19.2943	29.6527	-0.201944
25	107	32.6685	-19.4631	29.8096	-0.206649
25	108	32.7935	-19.6344	29.9674	-0.211387
25	109	32.9204	-19.807	30.1281	-0.216106
25	110	33.0507	-19.9792	30.2926	-0.220734
25	111	33.1823	-20.1509	30.4589	-0.225288
25	112	33.3134	-20.3219	30.6252	-0.229775
25	113	33.445	-20.4912	30.7922	-0.234155
25	114	33.578	-20.6602	30.9611	-0.238467
25	115	33.7168	-20.825	31.1351	-0.242558
25	116	33.8508	-20.9907	31.3053	-0.246669
25	117	34.0075	-21.1047	31.4852	-0.248965
25	118	34.1964	-21.1742	31.6853	-0.249621
25	119	34.3878	-21.2523	31.8901	-0.250512
25	120	34.5961	-21.3105	32.1063	-0.250661
25	121	34.8264	-21.3489	32.339	-0.250044
25	122	35.086	-21.3679	32.5952	-0.248637
25	123	35.3842	-21.3668	32.8841	-0.246374
25	124	35.6837	-21.3526	33.1712	-0.243757
25	125	35.985	-21.3248	33.457	-0.240775
25	126	36.2867	-21.2802	33.7395	-0.237359
25	127	36.5846	-21.2182	34.0148	-0.233529
25	128	36.8767	-21.1418	34.2816	-0.229389
25	129	37.164	-21.0535	34.5416	-0.225009
25	130	37.4484	-20.9531	34.7968	-0.220372
25	131	37.7296	-20.838	35.0464	-0.215414
25	132	38.0043	-20.7073	35.2874	-0.21013
25	133	38.2702	-20.5633	35.518	-0.204605
25	134	38.528	-20.4092	35.7396	-0.198917
25	135	38.7798	-20.2453	35.9547	-0.193065
25	136	39.0261	-20.0693	36.1634	-0.186981
25	137	39.2645	-19.8788	36.3629	-0.180614
25	138	39.4911	-19.6747	36.55	-0.174009
25	139	39.7051	-19.4607	36.7245	-0.167261
25	140	39.9086	-19.2387	36.8891	-0.160409
25	141	40.1032	-19.0077	37.0451	-0.153414
25	142	40.2875	-18.7659	37.1913	-0.146231
25	143	40.4585	-18.5142	37.3248	-0.138891
25	144	40.6142	-18.2556	37.4442	-0.131477
25	145	40.733	-18.023	37.5323	-0.124917
26	0	-24.2993	-8.07393	28.2881	2.9541
26	1	-24.3376	-7.85451	28.3674	2.94675
26	2	-24.3819	-7.63704	28.4537	2.93955
26	3	-24.4308	-7.41974	28.546	2.93244
26	4	-24.4845	-7.20106	28.6447	2.92536
26	5	-24.5446	-6.98305	28.7508	2.9184
26	6	-24.6114	-6.76637	28.8646	2.9116
26	7	-24.6841	-6.5519	28.9849	2.90496
26	8	-24.7617	-6.33983	29.1107	2.89851
26	9	-24.8436	-6.12957	29.2414	2.8922
26	10	-24.9307	-5.92054	29.3779	2.88604
26	11	-25.0244	-5.71305	29.5215	2.88004
26	12	-25.1265	-5.50869	29.6735	2.87428
26	13	-25.238	-5.30989	29.834	2.86884
26	14	-25.3597	-5.11901	30.003	2.8638
26	15	-25.4932	-4.93849	30.1812	2.85926
26	16	-25.6433	-4.77313	30.3716	2.85541
26	17	-25.8159	-4.62513	30.5791	2.85236
26	18	-26.01	-4.49031	30.8037	2.84996
26	19	-26.2302	-4.36916	31.0495	2.84827
26	20	-26.4567	-4.2709	31.2948	2.84735
26	21	-26.6905	-4.19544	31.5404	2.84721
26	22	-26.9305	-4.14065	31.7859	2.84775
26	23	-27.1718	-4.09929	32.0289	2.8487
26	24	-27.4134	-4.06631	32.2698	2.84988
26	25	-27.6563	-4.03934	32.5102	2.85124
26	26	-27.9023	-4.01966	32.7516	2.85281
26	27	-28.1514	-4.0092	32.9934	2.85466
26	28	-28.4015	-4.00939	33.2333	2.85679
26	29	-28.65	-4.02009	33.4688	2.85919
26	30	-28.8955	-4.04091	33.699	2.86181
26	31	-29.1369	-4.0742	33.922	2.86472
26	32	-29.3737	-4.12438	34.1362	2.86803
26	33	-29.6047	-4.19823	34.3389	2.87192
26	34	-29.8306	-4.2993	34.5301	2.87648
26	35	-30.0521	-4.42825	34.7105	2.88174
26	36	-30.2507	-4.57492	34.8653	2.88727
26	37	-30.427	-4.73874	34.9953	2.89307
26	38	-30.5843	-4.91947	35.104	2.89916
26	39	-30.7295	-5.11218	35.1993	2.90546
26	40	-30.8683	-5.31284	35.2881	2.91191
26	41	-31.0036	-5.51709	35.3741	2.91841
26	42	-31.1349	-5.72473	35.4569	2.92494
26	43	-31.2624	-5.93337	35.5373	2.93144
26	44	-31.3886	-6.1402	35.6184	2.93786
26	45	-31.5136	-6.34598	35.6998	2.94421
26	46	-31.636	-6.55346	35.7799	2.95057
26	47	-31.7575	-6.76322	35.8601	2.95696
26	48	-31.8788	-6.97183	35.9418	2.96328
26	49	-31.9957	-7.18141	36.0204	2.96958
26	50	-32.1119	-7.38679	36.1004	2.97574
26	51	-32.2295	-7.58854	36.1837	2.98177
26	52	-32.3441	-7.79115	36.2653	2.98779
26	53	-32.458	-7.99447	36.3474	2.9938
26	54	-32.5701	-8.19877	36.4288	2.9998
26	55	-32.6824	-8.40192	36.5119	3.00574
26	56	-32.7919	-8.60572	36.5934	3.01167
26	57	-32.8989	-8.80794	36.6739	3.01751
26	58	-33.0039	-9.01053	36.7537	3.02334
26	59	-33.1077	-9.21085	36.8337	3.02907
26	60	-33.2081	-9.4095	36.9118	3.03472
26	61	-33.3055	-9.60503	36.9884	3.04026
26	62	-33.3995	-9.79696	37.063	3.04567
26	63	-33.4911	-9.98528	37.1367	3.05095
26	64	-33.5789	-10.1717	37.2077	3.05616
26	65	-33.6645	-10.3566	37.2777	3.06129
26	66	-33.7434	-10.54	37.3422	3.06636
26	67	-33.8167	-10.7214	37.4021	3.07134
26	68	-33.8858	-10.9014	37.4588	3.07626
26	69	-33.8901	-11.078	37.452	3.08098
26	70	-33.8652	-11.2593	37.4166	3.08578
26	71	-33.8045	-11.4391	37.3463	3.09049
26	72	-33.732	-11.6265	37.2648	3.09541
26	73	-33.6406	-11.8273	37.1647	3.1007
26	74	-33.5216	-12.0477	37.0375	3.10651
26	75	-33.3703	-12.2974	36.8783	3.11313
26	76	-33.206	-12.5421	36.708	3.11967
26	77	-33.0269	-12.7784	36.5244	3.12603
26	78	-32.8344	-13.0032	36.3292	3.13214
26	79	-32.6316	-13.2162	36.1249	3.13798
26	80	-32.419	-13.4191	35.9122	-3.13958
26	81	-32.195	-13.6122	35.6891	-3.13415
26	82	-31.9578	-13.793	35.4537	-3.12901
26	83	-31.7093	-13.9578	35.2077	-3.12424
26	84	-31.4535	-14.1062	34.9549	-3.11986
26	85	-31.1926	-14.241	34.6973	-3.11582
26	86	-30.9256	-14.3639	34.4338	-3.11205
26	87	-30.6507	-14.4738	34.1624	-3.1086
26	88	-30.3685	-14.5676	33.8836	-3.10555
26	89	-30.0825	-14.6443	33.6006	-3.10297
26	90	-29.7951	-14.7059	33.316	-3.10079
26	91	-29.5065	-14.7539	33.0296	-3.09898
26	92	-29.2478	-14.7792	32.7722	-3.09787
26	93	-29.01	-14.7848	32.5349	-3.09738
26	94	-28.7858	-14.7703	32.3103	-3.09752
26	95	-28.5715	-14.7297	32.0944	-3.09849
26	96	-28.3783	-14.6404	31.8976	-3.10102
26	97	-28.1978	-14.4956	31.7117	-3.10536
26	98	-28.0256	-14.3296	31.534	-3.11042
26	99	-27.8564	-14.1623	31.3601	-3.11558
26	100	-27.6884	-13.996	31.1883	-3.12077
26	101	-27.5227	-13.8283	31.0195	-3.12607
26	102	-27.3589	-13.659	30.8536	-3.13147
26	103	-27.1957	-13.491	30.6891	-3.13689
26	104	-27.0359	-13.3234	30.529	3.14083
26	105	-26.879	-13.1572	30.3727	3.13535
26	106	-26.7256	-12.9902	30.2208	3.1298
26	107	-26.5701	-12.8257	30.0677	3.12426
26	108	-26.4118	-12.6627	29.9127	3.11872
26	109	-26.2589	-12.4941	29.7642	3.11294
26	110	-26.1056	-12.3263	29.6163	3.10713
26	111	-25.9528	-12.1621	29.4697	3.10138
26	112	-25.804	-11.9964	29.3282	3.09553
26	113	-25.658	-11.8326	29.1904	3.0897
26	114	-25.5147	-11.6691	29.0563	3.08382
26	115	-25.3721	-11.5079	28.9237	3.07797
26	116	-25.2338	-11.3467	28.7965	3.07208
26	117	-25.1011	-11.1854	28.6757	3.06615
26	118	-24.972	-11.0252	28.5597	3.06021
26	119	-24.8489	-10.8632	28.4506	3.05419
26	120	-24.7276	-10.7033	28.3442	3.04819
26	121	-24.6157	-10.5381	28.2488	3.042
26	122	-24.5072	-10.3713	28.1579	3.03573
26	123	-24.4136	-10.1945	28.0842	3.02911
26	124	-24.3345	-10.0058	28.0274	3.0221
26	125	-24.2777	-9.79861	27.9966	3.01452
26	126	-24.2371	-9.57706	27.9853	3.00648
26	127	-24.2161	-9.36268	27.9942	2.99879
26	128	-24.208	-9.15095	28.0171	2.99127
26	129	-24.2118	-8.9398	28.0532	2.98385
26	130	-24.2241	-8.7266	28.0996	2.97642
26	131	-24.2427	-8.51118	28.1542	2.96898
26	132	-24.2678	-8.29347	28.2171	2.96153
32	0	33.3017	-22.0226	31.0455	-0.283226
32	1	33.321	-21.8437	31.0145	-0.277514
32	2	33.3382	-21.6769	30.9858	-0.272187
32	3	33.2823	-21.5254	30.8916	-0.267947
32	4	33.2107	-21.3766	30.7834	-0.263904
32	5	33.1415	-21.2207	30.6762	-0.259585
32	6	33.0585	-21.0658	30.5565	-0.255384
32	7	32.9744	-20.9045	30.4346	-0.250951
32	8	32.8807	-20.7433	30.3041	-0.246567
32	9	32.7841	-20.5792	30.1706	-0.242074
32	10	32.6806	-20.4158	30.0314	-0.237619
32	11	32.5745	-20.2526	29.8901	-0.233147
32	12	32.4676	-20.0894	29.7486	-0.22864
32	13	32.3587	-19.9275	29.6062	-0.224148
32	14	32.2477	-19.7668	29.4626	-0.219669
32	15	32.1344	-19.607	29.3175	-0.215191
32	16	32.0206	-19.4469	29.1724	-0.210662
32	17	31.9053	-19.2876	29.0267	-0.206124
32	18	31.7888	-19.13	28.8807	-0.201609
32	19	31.6724	-18.9745	28.7358	-0.197118
32	20	31.5532	-18.8174	28.5884	-0.192545
32	21	31.4324	-18.658	28.4397	-0.187856
32	22	31.3085	-18.4971	28.2882	-0.183087
32	23	31.1818	-18.334	28.1343	-0.178209
32	24	31.0515	-18.1703	27.9773	-0.173273
32	25	30.9181	-18.007	27.8181	-0.16832
32	26	30.7827	-17.8457	27.6579	-0.163388
32	27	30.6451	-17.688	27.4968	-0.158546
32	28	30.5078	-17.5311	27.3368	-0.15367
32	29	30.3663	-17.3791	27.174	-0.148939
32	30	30.2212	-17.2342	27.0093	-0.14443
32	31	30.0656	-17.1048	26.8369	-0.140495
32	32	29.9012	-16.9847	26.6575	-0.136895
32	33	29.7224	-16.8802	26.4662	-0.133908
32	34	29.5306	-16.7863	26.2636	-0.131338
32	35	29.3375	-16.7207	26.0637	-0.129813
32	36	29.1458	-16.6726	25.8674	-0.128929
32	37	28.9526	-16.6508	25.673	-0.129055
32	38	28.7596	-16.6352	25.4796	-0.129424
32	39	28.5662	-16.6331	25.2876	-0.130327
32	40	28.3725	-16.6313	25.0953	-0.131261
32	41	28.1771	-16.6375	24.9024	-0.132535
32	42	27.9793	-16.6469	24.7076	-0.133967
32	43	27.7795	-16.6637	24.5118	-0.135735
32	44	27.5789	-16.686	24.3162	-0.137763
32	45	27.3783	-16.7138	24.1214	-0.140045
32	46	27.179	-16.7485	23.9289	-0.142646
32	47	26.9814	-16.7858	23.7387	-0.145384
32	48	26.786	-16.8308	23.552	-0.148474
32	49	26.5918	-16.8801	23.3674	-0.15179
32	50	26.4024	-16.9445	23.19	-0.155772
32	51	26.2173	-17.0224	23.0196	-0.160363
32	52	26.0392	-17.1252	22.8605	-0.166045
32	53	25.8627	-17.246	22.7069	-0.172574
32	54	25.7088	-17.3816	22.5791	-0.179663
32	55	25.5683	-17.5249	22.4671	-0.187057
32	56	25.4508	-17.6844	22.3821	-0.195036
32	57	25.3438	-17.8534	22.3106	-0.203397
32	58	25.2509	-18.0304	22.2562	-0.212028
32	59	25.1608	-18.2082	22.2063	-0.22071
32	60	25.0791	-18.3911	22.1676	-0.229564
32	61	24.9997	-18.576	22.1332	-0.238516
32	62	24.9281	-18.7647	22.1091	-0.247578
32	63	24.8594	-18.954	22.0899	-0.256646
32	64	24.8	-19.1469	22.0822	-0.265779
32	65	24.7457	-19.3396	22.0814	-0.274847
32	66	24.6982	-19.5308	22.0884	-0.283761
32	67	24.6542	-19.7185	22.0996	-0.292474
32	68	24.6149	-19.907	22.1171	-0.301146
32	69	24.5795	-20.0952	22.14	-0.309739
32	70	24.5483	-20.2824	22.168	-0.318209
32	71	24.5234	-20.4731	22.2049	-0.326715
32	72	24.505	-20.665	22.2499	-0.335153
32	73	24.4951	-20.8561	22.3041	-0.343388
32	74	24.4896	-21.0442	22.363	-0.35139
32	75	24.4918	-21.2281	22.4291	-0.359056
32	76	24.4962	-21.41	22.4977	-0.366558
32	77	24.5075	-21.5895	22.5732	-0.373802
32	78	24.5222	-21.7672	22.6523	-0.380869
32	79	24.539	-21.9444	22.7343	-0.387828
32	80	24.5721	-22.1197	22.8317	-0.394388
32	81	24.6078	-22.2981	22.9338	-0.400972
32	82	24.6767	-22.4719	23.0654	-0.406742
32	83	24.7569	-22.649	23.2095	-0.412382
32	84	24.8679	-22.8224	23.381	-0.417274
32	85	24.9851	-22.9852	23.5543	-0.421577
32	86	25.1151	-23.1349	23.7343	-0.42509
32	87	25.2528	-23.2773	23.9186	-0.42814
32	88	25.4022	-23.4112	24.1102	-0.430622
32	89	25.5583	-23.5412	24.3063	-0.432801
32	90	25.7206	-23.667	24.5066	-0.434682
32	91	25.8872	-23.7901	24.7095	-0.436363
32	92	26.0564	-23.9105	24.9138	-0.437872
32	93	26.2265	-24.028	25.1176	-0.439238
32	94	26.3981	-24.1424	25.3217	-0.440443
32	95	26.5704	-24.2543	25.5252	-0.441531
32	96	26.7425	-24.3649	25.7281	-0.442559
32	97	26.9148	-24.4748	25.9308	-0.443544
32	98	27.0874	-24.5841	26.1336	-0.444487
32	99	27.2607	-24.6915	26.3363	-0.445339
32	100	27.4338	-24.7963	26.5377	-0.446093
32	101	27.6056	-24.8978	26.7364	-0.446747
32	102	27.7748	-24.9964	26.9317	-0.447335
32	103	27.9418	-25.0907	27.1231	-0.447805
32	104	28.1064	-25.1815	27.3107	-0.448194
32	105	28.2692	-25.2676	27.4947	-0.44845
32	106	28.4321	-25.3507	27.6776	-0.448602
32	107	28.5948	-25.4298	27.8585	-0.448627
32	108	28.7571	-25.5027	28.0364	-0.44846
32	109	28.9174	-25.5709	28.2103	-0.448173
32	110	29.0764	-25.6311	28.3798	-0.447657
32	111	29.2338	-25.6816	28.5436	-0.446867
32	112	29.3853	-25.7354	28.7033	-0.446276
32	113	29.5374	-25.7586	28.8507	-0.444725
32	114	29.7004	-25.7332	28.987	-0.441514
32	115	29.8711	-25.7007	29.1276	-0.438004
32	116	30.0508	-25.6429	29.2661	-0.43361
32	117	30.2482	-25.5728	29.4162	-0.428626
32	118	30.4674	-25.474	29.5751	-0.422509
32	119	30.717	-25.3422	29.7494	-0.415028
32	120	30.9599	-25.1936	29.9128	-0.407208
32	121	31.193	-25.0309	30.0634	-0.399166
32	122	31.4151	-24.8573	30.2015	-0.391012
32	123	31.6277	-24.6753	30.3297	-0.382793
32	124	31.8327	-24.4848	30.4498	-0.374476
32	125	32.0301	-24.2841	30.5612	-0.366001
32	126	32.2177	-24.0721	30.6616	-0.357355
32	127	32.3929	-23.85	30.7493	-0.348596
32	128	32.5555	-23.6206	30.8249	-0.339798
32	129	32.7072	-23.3853	30.8907	-0.33098
32	130	32.849	-23.1435	30.9474	-0.322103
32	131	32.9806	-22.8946	30.9947	-0.313139
32	132	33.1001	-22.6388	31.0309	-0.30411
32	133	33.1879	-22.4123	31.0478	-0.296303
32	134	33.2502	-22.2085	31.0486	-0.289441
33	0	-17.7784	-14.0717	21.2838	-3.10752
33	1	-17.8136	-13.8824	21.3135	-3.11646
33	2	-17.8538	-13.6974	21.3498	-3.12517
33	3	-17.8973	-13.5171	21.3911	-3.13363
33	4	-17.9457	-13.3427	21.4388	3.1414
33	5	-17.996	-13.1741	21.4898	3.13356
33	6	-18.0517	-13.0129	21.5474	3.1261
33	7	-18.1103	-12.8523	21.6091	3.11871
33	8	-18.1896	-12.6999	21.6923	3.11177
33	9	-18.2781	-12.5432	21.7861	3.1047
33	10	-18.4035	-12.3942	21.9173	3.09812
33	11	-18.5581	-12.2369	22.0791	3.0913
33	12	-18.7759	-12.0775	22.3051	3.08466
33	13	-18.9485	-11.9244	22.4867	3.0783
33	14	-19.0911	-11.7791	22.6385	3.07229
33	15	-19.2374	-11.6528	22.7935	3.0672
33	16	-19.3872	-11.5285	22.9525	3.06229
33	17	-19.5476	-11.4275	23.1205	3.05849
33	18	-19.71	-11.3324	23.2903	3.05499
33	19	-19.8823	-11.2527	23.469	3.05225
33	20	-20.0576	-11.176	23.6506	3.04968
33	21	-20.2374	-11.1046	23.8362	3.04739
33	22	-20.4208	-11.0364	24.0253	3.04528
33	23	-20.6078	-10.9739	24.2175	3.04345
33	24	-20.7979	-10.9134	24.4126	3.04175
33	25	-20.9926	-10.8571	24.612	3.04026
33	26	-21.192	-10.8039	24.8157	3.03894
33	27	-21.396	-10.7556	25.0236	3.03786
33	28	-21.602	-10.7136	25.2328	3.03705
33	29	-21.8088	-10.678	25.4423	3.0365
33	30	-22.0155	-10.6477	25.651	3.03617
33	31	-22.2217	-10.6221	25.8588	3.03603
33	32	-22.4278	-10.6018	26.0658	3.03609
33	33	-22.6341	-10.5907	26.2721	3.03649
33	34	-22.8372	-10.5957	26.4737	3.03749
33	35	-23.0392	-10.6195	26.6721	3.03916
33	36	-23.2408	-10.6604	26.8685	3.04145
33	37	-23.4421	-10.7219	27.0627	3.04445
33	38	-23.6311	-10.7992	27.2436	3.04795
33	39	-23.8094	-10.8924	27.4126	3.05194
33	40	-23.9789	-10.9998	27.5721	3.05637
33	41	-24.1407	-11.123	27.7231	3.06129
33	42	-24.2985	-11.2555	27.8702	3.06649
33	43	-24.4531	-11.3952	28.0143	3.07187
33	44	-24.6068	-11.5387	28.158	3.07734
33	45	-24.7596	-11.6847	28.3015	3.08283
33	46	-24.9115	-11.8338	28.4449	3.08838
33	47	-25.0629	-11.9837	28.5885	3.0939
33	48	-25.2128	-12.134	28.7315	3.09937
33	49	-25.36	-12.2855	28.8726	3.10483
33	50	-25.506	-12.4373	29.0133	3.11024
33	51	-25.6531	-12.5875	29.1561	3.11555
33	52	-25.7987	-12.7381	29.2981	3.12082
33	53	-25.941	-12.889	29.4376	3.12604
33	54	-26.0802	-13.0384	29.5749	3.13116
33	55	-26.2177	-13.1832	29.7113	3.13609
33	56	-26.3543	-13.3307	29.8474	3.14106
33	57	-26.4896	-13.4814	29.983	-3.1371
33	58	-26.6248	-13.6342	30.1193	-3.13205
33	59	-26.7606	-13.7879	30.2569	-3.12701
33	60	-26.8949	-13.9426	30.3939	-3.12199
33	61	-27.0269	-14.097	30.5292	-3.11702
33	62	-27.1547	-14.2502	30.6611	-3.11212
33	63	-27.2791	-14.4008	30.7902	-3.10735
33	64	-27.3992	-14.5493	30.9157	-3.10269
33	65	-27.5157	-14.6956	31.0381	-3.09812
33	66	-27.628	-14.8406	31.157	-3.09363
33	67	-27.7311	-14.9884	31.2673	-3.08906
33	68	-27.8326	-15.1316	31.3766	-3.08468
33	69	-27.9216	-15.2744	31.4738	-3.08031
33	70	-27.9562	-15.4381	31.5187	-3.07519
33	71	-27.9751	-15.609	31.5495	-3.06983
33	72	-27.9915	-15.7898	31.5792	-3.06415
33	73	-27.9923	-15.9869	31.5959	-3.05794
33	74	-27.9733	-16.2034	31.5958	-3.05106
33	75	-27.9409	-16.4487	31.5867	-3.04323
33	76	-27.8857	-16.7331	31.561	-3.03409
33	77	-27.8169	-17.0181	31.5245	-3.02487
33	78	-27.731	-17.302	31.4736	-3.01559
33	79	-27.627	-17.5802	31.4067	-3.00639
33	80	-27.5079	-17.8498	31.3263	-2.99735
33	81	-27.3776	-18.1113	31.2362	-2.98846
33	82	-27.2374	-18.3671	31.1378	-2.97966
33	83	-27.0856	-18.6184	31.0297	-2.97088
33	84	-26.9204	-18.8633	30.9097	-2.96216
33	85	-26.7424	-19.099	30.7778	-2.95359
33	86	-26.5543	-19.3246	30.6362	-2.94521
33	87	-26.3575	-19.5417	30.4867	-2.93696
33	88	-26.151	-19.7516	30.3281	-2.9288
33	89	-25.9324	-19.9529	30.1579	-2.92075
33	90	-25.7015	-20.1422	29.9751	-2.9129
33	91	-25.4618	-20.317	29.7821	-2.90536
33	92	-25.2165	-20.4784	29.5821	-2.89812
33	93	-25.0002	-20.6035	29.4029	-2.89221
33	94	-24.8042	-20.6998	29.237	-2.88737
33	95	-24.6204	-20.7715	29.0774	-2.88339
33	96	-24.4426	-20.8221	28.9186	-2.88013
33	97	-24.273	-20.8798	28.7698	-2.87667
33	98	-24.1096	-20.8872	28.6141	-2.87492
33	99	-23.9402	-20.8627	28.4443	-2.87418
33	100	-23.7699	-20.8179	28.2682	-2.87412
33	101	-23.5966	-20.7685	28.088	-2.87419
33	102	-23.4209	-20.7159	27.9046	-2.87434
33	103	-23.2439	-20.6577	27.7185	-2.87468
33	104	-23.065	-20.5963	27.5298	-2.87512
33	105	-22.8842	-20.5318	27.3383	-2.87565
33	106	-22.7008	-20.4651	27.1439	-2.87624
33	107	-22.5158	-20.395	26.947	-2.87696
33	108	-22.3295	-20.3232	26.7484	-2.87772
33	109	-22.1441	-20.2487	26.55	-2.87861
33	110	-21.9611	-20.1727	26.3535	-2.87959
33	111	-21.7754	-20.0962	26.1544	-2.88058
33	112	-21.588	-20.0182	25.9533	-2.88162
33	113	-21.3996	-19.9366	25.7502	-2.8828
33	114	-21.2092	-19.8523	25.5446	-2.88408
33	115	-21.0158	-19.7678	25.3361	-2.88536
33	116	-20.8224	-19.6783	25.1264	-2.88686
33	117	-20.627	-19.5922	24.9156	-2.88823
33	118	-20.4337	-19.5037	24.7063	-2.88973
33	119	-20.2425	-19.4145	24.4989	-2.89131
33	120	-20.0515	-19.3229	24.2912	-2.89302
33	121	-19.86	-19.2298	24.0827	-2.89481
33	122	-19.6684	-19.1347	23.8737	-2.89671
33	123	-19.4803	-19.0333	23.6667	-2.89894
33	124	-19.2993	-18.9239	23.4648	-2.90161
33	125	-19.1311	-18.8028	23.2727	-2.90495
33	126	-18.9756	-18.6727	23.0913	-2.90885
33	127	-18.8401	-18.5362	22.9282	-2.91328
33	128	-18.7206	-18.4001	22.7812	-2.91791
33	129	-18.6061	-18.2638	22.6396	-2.92266
33	130	-18.503	-18.118	22.5076	-2.92799
33	131	-18.3921	-17.9584	22.3658	-2.93391
33	132	-18.2708	-17.7658	22.208	-2.94127
33	133	-18.0986	-17.5351	21.9942	-2.94999
33	134	-17.9715	-17.3218	21.8296	-2.95847
33	135	-17.889	-17.118	21.7121	-2.96702
33	136	-17.8315	-16.9135	21.6208	-2.97587
33	137	-17.7877	-16.7079	21.5446	-2.98495
33	138	-17.753	-16.5018	21.4791	-2.99417
33	139	-17.7246	-16.2945	21.4215	-3.00355
33	140	-17.7031	-16.086	21.3725	-3.01307
33	141	-17.6869	-15.8776	21.3307	-3.02267
33	142	-17.6787	-15.6687	21.2987	-3.03236
33	143	-17.6758	-15.4614	21.2742	-3.04203
33	144	-17.679	-15.2574	21.2581	-3.05159
33	145	-17.6853	-15.0553	21.2472	-3.06109
33	146	-17.6959	-14.8552	21.2426	-3.07052
33	147	-17.7093	-14.6573	21.2428	-3.07986
33	148	-17.7271	-14.4599	21.2494	-3.08918
33	149	-17.7506	-14.2642	21.2635	-3.09843
38	0	29.3296	-28.6502	30.0287	-0.534752
38	1	29.3391	-28.3489	29.8844	-0.525915
38	2	29.3342	-28.0504	29.7314	-0.517314
38	3	29.3187	-27.7546	29.5727	-0.50888
38	4	29.2932	-27.46	29.408	-0.500555
38	5	29.2553	-27.201	29.2512	-0.493409
38	6	29.203	-26.9678	29.0952	-0.4872
38	7	29.1344	-26.7532	28.9345	-0.481757
38	8	29.0438	-26.5556	28.763	-0.477128
38	9	28.9149	-26.3912	28.5731	-0.474088
38	10	28.7406	-26.2531	28.355	-0.472564
38	11	28.5501	-26.1273	28.1282	-0.471663
38	12	28.359	-26.0057	27.9028	-0.470892
38	13	28.1693	-25.8853	27.6791	-0.470125
38	14	27.981	-25.7645	27.4565	-0.46931
38	15	27.7924	-25.6449	27.2341	-0.468524
38	16	27.6028	-25.5272	27.0119	-0.467805
38	17	27.4138	-25.411	26.7907	-0.467115
38	18	27.2268	-25.2952	26.5717	-0.466396
38	19	27.0396	-25.1838	26.3544	-0.465812
38	20	26.8569	-25.0727	26.1412	-0.465156
38	21	26.6771	-24.9614	25.9307	-0.46443
38	22	26.4968	-24.8534	25.721	-0.463815
38	23	26.3169	-24.7458	25.5121	-0.463198
38	24	26.1374	-24.6392	25.3039	-0.462597
38	25	25.9587	-24.5351	25.0975	-0.462063
38	26	25.7818	-24.4345	24.8943	-0.461613
38	27	25.607	-24.338	24.6947	-0.46127
38	28	25.4338	-24.2455	24.4986	-0.461032
38	29	25.264	-24.157	24.307	-0.46088
38	30	25.0949	-24.0739	24.1187	-0.460914
38	31	24.9253	-23.9957	23.9319	-0.461138
38	32	24.755	-23.9207	23.7461	-0.4615
38	33	24.5794	-23.8571	23.5605	-0.462402
38	34	24.3982	-23.7999	23.3729	-0.463671
38	35	24.2033	-23.7712	23.1858	-0.466321
38	36	23.9997	-23.7512	22.9951	-0.469527
38	37	23.8072	-23.758	22.8267	-0.473609
38	38	23.6219	-23.7742	22.6694	-0.477973
38	39	23.4408	-23.8027	22.5219	-0.482794
38	40	23.2626	-23.8433	22.3832	-0.488098
38	41	23.0844	-23.8864	22.2464	-0.493564
38	42	22.9051	-23.9373	22.1131	-0.499434
38	43	22.7236	-23.9934	21.981	-0.505628
38	44	22.5406	-24.0556	21.8515	-0.512177
38	45	22.358	-24.1255	21.7271	-0.519097
38	46	22.1735	-24.2006	21.6047	-0.526351
38	47	21.9886	-24.2805	21.4856	-0.533893
38	48	21.8052	-24.3658	21.3718	-0.541697
38	49	21.6233	-24.4543	21.2622	-0.549671
38	50	21.4406	-24.5467	21.1554	-0.557908
38	51	21.2564	-24.6423	21.0505	-0.566391
38	52	21.073	-24.7444	20.9514	-0.575203
38	53	20.8905	-24.8517	20.8574	-0.584282
38	54	20.7116	-24.967	20.7728	-0.593659
38	55	20.5389	-25.0896	20.6991	-0.60324
38	56	20.3768	-25.2219	20.6416	-0.612969
38	57	20.2273	-25.3646	20.6024	-0.622811
38	58	20.091	-25.522	20.5846	-0.632885
38	59	19.9635	-25.6933	20.5843	-0.643259
38	60	19.8556	-25.8697	20.6047	-0.653249
38	61	19.761	-26.0506	20.6405	-0.662995
38	62	19.6822	-26.2396	20.6957	-0.672538
38	63	19.616	-26.4371	20.7679	-0.681959
38	64	19.5607	-26.6403	20.8539	-0.691198
38	65	19.5127	-26.8454	20.9485	-0.700205
38	66	19.4705	-27.0502	21.0491	-0.708936
38	67	19.4331	-27.2547	21.1546	-0.717423
38	68	19.3992	-27.4576	21.2631	-0.725661
38	69	19.369	-27.6622	21.377	-0.733757
38	70	19.3415	-27.8671	21.4945	-0.741696
38	71	19.3166	-28.0708	21.6144	-0.749423
38	72	19.2958	-28.2763	21.7398	-0.756994
38	73	19.2791	-28.4803	21.8683	-0.7643
38	74	19.2653	-28.6799	21.9969	-0.771284
38	75	19.2545	-28.879	22.1285	-0.778078
38	76	19.2479	-29.0759	22.2625	-0.784584
38	77	19.2415	-29.2692	22.395	-0.790893
38	78	19.244	-29.4638	22.5355	-0.796889
38	79	19.2478	-29.6577	22.6772	-0.802746
38	80	19.2621	-29.8488	22.825	-0.808109
38	81	19.2826	-30.0388	22.9768	-0.813177
38	82	19.309	-30.2263	23.1314	-0.817919
38	83	19.3392	-30.4115	23.2874	-0.822412
38	84	19.3871	-30.592	23.4524	-0.826149
38	85	19.441	-30.7751	23.6237	-0.829724
38	86	19.5212	-30.9562	23.8116	-0.832374
38	87	19.6152	-31.1442	24.014	-0.834749
38	88	19.7262	-31.3168	24.2165	-0.836136
38	89	19.8466	-31.4819	24.4197	-0.837013
38	90	19.9854	-31.6346	24.626	-0.836978
38	91	20.1399	-31.7799	24.8373	-0.836277
38	92	20.3093	-31.9145	25.0508	-0.834859
38	93	20.4827	-32.0431	25.2626	-0.833188
38	94	20.6576	-32.1656	25.4709	-0.831341
38	95	20.8325	-32.2847	25.6768	-0.829433
38	96	21.0076	-32.4008	25.8808	-0.827473
38	97	21.1824	-32.5161	26.084	-0.825533
38	98	21.3577	-32.6304	26.2869	-0.82358
38	99	21.5335	-32.7436	26.4895	-0.821614
38	100	21.7093	-32.8544	26.6904	-0.81962
38	101	21.8831	-32.9624	26.888	-0.817637
38	102	22.0532	-33.0674	27.081	-0.815706
38	103	22.2242	-33.1707	27.2734	-0.813735
38	104	22.3954	-33.2733	27.4657	-0.81177
38	105	22.5676	-33.3751	27.6581	-0.809787
38	106	22.7404	-33.4774	27.8514	-0.807828
38	107	22.9152	-33.5781	28.045	-0.805803
38	108	23.091	-33.6778	28.2388	-0.803755
38	109	23.2684	-33.773	28.4305	-0.801589
38	110	23.4448	-33.8652	28.6195	-0.799401
38	111	23.6206	-33.9513	28.8039	-0.797108
38	112	23.794	-34.0343	28.9845	-0.79483
38	113	23.9669	-34.111	29.1604	-0.79244
38	114	24.1361	-34.1855	29.3324	-0.790119
38	115	24.3028	-34.2586	29.5017	-0.787847
38	116	24.4722	-34.3213	29.6657	-0.785289
38	117	24.6423	-34.3805	29.828	-0.782662
38	118	24.8196	-34.3849	29.957	-0.778592
38	119	25.0141	-34.3569	30.0762	-0.773389
38	120	25.2134	-34.2916	30.1738	-0.767224
38	121	25.4283	-34.2104	30.2729	-0.760365
38	122	25.6628	-34.1006	30.368	-0.752423
38	123	25.9243	-33.9615	30.4651	-0.743225
38	124	26.1799	-33.8132	30.5543	-0.733991
38	125	26.4315	-33.6568	30.6377	-0.724698
38	126	26.6794	-33.4893	30.7136	-0.715264
38	127	26.9211	-33.3072	30.7781	-0.705649
38	128	27.1518	-33.1102	30.8274	-0.695931
38	129	27.3691	-32.902	30.8622	-0.68624
38	130	27.5748	-32.6863	30.886	-0.676616
38	131	27.7717	-32.4635	30.9015	-0.667007
38	132	27.9604	-32.2319	30.9079	-0.657342
38	133	28.1387	-31.99	30.9027	-0.647618
38	134	28.304	-31.7392	30.8847	-0.637913
38	135	28.4563	-31.4829	30.8558	-0.628301
38	136	28.5978	-31.2227	30.8188	-0.61877
38	137	28.7306	-30.9576	30.7745	-0.609252
38	138	28.8537	-30.6854	30.7211	-0.599694
38	139	28.9638	-30.4051	30.6553	-0.590118
38	140	29.0581	-30.119	30.5758	-0.580626
38	141	29.1372	-29.8306	30.485	-0.571291
38	142	29.204	-29.5409	30.3858	-0.562084
38	143	29.2597	-29.2484	30.2784	-0.552928
38	144	29.3028	-28.9513	30.1602	-0.543795
39	0	-14.5745	-24.0956	21.0232	-2.60491
39	1	-14.5669	-23.8779	20.9062	-2.61368
39	2	-14.5614	-23.6618	20.7934	-2.62252
39	3	-14.5588	-23.4477	20.6858	-2.63145
39	4	-14.5631	-23.2318	20.585	-2.6407
39	5	-14.5753	-23.0164	20.4932	-2.65021
39	6	-14.5945	-22.8038	20.4108	-2.65983
39	7	-14.6196	-22.5951	20.3372	-2.6695
39	8	-14.649	-22.3901	20.2711	-2.67917
39	9	-14.6829	-22.1882	20.2123	-2.68885
39	10	-14.7219	-21.9883	20.161	-2.69862
39	11	-14.77	-21.7884	20.1197	-2.70862
39	12	-14.8305	-21.5893	20.0921	-2.71888
39	13	-14.9094	-21.3931	20.0848	-2.7294
39	14	-15.0096	-21.2007	20.1006	-2.74017
39	15	-15.1324	-21.0106	20.1406	-2.75124
39	16	-15.2671	-20.8405	20.2015	-2.76156
39	17	-15.4154	-20.6895	20.2842	-2.77119
39	18	-15.5772	-20.5545	20.3869	-2.78023
39	19	-15.7486	-20.4305	20.5042	-2.78885
39	20	-15.9269	-20.3138	20.6319	-2.79714
39	21	-16.1107	-20.2028	20.7681	-2.80516
39	22	-16.299	-20.0979	20.9118	-2.81286
39	23	-16.4906	-19.9997	21.0621	-2.82021
39	24	-16.6844	-19.9083	21.2176	-2.82719
39	25	-16.8793	-19.8234	21.3772	-2.83378
39	26	-17.0754	-19.7448	21.5406	-2.84002
39	27	-17.2733	-19.6726	21.7085	-2.8459
39	28	-17.474	-19.6088	21.8822	-2.85137
39	29	-17.6786	-19.5564	22.0636	-2.85629
39	30	-17.8881	-19.5183	22.2541	-2.86059
39	31	-18.1039	-19.4979	22.4559	-2.86413
39	32	-18.3178	-19.4978	22.6616	-2.86672
39	33	-18.523	-19.5156	22.864	-2.8684
39	34	-18.72	-19.548	23.0624	-2.86935
39	35	-18.9122	-19.5908	23.2591	-2.8698
39	36	-19.1031	-19.6397	23.4561	-2.86998
39	37	-19.2938	-19.6949	23.6547	-2.86989
39	38	-19.4868	-19.7551	23.8568	-2.86963
39	39	-19.6834	-19.8207	24.0637	-2.8692
39	40	-19.884	-19.8914	24.2759	-2.86862
39	41	-20.0852	-19.9675	24.4902	-2.86784
39	42	-20.2865	-20.0479	24.7058	-2.86691
39	43	-20.4881	-20.1309	24.9224	-2.8659
39	44	-20.6914	-20.2152	25.1409	-2.86488
39	45	-20.8977	-20.3008	25.3627	-2.86385
39	46	-21.1081	-20.3883	25.5891	-2.86282
39	47	-21.3201	-20.4775	25.8175	-2.86176
39	48	-21.5337	-20.5684	26.0479	-2.86067
39	49	-21.7459	-20.6605	26.2773	-2.85954
39	50	-21.9575	-20.7532	26.5064	-2.8584
39	51	-22.1702	-20.8466	26.7368	-2.85727
39	52	-22.385	-20.9417	26.9696	-2.85612
39	53	-22.6015	-21.0394	27.2049	-2.85491
39	54	-22.8186	-21.1399	27.4416	-2.85364
39	55	-23.0349	-21.2426	27.6781	-2.8523
39	56	-23.2489	-21.3486	27.9135	-2.85085
39	57	-23.4575	-21.4632	28.1462	-2.84907
39	58	-23.6681	-21.5689	28.3785	-2.84765
39	59	-23.823	-21.7155	28.5693	-2.8443
39	60	-23.9326	-21.9121	28.7321	-2.83888
39	61	-24.0515	-22.1138	28.9061	-2.83344
39	62	-24.1513	-22.342	29.0711	-2.82701
39	63	-24.2317	-22.603	29.2292	-2.81937
39	64	-24.2951	-22.9037	29.3857	-2.81034
39	65	-24.3425	-23.206	29.5301	-2.80118
39	66	-24.3779	-23.51	29.6662	-2.79192
39	67	-24.401	-23.8171	29.7945	-2.78251
39	68	-24.4092	-24.1271	29.9125	-2.7729
39	69	-24.4009	-24.4372	30.0179	-2.76316
39	70	-24.3778	-24.7447	30.1115	-2.75339
39	71	-24.3425	-25.0503	30.1959	-2.74358
39	72	-24.2943	-25.3557	30.2713	-2.73366
39	73	-24.2302	-25.661	30.3352	-2.72359
39	74	-24.1482	-25.963	30.3844	-2.71341
39	75	-24.0505	-26.2581	30.4196	-2.70325
39	76	-23.9408	-26.5464	30.4442	-2.69314
39	77	-23.8206	-26.8303	30.4605	-2.68304
39	78	-23.6881	-27.1108	30.4674	-2.67285
39	79	-23.5408	-27.3862	30.462	-2.6626
39	80	-23.3794	-27.6531	30.4434	-2.65238
39	81	-23.2069	-27.9107	30.4138	-2.64224
39	82	-23.0248	-28.1609	30.3753	-2.63214
39	83	-22.8317	-28.4049	30.3272	-2.62201
39	84	-22.6251	-28.6408	30.2667	-2.61185
39	85	-22.4057	-28.8649	30.1921	-2.60177
39	86	-22.1769	-29.0754	30.1055	-2.59187
39	87	-21.9402	-29.2722	30.0079	-2.58216
39	88	-21.7183	-29.4278	29.9034	-2.57381
39	89	-21.5043	-29.5498	29.7894	-2.56649
39	90	-21.2917	-29.6429	29.6622	-2.55996
39	91	-21.0874	-29.7368	29.5438	-2.5535
39	92	-20.8774	-29.7641	29.3846	-2.54877
39	93	-20.6491	-29.7255	29.1737	-2.54549
39	94	-20.4168	-29.6894	28.9615	-2.54202
39	95	-20.1872	-29.6428	28.7457	-2.53885
39	96	-19.9599	-29.59	28.5286	-2.53586
39	97	-19.7338	-29.5337	28.3109	-2.53295
39	98	-19.5079	-29.4751	28.0922	-2.53006
39	99	-19.2821	-29.4137	27.8721	-2.52721
39	100	-19.0573	-29.3493	27.6514	-2.52443
39	101	-18.8344	-29.2841	27.4321	-2.52167
39	102	-18.6142	-29.218	27.2145	-2.51894
39	103	-18.3964	-29.1494	26.9977	-2.5163
39	104	-18.1789	-29.0799	26.7808	-2.51365
39	105	-17.9619	-29.0117	26.5652	-2.51093
39	106	-17.7451	-28.9416	26.3488	-2.50823
39	107	-17.5318	-28.8696	26.1344	-2.50562
39	108	-17.323	-28.7953	25.9224	-2.50314
39	109	-17.1195	-28.7182	25.713	-2.50083
39	110	-16.9203	-28.6387	25.5059	-2.49866
39	111	-16.7256	-28.5584	25.302	-2.49659
39	112	-16.5339	-28.4757	25.0991	-2.49463
39	113	-16.3445	-28.3874	24.8948	-2.49287
39	114	-16.1581	-28.2909	24.688	-2.49142
39	115	-15.9784	-28.1819	24.479	-2.49052
39	116	-15.8104	-28.052	24.2666	-2.49059
39	117	-15.6539	-27.8963	24.0478	-2.49179
39	118	-15.5066	-27.7173	23.8223	-2.49403
39	119	-15.3803	-27.532	23.6099	-2.49707
39	120	-15.2701	-27.3416	23.4075	-2.50074
39	121	-15.1745	-27.1439	23.2129	-2.5051
39	122	-15.091	-26.9374	23.0234	-2.51017
39	123	-15.0165	-26.7257	22.8386	-2.51572
39	124	-14.9496	-26.5088	22.6577	-2.52175
39	125	-14.8897	-26.289	22.4818	-2.52816
39	126	-14.8375	-26.0681	22.3124	-2.53491
39	127	-14.791	-25.8485	22.1495	-2.54186
39	128	-14.7482	-25.6312	21.9921	-2.54892
39	129	-14.7098	-25.4126	21.8388	-2.55623
39	130	-14.6755	-25.1932	21.6895	-2.56379
39	131	-14.6449	-24.9736	21.5446	-2.57155
39	132	-14.6186	-24.7555	21.4054	-2.57947
39	133	-14.5987	-24.5352	21.2719	-2.58774
39	134	-14.5845	-24.3148	21.1447	-2.59625
43	0	24.4712	-37.8929	32.2892	-0.863616
43	1	24.5079	-37.5963	32.0883	-0.856741
43	2	24.5305	-37.2978	31.8782	-0.850072
43	3	24.5395	-36.9999	31.6611	-0.843649
43	4	24.5376	-36.7037	31.4392	-0.837432
43	5	24.5264	-36.4082	31.2127	-0.831363
43	6	24.5042	-36.1126	30.9798	-0.825462
43	7	24.4667	-35.8535	30.7644	-0.820645
43	8	24.4131	-35.6223	30.5589	-0.816769
43	9	24.3436	-35.412	30.3582	-0.813695
43	10	24.2563	-35.2187	30.1578	-0.811396
43	11	24.1423	-35.0489	29.9562	-0.810257
43	12	23.9889	-34.9067	29.7474	-0.810696
43	13	23.8018	-34.7856	29.5308	-0.812462
43	14	23.618	-34.6613	29.3141	-0.814099
43	15	23.4322	-34.5413	29.0994	-0.81591
43	16	23.2473	-34.421	28.8852	-0.817717
43	17	23.0606	-34.3015	28.6703	-0.819621
43	18	22.8722	-34.1837	28.4557	-0.821634
43	19	22.6823	-34.07	28.2432	-0.823816
43	20	22.4948	-33.9556	28.032	-0.82595
43	21	22.3099	-33.8403	27.8218	-0.828026
43	22	22.1227	-33.7305	27.6145	-0.830331
43	23	21.9374	-33.6181	27.4065	-0.832555
43	24	21.7525	-33.5039	27.1977	-0.834757
43	25	21.5656	-33.393	26.9901	-0.837129
43	26	21.3792	-33.2824	26.7832	-0.839535
43	27	21.1924	-33.1739	26.5778	-0.84204
43	28	21.0072	-33.0681	26.3757	-0.844606
43	29	20.8225	-32.9644	26.1756	-0.847251
43	30	20.6405	-32.8625	25.9788	-0.849904
43	31	20.4606	-32.7628	25.7852	-0.852596
43	32	20.2815	-32.668	25.5961	-0.855427
43	33	20.1047	-32.5769	25.4115	-0.858328
43	34	19.9284	-32.4934	25.2332	-0.861451
43	35	19.7562	-32.4132	25.0603	-0.864582
43	36	19.5849	-32.3395	24.8932	-0.867893
43	37	19.4147	-32.2681	24.7288	-0.871281
43	38	19.2396	-32.2076	24.57	-0.875145
43	39	19.0567	-32.1591	24.4158	-0.879623
43	40	18.8572	-32.1308	24.2671	-0.885216
43	41	18.6435	-32.1181	24.1226	-0.891741
43	42	18.4346	-32.1267	23.9986	-0.898739
43	43	18.2296	-32.1513	23.8909	-0.906093
43	44	18.0282	-32.1939	23.8009	-0.913861
43	45	17.8287	-32.2516	23.7256	-0.922005
43	46	17.632	-32.3191	23.6613	-0.930349
43	47	17.4376	-32.3913	23.6039	-0.938783
43	48	17.2453	-32.4666	23.5519	-0.947257
43	49	17.0546	-32.5443	23.5045	-0.955776
43	50	16.8657	-32.6262	23.4633	-0.964367
43	51	16.6795	-32.7121	23.4286	-0.972988
43	52	16.4967	-32.8012	23.4002	-0.981586
43	53	16.3182	-32.8947	23.3795	-0.990157
43	54	16.1447	-32.9913	23.3661	-0.998633
43	55	15.9751	-33.0886	23.3568	-1.00699
43	56	15.8103	-33.1893	23.3546	-1.01526
43	57	15.6481	-33.2923	23.3575	-1.02349
43	58	15.4887	-33.3988	23.3662	-1.03168
43	59	15.3362	-33.5151	23.3885	-1.03983
43	60	15.1857	-33.636	23.4173	-1.04799
43	61	15.0514	-33.7778	23.4739	-1.05596
43	62	14.9165	-33.9263	23.5375	-1.06406
43	63	14.8014	-34.0994	23.6337	-1.07187
43	64	14.6967	-34.2661	23.7305	-1.07911
43	65	14.6217	-34.4405	23.8493	-1.08533
43	66	14.5537	-34.6126	23.9703	-1.09119
43	67	14.5007	-34.7895	24.1031	-1.09653
43	68	14.4498	-34.9675	24.2385	-1.10175
43	69	14.4032	-35.1482	24.379	-1.1068
43	70	14.36	-35.3335	24.5256	-1.11176
43	71	14.321	-35.5234	24.6789	-1.11659
43	72	14.2873	-35.7171	24.8385	-1.12123
43	73	14.2601	-35.9125	25.0028	-1.1256
43	74	14.2408	-36.1069	25.1701	-1.12962
43	75	14.2234	-36.3035	25.3407	-1.13356
43	76	14.2109	-36.5012	25.5147	-1.13728
43	77	14.2002	-36.6987	25.6896	-1.14089
43	78	14.1974	-36.8945	25.8665	-1.14414
43	79	14.1952	-37.0933	26.0468	-1.14738
43	80	14.2016	-37.2933	26.2318	-1.15029
43	81	14.2102	-37.4918	26.4167	-1.15306
43	82	14.2264	-37.6919	26.6062	-1.15555
43	83	14.2431	-37.8923	26.7964	-1.158
43	84	14.2673	-38.091	26.9881	-1.16013
43	85	14.2931	-38.2872	27.1784	-1.16214
43	86	14.3248	-38.4852	27.3727	-1.16396
43	87	14.3588	-38.6844	27.5692	-1.16568
43	88	14.4003	-38.8819	27.7671	-1.16711
43	89	14.4452	-39.0809	27.9678	-1.16843
43	90	14.4961	-39.2786	28.1696	-1.16952
43	91	14.5486	-39.4769	28.3727	-1.17054
43	92	14.6055	-39.6742	28.5765	-1.1714
43	93	14.6658	-39.8699	28.7803	-1.17211
43	94	14.7326	-40.0626	28.9838	-1.17257
43	95	14.8061	-40.2535	29.1883	-1.17278
43	96	14.8946	-40.433	29.3881	-1.17238
43	97	14.9956	-40.6051	29.5859	-1.17148
43	98	15.1144	-40.7679	29.7821	-1.16994
43	99	15.2445	-40.9276	29.98	-1.16802
43	100	15.3865	-41.0585	30.1562	-1.16539
43	101	15.5273	-41.1742	30.3181	-1.16263
43	102	15.6826	-41.259	30.4578	-1.15905
43	103	15.8358	-41.3431	30.5964	-1.15556
43	104	15.9953	-41.4137	30.7255	-1.15174
43	105	16.156	-41.4843	30.8557	-1.14791
43	106	16.3208	-41.5525	30.9858	-1.14397
43	107	16.49	-41.6165	31.1143	-1.13987
43	108	16.6634	-41.6775	31.2424	-1.13564
43	109	16.8415	-41.7342	31.3692	-1.13125
43	110	17.0235	-41.7873	31.495	-1.12674
43	111	17.2086	-41.8362	31.619	-1.12212
43	112	17.3956	-41.8826	31.7423	-1.11744
43	113	17.5844	-41.9259	31.8642	-1.11271
43	114	17.7743	-41.9688	31.9871	-1.10798
43	115	17.9666	-42.0087	32.109	-1.10318
43	116	18.1607	-42.049	32.2329	-1.09837
43	117	18.3577	-42.0848	32.3548	-1.09345
43	118	18.5562	-42.1199	32.4776	-1.08852
43	119	18.7562	-42.1495	32.5969	-1.0835
43	120	18.9562	-42.1781	32.7163	-1.07851
43	121	19.1567	-42.2026	32.833	-1.07348
43	122	19.3575	-42.2272	32.9508	-1.06848
43	123	19.5599	-42.2493	33.068	-1.06344
43	124	19.764	-42.2709	33.1866	-1.05838
43	125	19.9703	-42.2895	33.3044	-1.05325
43	126	20.1781	-42.3056	33.4216	-1.04809
43	127	20.3866	-42.3179	33.5369	-1.04288
43	128	20.595	-42.3275	33.6505	-1.03768
43	129	20.803	-42.3348	33.763	-1.03248
43	130	21.011	-42.3408	33.8753	-1.0273
43	131	21.2207	-42.3468	33.9893	-1.02211
43	132	21.4318	-42.3483	34.1011	-1.01685
43	133	21.639	-42.3313	34.1961	-1.01144
43	134	21.827	-42.2727	34.2468	-1.00588
43	135	22.0039	-42.1699	34.2553	-0.999909
43	136	22.1865	-42.0692	34.2698	-0.993838
43	137	22.3646	-41.9458	34.2643	-0.987517
43	138	22.5419	-41.7953	34.2371	-0.980776
43	139	22.7234	-41.612	34.1867	-0.973381
43	140	22.9167	-41.389	34.1122	-0.965015
43	141	23.1023	-41.158	34.0292	-0.956668
43	142	23.2802	-40.9184	33.9371	-0.948316
43	143	23.4477	-40.6697	33.8339	-0.940008
43	144	23.6026	-40.4137	33.7196	-0.931819
43	145	23.7456	-40.1529	33.5966	-0.923774
43	146	23.8785	-39.8878	33.4663	-0.91583
43	147	24.0021	-39.617	33.3278	-0.907938
43	148	24.1144	-39.3386	33.1785	-0.900108
43	149	24.2121	-39.0536	33.0169	-0.892425
43	150	24.2944	-38.7653	32.845	-0.884966
43	151	24.3636	-38.4762	32.666	-0.877721
43	152	24.4224	-38.1859	32.4811	-0.870618
44	0	-11.8943	-35.7414	27.1715	-2.17281
44	1	-11.8443	-35.545	26.9814	-2.17541
44	2	-11.7971	-35.3461	26.7911	-2.17818
44	3	-11.7521	-35.1454	26.6007	-2.18109
44	4	-11.7109	-34.9428	26.4112	-2.18421
44	5	-11.6744	-34.7386	26.2234	-2.18756
44	6	-11.6411	-34.5309	26.0349	-2.19113
44	7	-11.6126	-34.3207	25.8474	-2.19496
44	8	-11.5897	-34.1094	25.6628	-2.19905
44	9	-11.5715	-33.8982	25.4814	-2.20334
44	10	-11.5573	-33.6868	25.3028	-2.20783
44	11	-11.548	-33.4754	25.1276	-2.21254
44	12	-11.5443	-33.2641	24.9564	-2.21748
44	13	-11.5502	-33.0529	24.7918	-2.22281
44	14	-11.5703	-32.8427	24.6374	-2.22863
44	15	-11.6111	-32.6349	24.4984	-2.23513
44	16	-11.6699	-32.4282	24.3725	-2.24226
44	17	-11.75	-32.2216	24.2614	-2.25015
44	18	-11.8411	-32.0329	24.1725	-2.25799
44	19	-11.9454	-31.8597	24.1055	-2.26588
44	20	-12.0573	-31.6974	24.0533	-2.27378
44	21	-12.1774	-31.5415	24.0128	-2.28179
44	22	-12.2999	-31.3867	23.9762	-2.28988
44	23	-12.4278	-31.234	23.9464	-2.2981
44	24	-12.5586	-31.0812	23.92	-2.30643
44	25	-12.6957	-30.9294	23.9004	-2.31494
44	26	-12.8374	-30.7781	23.8859	-2.3236
44	27	-12.9848	-30.6299	23.8795	-2.33235
44	28	-13.1359	-30.4847	23.8796	-2.34112
44	29	-13.2906	-30.3438	23.8871	-2.34988
44	30	-13.448	-30.2029	23.8983	-2.35871
44	31	-13.6093	-30.0631	23.915	-2.36761
44	32	-13.7753	-29.9257	23.9386	-2.37656
44	33	-13.9467	-29.7933	23.9715	-2.3855
44	34	-14.1226	-29.6658	24.013	-2.39439
44	35	-14.3026	-29.5456	24.0642	-2.40313
44	36	-14.4858	-29.4346	24.1259	-2.41165
44	37	-14.6738	-29.3366	24.2015	-2.41985
44	38	-14.8701	-29.2559	24.2963	-2.42768
44	39	-15.0774	-29.1928	24.4123	-2.43519
44	40	-15.298	-29.145	24.5498	-2.4425
44	41	-15.5146	-29.1161	24.6975	-2.44904
44	42	-15.7303	-29.105	24.8568	-2.45493
44	43	-15.9464	-29.1147	25.0305	-2.4601
44	44	-16.1647	-29.1445	25.219	-2.46464
44	45	-16.3817	-29.1855	25.4141	-2.46873
44	46	-16.5961	-29.2337	25.6119	-2.47247
44	47	-16.8074	-29.2855	25.81	-2.47598
44	48	-17.0175	-29.3392	26.0085	-2.47934
44	49	-17.2265	-29.3933	26.2068	-2.48262
44	50	-17.4359	-29.4493	26.4067	-2.4858
44	51	-17.6453	-29.5063	26.6076	-2.4889
44	52	-17.8536	-29.5638	26.8081	-2.49191
44	53	-18.0592	-29.6224	27.0074	-2.49479
44	54	-18.2612	-29.682	27.2046	-2.49752
44	55	-18.4595	-29.742	27.3993	-2.50011
44	56	-18.6544	-29.8009	27.5908	-2.50263
44	57	-18.8507	-29.8618	27.7848	-2.50508
44	58	-19.0476	-29.9248	27.9806	-2.50745
44	59	-19.244	-29.989	28.177	-2.50975
44	60	-19.4383	-30.0551	28.3728	-2.51191
44	61	-19.6299	-30.1213	28.5668	-2.51399
44	62	-19.8179	-30.1891	28.7588	-2.51592
44	63	-20.0031	-30.2561	28.9482	-2.51779
44	64	-20.1852	-30.3252	29.1364	-2.51952
44	65	-20.365	-30.3955	29.3235	-2.52114
44	66	-20.5397	-30.4712	29.5097	-2.5225
44	67	-20.7144	-30.5428	29.6935	-2.52395
44	68	-20.8678	-30.6395	29.8746	-2.52428
44	69	-20.9955	-30.7755	30.0575	-2.52305
44	70	-21.1075	-30.9424	30.2456	-2.5207
44	71	-21.2068	-31.1311	30.4363	-2.51756
44	72	-21.302	-31.3439	30.6381	-2.51374
44	73	-21.3953	-31.5893	30.8582	-2.50908
44	74	-21.4916	-31.8774	31.1066	-2.50344
44	75	-21.5796	-32.169	31.3515	-2.49764
44	76	-21.658	-32.4655	31.5928	-2.49162
44	77	-21.7231	-32.7669	31.8276	-2.48532
44	78	-21.7733	-33.0704	32.0533	-2.47878
44	79	-21.8102	-33.3738	32.2698	-2.47207
44	80	-21.8362	-33.6774	32.4793	-2.46524
44	81	-21.8512	-33.9828	32.683	-2.45824
44	82	-21.8529	-34.2906	32.8795	-2.45101
44	83	-21.8391	-34.5986	33.066	-2.44356
44	84	-21.8111	-34.9038	33.2417	-2.43599
44	85	-21.7718	-35.2056	33.4085	-2.42835
44	86	-21.723	-35.5056	33.5688	-2.42064
44	87	-21.6634	-35.8052	33.7228	-2.4128
44	88	-21.5907	-36.1038	33.8685	-2.40479
44	89	-21.504	-36.3987	34.0037	-2.39666
44	90	-21.4054	-36.6881	34.1285	-2.38846
44	91	-21.2969	-36.9727	34.2451	-2.38023
44	92	-21.1787	-37.2539	34.3547	-2.37193
44	93	-21.0486	-37.5319	34.456	-2.36351
44	94	-20.9053	-37.8042	34.5463	-2.35499
44	95	-20.7494	-38.0676	34.6239	-2.34643
44	96	-20.6001	-38.2853	34.6758	-2.33895
44	97	-20.4539	-38.4682	34.7066	-2.33226
44	98	-20.3071	-38.6256	34.7199	-2.32608
44	99	-20.1559	-38.7643	34.7178	-2.32017
44	100	-19.9953	-38.8867	34.6986	-2.31438
44	101	-19.8425	-39.0188	34.6929	-2.30856
44	102	-19.6631	-39.0974	34.631	-2.30319
44	103	-19.4461	-39.1267	34.5081	-2.29795
44	104	-19.2308	-39.1667	34.3954	-2.2925
44	105	-19.0162	-39.1977	34.2774	-2.2872
44	106	-18.804	-39.2256	34.1596	-2.28198
44	107	-18.594	-39.252	34.0429	-2.27681
44	108	-18.3852	-39.2772	33.9271	-2.27164
44	109	-18.1763	-39.3009	33.811	-2.26646
44	110	-17.9681	-39.3236	33.6954	-2.26129
44	111	-17.7598	-39.3437	33.5786	-2.25613
44	112	-17.5536	-39.3609	33.4619	-2.25103
44	113	-17.3497	-39.3742	33.3445	-2.24603
44	114	-17.1483	-39.3848	33.2272	-2.24109
44	115	-16.9484	-39.3916	33.1087	-2.23624
44	116	-16.7489	-39.397	32.9903	-2.23138
44	117	-16.5504	-39.4012	32.8721	-2.22653
44	118	-16.3514	-39.4035	32.753	-2.22167
44	119	-16.1537	-39.4018	32.6322	-2.21688
44	120	-15.9575	-39.3981	32.5115	-2.21214
44	121	-15.7636	-39.3891	32.3887	-2.2075
44	122	-15.5722	-39.3796	32.2676	-2.20291
44	123	-15.3836	-39.363	32.143	-2.19848
44	124	-15.1986	-39.3469	32.0217	-2.1941
44	125	-15.0165	-39.3263	31.8989	-2.18984
44	126	-14.8361	-39.3017	31.7745	-2.18567
44	127	-14.6582	-39.2753	31.6506	-2.18156
44	128	-14.4832	-39.24	31.5215	-2.17765
44	129	-14.3094	-39.2026	31.392	-2.17378
44	130	-14.1367	-39.1566	31.2563	-2.17007
44	131	-13.972	-39.0791	31.0995	-2.1671
44	132	-13.8039	-38.9901	30.9317	-2.16422
44	133	-13.639	-38.8763	30.7452	-2.16184
44	134	-13.4903	-38.7561	30.5626	-2.15999
44	135	-13.3545	-38.6291	30.3815	-2.1586
44	136	-13.2342	-38.4911	30.2	-2.15782
44	137	-13.1212	-38.3499	30.0198	-2.15729
44	138	-13.0132	-38.2038	29.8384	-2.15698
44	139	-12.9086	-38.0534	29.6552	-2.15685
44	140	-12.8068	-37.8986	29.47	-2.15688
44	141	-12.7074	-37.7401	29.2829	-2.15705
44	142	-12.614	-37.5741	29.093	-2.15753
44	143	-12.5211	-37.4051	28.9008	-2.15809
44	144	-12.4378	-37.2304	28.7093	-2.15904
44	145	-12.358	-37.0553	28.5193	-2.16012
44	146	-12.2829	-36.8757	28.3283	-2.16144
44	147	-12.2091	-36.6938	28.1361	-2.16286
44	148	-12.1398	-36.5089	27.9441	-2.1645
44	149	-12.0736	-36.3228	27.7528	-2.16628
44	150	-12.0104	-36.1318	27.5594	-2.16826
44	151	-11.9494	-35.9378	27.3647	-2.17041
48	0	22.5454	-44.8224	36.7928	-1.02649
48	1	22.4722	-44.539	36.5125	-1.02418
48	2	22.3887	-44.2608	36.2315	-1.02216
48	3	22.2958	-43.9869	35.9494	-1.02039
48	4	22.2051	-43.7528	35.7024	-1.01913
48	5	22.1118	-43.5496	35.4805	-1.01836
48	6	22.0105	-43.3711	35.2754	-1.01816
48	7	21.8938	-43.2177	35.0836	-1.01869
48	8	21.7612	-43.1136	34.9255	-1.02036
48	9	21.5853	-43.0723	34.7985	-1.02405
48	10	21.4016	-43.0449	34.6799	-1.02816
48	11	21.2136	-43.0206	34.5623	-1.03246
48	12	21.0222	-42.9964	34.4437	-1.03687
48	13	20.8298	-42.9738	34.3267	-1.04136
48	14	20.6366	-42.9516	34.2103	-1.0459
48	15	20.4424	-42.931	34.0955	-1.05053
48	16	20.2467	-42.9098	33.9802	-1.05522
48	17	20.0492	-42.885	33.8616	-1.05993
48	18	19.8494	-42.8588	33.7415	-1.06471
48	19	19.6471	-42.8363	33.6242	-1.06965
48	20	19.444	-42.8128	33.5064	-1.07463
48	21	19.241	-42.7879	33.3882	-1.07963
48	22	19.0379	-42.7653	33.273	-1.08469
48	23	18.8354	-42.7385	33.1551	-1.08971
48	24	18.6329	-42.7044	33.0315	-1.09467
48	25	18.4293	-42.6663	32.9048	-1.09963
48	26	18.2238	-42.6295	32.7791	-1.10471
48	27	18.0175	-42.5925	32.6538	-1.10985
48	28	17.811	-42.5569	32.5305	-1.11505
48	29	17.6055	-42.5181	32.4057	-1.12021
48	30	17.4005	-42.4759	32.2788	-1.12536
48	31	17.1942	-42.4341	32.1527	-1.13059
48	32	16.9864	-42.3919	32.0264	-1.1359
48	33	16.7771	-42.3499	31.9006	-1.14129
48	34	16.5677	-42.3079	31.7757	-1.14673
48	35	16.3592	-42.2673	31.6534	-1.15221
48	36	16.1521	-42.2287	31.5344	-1.15771
48	37	15.9464	-42.1904	31.4172	-1.16322
48	38	15.7415	-42.1557	31.3046	-1.16879
48	39	15.5365	-42.1312	31.2024	-1.17453
48	40	15.3331	-42.131	31.1243	-1.18056
48	41	15.1294	-42.1587	31.073	-1.18696
48	42	14.9255	-42.2112	31.046	-1.19368
48	43	14.7198	-42.2918	31.046	-1.2008
48	44	14.529	-42.393	31.0721	-1.2077
48	45	14.354	-42.5126	31.1225	-1.21432
48	46	14.1912	-42.6477	31.1928	-1.22072
48	47	14.0375	-42.7917	31.276	-1.22692
48	48	13.89	-42.9407	31.3671	-1.23295
48	49	13.7468	-43.0934	31.4643	-1.23885
48	50	13.6085	-43.2503	31.5681	-1.24461
48	51	13.4776	-43.4139	31.6815	-1.25018
48	52	13.3576	-43.5865	31.808	-1.25547
48	53	13.2545	-43.7707	31.9515	-1.26033
48	54	13.1708	-43.9704	32.1164	-1.26471
48	55	13.1078	-44.185	32.3024	-1.26857
48	56	13.0675	-44.3988	32.4946	-1.27171
48	57	13.0442	-44.6121	32.6917	-1.27431
48	58	13.035	-44.826	32.8936	-1.27648
48	59	13.0364	-45.0419	33.1007	-1.27833
48	60	13.0448	-45.2593	33.3114	-1.27997
48	61	13.0577	-45.4781	33.5247	-1.28148
48	62	13.0744	-45.6975	33.7397	-1.28286
48	63	13.0966	-45.9162	33.9558	-1.28406
48	64	13.1234	-46.1327	34.171	-1.2851
48	65	13.153	-46.3458	34.3838	-1.28602
48	66	13.1837	-46.5556	34.5938	-1.28687
48	67	13.2145	-46.7627	34.8013	-1.28769
48	68	13.2452	-46.9683	35.0073	-1.28849
48	69	13.276	-47.1729	35.2124	-1.28927
48	70	13.3101	-47.3802	35.421	-1.28997
48	71	13.3482	-47.5894	35.6326	-1.29057
48	72	13.3904	-47.799	35.8457	-1.29105
48	73	13.4364	-48.0075	36.0588	-1.29142
48	74	13.4847	-48.2142	36.2708	-1.29172
48	75	13.534	-48.4195	36.4818	-1.29197
48	76	13.5835	-48.6244	36.6924	-1.29221
48	77	13.6334	-48.8298	36.9036	-1.29244
48	78	13.6845	-49.0362	37.116	-1.29264
48	79	13.7378	-49.243	37.3295	-1.29279
48	80	13.7935	-49.4493	37.5432	-1.29287
48	81	13.8511	-49.6541	37.7559	-1.29289
48	82	13.9097	-49.8571	37.9673	-1.29287
48	83	13.9687	-50.0591	38.1776	-1.29284
48	84	14.0281	-50.2606	38.3877	-1.29279
48	85	14.0886	-50.4623	38.5982	-1.29272
48	86	14.1512	-50.6637	38.8092	-1.29259
48	87	14.2168	-50.864	39.0198	-1.29239
48	88	14.2851	-51.0621	39.229	-1.2921
48	89	14.3555	-51.2573	39.436	-1.29175
48	90	14.4273	-51.4497	39.6408	-1.29134
48	91	14.5004	-51.6398	39.8437	-1.29089
48	92	14.5753	-51.8279	40.0452	-1.29039
48	93	14.6531	-52.014	40.2455	-1.28982
48	94	14.7348	-52.1973	40.4443	-1.28913
48	95	14.8205	-52.3766	40.6403	-1.28833
48	96	14.9166	-52.5473	40.8311	-1.28724
48	97	15.0491	-52.671	40.9871	-1.28498
48	98	15.225	-52.7471	41.1099	-1.2814
48	99	15.4137	-52.8005	41.2153	-1.27738
48	100	15.6173	-52.8368	41.3093	-1.27291
48	101	15.8419	-52.8561	41.3943	-1.26786
48	102	16.0952	-52.859	41.4732	-1.26205
48	103	16.3869	-52.8465	41.5509	-1.25527
48	104	16.6787	-52.8239	41.621	-1.24844
48	105	16.9711	-52.7905	41.6829	-1.24153
48	106	17.2634	-52.7434	41.7339	-1.23454
48	107	17.5531	-52.6815	41.7721	-1.2275
48	108	17.8382	-52.6067	41.7987	-1.22048
48	109	18.1192	-52.5215	41.8161	-1.21347
48	110	18.3976	-52.426	41.825	-1.20643
48	111	18.6736	-52.3177	41.8232	-1.19935
48	112	18.9446	-52.1943	41.8076	-1.19223
48	113	19.2076	-52.0567	41.778	-1.18517
48	114	19.4621	-51.9086	41.7376	-1.17818
48	115	19.7101	-51.7525	41.6893	-1.17125
48	116	19.9535	-51.5879	41.6332	-1.16433
48	117	20.1916	-51.412	41.5668	-1.15739
48	118	20.4215	-51.2229	41.487	-1.15049
48	119	20.6402	-51.0223	41.3941	-1.14369
48	120	20.8482	-50.8135	41.2911	-1.13701
48	121	21.0478	-50.5981	41.1805	-1.13041
48	122	21.2396	-50.3744	41.0608	-1.12386
48	123	21.4224	-50.1406	40.9298	-1.11737
48	124	21.593	-49.8969	40.7863	-1.11099
48	125	21.7503	-49.6461	40.6321	-1.10478
48	126	21.8957	-49.3905	40.4698	-1.09873
48	127	22.0313	-49.1302	40.3004	-1.0928
48	128	22.1571	-48.8635	40.1221	-1.08696
48	129	22.2708	-48.5892	39.9328	-1.08124
48	130	22.3698	-48.309	39.7327	-1.07573
48	131	22.4542	-48.0262	39.5246	-1.07045
48	132	22.5267	-47.7425	39.3109	-1.06537
48	133	22.5893	-47.4567	39.0916	-1.06043
48	134	22.6413	-47.167	38.8647	-1.05562
48	135	22.6796	-46.8727	38.6279	-1.051
48	136	22.7014	-46.576	38.3815	-1.04667
48	137	22.7071	-46.2804	38.1288	-1.04266
48	138	22.6997	-45.9873	37.8721	-1.03893
48	139	22.6811	-45.6953	37.6113	-1.03542
48	140	22.6504	-45.4031	37.3445	-1.03213
48	141	22.6055	-45.1112	37.0711	-1.02914
49	0	-13.379	-44.7533	35.6516	-2.06377
49	1	-13.307	-44.5701	35.4561	-2.06443
49	2	-13.2355	-44.3859	35.2601	-2.06512
49	3	-13.1649	-44.2003	35.0632	-2.06586
49	4	-13.0956	-44.0126	34.8652	-2.06666
49	5	-13.0271	-43.8232	34.666	-2.06753
49	6	-12.9604	-43.6324	34.4665	-2.06846
49	7	-12.897	-43.4411	34.2681	-2.0695
49	8	-12.8375	-43.2496	34.0716	-2.07066
49	9	-12.7831	-43.0582	33.8775	-2.07196
49	10	-12.7364	-42.8664	33.6869	-2.07348
49	11	-12.701	-42.6738	33.5011	-2.07532
49	12	-12.6792	-42.4785	33.3197	-2.07758
49	13	-12.6733	-42.2786	33.1422	-2.08035
49	14	-12.6872	-42.0722	32.969	-2.08377
49	15	-12.7209	-41.874	32.8131	-2.08763
49	16	-12.7726	-41.6815	32.6716	-2.09192
49	17	-12.8399	-41.4954	32.544	-2.09656
49	18	-12.9242	-41.3161	32.4317	-2.10158
49	19	-13.0191	-41.1433	32.3312	-2.10682
49	20	-13.1213	-40.9765	32.2404	-2.11219
49	21	-13.2306	-40.816	32.1597	-2.11767
49	22	-13.3496	-40.6643	32.0925	-2.1233
49	23	-13.4827	-40.5255	32.0447	-2.12911
49	24	-13.6338	-40.4002	32.019	-2.13518
49	25	-13.8033	-40.2887	32.0162	-2.14152
49	26	-13.9765	-40.1999	32.0356	-2.14756
49	27	-14.1542	-40.1294	32.074	-2.15341
49	28	-14.3388	-40.08	32.1348	-2.15905
49	29	-14.5317	-40.0524	32.2193	-2.16451
49	30	-14.7299	-40.0399	32.3203	-2.16981
49	31	-14.9289	-40.0331	32.4273	-2.17499
49	32	-15.1267	-40.027	32.5351	-2.1801
49	33	-15.3231	-40.0214	32.6433	-2.18513
49	34	-15.5177	-40.0174	32.7526	-2.19006
49	35	-15.7108	-40.0121	32.8608	-2.19494
49	36	-15.9036	-40.0054	32.9684	-2.1998
49	37	-16.0976	-40.0018	33.08	-2.20461
49	38	-16.2916	-39.9983	33.1924	-2.20938
49	39	-16.4845	-39.9954	33.3055	-2.21408
49	40	-16.675	-39.9926	33.4178	-2.21869
49	41	-16.8623	-39.9915	33.5304	-2.22317
49	42	-17.0462	-39.9863	33.6382	-2.22761
49	43	-17.2269	-39.9763	33.741	-2.23203
49	44	-17.405	-39.9669	33.8432	-2.23635
49	45	-17.5847	-39.9547	33.9449	-2.24074
49	46	-17.7658	-39.9366	34.0435	-2.24524
49	47	-17.9483	-39.9152	34.1411	-2.24981
49	48	-18.1321	-39.8975	34.2431	-2.25431
49	49	-18.3153	-39.8786	34.3445	-2.25879
49	50	-18.4965	-39.8587	34.4446	-2.26322
49	51	-18.6744	-39.8417	34.5453	-2.2675
49	52	-18.8478	-39.825	34.6441	-2.27165
49	53	-19.0202	-39.8096	34.7438	-2.27573
49	54	-19.1911	-39.7956	34.8442	-2.27972
49	55	-19.3597	-39.781	34.9431	-2.28366
49	56	-19.5252	-39.7621	35.0374	-2.28758
49	57	-19.6872	-39.7405	35.1277	-2.29146
49	58	-19.8459	-39.7271	35.2226	-2.2951
49	59	-19.9943	-39.7417	35.332	-2.29797
49	60	-20.1144	-39.7907	35.4486	-2.29958
49	61	-20.2236	-39.8859	35.5922	-2.30009
49	62	-20.317	-40.0051	35.7434	-2.29982
49	63	-20.4021	-40.1439	35.9036	-2.29901
49	64	-20.4852	-40.3045	36.0788	-2.29777
49	65	-20.5708	-40.4924	36.2762	-2.29609
49	66	-20.6626	-40.7146	36.5034	-2.29393
49	67	-20.7627	-40.9792	36.7681	-2.29121
49	68	-20.8522	-41.2461	37.0279	-2.28827
49	69	-20.9318	-41.5147	37.2828	-2.28514
49	70	-21.0023	-41.7856	37.5338	-2.28183
49	71	-21.0628	-42.0603	37.7817	-2.2783
49	72	-21.1108	-42.3392	38.0252	-2.2745
49	73	-21.1441	-42.6206	38.2616	-2.2704
49	74	-21.163	-42.9014	38.489	-2.26608
49	75	-21.1702	-43.18	38.7079	-2.26161
49	76	-21.1684	-43.4569	38.9206	-2.25704
49	77	-21.1582	-43.7336	39.1286	-2.25236
49	78	-21.1383	-44.0113	39.3322	-2.24752
49	79	-21.1062	-44.2894	39.5294	-2.24248
49	80	-21.0609	-44.5657	39.7181	-2.23726
49	81	-21.0034	-44.8381	39.8972	-2.2319
49	82	-20.9359	-45.1063	40.068	-2.22647
49	83	-20.8597	-45.3713	40.2322	-2.22095
49	84	-20.7739	-45.6343	40.3902	-2.21531
49	85	-20.6764	-45.8951	40.5408	-2.20953
49	86	-20.5657	-46.1514	40.6814	-2.20359
49	87	-20.4428	-46.4008	40.8105	-2.19754
49	88	-20.3102	-46.6425	40.9293	-2.19146
49	89	-20.1698	-46.8776	41.0397	-2.18534
49	90	-20.0218	-47.1075	41.1429	-2.17918
49	91	-19.8655	-47.333	41.2394	-2.17295
49	92	-19.6991	-47.5522	41.3266	-2.16662
49	93	-19.5225	-47.7627	41.4027	-2.16024
49	94	-19.3381	-47.9637	41.468	-2.15385
49	95	-19.1478	-48.1562	41.5248	-2.14747
49	96	-18.9524	-48.3419	41.5748	-2.1411
49	97	-18.7507	-48.5211	41.6175	-2.13469
49	98	-18.5407	-48.6924	41.6509	-2.12823
49	99	-18.3221	-48.8529	41.6724	-2.12174
49	100	-18.0963	-49.0007	41.681	-2.11527
49	101	-17.8662	-49.1362	41.6786	-2.10886
49	102	-17.633	-49.2613	41.6674	-2.10252
49	103	-17.3967	-49.3774	41.6484	-2.09622
49	104	-17.1565	-49.484	41.621	-2.08994
49	105	-16.9119	-49.5792	41.5831	-2.08369
49	106	-16.6964	-49.648	41.5379	-2.07836
49	107	-16.5025	-49.6925	41.4829	-2.07375
49	108	-16.3242	-49.7153	41.4173	-2.06972
49	109	-16.1561	-49.7195	41.3408	-2.0661
49	110	-15.994	-49.7061	41.2523	-2.06279
49	111	-15.8374	-49.6683	41.1451	-2.05987
49	112	-15.712	-49.5738	41.0028	-2.05826
49	113	-15.6113	-49.4209	40.8206	-2.05783
49	114	-15.5171	-49.2614	40.6356	-2.05762
49	115	-15.4224	-49.1003	40.4489	-2.05742
49	116	-15.3297	-48.9367	40.261	-2.05728
49	117	-15.238	-48.7716	40.0721	-2.05718
49	118	-15.1468	-48.605	39.8822	-2.05712
49	119	-15.0558	-48.4367	39.6909	-2.05707
49	120	-14.9653	-48.2663	39.4979	-2.05706
49	121	-14.8758	-48.0935	39.3034	-2.0571
49	122	-14.7882	-47.9186	39.1078	-2.05721
49	123	-14.7025	-47.7436	38.913	-2.05737
49	124	-14.6185	-47.5691	38.7195	-2.05756
49	125	-14.5355	-47.3957	38.5274	-2.05776
49	126	-14.453	-47.2231	38.3362	-2.05796
49	127	-14.3707	-47.0505	38.1452	-2.05817
49	128	-14.2889	-46.8773	37.9538	-2.05841
49	129	-14.208	-46.7031	37.7621	-2.05868
49	130	-14.1288	-46.528	37.5702	-2.059
49	131	-14.0514	-46.3525	37.379	-2.05937
49	132	-13.9754	-46.1773	37.1886	-2.05978
49	133	-13.9003	-46.0026	36.9991	-2.0602
49	134	-13.8255	-45.8279	36.8097	-2.06064
49	135	-13.7506	-45.6526	36.6198	-2.06109
49	136	-13.6755	-45.4759	36.4286	-2.06155
49	137	-13.6004	-45.2975	36.2358	-2.06205
49	138	-13.5257	-45.1173	36.0417	-2.06258
49	139	-13.4518	-44.9358	35.8468	-2.06315
