# CellID	NodeIndex	X	Y	R	Theta
8	0	52.2198	-6.72215	51.5318	0.141812
8	1	52.3754	-6.51406	51.7155	0.14537
8	2	52.5185	-6.29589	51.8891	0.149131
8	3	52.6477	-6.0696	52.0509	0.153061
8	4	52.7633	-5.83761	52.2009	0.157116
8	5	52.867	-5.60121	52.3408	0.161267
8	6	52.9602	-5.36018	52.472	0.165516
8	7	53.0427	-5.11347	52.5945	0.169884
8	8	53.113	-4.86039	52.7071	0.174391
8	9	53.1688	-4.60165	52.8075	0.179033
8	10	53.2091	-4.33945	52.8945	0.183775
8	11	53.2352	-4.07592	52.9689	0.188577
8	12	53.2489	-3.8118	53.0325	0.19342
8	13	53.2515	-3.5464	53.0867	0.198317
8	14	53.2428	-3.27867	53.1316	0.20329
8	15	53.2207	-3.0084	53.1652	0.208352
8	16	53.1835	-2.73705	53.1856	0.213489
8	17	53.1309	-2.4671	53.1921	0.218658
8	18	53.0648	-2.20009	53.1863	0.223828
8	19	52.9874	-1.93567	53.1701	0.229001
8	20	52.8988	-1.67244	53.1444	0.234203
8	21	52.7975	-1.40957	53.1075	0.23946
8	22	52.6804	-1.1482	53.0565	0.244769
8	23	52.5462	-0.891663	52.9892	0.25008
8	24	52.3968	-0.643034	52.9067	0.255332
8	25	52.2358	-0.402406	52.8125	0.26051
8	26	52.0653	-0.167684	52.7088	0.265647
8	27	51.8844	0.0628229	52.5955	0.270779
8	28	51.6911	0.28863	52.4703	0.275911
8	29	51.4841	0.507023	52.3314	0.281004
8	30	51.2654	0.715505	52.1797	0.286005
8	31	51.038	0.914454	52.0183	0.290908
8	32	50.8029	1.10611	51.8487	0.295749
8	33	50.5589	1.29171	51.67	0.300561
8	34	50.3038	1.46979	51.4796	0.305333
8	35	50.0375	1.6371	51.2764	0.310006
8	36	49.7629	1.79213	51.0628	0.314538
8	37	49.4824	1.93674	50.8413	0.318949
8	38	49.1954	2.07315	50.6119	0.323287
8	39	48.8993	2.20077	50.3722	0.327557
8	40	48.5932	2.31584	50.1199	0.331695
8	41	48.2802	2.41435	49.8564	0.335608
8	42	48.0063	2.47873	49.6192	0.338651
8	43	47.7615	2.51654	49.401	0.341019
8	44	47.5366	2.53435	49.1951	0.34289
8	45	47.3232	2.5365	48.9949	0.344395
8	46	47.1154	2.52457	48.7953	0.345603
8	47	46.9107	2.49348	48.5922	0.346428
8	48	46.7194	2.42388	48.3886	0.346417
8	49	46.5366	2.31145	48.1786	0.34551
8	50	46.3512	2.20349	47.9675	0.344702
8	51	46.1727	2.08679	47.7601	0.343665
8	52	46.0002	1.96621	47.5571	0.3425
8	53	45.8324	1.84477	47.3583	0.341275
8	54	45.6691	1.71954	47.1626	0.339932
8	55	45.5084	1.5926	46.9688	0.338524
8	56	45.3513	1.46254	46.7774	0.337017
8	57	45.1965	1.33126	46.588	0.335456
8	58	45.0459	1.19211	46.4001	0.333693
8	59	44.8993	1.04827	46.2145	0.331791
8	60	44.7599	0.899572	46.0344	0.329724
8	61	44.6254	0.750617	45.859	0.3276
8	62	44.4978	0.60087	45.6901	0.325396
8	63	44.3729	0.448017	45.523	0.323092
8	64	44.2519	0.291344	45.3587	0.320663
8	65	44.1336	0.132201	45.1964	0.318146
8	66	44.0176	-0.0289658	45.036	0.315553
8	67	43.9056	-0.192332	44.8789	0.312867
8	68	43.7968	-0.355701	44.7253	0.31014
8	69	43.6956	-0.525125	44.5774	0.307214
8	70	43.599	-0.695851	44.4339	0.304209
8	71	43.5121	-0.868466	44.2995	0.301079
8	72	43.4287	-1.03869	44.1696	0.297958
8	73	43.3536	-1.20872	44.0481	0.294769
8	74	43.2795	-1.37839	43.9281	0.291563
8	75	43.2145	-1.5516	43.8164	0.288203
8	76	43.1502	-1.72583	43.7054	0.2848
8	77	43.1049	-1.90751	43.6112	0.281093
8	78	43.0693	-2.0951	43.5253	0.277179
8	79	43.0613	-2.2954	43.4632	0.272797
8	80	43.0677	-2.50624	43.4131	0.26808
8	81	43.0985	-2.70946	43.3894	0.263376
8	82	43.1464	-2.90611	43.3849	0.258712
8	83	43.2171	-3.0968	43.4049	0.254048
8	84	43.2998	-3.28451	43.4383	0.249387
8	85	43.3916	-3.46952	43.4821	0.244743
8	86	43.4876	-3.65373	43.5311	0.240103
8	87	43.5873	-3.83736	43.5847	0.235466
8	88	43.6881	-4.02161	43.6402	0.230822
8	89	43.7905	-4.20554	43.6983	0.226188
8	90	43.8951	-4.38957	43.7593	0.221554
8	91	44.0012	-4.57217	43.8233	0.216957
8	92	44.108	-4.75253	43.8892	0.21242
8	93	44.2137	-4.93111	43.9553	0.207942
8	94	44.3198	-5.10728	44.0232	0.203528
8	95	44.427	-5.28112	44.0934	0.199176
8	96	44.5345	-5.45306	44.1652	0.194878
8	97	44.6398	-5.6239	44.2358	0.190629
8	98	44.7489	-5.79502	44.3109	0.18637
8	99	44.8613	-5.96481	44.3903	0.182142
8	100	44.9752	-6.13306	44.4723	0.177957
8	101	45.0888	-6.30049	44.5547	0.173808
8	102	45.2028	-6.46677	44.6387	0.169697
8	103	45.3174	-6.63257	44.724	0.165611
8	104	45.4331	-6.79799	44.8112	0.161544
8	105	45.5497	-6.96313	44.9001	0.157496
8	106	45.6684	-7.12606	44.9921	0.153506
8	107	45.7863	-7.28682	45.0845	0.149582
8	108	45.9059	-7.44161	45.1799	0.1458
8	109	46.0226	-7.59231	45.2738	0.142132
8	110	46.1398	-7.73587	45.3697	0.138634
8	111	46.2556	-7.87373	45.4656	0.135279
8	112	46.3719	-8.00499	45.5634	0.13208
8	113	46.4884	-8.13067	45.6626	0.129015
8	114	46.6067	-8.24941	45.7649	0.12611
8	115	46.7197	-8.36509	45.8625	0.123298
8	116	46.8499	-8.44602	45.9819	0.121203
8	117	47.0049	-8.49721	46.1297	0.119695
8	118	47.166	-8.55743	46.2825	0.117987
8	119	47.3465	-8.60332	46.4564	0.116549
8	120	47.5518	-8.63577	46.6565	0.115347
8	121	47.7885	-8.6555	46.8894	0.114348
8	122	48.063	-8.66264	47.1613	0.113533
8	123	48.3353	-8.65853	47.4323	0.112969
8	124	48.6059	-8.64429	47.7028	0.112626
8	125	48.8757	-8.61897	47.9737	0.112519
8	126	49.1447	-8.58018	48.2454	0.112691
8	127	49.4111	-8.52569	48.5162	0.11319
8	128	49.672	-8.45528	48.7835	0.11402
8	129	49.9255	-8.37107	49.0449	0.115138
8	130	50.1716	-8.27567	49.3004	0.116486
8	131	50.4116	-8.17033	49.5511	0.118035
8	132	50.6465	-8.05442	49.7981	0.119791
8	133	50.8758	-7.92618	50.0411	0.121788
8	134	51.0975	-7.78429	50.2786	0.124053
8	135	51.3092	-7.62936	50.508	0.126578
8	136	51.5097	-7.46372	50.728	0.129318
8	137	51.6997	-7.28978	50.9391	0.132224
8	138	51.8809	-7.10866	51.1428	0.135267
8	139	52.0544	-6.91992	51.3404	0.138454
9	0	-40.2989	1.87818	44.4398	2.77609
9	1	-40.3829	2.04201	44.5769	2.77333
9	2	-40.4716	2.20384	44.7181	2.77067
9	3	-40.5619	2.36338	44.8602	2.76808
9	4	-40.657	2.52096	45.0064	2.76559
9	5	-40.7532	2.67624	45.153	2.76318
9	6	-40.8494	2.8279	45.2986	2.76085
9	7	-40.9487	2.97879	45.447	2.75858
9	8	-41.0483	3.12893	45.5955	2.75634
9	9	-41.1495	3.27582	45.7446	2.7542
9	10	-41.2536	3.42468	45.8974	2.75205
9	11	-41.3629	3.57134	46.0543	2.75001
9	12	-41.4721	3.71697	46.2109	2.748
9	13	-41.5827	3.85782	46.3671	2.7461
9	14	-41.6961	3.99834	46.526	2.74426
9	15	-41.8113	4.13688	46.6859	2.74248
9	16	-41.9285	4.2712	46.8462	2.74081
9	17	-42.0434	4.40402	47.0038	2.73916
9	18	-42.1671	4.53231	47.1679	2.73768
9	19	-42.2916	4.66182	47.3334	2.7362
9	20	-42.4243	4.78374	47.5034	2.73494
9	21	-42.5557	4.90641	47.6727	2.73367
9	22	-42.6904	5.02083	47.8418	2.73259
9	23	-42.8243	5.13069	48.0083	2.7316
9	24	-42.9571	5.23812	48.173	2.73065
9	25	-43.1178	5.29436	48.3428	2.73092
9	26	-43.3002	5.34254	48.5292	2.73151
9	27	-43.4967	5.35365	48.7139	2.73291
9	28	-43.708	5.3654	48.9126	2.7344
9	29	-43.9447	5.3591	49.1275	2.73643
9	30	-44.2172	5.34124	49.3711	2.73894
9	31	-44.5375	5.30246	49.6508	2.74218
9	32	-44.8579	5.24659	49.9245	2.74571
9	33	-45.1717	5.17456	50.1867	2.74944
9	34	-45.4772	5.09042	50.4372	2.7533
9	35	-45.7762	4.997	50.679	2.75724
9	36	-46.0709	4.89368	50.9138	2.76129
9	37	-46.3608	4.77794	51.1405	2.7655
9	38	-46.6429	4.64903	51.356	2.76985
9	39	-46.9152	4.50934	51.5595	2.77429
9	40	-47.1787	4.36151	51.7529	2.77879
9	41	-47.4353	4.20572	51.938	2.78334
9	42	-47.6853	4.03995	52.1146	2.78801
9	43	-47.9265	3.86245	52.28	2.79279
9	44	-48.156	3.67426	52.432	2.79766
9	45	-48.3733	3.47829	52.5711	2.80256
9	46	-48.5801	3.27629	52.6996	2.80748
9	47	-48.7777	3.06787	52.8186	2.81244
9	48	-48.9658	2.85167	52.9274	2.81745
9	49	-49.1424	2.6274	53.024	2.82252
9	50	-49.3058	2.3967	53.1074	2.82761
9	51	-49.4565	2.16167	53.1789	2.83269
9	52	-49.596	1.92309	53.2399	2.83775
9	53	-49.725	1.68025	53.2911	2.84283
9	54	-49.8427	1.43216	53.3313	2.84792
9	55	-49.9472	1.17902	53.3586	2.85303
9	56	-50.0372	0.922614	53.3727	2.85811
9	57	-50.1134	0.664914	53.3745	2.86315
9	58	-50.1776	0.406611	53.3658	2.86813
9	59	-50.2305	0.147022	53.3474	2.87309
9	60	-50.2715	-0.114934	53.318	2.87803
9	61	-50.2984	-0.379373	53.2757	2.88295
9	62	-50.3092	-0.644628	53.219	2.88782
9	63	-50.304	-0.908061	53.1484	2.8926
9	64	-50.2846	-1.16794	53.0661	2.89725
9	65	-50.2531	-1.42422	52.9741	2.9018
9	66	-50.2102	-1.67783	52.8728	2.90627
9	67	-50.1555	-1.92945	52.7614	2.91066
9	68	-50.0873	-2.17871	52.6385	2.91498
9	69	-50.0049	-2.42397	52.5035	2.91918
9	70	-49.9089	-2.66333	52.3575	2.92323
9	71	-49.8008	-2.89591	52.202	2.92713
9	72	-49.6823	-3.1221	52.0385	2.9309
9	73	-49.5537	-3.34275	51.8668	2.93454
9	74	-49.4138	-3.55809	51.686	2.93806
9	75	-49.2614	-3.76709	51.4948	2.94143
9	76	-49.096	-3.96769	51.2931	2.94463
9	77	-48.9189	-4.15809	51.0823	2.9476
9	78	-48.7322	-4.33794	50.8647	2.95036
9	79	-48.5375	-4.50828	50.6413	2.95294
9	80	-48.3348	-4.67023	50.412	2.95534
9	81	-48.1232	-4.82385	50.1758	2.95757
9	82	-47.9017	-4.96775	49.9318	2.95959
9	83	-47.6707	-5.09986	49.6807	2.96136
9	84	-47.4318	-5.21898	49.4244	2.96287
9	85	-47.1873	-5.32575	49.1648	2.96412
9	86	-46.9377	-5.42176	48.9023	2.96515
9	87	-46.6824	-5.50787	48.6358	2.96597
9	88	-46.4199	-5.58314	48.3642	2.96656
9	89	-46.1496	-5.64497	48.0873	2.96684
9	90	-45.8735	-5.69087	47.8074	2.96678
9	91	-45.5949	-5.72071	47.5279	2.96638
9	92	-45.3163	-5.73595	47.2508	2.96567
9	93	-45.0749	-5.73384	47.0136	2.96473
9	94	-44.8624	-5.71728	46.8073	2.96358
9	95	-44.67	-5.6872	46.6234	2.96222
9	96	-44.491	-5.64308	46.4552	2.9606
9	97	-44.3214	-5.58201	46.2995	2.95864
9	98	-44.1493	-5.53269	46.1393	2.95691
9	99	-43.9961	-5.43418	46.0069	2.95419
9	100	-43.8551	-5.27658	45.8981	2.95025
9	101	-43.7066	-5.12548	45.7814	2.94639
9	102	-43.5634	-4.97151	45.6711	2.94247
9	103	-43.4235	-4.819	45.5645	2.93859
9	104	-43.2874	-4.66835	45.4619	2.93474
9	105	-43.1547	-4.51703	45.3635	2.93087
9	106	-43.022	-4.36747	45.2653	2.92703
9	107	-42.8912	-4.21755	45.1698	2.92317
9	108	-42.7625	-4.06775	45.0769	2.9193
9	109	-42.6359	-3.9193	44.9865	2.91546
9	110	-42.512	-3.77317	44.8988	2.91167
9	111	-42.3898	-3.62486	44.814	2.90783
9	112	-42.2662	-3.47774	44.7281	2.90399
9	113	-42.144	-3.3298	44.6445	2.90013
9	114	-42.0234	-3.18062	44.5635	2.89623
9	115	-41.9038	-3.03089	44.4841	2.89231
9	116	-41.7837	-2.88226	44.4048	2.8884
9	117	-41.6659	-2.73382	44.3282	2.88449
9	118	-41.5489	-2.58771	44.2525	2.88063
9	119	-41.4348	-2.4432	44.1799	2.8768
9	120	-41.324	-2.30041	44.1107	2.87302
9	121	-41.2143	-2.15461	44.0439	2.86917
9	122	-41.1042	-2.00761	43.9778	2.86527
9	123	-40.9953	-1.85897	43.9139	2.86134
9	124	-40.8881	-1.70979	43.8525	2.85739
9	125	-40.7836	-1.56104	43.7942	2.85346
9	126	-40.6825	-1.41418	43.7394	2.84959
9	127	-40.5851	-1.27078	43.6876	2.8458
9	128	-40.4921	-1.12814	43.6406	2.84206
9	129	-40.4024	-0.988294	43.5964	2.83838
9	130	-40.3196	-0.846755	43.5599	2.83471
9	131	-40.2384	-0.706899	43.5251	2.83109
9	132	-40.1673	-0.56416	43.5013	2.82746
9	133	-40.1028	-0.421135	43.4845	2.82388
9	134	-40.0401	-0.280443	43.4691	2.82035
9	135	-39.9919	-0.136052	43.4692	2.81685
9	136	-39.9431	0.00917381	43.4695	2.81333
9	137	-39.9141	0.163355	43.4921	2.80976
9	138	-39.8889	0.325677	43.5214	2.80604
9	139	-39.8756	0.499085	43.5663	2.80218
9	140	-39.8847	0.685142	43.6372	2.79823
9	141	-39.9062	0.865086	43.7183	2.79452
9	142	-39.944	1.04015	43.8137	2.79106
9	143	-40.0012	1.21121	43.9263	2.78785
9	144	-40.0662	1.38088	44.0463	2.78474
9	145	-40.1406	1.54767	44.1744	2.78179
9	146	-40.2172	1.714	44.305	2.77889
17	0	45.9718	-9.62682	44.9801	0.0975017
17	1	46.0061	-9.39908	45.037	0.10246
17	2	46.0243	-9.18436	45.0775	0.107158
17	3	46.0273	-8.97533	45.1034	0.111758
17	4	46.0087	-8.76826	45.1084	0.116366
17	5	45.9409	-8.56474	45.0652	0.121027
17	6	45.8184	-8.35324	44.9697	0.126024
17	7	45.6861	-8.14741	44.8649	0.130946
17	8	45.5545	-7.94435	44.7615	0.135828
17	9	45.4238	-7.74622	44.6593	0.14062
17	10	45.2966	-7.55105	44.5612	0.145356
17	11	45.1736	-7.35685	44.4681	0.150078
17	12	45.049	-7.16562	44.374	0.154759
17	13	44.925	-6.97531	44.2813	0.159437
17	14	44.7987	-6.78826	44.1868	0.16407
17	15	44.6767	-6.60108	44.0975	0.16871
17	16	44.559	-6.41358	44.0134	0.173359
17	17	44.4391	-6.2291	43.9276	0.177966
17	18	44.32	-6.04445	43.8435	0.182592
17	19	44.1975	-5.86125	43.7568	0.187218
17	20	44.0767	-5.67594	43.673	0.191902
17	21	43.9577	-5.48896	43.5924	0.196632
17	22	43.8353	-5.30466	43.5089	0.201336
17	23	43.7143	-5.12316	43.427	0.205989
17	24	43.5928	-4.94397	43.3453	0.210609
17	25	43.4751	-4.76606	43.2678	0.215198
17	26	43.3569	-4.59086	43.1902	0.219746
17	27	43.2367	-4.4189	43.1108	0.224246
17	28	43.115	-4.25051	43.03	0.228691
17	29	42.9918	-4.08696	42.9475	0.23305
17	30	42.8705	-3.92919	42.8663	0.237284
17	31	42.7479	-3.77895	42.7828	0.241371
17	32	42.6266	-3.63218	42.7005	0.245388
17	33	42.5004	-3.49252	42.6123	0.249286
17	34	42.3719	-3.35471	42.5221	0.253173
17	35	42.2283	-3.22797	42.4151	0.256914
17	36	42.069	-3.10834	42.2917	0.260607
17	37	41.8864	-3.00372	42.1425	0.264122
17	38	41.6841	-2.90968	41.972	0.267543
17	39	41.4783	-2.83852	41.7925	0.270487
17	40	41.271	-2.78586	41.607	0.273038
17	41	41.0607	-2.75014	41.4142	0.275238
17	42	40.849	-2.72467	41.2175	0.277228
17	43	40.6363	-2.70749	41.0176	0.279051
17	44	40.4223	-2.69619	40.8151	0.280761
17	45	40.2068	-2.69171	40.6093	0.282337
17	46	39.9901	-2.69475	40.4004	0.28376
17	47	39.7741	-2.70721	40.1896	0.284966
17	48	39.5606	-2.72846	39.9787	0.285958
17	49	39.3503	-2.75752	39.7688	0.286748
17	50	39.1432	-2.79348	39.56	0.287357
17	51	38.9391	-2.83745	39.3518	0.287755
17	52	38.7387	-2.89383	39.1436	0.287827
17	53	38.5409	-2.96522	38.9337	0.287511
17	54	38.3438	-3.05422	38.7195	0.28675
17	55	38.1481	-3.16491	38.5005	0.28543
17	56	37.9709	-3.28933	38.2955	0.283616
17	57	37.8095	-3.42778	38.1019	0.281313
17	58	37.6656	-3.58213	37.921	0.278456
17	59	37.5354	-3.75174	37.7494	0.275084
17	60	37.4136	-3.92736	37.5847	0.271467
17	61	37.297	-4.10559	37.4248	0.267715
17	62	37.1838	-4.28541	37.2684	0.263865
17	63	37.0742	-4.46837	37.1151	0.259876
17	64	36.9683	-4.65342	36.9656	0.255774
17	65	36.8665	-4.83863	36.8205	0.251608
17	66	36.769	-5.0259	36.6798	0.247325
17	67	36.6756	-5.21252	36.544	0.242999
17	68	36.5846	-5.39604	36.4117	0.238708
17	69	36.4957	-5.58185	36.2818	0.234312
17	70	36.4075	-5.76827	36.1531	0.229863
17	71	36.3223	-5.95535	36.0279	0.225345
17	72	36.2393	-6.14107	35.9059	0.22082
17	73	36.1639	-6.33185	35.7909	0.21608
17	74	36.0937	-6.52355	35.6817	0.211254
17	75	36.0332	-6.71532	35.5827	0.206341
17	76	35.9781	-6.9044	35.4904	0.201445
17	77	35.9301	-7.09132	35.4065	0.196544
17	78	35.8864	-7.27622	35.3279	0.191652
17	79	35.8518	-7.46332	35.2587	0.18663
17	80	35.8249	-7.65317	35.1976	0.181471
17	81	35.8183	-7.84826	35.1564	0.176047
17	82	35.8281	-8.04988	35.1312	0.170348
17	83	35.8597	-8.25981	35.1275	0.164305
17	84	35.9074	-8.45804	35.1427	0.158519
17	85	35.9703	-8.64517	35.1758	0.152983
17	86	36.0508	-8.82267	35.2288	0.147656
17	87	36.1379	-8.99691	35.2898	0.142409
17	88	36.2321	-9.16976	35.359	0.137191
17	89	36.3287	-9.34572	35.4312	0.131899
17	90	36.4324	-9.52437	35.511	0.126528
17	91	36.5412	-9.70557	35.5966	0.121092
17	92	36.6577	-9.88785	35.6907	0.115628
17	93	36.778	-10.0695	35.7898	0.110199
17	94	36.9016	-10.2507	35.8933	0.104803
17	95	37.0261	-10.4303	35.9988	0.0994789
17	96	37.1512	-10.6095	36.106	0.0941948
17	97	37.277	-10.7896	36.2148	0.0889193
17	98	37.4042	-10.9702	36.3259	0.0836567
17	99	37.5328	-11.1504	36.4395	0.0784322
17	100	37.6622	-11.3293	36.555	0.0732771
17	101	37.7915	-11.5064	36.6715	0.0682008
17	102	37.9204	-11.6823	36.7885	0.0631917
17	103	38.0492	-11.8575	36.9065	0.0582332
17	104	38.1792	-12.0321	37.0265	0.0533231
17	105	38.3112	-12.2053	37.1496	0.0484768
17	106	38.4463	-12.3806	37.2765	0.0436045
17	107	38.5841	-12.5563	37.4069	0.038753
17	108	38.7241	-12.7311	37.5404	0.0339553
17	109	38.8662	-12.905	37.677	0.0292133
17	110	39.0101	-13.0797	37.8161	0.0244853
17	111	39.1599	-13.2517	37.9621	0.0198583
17	112	39.3071	-13.4256	38.1062	0.0152197
17	113	39.4784	-13.5483	38.2758	0.0119443
17	114	39.6833	-13.626	38.4798	0.00986353
17	115	39.9051	-13.6785	38.7012	0.00844912
17	116	40.1455	-13.7128	38.9413	0.00751641
17	117	40.4111	-13.7305	39.2068	0.00701356
17	118	40.7113	-13.7328	39.5069	0.00690396
17	119	41.0093	-13.7232	39.805	0.00709359
17	120	41.3066	-13.7014	40.1024	0.00758424
17	121	41.6031	-13.6644	40.3992	0.00844483
17	122	41.8965	-13.6096	40.6931	0.00972923
17	123	42.1833	-13.538	40.9807	0.0114093
17	124	42.4627	-13.4524	41.2611	0.0134053
17	125	42.736	-13.3548	41.5358	0.015668
17	126	43.0046	-13.2441	41.8062	0.0182129
17	127	43.2676	-13.1183	42.0716	0.0210908
17	128	43.522	-12.9763	42.3292	0.0243181
17	129	43.7652	-12.8204	42.5764	0.0278387
17	130	43.9976	-12.654	42.8137	0.0315722
17	131	44.2211	-12.4787	43.0429	0.0354796
17	132	44.4372	-12.2935	43.2658	0.0395812
17	133	44.6449	-12.0959	43.4815	0.043932
17	134	44.8412	-11.8846	43.6874	0.0485675
17	135	45.0229	-11.661	43.8802	0.0534562
17	136	45.1895	-11.4284	44.0596	0.0585256
17	137	45.3429	-11.1888	44.2274	0.0637306
17	138	45.485	-10.9419	44.3855	0.0690785
17	139	45.6153	-10.6862	44.5338	0.0746036
17	140	45.7316	-10.4216	44.6703	0.0803176
17	141	45.832	-10.1501	44.7929	0.0861791
17	142	45.9162	-9.87443	44.9013	0.0921339
18	0	-33.6554	-2.76631	36.6277	2.82971
18	1	-33.7474	-2.58064	36.7725	2.82567
18	2	-33.8417	-2.40016	36.9185	2.82182
18	3	-33.9357	-2.22425	37.0633	2.81811
18	4	-34.035	-2.05167	37.2125	2.81456
18	5	-34.1359	-1.88082	37.3632	2.8111
18	6	-34.2418	-1.71411	37.5177	2.80781
18	7	-34.3508	-1.55148	37.6741	2.80468
18	8	-34.4625	-1.39415	37.8317	2.80173
18	9	-34.5762	-1.2406	37.9903	2.79892
18	10	-34.6981	-1.09586	38.1538	2.79642
18	11	-34.82	-0.954787	38.3164	2.79403
18	12	-34.947	-0.821863	38.4811	2.79191
18	13	-35.0732	-0.690898	38.6447	2.78984
18	14	-35.2074	-0.568975	38.8127	2.78809
18	15	-35.347	-0.448332	38.9855	2.78642
18	16	-35.5056	-0.343682	39.1706	2.78533
18	17	-35.6763	-0.240709	39.3665	2.78439
18	18	-35.871	-0.15589	39.5786	2.7841
18	19	-36.0678	-0.086197	39.7873	2.78419
18	20	-36.2704	-0.0426174	39.9924	2.78494
18	21	-36.475	-0.0119943	40.1948	2.786
18	22	-36.6803	0.00470832	40.3932	2.78739
18	23	-36.8846	0.0160547	40.5888	2.78887
18	24	-37.0884	0.0199603	40.7814	2.79051
18	25	-37.2923	0.0209638	40.9732	2.79219
18	26	-37.4971	0.0151475	41.1638	2.79403
18	27	-37.7026	0.00350794	41.3531	2.79599
18	28	-37.9079	-0.0184091	41.5389	2.79816
18	29	-38.1118	-0.0507519	41.7201	2.80053
18	30	-38.3122	-0.099872	41.8928	2.80324
18	31	-38.5096	-0.165458	42.0573	2.80627
18	32	-38.7055	-0.249453	42.215	2.80967
18	33	-38.9016	-0.35338	42.3668	2.8135
18	34	-39.0834	-0.469858	42.5017	2.81747
18	35	-39.2519	-0.601791	42.6197	2.82167
18	36	-39.4086	-0.75259	42.7215	2.82617
18	37	-39.5585	-0.918086	42.8132	2.83093
18	38	-39.7048	-1.09026	42.9003	2.8358
18	39	-39.8481	-1.26659	42.9844	2.84071
18	40	-39.9887	-1.44304	43.067	2.84559
18	41	-40.1278	-1.61807	43.1495	2.85041
18	42	-40.2663	-1.79189	43.2327	2.85518
18	43	-40.4025	-1.96487	43.315	2.8599
18	44	-40.5389	-2.1371	43.3986	2.86459
18	45	-40.6769	-2.3085	43.4849	2.86925
18	46	-40.8118	-2.48296	43.5684	2.87394
18	47	-40.9451	-2.65533	43.6519	2.87855
18	48	-41.0739	-2.82807	43.7318	2.88313
18	49	-41.205	-2.9977	43.8156	2.88764
18	50	-41.342	-3.16376	43.9069	2.89209
18	51	-41.4827	-3.32679	44.0034	2.89647
18	52	-41.6174	-3.49542	44.0936	2.90092
18	53	-41.7528	-3.66021	44.1862	2.90527
18	54	-41.8883	-3.82121	44.2807	2.90952
18	55	-42.0171	-3.98442	44.3689	2.91377
18	56	-42.1468	-4.14488	44.4594	2.91794
18	57	-42.277	-4.30469	44.5513	2.92209
18	58	-42.4055	-4.46702	44.6417	2.92626
18	59	-42.5345	-4.63035	44.7333	2.93045
18	60	-42.662	-4.79236	44.8244	2.93458
18	61	-42.7882	-4.95227	44.9154	2.93864
18	62	-42.91	-5.10884	45.0035	2.94259
18	63	-43.026	-5.26373	45.0869	2.94647
18	64	-43.1379	-5.41673	45.1673	2.95027
18	65	-43.2466	-5.5655	45.2461	2.95396
18	66	-43.3512	-5.71208	45.3218	2.95757
18	67	-43.4445	-5.86104	45.3865	2.96117
18	68	-43.5494	-5.99651	45.4657	2.96451
18	69	-43.6002	-6.13608	45.4913	2.96773
18	70	-43.6064	-6.29104	45.4709	2.97111
18	71	-43.6292	-6.44852	45.4669	2.97461
18	72	-43.626	-6.61497	45.4364	2.97821
18	73	-43.617	-6.79487	45.3986	2.98209
18	74	-43.582	-6.99272	45.3331	2.98627
18	75	-43.5346	-7.21706	45.252	2.99101
18	76	-43.4623	-7.47569	45.1424	2.99643
18	77	-43.3797	-7.73236	45.0241	3.00181
18	78	-43.2826	-7.98643	44.8933	3.00711
18	79	-43.1689	-8.23604	44.7477	3.0123
18	80	-43.0374	-8.47744	44.5867	3.01729
18	81	-42.8904	-8.70781	44.4128	3.02202
18	82	-42.7313	-8.92713	44.2292	3.02652
18	83	-42.5623	-9.13727	44.0375	3.03082
18	84	-42.3831	-9.33979	43.8374	3.03496
18	85	-42.1921	-9.53448	43.6271	3.03893
18	86	-41.9885	-9.71916	43.4059	3.04268
18	87	-41.7731	-9.89132	43.1749	3.04616
18	88	-41.5488	-10.0503	42.9366	3.04934
18	89	-41.3172	-10.1975	42.6927	3.05228
18	90	-41.0782	-10.3344	42.4426	3.05499
18	91	-40.8302	-10.4608	42.1847	3.05746
18	92	-40.5721	-10.5743	41.9181	3.05964
18	93	-40.3052	-10.672	41.6441	3.06146
18	94	-40.0325	-10.7532	41.3658	3.06289
18	95	-39.7562	-10.8199	41.0852	3.06398
18	96	-39.4763	-10.874	40.802	3.06477
18	97	-39.1914	-10.9157	40.5147	3.06525
18	98	-38.9008	-10.9428	40.2229	3.06538
18	99	-38.6067	-10.9531	39.9289	3.06507
18	100	-38.3124	-10.9466	39.6359	3.06434
18	101	-38.0564	-10.9236	39.3825	3.06326
18	102	-37.8297	-10.8891	39.1592	3.06192
18	103	-37.623	-10.8416	38.957	3.06029
18	104	-37.4321	-10.7805	38.7718	3.05832
18	105	-37.269	-10.6864	38.6172	3.05554
18	106	-37.1204	-10.5625	38.4801	3.052
18	107	-36.9797	-10.4222	38.3527	3.04803
18	108	-36.8372	-10.2782	38.2247	3.04393
18	109	-36.6972	-10.1274	38.1004	3.03963
18	110	-36.5565	-9.97359	37.9765	3.03522
18	111	-36.4169	-9.81564	37.8548	3.03068
18	112	-36.2787	-9.65677	37.7354	3.02609
18	113	-36.1418	-9.49609	37.6184	3.02143
18	114	-36.0051	-9.3339	37.5026	3.0167
18	115	-35.868	-9.17052	37.3872	3.01191
18	116	-35.732	-9.00566	37.2742	3.00705
18	117	-35.5985	-8.84077	37.1644	3.00217
18	118	-35.4696	-8.67679	37.06	2.99731
18	119	-35.3393	-8.51182	36.9552	2.99238
18	120	-35.2109	-8.34381	36.8537	2.98736
18	121	-35.0788	-8.17685	36.7493	2.98231
18	122	-34.9427	-8.01066	36.6417	2.97725
18	123	-34.8086	-7.84092	36.5377	2.97206
18	124	-34.6759	-7.67011	36.4362	2.96683
18	125	-34.546	-7.49932	36.3385	2.96158
18	126	-34.4171	-7.33156	36.2422	2.95639
18	127	-34.2925	-7.165	36.1509	2.95122
18	128	-34.1678	-6.9957	36.061	2.94596
18	129	-34.0423	-6.8238	35.9718	2.94059
18	130	-33.9153	-6.65016	35.8825	2.93515
18	131	-33.7909	-6.47352	35.7976	2.9296
18	132	-33.6685	-6.29511	35.716	2.924
18	133	-33.5512	-6.11586	35.6408	2.91838
18	134	-33.438	-5.93613	35.5707	2.91275
18	135	-33.3317	-5.7547	35.5089	2.90709
18	136	-33.2392	-5.57162	35.462	2.90146
18	137	-33.1693	-5.38316	35.4395	2.89583
18	138	-33.117	-5.18737	35.437	2.89011
18	139	-33.0821	-4.98217	35.4548	2.88426
18	140	-33.065	-4.76485	35.4943	2.87822
18	141	-33.0692	-4.55248	35.5542	2.87248
18	142	-33.0937	-4.34502	35.6335	2.86705
18	143	-33.1388	-4.14058	35.7328	2.86188
18	144	-33.1967	-3.93836	35.8447	2.85691
18	145	-33.2628	-3.73873	35.9647	2.8521
18	146	-33.3329	-3.54064	36.0888	2.84739
18	147	-33.4073	-3.34426	36.2174	2.8428
18	148	-33.4851	-3.14946	36.3494	2.83831
18	149	-33.5673	-2.95638	36.4859	2.83393
25	0	38.6507	-14.8578	37.4551	-0.0227578
25	1	38.6965	-14.6425	37.4966	-0.0169888
25	2	38.7326	-14.4431	37.5298	-0.0116598
25	3	38.7375	-14.251	37.533	-0.00654176
25	4	38.7385	-14.0654	37.5333	-0.00159595
25	5	38.6817	-13.8948	37.4766	0.00295342
25	6	38.5995	-13.7224	37.3952	0.00757229
25	7	38.4983	-13.5571	37.2957	0.0120249
25	8	38.3967	-13.3888	37.1965	0.0165818
25	9	38.2925	-13.2171	37.0956	0.0212561
25	10	38.1841	-13.0428	36.9913	0.0260294
25	11	38.0718	-12.8666	36.8841	0.0308838
25	12	37.9561	-12.6872	36.7745	0.0358572
25	13	37.837	-12.508	36.6623	0.0408575
25	14	37.7149	-12.33	36.548	0.0458594
25	15	37.5914	-12.1534	36.4332	0.050857
25	16	37.4678	-11.9779	36.3192	0.0558565
25	17	37.3444	-11.8027	36.2062	0.0608787
25	18	37.2208	-11.6273	36.0939	0.0659369
25	19	37.0962	-11.452	35.9816	0.0710263
25	20	36.971	-11.2775	35.8696	0.0761274
25	21	36.8456	-11.105	35.7582	0.0812053
25	22	36.7205	-10.9353	35.6477	0.086234
25	23	36.5955	-10.7691	35.5379	0.0911968
25	24	36.4687	-10.6008	35.4273	0.0962517
25	25	36.3393	-10.4307	35.3154	0.101398
25	26	36.2069	-10.2598	35.2014	0.106609
25	27	36.0709	-10.0903	35.0847	0.111825
25	28	35.9317	-9.92454	34.9654	0.116981
25	29	35.7909	-9.76167	34.845	0.122095
25	30	35.6481	-9.60314	34.723	0.127128
25	31	35.5021	-9.45026	34.598	0.132046
25	32	35.3508	-9.3058	34.4674	0.136779
25	33	35.1905	-9.17345	34.327	0.141235
25	34	35.0186	-9.05335	34.174	0.145422
25	35	34.8332	-8.94671	34.0063	0.149315
25	36	34.6413	-8.85821	33.8299	0.152746
25	37	34.4508	-8.79416	33.6515	0.155488
25	38	34.2618	-8.74738	33.4721	0.157743
25	39	34.0713	-8.71988	33.2883	0.159459
25	40	33.8811	-8.7005	33.1036	0.160949
25	41	33.6908	-8.68895	32.9176	0.162222
25	42	33.4992	-8.6833	32.7295	0.163337
25	43	33.3055	-8.68112	32.5387	0.164372
25	44	33.1097	-8.68467	32.345	0.165254
25	45	32.9117	-8.69316	32.1483	0.166007
25	46	32.7119	-8.7057	31.9493	0.166652
25	47	32.5119	-8.72615	31.7486	0.167062
25	48	32.3122	-8.74748	31.5481	0.167449
25	49	32.1131	-8.77506	31.3472	0.16764
25	50	31.9135	-8.80369	31.1456	0.167803
25	51	31.7143	-8.83895	30.9434	0.167754
25	52	31.5144	-8.87743	30.7399	0.167606
25	53	31.3162	-8.92791	30.536	0.167059
25	54	31.1208	-8.98769	30.3334	0.166186
25	55	30.9331	-9.06607	30.1353	0.164652
25	56	30.7508	-9.15974	29.9403	0.162563
25	57	30.5768	-9.27348	29.7503	0.159737
25	58	30.4227	-9.3933	29.5792	0.156566
25	59	30.2869	-9.52107	29.4253	0.152997
25	60	30.1672	-9.65766	29.2864	0.149011
25	61	30.0574	-9.80095	29.1569	0.144709
25	62	29.9556	-9.95061	29.0348	0.140115
25	63	29.8556	-10.1032	28.9148	0.135371
25	64	29.7618	-10.2644	28.8005	0.130267
25	65	29.6683	-10.4299	28.6867	0.124969
25	66	29.5838	-10.6028	28.5818	0.119334
25	67	29.5021	-10.7777	28.4803	0.113581
25	68	29.4294	-10.9548	28.3885	0.107672
25	69	29.3556	-11.1348	28.2963	0.101628
25	70	29.2842	-11.3182	28.2072	0.0954136
25	71	29.2143	-11.5038	28.1205	0.0890824
25	72	29.1475	-11.6905	28.038	0.082662
25	73	29.0817	-11.882	27.9571	0.0760286
25	74	29.0171	-12.0761	27.8787	0.0692647
25	75	28.9568	-12.2708	27.8057	0.0624266
25	76	28.9002	-12.4641	27.7378	0.055598
25	77	28.8449	-12.6597	27.6724	0.0486542
25	78	28.7914	-12.8571	27.6099	0.0416079
25	79	28.7417	-13.0563	27.5527	0.0344574
25	80	28.6949	-13.2591	27.4997	0.0271456
25	81	28.6531	-13.4642	27.4531	0.0197174
25	82	28.6166	-13.6699	27.4133	0.0122439
25	83	28.5884	-13.8746	27.3834	0.00478018
25	84	28.5726	-14.0776	27.3673	-0.00263271
25	85	28.5736	-14.278	27.3697	-0.00995484
25	86	28.5925	-14.4786	27.3913	-0.0172738
25	87	28.6286	-14.6817	27.4316	-0.0246524
25	88	28.6847	-14.8908	27.4937	-0.0322045
25	89	28.7588	-15.0913	27.5749	-0.0393864
25	90	28.8525	-15.2835	27.6768	-0.0461926
25	91	28.9672	-15.4677	27.8003	-0.0526185
25	92	29.097	-15.6447	27.9398	-0.058703
25	93	29.235	-15.8164	28.0881	-0.0645153
25	94	29.3758	-15.9835	28.2399	-0.0700984
25	95	29.5156	-16.1492	28.3914	-0.0755765
25	96	29.6551	-16.314	28.5433	-0.0809635
25	97	29.7967	-16.4769	28.698	-0.0862233
25	98	29.9399	-16.6387	28.8549	-0.0913835
25	99	30.0819	-16.8007	29.0116	-0.0964962
25	100	30.2243	-16.96	29.169	-0.101464
25	101	30.3667	-17.116	29.3268	-0.106263
25	102	30.5085	-17.2695	29.4845	-0.11093
25	103	30.6478	-17.4236	29.6403	-0.115576
25	104	30.7877	-17.5766	29.7972	-0.120136
25	105	30.9295	-17.7281	29.9564	-0.124587
25	106	31.0724	-17.8778	30.1171	-0.128932
25	107	31.2137	-18.027	30.2766	-0.133218
25	108	31.3547	-18.1727	30.4361	-0.137348
25	109	31.4958	-18.3144	30.5955	-0.141305
25	110	31.637	-18.4527	30.7549	-0.14511
25	111	31.7754	-18.5877	30.9116	-0.148783
25	112	31.9128	-18.7186	31.0671	-0.152295
25	113	32.0517	-18.8432	31.2234	-0.155563
25	114	32.1935	-18.9569	31.3813	-0.158443
25	115	32.3232	-19.0763	31.5283	-0.161536
25	116	32.4675	-19.1438	31.6816	-0.162905
25	117	32.6412	-19.1653	31.8565	-0.162687
25	118	32.8195	-19.1998	32.0381	-0.162849
25	119	33.0128	-19.2158	32.2314	-0.162365
25	120	33.2272	-19.2159	32.443	-0.1613
25	121	33.4712	-19.2008	32.6814	-0.159646
25	122	33.7555	-19.1694	32.9573	-0.157333
25	123	34.0412	-19.125	33.2326	-0.154665
25	124	34.3268	-19.0647	33.5056	-0.151574
25	125	34.6083	-18.9874	33.7725	-0.148053
25	126	34.8832	-18.8955	34.0311	-0.144189
25	127	35.1518	-18.7919	34.2822	-0.140074
25	128	35.4158	-18.6774	34.528	-0.135722
25	129	35.6759	-18.5503	34.769	-0.131089
25	130	35.9303	-18.4091	35.0031	-0.12614
25	131	36.176	-18.2546	35.2279	-0.120911
25	132	36.4123	-18.0896	35.4431	-0.115487
25	133	36.641	-17.9159	35.6508	-0.109906
25	134	36.8633	-17.7323	35.8522	-0.104137
25	135	37.0784	-17.5365	36.0464	-0.0981131
25	136	37.2829	-17.3272	36.2302	-0.0918121
25	137	37.4739	-17.1069	36.401	-0.0853036
25	138	37.6518	-16.879	36.5596	-0.0786779
25	139	37.819	-16.6448	36.7087	-0.0719605
25	140	37.9766	-16.4032	36.8494	-0.0651134
25	141	38.1235	-16.1527	36.9805	-0.0580947
25	142	38.2568	-15.894	37.0996	-0.0509249
25	143	38.376	-15.6302	37.2062	-0.0436806
25	144	38.4831	-15.3638	37.3025	-0.0364201
25	145	38.5789	-15.0946	37.3895	-0.0291323
26	0	-26.7968	-10.453	28.2265	3.0154
26	1	-26.8155	-10.215	28.276	3.00713
26	2	-26.8401	-9.97981	28.3329	2.99902
26	3	-26.8696	-9.74672	28.3961	2.99105
26	4	-26.9039	-9.51427	28.4658	2.98315
26	5	-26.9421	-9.28317	28.5408	2.97537
26	6	-26.9854	-9.05347	28.6223	2.9677
26	7	-27.0332	-8.82784	28.7093	2.96025
26	8	-27.0852	-8.60672	28.801	2.95303
26	9	-27.1411	-8.3896	28.8974	2.94601
26	10	-27.2014	-8.17557	28.9988	2.93917
26	11	-27.2672	-7.96393	29.1065	2.9325
26	12	-27.3377	-7.7559	29.2192	2.92604
26	13	-27.414	-7.55191	29.3379	2.9198
26	14	-27.4971	-7.35228	29.4634	2.91381
26	15	-27.586	-7.1582	29.5943	2.9081
26	16	-27.6809	-6.96908	29.7308	2.90265
26	17	-27.7863	-6.78538	29.8772	2.89752
26	18	-27.9117	-6.61098	30.0413	2.89289
26	19	-28.0635	-6.44579	30.2294	2.88883
26	20	-28.2418	-6.28864	30.4415	2.8853
26	21	-28.4514	-6.14076	30.6818	2.88237
26	22	-28.6712	-6.01645	30.9262	2.8803
26	23	-28.9011	-5.91733	31.1739	2.87914
26	24	-29.142	-5.8396	31.4268	2.87874
26	25	-29.3873	-5.77531	31.6803	2.87879
26	26	-29.6352	-5.71964	31.9342	2.87912
26	27	-29.8862	-5.67195	32.189	2.87971
26	28	-30.1401	-5.63256	32.4444	2.88057
26	29	-30.3944	-5.60281	32.6978	2.8817
26	30	-30.6476	-5.58323	32.9476	2.8831
26	31	-30.8994	-5.57346	33.1936	2.88475
26	32	-31.1502	-5.576	33.4356	2.88673
26	33	-31.3981	-5.59878	33.6698	2.88924
26	34	-31.6455	-5.64512	33.898	2.89239
26	35	-31.8924	-5.71486	34.1202	2.89615
26	36	-32.1147	-5.80299	34.3148	2.90022
26	37	-32.3113	-5.90968	34.4805	2.90459
26	38	-32.4871	-6.03467	34.6225	2.90929
26	39	-32.6511	-6.17241	34.7507	2.91423
26	40	-32.8083	-6.31698	34.8717	2.91929
26	41	-32.9635	-6.46739	34.9905	2.92446
26	42	-33.1178	-6.62448	35.1078	2.92977
26	43	-33.2721	-6.78882	35.2246	2.93525
26	44	-33.4245	-6.95899	35.3394	2.94085
26	45	-33.574	-7.13173	35.452	2.94647
26	46	-33.7233	-7.30633	35.5652	2.9521
26	47	-33.872	-7.48169	35.6788	2.95771
26	48	-34.0208	-7.65908	35.7932	2.96334
26	49	-34.1692	-7.8391	35.9079	2.96901
26	50	-34.3176	-8.02053	36.0236	2.97468
26	51	-34.4651	-8.20361	36.1392	2.98035
26	52	-34.6121	-8.38886	36.2551	2.98605
26	53	-34.7575	-8.57482	36.3705	2.99172
26	54	-34.9044	-8.76147	36.4885	2.99738
26	55	-35.0487	-8.94923	36.6049	3.00302
26	56	-35.1906	-9.13709	36.7201	3.00862
26	57	-35.3309	-9.32381	36.8349	3.01415
26	58	-35.4707	-9.50932	36.9506	3.01961
26	59	-35.6102	-9.69529	37.067	3.02505
26	60	-35.7488	-9.88336	37.1833	3.0305
26	61	-35.8854	-10.0739	37.2985	3.03599
26	62	-36.0213	-10.2663	37.4139	3.04149
26	63	-36.1559	-10.459	37.5292	3.04695
26	64	-36.2896	-10.6523	37.6446	3.0524
26	65	-36.4184	-10.8479	37.756	3.05786
26	66	-36.5297	-11.0486	37.8507	3.06339
26	67	-36.5923	-11.2533	37.8977	3.06891
26	68	-36.6094	-11.4709	37.8995	3.07467
26	69	-36.5997	-11.6973	37.8754	3.08061
26	70	-36.5649	-11.9352	37.8269	3.08683
26	71	-36.5022	-12.1902	37.7512	3.09349
26	72	-36.4093	-12.4698	37.6459	3.10079
26	73	-36.3033	-12.7438	37.5298	3.10797
26	74	-36.1854	-13.0135	37.4039	3.11507
26	75	-36.0539	-13.2788	37.2663	3.12209
26	76	-35.9076	-13.5372	37.1158	3.12897
26	77	-35.7478	-13.7863	36.9537	3.13566
26	78	-35.577	-14.0262	36.7823	-3.14103
26	79	-35.3955	-14.2586	36.6016	-3.13468
26	80	-35.2011	-14.4835	36.4095	-3.12846
26	81	-34.9919	-14.6981	36.2038	-3.12246
26	82	-34.7696	-14.8986	35.986	-3.11677
26	83	-34.538	-15.0847	35.7596	-3.11141
26	84	-34.2991	-15.2588	35.5265	-3.10631
26	85	-34.0518	-15.4222	35.2856	-3.10143
26	86	-33.7947	-15.5736	35.0351	-3.09682
26	87	-33.5285	-15.7103	34.7756	-3.09255
26	88	-33.2564	-15.8315	34.5101	-3.08866
26	89	-32.9805	-15.9392	34.2405	-3.08509
26	90	-32.7005	-16.0352	33.9665	-3.0818
26	91	-32.4531	-16.1035	33.7238	-3.07934
26	92	-32.2293	-16.1492	33.5033	-3.07757
26	93	-32.0215	-16.172	33.2973	-3.07648
26	94	-31.8241	-16.1794	33.1008	-3.07587
26	95	-31.636	-16.1595	32.9119	-3.0761
26	96	-31.4609	-16.1075	32.7338	-3.07733
26	97	-31.29	-16.0142	32.5574	-3.07986
26	98	-31.12	-15.9144	32.3816	-3.08261
26	99	-30.9491	-15.8082	32.2049	-3.08559
26	100	-30.7737	-15.6983	32.0238	-3.08871
26	101	-30.596	-15.5822	31.8403	-3.09205
26	102	-30.4158	-15.4596	31.6545	-3.09564
26	103	-30.2336	-15.331	31.4668	-3.09946
26	104	-30.0506	-15.1971	31.2786	-3.10349
26	105	-29.8664	-15.0595	31.0895	-3.10768
26	106	-29.6795	-14.9192	30.8983	-3.11202
26	107	-29.4904	-14.7768	30.7054	-3.11647
26	108	-29.2981	-14.6309	30.5099	-3.12109
26	109	-29.1064	-14.4814	30.3154	-3.12589
26	110	-28.9157	-14.3289	30.1227	-3.13086
26	111	-28.7254	-14.1745	29.9312	-3.13595
26	112	-28.5343	-14.0184	29.7397	-3.14116
26	113	-28.3417	-13.8594	29.5473	3.13665
26	114	-28.1482	-13.6961	29.3552	3.13105
26	115	-27.9563	-13.5279	29.1655	3.12522
26	116	-27.7691	-13.3556	28.9817	3.11917
26	117	-27.5882	-13.1787	28.8054	3.11289
26	118	-27.4161	-12.9945	28.6393	3.10628
26	119	-27.2609	-12.7987	28.4917	3.09922
26	120	-27.1242	-12.5857	28.3651	3.09152
26	121	-27.0067	-12.3552	28.2602	3.08316
26	122	-26.9181	-12.1228	28.1863	3.07475
26	123	-26.8573	-11.8883	28.1424	3.06629
26	124	-26.8201	-11.6516	28.1241	3.0578
26	125	-26.799	-11.4135	28.124	3.0493
26	126	-26.7873	-11.1745	28.1354	3.0408
26	127	-26.7824	-10.9343	28.1557	3.0323
26	128	-26.7855	-10.6933	28.1861	3.02381
32	0	31.769	-20.2948	31.2041	-0.202944
32	1	31.7715	-20.0978	31.1674	-0.196737
32	2	31.7566	-19.9113	31.1168	-0.190951
32	3	31.7228	-19.7319	31.0501	-0.185485
32	4	31.6996	-19.5514	30.9945	-0.179899
32	5	31.6249	-19.3823	30.8911	-0.174946
32	6	31.4896	-19.2177	30.7296	-0.17044
32	7	31.3611	-19.0459	30.5742	-0.165614
32	8	31.2254	-18.8812	30.4135	-0.161009
32	9	31.0886	-18.7203	30.253	-0.156482
32	10	30.953	-18.5621	30.0947	-0.151992
32	11	30.8193	-18.4057	29.9391	-0.147506
32	12	30.684	-18.2501	29.7827	-0.143006
32	13	30.5473	-18.0948	29.6255	-0.138473
32	14	30.4091	-17.9401	29.4676	-0.133923
32	15	30.2703	-17.7867	29.3099	-0.129368
32	16	30.1318	-17.6353	29.1533	-0.124831
32	17	29.9939	-17.486	28.9982	-0.120314
32	18	29.8567	-17.3386	28.8446	-0.115811
32	19	29.7196	-17.1928	28.6919	-0.111315
32	20	29.5821	-17.0483	28.5394	-0.106818
32	21	29.4435	-16.9057	28.3867	-0.102344
32	22	29.3046	-16.7652	28.2345	-0.097899
32	23	29.1652	-16.6291	28.0827	-0.0935585
32	24	29.0269	-16.4972	27.933	-0.0893219
32	25	28.8888	-16.3717	27.7844	-0.0852651
32	26	28.7508	-16.2525	27.6369	-0.0813922
32	27	28.6131	-16.1384	27.4907	-0.0776644
32	28	28.4724	-16.0327	27.3423	-0.0742088
32	29	28.3339	-15.9289	27.1967	-0.070781
32	30	28.1897	-15.836	27.0464	-0.0677326
32	31	28.0424	-15.7481	26.8936	-0.0648406
32	32	27.8807	-15.6745	26.7276	-0.0624847
32	33	27.705	-15.6142	26.5485	-0.0606309
32	34	27.5156	-15.5658	26.3565	-0.0592339
32	35	27.3284	-15.54	26.1681	-0.0586723
32	36	27.1446	-15.5218	25.9836	-0.0583889
32	37	26.9616	-15.5247	25.801	-0.0589159
32	38	26.778	-15.5306	25.6182	-0.0595677
32	39	26.5942	-15.5501	25.4359	-0.0607603
32	40	26.4091	-15.5717	25.2525	-0.0620628
32	41	26.2232	-15.5996	25.0686	-0.0636333
32	42	26.0367	-15.6354	24.8849	-0.0655439
32	43	25.8493	-15.674	24.7004	-0.0675997
32	44	25.665	-15.7231	24.5199	-0.0701055
32	45	25.4823	-15.7736	24.3413	-0.0727011
32	46	25.3037	-15.8322	24.1676	-0.075657
32	47	25.1287	-15.8946	23.9978	-0.0788005
32	48	24.9574	-15.9622	23.8326	-0.0821947
32	49	24.7949	-16.0447	23.6776	-0.0862289
32	50	24.6368	-16.1352	23.5281	-0.0906409
32	51	24.489	-16.2484	23.3914	-0.0960344
32	52	24.3376	-16.3681	23.2527	-0.10178
32	53	24.2129	-16.5024	23.1427	-0.108103
32	54	24.0931	-16.6351	23.0384	-0.114387
32	55	23.9964	-16.7806	22.9594	-0.121166
32	56	23.9085	-16.9319	22.891	-0.128191
32	57	23.828	-17.0881	22.8317	-0.135428
32	58	23.7568	-17.2495	22.7836	-0.142867
32	59	23.6871	-17.4123	22.7384	-0.150391
32	60	23.6228	-17.5802	22.7007	-0.15813
32	61	23.5622	-17.7526	22.6687	-0.166059
32	62	23.5053	-17.9288	22.6425	-0.174149
32	63	23.4552	-18.1085	22.6251	-0.182355
32	64	23.4073	-18.2934	22.6123	-0.190783
32	65	23.363	-18.4827	22.6055	-0.199374
32	66	23.3241	-18.6749	22.6062	-0.20805
32	67	23.2889	-18.8682	22.6127	-0.216737
32	68	23.2609	-19.0619	22.6278	-0.225364
32	69	23.236	-19.2544	22.6474	-0.233893
32	70	23.2151	-19.4506	22.6734	-0.242525
32	71	23.1957	-19.6498	22.7032	-0.251247
32	72	23.1822	-19.8513	22.7411	-0.259978
32	73	23.174	-20.0535	22.7859	-0.268646
32	74	23.1703	-20.2586	22.8377	-0.277348
32	75	23.1708	-20.4648	22.8956	-0.286002
32	76	23.1755	-20.6707	22.959	-0.294549
32	77	23.1861	-20.8755	23.0294	-0.302925
32	78	23.1987	-21.0801	23.1032	-0.311216
32	79	23.22	-21.285	23.187	-0.319348
32	80	23.2459	-21.49	23.2767	-0.327358
32	81	23.2914	-21.6878	23.384	-0.334744
32	82	23.3476	-21.8817	23.5014	-0.341752
32	83	23.4232	-22.0695	23.6361	-0.348164
32	84	23.5138	-22.2535	23.7844	-0.354136
32	85	23.6114	-22.418	23.9333	-0.359171
32	86	23.7236	-22.5605	24.0886	-0.363069
32	87	23.838	-22.6933	24.2428	-0.366515
32	88	23.9664	-22.8101	24.4046	-0.369097
32	89	24.0957	-22.9273	24.5676	-0.37165
32	90	24.2335	-23.0384	24.7364	-0.373811
32	91	24.3776	-23.1468	24.9102	-0.375749
32	92	24.5277	-23.2531	25.0889	-0.377494
32	93	24.6845	-23.3551	25.2722	-0.37896
32	94	24.8456	-23.4538	25.4585	-0.380219
32	95	25.0096	-23.5489	25.6461	-0.381289
32	96	25.1773	-23.6427	25.8366	-0.382244
32	97	25.3476	-23.7366	26.0296	-0.383154
32	98	25.5205	-23.8307	26.2253	-0.384015
32	99	25.6964	-23.9253	26.4238	-0.384842
32	100	25.8753	-24.0199	26.6251	-0.385611
32	101	26.057	-24.1136	26.8287	-0.386302
32	102	26.2404	-24.2061	27.0334	-0.386914
32	103	26.4245	-24.2965	27.2381	-0.387437
32	104	26.6087	-24.3849	27.4421	-0.387883
32	105	26.7945	-24.4734	27.6475	-0.388305
32	106	26.9833	-24.5627	27.856	-0.388705
32	107	27.1753	-24.6521	28.0676	-0.389061
32	108	27.3725	-24.7354	28.2817	-0.389142
32	109	27.569	-24.8237	28.497	-0.389393
32	110	27.7587	-24.8752	28.6921	-0.388541
32	111	27.9428	-24.8656	28.8588	-0.385819
32	112	28.1282	-24.8418	29.0219	-0.382653
32	113	28.3094	-24.7825	29.1681	-0.378449
32	114	28.4987	-24.7208	29.3215	-0.374107
32	115	28.6948	-24.63	29.4712	-0.36881
32	116	28.9101	-24.5189	29.6325	-0.36269
32	117	29.15	-24.373	29.8059	-0.355259
32	118	29.3857	-24.2155	29.973	-0.347598
32	119	29.6146	-24.044	30.1307	-0.339659
32	120	29.8333	-23.8593	30.2764	-0.3315
32	121	30.0401	-23.6642	30.4094	-0.32322
32	122	30.2363	-23.4614	30.5321	-0.314879
32	123	30.4237	-23.2512	30.6463	-0.306465
32	124	30.6028	-23.0326	30.7523	-0.29793
32	125	30.7721	-22.8048	30.8484	-0.289258
32	126	30.9297	-22.5688	30.9333	-0.280493
32	127	31.0755	-22.3267	31.0076	-0.27169
32	128	31.2107	-22.0795	31.0727	-0.262858
32	129	31.3363	-21.8262	31.1294	-0.253952
32	130	31.4508	-21.5651	31.1759	-0.244924
32	131	31.5513	-21.2965	31.2096	-0.235793
32	132	31.636	-21.0233	31.2294	-0.226652
32	133	31.705	-20.7485	31.2362	-0.217585
32	134	31.7478	-20.5089	31.2272	-0.209797
33	0	-20.8594	-17.3318	22.314	-2.99197
33	1	-20.8865	-17.1665	22.3168	-2.99947
33	2	-20.9273	-17.003	22.3347	-3.00698
33	3	-20.9743	-16.8394	22.3599	-3.01451
33	4	-21.0398	-16.675	22.4047	-3.02216
33	5	-21.1269	-16.5056	22.4717	-3.03011
33	6	-21.2504	-16.3318	22.5759	-3.03837
33	7	-21.4317	-16.1565	22.739	-3.04686
33	8	-21.5631	-15.9567	22.8519	-3.05611
33	9	-21.6479	-15.7641	22.9208	-3.06479
33	10	-21.7386	-15.5885	22.9985	-3.07271
33	11	-21.8286	-15.418	23.0772	-3.08035
33	12	-21.9219	-15.2507	23.1607	-3.0878
33	13	-22.0343	-15.0962	23.2652	-3.09469
33	14	-22.1493	-14.9409	23.3734	-3.10156
33	15	-22.2908	-14.802	23.5096	-3.10771
33	16	-22.4285	-14.6696	23.6431	-3.1135
33	17	-22.5823	-14.5646	23.7942	-3.11809
33	18	-22.7387	-14.4677	23.9485	-3.12229
33	19	-22.8978	-14.3761	24.1059	-3.12622
33	20	-23.0603	-14.2892	24.2673	-3.1299
33	21	-23.227	-14.2065	24.4332	-3.13337
33	22	-23.3964	-14.1249	24.602	-3.13674
33	23	-23.5703	-14.046	24.7757	-3.13996
33	24	-23.7494	-13.9708	24.9547	3.1402
33	25	-23.9326	-13.8977	25.1382	3.1373
33	26	-24.1208	-13.831	25.3267	3.1347
33	27	-24.3111	-13.7667	25.5175	3.13224
33	28	-24.5039	-13.7103	25.7109	3.13011
33	29	-24.6966	-13.6554	25.9043	3.12808
33	30	-24.8908	-13.6075	26.0992	3.12634
33	31	-25.0853	-13.5606	26.2944	3.12467
33	32	-25.2818	-13.5189	26.4916	3.12322
33	33	-25.48	-13.4811	26.6904	3.12194
33	34	-25.6804	-13.4537	26.8913	3.12107
33	35	-25.8827	-13.4419	27.0939	3.12079
33	36	-26.0877	-13.4471	27.2987	3.12114
33	37	-26.2951	-13.4731	27.5056	3.12223
33	38	-26.4887	-13.5135	27.6983	3.12383
33	39	-26.6687	-13.5745	27.8773	3.12613
33	40	-26.84	-13.6458	28.0477	3.12877
33	41	-27.0036	-13.7294	28.2103	3.1318
33	42	-27.165	-13.8161	28.371	3.13492
33	43	-27.3261	-13.9086	28.5316	3.1382
33	44	-27.4888	-14.0061	28.6941	-3.14157
33	45	-27.6542	-14.1088	28.8597	-3.13801
33	46	-27.8214	-14.2184	29.0275	-3.13426
33	47	-27.9904	-14.3334	29.1975	-3.13036
33	48	-28.1594	-14.4536	29.3682	-3.12633
33	49	-28.329	-14.5753	29.5398	-3.1223
33	50	-28.4975	-14.6985	29.7109	-3.11827
33	51	-28.6638	-14.8238	29.8803	-3.1142
33	52	-28.8282	-14.9507	30.0484	-3.11013
33	53	-28.9984	-15.0787	30.2227	-3.10608
33	54	-29.1722	-15.2109	30.4014	-3.10193
33	55	-29.3486	-15.3482	30.5834	-3.09768
33	56	-29.5266	-15.4897	30.7677	-3.09334
33	57	-29.7059	-15.6326	30.954	-3.089
33	58	-29.883	-15.7795	31.1389	-3.08459
33	59	-30.063	-15.9239	31.3271	-3.08032
33	60	-30.242	-16.0719	31.5151	-3.07598
33	61	-30.4218	-16.2226	31.7047	-3.07161
33	62	-30.602	-16.3775	31.8956	-3.06716
33	63	-30.7765	-16.54	32.0821	-3.06251
33	64	-30.9494	-16.6981	32.2673	-3.05805
33	65	-31.0614	-16.8773	32.3943	-3.05282
33	66	-31.1207	-17.0881	32.4727	-3.04652
33	67	-31.1868	-17.3024	32.5595	-3.04016
33	68	-31.2342	-17.5339	32.6308	-3.03325
33	69	-31.2641	-17.791	32.6893	-3.02553
33	70	-31.2771	-18.0842	32.7375	-3.01668
33	71	-31.2757	-18.3809	32.7744	-3.00769
33	72	-31.2588	-18.6796	32.7989	-2.9986
33	73	-31.2255	-18.9767	32.8096	-2.98949
33	74	-31.1782	-19.2696	32.8085	-2.98045
33	75	-31.1194	-19.5588	32.7982	-2.97146
33	76	-31.0495	-19.8461	32.7793	-2.96246
33	77	-30.9664	-20.1319	32.7498	-2.95342
33	78	-30.868	-20.4141	32.7073	-2.94438
33	79	-30.7552	-20.6898	32.652	-2.93542
33	80	-30.6309	-20.9578	32.5865	-2.92659
33	81	-30.4976	-21.2197	32.5134	-2.91785
33	82	-30.3549	-21.4773	32.4327	-2.90913
33	83	-30.2008	-21.7305	32.3422	-2.90041
33	84	-30.0337	-21.977	32.2401	-2.89175
33	85	-29.855	-22.2142	32.1267	-2.88322
33	86	-29.6672	-22.4419	32.0044	-2.87484
33	87	-29.4713	-22.6619	31.8746	-2.86656
33	88	-29.2659	-22.8753	31.7359	-2.85833
33	89	-29.0484	-23.0804	31.5854	-2.85017
33	90	-28.8185	-23.2736	31.4217	-2.84218
33	91	-28.5796	-23.4526	31.2472	-2.83445
33	92	-28.3354	-23.6187	31.0655	-2.82698
33	93	-28.0867	-23.7734	30.8777	-2.81972
33	94	-27.8604	-23.8944	30.7019	-2.81365
33	95	-27.647	-23.9861	30.5298	-2.80856
33	96	-27.4392	-24.0518	30.3551	-2.80427
33	97	-27.2319	-24.0924	30.1732	-2.80073
33	98	-27.0301	-24.142	29.9998	-2.79692
33	99	-26.8266	-24.1252	29.8026	-2.79515
33	100	-26.6073	-24.0374	29.5665	-2.79542
33	101	-26.3839	-23.9551	29.3285	-2.79548
33	102	-26.1647	-23.8662	29.0922	-2.7958
33	103	-25.948	-23.777	28.858	-2.79616
33	104	-25.7326	-23.6881	28.6253	-2.79653
33	105	-25.5178	-23.5994	28.3931	-2.79691
33	106	-25.3043	-23.5089	28.1615	-2.79737
33	107	-25.0932	-23.4162	27.9316	-2.79795
33	108	-24.8855	-23.3227	27.7046	-2.7986
33	109	-24.6804	-23.2318	27.4808	-2.79921
33	110	-24.4782	-23.1412	27.26	-2.79985
33	111	-24.2788	-23.049	27.0412	-2.80059
33	112	-24.0804	-22.9564	26.8232	-2.80137
33	113	-23.882	-22.8645	26.6055	-2.80214
33	114	-23.6854	-22.7706	26.3889	-2.80301
33	115	-23.4919	-22.6753	26.1748	-2.80399
33	116	-23.3033	-22.5775	25.9644	-2.80514
33	117	-23.1193	-22.4784	25.7581	-2.80641
33	118	-22.9401	-22.3762	25.5552	-2.80788
33	119	-22.7644	-22.2736	25.3557	-2.80944
33	120	-22.5929	-22.1657	25.1584	-2.81126
33	121	-22.4246	-22.0509	24.962	-2.81343
33	122	-22.2625	-21.9223	24.7672	-2.81624
33	123	-22.1079	-21.7755	24.5739	-2.81989
33	124	-21.9615	-21.6069	24.382	-2.82454
33	125	-21.8247	-21.432	24.1978	-2.82965
33	126	-21.6919	-21.242	24.0135	-2.83548
33	127	-21.5289	-21.0332	23.7956	-2.84179
33	128	-21.3431	-20.8181	23.5551	-2.84818
33	129	-21.2131	-20.6163	23.3728	-2.85484
33	130	-21.12	-20.4191	23.2283	-2.86185
33	131	-21.0503	-20.2197	23.1069	-2.86931
33	132	-20.9951	-20.0169	22.9999	-2.87716
33	133	-20.9501	-19.812	22.9036	-2.88528
33	134	-20.9136	-19.6074	22.8172	-2.89355
33	135	-20.8815	-19.4055	22.7373	-2.90181
33	136	-20.8557	-19.2043	22.6653	-2.91016
33	137	-20.832	-19.0048	22.5973	-2.91851
33	138	-20.8139	-18.8079	22.5368	-2.92686
33	139	-20.7984	-18.6113	22.4806	-2.93525
33	140	-20.7906	-18.4168	22.4339	-2.94367
33	141	-20.7881	-18.2235	22.3942	-2.95211
33	142	-20.793	-18.0338	22.3641	-2.96048
33	143	-20.8017	-17.851	22.3405	-2.9686
33	144	-20.8167	-17.6726	22.3252	-2.97659
33	145	-20.8335	-17.5004	22.3142	-2.98432
38	0	28.1044	-28.1715	30.4012	-0.484728
38	1	28.1038	-27.8747	30.2636	-0.476058
38	2	28.0915	-27.5765	30.117	-0.467445
38	3	28.0648	-27.2776	29.9596	-0.45894
38	4	28.023	-26.9811	29.7919	-0.450639
38	5	27.9676	-26.6897	29.6161	-0.442598
38	6	27.9055	-26.4429	29.4549	-0.435929
38	7	27.8385	-26.2312	29.3052	-0.430344
38	8	27.7642	-26.0453	29.1604	-0.425616
38	9	27.6778	-25.8793	29.0135	-0.421634
38	10	27.6044	-25.7143	28.8792	-0.417459
38	11	27.4943	-25.5894	28.728	-0.415039
38	12	27.3386	-25.4933	28.5467	-0.414159
38	13	27.1854	-25.3818	28.3617	-0.412732
38	14	27.0199	-25.2765	28.1679	-0.411664
38	15	26.8483	-25.1754	27.9702	-0.410808
38	16	26.6726	-25.076	27.7693	-0.410053
38	17	26.4937	-24.9763	27.5656	-0.409323
38	18	26.3133	-24.8773	27.3607	-0.408626
38	19	26.1308	-24.7778	27.1537	-0.407935
38	20	25.9453	-24.6771	26.9434	-0.407235
38	21	25.756	-24.5751	26.7293	-0.406536
38	22	25.563	-24.4724	26.5114	-0.405858
38	23	25.367	-24.3699	26.2908	-0.405219
38	24	25.1713	-24.2696	26.0714	-0.404643
38	25	24.9763	-24.1707	25.8533	-0.404098
38	26	24.7816	-24.0722	25.6356	-0.403548
38	27	24.5863	-23.9731	25.417	-0.402982
38	28	24.3891	-23.8739	25.1967	-0.402427
38	29	24.1893	-23.7757	24.9744	-0.401944
38	30	23.9868	-23.6814	24.7511	-0.401636
38	31	23.7823	-23.5943	24.5289	-0.40163
38	32	23.5762	-23.5195	24.31	-0.40211
38	33	23.3707	-23.4643	24.0993	-0.403342
38	34	23.1624	-23.4287	23.8937	-0.405394
38	35	22.95	-23.4081	23.6905	-0.408129
38	36	22.73	-23.404	23.487	-0.411686
38	37	22.5161	-23.4167	23.2964	-0.415859
38	38	22.3061	-23.4443	23.1156	-0.420622
38	39	22.098	-23.4872	22.9435	-0.426031
38	40	21.8911	-23.5443	22.7792	-0.43207
38	41	21.687	-23.6111	22.6223	-0.438529
38	42	21.4862	-23.6846	22.4722	-0.445282
38	43	21.2896	-23.7631	22.3291	-0.452246
38	44	21.0964	-23.8443	22.1914	-0.459344
38	45	20.9056	-23.9278	22.0579	-0.466574
38	46	20.7157	-24.0131	21.9273	-0.473944
38	47	20.528	-24.1035	21.8021	-0.481561
38	48	20.3423	-24.1982	21.6821	-0.489402
38	49	20.1608	-24.2994	21.5702	-0.497497
38	50	19.9833	-24.4042	21.465	-0.505732
38	51	19.8123	-24.5147	21.3697	-0.514134
38	52	19.6453	-24.6264	21.2799	-0.522562
38	53	19.4844	-24.7427	21.1994	-0.531106
38	54	19.3258	-24.8597	21.1226	-0.539686
38	55	19.1737	-24.9843	21.057	-0.548472
38	56	19.0269	-25.115	21.0007	-0.557427
38	57	18.8925	-25.2615	20.9651	-0.566749
38	58	18.7686	-25.4236	20.9486	-0.576452
38	59	18.6563	-25.6044	20.954	-0.58661
38	60	18.5651	-25.7869	20.98	-0.596259
38	61	18.4925	-25.9686	21.0229	-0.605352
38	62	18.4362	-26.153	21.0823	-0.614061
38	63	18.3863	-26.3374	21.1486	-0.622547
38	64	18.3472	-26.5231	21.2258	-0.630729
38	65	18.3083	-26.711	21.3059	-0.638931
38	66	18.2783	-26.9031	21.3971	-0.646972
38	67	18.25	-27.0972	21.4922	-0.654975
38	68	18.2284	-27.2978	21.5979	-0.662948
38	69	18.2088	-27.5026	21.7093	-0.67094
38	70	18.1972	-27.7095	21.8294	-0.678694
38	71	18.1898	-27.915	21.9532	-0.686191
38	72	18.1855	-28.123	22.0823	-0.693601
38	73	18.1822	-28.332	22.2141	-0.700933
38	74	18.1818	-28.5408	22.3489	-0.708082
38	75	18.1822	-28.7539	22.4884	-0.71527
38	76	18.1865	-28.9697	22.6338	-0.722344
38	77	18.1968	-29.1853	22.7846	-0.729142
38	78	18.2119	-29.4023	22.9409	-0.735758
38	79	18.2315	-29.6181	23.1007	-0.742115
38	80	18.2528	-29.8335	23.2625	-0.748319
38	81	18.277	-30.0484	23.4268	-0.754339
38	82	18.3062	-30.2625	23.5951	-0.760106
38	83	18.3429	-30.4749	23.7684	-0.765519
38	84	18.3923	-30.6836	23.9489	-0.770373
38	85	18.4557	-30.8892	24.1378	-0.774656
38	86	18.5352	-31.0918	24.3366	-0.77832
38	87	18.6326	-31.2911	24.5459	-0.781315
38	88	18.7427	-31.4656	24.747	-0.783188
38	89	18.8621	-31.6174	24.9387	-0.784124
38	90	18.9951	-31.7474	25.1247	-0.78405
38	91	19.1319	-31.8692	25.3076	-0.783641
38	92	19.2747	-31.9836	25.4895	-0.782864
38	93	19.4211	-32.0956	25.6723	-0.781936
38	94	19.5725	-32.2063	25.8577	-0.780848
38	95	19.7302	-32.3159	26.0469	-0.779573
38	96	19.8933	-32.4225	26.2379	-0.778095
38	97	20.0611	-32.5263	26.4303	-0.776435
38	98	20.233	-32.6261	26.6229	-0.774585
38	99	20.4061	-32.7244	26.8154	-0.772689
38	100	20.5805	-32.8192	27.0065	-0.770695
38	101	20.7542	-32.9136	27.1969	-0.768735
38	102	20.9281	-33.0059	27.3862	-0.766744
38	103	21.1016	-33.0974	27.5747	-0.764768
38	104	21.2753	-33.1867	27.7619	-0.762757
38	105	21.4531	-33.2774	27.9531	-0.760707
38	106	21.6339	-33.3687	28.1471	-0.75863
38	107	21.8165	-33.4593	28.342	-0.756517
38	108	21.9998	-33.5481	28.5364	-0.754372
38	109	22.1829	-33.6359	28.73	-0.752233
38	110	22.3667	-33.7207	28.9222	-0.750032
38	111	22.5533	-33.8041	29.1157	-0.74776
38	112	22.7435	-33.8886	29.3127	-0.745462
38	113	22.9366	-33.9746	29.5129	-0.743165
38	114	23.1326	-34.0586	29.7142	-0.740783
38	115	23.3314	-34.1373	29.9141	-0.738241
38	116	23.5323	-34.1954	30.102	-0.735176
38	117	23.7213	-34.199	30.2448	-0.731073
38	118	23.9114	-34.1481	30.3528	-0.725643
38	119	24.1072	-34.105	30.4711	-0.720319
38	120	24.3068	-34.04	30.5788	-0.714417
38	121	24.517	-33.9518	30.6805	-0.707756
38	122	24.746	-33.8356	30.7798	-0.700051
38	123	25.0027	-33.6843	30.8799	-0.690948
38	124	25.2544	-33.519	30.9699	-0.681654
38	125	25.498	-33.3396	31.0474	-0.672224
38	126	25.7307	-33.1487	31.1119	-0.662766
38	127	25.9531	-32.9493	31.166	-0.653333
38	128	26.1674	-32.7423	31.2117	-0.643891
38	129	26.3744	-32.5258	31.2487	-0.634373
38	130	26.572	-32.2979	31.2743	-0.62476
38	131	26.7569	-32.0597	31.2864	-0.615126
38	132	26.9286	-31.8146	31.2866	-0.605561
38	133	27.0893	-31.5649	31.278	-0.596075
38	134	27.2413	-31.3104	31.2623	-0.586607
38	135	27.3847	-31.0489	31.2384	-0.577092
38	136	27.5168	-30.7787	31.2031	-0.567529
38	137	27.6342	-30.5015	31.1546	-0.557998
38	138	27.7369	-30.2206	31.0943	-0.548586
38	139	27.8274	-29.9378	31.0254	-0.539288
38	140	27.9077	-29.6522	30.949	-0.530036
38	141	27.9772	-29.3617	30.8633	-0.520778
38	142	28.0325	-29.0657	30.7654	-0.511536
38	143	28.0712	-28.7667	30.654	-0.502415
38	144	28.0941	-28.4684	30.5316	-0.493488
39	0	-17.6276	-27.3684	23.0921	-2.52448
39	1	-17.6293	-27.1453	22.9651	-2.53245
39	2	-17.6349	-26.9217	22.8425	-2.54062
39	3	-17.6452	-26.6978	22.7253	-2.549
39	4	-17.6612	-26.4737	22.6142	-2.55762
39	5	-17.6823	-26.2461	22.5072	-2.56657
39	6	-17.7108	-26.0168	22.4073	-2.57585
39	7	-17.7486	-25.7884	22.3179	-2.5854
39	8	-17.7967	-25.5636	22.2411	-2.59512
39	9	-17.8543	-25.3442	22.1773	-2.60493
39	10	-17.9241	-25.1316	22.1297	-2.6148
39	11	-18.0102	-24.9277	22.1027	-2.62473
39	12	-18.1148	-24.7304	22.0973	-2.63483
39	13	-18.2385	-24.5371	22.1128	-2.64519
39	14	-18.3734	-24.3641	22.1501	-2.65495
39	15	-18.5196	-24.2129	22.2095	-2.66406
39	16	-18.679	-24.0794	22.2906	-2.67266
39	17	-18.8467	-23.9583	22.3862	-2.68087
39	18	-19.0201	-23.8452	22.4919	-2.6888
39	19	-19.1972	-23.7374	22.6047	-2.69652
39	20	-19.378	-23.6341	22.724	-2.70405
39	21	-19.5619	-23.5328	22.8483	-2.71147
39	22	-19.7501	-23.4342	22.9789	-2.71879
39	23	-19.943	-23.3396	23.1166	-2.72595
39	24	-20.1402	-23.2508	23.2617	-2.73286
39	25	-20.3393	-23.1678	23.4119	-2.73949
39	26	-20.5396	-23.0907	23.5665	-2.74583
39	27	-20.741	-23.0199	23.7255	-2.75185
39	28	-20.9438	-22.9567	23.8894	-2.75753
39	29	-21.1494	-22.9044	24.0608	-2.76275
39	30	-21.3605	-22.8658	24.2429	-2.76744
39	31	-21.5782	-22.8443	24.438	-2.77152
39	32	-21.8058	-22.8434	24.6499	-2.7749
39	33	-22.0305	-22.8633	24.8669	-2.77739
39	34	-22.252	-22.9024	25.0878	-2.77908
39	35	-22.4706	-22.9581	25.312	-2.78008
39	36	-22.6867	-23.0244	25.5376	-2.78064
39	37	-22.901	-23.0962	25.7635	-2.78097
39	38	-23.1146	-23.171	25.9897	-2.78118
39	39	-23.3283	-23.2501	26.2175	-2.78123
39	40	-23.5412	-23.3335	26.4462	-2.78112
39	41	-23.7521	-23.4203	26.6742	-2.78087
39	42	-23.9603	-23.5087	26.9002	-2.78052
39	43	-24.1661	-23.5971	27.1239	-2.78015
39	44	-24.3702	-23.6849	27.3459	-2.77979
39	45	-24.5735	-23.7724	27.567	-2.77943
39	46	-24.7759	-23.8607	27.7875	-2.77904
39	47	-24.9762	-23.9504	28.0067	-2.77858
39	48	-25.173	-24.0416	28.223	-2.77804
39	49	-25.3657	-24.133	28.4356	-2.77744
39	50	-25.554	-24.2246	28.6442	-2.7768
39	51	-25.7389	-24.3153	28.8493	-2.77614
39	52	-25.9202	-24.4067	29.0513	-2.77544
39	53	-26.0982	-24.499	29.2506	-2.77467
39	54	-26.2713	-24.5943	29.4464	-2.77376
39	55	-26.4415	-24.6879	29.6388	-2.77288
39	56	-26.6005	-24.7923	29.8248	-2.77153
39	57	-26.7571	-24.8921	30.0069	-2.77032
39	58	-26.8662	-25.0302	30.1588	-2.76736
39	59	-26.9666	-25.1931	30.312	-2.76357
39	60	-27.0342	-25.3795	30.444	-2.7587
39	61	-27.1068	-25.5786	30.5861	-2.75355
39	62	-27.1686	-25.8063	30.7301	-2.74745
39	63	-27.2305	-26.0704	30.8895	-2.74033
39	64	-27.2863	-26.3852	31.0649	-2.7317
39	65	-27.3254	-26.7047	31.2293	-2.72281
39	66	-27.3457	-27.0249	31.3794	-2.71375
39	67	-27.3502	-27.3431	31.5167	-2.70463
39	68	-27.3413	-27.6603	31.6443	-2.69543
39	69	-27.3182	-27.9785	31.7621	-2.68608
39	70	-27.2774	-28.2968	31.867	-2.67654
39	71	-27.2187	-28.611	31.9569	-2.66693
39	72	-27.1456	-28.919	32.0341	-2.65734
39	73	-27.061	-29.2224	32.102	-2.64775
39	74	-26.9642	-29.5234	32.1609	-2.63808
39	75	-26.8517	-29.8216	32.2078	-2.62828
39	76	-26.7222	-30.1132	32.2398	-2.61843
39	77	-26.5787	-30.3954	32.258	-2.60863
39	78	-26.4241	-30.6693	32.2655	-2.59888
39	79	-26.2582	-30.937	32.2633	-2.58912
39	80	-26.0787	-31.1983	32.2491	-2.5793
39	81	-25.8846	-31.4497	32.2206	-2.56949
39	82	-25.6789	-31.6891	32.1787	-2.55978
39	83	-25.4642	-31.9177	32.1264	-2.55016
39	84	-25.2402	-32.1375	32.0645	-2.54057
39	85	-25.0047	-32.3477	31.9907	-2.53099
39	86	-24.7582	-32.5452	31.9034	-2.52149
39	87	-24.5038	-32.7282	31.8041	-2.51216
39	88	-24.2783	-32.8729	31.7079	-2.50428
39	89	-24.0739	-32.9888	31.6133	-2.49749
39	90	-23.8827	-33.0831	31.5176	-2.49145
39	91	-23.6968	-33.1579	31.4155	-2.48598
39	92	-23.5114	-33.2068	31.2987	-2.48113
39	93	-23.3307	-33.2037	31.1542	-2.47765
39	94	-23.1408	-33.1485	30.9707	-2.47527
39	95	-22.9435	-33.1021	30.7871	-2.47249
39	96	-22.7454	-33.0426	30.5949	-2.47
39	97	-22.5469	-32.9766	30.3985	-2.46764
39	98	-22.3466	-32.907	30.1987	-2.4653
39	99	-22.1464	-32.8346	29.9973	-2.46301
39	100	-21.9446	-32.7599	29.7934	-2.46071
39	101	-21.7396	-32.6829	29.5857	-2.45837
39	102	-21.5305	-32.603	29.3732	-2.45598
39	103	-21.3203	-32.52	29.158	-2.45362
39	104	-21.1095	-32.434	28.9407	-2.45129
39	105	-20.9012	-32.3461	28.7241	-2.44903
39	106	-20.6944	-32.2573	28.5083	-2.4468
39	107	-20.4878	-32.1678	28.2924	-2.44455
39	108	-20.2804	-32.0766	28.0749	-2.44231
39	109	-20.0726	-31.9818	27.8549	-2.44011
39	110	-19.8658	-31.8825	27.6329	-2.43802
39	111	-19.6618	-31.7786	27.4102	-2.4361
39	112	-19.4614	-31.6713	27.1881	-2.43432
39	113	-19.2631	-31.5618	26.9663	-2.43263
39	114	-19.0683	-31.4477	26.7441	-2.43112
39	115	-18.8824	-31.3239	26.5225	-2.43009
39	116	-18.7095	-31.1845	26.3006	-2.42982
39	117	-18.549	-31.0278	26.0766	-2.43035
39	118	-18.4011	-30.8526	25.8503	-2.43175
39	119	-18.2781	-30.6718	25.6391	-2.43397
39	120	-18.1791	-30.4866	25.4437	-2.43697
39	121	-18.0994	-30.2986	25.2614	-2.44059
39	122	-18.0315	-30.107	25.0861	-2.44469
39	123	-17.9695	-29.9128	24.9141	-2.44907
39	124	-17.9116	-29.715	24.7436	-2.45373
39	125	-17.8567	-29.5129	24.5732	-2.45866
39	126	-17.8092	-29.3067	24.4065	-2.46399
39	127	-17.7698	-29.0978	24.2452	-2.46968
39	128	-17.7389	-28.8887	24.0913	-2.47567
39	129	-17.7115	-28.6765	23.9392	-2.48194
39	130	-17.6871	-28.4623	23.7891	-2.48842
39	131	-17.6654	-28.2463	23.6411	-2.49512
39	132	-17.6477	-28.0284	23.4963	-2.50207
39	133	-17.6354	-27.8092	23.3562	-2.50929
39	134	-17.6295	-27.5903	23.2228	-2.51674
43	0	23.8691	-38.1253	33.097	-0.816511
43	1	23.8942	-37.8255	32.8965	-0.809713
43	2	23.9049	-37.5245	32.6866	-0.803123
43	3	23.902	-37.2248	32.4696	-0.796779
43	4	23.8877	-36.927	32.2472	-0.79064
43	5	23.8631	-36.6297	32.0192	-0.784656
43	6	23.8272	-36.3321	31.7841	-0.778829
43	7	23.7771	-36.0356	31.5406	-0.773254
43	8	23.7187	-35.7828	31.3226	-0.768779
43	9	23.6504	-35.5652	31.1224	-0.76528
43	10	23.5805	-35.371	30.9376	-0.76232
43	11	23.4954	-35.1978	30.7564	-0.760157
43	12	23.4066	-35.0354	30.5803	-0.75831
43	13	23.2799	-34.9147	30.4053	-0.75829
43	14	23.1242	-34.8078	30.2188	-0.759268
43	15	22.957	-34.7114	30.0311	-0.760771
43	16	22.7857	-34.6115	29.8383	-0.762305
43	17	22.611	-34.5094	29.6414	-0.763885
43	18	22.4307	-34.4072	29.4406	-0.765612
43	19	22.2451	-34.3045	29.2356	-0.767481
43	20	22.0575	-34.2014	29.029	-0.769411
43	21	21.8683	-34.0973	28.8208	-0.771382
43	22	21.6759	-33.9944	28.6112	-0.773492
43	23	21.4824	-33.8925	28.4016	-0.775685
43	24	21.2879	-33.7884	28.1899	-0.777879
43	25	21.0924	-33.6861	27.9789	-0.780178
43	26	20.8959	-33.5864	27.7692	-0.782607
43	27	20.6993	-33.4887	27.561	-0.785121
43	28	20.5042	-33.3902	27.3534	-0.787616
43	29	20.3089	-33.293	27.1469	-0.790189
43	30	20.1124	-33.1974	26.9408	-0.792872
43	31	19.9143	-33.1029	26.7346	-0.795672
43	32	19.7153	-33.0091	26.5284	-0.798555
43	33	19.5157	-32.9178	26.3238	-0.801565
43	34	19.3162	-32.8272	26.1201	-0.804642
43	35	19.1173	-32.7392	25.9189	-0.807817
43	36	18.9182	-32.6564	25.7216	-0.811187
43	37	18.7172	-32.5837	25.5306	-0.814935
43	38	18.5151	-32.5296	25.353	-0.819271
43	39	18.3077	-32.4961	25.1872	-0.824378
43	40	18.0939	-32.4804	25.0309	-0.830225
43	41	17.8712	-32.485	24.8846	-0.836954
43	42	17.6578	-32.5094	24.7604	-0.844013
43	43	17.4526	-32.5547	24.6586	-0.851455
43	44	17.253	-32.6178	24.5753	-0.859257
43	45	17.0581	-32.6927	24.5055	-0.867276
43	46	16.8669	-32.7739	24.4446	-0.875389
43	47	16.6782	-32.8592	24.39	-0.88357
43	48	16.4916	-32.9478	24.3409	-0.891807
43	49	16.3063	-33.0392	24.2965	-0.900104
43	50	16.1224	-33.134	24.2573	-0.908472
43	51	15.9411	-33.2323	24.2242	-0.916872
43	52	15.7638	-33.3347	24.1985	-0.925257
43	53	15.5899	-33.4384	24.1775	-0.933582
43	54	15.4212	-33.5457	24.1642	-0.941838
43	55	15.2556	-33.6536	24.1549	-0.950009
43	56	15.0941	-33.7649	24.1523	-0.958129
43	57	14.934	-33.8776	24.1532	-0.966237
43	58	14.7792	-33.9981	24.1652	-0.974339
43	59	14.6282	-34.1241	24.1854	-0.982434
43	60	14.4887	-34.2654	24.2263	-0.990462
43	61	14.3576	-34.4192	24.2838	-0.998447
43	62	14.2386	-34.591	24.3645	-1.00637
43	63	14.1291	-34.7801	24.4665	-1.01429
43	64	14.04	-34.9724	24.5833	-1.0215
43	65	13.9684	-35.1684	24.7136	-1.02811
43	66	13.9133	-35.3708	24.859	-1.03421
43	67	13.8678	-35.5772	25.0136	-1.03999
43	68	13.8287	-35.7868	25.1749	-1.04555
43	69	13.7942	-35.9983	25.341	-1.05091
43	70	13.7648	-36.2108	25.5111	-1.05605
43	71	13.7416	-36.4242	25.6857	-1.06092
43	72	13.7239	-36.6363	25.8624	-1.06553
43	73	13.7095	-36.8453	26.0387	-1.06989
43	74	13.6998	-37.0542	26.2175	-1.07404
43	75	13.6934	-37.2623	26.3976	-1.07801
43	76	13.6899	-37.4692	26.5784	-1.08182
43	77	13.6891	-37.6743	26.7593	-1.08544
43	78	13.6943	-37.8812	26.9448	-1.08885
43	79	13.7055	-38.0876	27.133	-1.09201
43	80	13.7213	-38.2916	27.3215	-1.09494
43	81	13.7397	-38.492	27.5082	-1.09768
43	82	13.7597	-38.6881	27.6919	-1.10026
43	83	13.7826	-38.8835	27.8766	-1.10271
43	84	13.8092	-39.0771	28.0614	-1.10498
43	85	13.8376	-39.2681	28.2449	-1.10712
43	86	13.8731	-39.4593	28.4318	-1.10901
43	87	13.913	-39.6487	28.6192	-1.11071
43	88	13.9585	-39.834	28.8055	-1.11215
43	89	14.0058	-40.0146	28.9884	-1.11344
43	90	14.0598	-40.1922	29.1715	-1.11447
43	91	14.1168	-40.3665	29.3531	-1.11534
43	92	14.1773	-40.537	29.5329	-1.11604
43	93	14.2415	-40.704	29.7112	-1.11657
43	94	14.307	-40.8708	29.8897	-1.11705
43	95	14.3863	-41.0317	30.0691	-1.11703
43	96	14.4717	-41.1887	30.2477	-1.11677
43	97	14.5831	-41.3343	30.4274	-1.11557
43	98	14.7037	-41.4791	30.6105	-1.11412
43	99	14.8339	-41.5989	30.7755	-1.11204
43	100	14.9617	-41.7098	30.9316	-1.10992
43	101	15.0998	-41.796	31.0703	-1.10717
43	102	15.2408	-41.8736	31.2029	-1.10424
43	103	15.3875	-41.94	31.3284	-1.10101
43	104	15.5369	-42.003	31.4524	-1.09768
43	105	15.6896	-42.0646	31.577	-1.09427
43	106	15.8464	-42.1236	31.7015	-1.09073
43	107	16.0084	-42.1785	31.8253	-1.08701
43	108	16.1751	-42.2322	31.9506	-1.08317
43	109	16.3476	-42.2816	32.0753	-1.07914
43	110	16.5248	-42.3291	32.2011	-1.07499
43	111	16.7063	-42.3739	32.3272	-1.07071
43	112	16.8912	-42.4162	32.4533	-1.06633
43	113	17.0794	-42.4555	32.5789	-1.06186
43	114	17.2691	-42.4925	32.704	-1.05735
43	115	17.4607	-42.5289	32.8302	-1.0528
43	116	17.6538	-42.5622	32.955	-1.04822
43	117	17.8488	-42.5929	33.0793	-1.04357
43	118	18.0463	-42.6186	33.2013	-1.03882
43	119	18.2453	-42.6423	33.3231	-1.03403
43	120	18.4457	-42.661	33.442	-1.02917
43	121	18.6466	-42.679	33.5613	-1.02432
43	122	18.8485	-42.6937	33.6792	-1.01942
43	123	19.0519	-42.7084	33.7988	-1.01452
43	124	19.2579	-42.7207	33.9184	-1.00956
43	125	19.467	-42.7318	34.0395	-1.00453
43	126	19.679	-42.7394	34.1601	-0.999411
43	127	19.8931	-42.7443	34.2805	-0.994234
43	128	20.1086	-42.7463	34.4001	-0.989016
43	129	20.325	-42.7484	34.5212	-0.983812
43	130	20.5428	-42.7497	34.6434	-0.978598
43	131	20.7626	-42.7488	34.7658	-0.973337
43	132	20.9852	-42.7462	34.8894	-0.96802
43	133	21.209	-42.7344	35.0071	-0.962564
43	134	21.4066	-42.6784	35.0745	-0.957027
43	135	21.5884	-42.5731	35.0938	-0.951066
43	136	21.7601	-42.447	35.0916	-0.944993
43	137	21.9283	-42.303	35.0741	-0.938702
43	138	22.0976	-42.1366	35.0407	-0.931999
43	139	22.2709	-41.9408	34.9877	-0.924686
43	140	22.4546	-41.707	34.9128	-0.916451
43	141	22.6305	-41.466	34.8299	-0.908233
43	142	22.7984	-41.217	34.7379	-0.900014
43	143	22.9555	-40.9594	34.635	-0.891838
43	144	23.0998	-40.6952	34.5212	-0.883777
43	145	23.2323	-40.4269	34.3988	-0.875853
43	146	23.3548	-40.1547	34.2692	-0.868021
43	147	23.4676	-39.8769	34.1312	-0.860238
43	148	23.5685	-39.5921	33.9821	-0.852522
43	149	23.6544	-39.3017	33.821	-0.844957
43	150	23.7252	-39.009	33.6499	-0.83761
43	151	23.7834	-38.716	33.472	-0.83046
43	152	23.8314	-38.422	33.2882	-0.823439
44	0	-13.4771	-37.8417	27.9953	-2.12288
44	1	-13.4611	-37.6335	27.8098	-2.12631
44	2	-13.4473	-37.4261	27.6265	-2.12985
44	3	-13.4382	-37.2202	27.4473	-2.13354
44	4	-13.4346	-37.0125	27.2699	-2.1375
44	5	-13.4399	-36.805	27.098	-2.14177
44	6	-13.4498	-36.5996	26.9308	-2.14621
44	7	-13.4668	-36.3974	26.7707	-2.15085
44	8	-13.4852	-36.1982	26.6144	-2.15553
44	9	-13.5098	-36.0019	26.4646	-2.1604
44	10	-13.5364	-35.8057	26.3166	-2.16539
44	11	-13.5721	-35.6101	26.175	-2.1707
44	12	-13.6144	-35.4151	26.0383	-2.17627
44	13	-13.6717	-35.2235	25.9139	-2.18229
44	14	-13.7429	-35.0347	25.8007	-2.18876
44	15	-13.8319	-34.848	25.7007	-2.19579
44	16	-13.9393	-34.6622	25.6137	-2.20343
44	17	-14.0566	-34.4908	25.5456	-2.2111
44	18	-14.1829	-34.3291	25.492	-2.21887
44	19	-14.3205	-34.1762	25.454	-2.2268
44	20	-14.4695	-34.029	25.4292	-2.23497
44	21	-14.625	-33.8864	25.4136	-2.24325
44	22	-14.7847	-33.7469	25.4048	-2.25159
44	23	-14.949	-33.6123	25.4045	-2.25995
44	24	-15.115	-33.4823	25.4106	-2.26825
44	25	-15.2816	-33.3576	25.4229	-2.27642
44	26	-15.4495	-33.2364	25.4403	-2.28453
44	27	-15.619	-33.1199	25.464	-2.29256
44	28	-15.7876	-33.0048	25.4898	-2.30051
44	29	-15.957	-32.8947	25.5215	-2.30833
44	30	-16.1295	-32.7871	25.5586	-2.31616
44	31	-16.3059	-32.6871	25.6056	-2.32387
44	32	-16.4823	-32.5918	25.6574	-2.33143
44	33	-16.6589	-32.5042	25.7164	-2.33875
44	34	-16.8332	-32.4204	25.7778	-2.34587
44	35	-17.0068	-32.3426	25.8443	-2.35278
44	36	-17.1795	-32.2678	25.9135	-2.35954
44	37	-17.3556	-32.2015	25.9923	-2.36612
44	38	-17.5367	-32.146	26.0833	-2.3725
44	39	-17.7285	-32.1047	26.1929	-2.37873
44	40	-17.9309	-32.0792	26.3221	-2.38474
44	41	-18.1252	-32.07	26.4574	-2.39004
44	42	-18.3106	-32.0836	26.6024	-2.39442
44	43	-18.4918	-32.108	26.7521	-2.39836
44	44	-18.669	-32.1494	26.9107	-2.40168
44	45	-18.846	-32.1926	27.0708	-2.40491
44	46	-19.0224	-32.2442	27.2362	-2.40786
44	47	-19.2016	-32.2967	27.4045	-2.41081
44	48	-19.3816	-32.3545	27.5772	-2.41361
44	49	-19.5636	-32.4156	27.7539	-2.41633
44	50	-19.7477	-32.4803	27.9346	-2.41897
44	51	-19.9333	-32.548	28.1188	-2.42153
44	52	-20.1198	-32.6178	28.3051	-2.42402
44	53	-20.3056	-32.6899	28.4926	-2.4264
44	54	-20.4902	-32.7625	28.6796	-2.42871
44	55	-20.6721	-32.8368	28.8659	-2.43088
44	56	-20.8577	-32.9118	29.0555	-2.43309
44	57	-21.0459	-32.989	29.2487	-2.43528
44	58	-21.2367	-33.0676	29.445	-2.43745
44	59	-21.4289	-33.1481	29.6437	-2.43958
44	60	-21.6219	-33.2293	29.8435	-2.44168
44	61	-21.8145	-33.3109	30.0434	-2.44373
44	62	-22.0047	-33.3956	30.2437	-2.44562
44	63	-22.1977	-33.4805	30.4462	-2.44755
44	64	-22.3932	-33.566	30.6513	-2.44948
44	65	-22.59	-33.6547	30.8595	-2.45134
44	66	-22.7873	-33.747	31.0704	-2.45309
44	67	-22.9765	-33.8519	31.2831	-2.45435
44	68	-23.1214	-33.9868	31.4808	-2.45396
44	69	-23.2309	-34.1589	31.6747	-2.45195
44	70	-23.3216	-34.3466	31.8642	-2.44922
44	71	-23.4016	-34.5497	32.0557	-2.44593
44	72	-23.4738	-34.7744	32.2553	-2.44202
44	73	-23.54	-35.0297	32.4707	-2.43732
44	74	-23.6019	-35.3268	32.7108	-2.43162
44	75	-23.6544	-35.6276	32.9472	-2.42574
44	76	-23.6951	-35.9327	33.1788	-2.4196
44	77	-23.7212	-36.2402	33.4023	-2.41321
44	78	-23.7328	-36.5469	33.6158	-2.40663
44	79	-23.7325	-36.8516	33.8207	-2.39994
44	80	-23.722	-37.1558	34.0192	-2.39314
44	81	-23.7002	-37.4608	34.2116	-2.38617
44	82	-23.6645	-37.7662	34.3958	-2.379
44	83	-23.614	-38.069	34.5695	-2.37166
44	84	-23.551	-38.3671	34.7327	-2.36423
44	85	-23.4784	-38.6611	34.8881	-2.35676
44	86	-23.3966	-38.9529	35.0374	-2.34922
44	87	-23.3037	-39.2433	35.1801	-2.34155
44	88	-23.1973	-39.5309	35.3133	-2.33371
44	89	-23.0776	-39.8126	35.4353	-2.32578
44	90	-22.947	-40.0873	35.5471	-2.3178
44	91	-22.8075	-40.3564	35.6509	-2.3098
44	92	-22.6584	-40.6213	35.7474	-2.30173
44	93	-22.4979	-40.8815	35.8351	-2.29355
44	94	-22.3251	-41.1341	35.9116	-2.28529
44	95	-22.142	-41.3769	35.9762	-2.27702
44	96	-21.9756	-41.5748	36.0197	-2.26994
44	97	-21.8213	-41.7386	36.0465	-2.26374
44	98	-21.6733	-41.8762	36.0583	-2.25814
44	99	-21.528	-41.9925	36.0565	-2.25298
44	100	-21.3782	-42.0893	36.0377	-2.24806
44	101	-21.2365	-42.195	36.0317	-2.24316
44	102	-21.0814	-42.2499	35.9784	-2.23883
44	103	-20.9003	-42.261	35.8752	-2.23468
44	104	-20.7149	-42.2853	35.7805	-2.23018
44	105	-20.5254	-42.2985	35.6752	-2.22576
44	106	-20.3343	-42.3082	35.5668	-2.22133
44	107	-20.1413	-42.3157	35.4562	-2.21687
44	108	-19.9476	-42.3213	35.3445	-2.2124
44	109	-19.7524	-42.3253	35.2312	-2.20789
44	110	-19.5545	-42.327	35.1151	-2.20333
44	111	-19.3549	-42.3276	34.998	-2.19872
44	112	-19.1527	-42.3242	34.8769	-2.19409
44	113	-18.9497	-42.3183	34.754	-2.18945
44	114	-18.7462	-42.3071	34.6272	-2.18484
44	115	-18.5421	-42.2941	34.4993	-2.18023
44	116	-18.3372	-42.2781	34.3693	-2.1756
44	117	-18.1323	-42.2616	34.2396	-2.17096
44	118	-17.9259	-42.2432	34.1082	-2.16626
44	119	-17.7184	-42.2229	33.9754	-2.16154
44	120	-17.509	-42.1991	33.8394	-2.1568
44	121	-17.2977	-42.1723	33.7006	-2.15201
44	122	-17.0846	-42.1424	33.559	-2.1472
44	123	-16.87	-42.1104	33.4156	-2.14233
44	124	-16.6545	-42.0768	33.2711	-2.13743
44	125	-16.4364	-42.0424	33.1255	-2.13243
44	126	-16.2165	-42.0049	32.977	-2.1274
44	127	-15.994	-41.9636	32.8249	-2.12231
44	128	-15.7708	-41.9162	32.6679	-2.11725
44	129	-15.5477	-41.864	32.5079	-2.11222
44	130	-15.3297	-41.8019	32.3427	-2.10743
44	131	-15.1198	-41.7335	32.1769	-2.10291
44	132	-14.9397	-41.6468	32.011	-2.09943
44	133	-14.7629	-41.5557	31.8434	-2.09608
44	134	-14.6063	-41.4311	31.657	-2.09378
44	135	-14.4665	-41.306	31.4789	-2.09192
44	136	-14.3592	-41.1491	31.2895	-2.09144
44	137	-14.2576	-40.9718	31.0851	-2.09144
44	138	-14.172	-40.769	30.8666	-2.0923
44	139	-14.0872	-40.5644	30.647	-2.09323
44	140	-14.011	-40.3549	30.4274	-2.09449
44	141	-13.9396	-40.1441	30.2092	-2.09594
44	142	-13.8755	-39.9328	29.9942	-2.09762
44	143	-13.8156	-39.7229	29.7828	-2.09942
44	144	-13.761	-39.5134	29.5744	-2.1014
44	145	-13.7099	-39.3047	29.3686	-2.1035
44	146	-13.662	-39.0969	29.1653	-2.1057
44	147	-13.6193	-38.8868	28.9628	-2.10813
44	148	-13.582	-38.6758	28.7626	-2.11077
44	149	-13.5495	-38.4658	28.5659	-2.11357
44	150	-13.5206	-38.2587	28.3738	-2.11647
44	151	-13.497	-38.0503	28.1835	-2.11959
48	0	22.2883	-45.2969	37.7312	-0.977897
48	1	22.2169	-45.009	37.4526	-0.975182
48	2	22.1329	-44.7225	37.1685	-0.972729
48	3	22.0342	-44.4393	36.879	-0.970616
48	4	21.9369	-44.2023	36.6285	-0.969155
48	5	21.8397	-44.003	36.4091	-0.968258
48	6	21.7411	-43.833	36.2132	-0.96784
48	7	21.6388	-43.685	36.0333	-0.96785
48	8	21.5284	-43.5541	35.8629	-0.968314
48	9	21.3943	-43.472	35.7193	-0.970106
48	10	21.2316	-43.4385	35.5999	-0.973345
48	11	21.0556	-43.428	35.4925	-0.977276
48	12	20.8761	-43.4122	35.3792	-0.981234
48	13	20.6926	-43.3995	35.267	-0.985359
48	14	20.5053	-43.3866	35.1531	-0.989598
48	15	20.314	-43.3736	35.0375	-0.993955
48	16	20.1193	-43.3606	34.9208	-0.998425
48	17	19.9223	-43.348	34.8039	-1.00299
48	18	19.7245	-43.3355	34.6873	-1.0076
48	19	19.5268	-43.3247	34.573	-1.01227
48	20	19.3296	-43.3129	34.4588	-1.01694
48	21	19.1327	-43.2989	34.3437	-1.0216
48	22	18.935	-43.2873	34.231	-1.02635
48	23	18.7367	-43.2734	34.1168	-1.03112
48	24	18.5382	-43.2556	33.9999	-1.03585
48	25	18.3405	-43.2367	33.8832	-1.04059
48	26	18.1441	-43.222	33.7717	-1.04539
48	27	17.9503	-43.2061	33.6611	-1.05013
48	28	17.7596	-43.186	33.5492	-1.05476
48	29	17.5717	-43.1609	33.435	-1.05928
48	30	17.3829	-43.1277	33.3139	-1.06374
48	31	17.1924	-43.09	33.1888	-1.0682
48	32	16.9994	-43.0552	33.0656	-1.07281
48	33	16.8055	-43.0182	32.9409	-1.07744
48	34	16.6115	-42.9791	32.815	-1.08209
48	35	16.4165	-42.9426	32.6915	-1.08683
48	36	16.221	-42.904	32.5667	-1.09159
48	37	16.0243	-42.8642	32.4411	-1.09641
48	38	15.8255	-42.8262	32.3169	-1.10134
48	39	15.6255	-42.7898	32.1943	-1.10637
48	40	15.4251	-42.7573	32.076	-1.1115
48	41	15.2258	-42.7293	31.9629	-1.1167
48	42	15.0283	-42.7101	31.8595	-1.12201
48	43	14.8336	-42.7103	31.7757	-1.12753
48	44	14.641	-42.7394	31.72	-1.13341
48	45	14.4486	-42.796	31.6904	-1.13967
48	46	14.2539	-42.8759	31.6823	-1.1463
48	47	14.0719	-42.9721	31.6956	-1.15279
48	48	13.8995	-43.0841	31.7286	-1.15918
48	49	13.7373	-43.2125	31.782	-1.16548
48	50	13.585	-43.3584	31.8567	-1.17168
48	51	13.4445	-43.5173	31.9491	-1.17766
48	52	13.3169	-43.6872	32.0576	-1.18337
48	53	13.2055	-43.8679	32.1834	-1.1887
48	54	13.1137	-44.0628	32.3303	-1.19358
48	55	13.0403	-44.2736	32.4996	-1.19807
48	56	12.9899	-44.4805	32.6742	-1.20181
48	57	12.9592	-44.6861	32.855	-1.20494
48	58	12.9438	-44.8917	33.0416	-1.2076
48	59	12.9382	-45.0991	33.2336	-1.20998
48	60	12.9388	-45.3086	33.4299	-1.21217
48	61	12.9441	-45.52	33.6297	-1.21423
48	62	12.9536	-45.732	33.8318	-1.21615
48	63	12.9665	-45.9437	34.0348	-1.21796
48	64	12.9813	-46.1549	34.2382	-1.21968
48	65	12.997	-46.3661	34.4421	-1.22136
48	66	13.0137	-46.5785	34.6473	-1.22301
48	67	13.0322	-46.7929	34.8552	-1.22461
48	68	13.0544	-47.0079	35.065	-1.22609
48	69	13.0813	-47.2223	35.276	-1.22743
48	70	13.1126	-47.4346	35.4865	-1.22861
48	71	13.147	-47.6441	35.6954	-1.22967
48	72	13.1827	-47.8509	35.9022	-1.23066
48	73	13.2186	-48.0562	36.1077	-1.23162
48	74	13.2547	-48.2614	36.3133	-1.23257
48	75	13.2916	-48.4677	36.5201	-1.23349
48	76	13.3305	-48.6754	36.729	-1.23436
48	77	13.3727	-48.8839	36.9397	-1.23515
48	78	13.4182	-49.0919	37.1511	-1.23583
48	79	13.4661	-49.2983	37.3618	-1.23644
48	80	13.5151	-49.503	37.5713	-1.23699
48	81	13.5644	-49.7069	37.7801	-1.23753
48	82	13.614	-49.9111	37.9893	-1.23805
48	83	13.6646	-50.1167	38.2001	-1.23856
48	84	13.7174	-50.3238	38.4131	-1.23902
48	85	13.7733	-50.5317	38.6279	-1.2394
48	86	13.8325	-50.7394	38.8435	-1.2397
48	87	13.8943	-50.9458	39.0589	-1.23992
48	88	13.9577	-51.1512	39.2737	-1.2401
48	89	14.0222	-51.3552	39.4876	-1.24023
48	90	14.0869	-51.5598	39.7022	-1.24036
48	91	14.1528	-51.7655	39.9181	-1.24047
48	92	14.2226	-51.9719	40.1359	-1.24049
48	93	14.2971	-52.177	40.3541	-1.2404
48	94	14.3768	-52.3788	40.5708	-1.24015
48	95	14.4641	-52.5757	40.7855	-1.23969
48	96	14.5896	-52.7236	40.9661	-1.23797
48	97	14.7592	-52.8247	41.1174	-1.23488
48	98	14.9408	-52.9072	41.2553	-1.23138
48	99	15.1364	-52.9774	41.387	-1.22749
48	100	15.3522	-53.0346	41.5138	-1.22306
48	101	15.5971	-53.0786	41.6393	-1.21789
48	102	15.8818	-53.1093	41.7673	-1.21174
48	103	16.1713	-53.1258	41.8853	-1.20541
48	104	16.4636	-53.1246	41.9895	-1.1989
48	105	16.7547	-53.1047	42.0777	-1.19228
48	106	17.0418	-53.0695	42.152	-1.18564
48	107	17.3254	-53.0226	42.216	-1.179
48	108	17.6073	-52.965	42.2714	-1.17232
48	109	17.8884	-52.8948	42.3167	-1.16555
48	110	18.1667	-52.8094	42.3489	-1.15872
48	111	18.4394	-52.7093	42.3674	-1.15187
48	112	18.7055	-52.5974	42.3744	-1.14506
48	113	18.9665	-52.4762	42.3727	-1.13827
48	114	19.224	-52.3449	42.3625	-1.13145
48	115	19.4777	-52.2007	42.3409	-1.12458
48	116	19.7244	-52.0407	42.304	-1.11769
48	117	19.9604	-51.8662	42.2515	-1.11086
48	118	20.1853	-51.6812	42.1865	-1.10414
48	119	20.4014	-51.4883	42.1124	-1.09749
48	120	20.6107	-51.2871	42.0296	-1.09088
48	121	20.8122	-51.075	41.9354	-1.08428
48	122	21.0034	-50.8518	41.8284	-1.07774
48	123	21.1824	-50.6194	41.7092	-1.07133
48	124	21.3497	-50.3808	41.5807	-1.06505
48	125	21.5077	-50.1367	41.4445	-1.05886
48	126	21.6571	-49.8858	41.2997	-1.05273
48	127	21.7964	-49.6263	41.1441	-1.04666
48	128	21.9227	-49.3587	40.9763	-1.04073
48	129	22.0347	-49.0858	40.7982	-1.03497
48	130	22.1343	-48.8099	40.6124	-1.0294
48	131	22.2233	-48.5304	40.4193	-1.02395
48	132	22.3014	-48.2453	40.217	-1.0186
48	133	22.3653	-47.9533	40.0025	-1.01341
48	134	22.4115	-47.6567	39.7757	-1.00848
48	135	22.4401	-47.3597	39.5401	-1.00387
48	136	22.4547	-47.0645	39.2992	-0.999519
48	137	22.4584	-46.7701	39.054	-0.995363
48	138	22.4514	-46.4746	38.8026	-0.99137
48	139	22.4317	-46.1776	38.5435	-0.987579
48	140	22.3972	-45.8809	38.2771	-0.984062
48	141	22.3487	-45.5871	38.0058	-0.980846
49	0	-13.7558	-46.3614	35.6474	-2.00391
49	1	-13.7363	-46.1599	35.4564	-2.00579
49	2	-13.7175	-45.9587	35.266	-2.00771
49	3	-13.6989	-45.7568	35.0754	-2.00967
49	4	-13.6809	-45.5535	34.8837	-2.01168
49	5	-13.6642	-45.3484	34.6912	-2.01377
49	6	-13.6498	-45.1417	34.4984	-2.01596
49	7	-13.6378	-44.9343	34.3061	-2.01825
49	8	-13.628	-44.7269	34.1149	-2.02062
49	9	-13.6197	-44.5195	33.9247	-2.02306
49	10	-13.6132	-44.3117	33.735	-2.02557
49	11	-13.6105	-44.1041	33.5474	-2.02822
49	12	-13.6164	-43.8965	33.364	-2.03113
49	13	-13.6396	-43.7147	33.2116	-2.03418
49	14	-13.6795	-43.5337	33.0676	-2.03771
49	15	-13.7373	-43.3538	32.9333	-2.04174
49	16	-13.8162	-43.173	32.8084	-2.04638
49	17	-13.9145	-42.9952	32.6957	-2.05154
49	18	-14.0231	-42.8461	32.6142	-2.05661
49	19	-14.1444	-42.7291	32.5678	-2.06158
49	20	-14.2959	-42.6326	32.5545	-2.06708
49	21	-14.4484	-42.5641	32.5673	-2.0722
49	22	-14.5997	-42.5297	32.6103	-2.07678
49	23	-14.75	-42.5169	32.6722	-2.08099
49	24	-14.8985	-42.5191	32.7469	-2.08491
49	25	-15.0624	-42.5314	32.8384	-2.08907
49	26	-15.2265	-42.5471	32.9337	-2.09317
49	27	-15.3909	-42.5641	33.0308	-2.09722
49	28	-15.557	-42.5814	33.1294	-2.1013
49	29	-15.7249	-42.5988	33.2296	-2.10539
49	30	-15.8944	-42.6167	33.3317	-2.10949
49	31	-16.0652	-42.6359	33.436	-2.11358
49	32	-16.2357	-42.6597	33.5447	-2.11757
49	33	-16.4088	-42.6825	33.6545	-2.12161
49	34	-16.5841	-42.702	33.7631	-2.12573
49	35	-16.7605	-42.7203	33.8719	-2.12987
49	36	-16.9371	-42.743	33.9852	-2.13392
49	37	-17.1143	-42.7641	34.0979	-2.13799
49	38	-17.2921	-42.7816	34.2084	-2.1421
49	39	-17.4699	-42.798	34.3187	-2.1462
49	40	-17.6461	-42.8209	34.434	-2.15013
49	41	-17.8245	-42.8406	34.5485	-2.15414
49	42	-18.0042	-42.8551	34.6598	-2.15823
49	43	-18.1838	-42.8671	34.7696	-2.16234
49	44	-18.3621	-42.8829	34.8824	-2.16633
49	45	-18.5393	-42.8955	34.9925	-2.17032
49	46	-18.7154	-42.9027	35.0982	-2.17435
49	47	-18.8902	-42.9083	35.2023	-2.17835
49	48	-19.0677	-42.9155	35.3098	-2.18236
49	49	-19.2474	-42.92	35.417	-2.18644
49	50	-19.4284	-42.9223	35.5237	-2.19056
49	51	-19.6095	-42.9273	35.6332	-2.19462
49	52	-19.7897	-42.9321	35.7427	-2.19863
49	53	-19.968	-42.9413	35.8551	-2.2025
49	54	-20.1472	-42.9451	35.9643	-2.20646
49	55	-20.3273	-42.9411	36.0683	-2.21055
49	56	-20.508	-42.9304	36.1679	-2.21473
49	57	-20.689	-42.9165	36.2657	-2.21895
49	58	-20.872	-42.9077	36.3696	-2.22311
49	59	-21.0408	-42.9367	36.4952	-2.2263
49	60	-21.1731	-43.0032	36.6287	-2.22806
49	61	-21.2828	-43.1103	36.7805	-2.22864
49	62	-21.374	-43.2386	36.9378	-2.22847
49	63	-21.4533	-43.3843	37.1015	-2.22776
49	64	-21.5249	-43.5505	37.2769	-2.22656
49	65	-21.5916	-43.7432	37.4703	-2.22484
49	66	-21.6552	-43.9692	37.6886	-2.22253
49	67	-21.7177	-44.2366	37.9392	-2.21956
49	68	-21.7695	-44.505	38.1845	-2.2164
49	69	-21.812	-44.7736	38.4249	-2.21307
49	70	-21.8457	-45.0433	38.6612	-2.20959
49	71	-21.8696	-45.3149	38.8938	-2.20592
49	72	-21.8816	-45.5882	39.1212	-2.20203
49	73	-21.8806	-45.8612	39.3414	-2.19791
49	74	-21.8675	-46.1317	39.5531	-2.19363
49	75	-21.8447	-46.3991	39.7574	-2.18924
49	76	-21.8139	-46.6643	39.956	-2.18476
49	77	-21.7747	-46.9289	40.1501	-2.18017
49	78	-21.7251	-47.1934	40.339	-2.17541
49	79	-21.6622	-47.4568	40.5205	-2.17043
49	80	-21.5848	-47.7164	40.6917	-2.16527
49	81	-21.4944	-47.9697	40.8515	-2.15996
49	82	-21.3935	-48.2163	41.0011	-2.15457
49	83	-21.2837	-48.4576	41.1425	-2.14911
49	84	-21.1646	-48.6947	41.2766	-2.14355
49	85	-21.0343	-48.9276	41.4024	-2.13786
49	86	-20.8913	-49.1544	41.5175	-2.13202
49	87	-20.7362	-49.3724	41.6202	-2.12608
49	88	-20.5715	-49.5805	41.711	-2.12009
49	89	-20.3995	-49.7797	41.7919	-2.1141
49	90	-20.221	-49.9716	41.8646	-2.10808
49	91	-20.0359	-50.1581	41.9308	-2.10201
49	92	-19.8419	-50.338	41.9886	-2.09585
49	93	-19.6376	-50.5089	42.0348	-2.08961
49	94	-19.4237	-50.6679	42.0677	-2.08332
49	95	-19.2026	-50.8145	42.0878	-2.07703
49	96	-18.9767	-50.95	42.0976	-2.07078
49	97	-18.7464	-51.0766	42.0991	-2.06454
49	98	-18.5106	-51.1947	42.0922	-2.05827
49	99	-18.2681	-51.3028	42.0749	-2.05198
49	100	-18.0189	-51.3982	42.0451	-2.04567
49	101	-17.765	-51.4795	42.0021	-2.03941
49	102	-17.5087	-51.5475	41.9477	-2.03323
49	103	-17.2511	-51.6044	41.8845	-2.02712
49	104	-16.9916	-51.6517	41.8134	-2.02105
49	105	-16.7293	-51.6887	41.7333	-2.015
49	106	-16.4637	-51.7131	41.642	-2.00899
49	107	-16.1966	-51.722	41.5375	-2.00308
49	108	-15.9666	-51.712	41.4324	-1.99814
49	109	-15.7662	-51.6839	41.3242	-1.99401
49	110	-15.5886	-51.6396	41.2111	-1.99052
49	111	-15.4273	-51.581	41.0921	-1.98752
49	112	-15.2772	-51.5092	40.9658	-1.98488
49	113	-15.1385	-51.42	40.8284	-1.98264
49	114	-15.0332	-51.2909	40.668	-1.98154
49	115	-14.9565	-51.1202	40.4809	-1.98149
49	116	-14.8847	-50.947	40.2934	-1.98157
49	117	-14.8128	-50.7736	40.1057	-1.98166
49	118	-14.7405	-50.5986	39.9164	-1.98175
49	119	-14.6684	-50.4211	39.7249	-1.98187
49	120	-14.598	-50.2406	39.5313	-1.98206
49	121	-14.5304	-50.057	39.336	-1.98235
49	122	-14.4666	-49.8708	39.1399	-1.98276
49	123	-14.4067	-49.683	38.9438	-1.98328
49	124	-14.3504	-49.4951	38.7491	-1.98389
49	125	-14.2968	-49.3071	38.5554	-1.98458
49	126	-14.245	-49.1183	38.3617	-1.98532
49	127	-14.195	-48.9281	38.1674	-1.98613
49	128	-14.1471	-48.7357	37.9721	-1.98702
49	129	-14.1024	-48.5411	37.7761	-1.98802
49	130	-14.0615	-48.3452	37.5804	-1.98914
49	131	-14.0241	-48.1489	37.386	-1.99036
49	132	-13.9895	-47.953	37.193	-1.99165
49	133	-13.9563	-47.7576	37.001	-1.99299
49	134	-13.9234	-47.562	36.8091	-1.99435
49	135	-13.8907	-47.3651	36.6162	-1.99575
49	136	-13.8588	-47.167	36.4226	-1.99719
49	137	-13.8287	-46.9671	36.2283	-1.99872
49	138	-13.8013	-46.7656	36.0337	-2.00035
49	139	-13.7772	-46.5635	35.8398	-2.00208
