# CellID	NodeIndex	X	Y	R	Theta
8	0	50.7066	-4.74432	51.0553	0.19227
8	1	50.8329	-4.52109	51.2223	0.196076
8	2	50.9459	-4.28935	51.3787	0.200072
8	3	51.0443	-4.05124	51.5229	0.204221
8	4	51.1289	-3.80904	51.6553	0.208481
8	5	51.2014	-3.56378	51.7775	0.212825
8	6	51.2631	-3.31512	51.8909	0.217258
8	7	51.3138	-3.06207	51.9955	0.2218
8	8	51.352	-2.80411	52.09	0.22647
8	9	51.3756	-2.54214	52.1725	0.231261
8	10	51.3839	-2.27835	52.2417	0.23614
8	11	51.3781	-2.01473	52.2983	0.241066
8	12	51.3601	-1.75183	52.3443	0.246026
8	13	51.3313	-1.48888	52.3809	0.251029
8	14	51.291	-1.22488	52.4082	0.256099
8	15	51.2375	-0.959768	52.4243	0.26125
8	16	51.1691	-0.695079	52.4273	0.266464
8	17	51.0856	-0.433254	52.4164	0.271702
8	18	50.9891	-0.175716	52.3933	0.276932
8	19	50.8817	0.0780154	52.3601	0.282154
8	20	50.7637	0.329351	52.3174	0.287396
8	21	50.6334	0.579012	52.264	0.292684
8	22	50.4881	0.825693	52.1968	0.298012
8	23	50.3267	1.06605	52.1137	0.30333
8	24	50.1513	1.29722	52.0161	0.308579
8	25	49.9655	1.5194	51.9073	0.313744
8	26	49.771	1.73484	51.7895	0.31886
8	27	49.5671	1.9452	51.6625	0.323964
8	28	49.3517	2.14988	51.5241	0.32906
8	29	49.1239	2.34614	51.3726	0.334109
8	30	48.8855	2.53162	51.2088	0.339058
8	31	48.6395	2.70692	51.0357	0.3439
8	32	48.3869	2.87434	50.8549	0.348674
8	33	48.1263	3.03504	50.6655	0.353412
8	34	47.8558	3.18752	50.465	0.358102
8	35	47.5755	3.32867	50.2525	0.362688
8	36	47.2883	3.45728	50.0301	0.367128
8	37	46.9964	3.57533	49.8005	0.371444
8	38	46.699	3.68495	49.5636	0.375683
8	39	46.3936	3.78532	49.3168	0.379848
8	40	46.0798	3.87258	49.0581	0.383872
8	41	45.7608	3.94284	48.789	0.387656
8	42	45.4819	3.98265	48.5461	0.390587
8	43	45.2329	3.9987	48.3221	0.392855
8	44	45.0039	3.99657	48.1097	0.394637
8	45	44.7865	3.97876	47.9022	0.396039
8	46	44.576	3.94112	47.6935	0.397013
8	47	44.3862	3.86582	47.4894	0.397097
8	48	44.2078	3.75213	47.2809	0.396338
8	49	44.0364	3.62472	47.0736	0.395247
8	50	43.8692	3.49183	46.8682	0.394004
8	51	43.707	3.35414	46.6656	0.392614
8	52	43.5501	3.21379	46.4671	0.391115
8	53	43.3984	3.07274	46.273	0.389547
8	54	43.2505	2.93271	46.0831	0.387955
8	55	43.1059	2.79005	45.8954	0.386269
8	56	42.9638	2.64605	45.7095	0.384522
8	57	42.8262	2.49941	45.5271	0.38267
8	58	42.6911	2.34711	45.345	0.380667
8	59	42.5629	2.18811	45.167	0.378453
8	60	42.4391	2.0274	44.9927	0.37615
8	61	42.3239	1.86418	44.8257	0.373708
8	62	42.2116	1.7038	44.6627	0.371283
8	63	42.1064	1.53774	44.5046	0.368663
8	64	42.0018	1.3708	44.3471	0.366002
8	65	41.9033	1.1998	44.194	0.363187
8	66	41.805	1.02845	44.0415	0.360342
8	67	41.7117	0.854701	43.8931	0.357388
8	68	41.6218	0.681037	43.7483	0.354388
8	69	41.5381	0.502639	43.6081	0.351217
8	70	41.4625	0.321664	43.4751	0.347907
8	71	41.3927	0.14138	43.3483	0.344546
8	72	41.3317	-0.0380258	43.2305	0.341117
8	73	41.2738	-0.214382	43.1172	0.337711
8	74	41.2236	-0.391934	43.0112	0.334203
8	75	41.1752	-0.569569	42.9075	0.330662
8	76	41.1377	-0.750419	42.8137	0.326951
8	77	41.1062	-0.934259	42.7251	0.323113
8	78	41.1003	-1.12483	42.6594	0.318921
8	79	41.1089	-1.3254	42.6051	0.314388
8	80	41.1451	-1.53418	42.5755	0.309461
8	81	41.1947	-1.73569	42.5618	0.304597
8	82	41.2669	-1.9282	42.5735	0.299774
8	83	41.3553	-2.11541	42.6032	0.294963
8	84	41.4584	-2.29706	42.6495	0.290185
8	85	41.5685	-2.47583	42.7043	0.285436
8	86	41.6837	-2.65237	42.7656	0.280717
8	87	41.8005	-2.82893	42.8294	0.276
8	88	41.9187	-3.00548	42.8954	0.271289
8	89	42.0399	-3.18242	42.9653	0.266566
8	90	42.1628	-3.35937	43.0378	0.261847
8	91	42.2873	-3.53458	43.1131	0.257174
8	92	42.4134	-3.70641	43.1918	0.252584
8	93	42.5394	-3.87557	43.272	0.248071
8	94	42.6628	-4.0445	43.3506	0.243595
8	95	42.7869	-4.21145	43.4311	0.239175
8	96	42.9123	-4.37612	43.5144	0.234816
8	97	43.0379	-4.53846	43.5991	0.230524
8	98	43.1604	-4.69903	43.6821	0.226305
8	99	43.2859	-4.8588	43.769	0.222104
8	100	43.4138	-5.01672	43.8593	0.217949
8	101	43.5429	-5.17305	43.952	0.213842
8	102	43.6703	-5.33039	44.0434	0.209737
8	103	43.799	-5.48687	44.137	0.205662
8	104	43.9302	-5.64177	44.2343	0.201628
8	105	44.063	-5.79576	44.3339	0.197625
8	106	44.195	-5.94949	44.4335	0.19365
8	107	44.3279	-6.09938	44.5353	0.189773
8	108	44.4597	-6.245	44.6376	0.186012
8	109	44.591	-6.3845	44.7412	0.182405
8	110	44.7208	-6.51857	44.8448	0.17894
8	111	44.8503	-6.64677	44.9496	0.175621
8	112	44.9813	-6.7659	45.058	0.172509
8	113	45.1025	-6.89009	45.1564	0.169339
8	114	45.2358	-6.97313	45.2739	0.167035
8	115	45.3903	-7.02144	45.4183	0.165421
8	116	45.5464	-7.07955	45.5627	0.163599
8	117	45.7172	-7.12269	45.7243	0.162059
8	118	45.908	-7.15118	45.908	0.160776
8	119	46.1246	-7.16691	46.1193	0.159688
8	120	46.3747	-7.16812	46.3661	0.158804
8	121	46.6446	-7.15579	46.6345	0.15815
8	122	46.9108	-7.13203	46.9011	0.157757
8	123	47.1737	-7.0983	47.1661	0.157587
8	124	47.4344	-7.05435	47.4304	0.15764
8	125	47.6932	-6.99851	47.6948	0.157944
8	126	47.9493	-6.92842	47.9588	0.158547
8	127	48.2002	-6.84286	48.22	0.159478
8	128	48.4433	-6.74291	48.476	0.160717
8	129	48.6777	-6.63107	48.7253	0.162213
8	130	48.9044	-6.50941	48.9687	0.163918
8	131	49.1245	-6.37841	49.2073	0.165814
8	132	49.3385	-6.23708	49.4419	0.167919
8	133	49.5455	-6.08388	49.6717	0.170263
8	134	49.7433	-5.91822	49.8948	0.172864
8	135	49.9297	-5.74134	50.1091	0.175701
8	136	50.1043	-5.55562	50.3137	0.178729
8	137	50.2682	-5.36303	50.5095	0.181904
8	138	50.4229	-5.16417	50.6979	0.18521
8	139	50.5692	-4.95838	50.8799	0.188656
9	0	-39.8593	2.3883	43.8354	2.74609
9	1	-39.9298	2.55512	43.9649	2.7432
9	2	-40.0057	2.71875	44.0985	2.74045
9	3	-40.0814	2.87955	44.2311	2.73777
9	4	-40.1617	3.03813	44.3674	2.7352
9	5	-40.2418	3.19519	44.5032	2.73267
9	6	-40.3229	3.34875	44.6388	2.73023
9	7	-40.4055	3.50348	44.7766	2.7278
9	8	-40.4915	3.65667	44.917	2.72545
9	9	-40.5774	3.80828	45.057	2.72314
9	10	-40.6686	3.96013	45.2021	2.72089
9	11	-40.762	4.11105	45.3491	2.7187
9	12	-40.8573	4.25863	45.4967	2.7166
9	13	-40.9521	4.40225	45.6423	2.71459
9	14	-41.05	4.545	45.7907	2.71264
9	15	-41.149	4.68597	45.9394	2.71074
9	16	-41.2486	4.82374	46.0876	2.70893
9	17	-41.3535	4.9612	46.2405	2.70718
9	18	-41.4616	5.09706	46.3958	2.70551
9	19	-41.5724	5.22918	46.552	2.70394
9	20	-41.684	5.35638	46.7071	2.70248
9	21	-41.7955	5.47775	46.8597	2.70115
9	22	-41.9083	5.59307	47.0109	2.69996
9	23	-42.0259	5.69608	47.1612	2.69905
9	24	-42.1301	5.80494	47.3021	2.69791
9	25	-42.2546	5.8774	47.4457	2.69766
9	26	-42.4114	5.91556	47.6036	2.69835
9	27	-42.5733	5.96775	47.7723	2.69881
9	28	-42.7548	6.00721	47.9532	2.69969
9	29	-42.9603	6.03576	48.1512	2.70098
9	30	-43.1985	6.05274	48.374	2.70276
9	31	-43.4756	6.05256	48.6249	2.70519
9	32	-43.8018	6.0304	48.9114	2.70842
9	33	-44.124	5.99152	49.1878	2.71189
9	34	-44.4396	5.93999	49.4536	2.71549
9	35	-44.7498	5.87887	49.7112	2.71919
9	36	-45.0571	5.8077	49.9626	2.72301
9	37	-45.3612	5.72357	50.2067	2.727
9	38	-45.6592	5.62502	50.4402	2.73117
9	39	-45.9485	5.51429	50.6617	2.73545
9	40	-46.2297	5.39431	50.8732	2.73981
9	41	-46.505	5.26542	51.0766	2.74424
9	42	-46.7748	5.1254	51.2717	2.74879
9	43	-47.0367	4.97225	51.4556	2.75349
9	44	-47.2876	4.80713	51.626	2.75829
9	45	-47.527	4.6332	51.7836	2.76313
9	46	-47.7568	4.4523	51.9309	2.768
9	47	-47.9784	4.2639	52.0691	2.77293
9	48	-48.1912	4.06649	52.197	2.77792
9	49	-48.3929	3.85993	52.3127	2.78298
9	50	-48.5821	3.64613	52.4156	2.78807
9	51	-48.7596	3.42719	52.507	2.79315
9	52	-48.9268	3.20358	52.5885	2.79824
9	53	-49.0842	2.97428	52.6602	2.80334
9	54	-49.2305	2.7383	52.7206	2.80849
9	55	-49.3636	2.49623	52.7679	2.81365
9	56	-49.4827	2.25012	52.8021	2.81878
9	57	-49.5889	2.00177	52.8247	2.82388
9	58	-49.6839	1.7514	52.8374	2.82894
9	59	-49.7678	1.49794	52.84	2.834
9	60	-49.8392	1.24037	52.8307	2.83905
9	61	-49.8957	0.979167	52.8075	2.84409
9	62	-49.9357	0.71664	52.7694	2.84907
9	63	-49.9602	0.455366	52.7182	2.85395
9	64	-49.9714	0.196448	52.6561	2.85873
9	65	-49.9712	-0.0605766	52.5847	2.86342
9	66	-49.9595	-0.3167	52.5037	2.86805
9	67	-49.9353	-0.572287	52.4118	2.87262
9	68	-49.8968	-0.826365	52.3078	2.87711
9	69	-49.8437	-1.07694	52.1915	2.88147
9	70	-49.7772	-1.32234	52.0646	2.8857
9	71	-49.699	-1.5622	51.9287	2.88979
9	72	-49.6103	-1.79722	51.7846	2.89376
9	73	-49.5108	-2.02818	51.6319	2.89762
9	74	-49.399	-2.2549	51.469	2.90137
9	75	-49.2737	-2.47589	51.2951	2.90497
9	76	-49.1349	-2.68888	51.1105	2.90839
9	77	-48.984	-2.89232	50.9169	2.91159
9	78	-48.8233	-3.08618	50.7164	2.91459
9	79	-48.6538	-3.27151	50.5098	2.91741
9	80	-48.4755	-3.44921	50.2966	2.92007
9	81	-48.2874	-3.61913	50.0759	2.92255
9	82	-48.0886	-3.7798	49.8471	2.92483
9	83	-47.8797	-3.92929	49.611	2.92687
9	84	-47.6624	-4.06655	49.3696	2.92865
9	85	-47.4386	-4.19208	49.1244	2.93018
9	86	-47.2091	-4.30721	48.8758	2.9315
9	87	-46.9731	-4.41269	48.6231	2.93261
9	88	-46.7293	-4.50764	48.3649	2.93348
9	89	-46.477	-4.58971	48.1011	2.93407
9	90	-46.2176	-4.6563	47.8335	2.93431
9	91	-45.954	-4.70704	47.5652	2.93422
9	92	-45.6888	-4.74323	47.2982	2.93381
9	93	-45.4229	-4.76776	47.033	2.93316
9	94	-45.1908	-4.77417	46.8046	2.93226
9	95	-44.9826	-4.76573	46.6027	2.93116
9	96	-44.7902	-4.7432	46.4193	2.92982
9	97	-44.6084	-4.71166	46.2483	2.92832
9	98	-44.4327	-4.66816	46.0858	2.9266
9	99	-44.2613	-4.61066	45.9307	2.92458
9	100	-44.0984	-4.5129	45.7928	2.92172
9	101	-43.9396	-4.36828	45.6698	2.91788
9	102	-43.7766	-4.23011	45.5418	2.91412
9	103	-43.6195	-4.08886	45.4209	2.91031
9	104	-43.4668	-3.94708	45.3052	2.9065
9	105	-43.3158	-3.80748	45.1912	2.90271
9	106	-43.1656	-3.66915	45.0782	2.89894
9	107	-43.017	-3.52776	44.9683	2.8951
9	108	-42.8694	-3.38551	44.8602	2.89122
9	109	-42.7226	-3.24423	44.7533	2.88735
9	110	-42.5794	-3.10314	44.6505	2.88348
9	111	-42.44	-2.96275	44.5519	2.87964
9	112	-42.3037	-2.82398	44.4566	2.87583
9	113	-42.1675	-2.6897	44.3607	2.8721
9	114	-42.031	-2.5524	44.266	2.86829
9	115	-41.8956	-2.4117	44.1739	2.8644
9	116	-41.7601	-2.27009	44.0827	2.86047
9	117	-41.6243	-2.12952	43.9915	2.85654
9	118	-41.4906	-1.98884	43.9031	2.85261
9	119	-41.3593	-1.84826	43.8177	2.84868
9	120	-41.2298	-1.70834	43.7345	2.84476
9	121	-41.1022	-1.56891	43.6536	2.84085
9	122	-40.9769	-1.43022	43.5753	2.83696
9	123	-40.8553	-1.29233	43.501	2.8331
9	124	-40.7351	-1.15181	43.4295	2.82917
9	125	-40.6181	-1.00967	43.3621	2.82523
9	126	-40.5032	-0.868775	43.2972	2.82131
9	127	-40.3935	-0.728048	43.2376	2.81742
9	128	-40.2866	-0.589817	43.1806	2.8136
9	129	-40.1864	-0.451331	43.1307	2.80981
9	130	-40.0883	-0.315864	43.0824	2.80609
9	131	-39.9982	-0.179188	43.0426	2.80241
9	132	-39.9109	-0.0424136	43.0061	2.79873
9	133	-39.8338	0.098385	42.9811	2.79504
9	134	-39.7577	0.238302	42.9573	2.79138
9	135	-39.6995	0.385416	42.9534	2.7877
9	136	-39.6398	0.532527	42.9487	2.784
9	137	-39.5982	0.689628	42.965	2.78024
9	138	-39.5711	0.85759	42.9994	2.77636
9	139	-39.5534	1.03609	43.0469	2.77234
9	140	-39.5552	1.20937	43.1115	2.76861
9	141	-39.5674	1.37915	43.185	2.76505
9	142	-39.5886	1.54792	43.267	2.7616
9	143	-39.6301	1.71592	43.368	2.75836
9	144	-39.675	1.88544	43.4733	2.75513
9	145	-39.7326	2.0531	43.5901	2.75206
9	146	-39.792	2.22132	43.7092	2.74902
17	0	44.5774	-8.48564	44.3946	0.135901
17	1	44.6	-8.23913	44.4511	0.141326
17	2	44.6056	-8.01417	44.4889	0.146314
17	3	44.5971	-7.80191	44.512	0.15106
17	4	44.5744	-7.59566	44.521	0.155717
17	5	44.5302	-7.39356	44.5091	0.160357
17	6	44.4338	-7.19671	44.446	0.165075
17	7	44.288	-7.00227	44.3346	0.169942
17	8	44.1469	-6.80483	44.2295	0.174881
17	9	44.0024	-6.61338	44.121	0.179723
17	10	43.8591	-6.42599	44.014	0.184495
17	11	43.7187	-6.24061	43.9104	0.189231
17	12	43.5789	-6.05726	43.8082	0.193942
17	13	43.439	-5.87515	43.7065	0.198647
17	14	43.2968	-5.69594	43.6029	0.20332
17	15	43.1573	-5.5165	43.503	0.208008
17	16	43.0208	-5.33702	43.407	0.212703
17	17	42.8806	-5.16267	43.3072	0.217321
17	18	42.7436	-4.98649	43.2119	0.221986
17	19	42.6089	-4.8073	43.1204	0.226727
17	20	42.4707	-4.62894	43.0263	0.231489
17	21	42.3311	-4.45015	42.9319	0.236289
17	22	42.1907	-4.27496	42.837	0.241031
17	23	42.0529	-4.10069	42.7453	0.24576
17	24	41.9182	-3.92964	42.6566	0.250418
17	25	41.7833	-3.76263	42.5678	0.255004
17	26	41.6497	-3.597	42.4807	0.259571
17	27	41.5163	-3.43263	42.3944	0.264126
17	28	41.3814	-3.27124	42.3068	0.26864
17	29	41.2454	-3.1141	42.2178	0.273084
17	30	41.1066	-2.96399	42.125	0.277404
17	31	40.97	-2.81947	42.0336	0.281601
17	32	40.8313	-2.68333	41.9385	0.285639
17	33	40.693	-2.55019	41.8437	0.289623
17	34	40.548	-2.42552	41.7406	0.293477
17	35	40.3964	-2.30571	41.6304	0.297286
17	36	40.2271	-2.19939	41.5	0.30093
17	37	40.0404	-2.104	41.3502	0.304472
17	38	39.834	-2.02366	41.1776	0.307835
17	39	39.6274	-1.96308	40.9992	0.310771
17	40	39.4192	-1.92052	40.8142	0.313324
17	41	39.21	-1.89311	40.6237	0.315552
17	42	38.9987	-1.87928	40.4273	0.317499
17	43	38.7862	-1.87478	40.2268	0.319255
17	44	38.5725	-1.87796	40.023	0.320855
17	45	38.358	-1.88877	39.816	0.322297
17	46	38.1432	-1.9082	39.6062	0.323549
17	47	37.9294	-1.93636	39.3945	0.324597
17	48	37.7182	-1.97355	39.1826	0.325416
17	49	37.5108	-2.01879	38.9716	0.326018
17	50	37.3073	-2.07285	38.7614	0.326378
17	51	37.1077	-2.13673	38.5519	0.326469
17	52	36.9127	-2.21482	38.3422	0.326171
17	53	36.7207	-2.31404	38.1285	0.325319
17	54	36.5315	-2.43408	37.9109	0.323914
17	55	36.3612	-2.56482	37.7079	0.322065
17	56	36.2066	-2.708	37.5161	0.319749
17	57	36.0686	-2.86538	37.3357	0.316909
17	58	35.9452	-3.03689	37.1652	0.313559
17	59	35.833	-3.21681	37.0032	0.309869
17	60	35.728	-3.40048	36.8475	0.30599
17	61	35.6285	-3.58586	36.6972	0.30199
17	62	35.5322	-3.77155	36.5503	0.297923
17	63	35.4383	-3.95724	36.4062	0.293805
17	64	35.3477	-4.14464	36.2656	0.289582
17	65	35.2622	-4.3324	36.1304	0.285277
17	66	35.1822	-4.5229	36.0003	0.280825
17	67	35.108	-4.71337	35.8767	0.276297
17	68	35.0379	-4.90122	35.7583	0.271778
17	69	34.9717	-5.09172	35.6438	0.267128
17	70	34.9075	-5.28325	35.5318	0.262405
17	71	34.8463	-5.47531	35.4233	0.257617
17	72	34.7869	-5.66629	35.3175	0.252816
17	73	34.7323	-5.86143	35.2163	0.247839
17	74	34.6785	-6.05639	35.1168	0.242833
17	75	34.6302	-6.2472	35.0244	0.237877
17	76	34.587	-6.44061	34.9373	0.232788
17	77	34.551	-6.63397	34.8582	0.227629
17	78	34.5203	-6.82386	34.7859	0.22251
17	79	34.4946	-7.01177	34.7198	0.217394
17	80	34.472	-7.19976	34.6576	0.212239
17	81	34.4655	-7.38942	34.6118	0.206921
17	82	34.4682	-7.58069	34.5757	0.201491
17	83	34.5008	-7.77782	34.5687	0.195716
17	84	34.5489	-7.98002	34.5772	0.189709
17	85	34.6238	-8.18985	34.6119	0.183347
17	86	34.7109	-8.39117	34.6615	0.177178
17	87	34.8162	-8.58347	34.7319	0.171193
17	88	34.9374	-8.77188	34.8198	0.165268
17	89	35.0679	-8.95643	34.9187	0.159441
17	90	35.2035	-9.13958	35.0241	0.153663
17	91	35.3429	-9.32147	35.1346	0.14794
17	92	35.4843	-9.50122	35.2485	0.142305
17	93	35.6287	-9.6778	35.367	0.136783
17	94	35.7743	-9.85145	35.488	0.131376
17	95	35.9199	-10.0235	35.6104	0.126052
17	96	36.0656	-10.1952	35.7338	0.120771
17	97	36.2121	-10.3671	35.859	0.115519
17	98	36.3597	-10.5386	35.9864	0.110315
17	99	36.5079	-10.7086	36.1154	0.105184
17	100	36.6555	-10.8766	36.245	0.100147
17	101	36.8022	-11.0427	36.3749	0.0951991
17	102	36.9485	-11.2076	36.5053	0.0903205
17	103	37.0953	-11.3721	36.637	0.0854894
17	104	37.2437	-11.5357	36.7714	0.0807112
17	105	37.3945	-11.6975	36.909	0.0760114
17	106	37.5452	-11.8548	37.0477	0.0714697
17	107	37.6949	-12.0077	37.1865	0.0670798
17	108	37.8413	-12.1562	37.3229	0.0628493
17	109	37.9856	-12.3002	37.4582	0.0587704
17	110	38.1301	-12.4393	37.5946	0.0548495
17	111	38.2741	-12.5747	37.7312	0.0510583
17	112	38.4251	-12.696	37.8761	0.0476563
17	113	38.59	-12.7828	38.0368	0.0451695
17	114	38.7837	-12.8333	38.228	0.0436205
17	115	38.9924	-12.8645	38.4351	0.0425744
17	116	39.2208	-12.8788	38.6628	0.0419523
17	117	39.4762	-12.8786	38.9179	0.0416816
17	118	39.7675	-12.8631	39.2097	0.0417685
17	119	40.0556	-12.8361	39.4987	0.0421471
17	120	40.3416	-12.7973	39.786	0.0428176
17	121	40.6259	-12.7444	40.0723	0.0438331
17	122	40.9067	-12.6748	40.356	0.0452523
17	123	41.1811	-12.5883	40.634	0.0470733
17	124	41.4471	-12.4874	40.9046	0.0492297
17	125	41.7056	-12.3746	41.1685	0.0516572
17	126	41.958	-12.2501	41.4271	0.0543455
17	127	42.2044	-12.1119	41.6808	0.0573343
17	128	42.4425	-11.9584	41.9276	0.0606629
17	129	42.6693	-11.7905	42.1644	0.0643121
17	130	42.8835	-11.6112	42.39	0.0682092
17	131	43.0865	-11.4231	42.6057	0.07229
17	132	43.2803	-11.2265	42.8136	0.076541
17	133	43.4656	-11.0201	43.0145	0.0809959
17	134	43.6404	-10.802	43.2069	0.085701
17	135	43.8018	-10.572	43.3879	0.0906641
17	136	43.9476	-10.3326	43.5554	0.0958339
17	137	44.0785	-10.0868	43.7099	0.101146
17	138	44.1965	-9.83551	43.8533	0.106575
17	139	44.3026	-9.57784	43.9869	0.112143
17	140	44.3955	-9.31263	44.1096	0.117882
17	141	44.4728	-9.0404	44.2191	0.12379
17	142	44.5332	-8.76385	44.314	0.129815
18	0	-33.8134	-2.61656	36.4	2.80902
18	1	-33.8832	-2.43809	36.5246	2.80502
18	2	-33.9541	-2.26361	36.6494	2.80117
18	3	-34.0305	-2.0919	36.779	2.79746
18	4	-34.1106	-1.9229	36.9116	2.79388
18	5	-34.1937	-1.75657	37.0467	2.79043
18	6	-34.2804	-1.59327	37.1844	2.78711
18	7	-34.368	-1.43227	37.3227	2.78388
18	8	-34.4597	-1.27634	37.4633	2.78083
18	9	-34.5524	-1.12321	37.6043	2.77789
18	10	-34.6524	-0.976347	37.7501	2.7752
18	11	-34.7547	-0.834266	37.8966	2.77267
18	12	-34.8613	-0.699419	38.0448	2.77037
18	13	-34.9689	-0.568976	38.1924	2.76821
18	14	-35.0813	-0.445454	38.3423	2.76628
18	15	-35.1981	-0.324853	38.4952	2.76448
18	16	-35.3284	-0.214315	38.6571	2.76306
18	17	-35.4737	-0.11004	38.8306	2.76195
18	18	-35.6381	-0.0165157	39.018	2.76128
18	19	-35.8221	0.0707534	39.2213	2.76096
18	20	-36.0137	0.138175	39.4242	2.76118
18	21	-36.21	0.192228	39.6266	2.76175
18	22	-36.4124	0.226425	39.8272	2.76284
18	23	-36.6162	0.253037	40.0264	2.7641
18	24	-36.8203	0.267121	40.2215	2.76565
18	25	-37.0232	0.279002	40.4146	2.76721
18	26	-37.2256	0.282228	40.6041	2.76896
18	27	-37.4281	0.28414	40.7935	2.77073
18	28	-37.6319	0.27719	40.981	2.77269
18	29	-37.8369	0.263266	41.1674	2.7748
18	30	-38.0419	0.23397	41.3483	2.77724
18	31	-38.2476	0.185335	41.5234	2.7801
18	32	-38.4533	0.112853	41.6903	2.78347
18	33	-38.6612	0.0169803	41.8517	2.78736
18	34	-38.8541	-0.0942241	41.9945	2.79143
18	35	-39.0341	-0.220381	42.1207	2.79571
18	36	-39.2043	-0.362546	42.233	2.80025
18	37	-39.3687	-0.516879	42.3368	2.80498
18	38	-39.5302	-0.677496	42.4367	2.80981
18	39	-39.6901	-0.841866	42.5348	2.81469
18	40	-39.8485	-1.00732	42.6322	2.81956
18	41	-40.0047	-1.1726	42.7285	2.82438
18	42	-40.1593	-1.33683	42.8246	2.82915
18	43	-40.3102	-1.50119	42.9182	2.83388
18	44	-40.4611	-1.66437	43.0131	2.83856
18	45	-40.6152	-1.82538	43.1126	2.84319
18	46	-40.7707	-1.98621	43.2144	2.8478
18	47	-40.9192	-2.15366	43.3085	2.8525
18	48	-41.0678	-2.31749	43.4046	2.85709
18	49	-41.2198	-2.47599	43.5065	2.86157
18	50	-41.3751	-2.62797	43.6142	2.8659
18	51	-41.5325	-2.77714	43.7255	2.87016
18	52	-41.6873	-2.92982	43.8341	2.87447
18	53	-41.8411	-3.08412	43.942	2.87878
18	54	-41.993	-3.23955	44.0487	2.88308
18	55	-42.1449	-3.39309	44.1568	2.88732
18	56	-42.295	-3.54728	44.2636	2.89154
18	57	-42.4428	-3.70068	44.3693	2.89572
18	58	-42.5894	-3.85517	44.4742	2.89989
18	59	-42.7349	-4.00846	44.5792	2.90401
18	60	-42.878	-4.16225	44.6825	2.90811
18	61	-43.018	-4.31625	44.7834	2.91218
18	62	-43.1541	-4.46948	44.8815	2.91619
18	63	-43.2851	-4.61893	44.9761	2.92008
18	64	-43.4113	-4.76495	45.0674	2.92386
18	65	-43.5325	-4.90926	45.1549	2.92756
18	66	-43.6452	-5.05327	45.2347	2.9312
18	67	-43.759	-5.18703	45.3184	2.93461
18	68	-43.8288	-5.32875	45.3579	2.93798
18	69	-43.8616	-5.48965	45.3577	2.9416
18	70	-43.9051	-5.65402	45.368	2.94535
18	71	-43.932	-5.83304	45.3599	2.94933
18	72	-43.9429	-6.03176	45.333	2.95368
18	73	-43.9379	-6.25666	45.2866	2.95854
18	74	-43.9159	-6.51545	45.2186	2.96408
18	75	-43.8815	-6.77122	45.1402	2.96952
18	76	-43.8354	-7.02416	45.0522	2.97488
18	77	-43.7772	-7.27501	44.9537	2.98016
18	78	-43.7046	-7.52378	44.8427	2.98538
18	79	-43.6156	-7.7688	44.7173	2.99048
18	80	-43.5096	-8.00703	44.5772	2.99541
18	81	-43.3886	-8.23602	44.4246	3.00011
18	82	-43.2555	-8.45541	44.2623	3.00459
18	83	-43.112	-8.66641	44.0917	3.00889
18	84	-42.9581	-8.87022	43.9126	3.01303
18	85	-42.7924	-9.06675	43.7234	3.017
18	86	-42.6139	-9.25433	43.5233	3.02077
18	87	-42.4229	-9.43062	43.3127	3.02427
18	88	-42.2216	-9.59434	43.0939	3.0275
18	89	-42.0123	-9.7461	42.8688	3.03046
18	90	-41.7958	-9.88735	42.6382	3.03319
18	91	-41.5712	-10.0188	42.4008	3.0357
18	92	-41.3371	-10.1392	42.1553	3.03795
18	93	-41.093	-10.2461	41.9016	3.03989
18	94	-40.8406	-10.3368	41.6414	3.04144
18	95	-40.5832	-10.4113	41.3778	3.04261
18	96	-40.3225	-10.4715	41.1124	3.04344
18	97	-40.0585	-10.5192	40.845	3.04397
18	98	-39.7899	-10.5546	40.5743	3.04419
18	99	-39.5163	-10.5762	40.2999	3.04406
18	100	-39.239	-10.5821	40.0233	3.04354
18	101	-38.9609	-10.5723	39.7476	3.04261
18	102	-38.721	-10.5496	39.5111	3.04143
18	103	-38.5091	-10.5179	39.3034	3.04009
18	104	-38.3165	-10.4752	39.1162	3.03851
18	105	-38.1364	-10.4197	38.9429	3.03662
18	106	-37.9781	-10.3357	38.7944	3.03403
18	107	-37.8306	-10.2194	38.6604	3.03063
18	108	-37.6902	-10.0809	38.5365	3.02666
18	109	-37.5442	-9.93965	38.408	3.02257
18	110	-37.3986	-9.78925	38.2816	3.01822
18	111	-37.253	-9.63371	38.1567	3.0137
18	112	-37.1058	-9.47644	38.0312	3.00911
18	113	-36.9581	-9.3171	37.9062	3.00442
18	114	-36.8102	-9.15465	37.7824	2.99963
18	115	-36.6641	-8.99047	37.6614	2.99477
18	116	-36.5178	-8.82587	37.5412	2.98986
18	117	-36.3724	-8.66062	37.4229	2.98491
18	118	-36.2315	-8.49435	37.3102	2.97991
18	119	-36.0881	-8.32709	37.196	2.97486
18	120	-35.9423	-8.1605	37.0804	2.96977
18	121	-35.8005	-7.98928	36.9705	2.96455
18	122	-35.655	-7.81939	36.8576	2.95932
18	123	-35.5064	-7.64928	36.7428	2.95404
18	124	-35.3595	-7.47541	36.6315	2.94862
18	125	-35.2127	-7.30154	36.5213	2.94318
18	126	-35.0685	-7.12819	36.4146	2.93773
18	127	-34.9286	-6.95553	36.3131	2.9323
18	128	-34.7926	-6.78385	36.2163	2.92688
18	129	-34.654	-6.61038	36.1184	2.92137
18	130	-34.5133	-6.43397	36.0201	2.91574
18	131	-34.3722	-6.25396	35.9235	2.90997
18	132	-34.2332	-6.07101	35.8309	2.90411
18	133	-34.0976	-5.8858	35.7433	2.89818
18	134	-33.9676	-5.69954	35.6627	2.89224
18	135	-33.8461	-5.51155	35.5919	2.88628
18	136	-33.7351	-5.3215	35.5331	2.88031
18	137	-33.6403	-5.12631	35.4926	2.87431
18	138	-33.5613	-4.92319	35.4707	2.8682
18	139	-33.4993	-4.71034	35.4692	2.86195
18	140	-33.4589	-4.50639	35.4873	2.85611
18	141	-33.4425	-4.30689	35.5283	2.85059
18	142	-33.443	-4.11219	35.5851	2.84535
18	143	-33.4669	-3.92056	35.6643	2.84041
18	144	-33.4974	-3.73007	35.7504	2.83558
18	145	-33.5396	-3.54196	35.8477	2.83093
18	146	-33.5836	-3.35448	35.9473	2.82634
18	147	-33.6342	-3.16847	36.0534	2.82187
18	148	-33.6878	-2.98313	36.1629	2.81747
18	149	-33.7484	-2.79894	36.2794	2.81319
25	0	37.7363	-14.5415	37.1442	-0.00110828
25	1	37.7923	-14.2624	37.201	0.00639603
25	2	37.8213	-14.0149	37.2324	0.0130397
25	3	37.8289	-13.7901	37.2436	0.0190709
25	4	37.8203	-13.5801	37.2396	0.0247152
25	5	37.7978	-13.379	37.2226	0.030131
25	6	37.7573	-13.1829	37.1886	0.0354344
25	7	37.6764	-12.9944	37.1149	0.0405852
25	8	37.5492	-12.8056	36.996	0.0458248
25	9	37.4101	-12.6214	36.8659	0.0509885
25	10	37.2677	-12.4398	36.7335	0.0561227
25	11	37.1249	-12.2613	36.6013	0.061212
25	12	36.9831	-12.0864	36.471	0.0662369
25	13	36.8426	-11.9152	36.3426	0.0711939
25	14	36.7035	-11.7468	36.2163	0.0761037
25	15	36.5658	-11.5809	36.092	0.0809786
25	16	36.4249	-11.4152	35.9654	0.0858875
25	17	36.2817	-11.2503	35.8373	0.0908146
25	18	36.1375	-11.0869	35.709	0.0957368
25	19	35.9936	-10.9249	35.5816	0.100654
25	20	35.85	-10.7641	35.4554	0.105574
25	21	35.7066	-10.6038	35.33	0.110515
25	22	35.5627	-10.444	35.2051	0.115478
25	23	35.4177	-10.2856	35.0797	0.120439
25	24	35.2721	-10.1298	34.9543	0.125364
25	25	35.1262	-9.97814	34.8289	0.130208
25	26	34.981	-9.8306	34.7046	0.134966
25	27	34.8361	-9.68751	34.5806	0.13963
25	28	34.6909	-9.54824	34.4565	0.14422
25	29	34.5457	-9.41387	34.3326	0.1487
25	30	34.4008	-9.28219	34.2091	0.153135
25	31	34.2497	-9.1594	34.0788	0.157372
25	32	34.0985	-9.03776	33.9488	0.161609
25	33	33.9342	-8.93426	33.8035	0.165413
25	34	33.7646	-8.83463	33.6529	0.169163
25	35	33.5796	-8.75707	33.4838	0.172376
25	36	33.3824	-8.68374	33.3022	0.175562
25	37	33.1864	-8.63812	33.1173	0.177951
25	38	32.9956	-8.59967	32.9364	0.180126
25	39	32.8039	-8.584	32.7506	0.181645
25	40	32.6109	-8.57062	32.5633	0.18312
25	41	32.4159	-8.57332	32.3711	0.184135
25	42	32.2194	-8.57577	32.1774	0.185179
25	43	32.0219	-8.59013	31.9807	0.185874
25	44	31.8234	-8.60599	31.7827	0.186537
25	45	31.6253	-8.63128	31.5834	0.186914
25	46	31.4273	-8.65728	31.384	0.187272
25	47	31.2293	-8.68947	31.1835	0.18744
25	48	31.0297	-8.72318	30.9811	0.187572
25	49	30.8299	-8.76336	30.7772	0.1875
25	50	30.6288	-8.80613	30.5717	0.187351
25	51	30.4295	-8.85943	30.3659	0.18685
25	52	30.2323	-8.91623	30.1617	0.186214
25	53	30.0418	-8.98674	29.9614	0.185078
25	54	29.8574	-9.06313	29.7661	0.183696
25	55	29.6833	-9.15851	29.5776	0.181601
25	56	29.5103	-9.26034	29.3891	0.179256
25	57	29.3469	-9.38561	29.2062	0.176033
25	58	29.1966	-9.50989	29.0366	0.172725
25	59	29.0741	-9.64919	28.8922	0.168704
25	60	28.9579	-9.78983	28.7543	0.164561
25	61	28.861	-9.94408	28.6338	0.159801
25	62	28.7643	-10.0986	28.514	0.154991
25	63	28.6768	-10.2612	28.4028	0.149811
25	64	28.5927	-10.4276	28.2953	0.144437
25	65	28.5129	-10.5976	28.1922	0.138878
25	66	28.4397	-10.7711	28.0962	0.133122
25	67	28.3693	-10.9452	28.0039	0.127295
25	68	28.3018	-11.125	27.9145	0.121212
25	69	28.2348	-11.3091	27.8264	0.114936
25	70	28.1718	-11.4972	27.7428	0.108463
25	71	28.1119	-11.6864	27.6633	0.101895
25	72	28.0573	-11.8749	27.5905	0.0953015
25	73	28.0026	-12.0651	27.5185	0.0886087
25	74	27.9504	-12.2564	27.4502	0.0818377
25	75	27.8999	-12.4472	27.3849	0.0750428
25	76	27.8497	-12.642	27.3209	0.0680699
25	77	27.8008	-12.8402	27.2593	0.0609397
25	78	27.756	-13.041	27.2031	0.0536729
25	79	27.7163	-13.2426	27.1534	0.0463373
25	80	27.6806	-13.4458	27.109	0.0389081
25	81	27.6486	-13.6493	27.0699	0.0314423
25	82	27.6226	-13.8527	27.0383	0.0239562
25	83	27.6026	-14.0556	27.0141	0.0164631
25	84	27.5945	-14.2582	27.0035	0.00896724
25	85	27.603	-14.4596	27.0109	0.00150964
25	86	27.632	-14.6618	27.0404	-0.00596954
25	87	27.6805	-14.8657	27.0909	-0.0134884
25	88	27.7521	-15.0735	27.166	-0.0210991
25	89	27.8403	-15.2693	27.2591	-0.0282141
25	90	27.9466	-15.4532	27.3711	-0.0348211
25	91	28.071	-15.6273	27.5021	-0.0409901
25	92	28.2081	-15.7944	27.6463	-0.0468244
25	93	28.3496	-15.9575	27.7958	-0.0524463
25	94	28.4927	-16.1194	27.9475	-0.0579647
25	95	28.6363	-16.2812	28.1008	-0.0634171
25	96	28.7826	-16.4424	28.2574	-0.0687804
25	97	28.9311	-16.6017	28.4169	-0.0740153
25	98	29.0804	-16.7586	28.5777	-0.0791044
25	99	29.2293	-16.913	28.7387	-0.0840493
25	100	29.3773	-17.0656	28.8993	-0.0888836
25	101	29.525	-17.2173	29.0602	-0.0936292
25	102	29.6731	-17.3683	29.2221	-0.0983032
25	103	29.8222	-17.5183	29.3855	-0.102882
25	104	29.9719	-17.6663	29.5499	-0.107345
25	105	30.1216	-17.8114	29.7146	-0.111661
25	106	30.27	-17.9538	29.8782	-0.115845
25	107	30.417	-18.0938	30.0407	-0.119907
25	108	30.563	-18.2318	30.2023	-0.123866
25	109	30.7089	-18.3676	30.3641	-0.127711
25	110	30.8555	-18.5008	30.5267	-0.131427
25	111	31.0006	-18.6296	30.6876	-0.134967
25	112	31.1457	-18.7513	30.8479	-0.138245
25	113	31.2947	-18.8597	31.0106	-0.141042
25	114	31.4296	-18.9765	31.1607	-0.144147
25	115	31.575	-19.0425	31.3141	-0.145566
25	116	31.7447	-19.0639	31.4851	-0.145455
25	117	31.9204	-19.0988	31.6641	-0.14574
25	118	32.1102	-19.1163	31.8544	-0.14542
25	119	32.3206	-19.1189	32.0629	-0.14455
25	120	32.5603	-19.1059	32.2983	-0.143081
25	121	32.8393	-19.074	32.57	-0.140892
25	122	33.1187	-19.0264	32.84	-0.138263
25	123	33.3952	-18.963	33.1053	-0.135214
25	124	33.6665	-18.8858	33.3639	-0.131826
25	125	33.9327	-18.7973	33.6164	-0.128174
25	126	34.1953	-18.698	33.8644	-0.124274
25	127	34.4548	-18.5864	34.1083	-0.120084
25	128	34.7095	-18.4608	34.3465	-0.115565
25	129	34.9569	-18.3217	34.5766	-0.110745
25	130	35.1958	-18.1715	34.7979	-0.105697
25	131	35.4273	-18.012	35.0118	-0.100469
25	132	35.6528	-17.8426	35.2197	-0.0950419
25	133	35.8717	-17.6614	35.421	-0.08936
25	134	36.0814	-17.467	35.6131	-0.0833979
25	135	36.279	-17.2613	35.7935	-0.0772113
25	136	36.4644	-17.0476	35.9626	-0.0708897
25	137	36.6398	-16.8277	36.1227	-0.0644751
25	138	36.8068	-16.6012	36.2756	-0.0579453
25	139	36.965	-16.3661	36.4207	-0.0512517
25	140	37.1119	-16.1221	36.5558	-0.0443785
25	141	37.2455	-15.8708	36.6791	-0.0373725
25	142	37.3663	-15.6148	36.7911	-0.0302952
25	143	37.476	-15.3547	36.8938	-0.0231606
25	144	37.5755	-15.0896	36.9881	-0.015933
25	145	37.6632	-14.8183	37.0725	-0.0085756
26	0	-28.2	-10.2886	29.0985	2.99634
26	1	-28.2157	-10.0544	29.1488	2.98847
26	2	-28.2364	-9.82245	29.2056	2.98073
26	3	-28.2615	-9.59363	29.2678	2.97315
26	4	-28.2899	-9.36785	29.3344	2.96572
26	5	-28.321	-9.14413	29.405	2.95842
26	6	-28.3555	-8.92143	29.4803	2.9512
26	7	-28.395	-8.69962	29.5618	2.94409
26	8	-28.4405	-8.47957	29.6503	2.93711
26	9	-28.4924	-8.26246	29.7458	2.93032
26	10	-28.5498	-8.04846	29.8475	2.92371
26	11	-28.6098	-7.83858	29.9521	2.9173
26	12	-28.6728	-7.63149	30.0602	2.91105
26	13	-28.7402	-7.42673	30.1732	2.90496
26	14	-28.8136	-7.22493	30.2923	2.89905
26	15	-28.8937	-7.0274	30.418	2.89338
26	16	-28.9801	-6.83482	30.5495	2.88796
26	17	-29.0714	-6.64701	30.6854	2.88278
26	18	-29.1701	-6.4637	30.8281	2.87785
26	19	-29.2826	-6.28579	30.9835	2.87326
26	20	-29.4149	-6.11258	31.1572	2.86902
26	21	-29.571	-5.9428	31.3535	2.86515
26	22	-29.7395	-5.79595	31.5558	2.86213
26	23	-29.9244	-5.67732	31.7664	2.86014
26	24	-30.1268	-5.58532	31.9864	2.85914
26	25	-30.3381	-5.51306	32.2094	2.85881
26	26	-30.5527	-5.45437	32.4319	2.85892
26	27	-30.7686	-5.40546	32.6528	2.85933
26	28	-30.9856	-5.36442	32.8727	2.85997
26	29	-31.2046	-5.33139	33.0922	2.86085
26	30	-31.4263	-5.3083	33.3117	2.86202
26	31	-31.6502	-5.29949	33.5294	2.86362
26	32	-31.8743	-5.31154	33.7416	2.86578
26	33	-32.0966	-5.34987	33.9452	2.86865
26	34	-32.3172	-5.41528	34.1403	2.87224
26	35	-32.5382	-5.50581	34.3295	2.87649
26	36	-32.7408	-5.61055	34.498	2.88096
26	37	-32.926	-5.72847	34.6469	2.88563
26	38	-33.0998	-5.85848	34.7825	2.89051
26	39	-33.2681	-5.99788	34.9114	2.89557
26	40	-33.4343	-6.14526	35.0371	2.90081
26	41	-33.5986	-6.30022	35.1603	2.9062
26	42	-33.7625	-6.46153	35.2825	2.91173
26	43	-33.9249	-6.62794	35.4034	2.91735
26	44	-34.086	-6.79747	35.5233	2.92302
26	45	-34.2483	-6.97067	35.6447	2.92875
26	46	-34.4095	-7.14666	35.7658	2.93451
26	47	-34.5695	-7.32478	35.8862	2.94028
26	48	-34.7292	-7.50277	36.0078	2.94601
26	49	-34.8884	-7.68151	36.1297	2.95172
26	50	-35.0464	-7.86347	36.2511	2.95747
26	51	-35.2057	-8.04841	36.3745	2.96327
26	52	-35.3674	-8.23553	36.5011	2.96911
26	53	-35.5246	-8.42491	36.6241	2.97494
26	54	-35.6822	-8.61246	36.749	2.98068
26	55	-35.8388	-8.7975	36.8745	2.98631
26	56	-35.9922	-8.98413	36.9978	2.99194
26	57	-36.1459	-9.1706	37.1225	2.99752
26	58	-36.297	-9.35842	37.2457	3.0031
26	59	-36.447	-9.54862	37.3686	3.00869
26	60	-36.5963	-9.74066	37.4917	3.0143
26	61	-36.7484	-9.93482	37.6185	3.01993
26	62	-36.903	-10.1328	37.7485	3.02563
26	63	-37.0578	-10.3355	37.8795	3.03142
26	64	-37.2007	-10.5446	37.9992	3.0373
26	65	-37.2961	-10.7508	38.0732	3.04295
26	66	-37.3493	-10.9616	38.1061	3.04859
26	67	-37.3821	-11.176	38.1194	3.05427
26	68	-37.3987	-11.397	38.1173	3.06009
26	69	-37.3977	-11.6322	38.0979	3.06624
26	70	-37.3741	-11.8888	38.0559	3.07291
26	71	-37.3222	-12.1762	37.9855	3.08037
26	72	-37.2506	-12.4617	37.8975	3.08777
26	73	-37.1611	-12.7413	37.7941	3.09503
26	74	-37.057	-13.0135	37.6784	3.10212
26	75	-36.9397	-13.2796	37.5516	3.10908
26	76	-36.8081	-13.5404	37.4125	3.11593
26	77	-36.6601	-13.7943	37.2589	3.12264
26	78	-36.4963	-14.0377	37.0912	3.12912
26	79	-36.32	-14.2692	36.9128	3.13533
26	80	-36.1335	-14.4903	36.7256	3.14132
26	81	-35.9362	-14.7027	36.5289	-3.13605
26	82	-35.7257	-14.9055	36.3201	-3.13044
26	83	-35.5014	-15.0952	36.0984	-3.12511
26	84	-35.2662	-15.2689	35.8665	-3.12016
26	85	-35.0235	-15.4276	35.6276	-3.11556
26	86	-34.7737	-15.5735	35.3821	-3.11126
26	87	-34.5154	-15.7068	35.1282	-3.10724
26	88	-34.248	-15.8249	34.8652	-3.10359
26	89	-33.9743	-15.9256	34.5957	-3.10038
26	90	-33.6977	-16.0098	34.323	-3.0976
26	91	-33.4196	-16.0798	34.0483	-3.09519
26	92	-33.1726	-16.1253	33.8037	-3.0935
26	93	-32.9466	-16.1503	33.5792	-3.09244
26	94	-32.7368	-16.1544	33.3699	-3.092
26	95	-32.538	-16.1358	33.1704	-3.09227
26	96	-32.356	-16.0751	32.9856	-3.09383
26	97	-32.1803	-15.9759	32.8055	-3.0966
26	98	-32.0105	-15.8592	32.6308	-3.09994
26	99	-31.8402	-15.7392	32.456	-3.10341
26	100	-31.6696	-15.6146	32.2809	-3.10707
26	101	-31.4957	-15.487	32.1029	-3.11085
26	102	-31.3216	-15.3535	31.925	-3.11486
26	103	-31.1466	-15.2139	31.7467	-3.11911
26	104	-30.9718	-15.0677	31.569	-3.12362
26	105	-30.7977	-14.9165	31.3926	-3.12834
26	106	-30.6243	-14.7621	31.2174	-3.13321
26	107	-30.4501	-14.6056	31.0423	-3.1382
26	108	-30.2738	-14.4464	30.8659	3.13985
26	109	-30.0954	-14.2834	30.6882	3.13452
26	110	-29.916	-14.1158	30.5105	3.12899
26	111	-29.7368	-13.9445	30.334	3.12327
26	112	-29.558	-13.7705	30.1589	3.11739
26	113	-29.3805	-13.5944	29.9862	3.11138
26	114	-29.204	-13.4142	29.8159	3.10516
26	115	-29.0306	-13.2281	29.65	3.09867
26	116	-28.8642	-13.0352	29.4927	3.0919
26	117	-28.7094	-12.8356	29.3487	3.08484
26	118	-28.5732	-12.6295	29.2252	3.07754
26	119	-28.4551	-12.4134	29.122	3.06987
26	120	-28.3538	-12.1851	29.0384	3.06178
26	121	-28.2776	-11.9544	28.9817	3.05363
26	122	-28.226	-11.7194	28.9519	3.04539
26	123	-28.1959	-11.4797	28.946	3.03705
26	124	-28.182	-11.2383	28.9584	3.02871
26	125	-28.1787	-10.9981	28.9832	3.02046
26	126	-28.1818	-10.7601	29.0159	3.01233
26	127	-28.189	-10.5239	29.0544	3.0043
32	0	30.958	-20.4226	30.938	-0.192613
32	1	30.9626	-20.2121	30.903	-0.185897
32	2	30.9612	-20.0177	30.8662	-0.179715
32	3	30.9347	-19.8338	30.8078	-0.173999
32	4	30.9109	-19.6525	30.7534	-0.168324
32	5	30.8537	-19.4786	30.6684	-0.163046
32	6	30.7706	-19.3074	30.559	-0.157962
32	7	30.6339	-19.1409	30.3981	-0.153259
32	8	30.4891	-18.9784	30.2305	-0.148677
32	9	30.3421	-18.8214	30.0622	-0.144236
32	10	30.1969	-18.6663	29.8965	-0.139802
32	11	30.0535	-18.5133	29.7334	-0.135377
32	12	29.9084	-18.3614	29.5695	-0.130951
32	13	29.7629	-18.2092	29.4057	-0.126463
32	14	29.6159	-18.058	29.2411	-0.12197
32	15	29.4674	-17.9092	29.0759	-0.117509
32	16	29.3187	-17.7629	28.9113	-0.113087
32	17	29.1728	-17.6169	28.7501	-0.108615
32	18	29.0274	-17.4733	28.5903	-0.104173
32	19	28.8808	-17.333	28.4302	-0.0998018
32	20	28.7341	-17.1941	28.2706	-0.0954308
32	21	28.5885	-17.0554	28.1128	-0.0910112
32	22	28.4423	-16.9195	27.9551	-0.0866468
32	23	28.2957	-16.7881	27.7979	-0.0823916
32	24	28.1496	-16.6616	27.6422	-0.078268
32	25	28.0029	-16.5424	27.4868	-0.0743601
32	26	27.8573	-16.4282	27.3333	-0.0705901
32	27	27.7138	-16.3193	27.1826	-0.066966
32	28	27.5701	-16.2166	27.0326	-0.0635317
32	29	27.4243	-16.1212	26.8812	-0.0603321
32	30	27.2767	-16.03	26.7284	-0.0572594
32	31	27.1222	-15.9481	26.5696	-0.0545167
32	32	26.9552	-15.8834	26.3994	-0.0524136
32	33	26.7774	-15.8283	26.219	-0.0506686
32	34	26.5849	-15.7879	26.0247	-0.0494966
32	35	26.396	-15.7669	25.835	-0.0490454
32	36	26.2105	-15.759	25.6493	-0.0490929
32	37	26.0264	-15.7644	25.4657	-0.049659
32	38	25.8426	-15.7819	25.283	-0.050709
32	39	25.6585	-15.8048	25.1003	-0.0519918
32	40	25.4741	-15.8365	24.9179	-0.0536491
32	41	25.2887	-15.8705	24.7346	-0.0554241
32	42	25.1041	-15.9146	24.5528	-0.0576345
32	43	24.9192	-15.9613	24.371	-0.0599808
32	44	24.738	-16.0165	24.1935	-0.062708
32	45	24.5597	-16.0744	24.0193	-0.0655787
32	46	24.3857	-16.1386	23.85	-0.0687435
32	47	24.2148	-16.2064	23.6842	-0.0720957
32	48	24.0478	-16.2796	23.5231	-0.0757101
32	49	23.8867	-16.3627	23.369	-0.0797765
32	50	23.7326	-16.4584	23.2232	-0.0844152
32	51	23.5851	-16.5706	23.0861	-0.0897958
32	52	23.4445	-16.7012	22.9582	-0.0960121
32	53	23.3179	-16.8333	22.8453	-0.1023
32	54	23.213	-16.9775	22.7562	-0.109074
32	55	23.119	-17.1244	22.6793	-0.115965
32	56	23.044	-17.2832	22.6237	-0.123317
32	57	22.974	-17.4444	22.5747	-0.130786
32	58	22.9112	-17.6094	22.5346	-0.13841
32	59	22.8517	-17.7771	22.4995	-0.146155
32	60	22.7967	-17.9481	22.4707	-0.154044
32	61	22.7431	-18.1235	22.4454	-0.162132
32	62	22.6944	-18.3045	22.4273	-0.170447
32	63	22.6469	-18.4897	22.4128	-0.17895
32	64	22.6074	-18.6797	22.4085	-0.187604
32	65	22.5707	-18.8713	22.4091	-0.196313
32	66	22.5435	-19.0637	22.4207	-0.204966
32	67	22.516	-19.2586	22.4343	-0.21372
32	68	22.4936	-19.4558	22.4552	-0.222515
32	69	22.4717	-19.6546	22.4785	-0.231358
32	70	22.455	-19.8558	22.5093	-0.240225
32	71	22.4416	-20.059	22.5455	-0.249123
32	72	22.4352	-20.2638	22.5907	-0.257976
32	73	22.4348	-20.4683	22.6434	-0.266713
32	74	22.4389	-20.675	22.7027	-0.275451
32	75	22.447	-20.8823	22.7677	-0.284116
32	76	22.4584	-21.0892	22.8375	-0.292671
32	77	22.4756	-21.2951	22.9141	-0.30106
32	78	22.4946	-21.5015	22.9943	-0.309384
32	79	22.5239	-21.7066	23.0854	-0.317461
32	80	22.559	-21.9097	23.1829	-0.325313
32	81	22.6131	-22.1055	23.2973	-0.332532
32	82	22.6732	-22.2983	23.4176	-0.339478
32	83	22.7555	-22.4825	23.557	-0.34569
32	84	22.8427	-22.6667	23.7019	-0.351752
32	85	22.9518	-22.824	23.8588	-0.356368
32	86	23.057	-22.9723	24.0093	-0.360627
32	87	23.184	-23.0931	24.1709	-0.363449
32	88	23.3072	-23.2152	24.3295	-0.366339
32	89	23.4434	-23.3246	24.4959	-0.368517
32	90	23.5821	-23.4345	24.665	-0.37065
32	91	23.7287	-23.5396	24.8398	-0.372455
32	92	23.8826	-23.64	25.0196	-0.373953
32	93	24.0414	-23.7374	25.203	-0.375249
32	94	24.2053	-23.8287	25.389	-0.376229
32	95	24.3731	-23.9192	25.5784	-0.377109
32	96	24.5449	-24.0079	25.7707	-0.377854
32	97	24.7193	-24.0971	25.9658	-0.37857
32	98	24.8969	-24.1867	26.1639	-0.379244
32	99	25.0777	-24.2768	26.3653	-0.37988
32	100	25.262	-24.3667	26.5698	-0.380451
32	101	25.4491	-24.4556	26.7765	-0.380936
32	102	25.638	-24.5427	26.9842	-0.381332
32	103	25.8275	-24.6284	27.192	-0.381664
32	104	26.0174	-24.7129	27.3997	-0.381945
32	105	26.2076	-24.7965	27.6074	-0.382185
32	106	26.4004	-24.8799	27.8174	-0.382383
32	107	26.598	-24.9578	28.0298	-0.382331
32	108	26.7937	-25.041	28.2424	-0.38248
32	109	26.974	-25.0695	28.4204	-0.381041
32	110	27.1485	-25.0496	28.575	-0.378125
32	111	27.3243	-25.0391	28.7346	-0.375525
32	112	27.5003	-25.0105	28.888	-0.372371
32	113	27.6787	-24.9617	29.0366	-0.36857
32	114	27.865	-24.8941	29.1864	-0.36411
32	115	28.0628	-24.7998	29.338	-0.358704
32	116	28.2798	-24.6756	29.4983	-0.35218
32	117	28.5086	-24.5272	29.6626	-0.344823
32	118	28.7328	-24.3666	29.8202	-0.337215
32	119	28.9497	-24.1928	29.9683	-0.329347
32	120	29.1563	-24.0069	30.1046	-0.321281
32	121	29.3513	-23.8116	30.229	-0.313114
32	122	29.536	-23.6092	30.3434	-0.304894
32	123	29.7121	-23.3999	30.4496	-0.296602
32	124	29.8799	-23.1827	30.5476	-0.288195
32	125	30.0379	-22.9566	30.636	-0.279655
32	126	30.1843	-22.7227	30.7133	-0.271019
32	127	30.3188	-22.4829	30.7798	-0.262344
32	128	30.4426	-22.2385	30.8372	-0.253648
32	129	30.5568	-21.9889	30.8863	-0.244896
32	130	30.6604	-21.7324	30.9259	-0.236036
32	131	30.751	-21.4685	30.9534	-0.227065
32	132	30.8259	-21.1995	30.9672	-0.218055
32	133	30.8859	-20.9287	30.9684	-0.209099
32	134	30.9314	-20.6581	30.958	-0.200242
33	0	-22.5975	-17.2444	23.3514	-3.02381
33	1	-22.7355	-16.9987	23.461	-3.0349
33	2	-22.8014	-16.7698	23.5033	-3.04488
33	3	-22.8343	-16.5465	23.5156	-3.05447
33	4	-22.8563	-16.3263	23.5194	-3.06388
33	5	-22.8857	-16.1099	23.5329	-3.07314
33	6	-22.9176	-15.8969	23.5511	-3.08226
33	7	-22.9518	-15.6875	23.5737	-3.09121
33	8	-22.9871	-15.4811	23.5995	-3.10002
33	9	-23.0259	-15.2774	23.6308	-3.1087
33	10	-23.0651	-15.0738	23.6641	-3.11736
33	11	-23.1129	-14.8721	23.7079	-3.12591
33	12	-23.1669	-14.6724	23.7595	-3.13435
33	13	-23.2474	-14.4879	23.8395	3.14107
33	14	-23.3408	-14.3089	23.9336	3.1336
33	15	-23.4647	-14.146	24.0594	3.12687
33	16	-23.586	-13.9931	24.1834	3.12062
33	17	-23.7323	-13.8769	24.3324	3.11597
33	18	-23.8796	-13.7711	24.4825	3.1118
33	19	-24.0405	-13.6889	24.6459	3.10866
33	20	-24.2014	-13.6098	24.8094	3.10569
33	21	-24.3645	-13.5362	24.9752	3.10298
33	22	-24.5307	-13.4686	25.1439	3.10055
33	23	-24.6996	-13.4039	25.3155	3.09827
33	24	-24.8724	-13.3418	25.4908	3.09613
33	25	-25.0495	-13.2836	25.6705	3.09418
33	26	-25.231	-13.2288	25.8543	3.09239
33	27	-25.4167	-13.18	26.0423	3.09087
33	28	-25.6056	-13.1365	26.2331	3.08958
33	29	-25.7964	-13.0995	26.4257	3.08856
33	30	-25.9881	-13.0675	26.6188	3.08774
33	31	-26.1804	-13.042	26.8122	3.08717
33	32	-26.373	-13.0207	27.0057	3.08678
33	33	-26.5662	-13.0062	27.1994	3.08663
33	34	-26.7603	-12.9979	27.3936	3.08672
33	35	-26.9556	-13.0027	27.5883	3.08728
33	36	-27.1527	-13.0222	27.7841	3.08837
33	37	-27.3517	-13.0632	27.9807	3.09021
33	38	-27.5545	-13.1234	28.1802	3.09271
33	39	-27.7417	-13.2011	28.3635	3.09577
33	40	-27.9181	-13.2902	28.5358	3.09917
33	41	-28.0834	-13.3931	28.6969	3.103
33	42	-28.2446	-13.4999	28.854	3.10691
33	43	-28.4015	-13.6126	29.0072	3.11099
33	44	-28.5587	-13.727	29.1611	3.11507
33	45	-28.7152	-13.8465	29.3146	3.11929
33	46	-28.8754	-13.9701	29.4723	3.1236
33	47	-29.0383	-14.1003	29.6331	3.12809
33	48	-29.2043	-14.2361	29.7976	3.13273
33	49	-29.3715	-14.3777	29.9639	3.1375
33	50	-29.5395	-14.5229	30.1315	-3.14084
33	51	-29.7077	-14.6702	30.3002	-3.13599
33	52	-29.8767	-14.8189	30.4704	-3.13114
33	53	-30.0465	-14.9701	30.6422	-3.12626
33	54	-30.2189	-15.1234	30.8173	-3.12137
33	55	-30.3932	-15.2803	30.9951	-3.11643
33	56	-30.5678	-15.4415	31.1741	-3.1114
33	57	-30.7427	-15.6044	31.3542	-3.10637
33	58	-30.9173	-15.7673	31.5348	-3.10141
33	59	-31.0901	-15.9309	31.7145	-3.09647
33	60	-31.264	-16.0957	31.896	-3.09155
33	61	-31.4396	-16.2623	32.0801	-3.08664
33	62	-31.6134	-16.4335	32.2634	-3.08164
33	63	-31.7671	-16.6114	32.428	-3.07645
33	64	-31.8787	-16.8029	32.5523	-3.0708
33	65	-31.9559	-17.0118	32.6447	-3.06458
33	66	-32.0138	-17.2322	32.7201	-3.058
33	67	-32.0558	-17.4667	32.7824	-3.05098
33	68	-32.0827	-17.7231	32.8333	-3.04328
33	69	-32.0952	-18.0117	32.8754	-3.03458
33	70	-32.0975	-18.3021	32.9099	-3.02581
33	71	-32.0881	-18.595	32.9356	-3.01695
33	72	-32.0638	-18.8889	32.9495	-3.00801
33	73	-32.0238	-19.1804	32.9499	-2.99908
33	74	-31.9704	-19.4672	32.9391	-2.99022
33	75	-31.9062	-19.75	32.9196	-2.98144
33	76	-31.8319	-20.0305	32.8922	-2.97266
33	77	-31.7454	-20.3094	32.8551	-2.96385
33	78	-31.6446	-20.585	32.8059	-2.95504
33	79	-31.5295	-20.8542	32.7439	-2.94631
33	80	-31.4031	-21.1154	32.6718	-2.93771
33	81	-31.268	-21.3698	32.5923	-2.92923
33	82	-31.1248	-21.6193	32.506	-2.9208
33	83	-30.9719	-21.8647	32.4117	-2.91238
33	84	-30.8072	-22.1044	32.3069	-2.904
33	85	-30.6309	-22.3357	32.1911	-2.89572
33	86	-30.445	-22.5574	32.0658	-2.8876
33	87	-30.2516	-22.7705	31.9332	-2.87962
33	88	-30.0506	-22.9765	31.7934	-2.87173
33	89	-29.8398	-23.1755	31.6443	-2.86389
33	90	-29.6175	-23.3651	31.4834	-2.85616
33	91	-29.3847	-23.542	31.3106	-2.84865
33	92	-29.1449	-23.7053	31.1291	-2.8414
33	93	-28.9012	-23.8571	30.9419	-2.83438
33	94	-28.6534	-23.9986	30.7492	-2.82756
33	95	-28.4279	-24.1073	30.5688	-2.8219
33	96	-28.2154	-24.1871	30.3925	-2.81721
33	97	-28.0089	-24.2405	30.214	-2.81336
33	98	-27.8039	-24.2675	30.0288	-2.81031
33	99	-27.6044	-24.3078	29.8534	-2.80686
33	100	-27.4055	-24.2761	29.6551	-2.80566
33	101	-27.1925	-24.1634	29.417	-2.80689
33	102	-26.9733	-24.0615	29.1764	-2.80772
33	103	-26.76	-23.9543	28.9398	-2.80881
33	104	-26.5524	-23.8455	28.7081	-2.81003
33	105	-26.3475	-23.7398	28.48	-2.81119
33	106	-26.1427	-23.6402	28.254	-2.81218
33	107	-25.9394	-23.5431	28.0302	-2.81311
33	108	-25.7388	-23.4427	27.8079	-2.8142
33	109	-25.541	-23.3419	27.5882	-2.81535
33	110	-25.3475	-23.24	27.3723	-2.81661
33	111	-25.1577	-23.1385	27.16	-2.81793
33	112	-24.9704	-23.0381	26.9506	-2.81925
33	113	-24.7854	-22.9378	26.7434	-2.82061
33	114	-24.6026	-22.8365	26.538	-2.82206
33	115	-24.4219	-22.7348	26.3345	-2.82357
33	116	-24.2454	-22.6308	26.1344	-2.82524
33	117	-24.0734	-22.5265	25.9385	-2.827
33	118	-23.9086	-22.4191	25.7486	-2.82898
33	119	-23.7483	-22.3129	25.5635	-2.83101
33	120	-23.596	-22.2014	25.3845	-2.83336
33	121	-23.4458	-22.0908	25.2078	-2.83573
33	122	-23.3027	-21.9683	25.0345	-2.83868
33	123	-23.1615	-21.838	24.8611	-2.84199
33	124	-23.0312	-21.6869	24.6922	-2.84627
33	125	-22.9096	-21.5146	24.5261	-2.85155
33	126	-22.8011	-21.3123	24.3648	-2.85823
33	127	-22.6684	-21.0981	24.1781	-2.8652
33	128	-22.487	-20.8651	23.9407	-2.8725
33	129	-22.3571	-20.6554	23.7603	-2.87956
33	130	-22.2701	-20.4613	23.6265	-2.88653
33	131	-22.2091	-20.2669	23.519	-2.89388
33	132	-22.1655	-20.069	23.429	-2.90161
33	133	-22.1337	-19.8641	23.3501	-2.90981
33	134	-22.1124	-19.6557	23.2824	-2.91831
33	135	-22.0993	-19.4451	23.2239	-2.92703
33	136	-22.096	-19.2337	23.1766	-2.93591
33	137	-22.1	-19.0232	23.1385	-2.94485
33	138	-22.1125	-18.8147	23.1109	-2.95381
33	139	-22.129	-18.6081	23.0895	-2.96273
33	140	-22.152	-18.407	23.0771	-2.97149
33	141	-22.1776	-18.2109	23.07	-2.98005
33	142	-22.2161	-18.0219	23.0785	-2.9884
33	143	-22.2672	-17.8324	23.1009	-2.99685
33	144	-22.3412	-17.6425	23.1475	-3.00543
33	145	-22.4426	-17.4488	23.2226	-3.01428
38	0	27.5332	-28.583	30.3998	-0.481656
38	1	27.5245	-28.2899	30.2573	-0.473208
38	2	27.5032	-27.9957	30.1054	-0.464829
38	3	27.4668	-27.7011	29.9418	-0.456581
38	4	27.4149	-27.4095	29.7676	-0.448555
38	5	27.35	-27.1229	29.5857	-0.440778
38	6	27.2766	-26.8406	29.3998	-0.43316
38	7	27.2043	-26.6001	29.2337	-0.42673
38	8	27.1367	-26.3878	29.0849	-0.421047
38	9	27.0595	-26.1989	28.9375	-0.416182
38	10	26.9813	-26.0218	28.7947	-0.411654
38	11	26.8679	-25.8829	28.6353	-0.408793
38	12	26.7285	-25.7686	28.462	-0.407052
38	13	26.5635	-25.6772	28.2743	-0.406395
38	14	26.3985	-25.5801	28.0844	-0.405542
38	15	26.2283	-25.4867	27.8911	-0.404871
38	16	26.0553	-25.3919	27.6948	-0.404187
38	17	25.8807	-25.2975	27.4972	-0.403528
38	18	25.7027	-25.2048	27.2971	-0.402963
38	19	25.5211	-25.112	27.0936	-0.402441
38	20	25.3365	-25.0159	26.8862	-0.401844
38	21	25.1472	-24.9204	26.6745	-0.401322
38	22	24.9537	-24.826	26.4595	-0.400895
38	23	24.7575	-24.7327	26.2425	-0.40054
38	24	24.5612	-24.6375	26.0246	-0.400112
38	25	24.3652	-24.5441	25.8078	-0.399738
38	26	24.1682	-24.4529	25.5908	-0.399452
38	27	23.9696	-24.3615	25.3723	-0.399176
38	28	23.7694	-24.2686	25.1516	-0.398865
38	29	23.5667	-24.177	24.9293	-0.398637
38	30	23.3624	-24.0893	24.707	-0.398576
38	31	23.1572	-24.0092	24.4868	-0.398813
38	32	22.9518	-23.94	24.2707	-0.399473
38	33	22.7459	-23.8855	24.0598	-0.400717
38	34	22.5374	-23.8503	23.8541	-0.402764
38	35	22.3233	-23.8341	23.6509	-0.405682
38	36	22.1015	-23.8359	23.448	-0.409486
38	37	21.8869	-23.8551	23.259	-0.413917
38	38	21.677	-23.892	23.082	-0.419037
38	39	21.4698	-23.9453	22.9148	-0.424842
38	40	21.2654	-24.0107	22.756	-0.431165
38	41	21.065	-24.0849	22.6054	-0.437853
38	42	20.8686	-24.1645	22.4619	-0.444768
38	43	20.6756	-24.2475	22.3239	-0.451844
38	44	20.4856	-24.3332	22.1909	-0.459056
38	45	20.2978	-24.4213	22.0622	-0.466407
38	46	20.1115	-24.5118	21.9372	-0.473912
38	47	19.9276	-24.6084	21.8182	-0.481696
38	48	19.7471	-24.7106	21.7064	-0.489722
38	49	19.5721	-24.8185	21.6034	-0.497941
38	50	19.4028	-24.9297	21.5085	-0.506242
38	51	19.2397	-25.0447	21.4224	-0.514631
38	52	19.0814	-25.1611	21.3426	-0.523027
38	53	18.929	-25.2813	21.2714	-0.531504
38	54	18.7803	-25.4037	21.206	-0.540033
38	55	18.6369	-25.5312	21.1493	-0.548688
38	56	18.4988	-25.6665	21.1029	-0.557574
38	57	18.3719	-25.8159	21.0752	-0.566777
38	58	18.2558	-25.9807	21.0667	-0.576333
38	59	18.1522	-26.1639	21.0807	-0.586298
38	60	18.0678	-26.3469	21.1126	-0.595729
38	61	18.0024	-26.5327	21.1636	-0.604729
38	62	17.949	-26.7188	21.2263	-0.613371
38	63	17.9095	-26.908	21.3036	-0.621706
38	64	17.8728	-27.0985	21.3855	-0.629943
38	65	17.8431	-27.2919	21.4761	-0.638036
38	66	17.8134	-27.4887	21.5701	-0.646183
38	67	17.7897	-27.6906	21.6736	-0.654281
38	68	17.7708	-27.8937	21.7828	-0.662205
38	69	17.758	-28.0988	21.8994	-0.669952
38	70	17.7469	-28.3063	22.0203	-0.677652
38	71	17.7384	-28.5118	22.1432	-0.685123
38	72	17.7315	-28.7202	22.2703	-0.692565
38	73	17.7278	-28.9308	22.4025	-0.699908
38	74	17.7281	-29.1425	22.5397	-0.70708
38	75	17.7317	-29.3588	22.6835	-0.714229
38	76	17.7405	-29.5777	22.8341	-0.721216
38	77	17.7562	-29.7957	22.9903	-0.727891
38	78	17.7759	-30.014	23.1508	-0.734361
38	79	17.7993	-30.231	23.314	-0.740598
38	80	17.8239	-30.4476	23.4787	-0.746701
38	81	17.8512	-30.6642	23.6463	-0.75264
38	82	17.8826	-30.8804	23.8174	-0.758363
38	83	17.9248	-31.0946	23.9957	-0.763635
38	84	17.982	-31.3042	24.1823	-0.768259
38	85	18.06	-31.5086	24.3805	-0.772064
38	86	18.1548	-31.7101	24.5891	-0.775249
38	87	18.2628	-31.8856	24.7892	-0.777253
38	88	18.3788	-32.0408	24.9807	-0.778429
38	89	18.5078	-32.1729	25.1654	-0.778566
38	90	18.6411	-32.2946	25.3457	-0.778288
38	91	18.7792	-32.4086	25.5241	-0.77767
38	92	18.9212	-32.519	25.7027	-0.776854
38	93	19.067	-32.627	25.8824	-0.775882
38	94	19.219	-32.7306	26.0635	-0.774635
38	95	19.3751	-32.8327	26.2465	-0.773254
38	96	19.5366	-32.9301	26.4301	-0.771625
38	97	19.7002	-33.0248	26.6135	-0.769891
38	98	19.8683	-33.117	26.7984	-0.767992
38	99	20.0383	-33.2088	26.9845	-0.766062
38	100	20.21	-33.2996	27.1712	-0.764092
38	101	20.3827	-33.3903	27.3587	-0.762115
38	102	20.5571	-33.4802	27.547	-0.760108
38	103	20.733	-33.5693	27.7359	-0.758066
38	104	20.9103	-33.6566	27.9247	-0.75597
38	105	21.0878	-33.7412	28.112	-0.753828
38	106	21.2683	-33.8259	28.3017	-0.751646
38	107	21.4496	-33.9119	28.4929	-0.749505
38	108	21.6315	-33.9971	28.6841	-0.747359
38	109	21.8148	-34.0794	28.8746	-0.745135
38	110	21.9995	-34.1594	29.0647	-0.742849
38	111	22.1878	-34.2418	29.2592	-0.74057
38	112	22.3803	-34.3244	29.4571	-0.738231
38	113	22.5762	-34.4064	29.6572	-0.735831
38	114	22.7749	-34.4841	29.8568	-0.733293
38	115	22.9759	-34.5495	30.05	-0.730432
38	116	23.1645	-34.571	30.205	-0.726797
38	117	23.3489	-34.5553	30.3327	-0.722373
38	118	23.5312	-34.5198	30.4464	-0.717538
38	119	23.716	-34.4723	30.5548	-0.71239
38	120	23.9084	-34.4079	30.6588	-0.706699
38	121	24.1136	-34.3227	30.7602	-0.700261
38	122	24.338	-34.2084	30.859	-0.69274
38	123	24.5895	-34.0571	30.9571	-0.68379
38	124	24.8348	-33.8909	31.0436	-0.67465
38	125	25.0709	-33.7118	31.1174	-0.665416
38	126	25.2966	-33.5228	31.1796	-0.656179
38	127	25.5132	-33.326	31.2325	-0.646955
38	128	25.7225	-33.1208	31.2772	-0.637686
38	129	25.9241	-32.9051	31.312	-0.628317
38	130	26.1149	-32.6775	31.3341	-0.618863
38	131	26.2923	-32.4405	31.3424	-0.609419
38	132	26.4566	-32.1973	31.3394	-0.600055
38	133	26.6108	-31.9498	31.3282	-0.590755
38	134	26.7565	-31.6968	31.3097	-0.581453
38	135	26.8931	-31.4362	31.2821	-0.572093
38	136	27.0174	-31.167	31.2423	-0.562694
38	137	27.1267	-30.8914	31.1891	-0.55335
38	138	27.2216	-30.6128	31.1246	-0.544131
38	139	27.3047	-30.3323	31.0518	-0.535018
38	140	27.3776	-30.0488	30.9713	-0.525943
38	141	27.4393	-29.7603	30.8811	-0.516861
38	142	27.4863	-29.4667	30.7781	-0.507813
38	143	27.5164	-29.1709	30.6618	-0.498904
38	144	27.531	-28.8761	30.5347	-0.490198
39	0	-18.3542	-27.4199	22.932	-2.54311
39	1	-18.3702	-27.1759	22.8087	-2.55235
39	2	-18.3896	-26.9305	22.6895	-2.56182
39	3	-18.4141	-26.6832	22.5756	-2.57158
39	4	-18.4461	-26.4346	22.4694	-2.58166
39	5	-18.4846	-26.1834	22.3699	-2.59209
39	6	-18.5305	-25.9325	22.2793	-2.60276
39	7	-18.5834	-25.6843	22.1986	-2.61359
39	8	-18.6411	-25.4392	22.1263	-2.62447
39	9	-18.7058	-25.197	22.0642	-2.63546
39	10	-18.782	-24.9593	22.0169	-2.64658
39	11	-18.8769	-24.7283	21.9921	-2.65787
39	12	-18.9948	-24.5022	21.9928	-2.66947
39	13	-19.1227	-24.306	22.0187	-2.68005
39	14	-19.2619	-24.1338	22.0677	-2.68984
39	15	-19.4106	-23.989	22.1391	-2.69866
39	16	-19.5696	-23.8623	22.2292	-2.70687
39	17	-19.7341	-23.7461	22.3302	-2.7147
39	18	-19.9032	-23.6351	22.4388	-2.72232
39	19	-20.077	-23.5282	22.5547	-2.72979
39	20	-20.2559	-23.426	22.6783	-2.73707
39	21	-20.4401	-23.3299	22.8104	-2.74412
39	22	-20.629	-23.2388	22.9498	-2.75097
39	23	-20.8216	-23.1537	23.0961	-2.75755
39	24	-21.0167	-23.0748	23.2478	-2.76384
39	25	-21.2129	-23.0009	23.4033	-2.76987
39	26	-21.4105	-22.9315	23.5626	-2.77566
39	27	-21.6105	-22.8681	23.727	-2.78117
39	28	-21.8133	-22.8123	23.8975	-2.78635
39	29	-22.0198	-22.7687	24.0762	-2.79103
39	30	-22.2313	-22.7399	24.2652	-2.79514
39	31	-22.4496	-22.7285	24.4667	-2.79861
39	32	-22.6747	-22.7376	24.6819	-2.80133
39	33	-22.8946	-22.7671	24.8991	-2.80316
39	34	-23.1102	-22.8196	25.1199	-2.80403
39	35	-23.3247	-22.8943	25.347	-2.80406
39	36	-23.5368	-22.9804	25.5756	-2.80363
39	37	-23.7482	-23.0733	25.8059	-2.80295
39	38	-23.96	-23.1709	26.0381	-2.80211
39	39	-24.1704	-23.2711	26.2699	-2.80119
39	40	-24.3784	-23.3728	26.4999	-2.80019
39	41	-24.5829	-23.4751	26.7269	-2.79914
39	42	-24.784	-23.5767	26.9504	-2.7981
39	43	-24.9825	-23.6771	27.1712	-2.79708
39	44	-25.1792	-23.777	27.3901	-2.79607
39	45	-25.3742	-23.8773	27.6075	-2.79505
39	46	-25.5665	-23.9791	27.8229	-2.79395
39	47	-25.7546	-24.0827	28.0351	-2.79276
39	48	-25.9378	-24.1874	28.2431	-2.7915
39	49	-26.1161	-24.2927	28.4467	-2.79017
39	50	-26.2879	-24.3967	28.6439	-2.78882
39	51	-26.4547	-24.4989	28.8357	-2.7875
39	52	-26.6159	-24.6018	29.0226	-2.7861
39	53	-26.7734	-24.7024	29.2053	-2.78475
39	54	-26.9244	-24.8049	29.3827	-2.78327
39	55	-27.0692	-24.9081	29.5545	-2.78172
39	56	-27.2018	-25.0188	29.7176	-2.7798
39	57	-27.3368	-25.1187	29.8793	-2.77828
39	58	-27.4342	-25.2492	30.0168	-2.77537
39	59	-27.4977	-25.4231	30.1387	-2.77073
39	60	-27.5729	-25.6031	30.2744	-2.76609
39	61	-27.6361	-25.8062	30.4081	-2.76064
39	62	-27.6912	-26.0401	30.5468	-2.7542
39	63	-27.7395	-26.3154	30.6965	-2.74649
39	64	-27.7798	-26.645	30.8619	-2.73714
39	65	-27.8019	-26.9786	31.0149	-2.72753
39	66	-27.8054	-27.3114	31.1535	-2.7178
39	67	-27.7942	-27.6413	31.2804	-2.70804
39	68	-27.7703	-27.9701	31.3984	-2.69821
39	69	-27.732	-28.2995	31.5066	-2.68825
39	70	-27.6764	-28.6275	31.602	-2.67814
39	71	-27.6048	-28.9503	31.6838	-2.66802
39	72	-27.5207	-29.2673	31.7552	-2.65793
39	73	-27.4256	-29.5809	31.8184	-2.64781
39	74	-27.3167	-29.8926	31.872	-2.63758
39	75	-27.1908	-30.2	31.9119	-2.62724
39	76	-27.0486	-30.4987	31.9367	-2.61691
39	77	-26.8942	-30.788	31.9498	-2.60665
39	78	-26.7294	-31.0705	31.9536	-2.59642
39	79	-26.552	-31.3473	31.9472	-2.58613
39	80	-26.3601	-31.6161	31.9276	-2.57581
39	81	-26.1553	-31.8735	31.8944	-2.56555
39	82	-25.941	-32.1199	31.8505	-2.5554
39	83	-25.7179	-32.3577	31.7977	-2.54529
39	84	-25.4838	-32.5871	31.7345	-2.53516
39	85	-25.2378	-32.8054	31.6585	-2.52507
39	86	-24.9828	-33.0107	31.5706	-2.51509
39	87	-24.7219	-33.2043	31.4744	-2.50525
39	88	-24.4919	-33.3599	31.3829	-2.49691
39	89	-24.2842	-33.4877	31.2945	-2.48965
39	90	-24.0885	-33.5899	31.2016	-2.48324
39	91	-23.9005	-33.6763	31.1063	-2.47735
39	92	-23.7101	-33.7287	30.9891	-2.47223
39	93	-23.531	-33.7344	30.8524	-2.46848
39	94	-23.3462	-33.6825	30.6757	-2.46605
39	95	-23.1605	-33.6196	30.4915	-2.46385
39	96	-22.9757	-33.5479	30.3026	-2.46187
39	97	-22.7883	-33.4745	30.1108	-2.45985
39	98	-22.6001	-33.3987	29.9169	-2.45786
39	99	-22.4095	-33.3206	29.7199	-2.45584
39	100	-22.215	-33.2402	29.5185	-2.45378
39	101	-22.0187	-33.1572	29.3143	-2.45172
39	102	-21.8206	-33.0705	29.1064	-2.44968
39	103	-21.6238	-32.9804	28.8974	-2.44774
39	104	-21.429	-32.8877	28.6884	-2.44588
39	105	-21.2355	-32.7941	28.4799	-2.44405
39	106	-21.0424	-32.7001	28.2715	-2.44221
39	107	-20.8486	-32.6053	28.0623	-2.44035
39	108	-20.6538	-32.5085	27.851	-2.43849
39	109	-20.4588	-32.4085	27.6377	-2.43669
39	110	-20.2652	-32.3048	27.423	-2.43499
39	111	-20.0742	-32.1975	27.2082	-2.43343
39	112	-19.8862	-32.0876	26.994	-2.432
39	113	-19.7	-31.9756	26.7797	-2.43064
39	114	-19.5162	-31.86	26.565	-2.42942
39	115	-19.3381	-31.7358	26.349	-2.42857
39	116	-19.1738	-31.5966	26.1337	-2.42849
39	117	-19.0291	-31.4357	25.9191	-2.42953
39	118	-18.9024	-31.2521	25.7033	-2.43172
39	119	-18.7911	-31.0472	25.4854	-2.43497
39	120	-18.7015	-30.8393	25.2825	-2.43893
39	121	-18.6296	-30.6301	25.0927	-2.44343
39	122	-18.5718	-30.4183	24.9126	-2.44845
39	123	-18.5249	-30.2032	24.7394	-2.45393
39	124	-18.4843	-29.9859	24.5705	-2.45972
39	125	-18.4485	-29.7656	24.4043	-2.4658
39	126	-18.4175	-29.542	24.2408	-2.4722
39	127	-18.3923	-29.3158	24.0812	-2.47892
39	128	-18.3718	-29.0862	23.9244	-2.48596
39	129	-18.3555	-28.8541	23.7706	-2.49328
39	130	-18.3428	-28.6198	23.6197	-2.50086
39	131	-18.3337	-28.3831	23.4715	-2.50871
39	132	-18.3293	-28.1437	23.3273	-2.51688
39	133	-18.3316	-27.9028	23.189	-2.52536
39	134	-18.341	-27.6626	23.0587	-2.5341
43	0	23.4984	-38.6061	33.2534	-0.810905
43	1	23.5225	-38.3167	33.0609	-0.804346
43	2	23.5336	-38.0252	32.8593	-0.797952
43	3	23.5308	-37.734	32.6495	-0.791788
43	4	23.5157	-37.445	32.4338	-0.785856
43	5	23.4903	-37.1576	32.2131	-0.780109
43	6	23.4549	-36.8708	31.9867	-0.774514
43	7	23.4078	-36.584	31.7529	-0.769094
43	8	23.3474	-36.299	31.5117	-0.763928
43	9	23.2816	-36.0546	31.2954	-0.759744
43	10	23.2106	-35.8414	31.0972	-0.756346
43	11	23.1337	-35.6504	30.9104	-0.75356
43	12	23.0419	-35.4783	30.7257	-0.751519
43	13	22.9243	-35.3437	30.5479	-0.750926
43	14	22.77	-35.2367	30.3621	-0.751819
43	15	22.5993	-35.1432	30.1736	-0.753421
43	16	22.4258	-35.0449	29.9799	-0.754988
43	17	22.2459	-34.9475	29.7821	-0.756743
43	18	22.0616	-34.8478	29.5797	-0.758573
43	19	21.8722	-34.7458	29.3722	-0.760486
43	20	21.6798	-34.6441	29.1627	-0.762507
43	21	21.4846	-34.5425	28.9515	-0.764627
43	22	21.2892	-34.4421	28.741	-0.766812
43	23	21.0929	-34.3405	28.5292	-0.769023
43	24	20.8956	-34.2403	28.3179	-0.771326
43	25	20.6967	-34.141	28.1061	-0.773725
43	26	20.4952	-34.0446	27.8947	-0.7763
43	27	20.2942	-33.9456	27.682	-0.778837
43	28	20.0932	-33.8452	27.4686	-0.781375
43	29	19.8928	-33.748	27.2578	-0.784023
43	30	19.6923	-33.652	27.0482	-0.786741
43	31	19.4905	-33.5572	26.8387	-0.789572
43	32	19.2872	-33.463	26.6288	-0.792504
43	33	19.0836	-33.3689	26.4189	-0.79549
43	34	18.8805	-33.2767	26.211	-0.798561
43	35	18.6784	-33.188	26.0067	-0.801749
43	36	18.4769	-33.1052	25.8072	-0.805127
43	37	18.275	-33.0318	25.6144	-0.808824
43	38	18.073	-32.978	25.4363	-0.813111
43	39	17.8664	-32.9451	25.2708	-0.818155
43	40	17.6537	-32.9287	25.1139	-0.823889
43	41	17.4326	-32.9319	24.9666	-0.830474
43	42	17.2194	-32.9553	24.8406	-0.837448
43	43	17.0118	-32.9973	24.7335	-0.844817
43	44	16.8101	-33.0561	24.6443	-0.852524
43	45	16.6127	-33.129	24.5701	-0.860523
43	46	16.4192	-33.2105	24.5064	-0.86868
43	47	16.2288	-33.2968	24.4503	-0.876904
43	48	16.0406	-33.3859	24.3992	-0.885172
43	49	15.8534	-33.4773	24.3523	-0.893497
43	50	15.6681	-33.5722	24.311	-0.901882
43	51	15.4857	-33.6708	24.2761	-0.910295
43	52	15.3067	-33.7719	24.2469	-0.918685
43	53	15.1324	-33.8772	24.2257	-0.92704
43	54	14.963	-33.9848	24.2109	-0.935305
43	55	14.7977	-34.0938	24.2013	-0.943475
43	56	14.6349	-34.2033	24.1952	-0.95158
43	57	14.4752	-34.3166	24.1956	-0.95967
43	58	14.3176	-34.4327	24.201	-0.967759
43	59	14.1673	-34.5589	24.2205	-0.975825
43	60	14.0233	-34.6949	24.2532	-0.983883
43	61	13.892	-34.8477	24.3085	-0.991864
43	62	13.7686	-35.0155	24.3822	-0.999864
43	63	13.658	-35.2032	24.4812	-1.00781
43	64	13.5661	-35.3928	24.5931	-1.01509
43	65	13.4945	-35.5872	24.721	-1.02169
43	66	13.4382	-35.7872	24.8627	-1.02782
43	67	13.3937	-35.9915	25.015	-1.03357
43	68	13.355	-36.1988	25.1737	-1.0391
43	69	13.3227	-36.4083	25.3382	-1.04439
43	70	13.2957	-36.6204	25.5084	-1.04949
43	71	13.2759	-36.8338	25.6839	-1.05429
43	72	13.2613	-37.0462	25.8616	-1.05884
43	73	13.251	-37.2558	26.0396	-1.06313
43	74	13.2452	-37.4655	26.2202	-1.06721
43	75	13.2432	-37.6746	26.4025	-1.0711
43	76	13.2435	-37.8826	26.5855	-1.07484
43	77	13.2464	-38.0892	26.7687	-1.07841
43	78	13.2555	-38.2979	26.9571	-1.08178
43	79	13.2705	-38.5068	27.1487	-1.0849
43	80	13.2913	-38.7139	27.3417	-1.08777
43	81	13.3147	-38.9181	27.5334	-1.09046
43	82	13.3414	-39.1184	27.7235	-1.09294
43	83	13.3676	-39.3152	27.9104	-1.09535
43	84	13.4	-39.5118	28.1001	-1.09753
43	85	13.4351	-39.7076	28.2904	-1.09958
43	86	13.4762	-39.9006	28.4811	-1.10137
43	87	13.5195	-40.0903	28.6699	-1.10302
43	88	13.5675	-40.2749	28.8564	-1.10442
43	89	13.6199	-40.4564	29.0421	-1.10561
43	90	13.6771	-40.6336	29.2261	-1.10659
43	91	13.737	-40.8066	29.4076	-1.1074
43	92	13.7998	-40.9761	29.5874	-1.10806
43	93	13.8667	-41.1438	29.7672	-1.10856
43	94	13.94	-41.3091	29.9479	-1.10883
43	95	14.0226	-41.4707	30.1294	-1.10877
43	96	14.1152	-41.6285	30.312	-1.10836
43	97	14.2289	-41.7782	30.4966	-1.10721
43	98	14.3518	-41.9283	30.6859	-1.10581
43	99	14.4925	-42.0475	30.8556	-1.10347
43	100	14.631	-42.1552	31.0142	-1.10105
43	101	14.7858	-42.2313	31.1524	-1.09773
43	102	14.9412	-42.3025	31.2867	-1.09434
43	103	15.0987	-42.3704	31.4194	-1.09088
43	104	15.2599	-42.4334	31.55	-1.08727
43	105	15.4246	-42.4928	31.6793	-1.08354
43	106	15.5931	-42.5509	31.8098	-1.07971
43	107	15.7668	-42.6068	31.9413	-1.07574
43	108	15.945	-42.6586	32.0718	-1.07162
43	109	16.127	-42.7075	32.2022	-1.06738
43	110	16.3129	-42.7512	32.3304	-1.063
43	111	16.501	-42.7932	32.4589	-1.05856
43	112	16.6912	-42.8318	32.5861	-1.05406
43	113	16.883	-42.8696	32.714	-1.04953
43	114	17.077	-42.906	32.8425	-1.04496
43	115	17.2719	-42.9405	32.9706	-1.04037
43	116	17.469	-42.9726	33.0983	-1.03573
43	117	17.6669	-43.0003	33.2235	-1.03103
43	118	17.8656	-43.0232	33.3456	-1.02627
43	119	18.0644	-43.0424	33.4654	-1.02148
43	120	18.2629	-43.0581	33.5828	-1.01669
43	121	18.4611	-43.0723	33.6996	-1.01191
43	122	18.6599	-43.0847	33.8158	-1.00712
43	123	18.86	-43.096	33.9327	-1.00231
43	124	19.0625	-43.1052	34.0499	-0.997442
43	125	19.2674	-43.112	34.1671	-0.992514
43	126	19.474	-43.1155	34.2835	-0.987522
43	127	19.6818	-43.1162	34.3989	-0.98249
43	128	19.8903	-43.1144	34.5136	-0.977438
43	129	20.0997	-43.1113	34.6285	-0.972374
43	130	20.3107	-43.1073	34.7445	-0.96729
43	131	20.5242	-43.1016	34.8614	-0.962156
43	132	20.7412	-43.0903	34.9768	-0.956883
43	133	20.9597	-43.0885	35.1017	-0.951764
43	134	21.1504	-43.0362	35.1701	-0.946485
43	135	21.3243	-42.9312	35.1871	-0.94073
43	136	21.4868	-42.8042	35.1809	-0.934872
43	137	21.6447	-42.6603	35.1595	-0.928828
43	138	21.803	-42.4958	35.1233	-0.922413
43	139	21.9668	-42.3041	35.0703	-0.91539
43	140	22.1425	-42.0767	34.9982	-0.90745
43	141	22.3111	-41.8429	34.919	-0.899522
43	142	22.4722	-41.6015	34.8312	-0.89159
43	143	22.6231	-41.3519	34.7329	-0.883696
43	144	22.7618	-41.0958	34.6239	-0.875906
43	145	22.8888	-40.8355	34.5063	-0.868247
43	146	23.006	-40.5716	34.3816	-0.860687
43	147	23.114	-40.3029	34.2492	-0.853181
43	148	23.2112	-40.0278	34.1069	-0.845729
43	149	23.2948	-39.7467	33.9528	-0.838396
43	150	23.3634	-39.4625	33.7882	-0.831262
43	151	23.4187	-39.1777	33.6159	-0.824338
43	152	23.4634	-38.8927	33.4378	-0.817569
44	0	-13.161	-38.1679	27.3734	-2.0972
44	1	-13.1729	-37.9585	27.1985	-2.10144
44	2	-13.1883	-37.752	27.0284	-2.1058
44	3	-13.2101	-37.5448	26.8616	-2.11043
44	4	-13.2373	-37.3385	26.6989	-2.11528
44	5	-13.2692	-37.134	26.5409	-2.1203
44	6	-13.3042	-36.9314	26.3867	-2.12544
44	7	-13.3429	-36.7308	26.2369	-2.13072
44	8	-13.3845	-36.5319	26.0909	-2.13612
44	9	-13.4311	-36.3355	25.9504	-2.14169
44	10	-13.4835	-36.1398	25.8145	-2.1475
44	11	-13.5446	-35.9461	25.6859	-2.1536
44	12	-13.6162	-35.7557	25.5669	-2.16004
44	13	-13.7041	-35.5695	25.4616	-2.16697
44	14	-13.8078	-35.3837	25.3667	-2.17446
44	15	-13.9302	-35.1976	25.2838	-2.18263
44	16	-14.0601	-35.0265	25.2192	-2.19074
44	17	-14.1999	-34.8676	25.172	-2.19893
44	18	-14.3498	-34.7167	25.1388	-2.20728
44	19	-14.5073	-34.5708	25.1161	-2.21578
44	20	-14.6704	-34.4281	25.101	-2.22439
44	21	-14.8348	-34.2924	25.0941	-2.23288
44	22	-15.0013	-34.1619	25.0944	-2.24131
44	23	-15.1685	-34.0343	25.0992	-2.24969
44	24	-15.3335	-33.9087	25.106	-2.25794
44	25	-15.4997	-33.7819	25.1142	-2.26626
44	26	-15.6699	-33.6562	25.1277	-2.27467
44	27	-15.8443	-33.5338	25.1481	-2.2831
44	28	-16.0215	-33.4165	25.176	-2.29148
44	29	-16.2025	-33.3009	25.2095	-2.2999
44	30	-16.3856	-33.1883	25.2484	-2.30828
44	31	-16.5695	-33.0797	25.2926	-2.31655
44	32	-16.7549	-32.9716	25.3398	-2.32482
44	33	-16.9422	-32.8654	25.3914	-2.33306
44	34	-17.1318	-32.7622	25.4486	-2.34124
44	35	-17.3254	-32.6635	25.5135	-2.34939
44	36	-17.5236	-32.5722	25.5885	-2.35741
44	37	-17.7257	-32.5019	25.6826	-2.3649
44	38	-17.9326	-32.4487	25.7935	-2.372
44	39	-18.1461	-32.4171	25.9255	-2.3786
44	40	-18.3458	-32.3999	26.0583	-2.38437
44	41	-18.5348	-32.4096	26.2026	-2.38906
44	42	-18.7146	-32.428	26.3467	-2.39321
44	43	-18.8864	-32.473	26.5033	-2.39638
44	44	-19.0572	-32.5177	26.6593	-2.39949
44	45	-19.2261	-32.5722	26.8207	-2.40225
44	46	-19.3974	-32.6278	26.9848	-2.405
44	47	-19.5717	-32.6871	27.1539	-2.4077
44	48	-19.7473	-32.7519	27.3278	-2.41024
44	49	-19.9243	-32.8214	27.506	-2.41266
44	50	-20.1021	-32.8955	27.6881	-2.41494
44	51	-20.2801	-32.973	27.8727	-2.41711
44	52	-20.4584	-33.0521	28.0587	-2.41921
44	53	-20.6366	-33.1328	28.2458	-2.42123
44	54	-20.815	-33.2139	28.4335	-2.42323
44	55	-20.9933	-33.2961	28.6218	-2.42517
44	56	-21.171	-33.3794	28.8106	-2.42704
44	57	-21.3471	-33.4639	28.999	-2.42881
44	58	-21.526	-33.55	29.1907	-2.43059
44	59	-21.7063	-33.6373	29.3843	-2.43235
44	60	-21.8871	-33.7253	29.5789	-2.43407
44	61	-22.0676	-33.8142	29.774	-2.43574
44	62	-22.2477	-33.9042	29.9694	-2.43735
44	63	-22.427	-33.9959	30.1655	-2.43888
44	64	-22.6079	-34.09	30.3643	-2.44037
44	65	-22.7882	-34.1891	30.566	-2.4417
44	66	-22.9625	-34.2988	30.7701	-2.44262
44	67	-23.1396	-34.396	30.9682	-2.4439
44	68	-23.2608	-34.5318	31.1483	-2.44305
44	69	-23.336	-34.7165	31.3249	-2.44008
44	70	-23.4261	-34.9018	31.5133	-2.43744
44	71	-23.4998	-35.1063	31.7021	-2.43402
44	72	-23.5606	-35.3356	31.8977	-2.4298
44	73	-23.6109	-35.5983	32.1078	-2.42463
44	74	-23.6527	-35.9056	32.3418	-2.41832
44	75	-23.6838	-36.2166	32.5717	-2.41179
44	76	-23.7025	-36.5306	32.7957	-2.40503
44	77	-23.7072	-36.8449	33.0111	-2.39808
44	78	-23.6995	-37.1571	33.2176	-2.391
44	79	-23.6818	-37.4673	33.4171	-2.38385
44	80	-23.6546	-37.777	33.6111	-2.3766
44	81	-23.6161	-38.0871	33.799	-2.36919
44	82	-23.5643	-38.3961	33.9785	-2.36162
44	83	-23.4999	-38.7012	34.1483	-2.35394
44	84	-23.4255	-39.002	34.31	-2.34622
44	85	-23.3427	-39.2998	34.4657	-2.33845
44	86	-23.2505	-39.5962	34.616	-2.33059
44	87	-23.146	-39.8908	34.7588	-2.32257
44	88	-23.0278	-40.1809	34.8911	-2.31442
44	89	-22.8974	-40.4639	35.0123	-2.30621
44	90	-22.7576	-40.7401	35.1245	-2.29798
44	91	-22.6094	-41.0114	35.2299	-2.28972
44	92	-22.4513	-41.2786	35.3281	-2.28137
44	93	-22.2819	-41.5402	35.4171	-2.27293
44	94	-22.1019	-41.7938	35.4957	-2.26444
44	95	-21.914	-42.0387	35.5652	-2.25597
44	96	-21.7461	-42.2408	35.6163	-2.24873
44	97	-21.5918	-42.4101	35.6522	-2.24238
44	98	-21.4462	-42.5559	35.6763	-2.23665
44	99	-21.3063	-42.6878	35.6941	-2.23128
44	100	-21.1615	-42.8043	35.6978	-2.22608
44	101	-21.0134	-42.9127	35.694	-2.22094
44	102	-20.8482	-42.9655	35.6364	-2.21635
44	103	-20.6614	-42.9943	35.5474	-2.21166
44	104	-20.4693	-43.0045	35.4411	-2.20715
44	105	-20.2754	-43.0181	35.3372	-2.20251
44	106	-20.0809	-43.0294	35.2318	-2.19786
44	107	-19.8853	-43.0373	35.1238	-2.19322
44	108	-19.6895	-43.0435	35.0151	-2.18857
44	109	-19.4923	-43.0493	34.906	-2.18387
44	110	-19.2944	-43.0542	34.7965	-2.17914
44	111	-19.0952	-43.0563	34.6847	-2.17439
44	112	-18.8944	-43.0569	34.5717	-2.1696
44	113	-18.6921	-43.0547	34.4562	-2.16478
44	114	-18.491	-43.0504	34.3405	-2.16
44	115	-18.2907	-43.0441	34.2244	-2.15524
44	116	-18.0922	-43.0356	34.1082	-2.15052
44	117	-17.8947	-43.0259	33.9922	-2.14582
44	118	-17.6973	-43.0135	33.8748	-2.14113
44	119	-17.4996	-42.9999	33.757	-2.13641
44	120	-17.3016	-42.9827	33.6367	-2.13172
44	121	-17.1031	-42.9638	33.5155	-2.12701
44	122	-16.9048	-42.941	33.3918	-2.12232
44	123	-16.7064	-42.9165	33.2673	-2.11763
44	124	-16.5076	-42.8883	33.1402	-2.11295
44	125	-16.3102	-42.8589	33.0135	-2.10829
44	126	-16.1135	-42.8254	32.8844	-2.10367
44	127	-15.9162	-42.7909	32.7549	-2.09901
44	128	-15.7191	-42.751	32.6214	-2.09441
44	129	-15.522	-42.7092	32.487	-2.0898
44	130	-15.3249	-42.6622	32.3487	-2.08523
44	131	-15.1279	-42.6139	32.2101	-2.08065
44	132	-14.932	-42.5621	32.0696	-2.0761
44	133	-14.7366	-42.5088	31.9287	-2.07155
44	134	-14.542	-42.4525	31.7862	-2.06703
44	135	-14.3513	-42.3885	31.6395	-2.0627
44	136	-14.1714	-42.3093	31.4849	-2.05885
44	137	-14.0065	-42.2007	31.3118	-2.05583
44	138	-13.8357	-42.0985	31.1419	-2.0525
44	139	-13.6914	-41.9851	30.9747	-2.05007
44	140	-13.603	-41.8379	30.8033	-2.04972
44	141	-13.5104	-41.6823	30.6225	-2.04938
44	142	-13.4555	-41.4772	30.4152	-2.05089
44	143	-13.4042	-41.2726	30.2101	-2.05251
44	144	-13.3594	-41.067	30.0072	-2.05436
44	145	-13.3209	-40.8614	29.8073	-2.05643
44	146	-13.287	-40.6563	29.6102	-2.05865
44	147	-13.2552	-40.4515	29.4145	-2.06095
44	148	-13.2278	-40.2469	29.2211	-2.06342
44	149	-13.2042	-40.0402	29.028	-2.06607
44	150	-13.1853	-39.8328	28.8365	-2.06891
44	151	-13.1695	-39.6262	28.6477	-2.07188
44	152	-13.1594	-39.4174	28.4598	-2.07509
44	153	-13.1532	-39.2086	28.2742	-2.07847
44	154	-13.1495	-39.0013	28.0914	-2.08194
44	155	-13.1471	-38.7961	27.9115	-2.08546
44	156	-13.1481	-38.5882	27.7311	-2.08918
44	157	-13.1527	-38.3784	27.5514	-2.0931
48	0	22.0354	-45.6443	37.8122	-0.967814
48	1	21.9612	-45.3622	37.5379	-0.96518
48	2	21.8757	-45.0822	37.2591	-0.962788
48	3	21.7772	-44.8053	36.9757	-0.960699
48	4	21.6811	-44.5743	36.7313	-0.959238
48	5	21.5861	-44.3809	36.5184	-0.958329
48	6	21.4906	-44.2172	36.3296	-0.957889
48	7	21.3931	-44.0754	36.1575	-0.957839
48	8	21.2913	-43.9492	35.9957	-0.958134
48	9	21.1756	-43.8443	35.8434	-0.959093
48	10	21.0358	-43.7892	35.7182	-0.961412
48	11	20.8664	-43.7746	35.6094	-0.965077
48	12	20.6932	-43.7644	35.5027	-0.968925
48	13	20.5154	-43.7535	35.3933	-0.972892
48	14	20.334	-43.7447	35.2843	-0.977
48	15	20.1492	-43.7358	35.1737	-0.981213
48	16	19.961	-43.7267	35.0619	-0.98553
48	17	19.7701	-43.7178	34.9494	-0.989943
48	18	19.5774	-43.7089	34.8366	-0.994426
48	19	19.3841	-43.702	34.7257	-0.998986
48	20	19.1908	-43.6941	34.6148	-1.00356
48	21	18.9976	-43.6843	34.5031	-1.00813
48	22	18.804	-43.6771	34.3942	-1.01278
48	23	18.6098	-43.6674	34.2835	-1.01743
48	24	18.4152	-43.6532	34.1695	-1.02206
48	25	18.2207	-43.6358	34.0536	-1.02667
48	26	18.0275	-43.6183	33.9389	-1.03127
48	27	17.8364	-43.6058	33.8304	-1.03593
48	28	17.6488	-43.5925	33.7237	-1.04051
48	29	17.4609	-43.5715	33.6109	-1.04502
48	30	17.2725	-43.5426	33.4916	-1.04945
48	31	17.0829	-43.507	33.3667	-1.05385
48	32	16.8916	-43.4688	33.2392	-1.05828
48	33	16.6981	-43.4341	33.1145	-1.06286
48	34	16.5043	-43.3985	32.9894	-1.06747
48	35	16.3107	-43.3619	32.8643	-1.07209
48	36	16.1168	-43.3271	32.7414	-1.07678
48	37	15.9228	-43.2922	32.6191	-1.08151
48	38	15.728	-43.2593	32.4988	-1.08633
48	39	15.5316	-43.226	32.3783	-1.09122
48	40	15.3338	-43.1936	32.2587	-1.09619
48	41	15.136	-43.1629	32.1414	-1.10123
48	42	14.939	-43.1365	32.0291	-1.10634
48	43	14.7433	-43.1167	31.9242	-1.11155
48	44	14.5489	-43.1064	31.8292	-1.11688
48	45	14.3553	-43.1126	31.7504	-1.12244
48	46	14.1613	-43.1452	31.6962	-1.12841
48	47	13.9653	-43.2082	31.6699	-1.13485
48	48	13.7666	-43.3003	31.6703	-1.14176
48	49	13.586	-43.4166	31.7017	-1.14847
48	50	13.4214	-43.5569	31.7629	-1.15501
48	51	13.2731	-43.717	31.85	-1.1613
48	52	13.1394	-43.8903	31.9563	-1.1673
48	53	13.0243	-44.0792	32.0853	-1.1729
48	54	12.9292	-44.2816	32.2355	-1.17806
48	55	12.8593	-44.4815	32.3937	-1.18241
48	56	12.8092	-44.6793	32.5581	-1.18614
48	57	12.7739	-44.8776	32.7288	-1.18941
48	58	12.7488	-45.0776	32.9052	-1.19238
48	59	12.7297	-45.2805	33.0869	-1.19518
48	60	12.7154	-45.4871	33.2739	-1.19786
48	61	12.7069	-45.697	33.4664	-1.20038
48	62	12.705	-45.9078	33.6623	-1.2027
48	63	12.7083	-46.1188	33.8605	-1.20486
48	64	12.7145	-46.3299	34.0599	-1.2069
48	65	12.7221	-46.5418	34.2607	-1.2089
48	66	12.7319	-46.7536	34.4623	-1.21081
48	67	12.7443	-46.9665	34.666	-1.21263
48	68	12.7601	-47.181	34.8724	-1.21437
48	69	12.7799	-47.3964	35.0813	-1.21598
48	70	12.8036	-47.6115	35.2912	-1.21747
48	71	12.8302	-47.8249	35.5006	-1.21885
48	72	12.8581	-48.0363	35.7088	-1.22015
48	73	12.8864	-48.2464	35.9159	-1.22142
48	74	12.9146	-48.4564	36.1229	-1.22268
48	75	12.9436	-48.6674	36.3311	-1.22391
48	76	12.9747	-48.8796	36.5412	-1.22508
48	77	13.0095	-49.0922	36.7531	-1.22615
48	78	13.0485	-49.3036	36.9653	-1.22709
48	79	13.0914	-49.512	37.1759	-1.22789
48	80	13.1371	-49.716	37.3835	-1.22858
48	81	13.1845	-49.9157	37.5875	-1.22917
48	82	13.2323	-50.117	37.7931	-1.22977
48	83	13.2807	-50.3203	38.001	-1.23036
48	84	13.331	-50.5259	38.2115	-1.23091
48	85	13.3843	-50.7326	38.4242	-1.2314
48	86	13.4415	-50.9389	38.6378	-1.23178
48	87	13.5028	-51.1428	38.8504	-1.23204
48	88	13.5666	-51.3435	39.061	-1.2322
48	89	13.6311	-51.5458	39.2732	-1.23236
48	90	13.6963	-51.7499	39.4874	-1.23252
48	91	13.7638	-51.9558	39.704	-1.23264
48	92	13.8359	-52.1624	39.9228	-1.23265
48	93	13.9161	-52.367	40.1424	-1.23246
48	94	14.0101	-52.5616	40.3572	-1.23186
48	95	14.1268	-52.7216	40.5469	-1.23046
48	96	14.2895	-52.8376	40.7107	-1.22764
48	97	14.4653	-52.935	40.8618	-1.2244
48	98	14.6546	-53.0191	41.0055	-1.22075
48	99	14.8639	-53.0914	41.1455	-1.21657
48	100	15.1012	-53.153	41.2861	-1.2117
48	101	15.3772	-53.2055	41.4329	-1.20591
48	102	15.6584	-53.2453	41.5713	-1.19993
48	103	15.9442	-53.2693	41.6979	-1.19375
48	104	16.2314	-53.2749	41.8098	-1.18741
48	105	16.5167	-53.264	41.9072	-1.181
48	106	16.7991	-53.2403	41.9935	-1.17457
48	107	17.0801	-53.206	42.0712	-1.16809
48	108	17.3613	-53.1599	42.1399	-1.16152
48	109	17.6421	-53.0992	42.1969	-1.15485
48	110	17.9198	-53.0219	42.2394	-1.14809
48	111	18.1916	-52.9298	42.2678	-1.14133
48	112	18.4575	-52.8259	42.285	-1.13459
48	113	18.7192	-52.7115	42.2929	-1.12784
48	114	18.9775	-52.5849	42.2902	-1.12104
48	115	19.2305	-52.4435	42.2738	-1.1142
48	116	19.4749	-52.287	42.2421	-1.10737
48	117	19.709	-52.1186	42.1971	-1.10062
48	118	19.9344	-51.9415	42.1422	-1.09395
48	119	20.1532	-51.7565	42.0792	-1.08731
48	120	20.366	-51.5615	42.0064	-1.08067
48	121	20.57	-51.3541	41.9203	-1.07405
48	122	20.7627	-51.1352	41.8207	-1.0675
48	123	20.943	-50.9078	41.7092	-1.06109
48	124	21.1123	-50.674	41.5886	-1.05479
48	125	21.2725	-50.4336	41.4593	-1.04857
48	126	21.4233	-50.1844	41.3194	-1.0424
48	127	21.5618	-49.9251	41.166	-1.03632
48	128	21.6847	-49.6575	40.9991	-1.03041
48	129	21.792	-49.3855	40.8217	-1.02473
48	130	21.8865	-49.1112	40.637	-1.01924
48	131	21.9705	-48.8337	40.4453	-1.01387
48	132	22.0437	-48.5514	40.2448	-1.00862
48	133	22.1035	-48.2637	40.0338	-1.00353
48	134	22.1479	-47.9731	39.8131	-0.998663
48	135	22.178	-47.6826	39.5856	-0.99405
48	136	22.1967	-47.3929	39.3533	-0.989639
48	137	22.2054	-47.1026	39.1158	-0.985378
48	138	22.2027	-46.8098	38.8706	-0.981274
48	139	22.1851	-46.5145	38.6157	-0.977402
48	140	22.15	-46.2199	38.352	-0.973864
48	141	22.099	-45.9296	38.0834	-0.970688
49	0	-13.3961	-47.091	35.4658	-1.97622
49	1	-13.3747	-46.8773	35.261	-1.97806
49	2	-13.3549	-46.6628	35.0562	-1.97996
49	3	-13.3367	-46.4467	34.8509	-1.98195
49	4	-13.321	-46.2285	34.6446	-1.98405
49	5	-13.3091	-46.0081	34.4381	-1.98631
49	6	-13.3015	-45.7865	34.2324	-1.98872
49	7	-13.2964	-45.5638	34.0269	-1.99124
49	8	-13.2929	-45.3408	33.822	-1.99383
49	9	-13.2901	-45.1165	33.6164	-1.9965
49	10	-13.2883	-44.89	33.4095	-1.99925
49	11	-13.289	-44.6608	33.2015	-2.00213
49	12	-13.2944	-44.4294	32.9937	-2.00521
49	13	-13.3055	-44.1976	32.7882	-2.0085
49	14	-13.3264	-43.9694	32.5906	-2.01204
49	15	-13.3537	-43.7638	32.4166	-2.01552
49	16	-13.3931	-43.5805	32.2682	-2.01906
49	17	-13.4535	-43.4264	32.1558	-2.02283
49	18	-13.5632	-43.3076	32.0972	-2.02752
49	19	-13.6842	-43.2367	32.0872	-2.03188
49	20	-13.8307	-43.2027	32.1223	-2.03644
49	21	-13.979	-43.1901	32.1779	-2.04073
49	22	-14.1443	-43.1877	32.2509	-2.04533
49	23	-14.3176	-43.2048	32.3457	-2.04986
49	24	-14.4927	-43.2256	32.4452	-2.05435
49	25	-14.6703	-43.2469	32.547	-2.05888
49	26	-14.8495	-43.2693	32.6512	-2.06341
49	27	-15.0287	-43.2929	32.757	-2.06789
49	28	-15.2081	-43.317	32.864	-2.07233
49	29	-15.388	-43.3415	32.9723	-2.07676
49	30	-15.5684	-43.3664	33.0818	-2.08117
49	31	-15.749	-43.3917	33.1925	-2.08554
49	32	-15.9317	-43.4191	33.3066	-2.08991
49	33	-16.1157	-43.4463	33.4218	-2.09429
49	34	-16.301	-43.4694	33.5348	-2.09873
49	35	-16.4869	-43.4903	33.6468	-2.10319
49	36	-16.6728	-43.5146	33.7624	-2.10756
49	37	-16.8594	-43.5363	33.8769	-2.11197
49	38	-17.0473	-43.5528	33.9881	-2.11646
49	39	-17.236	-43.5648	34.0966	-2.12101
49	40	-17.4243	-43.5754	34.2046	-2.12554
49	41	-17.6107	-43.5901	34.3156	-2.12993
49	42	-17.7943	-43.6034	34.4245	-2.13425
49	43	-17.9743	-43.6154	34.5311	-2.13847
49	44	-18.155	-43.6279	34.6391	-2.14267
49	45	-18.3368	-43.6352	34.7439	-2.14696
49	46	-18.5199	-43.6374	34.8459	-2.15133
49	47	-18.7042	-43.6421	34.9512	-2.15567
49	48	-18.8892	-43.6447	35.0559	-2.16003
49	49	-19.074	-43.6455	35.1596	-2.16438
49	50	-19.2571	-43.6519	35.2676	-2.16859
49	51	-19.4417	-43.6539	35.3735	-2.17287
49	52	-19.6269	-43.6522	35.4773	-2.1772
49	53	-19.8125	-43.6537	35.5846	-2.18146
49	54	-19.9981	-43.6525	35.6904	-2.18574
49	55	-20.1834	-43.6455	35.7919	-2.19008
49	56	-20.3703	-43.6287	35.8871	-2.19459
49	57	-20.5582	-43.6032	35.9765	-2.19925
49	58	-20.7467	-43.5954	36.0813	-2.2036
49	59	-20.8858	-43.6566	36.2131	-2.2057
49	60	-21.0006	-43.7519	36.3579	-2.20668
49	61	-21.0984	-43.8648	36.5068	-2.207
49	62	-21.1843	-43.9915	36.6598	-2.20683
49	63	-21.2619	-44.1343	36.8208	-2.20623
49	64	-21.3336	-44.2982	36.9952	-2.20516
49	65	-21.4012	-44.4893	37.1893	-2.20357
49	66	-21.4669	-44.7147	37.41	-2.20143
49	67	-21.5332	-44.9823	37.6653	-2.19866
49	68	-21.5896	-45.2508	37.9159	-2.19571
49	69	-21.6369	-45.5201	38.1622	-2.19258
49	70	-21.6744	-45.7913	38.4047	-2.18926
49	71	-21.7003	-46.0645	38.6426	-2.18571
49	72	-21.7128	-46.3385	38.8738	-2.18191
49	73	-21.7122	-46.6109	39.0969	-2.1779
49	74	-21.7004	-46.8803	39.3118	-2.17374
49	75	-21.6792	-47.1474	39.5201	-2.16946
49	76	-21.6489	-47.4133	39.7231	-2.16506
49	77	-21.6079	-47.6789	39.9206	-2.16049
49	78	-21.5537	-47.9434	40.1108	-2.15569
49	79	-21.4848	-48.2045	40.2909	-2.15069
49	80	-21.4023	-48.4596	40.4596	-2.14553
49	81	-21.3088	-48.7079	40.6178	-2.14028
49	82	-21.206	-48.9505	40.7673	-2.13494
49	83	-21.0941	-49.1887	40.9093	-2.12952
49	84	-20.9716	-49.4225	41.0432	-2.12397
49	85	-20.8372	-49.6504	41.1672	-2.11828
49	86	-20.6911	-49.8703	41.2796	-2.11249
49	87	-20.5355	-50.0809	41.3805	-2.10664
49	88	-20.3724	-50.2828	41.4716	-2.10077
49	89	-20.2029	-50.4774	41.5546	-2.09489
49	90	-20.0261	-50.6657	41.6299	-2.08895
49	91	-19.8409	-50.8476	41.6969	-2.08293
49	92	-19.6457	-51.0203	41.7526	-2.07682
49	93	-19.4409	-51.1813	41.7949	-2.07067
49	94	-19.2288	-51.3296	41.8242	-2.06452
49	95	-19.0118	-51.4664	41.8425	-2.05841
49	96	-18.7909	-51.5935	41.8521	-2.05232
49	97	-18.5655	-51.712	41.8535	-2.04623
49	98	-18.3344	-51.8209	41.8454	-2.04013
49	99	-18.0975	-51.9183	41.8259	-2.03403
49	100	-17.856	-52.0024	41.794	-2.02796
49	101	-17.6119	-52.0734	41.7507	-2.02196
49	102	-17.3668	-52.1329	41.6981	-2.01605
49	103	-17.1205	-52.1826	41.6376	-2.0102
49	104	-16.8721	-52.2227	41.5689	-2.00438
49	105	-16.6207	-52.2513	41.49	-1.99859
49	106	-16.3668	-52.2658	41.3984	-1.99287
49	107	-16.1124	-52.2641	41.2934	-1.98726
49	108	-15.8606	-52.2468	41.1763	-1.98184
49	109	-15.6131	-52.2161	41.0498	-1.97661
49	110	-15.4035	-52.1759	40.9305	-1.97229
49	111	-15.2225	-52.1263	40.8144	-1.96869
49	112	-15.0626	-52.0674	40.6983	-1.96563
49	113	-14.9176	-51.9985	40.579	-1.96298
49	114	-14.7853	-51.9176	40.4538	-1.96072
49	115	-14.6724	-51.8141	40.3153	-1.95911
49	116	-14.5807	-51.6859	40.1619	-1.9582
49	117	-14.5055	-51.5235	39.9831	-1.958
49	118	-14.4373	-51.3552	39.8015	-1.95801
49	119	-14.3685	-51.1828	39.616	-1.95804
49	120	-14.2983	-51.007	39.4266	-1.95808
49	121	-14.2298	-50.8278	39.2348	-1.95819
49	122	-14.1643	-50.6459	39.0416	-1.95839
49	123	-14.1019	-50.4622	38.848	-1.95869
49	124	-14.042	-50.2772	38.6541	-1.95907
49	125	-13.9841	-50.0909	38.4598	-1.95951
49	126	-13.9279	-49.9029	38.2645	-1.96001
49	127	-13.874	-49.7125	38.0679	-1.9606
49	128	-13.8238	-49.5197	37.8705	-1.96131
49	129	-13.7784	-49.3251	37.6732	-1.96216
49	130	-13.7381	-49.1301	37.4777	-1.96315
49	131	-13.6997	-48.9337	37.2815	-1.96421
49	132	-13.6621	-48.7366	37.0851	-1.96532
49	133	-13.6248	-48.539	36.8884	-1.96644
49	134	-13.5874	-48.3402	36.6905	-1.96759
49	135	-13.55	-48.1392	36.4908	-1.96877
49	136	-13.5134	-47.9352	36.2885	-1.97002
49	137	-13.4788	-47.7276	36.0838	-1.97137
49	138	-13.4474	-47.517	35.8777	-1.97286
49	139	-13.42	-47.3044	35.6714	-1.97448
