# CellID	Layer	Boundary	Stem	Area	Perimeter	CenterX	CenterY	WUS	CK	Neighbors	IsDividing	Volume	Circularity	WallNodeCount	CytNodeCount	CenterDist	CenterAngle	IsBuffer	ThetaLocal
# Units	-	-	-	-	um^2	um	um	um	-	-	count	-	um^3	-	count	count	um	rad	-	rad
0	1	0	0	112.284	39.4812	13.2895	15.4133	58.3678	0	0	0	112.284	0.905209	132	30	30.404	1.24336	0	0
1	1	0	0	107.455	38.2719	0.327421	17.302	57.4868	0	0	0	107.455	0.921884	138	30	30.842	1.6742	0	0
2	1	0	0	72.2208	30.8097	24.6556	9.92469	56.549	0	0	0	72.2208	0.95609	97	22	31.464	0.833855	0	0
3	1	0	0	86.5916	33.6582	-11.5629	14.7927	55.0542	0	0	0	86.5916	0.960516	135	22	31.9477	2.06216	0	0
4	1	0	0	75.9458	31.6192	34.0001	4.71428	51.9741	0	0	0	75.9458	0.954578	112	22	35.4516	0.535488	0	0
5	1	0	0	103.848	37.5327	-24.1945	12.6216	48.6374	0	0	0	103.848	0.926379	140	30	37.9925	2.388	0	0
6	1	0	0	101.601	37.1135	43.3228	-0.425731	46.1087	0	0	0	101.601	0.926926	133	30	41.8649	0.314475	0	0
7	1	0	0	91.171	35.4004	-35.3101	5.91317	43.3272	0	0	0	91.171	0.914218	129	22	43.3488	2.68046	0	0
8	1	1	0	84.4648	33.1387	51.1942	-7.96912	41.059	0	0	0	84.4648	0.966529	140	30	47.9887	0.112895	0	0
9	1	1	0	84.1477	33.1031	-43.4148	-2.24854	39.1967	0	0	0	84.1477	0.964972	147	30	48.2269	2.90878	0	0
10	2	0	0	94.8718	35.4439	6.06447	7.49412	67.6038	0	0	0	94.8718	0.948994	120	30	21.0251	1.44905	0	0
11	2	0	0	98.6676	35.9268	16.2123	4.79407	65.9028	0	0	0	98.6676	0.960608	146	30	22.1687	0.960706	0	0
12	2	0	0	96.0671	35.4816	-4.25331	7.56578	64.4916	0	0	0	96.0671	0.958913	135	30	22.3341	1.92585	0	0
13	2	0	0	90.0797	34.1949	26.0801	-0.284954	60.0255	0	0	0	90.0797	0.968084	133	30	26.0907	0.525591	0	0
14	2	0	0	90.2273	34.5569	-16.0555	6.07213	57.233	0	0	0	90.2273	0.949461	142	30	27.5871	2.35925	0	0
15	2	0	0	72.069	30.5183	35.212	-5.60066	52.8101	0	0	0	72.069	0.972384	117	22	32.6405	0.240502	0	0
16	2	0	0	97.4441	35.9601	-26.7239	2.24732	49.9557	0	0	0	97.4441	0.94694	150	30	34.0325	2.66467	0	0
17	2	1	0	79.7144	32.6067	43.6274	-11.4847	46.0614	0	0	0	79.7144	0.942177	143	30	40.1609	0.0470928	0	0
18	2	1	0	78.2711	32.508	-35.955	-5.26371	44.1109	0	0	0	78.2711	0.930747	150	30	40.291	2.93888	0	0
19	3	0	0	75.1914	31.781	10.0342	-4.37433	77.8694	86.3348	0	0	75.1914	0.935496	111	22	11.1162	0.943666	0	0
20	3	0	0	91.1365	34.5414	0.850463	-2.86624	77.0863	84.3651	0	0	91.1365	0.959893	132	30	10.8406	1.81875	0	0
21	3	0	0	73.037	30.9487	18.1656	-7.01492	69.0764	82.987	0	0	73.037	0.958225	113	22	15.9754	0.409484	0	0
22	3	0	0	93.8928	34.9992	-9.32162	-2.77223	66.8501	77.5444	0	0	93.8928	0.963223	148	30	16.6463	2.45104	0	0
23	3	0	0	73.2688	30.7775	27.052	-10.8603	59.7073	75.4066	0	0	73.2688	0.971992	115	22	23.675	0.106431	0	0
24	3	0	0	90.5126	34.87	-19.4475	-4.92911	57.1445	69.1014	0	0	90.5126	0.935437	164	30	24.4628	2.78907	0	0
25	3	1	0	78.2227	31.8745	35.4702	-15.7992	51.537	66.99	0	0	78.2227	0.967508	146	30	32.0511	-0.0756996	0	0
26	3	1	0	73.2906	31.2955	-28.6559	-9.43605	49.2792	61.5456	0	0	73.2906	0.940358	133	30	32.4072	3.01974	0	0
27	4	0	0	91.5774	35.0019	3.75404	-14.5549	74.6387	102.655	0	0	91.5774	0.939325	113	30	1.20438	-1.36758	0	0
28	4	0	0	68.1485	30.4954	12.1743	-15.8862	70.6823	97.6022	0	0	68.1485	0.920868	103	22	9.01989	-0.282101	0	0
29	4	0	0	93.1306	35.0908	-4.54172	-13.7398	69.938	92.0014	0	0	93.1306	0.950421	120	30	8.06094	-3.09636	0	0
30	4	0	0	84.2914	33.6907	20.1211	-18.4691	62.8521	86.2995	0	0	84.2914	0.933198	122	30	17.3736	-0.297566	0	0
31	4	0	0	87.612	34.0391	-13.9051	-13.945	61.4649	79.7189	0	0	87.612	0.950205	123	30	17.4254	-3.10889	0	0
32	4	1	0	58.2288	27.5785	28.6092	-21.074	55.0202	74.9212	0	0	58.2288	0.962068	135	22	26.2525	-0.297631	0	0
33	4	1	0	77.1543	31.6505	-22.4941	-15.78	53.5174	69.5719	0	0	77.1543	0.967851	150	30	26.116	-3.04938	0	0
34	5	0	0	84.6947	33.4779	6.50663	-25.7154	62.7523	97.4984	0	0	84.6947	0.949619	105	30	12.6985	-1.33265	0	0
35	5	0	0	65.3867	29.7826	-2.03766	-25.4246	61.6086	93.0239	0	0	65.3867	0.926351	99	22	13.2654	-2.00234	0	0
36	5	0	0	67.1325	29.9485	14.7676	-27.5523	59.0761	88.7442	0	0	67.1325	0.94057	102	22	18.1024	-0.899723	0	0
37	5	0	0	85.9258	34.3993	-10.0219	-24.8183	58.1428	83.6113	0	0	85.9258	0.912505	128	30	17.7224	-2.43967	0	0
38	5	1	0	80.0262	32.1429	23.8561	-28.7642	53.8	77.7157	0	0	80.0262	0.973354	145	30	25.5096	-0.647581	0	0
39	5	1	0	78.5205	31.9341	-18.9579	-24.447	52.7337	72.992	0	0	78.5205	0.967574	135	30	25.0487	-2.68375	0	0
40	6	0	0	57.3879	27.7581	1.20374	-35.4061	53.6332	82.6199	0	0	57.3879	0.935948	87	22	22.1513	-1.67514	0	0
41	6	0	0	94.133	35.7541	9.42109	-37.7176	51.7304	79.6111	0	0	94.133	0.925339	119	30	25.0495	-1.33261	0	0
42	6	0	0	96.6913	36.8085	-7.01142	-36.4785	50.9766	76.8869	0	0	96.6913	0.896813	140	30	25.3865	-1.99818	0	0
43	6	1	0	83.799	32.9083	18.8728	-37.3342	49.9896	75.1844	0	0	83.799	0.972382	153	30	28.4607	-1.00065	0	0
44	6	1	0	86.1481	33.2742	-16.3125	-34.4379	48.6115	70.7065	0	0	86.1481	0.977781	152	30	28.9241	-2.3259	0	0
45	7	0	0	105.557	38.3871	0.314536	-47.2885	44.4946	68.1013	0	0	105.557	0.900169	148	22	34.0635	-1.66477	0	0
46	7	0	0	90.4208	36.1393	9.12195	-49.0086	43.3483	66.3345	0	0	90.4208	0.869999	146	30	36.0724	-1.41461	0	0
47	7	0	0	97.6042	36.9957	-9.11575	-47.6246	42.7087	64.4419	0	0	97.6042	0.896138	154	30	36.5027	-1.92401	0	0
48	7	1	0	81.6825	33.2982	17.3337	-46.8909	43.739	66.2933	0	0	81.6825	0.925757	142	30	36.2541	-1.17962	0	0
49	7	1	0	63.0511	29.6828	-16.7731	-43.9323	42.8406	63.3321	0	0	63.0511	0.899272	140	22	36.6766	-2.15682	0	0
