# CellID	NodeIndex	X	Y	R	Theta
8	0	50.1459	3.11403	50.161	0.251003
8	1	50.2959	3.30166	50.3531	0.253873
8	2	50.4357	3.49558	50.5373	0.256892
8	3	50.5661	3.69575	50.7146	0.260057
8	4	50.6871	3.90281	50.885	0.263378
8	5	50.7976	4.11728	51.0478	0.26687
8	6	50.8961	4.33878	51.2016	0.270536
8	7	50.9816	4.56595	51.3451	0.274355
8	8	51.0543	4.79717	51.4781	0.278295
8	9	51.1153	5.03144	51.6016	0.282336
8	10	51.1655	5.26877	51.7164	0.286473
8	11	51.205	5.50982	51.8228	0.29072
8	12	51.2323	5.75506	51.9198	0.295094
8	13	51.2457	6.00392	52.0055	0.299597
8	14	51.244	6.25457	52.0784	0.304206
8	15	51.2275	6.50481	52.1381	0.30888
8	16	51.1978	6.75339	52.186	0.313591
8	17	51.1567	7.00042	52.2237	0.318333
8	18	51.1047	7.24672	52.252	0.323121
8	19	51.0411	7.4928	52.2704	0.327972
8	20	50.9645	7.73808	52.2776	0.332885
8	21	50.8743	7.9809	52.2723	0.33784
8	22	50.771	8.21952	52.2546	0.342803
8	23	50.6563	8.45336	52.2258	0.347758
8	24	50.5313	8.68308	52.1873	0.352713
8	25	50.3955	8.90949	52.1387	0.357688
8	26	50.2471	9.13234	52.0783	0.362694
8	27	50.0843	9.34957	52.0038	0.367711
8	28	49.9075	9.55825	51.9145	0.372685
8	29	49.7209	9.75585	51.8132	0.377549
8	30	49.5271	9.94336	51.7028	0.382302
8	31	49.3274	10.1228	51.5851	0.386973
8	32	49.1211	10.2954	51.4597	0.391593
8	33	48.9067	10.4607	51.3251	0.396163
8	34	48.6834	10.6164	51.1797	0.400654
8	35	48.4524	10.7607	51.0237	0.405024
8	36	48.2158	10.8932	50.8589	0.409251
8	37	47.9749	11.0152	50.687	0.413351
8	38	47.7296	11.1279	50.508	0.417346
8	39	47.4785	11.231	50.3207	0.421241
8	40	47.2214	11.3228	50.1239	0.42501
8	41	46.9597	11.4014	49.9182	0.428605
8	42	46.696	11.4674	49.7061	0.432017
8	43	46.4317	11.5192	49.488	0.435205
8	44	46.2023	11.5516	49.2938	0.437764
8	45	45.9976	11.5566	49.1106	0.439622
8	46	45.8097	11.5572	48.9408	0.441267
8	47	45.6341	11.5268	48.7691	0.442242
8	48	45.4632	11.4974	48.6022	0.4432
8	49	45.2991	11.4439	48.431	0.443654
8	50	45.1311	11.4003	48.2605	0.444332
8	51	44.9769	11.3172	48.0856	0.444151
8	52	44.8296	11.1902	47.898	0.443078
8	53	44.693	11.0531	47.7159	0.441709
8	54	44.5603	10.9144	47.5367	0.440266
8	55	44.4321	10.7756	47.3616	0.438769
8	56	44.3073	10.6388	47.1906	0.437267
8	57	44.1847	10.5012	47.0213	0.435721
8	58	44.0677	10.3606	46.8559	0.434054
8	59	43.9511	10.2219	46.6919	0.432409
8	60	43.8403	10.0757	46.5301	0.430554
8	61	43.7327	9.9263	46.37	0.428595
8	62	43.6306	9.77372	46.2139	0.426509
8	63	43.532	9.62122	46.0611	0.424381
8	64	43.4421	9.461	45.9134	0.422007
8	65	43.3508	9.30046	45.7645	0.419623
8	66	43.2682	9.13482	45.6216	0.417046
8	67	43.1856	8.96897	45.4791	0.414447
8	68	43.1084	8.80052	45.3408	0.411732
8	69	43.0335	8.63165	45.2047	0.408972
8	70	42.9618	8.4631	45.0721	0.406173
8	71	42.8958	8.29003	44.9433	0.403216
8	72	42.8337	8.11543	44.8179	0.400176
8	73	42.7802	7.93971	44.7004	0.397022
8	74	42.7323	7.76538	44.589	0.393832
8	75	42.6905	7.593	44.4845	0.390614
8	76	42.6568	7.42245	44.3886	0.387351
8	77	42.6261	7.25427	44.2969	0.384097
8	78	42.6003	7.08769	44.2108	0.380822
8	79	42.5874	6.91924	44.1365	0.377388
8	80	42.5761	6.74755	44.0629	0.37386
8	81	42.5978	6.57035	44.0188	0.369933
8	82	42.622	6.38449	43.9746	0.365792
8	83	42.6757	6.20366	43.9604	0.361515
8	84	42.7375	6.03397	43.9586	0.357406
8	85	42.8101	5.87263	43.9705	0.353391
8	86	42.8986	5.72085	44.0013	0.349459
8	87	42.9913	5.5719	44.0377	0.345561
8	88	43.0876	5.4237	44.0785	0.341657
8	89	43.1922	5.27836	44.1287	0.337759
8	90	43.3011	5.13181	44.1832	0.333814
8	91	43.4165	4.98458	44.2443	0.329815
8	92	43.5356	4.83698	44.3096	0.325793
8	93	43.6613	4.69184	44.3826	0.321788
8	94	43.7891	4.54637	44.4582	0.317775
8	95	43.9209	4.40391	44.5393	0.313811
8	96	44.0537	4.26308	44.6224	0.309891
8	97	44.1875	4.125	44.7081	0.306037
8	98	44.3228	3.99057	44.7969	0.302266
8	99	44.46	3.8569	44.8884	0.298513
8	100	44.6011	3.72102	44.9836	0.294704
8	101	44.7455	3.58308	45.0821	0.290845
8	102	44.8934	3.44449	45.1843	0.286968
8	103	45.0447	3.30714	45.2909	0.283114
8	104	45.1978	3.17092	45.4002	0.279291
8	105	45.3521	3.036	45.5116	0.275507
8	106	45.5071	2.90141	45.6245	0.271744
8	107	45.6633	2.76698	45.7393	0.267996
8	108	45.8213	2.63273	45.8563	0.264261
8	109	45.9802	2.50084	45.9756	0.260588
8	110	46.1398	2.37237	46.097	0.257004
8	111	46.2991	2.24835	46.2198	0.253533
8	112	46.4577	2.12683	46.3432	0.250136
8	113	46.6164	2.00995	46.4683	0.246853
8	114	46.778	1.90328	46.5991	0.243786
8	115	46.9314	1.79111	46.7211	0.240664
8	116	47.0859	1.7317	46.8571	0.238647
8	117	47.2474	1.71667	47.0105	0.237524
8	118	47.408	1.69308	47.1611	0.236236
8	119	47.5751	1.68252	47.3211	0.235193
8	120	47.751	1.69405	47.4949	0.234566
8	121	47.9396	1.72425	47.6853	0.234263
8	122	48.1474	1.77869	47.9001	0.234361
8	123	48.3781	1.86699	48.145	0.235032
8	124	48.6039	1.96439	48.3873	0.235903
8	125	48.8219	2.07389	48.6249	0.237045
8	126	49.0333	2.19172	48.8581	0.238373
8	127	49.2381	2.31879	49.0871	0.239904
8	128	49.4368	2.4555	49.3127	0.241639
8	129	49.6286	2.60334	49.5344	0.24361
8	130	49.8119	2.76296	49.7509	0.245835
8	131	49.9847	2.93381	49.9602	0.24831
9	0	-39.7249	4.21955	43.4531	2.82413
9	1	-39.8272	4.37756	43.5997	2.82142
9	2	-39.9332	4.53618	43.7505	2.81874
9	3	-40.0457	4.69096	43.9063	2.81621
9	4	-40.1604	4.8424	44.0636	2.81378
9	5	-40.2803	4.9935	44.2259	2.81142
9	6	-40.4028	5.14548	44.3912	2.80908
9	7	-40.5292	5.29704	44.5602	2.80679
9	8	-40.659	5.44807	44.7326	2.80455
9	9	-40.7927	5.59716	44.9081	2.8024
9	10	-40.9313	5.74637	45.0886	2.80031
9	11	-41.0723	5.89521	45.2714	2.79825
9	12	-41.217	6.03968	45.4563	2.79633
9	13	-41.3624	6.18265	45.6416	2.79446
9	14	-41.5183	6.30759	45.8308	2.79305
9	15	-41.6846	6.39409	46.0166	2.79252
9	16	-41.8751	6.43855	46.2108	2.79303
9	17	-42.0734	6.46662	46.4068	2.79392
9	18	-42.2843	6.47707	46.6087	2.79525
9	19	-42.5146	6.47203	46.8237	2.79702
9	20	-42.7727	6.4436	47.0571	2.79944
9	21	-43.0666	6.38698	47.3152	2.80265
9	22	-43.3552	6.31204	47.5628	2.80616
9	23	-43.6372	6.22276	47.8	2.80986
9	24	-43.9137	6.12112	48.0288	2.81374
9	25	-44.1864	6.00632	48.2503	2.81781
9	26	-44.4541	5.87627	48.4632	2.82211
9	27	-44.714	5.73076	48.6647	2.82663
9	28	-44.9642	5.57229	48.8541	2.8313
9	29	-45.2057	5.40298	49.0329	2.83609
9	30	-45.4402	5.22205	49.2027	2.84103
9	31	-45.6653	5.02776	49.3609	2.84614
9	32	-45.8771	4.81893	49.5034	2.85142
9	33	-46.0722	4.59868	49.628	2.8568
9	34	-46.2512	4.37147	49.7367	2.86219
9	35	-46.4171	4.13912	49.8328	2.86759
9	36	-46.5718	3.90059	49.918	2.87303
9	37	-46.7143	3.65393	49.9907	2.87855
9	38	-46.8415	3.39898	50.0479	2.88413
9	39	-46.9512	3.13836	50.0884	2.88972
9	40	-47.0442	2.87513	50.1137	2.89527
9	41	-47.1229	2.61014	50.1262	2.90078
9	42	-47.188	2.34237	50.1262	2.90627
9	43	-47.2378	2.07087	50.1122	2.91177
9	44	-47.2698	1.79675	50.0817	2.91725
9	45	-47.2832	1.52307	50.0345	2.92264
9	46	-47.2795	1.25237	49.9728	2.92791
9	47	-47.2613	0.984989	49.899	2.93307
9	48	-47.2296	0.71985	49.8138	2.93815
9	49	-47.1834	0.456245	49.7158	2.94315
9	50	-47.1206	0.195217	49.6034	2.94806
9	51	-47.0406	-0.0605504	49.4762	2.95282
9	52	-46.9449	-0.308711	49.3362	2.9574
9	53	-46.8359	-0.548875	49.1856	2.9618
9	54	-46.7147	-0.78203	49.0251	2.96603
9	55	-46.5805	-1.0088	48.8537	2.97012
9	56	-46.4317	-1.22813	48.67	2.97404
9	57	-46.2676	-1.43737	48.4737	2.97773
9	58	-46.0902	-1.63414	48.2669	2.98116
9	59	-45.9021	-1.81814	48.0521	2.98431
9	60	-45.7051	-1.99077	47.8306	2.98723
9	61	-45.4986	-2.15322	47.6017	2.98993
9	62	-45.2811	-2.30487	47.364	2.99241
9	63	-45.0515	-2.443	47.1165	2.99458
9	64	-44.8114	-2.56446	46.8613	2.99639
9	65	-44.5643	-2.66811	46.6019	2.99783
9	66	-44.3136	-2.75614	46.3412	2.99893
9	67	-44.06	-2.82921	46.0798	2.99972
9	68	-43.8383	-2.88089	45.8529	3.00015
9	69	-43.6379	-2.90856	45.6506	3.00013
9	70	-43.4521	-2.91764	45.4655	2.99976
9	71	-43.2751	-2.9175	45.2903	2.9992
9	72	-43.1	-2.90943	45.118	2.99847
9	73	-42.9336	-2.85724	44.9609	2.9968
9	74	-42.7785	-2.77357	44.8196	2.99445
9	75	-42.6356	-2.62156	44.7009	2.99062
9	76	-42.4858	-2.47586	44.575	2.98688
9	77	-42.3416	-2.32519	44.4561	2.98303
9	78	-42.1995	-2.17429	44.3399	2.97916
9	79	-42.0583	-2.02367	44.2252	2.97529
9	80	-41.9181	-1.87195	44.1125	2.97137
9	81	-41.7789	-1.71808	44.0017	2.96739
9	82	-41.6405	-1.56216	43.8928	2.96334
9	83	-41.5036	-1.40478	43.7863	2.95925
9	84	-41.3682	-1.24701	43.6821	2.95514
9	85	-41.2352	-1.09068	43.5808	2.95104
9	86	-41.1038	-0.9357	43.4814	2.94697
9	87	-40.9729	-0.781487	43.3832	2.9429
9	88	-40.8424	-0.626636	43.2862	2.9388
9	89	-40.7129	-0.470293	43.1912	2.93465
9	90	-40.5857	-0.312067	43.0997	2.93045
9	91	-40.4622	-0.152217	43.0128	2.92622
9	92	-40.3422	0.00799084	42.9301	2.92197
9	93	-40.2256	0.168251	42.8517	2.91773
9	94	-40.1105	0.327542	42.7752	2.9135
9	95	-39.9985	0.487681	42.7026	2.90925
9	96	-39.8876	0.647654	42.632	2.905
9	97	-39.7828	0.810062	42.5685	2.90072
9	98	-39.6818	0.972404	42.5096	2.89644
9	99	-39.5893	1.13626	42.46	2.89217
9	100	-39.5028	1.2963	42.4161	2.88801
9	101	-39.422	1.45271	42.3774	2.88396
9	102	-39.3489	1.60746	42.3465	2.87999
9	103	-39.2833	1.76133	42.3232	2.87607
9	104	-39.2242	1.9156	42.307	2.87219
9	105	-39.1681	2.07136	42.2948	2.86829
9	106	-39.1363	2.23615	42.3089	2.86433
9	107	-39.1114	2.41064	42.3331	2.86021
9	108	-39.1046	2.59688	42.3787	2.85594
9	109	-39.1214	2.7744	42.4452	2.85204
9	110	-39.1412	2.9469	42.5137	2.84828
9	111	-39.1906	3.11109	42.6086	2.84493
9	112	-39.2476	3.27236	42.7106	2.84171
9	113	-39.3079	3.43354	42.816	2.83853
9	114	-39.3808	3.59095	42.9328	2.83554
9	115	-39.4581	3.74831	43.0541	2.83259
9	116	-39.5406	3.90577	43.1807	2.8297
9	117	-39.6315	4.06072	43.3149	2.82694
17	0	46.6629	-1.40026	45.8004	0.174341
17	1	46.7219	-1.12315	45.9073	0.180063
17	2	46.7668	-0.844342	46.0022	0.185851
17	3	46.8	-0.565002	46.0872	0.191674
17	4	46.8234	-0.284735	46.1643	0.197538
17	5	46.8374	-0.00267319	46.2343	0.20346
17	6	46.8384	0.244059	46.2858	0.208677
17	7	46.8278	0.465244	46.3217	0.213396
17	8	46.8015	0.668371	46.3394	0.2178
17	9	46.7566	0.858682	46.3372	0.222019
17	10	46.6727	1.01324	46.2896	0.225676
17	11	46.5569	1.15241	46.2082	0.229172
17	12	46.427	1.28303	46.1116	0.23257
17	13	46.2952	1.4167	46.0145	0.236057
17	14	46.1587	1.55066	45.9133	0.239589
17	15	46.0191	1.68858	45.8108	0.243237
17	16	45.8746	1.82676	45.7042	0.246933
17	17	45.7261	1.96483	45.5942	0.250665
17	18	45.5743	2.10421	45.4821	0.254462
17	19	45.4212	2.24642	45.3701	0.258345
17	20	45.2655	2.38905	45.2563	0.262271
17	21	45.108	2.53212	45.1417	0.266236
17	22	44.9469	2.67315	45.0237	0.2702
17	23	44.7876	2.81883	44.9094	0.274273
17	24	44.6295	2.97039	44.7987	0.278485
17	25	44.4663	3.11742	44.6826	0.282653
17	26	44.3056	3.26878	44.5708	0.28692
17	27	44.1473	3.42501	44.4637	0.291297
17	28	43.985	3.57523	44.3518	0.295593
17	29	43.8264	3.72767	44.2448	0.299933
17	30	43.6706	3.8829	44.1423	0.304335
17	31	43.5117	4.03617	44.0371	0.308737
17	32	43.3512	4.18959	43.9312	0.313175
17	33	43.1889	4.34285	43.8245	0.317642
17	34	43.0263	4.4959	43.7183	0.32213
17	35	42.863	4.64922	43.6123	0.32665
17	36	42.6993	4.80202	43.5068	0.331183
17	37	42.5347	4.95357	43.4009	0.335719
17	38	42.3673	5.10185	43.292	0.340227
17	39	42.1939	5.23955	43.1749	0.344574
17	40	42.012	5.36272	43.0457	0.348694
17	41	41.8202	5.47371	42.9037	0.352653
17	42	41.6169	5.5718	42.7471	0.356449
17	43	41.4156	5.64282	42.5835	0.359662
17	44	41.2183	5.69048	42.4157	0.36235
17	45	41.0213	5.7144	42.2401	0.364533
17	46	40.8257	5.72724	42.062	0.366477
17	47	40.6308	5.72533	41.8794	0.368101
17	48	40.4362	5.72021	41.6961	0.369666
17	49	40.2414	5.70559	41.5092	0.371033
17	50	40.0455	5.68788	41.3203	0.372353
17	51	39.849	5.66284	41.1281	0.373524
17	52	39.6524	5.63028	40.9332	0.374536
17	53	39.4564	5.5929	40.7371	0.375442
17	54	39.2635	5.54421	40.5398	0.376069
17	55	39.0723	5.49427	40.3437	0.376659
17	56	38.8881	5.4281	40.148	0.376814
17	57	38.707	5.35773	39.9537	0.376844
17	58	38.5369	5.26174	39.7602	0.376174
17	59	38.3708	5.14839	39.5642	0.375051
17	60	38.212	5.01027	39.3659	0.373264
17	61	38.0591	4.85992	39.1687	0.371113
17	62	37.9208	4.69956	38.9819	0.368566
17	63	37.794	4.53013	38.8027	0.36567
17	64	37.6805	4.34875	38.632	0.362337
17	65	37.5754	4.16085	38.4674	0.358737
17	66	37.4789	3.96898	38.3099	0.354932
17	67	37.3873	3.77653	38.1575	0.351037
17	68	37.2999	3.58472	38.0097	0.347089
17	69	37.2156	3.39125	37.865	0.343042
17	70	37.1344	3.19653	37.7233	0.338905
17	71	37.0553	3.00159	37.5843	0.334712
17	72	36.9791	2.80748	37.4489	0.330485
17	73	36.9066	2.61072	37.3168	0.326128
17	74	36.8377	2.41344	37.1887	0.321696
17	75	36.7713	2.21776	37.0642	0.317254
17	76	36.7067	2.02474	36.9429	0.312836
17	77	36.6438	1.82864	36.8231	0.308294
17	78	36.5837	1.62992	36.7059	0.303633
17	79	36.5267	1.42943	36.592	0.29887
17	80	36.4743	1.22818	36.4831	0.294021
17	81	36.4263	1.02797	36.3796	0.289136
17	82	36.3841	0.830028	36.2831	0.284239
17	83	36.345	0.635704	36.1916	0.279388
17	84	36.3112	0.444612	36.1067	0.274559
17	85	36.2792	0.254483	36.0249	0.26972
17	86	36.2533	0.0640773	35.9496	0.264806
17	87	36.2317	-0.127129	35.8792	0.25982
17	88	36.2224	-0.320872	35.8209	0.25466
17	89	36.2292	-0.51901	35.778	0.249253
17	90	36.2579	-0.725907	35.7554	0.243447
17	91	36.3075	-0.940444	35.7525	0.23729
17	92	36.3746	-1.14311	35.7708	0.231341
17	93	36.4616	-1.33421	35.8122	0.225591
17	94	36.5702	-1.51558	35.8781	0.219986
17	95	36.6944	-1.69017	35.9617	0.214495
17	96	36.8249	-1.86026	36.0535	0.209114
17	97	36.9578	-2.0286	36.1491	0.203796
17	98	37.0915	-2.19628	36.2466	0.198519
17	99	37.2276	-2.36312	36.3476	0.193281
17	100	37.3657	-2.52841	36.4519	0.188103
17	101	37.5047	-2.69144	36.5585	0.183011
17	102	37.6437	-2.85184	36.6664	0.17802
17	103	37.7818	-3.00968	36.7748	0.17313
17	104	37.9179	-3.16632	36.8823	0.168311
17	105	38.0535	-3.32113	36.9904	0.163571
17	106	38.1903	-3.47271	37.1012	0.158939
17	107	38.3271	-3.6219	37.213	0.154399
17	108	38.4609	-3.77004	37.3228	0.149926
17	109	38.5951	-3.91634	37.434	0.145526
17	110	38.7321	-4.06088	37.549	0.141188
17	111	38.8708	-4.20426	37.6664	0.136901
17	112	39.0086	-4.34894	37.7836	0.13261
17	113	39.148	-4.49307	37.903	0.128355
17	114	39.29	-4.63583	38.0259	0.124153
17	115	39.4336	-4.77801	38.1511	0.119989
17	116	39.577	-4.91993	38.2768	0.11586
17	117	39.7204	-5.05769	38.4037	0.111865
17	118	39.8626	-5.19143	38.5303	0.108003
17	119	40.0011	-5.31965	38.6545	0.104319
17	120	40.1356	-5.4437	38.7755	0.100776
17	121	40.2681	-5.56241	38.8956	0.0973972
17	122	40.4007	-5.67469	39.0169	0.0942026
17	123	40.5387	-5.77398	39.1451	0.0913458
17	124	40.6637	-5.8831	39.2598	0.0882874
17	125	40.8059	-5.94108	39.3964	0.0865032
17	126	40.9814	-5.94981	39.5705	0.0859001
17	127	41.1627	-5.97326	39.7492	0.084921
17	128	41.3582	-5.97511	39.9438	0.08446
17	129	41.5736	-5.95691	40.16	0.084459
17	130	41.8165	-5.91877	40.4052	0.0848924
17	131	42.0958	-5.8599	40.6886	0.0857518
17	132	42.3713	-5.79128	40.9689	0.0868448
17	133	42.6437	-5.71321	41.2471	0.0881577
17	134	42.9136	-5.62392	41.5239	0.0897273
17	135	43.1801	-5.5208	41.7986	0.0916131
17	136	43.4404	-5.40255	42.0687	0.0938462
17	137	43.6916	-5.27073	42.3313	0.0963904
17	138	43.9334	-5.12837	42.5859	0.0991713
17	139	44.1675	-4.97745	42.834	0.102136
17	140	44.3954	-4.81791	43.0771	0.105281
17	141	44.617	-4.64821	43.3156	0.108639
17	142	44.8309	-4.46699	43.5481	0.112244
17	143	45.0345	-4.27469	43.7724	0.116088
17	144	45.227	-4.0735	43.9872	0.120125
17	145	45.4094	-3.86537	44.1936	0.124306
17	146	45.5831	-3.65069	44.393	0.128619
17	147	45.7486	-3.42836	44.5861	0.133088
17	148	45.9047	-3.19701	44.772	0.137747
17	149	46.0488	-2.95667	44.9483	0.142603
17	150	46.1797	-2.7093	45.1135	0.147619
17	151	46.2978	-2.45714	45.2681	0.152745
17	152	46.4052	-2.20099	45.4138	0.15796
17	153	46.5026	-1.94008	45.5517	0.16328
17	154	46.5892	-1.67319	45.6812	0.168736
18	0	-32.4175	-0.0803641	35.2148	2.87538
18	1	-32.5093	0.0962524	35.3502	2.87124
18	2	-32.6024	0.270492	35.4867	2.86721
18	3	-32.6983	0.441012	35.6254	2.86333
18	4	-32.7975	0.611007	35.7678	2.85952
18	5	-32.9055	0.775047	35.9174	2.85597
18	6	-33.014	0.936311	36.0671	2.85253
18	7	-33.1288	1.08921	36.221	2.84939
18	8	-33.243	1.23811	36.3734	2.84637
18	9	-33.3604	1.38055	36.5273	2.84358
18	10	-33.4772	1.52091	36.6803	2.84085
18	11	-33.6029	1.65256	36.8394	2.83845
18	12	-33.7342	1.77892	37.0026	2.83625
18	13	-33.8875	1.88808	37.1816	2.83469
18	14	-34.051	1.99461	37.3697	2.8333
18	15	-34.238	2.08555	37.5755	2.8325
18	16	-34.4257	2.16181	37.7776	2.83209
18	17	-34.6187	2.21269	37.9769	2.83236
18	18	-34.8165	2.24645	38.1756	2.83309
18	19	-35.018	2.26227	38.3723	2.83429
18	20	-35.2192	2.27225	38.5672	2.83563
18	21	-35.4196	2.27534	38.7592	2.83711
18	22	-35.6195	2.27627	38.9503	2.83862
18	23	-35.8196	2.27433	39.1407	2.8402
18	24	-36.0204	2.26903	39.331	2.84184
18	25	-36.2221	2.26126	39.5214	2.84354
18	26	-36.4225	2.24689	39.7089	2.84536
18	27	-36.6212	2.22933	39.8939	2.84724
18	28	-36.8172	2.20492	40.0744	2.84924
18	29	-37.011	2.17805	40.2523	2.85127
18	30	-37.2023	2.14339	40.4258	2.85344
18	31	-37.3926	2.10446	40.5973	2.8557
18	32	-37.5802	2.05013	40.7621	2.85827
18	33	-37.7666	1.98288	40.9224	2.86112
18	34	-37.9511	1.89001	41.0742	2.86454
18	35	-38.1359	1.77655	41.2213	2.86841
18	36	-38.306	1.64812	41.3507	2.87251
18	37	-38.4658	1.50934	41.4683	2.87676
18	38	-38.6143	1.35879	41.5727	2.88119
18	39	-38.7548	1.19822	41.6674	2.88579
18	40	-38.8894	1.03089	41.7559	2.89048
18	41	-39.0216	0.862755	41.8425	2.89516
18	42	-39.1532	0.694978	41.9297	2.8998
18	43	-39.2838	0.526803	42.0167	2.90443
18	44	-39.4124	0.357983	42.1024	2.90905
18	45	-39.5397	0.187566	42.1875	2.91367
18	46	-39.6669	0.0181247	42.2736	2.91826
18	47	-39.7927	-0.149983	42.3595	2.92279
18	48	-39.9145	-0.318498	42.4422	2.92728
18	49	-40.0373	-0.484633	42.5273	2.93172
18	50	-40.1658	-0.646357	42.6197	2.93606
18	51	-40.3005	-0.803945	42.7198	2.94031
18	52	-40.4381	-0.959668	42.8238	2.94452
18	53	-40.569	-1.11989	42.9212	2.94877
18	54	-40.7011	-1.2766	43.0212	2.95294
18	55	-40.8342	-1.42955	43.1237	2.957
18	56	-40.9611	-1.58517	43.2201	2.96108
18	57	-41.0902	-1.73699	43.3202	2.96506
18	58	-41.2208	-1.88686	43.4228	2.96899
18	59	-41.3484	-2.03844	43.5229	2.97292
18	60	-41.4753	-2.18871	43.623	2.97681
18	61	-41.5995	-2.33764	43.7214	2.98063
18	62	-41.7195	-2.48492	43.8166	2.98439
18	63	-41.8352	-2.62973	43.9085	2.98806
18	64	-41.948	-2.76849	43.999	2.99157
18	65	-42.0546	-2.90387	44.0844	2.99496
18	66	-42.1555	-3.03569	44.1652	2.99825
18	67	-42.2502	-3.16478	44.2407	3.00144
18	68	-42.33	-3.29667	44.3016	3.00464
18	69	-42.4186	-3.41374	44.3735	3.00753
18	70	-42.4704	-3.53798	44.4085	3.01046
18	71	-42.475	-3.68678	44.3938	3.0138
18	72	-42.499	-3.83696	44.3988	3.01722
18	73	-42.4972	-3.99756	44.3773	3.02081
18	74	-42.4927	-4.17297	44.352	3.02472
18	75	-42.4603	-4.36729	44.2976	3.02899
18	76	-42.4198	-4.59012	44.2329	3.03389
18	77	-42.3566	-4.8486	44.143	3.03956
18	78	-42.2858	-5.10539	44.0471	3.0452
18	79	-42.2033	-5.36011	43.9412	3.05079
18	80	-42.1075	-5.61212	43.8236	3.05632
18	81	-41.9961	-5.8587	43.6922	3.06172
18	82	-41.8698	-6.09677	43.5479	3.06694
18	83	-41.7315	-6.32492	43.3935	3.07194
18	84	-41.5837	-6.54411	43.2313	3.07676
18	85	-41.4275	-6.75608	43.0621	3.08144
18	86	-41.2619	-6.96179	42.885	3.086
18	87	-41.0855	-7.16051	42.6982	3.09041
18	88	-40.8973	-7.35007	42.5009	3.09464
18	89	-40.6985	-7.52836	42.2943	3.09863
18	90	-40.4913	-7.69491	42.0805	3.10238
18	91	-40.2773	-7.85083	41.8608	3.1059
18	92	-40.0565	-7.99725	41.6351	3.10922
18	93	-39.8277	-8.13398	41.4022	3.11234
18	94	-39.5903	-8.25934	41.1614	3.11522
18	95	-39.3453	-8.37145	40.9137	3.1178
18	96	-39.0948	-8.46988	40.661	3.12007
18	97	-38.8406	-8.55605	40.4051	3.12207
18	98	-38.5827	-8.63169	40.1459	3.12383
18	99	-38.3199	-8.69715	39.8819	3.12535
18	100	-38.0506	-8.75063	39.6119	3.12659
18	101	-37.7753	-8.78899	39.336	3.12746
18	102	-37.4966	-8.81023	39.057	3.12791
18	103	-37.2179	-8.81548	38.7783	3.12794
18	104	-36.9407	-8.80766	38.5012	3.12764
18	105	-36.6645	-8.78774	38.2253	3.12702
18	106	-36.4259	-8.75376	37.9873	3.12603
18	107	-36.2152	-8.70464	37.7774	3.12465
18	108	-36.0246	-8.63985	37.588	3.12284
18	109	-35.8496	-8.55977	37.4147	3.12061
18	110	-35.6754	-8.48656	37.242	3.11855
18	111	-35.5257	-8.37883	37.0951	3.11555
18	112	-35.3937	-8.23107	36.9673	3.11146
18	113	-35.2707	-8.06774	36.8496	3.10693
18	114	-35.1507	-7.90063	36.7359	3.10227
18	115	-35.0316	-7.73148	36.6239	3.09753
18	116	-34.9125	-7.5612	36.5128	3.09273
18	117	-34.7928	-7.39017	36.4021	3.08787
18	118	-34.6711	-7.21544	36.2904	3.08288
18	119	-34.5499	-7.03828	36.1803	3.0778
18	120	-34.4312	-6.85902	36.0737	3.07263
18	121	-34.3137	-6.67985	35.9693	3.06744
18	122	-34.196	-6.50209	35.8656	3.06225
18	123	-34.0809	-6.3234	35.7656	3.05702
18	124	-33.9645	-6.14524	35.665	3.05176
18	125	-33.8449	-5.96769	35.5624	3.04649
18	126	-33.7304	-5.78568	35.4662	3.04107
18	127	-33.6141	-5.60487	35.3692	3.03566
18	128	-33.4966	-5.42615	35.2717	3.03027
18	129	-33.3853	-5.24547	35.1818	3.02481
18	130	-33.2729	-5.06733	35.0913	3.0194
18	131	-33.1586	-4.89096	34.9999	3.014
18	132	-33.0467	-4.71279	34.9122	3.00853
18	133	-32.9362	-4.53352	34.8269	3.003
18	134	-32.8267	-4.35397	34.7438	2.99745
18	135	-32.7183	-4.17562	34.6627	2.99191
18	136	-32.6125	-3.99855	34.585	2.98639
18	137	-32.5096	-3.82275	34.511	2.9809
18	138	-32.4098	-3.64751	34.4411	2.97541
18	139	-32.3124	-3.47212	34.3746	2.96991
18	140	-32.2186	-3.29749	34.3125	2.96443
18	141	-32.1286	-3.12266	34.2552	2.95894
18	142	-32.0433	-2.94676	34.2038	2.95343
18	143	-31.9673	-2.76815	34.1631	2.94788
18	144	-31.8989	-2.58687	34.1314	2.94228
18	145	-31.8555	-2.39641	34.1271	2.93656
18	146	-31.8259	-2.19617	34.1395	2.93064
18	147	-31.821	-1.98551	34.1794	2.92458
18	148	-31.8244	-1.7838	34.2267	2.91885
18	149	-31.8509	-1.5877	34.2965	2.91344
18	150	-31.8846	-1.39336	34.3737	2.90816
18	151	-31.9421	-1.20144	34.4745	2.90313
18	152	-32.0039	-1.00796	34.5806	2.89811
18	153	-32.0794	-0.81735	34.7003	2.89331
18	154	-32.1568	-0.627183	34.8224	2.88856
18	155	-32.2422	-0.441878	34.9518	2.88404
18	156	-32.3271	-0.259264	35.0808	2.87962
25	0	40.0514	-7.30592	38.5486	0.0529145
25	1	40.0763	-7.07773	38.5861	0.0587859
25	2	40.0776	-6.86539	38.6005	0.0642755
25	3	40.0551	-6.66341	38.5916	0.0695359
25	4	40.0446	-6.46547	38.5954	0.0746711
25	5	39.9753	-6.29153	38.5397	0.0793057
25	6	39.8414	-6.12852	38.4194	0.0838116
25	7	39.714	-5.95787	38.3072	0.0885292
25	8	39.5785	-5.79399	38.1872	0.0931176
25	9	39.4412	-5.63384	38.0657	0.097642
25	10	39.3055	-5.47471	37.9466	0.102164
25	11	39.1703	-5.31697	37.8285	0.106677
25	12	39.0339	-5.16135	37.7099	0.111165
25	13	38.8942	-5.00648	37.5886	0.115672
25	14	38.754	-4.85023	37.4677	0.120247
25	15	38.6119	-4.69499	37.3457	0.12483
25	16	38.469	-4.54068	37.2235	0.129421
25	17	38.3239	-4.38884	37.0996	0.133984
25	18	38.1811	-4.23464	36.9791	0.138633
25	19	38.0389	-4.07846	36.8602	0.143362
25	20	37.8931	-3.92339	36.7385	0.148107
25	21	37.7466	-3.76681	36.6171	0.152927
25	22	37.6006	-3.61168	36.4969	0.157737
25	23	37.4541	-3.45932	36.3765	0.162506
25	24	37.3068	-3.3095	36.2558	0.167241
25	25	37.1634	-3.1609	36.1396	0.171956
25	26	37.0211	-3.01509	36.0247	0.17662
25	27	36.8783	-2.8725	35.9096	0.181228
25	28	36.7353	-2.73283	35.7944	0.185786
25	29	36.5927	-2.59576	35.68	0.1903
25	30	36.449	-2.464	35.5642	0.194702
25	31	36.3038	-2.33851	35.4464	0.198968
25	32	36.1606	-2.21775	35.3301	0.20312
25	33	36.0167	-2.10302	35.2126	0.207135
25	34	35.8714	-1.99293	35.0933	0.211057
25	35	35.7223	-1.88736	34.9699	0.214902
25	36	35.5613	-1.79549	34.8324	0.218464
25	37	35.3882	-1.7104	34.6821	0.221942
25	38	35.1965	-1.64127	34.5105	0.225118
25	39	34.9868	-1.57993	34.32	0.228224
25	40	34.7776	-1.54315	34.1246	0.230661
25	41	34.5688	-1.52682	33.9251	0.232537
25	42	34.3586	-1.53574	33.7186	0.233716
25	43	34.1483	-1.56011	33.5083	0.234462
25	44	33.9398	-1.59464	33.2975	0.234908
25	45	33.7332	-1.63448	33.0873	0.235191
25	46	33.5279	-1.67812	32.8775	0.235355
25	47	33.3236	-1.72472	32.668	0.235426
25	48	33.1198	-1.7745	32.4582	0.235399
25	49	32.9177	-1.83049	32.2485	0.235172
25	50	32.7178	-1.89136	32.04	0.234778
25	51	32.522	-1.95854	31.8339	0.234157
25	52	32.3296	-2.0281	31.6307	0.233429
25	53	32.1416	-2.10175	31.4307	0.232533
25	54	31.9563	-2.17664	31.2332	0.231567
25	55	31.7743	-2.25545	31.038	0.230441
25	56	31.5937	-2.33625	30.8437	0.229228
25	57	31.4167	-2.42514	30.6512	0.227716
25	58	31.2412	-2.51794	30.4593	0.226049
25	59	31.078	-2.6299	30.2752	0.223653
25	60	30.9219	-2.75237	30.096	0.220836
25	61	30.7807	-2.89747	29.9266	0.217139
25	62	30.6408	-3.0531	29.7568	0.213044
25	63	30.5282	-3.21618	29.6125	0.208466
25	64	30.423	-3.37728	29.4765	0.203857
25	65	30.3408	-3.54666	29.3622	0.198774
25	66	30.2646	-3.7184	29.254	0.193533
25	67	30.1982	-3.89474	29.1554	0.188036
25	68	30.1328	-4.07331	29.0582	0.18242
25	69	30.073	-4.25644	28.9666	0.176577
25	70	30.0144	-4.44266	28.8768	0.170585
25	71	29.9621	-4.63261	28.7935	0.164392
25	72	29.9113	-4.82381	28.7127	0.158112
25	73	29.8664	-5.01612	28.6387	0.151728
25	74	29.8218	-5.2109	28.5657	0.145223
25	75	29.7795	-5.4084	28.4959	0.138581
25	76	29.7375	-5.6081	28.4273	0.131827
25	77	29.6977	-5.80997	28.362	0.124956
25	78	29.6603	-6.0131	28.3003	0.117999
25	79	29.6268	-6.21617	28.2439	0.110998
25	80	29.5971	-6.41734	28.1927	0.104023
25	81	29.5678	-6.62023	28.1432	0.0969609
25	82	29.5389	-6.82413	28.0954	0.0898371
25	83	29.5111	-7.02898	28.0501	0.0826523
25	84	29.486	-7.23488	28.0088	0.0754004
25	85	29.465	-7.44157	27.973	0.0680888
25	86	29.4478	-7.64951	27.9424	0.0607063
25	87	29.435	-7.85864	27.9178	0.0532568
25	88	29.4276	-8.0673	27.9001	0.0458026
25	89	29.4274	-8.27428	27.8911	0.0383896
25	90	29.4345	-8.47882	27.8912	0.0310515
25	91	29.4544	-8.68023	27.9055	0.0238153
25	92	29.4907	-8.87833	27.9378	0.0166957
25	93	29.5471	-9.07526	27.9916	0.00962771
25	94	29.6212	-9.27367	28.0645	0.0025328
25	95	29.7093	-9.45795	28.1527	-0.00402114
25	96	29.8101	-9.63215	28.2548	-0.0101719
25	97	29.9271	-9.79524	28.3739	-0.0158778
25	98	30.0597	-9.94915	28.5093	-0.0212019
25	99	30.2043	-10.0948	28.6574	-0.0261765
25	100	30.3558	-10.2344	28.8127	-0.0308837
25	101	30.5105	-10.3699	28.9719	-0.0353915
25	102	30.6659	-10.5034	29.1321	-0.0397843
25	103	30.8214	-10.6356	29.2931	-0.0440815
25	104	30.977	-10.7668	29.4546	-0.0482994
25	105	31.1349	-10.8975	29.6188	-0.0524476
25	106	31.2942	-11.0277	29.785	-0.0565319
25	107	31.4539	-11.157	29.952	-0.0605422
25	108	31.6136	-11.2846	30.1193	-0.0644486
25	109	31.7725	-11.4104	30.2862	-0.0682565
25	110	31.9306	-11.5346	30.4527	-0.0719733
25	111	32.0882	-11.6579	30.6189	-0.0756172
25	112	32.2459	-11.7797	30.7856	-0.0791751
25	113	32.4037	-11.9005	30.9526	-0.082664
25	114	32.5616	-12.0197	31.12	-0.0860612
25	115	32.7183	-12.1373	31.2864	-0.0893755
25	116	32.8733	-12.2525	31.4512	-0.0925841
25	117	33.0262	-12.3646	31.6139	-0.0956683
25	118	33.177	-12.4729	31.7746	-0.0986083
25	119	33.3258	-12.5775	31.933	-0.101409
25	120	33.4736	-12.6769	32.0903	-0.104025
25	121	33.6189	-12.7739	32.245	-0.106547
25	122	33.7652	-12.8632	32.4	-0.108808
25	123	33.9106	-12.9478	32.5538	-0.110907
25	124	34.0588	-13.0186	32.7089	-0.112557
25	125	34.1951	-13.0983	32.8534	-0.1145
25	126	34.34	-13.1236	33.0003	-0.114763
25	127	34.5084	-13.0944	33.1643	-0.113304
25	128	34.6897	-13.0796	33.3428	-0.112249
25	129	34.8817	-13.0414	33.5293	-0.110476
25	130	35.091	-12.9816	33.7308	-0.108029
25	131	35.3257	-12.8989	33.9554	-0.104863
25	132	35.5961	-12.7906	34.2133	-0.100887
25	133	35.8646	-12.6735	34.4689	-0.0967242
25	134	36.1308	-12.546	34.7219	-0.0923288
25	135	36.3927	-12.406	34.9701	-0.0876502
25	136	36.6472	-12.2537	35.2108	-0.0827109
25	137	36.8936	-12.0919	35.4434	-0.0775857
25	138	37.133	-11.9222	35.6695	-0.0723236
25	139	37.3671	-11.7445	35.8907	-0.0669127
25	140	37.5956	-11.5569	36.1066	-0.0613053
25	141	37.8163	-11.3585	36.3154	-0.0554792
25	142	38.0273	-11.1507	36.5152	-0.0494764
25	143	38.2288	-10.9359	36.7065	-0.0433626
25	144	38.4225	-10.7154	36.8912	-0.0371632
25	145	38.6097	-10.4881	37.0706	-0.030848
25	146	38.7895	-10.252	37.2438	-0.0243636
25	147	38.9592	-10.0065	37.4082	-0.0176913
25	148	39.1166	-9.75342	37.562	-0.0108802
25	149	39.2624	-9.49541	37.7059	-0.00399563
25	150	39.3988	-9.23327	37.8421	0.00294597
25	151	39.5266	-8.96585	37.9717	0.00997846
25	152	39.6449	-8.69181	38.0937	0.0171411
25	153	39.7514	-8.41173	38.206	0.0244232
25	154	39.8456	-8.12826	38.3081	0.0317608
25	155	39.9291	-7.84359	38.4017	0.0391009
25	156	40.0027	-7.55777	38.4874	0.0464468
26	0	-25.0036	-5.77566	26.7991	3.00802
26	1	-25.0663	-5.57095	26.8892	3.00078
26	2	-25.1323	-5.36598	26.984	2.9936
26	3	-25.2009	-5.16041	27.0829	2.98647
26	4	-25.2728	-4.95386	27.1866	2.97937
26	5	-25.3498	-4.74638	27.2967	2.97233
26	6	-25.4335	-4.539	27.4148	2.96538
26	7	-25.5246	-4.33354	27.5412	2.95862
26	8	-25.6226	-4.13162	27.6749	2.95209
26	9	-25.7251	-3.93304	27.8135	2.94577
26	10	-25.832	-3.73824	27.9567	2.93968
26	11	-25.9447	-3.54804	28.1057	2.93386
26	12	-26.0664	-3.36425	28.2631	2.92838
26	13	-26.2015	-3.19056	28.4324	2.92342
26	14	-26.3555	-3.03186	28.6172	2.91917
26	15	-26.5309	-2.8889	28.82	2.91567
26	16	-26.7278	-2.76083	29.0407	2.91289
26	17	-26.9301	-2.65971	29.2608	2.91109
26	18	-27.1376	-2.58929	29.4788	2.91038
26	19	-27.3523	-2.54401	29.6982	2.91055
26	20	-27.5688	-2.51275	29.9162	2.91119
26	21	-27.7856	-2.48967	30.1325	2.91209
26	22	-28.0028	-2.47175	30.3481	2.91314
26	23	-28.2207	-2.45791	30.5635	2.91431
26	24	-28.4393	-2.44828	30.7787	2.91561
26	25	-28.6581	-2.44371	30.993	2.91705
26	26	-28.8754	-2.44594	31.2043	2.91867
26	27	-29.09	-2.45438	31.4118	2.92044
26	28	-29.3018	-2.46777	31.6156	2.92232
26	29	-29.5115	-2.48554	31.8164	2.9243
26	30	-29.7199	-2.50829	32.0152	2.9264
26	31	-29.9277	-2.53856	32.2118	2.92869
26	32	-30.1351	-2.5812	32.4056	2.93133
26	33	-30.3401	-2.64334	32.5932	2.93451
26	34	-30.5424	-2.72808	32.7741	2.93831
26	35	-30.7437	-2.83593	32.9498	2.94275
26	36	-30.9265	-2.95592	33.1056	2.94739
26	37	-31.0956	-3.08683	33.2466	2.95224
26	38	-31.2531	-3.22887	33.375	2.9573
26	39	-31.4017	-3.38302	33.4933	2.96264
26	40	-31.5452	-3.54619	33.606	2.96818
26	41	-31.6847	-3.71658	33.7146	2.97387
26	42	-31.8211	-3.89228	33.8203	2.97967
26	43	-31.9542	-4.07095	33.9234	2.9855
26	44	-32.0838	-4.24991	34.0242	2.99129
26	45	-32.2099	-4.42958	34.1226	2.99705
26	46	-32.3337	-4.609	34.2197	3.00275
26	47	-32.4563	-4.78802	34.317	3.00842
26	48	-32.5787	-4.9671	34.4151	3.01405
26	49	-32.7011	-5.14637	34.5142	3.01965
26	50	-32.823	-5.3256	34.614	3.02522
26	51	-32.9416	-5.50573	34.7114	3.03077
26	52	-33.0594	-5.68485	34.8091	3.03626
26	53	-33.178	-5.8624	34.9089	3.04167
26	54	-33.294	-6.0416	35.007	3.0471
26	55	-33.4087	-6.22242	35.1046	3.05253
26	56	-33.524	-6.40349	35.2038	3.05795
26	57	-33.639	-6.58423	35.3039	3.06332
26	58	-33.7511	-6.76507	35.402	3.06866
26	59	-33.8607	-6.94489	35.4987	3.07394
26	60	-33.9699	-7.12255	35.5961	3.07912
26	61	-34.0778	-7.29962	35.6933	3.08426
26	62	-34.1829	-7.478	35.7884	3.08941
26	63	-34.2863	-7.65742	35.8828	3.09455
26	64	-34.3885	-7.83705	35.9769	3.09967
26	65	-34.4855	-8.0178	36.0667	3.10479
26	66	-34.5769	-8.19882	36.1519	3.10989
26	67	-34.6617	-8.37793	36.2314	3.1149
26	68	-34.7411	-8.55574	36.3065	3.11986
26	69	-34.8134	-8.73141	36.3753	3.12473
26	70	-34.8881	-8.90042	36.4476	3.1294
26	71	-34.9168	-9.07269	36.4746	3.13413
26	72	-34.9007	-9.25957	36.4576	3.13926
26	73	-34.8614	-9.45506	36.4184	-3.13856
26	74	-34.8015	-9.66298	36.3597	-3.13284
26	75	-34.7189	-9.89052	36.2798	-3.12655
26	76	-34.6073	-10.1445	36.1729	-3.11948
26	77	-34.4835	-10.3923	36.0555	-3.11253
26	78	-34.3497	-10.6333	35.9296	-3.10572
26	79	-34.2068	-10.8684	35.7961	-3.09901
26	80	-34.0538	-11.0984	35.6538	-3.09239
26	81	-33.8885	-11.3227	35.5005	-3.08585
26	82	-33.7097	-11.5384	35.3347	-3.07947
26	83	-33.519	-11.7427	35.1577	-3.07333
26	84	-33.3198	-11.9351	34.9726	-3.06746
26	85	-33.1141	-12.1175	34.7816	-3.06179
26	86	-32.9021	-12.292	34.5847	-3.05627
26	87	-32.6824	-12.4585	34.3804	-3.0509
26	88	-32.4536	-12.6154	34.1673	-3.04572
26	89	-32.2168	-12.7604	33.9459	-3.0408
26	90	-31.9742	-12.8928	33.7182	-3.03617
26	91	-31.7275	-13.0139	33.4859	-3.0318
26	92	-31.4762	-13.1252	33.2486	-3.02764
26	93	-31.2188	-13.2262	33.0047	-3.02372
26	94	-30.9546	-13.3146	32.7529	-3.02009
26	95	-30.6853	-13.3878	32.4946	-3.01685
26	96	-30.4141	-13.4455	32.2328	-3.01403
26	97	-30.1436	-13.4905	31.9703	-3.01155
26	98	-29.9107	-13.5185	31.7431	-3.00973
26	99	-29.7053	-13.5314	31.5412	-3.00846
26	100	-29.5185	-13.5365	31.3568	-3.00751
26	101	-29.3425	-13.5368	31.1823	-3.00675
26	102	-29.1753	-13.5055	31.0124	-3.00702
26	103	-29.0259	-13.4471	30.8566	-3.00825
26	104	-28.8927	-13.3281	30.709	-3.01151
26	105	-28.7455	-13.2211	30.5492	-3.01436
26	106	-28.5995	-13.1038	30.3897	-3.01758
26	107	-28.4537	-12.9795	30.2298	-3.02106
26	108	-28.3077	-12.8526	30.0698	-3.02467
26	109	-28.1619	-12.7228	29.9101	-3.02841
26	110	-28.0161	-12.5899	29.7504	-3.0323
26	111	-27.8693	-12.4538	29.5899	-3.03633
26	112	-27.7214	-12.314	29.4284	-3.04052
26	113	-27.5697	-12.1726	29.2635	-3.04481
26	114	-27.4169	-12.0279	29.0977	-3.04925
26	115	-27.2633	-11.8807	28.9315	-3.05383
26	116	-27.1137	-11.7315	28.7697	-3.05854
26	117	-26.9635	-11.5847	28.6081	-3.06321
26	118	-26.8116	-11.4394	28.4456	-3.06789
26	119	-26.6607	-11.291	28.2846	-3.07273
26	120	-26.5087	-11.1402	28.1229	-3.0777
26	121	-26.3561	-10.9866	27.9611	-3.08284
26	122	-26.2023	-10.8314	27.7989	-3.08809
26	123	-26.0492	-10.6745	27.638	-3.09346
26	124	-25.8965	-10.5169	27.4783	-3.09892
26	125	-25.7435	-10.3589	27.3191	-3.10446
26	126	-25.5907	-10.199	27.1609	-3.11014
26	127	-25.4396	-10.0355	27.0052	-3.11601
26	128	-25.2942	-9.86551	26.8561	-3.1222
26	129	-25.1625	-9.68772	26.7215	-3.12876
26	130	-25.0465	-9.49948	26.6038	-3.13578
26	131	-24.9457	-9.30136	26.5026	3.13996
26	132	-24.8609	-9.09097	26.4189	3.13199
26	133	-24.7977	-8.88505	26.3585	3.12415
26	134	-24.7569	-8.68451	26.3219	3.11651
26	135	-24.7306	-8.48427	26.3015	3.10887
26	136	-24.7155	-8.28316	26.2938	3.10121
26	137	-24.7065	-8.08042	26.2938	3.09349
26	138	-24.7052	-7.87523	26.3031	3.0857
26	139	-24.7087	-7.66749	26.319	3.07782
26	140	-24.719	-7.45765	26.3435	3.0699
26	141	-24.7353	-7.24767	26.3756	3.062
26	142	-24.7582	-7.03806	26.4159	3.05416
26	143	-24.7855	-6.82846	26.4622	3.04636
26	144	-24.8175	-6.61836	26.5148	3.03859
26	145	-24.8541	-6.40722	26.5738	3.03082
26	146	-24.8969	-6.19546	26.6405	3.0231
26	147	-24.9466	-5.98429	26.7156	3.01547
32	0	33.7996	-14.7017	32.6848	-0.164641
32	1	33.7976	-14.4508	32.6427	-0.157068
32	2	33.7803	-14.2209	32.5904	-0.150183
32	3	33.7473	-14.0054	32.5261	-0.143784
32	4	33.6897	-13.802	32.4405	-0.137833
32	5	33.5833	-13.6309	32.312	-0.13304
32	6	33.42	-13.4833	32.1309	-0.129161
32	7	33.2594	-13.3292	31.952	-0.125026
32	8	33.0926	-13.1835	31.7686	-0.12113
32	9	32.9255	-13.0422	31.5858	-0.117329
32	10	32.7595	-12.9031	31.4049	-0.113549
32	11	32.5947	-12.7651	31.2258	-0.109755
32	12	32.4302	-12.6278	31.0475	-0.105942
32	13	32.2654	-12.4918	30.8694	-0.102126
32	14	32.1002	-12.358	30.6917	-0.0983379
32	15	31.9353	-12.2272	30.5149	-0.0946005
32	16	31.7716	-12.0992	30.3401	-0.0909121
32	17	31.6106	-11.9722	30.1685	-0.0872041
32	18	31.4512	-11.8467	29.9989	-0.0834979
32	19	31.2906	-11.7244	29.8288	-0.0798606
32	20	31.13	-11.6023	29.6593	-0.07619
32	21	30.9696	-11.4799	29.4902	-0.0724666
32	22	30.8087	-11.3587	29.3212	-0.0687411
32	23	30.6466	-11.2413	29.1516	-0.0651032
32	24	30.4853	-11.1269	28.9833	-0.0615275
32	25	30.3237	-11.0181	28.8155	-0.0581023
32	26	30.1632	-10.9125	28.6493	-0.0547506
32	27	30.0049	-10.8113	28.4859	-0.0515054
32	28	29.8475	-10.7144	28.3238	-0.0483743
32	29	29.6908	-10.619	28.1629	-0.0452595
32	30	29.5291	-10.5326	27.9976	-0.0424401
32	31	29.3665	-10.4467	27.8315	-0.0396023
32	32	29.193	-10.3789	27.6555	-0.0374025
32	33	29.0089	-10.323	27.4696	-0.0356191
32	34	28.8069	-10.2952	27.2667	-0.0348647
32	35	28.5924	-10.2809	27.0518	-0.034612
32	36	28.3857	-10.2896	26.8456	-0.0352033
32	37	28.1868	-10.3099	26.6475	-0.0362287
32	38	27.9925	-10.3482	26.4547	-0.0379399
32	39	27.7996	-10.3911	26.2636	-0.0398499
32	40	27.6079	-10.4425	26.0743	-0.0421137
32	41	27.4148	-10.4961	25.8836	-0.0444983
32	42	27.2205	-10.5562	25.6922	-0.0471702
32	43	27.0242	-10.6204	25.4994	-0.0500471
32	44	26.8276	-10.6909	25.3067	-0.053218
32	45	26.6301	-10.7656	25.1136	-0.056608
32	46	26.433	-10.845	24.9214	-0.0602363
32	47	26.2359	-10.9273	24.7298	-0.0640394
32	48	26.039	-11.0134	24.539	-0.068051
32	49	25.8418	-11.1033	24.3486	-0.0722857
32	50	25.6449	-11.1987	24.1594	-0.0768142
32	51	25.4488	-11.2999	23.9719	-0.0816502
32	52	25.2566	-11.4092	23.7895	-0.0868896
32	53	25.0728	-11.5299	23.6173	-0.0926576
32	54	24.9058	-11.6665	23.4641	-0.099113
32	55	24.7542	-11.8212	23.3293	-0.106353
32	56	24.615	-11.9914	23.2096	-0.114282
32	57	24.4853	-12.1803	23.1032	-0.123045
32	58	24.3739	-12.3733	23.0172	-0.13196
32	59	24.2761	-12.5708	22.9473	-0.141055
32	60	24.1924	-12.776	22.8942	-0.150442
32	61	24.1216	-12.991	22.8575	-0.160207
32	62	24.061	-13.2122	22.8341	-0.17019
32	63	24.0077	-13.4359	22.8206	-0.180248
32	64	23.9606	-13.6593	22.8155	-0.190253
32	65	23.9175	-13.8806	22.8161	-0.200134
32	66	23.8784	-14.102	22.8229	-0.209982
32	67	23.8418	-14.3227	22.8342	-0.21977
32	68	23.8073	-14.5422	22.8495	-0.229473
32	69	23.7777	-14.7643	22.8723	-0.239226
32	70	23.7535	-14.9865	22.9024	-0.2489
32	71	23.7333	-15.2057	22.9379	-0.25838
32	72	23.7155	-15.4201	22.9765	-0.2676
32	73	23.701	-15.6344	23.0201	-0.276743
32	74	23.6886	-15.8474	23.0673	-0.285773
32	75	23.6786	-16.0583	23.1181	-0.294645
32	76	23.674	-16.2722	23.1767	-0.303539
32	77	23.6767	-16.4866	23.2443	-0.312306
32	78	23.6851	-16.6987	23.3183	-0.320848
32	79	23.7003	-16.9062	23.3989	-0.329059
32	80	23.7174	-17.1085	23.4812	-0.33698
32	81	23.7403	-17.3079	23.5694	-0.344641
32	82	23.7634	-17.5053	23.6586	-0.352166
32	83	23.7954	-17.7008	23.7567	-0.359425
32	84	23.835	-17.8944	23.8624	-0.366435
32	85	23.894	-18.088	23.9873	-0.373088
32	86	23.9666	-18.2827	24.1265	-0.379509
32	87	24.0635	-18.4789	24.2896	-0.385533
32	88	24.1715	-18.6573	24.4571	-0.390631
32	89	24.2967	-18.8112	24.6316	-0.39447
32	90	24.4313	-18.9504	24.8095	-0.397567
32	91	24.5767	-19.0753	24.992	-0.39992
32	92	24.7238	-19.1976	25.1751	-0.402124
32	93	24.8775	-19.3136	25.362	-0.403961
32	94	25.0332	-19.432	25.5518	-0.405823
32	95	25.1954	-19.5461	25.7459	-0.407411
32	96	25.3618	-19.6604	25.944	-0.408913
32	97	25.5349	-19.7716	26.1471	-0.410183
32	98	25.7124	-19.8816	26.3537	-0.411325
32	99	25.8939	-19.9888	26.5629	-0.412294
32	100	26.0772	-20.095	26.7734	-0.413183
32	101	26.2618	-20.2004	26.9849	-0.414012
32	102	26.4477	-20.3065	27.1977	-0.414834
32	103	26.6357	-20.4135	27.4129	-0.415643
32	104	26.8268	-20.5215	27.6314	-0.416425
32	105	27.0217	-20.6296	27.8533	-0.417144
32	106	27.2198	-20.7367	28.0779	-0.417772
32	107	27.4201	-20.8422	28.3037	-0.41831
32	108	27.6212	-20.9464	28.5298	-0.418785
32	109	27.8226	-21.0503	28.7561	-0.419238
32	110	28.0249	-21.1546	28.9833	-0.419684
32	111	28.2291	-21.2584	29.2121	-0.420079
32	112	28.4379	-21.3563	29.4426	-0.420223
32	113	28.6509	-21.4283	29.6665	-0.41951
32	114	28.865	-21.4394	29.8667	-0.416929
32	115	29.0903	-21.3913	30.0535	-0.412429
32	116	29.3178	-21.313	30.231	-0.407043
32	117	29.5541	-21.2094	30.4075	-0.400834
32	118	29.8072	-21.0776	30.5899	-0.393641
32	119	30.0872	-20.9135	30.7867	-0.385228
32	120	30.3625	-20.7411	30.9782	-0.376733
32	121	30.6342	-20.5582	31.1646	-0.368067
32	122	30.8998	-20.3601	31.3425	-0.359121
32	123	31.154	-20.1461	31.5066	-0.349927
32	124	31.3943	-19.9208	31.6564	-0.340638
32	125	31.6234	-19.6878	31.7959	-0.331325
32	126	31.8444	-19.447	31.9279	-0.321939
32	127	32.0571	-19.1957	32.0517	-0.312404
32	128	32.2583	-18.9336	32.1641	-0.302726
32	129	32.4462	-18.6639	32.2646	-0.293009
32	130	32.6231	-18.3895	32.3562	-0.283312
32	131	32.7919	-18.1102	32.4417	-0.273592
32	132	32.9525	-17.8233	32.5204	-0.263761
32	133	33.1015	-17.5264	32.5885	-0.253774
32	134	33.2347	-17.2216	32.6426	-0.243713
32	135	33.3527	-16.9133	32.6843	-0.233687
32	136	33.4588	-16.6025	32.7172	-0.223694
32	137	33.5545	-16.2869	32.7421	-0.213647
32	138	33.6368	-15.9644	32.7559	-0.203493
32	139	33.7018	-15.637	32.7551	-0.193301
32	140	33.75	-15.3095	32.7411	-0.183201
32	141	33.7846	-14.9837	32.7174	-0.173217
33	0	-20.2831	-14.2749	22.3894	-2.91958
33	1	-20.3011	-14.0843	22.3659	-2.92806
33	2	-20.3225	-13.893	22.347	-2.93663
33	3	-20.3458	-13.7022	22.3318	-2.94521
33	4	-20.3726	-13.514	22.3222	-2.95371
33	5	-20.3989	-13.3297	22.3144	-2.96205
33	6	-20.4323	-13.1461	22.3152	-2.97041
33	7	-20.466	-12.9634	22.3181	-2.97873
33	8	-20.5058	-12.7836	22.3289	-2.98697
33	9	-20.5476	-12.6066	22.3437	-2.99508
33	10	-20.5912	-12.4329	22.3623	-3.00305
33	11	-20.6421	-12.2641	22.3901	-3.01083
33	12	-20.6979	-12.0984	22.4244	-3.01848
33	13	-20.7577	-11.936	22.4644	-3.02599
33	14	-20.8263	-11.7792	22.5151	-3.03326
33	15	-20.8963	-11.6241	22.5685	-3.04042
33	16	-20.9849	-11.4783	22.6424	-3.04723
33	17	-21.0838	-11.3367	22.7281	-3.05384
33	18	-21.1923	-11.1947	22.8242	-3.06045
33	19	-21.3053	-11.065	22.9267	-3.06649
33	20	-21.4359	-10.9591	23.0493	-3.07149
33	21	-21.5677	-10.8571	23.1739	-3.07628
33	22	-21.7136	-10.7728	23.3142	-3.0803
33	23	-21.8619	-10.6891	23.4572	-3.08425
33	24	-22.0174	-10.6155	23.6084	-3.08774
33	25	-22.1745	-10.5422	23.7614	-3.09118
33	26	-22.3366	-10.4785	23.9203	-3.09418
33	27	-22.4996	-10.4171	24.0803	-3.09705
33	28	-22.6648	-10.3638	24.243	-3.09955
33	29	-22.8303	-10.3149	24.4064	-3.10183
33	30	-22.9959	-10.2697	24.5701	-3.10394
33	31	-23.1628	-10.2326	24.7355	-3.10569
33	32	-23.3301	-10.2024	24.9016	-3.10715
33	33	-23.4977	-10.1777	25.0684	-3.10836
33	34	-23.6663	-10.1611	25.2363	-3.10924
33	35	-23.8375	-10.1686	25.4076	-3.10916
33	36	-24.0113	-10.1854	25.5819	-3.10873
33	37	-24.1919	-10.2139	25.7633	-3.10785
33	38	-24.3576	-10.271	25.931	-3.10587
33	39	-24.5127	-10.3384	26.0884	-3.1035
33	40	-24.6638	-10.4114	26.2422	-3.10094
33	41	-24.8073	-10.4981	26.3893	-3.09787
33	42	-24.9504	-10.5875	26.5364	-3.09474
33	43	-25.0906	-10.6846	26.681	-3.09135
33	44	-25.2316	-10.7846	26.8271	-3.08789
33	45	-25.3727	-10.8901	26.9738	-3.08427
33	46	-25.5142	-11.0011	27.1216	-3.08049
33	47	-25.6567	-11.1171	27.2712	-3.07656
33	48	-25.799	-11.239	27.4213	-3.07246
33	49	-25.9426	-11.3636	27.5734	-3.06831
33	50	-26.0856	-11.4908	27.7256	-3.06411
33	51	-26.2274	-11.6198	27.8772	-3.05989
33	52	-26.3671	-11.7501	28.0273	-3.05566
33	53	-26.5077	-11.8831	28.1791	-3.05139
33	54	-26.6492	-12.0193	28.3325	-3.04705
33	55	-26.7927	-12.1578	28.4888	-3.04269
33	56	-26.9377	-12.2994	28.6473	-3.03827
33	57	-27.0832	-12.444	28.8072	-3.0338
33	58	-27.2305	-12.5889	28.9695	-3.02937
33	59	-27.3771	-12.7349	29.1318	-3.02496
33	60	-27.5219	-12.8826	29.2932	-3.02052
33	61	-27.6661	-13.0313	29.4545	-3.0161
33	62	-27.8121	-13.1794	29.6182	-3.01176
33	63	-27.9565	-13.3304	29.7812	-3.00736
33	64	-28.1013	-13.4843	29.9456	-3.00291
33	65	-28.2459	-13.6402	30.1107	-2.99845
33	66	-28.3796	-13.8045	30.2668	-2.99371
33	67	-28.4726	-13.9688	30.3833	-2.98881
33	68	-28.5205	-14.1457	30.4581	-2.98331
33	69	-28.5573	-14.3259	30.5233	-2.97767
33	70	-28.5774	-14.5128	30.5741	-2.97174
33	71	-28.5894	-14.7107	30.62	-2.96544
33	72	-28.585	-14.9277	30.6545	-2.95845
33	73	-28.5628	-15.1726	30.6782	-2.95046
33	74	-28.5169	-15.4554	30.6882	-2.94113
33	75	-28.4546	-15.738	30.6848	-2.9317
33	76	-28.3758	-16.0168	30.6672	-2.92228
33	77	-28.2827	-16.2887	30.6368	-2.91295
33	78	-28.1785	-16.5539	30.5967	-2.90374
33	79	-28.0644	-16.8141	30.5484	-2.89458
33	80	-27.9394	-17.0703	30.4912	-2.88543
33	81	-27.802	-17.3216	30.4231	-2.87629
33	82	-27.652	-17.5656	30.3437	-2.86724
33	83	-27.4914	-17.8012	30.2541	-2.85831
33	84	-27.3218	-18.0289	30.156	-2.84948
33	85	-27.1428	-18.2501	30.0495	-2.84072
33	86	-26.9525	-18.4644	29.9324	-2.832
33	87	-26.7498	-18.6691	29.8028	-2.82338
33	88	-26.5362	-18.8617	29.6612	-2.81496
33	89	-26.3148	-19.0418	29.5103	-2.80677
33	90	-26.0876	-19.2117	29.3525	-2.79876
33	91	-25.8546	-19.373	29.1882	-2.79088
33	92	-25.615	-19.5252	29.0164	-2.78311
33	93	-25.4022	-19.6441	28.8594	-2.77667
33	94	-25.209	-19.7336	28.7112	-2.77135
33	95	-25.029	-19.7968	28.5666	-2.76701
33	96	-24.857	-19.8346	28.4206	-2.76356
33	97	-24.6991	-19.882	28.2914	-2.75994
33	98	-24.5542	-19.8794	28.1561	-2.75811
33	99	-24.41	-19.8294	28.0036	-2.75784
33	100	-24.2582	-19.7874	27.8471	-2.7572
33	101	-24.105	-19.7354	27.6856	-2.75686
33	102	-23.9512	-19.6742	27.5201	-2.75683
33	103	-23.7949	-19.6098	27.3511	-2.75686
33	104	-23.6366	-19.5397	27.1781	-2.75707
33	105	-23.4757	-19.4649	27.0008	-2.7574
33	106	-23.3119	-19.3858	26.8193	-2.75785
33	107	-23.1458	-19.3026	26.6341	-2.75841
33	108	-22.9809	-19.216	26.4488	-2.75912
33	109	-22.8173	-19.1278	26.2642	-2.7599
33	110	-22.6536	-19.0368	26.0784	-2.7608
33	111	-22.4889	-18.9449	25.8913	-2.76174
33	112	-22.324	-18.85	25.703	-2.76279
33	113	-22.1559	-18.7528	25.5108	-2.76389
33	114	-21.986	-18.6513	25.3155	-2.76514
33	115	-21.8146	-18.5472	25.1178	-2.76648
33	116	-21.6442	-18.4394	24.9199	-2.76801
33	117	-21.476	-18.3289	24.723	-2.76969
33	118	-21.3114	-18.2154	24.5284	-2.77156
33	119	-21.1487	-18.1006	24.3352	-2.77354
33	120	-20.996	-17.9774	24.1485	-2.77602
33	121	-20.8498	-17.8504	23.9667	-2.77879
33	122	-20.725	-17.7044	23.7983	-2.78266
33	123	-20.6045	-17.5508	23.6318	-2.78696
33	124	-20.5047	-17.3759	23.4779	-2.79247
33	125	-20.4123	-17.1954	23.3297	-2.79838
33	126	-20.3471	-17.0074	23.2055	-2.80507
33	127	-20.2927	-16.8179	23.0922	-2.81204
33	128	-20.2624	-16.622	23.0008	-2.81967
33	129	-20.2387	-16.4249	22.9166	-2.8275
33	130	-20.2272	-16.2267	22.8452	-2.8356
33	131	-20.2172	-16.0289	22.7768	-2.84375
33	132	-20.2138	-15.8307	22.7162	-2.85204
33	133	-20.2121	-15.6325	22.6588	-2.8604
33	134	-20.2148	-15.4349	22.6074	-2.86884
33	135	-20.2186	-15.239	22.559	-2.87724
33	136	-20.2279	-15.0429	22.5176	-2.88576
33	137	-20.2393	-14.8476	22.48	-2.89429
33	138	-20.2535	-14.6543	22.4472	-2.90279
33	139	-20.2679	-14.4632	22.4168	-2.91123
38	0	28.6701	-23.9788	30.8105	-0.494929
38	1	28.6622	-23.6661	30.6562	-0.486077
38	2	28.6453	-23.3545	30.4969	-0.477302
38	3	28.6166	-23.0873	30.3495	-0.469915
38	4	28.5739	-22.8541	30.2064	-0.463672
38	5	28.5155	-22.6469	30.062	-0.458376
38	6	28.441	-22.4617	29.9135	-0.453924
38	7	28.3801	-22.2815	29.78	-0.449383
38	8	28.2787	-22.1445	29.6293	-0.446706
38	9	28.1314	-22.0373	29.4501	-0.445582
38	10	27.9896	-21.9178	29.2708	-0.443987
38	11	27.8375	-21.8079	29.0862	-0.44282
38	12	27.6802	-21.701	28.8982	-0.441811
38	13	27.5181	-21.5962	28.7069	-0.440927
38	14	27.3524	-21.4905	28.512	-0.440053
38	15	27.1817	-21.3852	28.3127	-0.439256
38	16	27.0067	-21.2785	28.109	-0.438467
38	17	26.8271	-21.1716	27.9009	-0.437732
38	18	26.6441	-21.0643	27.6897	-0.437025
38	19	26.4588	-20.9572	27.4765	-0.436346
38	20	26.272	-20.8507	27.2622	-0.435703
38	21	26.0838	-20.7453	27.0471	-0.435107
38	22	25.8946	-20.6393	26.8309	-0.434496
38	23	25.7031	-20.5335	26.6126	-0.43392
38	24	25.5082	-20.4287	26.3917	-0.433422
38	25	25.3107	-20.3242	26.1686	-0.432966
38	26	25.1117	-20.2201	25.9443	-0.432542
38	27	24.9115	-20.1192	25.7202	-0.432243
38	28	24.711	-20.022	25.4974	-0.432076
38	29	24.5104	-19.9269	25.2755	-0.431983
38	30	24.3091	-19.8354	25.0544	-0.432032
38	31	24.1056	-19.751	24.8343	-0.432376
38	32	23.898	-19.6791	24.6156	-0.433258
38	33	23.6843	-19.6259	24.3993	-0.434957
38	34	23.4619	-19.5936	24.1842	-0.43762
38	35	23.2302	-19.5819	23.9694	-0.441273
38	36	23.0075	-19.5931	23.7731	-0.4457
38	37	22.7924	-19.6234	23.5924	-0.450792
38	38	22.5836	-19.6736	23.4267	-0.4566
38	39	22.3785	-19.7414	23.273	-0.463103
38	40	22.177	-19.8181	23.1276	-0.469959
38	41	21.9775	-19.8995	22.9871	-0.47705
38	42	21.7785	-19.9845	22.8499	-0.484351
38	43	21.5793	-20.073	22.7156	-0.491883
38	44	21.3803	-20.166	22.5847	-0.499677
38	45	21.1835	-20.2638	22.4596	-0.507694
38	46	20.9901	-20.3657	22.3409	-0.515888
38	47	20.8003	-20.4705	22.2283	-0.524203
38	48	20.6139	-20.5777	22.1213	-0.532615
38	49	20.43	-20.6871	22.0192	-0.541138
38	50	20.249	-20.7999	21.923	-0.5498
38	51	20.0714	-20.9184	21.8343	-0.558677
38	52	19.9003	-21.0469	21.7584	-0.567854
38	53	19.74	-21.1916	21.7021	-0.577449
38	54	19.5919	-21.3555	21.6685	-0.587517
38	55	19.4548	-21.5396	21.6576	-0.598099
38	56	19.3354	-21.7361	21.6709	-0.608696
38	57	19.2362	-21.9342	21.7039	-0.618799
38	58	19.1541	-22.1354	21.7547	-0.628524
38	59	19.0852	-22.3399	21.8202	-0.637957
38	60	19.0241	-22.5457	21.8946	-0.647173
38	61	18.9678	-22.7534	21.9758	-0.656257
38	62	18.9157	-22.9636	22.0637	-0.665245
38	63	18.8671	-23.1785	22.159	-0.674231
38	64	18.823	-23.398	22.2624	-0.68317
38	65	18.7843	-23.6208	22.3739	-0.691985
38	66	18.7509	-23.8451	22.4921	-0.700612
38	67	18.7221	-24.0698	22.6158	-0.709029
38	68	18.6973	-24.2945	22.7441	-0.717235
38	69	18.6768	-24.5189	22.8768	-0.725216
38	70	18.6609	-24.7422	23.0138	-0.732937
38	71	18.6474	-24.9693	23.1564	-0.740615
38	72	18.6376	-25.1986	23.3045	-0.74816
38	73	18.6327	-25.4279	23.4574	-0.755468
38	74	18.633	-25.6554	23.6143	-0.762473
38	75	18.6379	-25.8801	23.7736	-0.769166
38	76	18.6446	-26.107	23.9367	-0.77578
38	77	18.6541	-26.336	24.1044	-0.782287
38	78	18.6689	-26.5665	24.2779	-0.788592
38	79	18.691	-26.7967	24.4571	-0.794585
38	80	18.7187	-27.0275	24.6417	-0.800346
38	81	18.7525	-27.2569	24.8301	-0.805801
38	82	18.7927	-27.4831	25.0215	-0.810904
38	83	18.8392	-27.7056	25.2151	-0.815645
38	84	18.8951	-27.9233	25.4122	-0.819915
38	85	18.9647	-28.1343	25.6141	-0.823547
38	86	19.0501	-28.3401	25.8232	-0.82654
38	87	19.153	-28.5412	26.0409	-0.828862
38	88	19.2773	-28.7377	26.2698	-0.83043
38	89	19.4147	-28.9131	26.492	-0.831068
38	90	19.5664	-29.0667	26.7077	-0.83075
38	91	19.7332	-29.2007	26.9191	-0.829531
38	92	19.9107	-29.3211	27.1278	-0.8277
38	93	20.0946	-29.4323	27.3342	-0.825499
38	94	20.282	-29.5383	27.5393	-0.82311
38	95	20.4712	-29.6419	27.744	-0.820649
38	96	20.6615	-29.7443	27.9488	-0.818165
38	97	20.8522	-29.8457	28.1532	-0.815682
38	98	21.0447	-29.9443	28.357	-0.813121
38	99	21.2377	-30.0395	28.5589	-0.810504
38	100	21.4294	-30.1319	28.7581	-0.807887
38	101	21.6195	-30.2218	28.9545	-0.805288
38	102	21.808	-30.3091	29.1481	-0.802698
38	103	21.9955	-30.3941	29.3397	-0.800116
38	104	22.1824	-30.4773	29.5296	-0.797539
38	105	22.3681	-30.5596	29.7183	-0.795001
38	106	22.5526	-30.6391	29.9045	-0.792458
38	107	22.7351	-30.7154	30.0869	-0.78992
38	108	22.915	-30.7861	30.2639	-0.787342
38	109	23.0906	-30.8537	30.4358	-0.784821
38	110	23.2629	-30.915	30.6012	-0.78226
38	111	23.4302	-30.9758	30.7628	-0.779826
38	112	23.5975	-31.0289	30.9192	-0.777245
38	113	23.7632	-31.079	31.0725	-0.774653
38	114	23.9299	-31.1136	31.216	-0.771709
38	115	24.0899	-31.1629	31.3651	-0.769279
38	116	24.2473	-31.1579	31.475	-0.765686
38	117	24.4171	-31.0928	31.5526	-0.760469
38	118	24.6026	-31.0376	31.6494	-0.755167
38	119	24.7945	-30.9539	31.7325	-0.749099
38	120	24.9982	-30.8395	31.8045	-0.742104
38	121	25.2195	-30.6901	31.8677	-0.733956
38	122	25.4662	-30.5014	31.9259	-0.724389
38	123	25.7056	-30.305	31.9765	-0.714831
38	124	25.9397	-30.1026	32.0221	-0.705264
38	125	26.1694	-29.8924	32.0622	-0.695629
38	126	26.393	-29.6716	32.0939	-0.685882
38	127	26.607	-29.4394	32.1139	-0.676066
38	128	26.8087	-29.1981	32.1219	-0.666278
38	129	26.9994	-28.9511	32.1207	-0.656562
38	130	27.1817	-28.6991	32.1127	-0.646882
38	131	27.3564	-28.4408	32.098	-0.637178
38	132	27.5224	-28.175	32.0748	-0.627438
38	133	27.6776	-27.9025	32.042	-0.617711
38	134	27.822	-27.6257	32.0009	-0.608044
38	135	27.9575	-27.3452	31.9533	-0.598417
38	136	28.0848	-27.0596	31.8991	-0.588772
38	137	28.2023	-26.7665	31.8355	-0.579068
38	138	28.3057	-26.4656	31.7589	-0.569355
38	139	28.3927	-26.1603	31.669	-0.559753
38	140	28.4654	-25.8542	31.5695	-0.550313
38	141	28.5277	-25.5479	31.4638	-0.540981
38	142	28.5812	-25.2395	31.3522	-0.53167
38	143	28.6245	-24.9271	31.2325	-0.522344
38	144	28.6541	-24.6107	31.1017	-0.513054
38	145	28.6685	-24.2937	30.9599	-0.503903
39	0	-15.908	-23.7203	22.6202	-2.45291
39	1	-15.9047	-23.5131	22.4866	-2.45994
39	2	-15.9055	-23.3051	22.3567	-2.46718
39	3	-15.9104	-23.0966	22.2309	-2.47464
39	4	-15.9185	-22.884	22.1065	-2.48243
39	5	-15.9309	-22.6685	21.985	-2.49052
39	6	-15.9489	-22.4522	21.869	-2.49889
39	7	-15.9731	-22.2368	21.7601	-2.50748
39	8	-16.0029	-22.0236	21.6586	-2.51622
39	9	-16.0362	-21.812	21.5625	-2.52509
39	10	-16.0721	-21.6001	21.4702	-2.5341
39	11	-16.112	-21.388	21.3829	-2.54332
39	12	-16.1577	-21.1759	21.3021	-2.55275
39	13	-16.2117	-20.9652	21.231	-2.56241
39	14	-16.2775	-20.7584	21.1739	-2.57229
39	15	-16.361	-20.5596	21.1381	-2.58234
39	16	-16.4617	-20.3675	21.1227	-2.59258
39	17	-16.5823	-20.1827	21.1302	-2.60302
39	18	-16.7081	-20.019	21.1553	-2.61271
39	19	-16.8465	-19.8808	21.2059	-2.62163
39	20	-16.9885	-19.7556	21.2676	-2.63006
39	21	-17.1398	-19.6465	21.3469	-2.63798
39	22	-17.2939	-19.5418	21.4319	-2.64573
39	23	-17.4515	-19.4404	21.5229	-2.65336
39	24	-17.6132	-19.3414	21.6199	-2.66092
39	25	-17.7802	-19.2463	21.7247	-2.66835
39	26	-17.9508	-19.1523	21.8342	-2.67574
39	27	-18.1259	-19.0627	21.951	-2.68297
39	28	-18.3038	-18.9769	22.0731	-2.69003
39	29	-18.4825	-18.8929	22.1978	-2.69695
39	30	-18.6629	-18.8147	22.3275	-2.70358
39	31	-18.8442	-18.742	22.4613	-2.70994
39	32	-19.0264	-18.6756	22.5994	-2.71598
39	33	-19.2094	-18.6153	22.7416	-2.72172
39	34	-19.398	-18.578	22.8988	-2.72656
39	35	-19.5896	-18.5433	23.0604	-2.73129
39	36	-19.7895	-18.5348	23.2405	-2.73505
39	37	-19.9777	-18.5298	23.4115	-2.73843
39	38	-20.1563	-18.5537	23.5852	-2.74047
39	39	-20.3254	-18.5833	23.7525	-2.7421
39	40	-20.487	-18.638	23.9226	-2.74262
39	41	-20.649	-18.693	24.0933	-2.74313
39	42	-20.8092	-18.7579	24.2662	-2.74322
39	43	-20.971	-18.8257	24.4416	-2.74324
39	44	-21.1332	-18.8977	24.619	-2.7431
39	45	-21.2965	-18.9738	24.7991	-2.74283
39	46	-21.4627	-19.0521	24.9826	-2.74252
39	47	-21.6292	-19.134	25.1678	-2.74209
39	48	-21.7981	-19.2173	25.3558	-2.74166
39	49	-21.9687	-19.3043	25.5468	-2.74112
39	50	-22.1409	-19.3951	25.7409	-2.74048
39	51	-22.3148	-19.4888	25.9375	-2.73977
39	52	-22.4885	-19.5818	26.1338	-2.7391
39	53	-22.6596	-19.6769	26.3284	-2.73832
39	54	-22.8303	-19.7742	26.5237	-2.73747
39	55	-23.0012	-19.8734	26.7198	-2.73657
39	56	-23.1743	-19.9713	26.9175	-2.73576
39	57	-23.3491	-20.0718	27.1178	-2.7349
39	58	-23.5249	-20.1758	27.3204	-2.73395
39	59	-23.7022	-20.2816	27.5251	-2.73297
39	60	-23.8802	-20.3875	27.7306	-2.73202
39	61	-24.0456	-20.5065	27.9297	-2.73047
39	62	-24.1703	-20.6448	28.0994	-2.72773
39	63	-24.2545	-20.8177	28.2463	-2.72333
39	64	-24.3263	-21.0002	28.3863	-2.71848
39	65	-24.3837	-21.1976	28.5201	-2.71299
39	66	-24.4355	-21.4134	28.6575	-2.7069
39	67	-24.4767	-21.6579	28.7986	-2.6998
39	68	-24.5101	-21.9413	28.951	-2.69144
39	69	-24.5344	-22.2273	29.0983	-2.68296
39	70	-24.5488	-22.5162	29.2402	-2.67432
39	71	-24.5507	-22.8071	29.3741	-2.6655
39	72	-24.539	-23.0974	29.4979	-2.65657
39	73	-24.5153	-23.3851	29.6123	-2.64761
39	74	-24.4819	-23.6701	29.7192	-2.63863
39	75	-24.4398	-23.9537	29.8202	-2.62962
39	76	-24.3879	-24.2369	29.915	-2.62051
39	77	-24.3241	-24.5193	30.0015	-2.61129
39	78	-24.2471	-24.7989	30.0777	-2.60198
39	79	-24.1582	-25.0733	30.1438	-2.59265
39	80	-24.0599	-25.3423	30.2016	-2.58336
39	81	-23.9539	-25.6071	30.2533	-2.57407
39	82	-23.8401	-25.8692	30.2995	-2.56476
39	83	-23.7168	-26.1287	30.339	-2.55537
39	84	-23.5822	-26.3842	30.3696	-2.54592
39	85	-23.4366	-26.6335	30.3903	-2.53644
39	86	-23.2819	-26.8754	30.402	-2.527
39	87	-23.1199	-27.1107	30.4067	-2.5176
39	88	-22.951	-27.3409	30.4055	-2.50821
39	89	-22.7738	-27.5666	30.3977	-2.49878
39	90	-22.5866	-27.7866	30.381	-2.48929
39	91	-22.3891	-27.9983	30.3539	-2.4798
39	92	-22.1822	-28.1987	30.3152	-2.47039
39	93	-21.9939	-28.3593	30.2686	-2.46236
39	94	-21.8167	-28.4861	30.2111	-2.45541
39	95	-21.6513	-28.5959	30.1533	-2.44912
39	96	-21.4847	-28.68	30.0793	-2.44343
39	97	-21.3223	-28.7603	30.007	-2.4379
39	98	-21.1502	-28.7971	29.8999	-2.43324
39	99	-20.9677	-28.8012	29.7642	-2.42915
39	100	-20.7714	-28.7598	29.5887	-2.42587
39	101	-20.5733	-28.7261	29.4173	-2.42231
39	102	-20.376	-28.685	29.242	-2.41893
39	103	-20.1797	-28.6408	29.0657	-2.4156
39	104	-19.9853	-28.5962	28.8908	-2.41229
39	105	-19.7921	-28.5479	28.7147	-2.40906
39	106	-19.6008	-28.4978	28.5392	-2.40588
39	107	-19.4123	-28.4461	28.3649	-2.40277
39	108	-19.2264	-28.3946	28.1929	-2.39968
39	109	-19.0431	-28.3434	28.0233	-2.39661
39	110	-18.8628	-28.2921	27.8561	-2.39357
39	111	-18.682	-28.2372	27.6864	-2.39059
39	112	-18.5024	-28.1775	27.5144	-2.38772
39	113	-18.3251	-28.1137	27.3416	-2.38498
39	114	-18.1515	-28.045	27.1683	-2.38243
39	115	-17.9823	-27.9726	26.9957	-2.38006
39	116	-17.8171	-27.8972	26.8243	-2.37785
39	117	-17.6579	-27.8176	26.6543	-2.37588
39	118	-17.5016	-27.7375	26.4861	-2.37396
39	119	-17.3487	-27.6521	26.3168	-2.37227
39	120	-17.201	-27.5555	26.1436	-2.37099
39	121	-17.0526	-27.4513	25.9645	-2.36989
39	122	-16.9147	-27.3179	25.7727	-2.36987
39	123	-16.7708	-27.1739	25.5691	-2.36998
39	124	-16.6488	-27.007	25.3654	-2.37134
39	125	-16.5343	-26.8436	25.1693	-2.37283
39	126	-16.4492	-26.6669	24.9855	-2.37555
39	127	-16.3718	-26.4868	24.805	-2.37862
39	128	-16.3123	-26.3006	24.6334	-2.38241
39	129	-16.2538	-26.1145	24.4631	-2.38628
39	130	-16.2039	-25.926	24.2977	-2.39053
39	131	-16.1547	-25.737	24.133	-2.39486
39	132	-16.1112	-25.5462	23.9717	-2.39947
39	133	-16.0681	-25.352	23.809	-2.40426
39	134	-16.0295	-25.1535	23.6473	-2.40937
39	135	-15.9947	-24.9515	23.4867	-2.41478
39	136	-15.9667	-24.7469	23.3302	-2.42054
39	137	-15.946	-24.5416	23.1796	-2.4266
39	138	-15.9321	-24.3379	23.036	-2.43288
39	139	-15.9219	-24.1327	22.8951	-2.43939
39	140	-15.9135	-23.9268	22.7563	-2.44606
43	0	24.1931	-35.4073	34.5204	-0.855639
43	1	24.2254	-35.0728	34.2899	-0.848531
43	2	24.2473	-34.7371	34.0534	-0.841531
43	3	24.2569	-34.3981	33.8078	-0.834637
43	4	24.2501	-34.0568	33.551	-0.827957
43	5	24.2268	-33.7178	33.2862	-0.821585
43	6	24.1914	-33.3831	33.0177	-0.815465
43	7	24.1469	-33.0511	32.7461	-0.809504
43	8	24.0947	-32.7624	32.5014	-0.80454
43	9	24.0318	-32.5048	32.2725	-0.800408
43	10	23.9545	-32.2697	32.0501	-0.797029
43	11	23.8532	-32.0547	31.8257	-0.794588
43	12	23.7082	-31.8905	31.6069	-0.79422
43	13	23.5133	-31.7645	31.3805	-0.795838
43	14	23.3053	-31.6558	31.1573	-0.798165
43	15	23.0967	-31.5521	30.9376	-0.800654
43	16	22.8904	-31.45	30.7208	-0.80316
43	17	22.687	-31.3481	30.5063	-0.80564
43	18	22.4837	-31.2477	30.2931	-0.808182
43	19	22.2793	-31.1494	30.081	-0.81084
43	20	22.0755	-31.0534	29.8711	-0.81357
43	21	21.8737	-30.9593	29.6642	-0.816335
43	22	21.6744	-30.8682	29.4614	-0.819147
43	23	21.4781	-30.7801	29.2631	-0.821992
43	24	21.2847	-30.6943	29.0688	-0.824856
43	25	21.0934	-30.6108	28.8778	-0.82776
43	26	20.9035	-30.5289	28.689	-0.830702
43	27	20.7145	-30.448	28.502	-0.833683
43	28	20.5259	-30.3702	28.3178	-0.83677
43	29	20.338	-30.2965	28.1373	-0.839973
43	30	20.1506	-30.2296	27.9626	-0.843365
43	31	19.9675	-30.1658	27.7934	-0.846759
43	32	19.7872	-30.108	27.6308	-0.850262
43	33	19.6088	-30.0552	27.4736	-0.853876
43	34	19.4305	-30.0076	27.3207	-0.857651
43	35	19.2505	-29.9643	27.1705	-0.861617
43	36	19.0643	-29.9413	27.0321	-0.866289
43	37	18.8699	-29.931	26.8987	-0.87155
43	38	18.6646	-29.949	26.7808	-0.877849
43	39	18.4483	-29.9848	26.6709	-0.884944
43	40	18.2418	-30.0399	26.5835	-0.892269
43	41	18.045	-30.1103	26.5154	-0.899714
43	42	17.8549	-30.1974	26.4663	-0.907386
43	43	17.6696	-30.2934	26.4286	-0.915148
43	44	17.4872	-30.3947	26.3985	-0.922963
43	45	17.3057	-30.4989	26.3729	-0.930835
43	46	17.1243	-30.6067	26.3518	-0.938801
43	47	16.9424	-30.7188	26.3357	-0.946888
43	48	16.7605	-30.8362	26.3256	-0.955102
43	49	16.578	-30.9582	26.3206	-0.963438
43	50	16.3951	-31.0853	26.3216	-0.971899
43	51	16.2136	-31.2174	26.3294	-0.980421
43	52	16.035	-31.3539	26.3443	-0.988937
43	53	15.8596	-31.4936	26.3655	-0.99741
43	54	15.6845	-31.6352	26.3905	-1.00589
43	55	15.5097	-31.7795	26.4197	-1.01441
43	56	15.3361	-31.9284	26.4554	-1.02295
43	57	15.1658	-32.0828	26.4995	-1.03147
43	58	15.0036	-32.2451	26.5564	-1.03985
43	59	14.8548	-32.417	26.6302	-1.04794
43	60	14.7207	-32.5995	26.7221	-1.0557
43	61	14.6012	-32.793	26.8324	-1.06312
43	62	14.4956	-33.0007	26.9633	-1.07029
43	63	14.4102	-33.2071	27.1039	-1.07671
43	64	14.3427	-33.412	27.2528	-1.08246
43	65	14.2877	-33.6194	27.4105	-1.08778
43	66	14.2415	-33.8295	27.5754	-1.0928
43	67	14.2023	-34.0422	27.7466	-1.09758
43	68	14.1701	-34.257	27.9234	-1.10211
43	69	14.1446	-34.4728	28.1047	-1.10639
43	70	14.1255	-34.6882	28.2889	-1.11041
43	71	14.1104	-34.9051	28.4767	-1.11427
43	72	14.0986	-35.1236	28.6678	-1.118
43	73	14.0902	-35.344	28.8626	-1.1216
43	74	14.0863	-35.5665	29.0615	-1.12504
43	75	14.0886	-35.7905	29.2647	-1.12827
43	76	14.0984	-36.0145	29.4714	-1.13123
43	77	14.1158	-36.236	29.6795	-1.13387
43	78	14.1377	-36.4588	29.8907	-1.13636
43	79	14.163	-36.6815	30.1034	-1.13871
43	80	14.1915	-36.9033	30.3169	-1.14092
43	81	14.2238	-37.1241	30.5311	-1.14297
43	82	14.2609	-37.3431	30.7458	-1.14483
43	83	14.3023	-37.5647	30.9647	-1.14657
43	84	14.3496	-37.7869	31.1867	-1.14812
43	85	14.4041	-38.007	31.4099	-1.14941
43	86	14.4658	-38.2227	31.6319	-1.15042
43	87	14.5322	-38.4361	31.8538	-1.15125
43	88	14.6035	-38.6466	32.0751	-1.1519
43	89	14.6816	-38.8531	32.2956	-1.15229
43	90	14.769	-39.054	32.5147	-1.15234
43	91	14.8715	-39.2452	32.731	-1.15186
43	92	14.9941	-39.4227	32.9431	-1.15065
43	93	15.1358	-39.5903	33.154	-1.14881
43	94	15.2844	-39.7326	33.3447	-1.14649
43	95	15.441	-39.8462	33.5128	-1.14363
43	96	15.6046	-39.9326	33.6595	-1.14027
43	97	15.7751	-40.0011	33.793	-1.13653
43	98	15.9487	-40.0585	33.9185	-1.1326
43	99	16.1236	-40.1117	34.0411	-1.12861
43	100	16.3005	-40.1598	34.1606	-1.12453
43	101	16.4792	-40.2068	34.2804	-1.12042
43	102	16.6616	-40.2505	34.3994	-1.1162
43	103	16.8483	-40.293	34.5199	-1.11188
43	104	17.0394	-40.3304	34.6385	-1.10741
43	105	17.2347	-40.365	34.757	-1.10283
43	106	17.434	-40.394	34.8732	-1.09811
43	107	17.6361	-40.4208	34.9895	-1.09331
43	108	17.8407	-40.443	35.1036	-1.08843
43	109	18.0457	-40.4635	35.2174	-1.08354
43	110	18.2523	-40.4815	35.3304	-1.07861
43	111	18.4596	-40.4973	35.4428	-1.07367
43	112	18.6691	-40.5102	35.5544	-1.06866
43	113	18.8817	-40.5205	35.6662	-1.06357
43	114	19.0976	-40.5275	35.7777	-1.05839
43	115	19.3165	-40.5313	35.8888	-1.05313
43	116	19.5356	-40.5315	35.9979	-1.04784
43	117	19.7554	-40.5293	36.1063	-1.04254
43	118	19.9747	-40.5244	36.2131	-1.03724
43	119	20.1949	-40.5175	36.3197	-1.03192
43	120	20.4177	-40.5087	36.427	-1.02655
43	121	20.6438	-40.4971	36.5347	-1.02109
43	122	20.8729	-40.482	36.6421	-1.01554
43	123	21.1038	-40.4621	36.7474	-1.00992
43	124	21.3343	-40.4336	36.8465	-1.00421
43	125	21.5619	-40.4105	36.9497	-0.998678
43	126	21.7623	-40.3365	36.9967	-0.993042
43	127	21.9475	-40.2076	36.9905	-0.986945
43	128	22.1223	-40.0583	36.9629	-0.980772
43	129	22.2951	-39.8906	36.9205	-0.974356
43	130	22.471	-39.697	36.8601	-0.967458
43	131	22.6534	-39.4662	36.7746	-0.959812
43	132	22.8447	-39.1859	36.6561	-0.95115
43	133	23.0208	-38.8961	36.5238	-0.942616
43	134	23.1833	-38.6015	36.3822	-0.934246
43	135	23.3355	-38.3033	36.2341	-0.925975
43	136	23.4788	-37.9994	36.0786	-0.917739
43	137	23.6109	-37.6881	35.9128	-0.90955
43	138	23.729	-37.3711	35.7363	-0.901494
43	139	23.8338	-37.0518	35.552	-0.89361
43	140	23.9284	-36.731	35.3624	-0.88584
43	141	24.0142	-36.4068	35.1666	-0.878119
43	142	24.0888	-36.077	34.9615	-0.870451
43	143	24.1486	-35.7426	34.7453	-0.862932
44	0	-12.8403	-36.3169	30.574	-2.0611
44	1	-12.7828	-36.1152	30.3691	-2.06256
44	2	-12.7292	-35.9122	30.1649	-2.06417
44	3	-12.6778	-35.7047	29.9578	-2.06594
44	4	-12.6294	-35.4937	29.7492	-2.06788
44	5	-12.5865	-35.2806	29.5416	-2.07004
44	6	-12.5494	-35.0677	29.3369	-2.0724
44	7	-12.5151	-34.8527	29.132	-2.07492
44	8	-12.4834	-34.6361	28.9272	-2.07757
44	9	-12.4551	-34.4181	28.7229	-2.0804
44	10	-12.4287	-34.1967	28.5169	-2.08338
44	11	-12.4063	-33.9718	28.31	-2.08659
44	12	-12.3909	-33.7443	28.1048	-2.0901
44	13	-12.384	-33.5165	27.9037	-2.09394
44	14	-12.384	-33.2893	27.7072	-2.09803
44	15	-12.3911	-33.0639	27.5162	-2.10238
44	16	-12.4062	-32.8407	27.3317	-2.10699
44	17	-12.433	-32.6199	27.156	-2.112
44	18	-12.4769	-32.4023	26.9925	-2.11754
44	19	-12.5411	-32.1851	26.8408	-2.1238
44	20	-12.626	-31.9655	26.6993	-2.13082
44	21	-12.7251	-31.7601	26.5785	-2.13808
44	22	-12.838	-31.5653	26.4757	-2.14563
44	23	-12.9661	-31.3817	26.3921	-2.15349
44	24	-13.1084	-31.2061	26.3246	-2.16167
44	25	-13.2564	-31.0356	26.2664	-2.16997
44	26	-13.4079	-30.8689	26.215	-2.17833
44	27	-13.5621	-30.7049	26.1694	-2.18674
44	28	-13.7191	-30.5436	26.1293	-2.19521
44	29	-13.8789	-30.3856	26.0956	-2.20372
44	30	-14.0411	-30.2318	26.0685	-2.21223
44	31	-14.2049	-30.0828	26.048	-2.22069
44	32	-14.3694	-29.9383	26.0334	-2.22908
44	33	-14.5344	-29.7979	26.0242	-2.2374
44	34	-14.7001	-29.6611	26.02	-2.24565
44	35	-14.8674	-29.528	26.0215	-2.25387
44	36	-15.0366	-29.3988	26.0289	-2.26204
44	37	-15.2062	-29.2734	26.0413	-2.27013
44	38	-15.3759	-29.1517	26.0583	-2.27812
44	39	-15.5461	-29.035	26.0809	-2.28599
44	40	-15.7165	-28.9229	26.1088	-2.29373
44	41	-15.8904	-28.8188	26.1466	-2.30135
44	42	-16.0712	-28.7288	26.2009	-2.30879
44	43	-16.264	-28.6547	26.2765	-2.31611
44	44	-16.4684	-28.5937	26.371	-2.32337
44	45	-16.6897	-28.5474	26.4892	-2.33067
44	46	-16.9098	-28.5215	26.6226	-2.33733
44	47	-17.1305	-28.5227	26.777	-2.34324
44	48	-17.3526	-28.5471	26.9498	-2.34851
44	49	-17.5751	-28.5877	27.1353	-2.3533
44	50	-17.7956	-28.6358	27.3251	-2.35778
44	51	-18.0137	-28.6868	27.5158	-2.36206
44	52	-18.2302	-28.74	27.7075	-2.36619
44	53	-18.446	-28.7946	27.9	-2.37021
44	54	-18.6618	-28.8501	28.0936	-2.37415
44	55	-18.8775	-28.9071	28.2886	-2.37799
44	56	-19.0926	-28.9663	28.4851	-2.38171
44	57	-19.3062	-29.0279	28.6826	-2.38528
44	58	-19.5165	-29.0895	28.878	-2.38873
44	59	-19.7243	-29.1515	29.0722	-2.39206
44	60	-19.9285	-29.2127	29.2635	-2.39528
44	61	-20.13	-29.275	29.4539	-2.39838
44	62	-20.3298	-29.3387	29.6442	-2.40136
44	63	-20.5264	-29.4042	29.8337	-2.40418
44	64	-20.7205	-29.4713	30.0226	-2.40687
44	65	-20.9087	-29.543	30.2104	-2.40929
44	66	-21.0863	-29.6273	30.3989	-2.41113
44	67	-21.2331	-29.7512	30.5909	-2.41131
44	68	-21.3581	-29.9261	30.8007	-2.40979
44	69	-21.4704	-30.1236	31.0164	-2.40747
44	70	-21.5822	-30.345	31.2478	-2.40461
44	71	-21.6987	-30.5994	31.5052	-2.40112
44	72	-21.8209	-30.8983	31.7974	-2.39677
44	73	-21.9337	-31.2037	32.0876	-2.39216
44	74	-22.0341	-31.5149	32.3736	-2.38723
44	75	-22.1209	-31.8292	32.6525	-2.38204
44	76	-22.196	-32.1444	32.9244	-2.37667
44	77	-22.2613	-32.4612	33.1914	-2.37114
44	78	-22.3165	-32.7811	33.4544	-2.36543
44	79	-22.3595	-33.1039	33.7118	-2.35949
44	80	-22.3895	-33.4274	33.9618	-2.35335
44	81	-22.4083	-33.7501	34.2045	-2.34709
44	82	-22.4176	-34.0726	34.4418	-2.34072
44	83	-22.4164	-34.3968	34.6745	-2.33419
44	84	-22.4022	-34.7224	34.9006	-2.32745
44	85	-22.3736	-35.0466	35.1177	-2.32052
44	86	-22.3329	-35.3673	35.3255	-2.31349
44	87	-22.2828	-35.6851	35.5266	-2.3064
44	88	-22.2236	-36.0019	35.7227	-2.29922
44	89	-22.1528	-36.3186	35.9129	-2.29188
44	90	-22.068	-36.6332	36.0942	-2.28436
44	91	-21.9699	-36.9427	36.265	-2.27673
44	92	-21.8615	-37.2465	36.427	-2.26905
44	93	-21.7444	-37.5465	36.5825	-2.26133
44	94	-21.6171	-37.8437	36.7317	-2.2535
44	95	-21.477	-38.1363	36.8716	-2.24555
44	96	-21.3402	-38.3819	36.9787	-2.23851
44	97	-21.2037	-38.59	37.0584	-2.23214
44	98	-21.0649	-38.7702	37.116	-2.22621
44	99	-20.9193	-38.9291	37.1539	-2.22049
44	100	-20.7836	-39.091	37.2012	-2.21496
44	101	-20.6255	-39.2008	37.1946	-2.20979
44	102	-20.4365	-39.2637	37.1329	-2.20469
44	103	-20.2334	-39.3007	37.0428	-2.19968
44	104	-20.0316	-39.3411	36.9572	-2.19462
44	105	-19.83	-39.3769	36.8691	-2.18962
44	106	-19.6281	-39.4106	36.7799	-2.18461
44	107	-19.4265	-39.4408	36.6889	-2.17965
44	108	-19.2262	-39.4685	36.5975	-2.17473
44	109	-19.0274	-39.4922	36.5045	-2.16987
44	110	-18.8299	-39.5148	36.4122	-2.16505
44	111	-18.6328	-39.5338	36.318	-2.16025
44	112	-18.4353	-39.552	36.2238	-2.15544
44	113	-18.2364	-39.5655	36.1257	-2.15065
44	114	-18.0358	-39.5768	36.0257	-2.14582
44	115	-17.8351	-39.5833	35.9224	-2.14103
44	116	-17.6343	-39.5876	35.8179	-2.13625
44	117	-17.4358	-39.588	35.7123	-2.13155
44	118	-17.2396	-39.5868	35.6074	-2.1269
44	119	-17.0452	-39.5826	35.5016	-2.12231
44	120	-16.8519	-39.5763	35.3953	-2.11775
44	121	-16.6593	-39.5669	35.2874	-2.11323
44	122	-16.4673	-39.5538	35.1775	-2.10874
44	123	-16.2762	-39.5362	35.0648	-2.10432
44	124	-16.0864	-39.5141	34.9496	-2.09997
44	125	-15.9002	-39.4878	34.8331	-2.09574
44	126	-15.7173	-39.4585	34.7165	-2.0916
44	127	-15.5387	-39.4265	34.6001	-2.08758
44	128	-15.3637	-39.3913	34.4833	-2.08367
44	129	-15.1919	-39.3544	34.3671	-2.07985
44	130	-15.0225	-39.3135	34.2491	-2.07611
44	131	-14.8546	-39.2679	34.1281	-2.07245
44	132	-14.6884	-39.2126	34	-2.06895
44	133	-14.5261	-39.1412	33.8598	-2.06574
44	134	-14.367	-39.0476	33.702	-2.06291
44	135	-14.2118	-38.9344	33.5291	-2.06042
44	136	-14.0579	-38.7987	33.337	-2.05826
44	137	-13.9268	-38.6505	33.1447	-2.05686
44	138	-13.8096	-38.4961	32.9534	-2.05591
44	139	-13.7083	-38.332	32.761	-2.05551
44	140	-13.6088	-38.1678	32.5694	-2.05515
44	141	-13.5182	-37.9992	32.3779	-2.0551
44	142	-13.4271	-37.8288	32.1848	-2.05506
44	143	-13.3411	-37.6534	31.9894	-2.05524
44	144	-13.2579	-37.4743	31.7922	-2.05554
44	145	-13.1779	-37.2897	31.5916	-2.05603
44	146	-13.101	-37.1006	31.3885	-2.05667
44	147	-13.0299	-36.9077	31.1847	-2.05754
44	148	-12.9642	-36.7134	30.9823	-2.0586
44	149	-12.9014	-36.5162	30.7787	-2.0598
48	0	22.8017	-44.5351	41.1061	-1.02765
48	1	22.7814	-44.2373	40.8408	-1.02431
48	2	22.7513	-43.9385	40.5701	-1.02111
48	3	22.7096	-43.6388	40.293	-1.01811
48	4	22.6552	-43.3403	40.0105	-1.01535
48	5	22.5896	-43.0448	39.725	-1.01283
48	6	22.515	-42.7523	39.4375	-1.01051
48	7	22.4323	-42.4614	39.1471	-1.00835
48	8	22.3405	-42.1715	38.8531	-1.00637
48	9	22.2534	-41.9254	38.5985	-1.00487
48	10	22.1677	-41.7141	38.3743	-1.0038
48	11	22.0809	-41.5299	38.1723	-1.00312
48	12	21.9899	-41.3656	37.9848	-1.00282
48	13	21.891	-41.2176	37.8069	-1.00292
48	14	21.7584	-41.1425	37.6723	-1.00482
48	15	21.5914	-41.1254	37.5685	-1.00832
48	16	21.4187	-41.1226	37.4743	-1.01218
48	17	21.2424	-41.1193	37.3784	-1.01613
48	18	21.0629	-41.1201	37.2849	-1.02024
48	19	20.881	-41.1203	37.1901	-1.02441
48	20	20.697	-41.1196	37.0943	-1.02864
48	21	20.5112	-41.1225	37.0013	-1.03298
48	22	20.324	-41.1247	36.9077	-1.03737
48	23	20.1358	-41.1264	36.8137	-1.04179
48	24	19.9477	-41.1339	36.7257	-1.04632
48	25	19.7563	-41.1377	36.6336	-1.05089
48	26	19.5629	-41.1363	36.5366	-1.05546
48	27	19.3684	-41.1324	36.4378	-1.06006
48	28	19.1733	-41.1316	36.342	-1.06473
48	29	18.9776	-41.1282	36.2447	-1.06941
48	30	18.7815	-41.1203	36.1438	-1.07406
48	31	18.5848	-41.1108	36.0421	-1.07873
48	32	18.388	-41.107	35.9462	-1.0835
48	33	18.1888	-41.0993	35.8465	-1.08831
48	34	17.9883	-41.0855	35.7417	-1.09311
48	35	17.7871	-41.0659	35.6322	-1.09787
48	36	17.5848	-41.0434	35.5204	-1.10265
48	37	17.3805	-41.022	35.4096	-1.10753
48	38	17.1741	-41.0003	35.2984	-1.11248
48	39	16.9659	-40.9788	35.1874	-1.11752
48	40	16.7564	-40.9598	35.0791	-1.12265
48	41	16.5461	-40.9403	34.9708	-1.12783
48	42	16.3358	-40.9206	34.8634	-1.13304
48	43	16.1258	-40.9023	34.7582	-1.13829
48	44	15.916	-40.8845	34.6546	-1.14357
48	45	15.706	-40.8704	34.5553	-1.14893
48	46	15.4968	-40.8681	34.4681	-1.15444
48	47	15.2887	-40.8884	34.4031	-1.16021
48	48	15.0823	-40.9438	34.372	-1.16636
48	49	14.8757	-41.0351	34.3755	-1.17293
48	50	14.6689	-41.1591	34.4105	-1.17986
48	51	14.4788	-41.2996	34.4687	-1.18652
48	52	14.3059	-41.4593	34.5527	-1.19289
48	53	14.1458	-41.6302	34.6531	-1.199
48	54	13.9921	-41.8052	34.7609	-1.20495
48	55	13.8444	-41.9842	34.8758	-1.21074
48	56	13.7037	-42.168	34.9988	-1.21636
48	57	13.5728	-42.3589	35.1329	-1.22174
48	58	13.4568	-42.5587	35.2814	-1.22676
48	59	13.3579	-42.7705	35.4478	-1.2314
48	60	13.2779	-42.994	35.6322	-1.23561
48	61	13.2238	-43.2067	35.8155	-1.23899
48	62	13.1902	-43.4133	36	-1.24174
48	63	13.1732	-43.6166	36.1871	-1.244
48	64	13.1682	-43.8181	36.3763	-1.24591
48	65	13.1701	-44.0188	36.5672	-1.24761
48	66	13.1756	-44.2214	36.7611	-1.24922
48	67	13.1842	-44.4263	36.9582	-1.25075
48	68	13.1962	-44.6335	37.1587	-1.2522
48	69	13.2121	-44.8422	37.3619	-1.25354
48	70	13.2316	-45.0511	37.5666	-1.25479
48	71	13.2538	-45.2595	37.7715	-1.25594
48	72	13.2775	-45.467	37.9762	-1.25704
48	73	13.3003	-45.6741	38.1803	-1.25815
48	74	13.3224	-45.8818	38.3847	-1.25926
48	75	13.345	-46.0906	38.5904	-1.26036
48	76	13.3692	-46.3011	38.7983	-1.26143
48	77	13.3961	-46.5131	39.0084	-1.26243
48	78	13.4267	-46.7256	39.2202	-1.26333
48	79	13.4608	-46.9373	39.4323	-1.26413
48	80	13.4976	-47.1473	39.6437	-1.26484
48	81	13.5358	-47.3556	39.8537	-1.2655
48	82	13.5746	-47.5626	40.0628	-1.26613
48	83	13.614	-47.7691	40.2716	-1.26674
48	84	13.6549	-47.9755	40.4808	-1.2673
48	85	13.6984	-48.1812	40.6902	-1.26779
48	86	13.7455	-48.3853	40.899	-1.26818
48	87	13.7955	-48.5863	41.1058	-1.26848
48	88	13.8466	-48.7877	41.3133	-1.26875
48	89	13.8968	-48.9895	41.5209	-1.26904
48	90	13.9464	-49.1923	41.7292	-1.26935
48	91	13.9956	-49.3965	41.9389	-1.26967
48	92	14.0469	-49.6021	42.1504	-1.26996
48	93	14.1014	-49.8084	42.3636	-1.27017
48	94	14.1592	-50.0146	42.5777	-1.27031
48	95	14.2199	-50.2199	42.7917	-1.27037
48	96	14.2825	-50.4241	43.0053	-1.27039
48	97	14.3463	-50.6277	43.2187	-1.27037
48	98	14.4097	-50.8319	43.4325	-1.27037
48	99	14.4748	-51.0365	43.6472	-1.27033
48	100	14.5432	-51.241	43.8628	-1.27022
48	101	14.6193	-51.4432	44.0784	-1.26993
48	102	14.7408	-51.5925	44.2571	-1.26831
48	103	14.9109	-51.6909	44.4019	-1.26531
48	104	15.094	-51.7685	44.5313	-1.26191
48	105	15.2913	-51.8304	44.6505	-1.25813
48	106	15.5087	-51.8739	44.7592	-1.2538
48	107	15.753	-51.8979	44.8587	-1.2488
48	108	16.0323	-51.9035	44.9532	-1.24294
48	109	16.3108	-51.8978	45.0382	-1.23705
48	110	16.5888	-51.8826	45.1158	-1.23111
48	111	16.8674	-51.8575	45.1857	-1.22512
48	112	17.1464	-51.8202	45.246	-1.21904
48	113	17.424	-51.769	45.2944	-1.21289
48	114	17.6982	-51.7043	45.3307	-1.20673
48	115	17.968	-51.6284	45.3568	-1.20057
48	116	18.2345	-51.5433	45.3747	-1.19442
48	117	18.4989	-51.4484	45.3844	-1.18823
48	118	18.7609	-51.3414	45.3839	-1.182
48	119	19.0184	-51.2207	45.3707	-1.17573
48	120	19.2689	-51.0867	45.3443	-1.1695
48	121	19.5117	-50.9424	45.3072	-1.16332
48	122	19.7483	-50.7903	45.2622	-1.15719
48	123	19.9805	-50.6305	45.21	-1.15107
48	124	20.2084	-50.4612	45.1491	-1.14493
48	125	20.4302	-50.2799	45.0765	-1.13879
48	126	20.6419	-50.0856	44.9895	-1.1327
48	127	20.8426	-49.881	44.8902	-1.12672
48	128	21.0352	-49.6707	44.7839	-1.12082
48	129	21.2206	-49.4541	44.6702	-1.11497
48	130	21.3991	-49.2294	44.5478	-1.10916
48	131	21.5691	-48.9951	44.4145	-1.10338
48	132	21.728	-48.7513	44.2691	-1.0977
48	133	21.8743	-48.5005	44.1132	-1.09215
48	134	22.0095	-48.2451	43.9494	-1.08674
48	135	22.1357	-47.9855	43.779	-1.08143
48	136	22.2538	-47.7204	43.6011	-1.07618
48	137	22.3621	-47.4481	43.4134	-1.07101
48	138	22.4579	-47.1689	43.2149	-1.06597
48	139	22.5398	-46.8856	43.007	-1.06112
48	140	22.6096	-46.6006	42.7928	-1.05645
48	141	22.67	-46.3146	42.5739	-1.0519
48	142	22.7225	-46.026	42.3498	-1.04745
48	143	22.7658	-45.7329	42.1179	-1.04308
48	144	22.7965	-45.4347	41.8762	-1.03886
48	145	22.8119	-45.1338	41.625	-1.03487
48	146	22.8126	-44.8336	41.3675	-1.03115
49	0	-12.9087	-45.2797	38.7372	-1.9535
49	1	-12.879	-45.0777	38.5388	-1.95474
49	2	-12.8499	-44.876	38.3408	-1.95601
49	3	-12.8205	-44.6741	38.1428	-1.95728
49	4	-12.7921	-44.4718	37.9447	-1.9586
49	5	-12.7651	-44.2691	37.7469	-1.95997
49	6	-12.7403	-44.0666	37.5502	-1.9614
49	7	-12.7175	-43.8651	37.3551	-1.96289
49	8	-12.6963	-43.6651	37.1623	-1.96442
49	9	-12.6745	-43.4669	36.971	-1.96593
49	10	-12.655	-43.2698	36.7816	-1.9675
49	11	-12.6402	-43.0728	36.5942	-1.96921
49	12	-12.6353	-42.873	36.4082	-1.97121
49	13	-12.647	-42.6685	36.2246	-1.97371
49	14	-12.6809	-42.4544	36.0411	-1.97691
49	15	-12.7386	-42.2316	35.8595	-1.98084
49	16	-12.8145	-42.0195	35.6955	-1.98516
49	17	-12.906	-41.8189	35.5492	-1.98979
49	18	-13.01	-41.6258	35.4155	-1.99469
49	19	-13.1224	-41.4395	35.2923	-1.99976
49	20	-13.2412	-41.2572	35.1765	-2.00499
49	21	-13.3663	-41.0791	35.0681	-2.01036
49	22	-13.4983	-40.9048	34.9671	-2.0159
49	23	-13.6377	-40.7354	34.8747	-2.0216
49	24	-13.7955	-40.5818	34.8059	-2.0276
49	25	-13.9699	-40.4439	34.7596	-2.03385
49	26	-14.1631	-40.3228	34.7384	-2.04039
49	27	-14.3581	-40.2303	34.7448	-2.0466
49	28	-14.5563	-40.1755	34.7874	-2.05239
49	29	-14.7592	-40.1534	34.8624	-2.05783
49	30	-14.9632	-40.1469	34.9525	-2.06308
49	31	-15.1676	-40.1468	35.0496	-2.06822
49	32	-15.3723	-40.1497	35.1502	-2.0733
49	33	-15.5772	-40.1524	35.2517	-2.07836
49	34	-15.7821	-40.1573	35.3561	-2.08335
49	35	-15.9865	-40.1622	35.461	-2.08831
49	36	-16.1894	-40.1691	35.5678	-2.09317
49	37	-16.3899	-40.1737	35.6722	-2.09798
49	38	-16.5873	-40.1746	35.7727	-2.10273
49	39	-16.7843	-40.179	35.8768	-2.10741
49	40	-16.9811	-40.1833	35.9815	-2.11205
49	41	-17.1778	-40.1895	36.0885	-2.11663
49	42	-17.3745	-40.1938	36.1947	-2.12121
49	43	-17.5706	-40.1936	36.2975	-2.12582
49	44	-17.7655	-40.1889	36.3966	-2.13044
49	45	-17.9587	-40.1822	36.4938	-2.13502
49	46	-18.15	-40.1784	36.5933	-2.13949
49	47	-18.3394	-40.1708	36.6893	-2.14395
49	48	-18.5269	-40.1562	36.7791	-2.14845
49	49	-18.7123	-40.1349	36.8629	-2.15298
49	50	-18.8997	-40.1129	36.9479	-2.15755
49	51	-19.0884	-40.0954	37.0382	-2.16205
49	52	-19.277	-40.0772	37.1286	-2.16654
49	53	-19.4647	-40.0554	37.2162	-2.17105
49	54	-19.6514	-40.0296	37.3008	-2.17557
49	55	-19.8373	-40.0025	37.3845	-2.18007
49	56	-20.0229	-39.9796	37.4723	-2.18448
49	57	-20.2074	-39.9567	37.5603	-2.18885
49	58	-20.3899	-39.9318	37.646	-2.19318
49	59	-20.5673	-39.9021	37.7257	-2.19746
49	60	-20.7412	-39.8883	37.8168	-2.2014
49	61	-20.8845	-39.9327	37.9373	-2.20376
49	62	-20.9998	-40.0466	38.0973	-2.20443
49	63	-21.1064	-40.1741	38.2631	-2.2047
49	64	-21.2094	-40.3177	38.4398	-2.20465
49	65	-21.3124	-40.4828	38.6339	-2.20427
49	66	-21.4172	-40.6763	38.8519	-2.20349
49	67	-21.5268	-40.9054	39.1015	-2.20229
49	68	-21.6457	-41.1789	39.3925	-2.20063
49	69	-21.7561	-41.4551	39.6808	-2.19878
49	70	-21.8581	-41.7348	39.9671	-2.19673
49	71	-21.95	-42.0187	40.2512	-2.19445
49	72	-22.0298	-42.306	40.5311	-2.19191
49	73	-22.0975	-42.5945	40.8053	-2.18914
49	74	-22.1544	-42.8832	41.0737	-2.18619
49	75	-22.2018	-43.1726	41.3375	-2.18309
49	76	-22.2391	-43.4637	41.5975	-2.1798
49	77	-22.2647	-43.7566	41.8526	-2.1763
49	78	-22.2778	-44.0492	42.1009	-2.1726
49	79	-22.2793	-44.3399	42.3417	-2.16874
49	80	-22.2711	-44.6289	42.5763	-2.16476
49	81	-22.2535	-44.9172	42.8057	-2.16065
49	82	-22.225	-45.2056	43.0299	-2.15637
49	83	-22.1834	-45.4929	43.2468	-2.1519
49	84	-22.1286	-45.7769	43.4546	-2.14726
49	85	-22.0624	-46.0561	43.6531	-2.1425
49	86	-21.9864	-46.3312	43.8438	-2.13765
49	87	-21.9006	-46.6033	44.0278	-2.13268
49	88	-21.8033	-46.8724	44.2043	-2.12758
49	89	-21.6933	-47.137	44.3714	-2.12232
49	90	-21.5712	-47.3948	44.5276	-2.11695
49	91	-21.4392	-47.6451	44.6736	-2.11152
49	92	-21.2989	-47.8889	44.8111	-2.10603
49	93	-21.1502	-48.1275	44.9412	-2.10048
49	94	-20.9915	-48.3606	45.0629	-2.09483
49	95	-20.8222	-48.5866	45.1746	-2.08908
49	96	-20.6433	-48.8038	45.2754	-2.08327
49	97	-20.457	-49.0122	45.3664	-2.07744
49	98	-20.2654	-49.2144	45.451	-2.07159
49	99	-20.0643	-49.4076	45.5248	-2.06568
49	100	-19.8537	-49.5926	45.5884	-2.05969
49	101	-19.6329	-49.7667	45.6392	-2.05362
49	102	-19.4036	-49.9279	45.6764	-2.04754
49	103	-19.1687	-50.0768	45.7017	-2.04148
49	104	-18.9296	-50.2154	45.7176	-2.03544
49	105	-18.6859	-50.3451	45.7253	-2.02941
49	106	-18.4365	-50.4655	45.7236	-2.02335
49	107	-18.181	-50.5745	45.7107	-2.01728
49	108	-17.9207	-50.6706	45.6858	-2.01123
49	109	-17.6576	-50.7543	45.6502	-2.00524
49	110	-17.3925	-50.8274	45.6058	-1.99929
49	111	-17.1248	-50.8908	45.553	-1.99337
49	112	-16.8533	-50.9432	45.4903	-1.98745
49	113	-16.578	-50.9822	45.4153	-1.98156
49	114	-16.301	-51.006	45.3272	-1.97575
49	115	-16.0247	-51.0155	45.2278	-1.97005
49	116	-15.7501	-51.0133	45.1198	-1.96446
49	117	-15.477	-51.001	45.0043	-1.95896
49	118	-15.2246	-50.9768	44.887	-1.95396
49	119	-15.0025	-50.9387	44.7691	-1.94968
49	120	-14.8024	-50.8856	44.646	-1.94595
49	121	-14.6178	-50.8174	44.5152	-1.94266
49	122	-14.4438	-50.734	44.3744	-1.93969
49	123	-14.2828	-50.6284	44.218	-1.93715
49	124	-14.1769	-50.4726	44.0346	-1.93617
49	125	-14.0956	-50.2792	43.8249	-1.93602
49	126	-14.0279	-50.0775	43.6123	-1.93622
49	127	-13.9657	-49.8757	43.4017	-1.93654
49	128	-13.9061	-49.6753	43.1932	-1.93691
49	129	-13.8476	-49.4763	42.9865	-1.9373
49	130	-13.7889	-49.2785	42.7808	-1.93768
49	131	-13.7309	-49.0809	42.5755	-1.93807
49	132	-13.6739	-48.8828	42.3702	-1.93849
49	133	-13.6186	-48.6844	42.1651	-1.93896
49	134	-13.5654	-48.4858	41.9608	-1.93948
49	135	-13.5142	-48.2877	41.7575	-1.94005
49	136	-13.4641	-48.0901	41.5552	-1.94064
49	137	-13.4147	-47.8927	41.3532	-1.94125
49	138	-13.3658	-47.6947	41.151	-1.94188
49	139	-13.3179	-47.4955	40.948	-1.94256
49	140	-13.272	-47.2948	40.7443	-1.9433
49	141	-13.2287	-47.0931	40.5407	-1.94411
49	142	-13.1882	-46.8912	40.338	-1.94501
49	143	-13.15	-46.6898	40.1365	-1.94595
49	144	-13.1132	-46.489	39.9362	-1.94694
49	145	-13.077	-46.2886	39.7365	-1.94794
49	146	-13.0411	-46.0879	39.5368	-1.94897
49	147	-13.0059	-45.8865	39.3367	-1.95003
49	148	-12.9719	-45.6845	39.1364	-1.95113
49	149	-12.9395	-45.482	38.9364	-1.95229
