# CellID	Layer	Boundary	Stem	Area	Perimeter	CenterX	CenterY	WUS	CK	Neighbors	IsDividing	Volume	Circularity	WallNodeCount	CytNodeCount	CenterDist	CenterAngle	IsBuffer	ThetaLocal
# Units	-	-	-	-	um^2	um	um	um	-	-	count	-	um^3	-	count	count	um	rad	-	rad
0	1	0	0	108.968	38.3396	8.24847	25.3636	56.1788	0	0	0	108.968	0.931566	143	30	33.3863	1.38331	0	1.48331
1	1	0	0	98.2567	36.4226	-2.48983	24.4216	56.9542	0	0	0	98.2567	0.930742	129	30	32.1777	1.71159	0	1.65829
2	1	0	0	110.086	38.438	19.9875	22.2315	54.3985	0	0	0	110.086	0.936309	137	30	34.6826	1.02641	0	1.72179
3	1	0	0	103.165	38.0099	-12.9541	23.4279	54.1787	0	0	0	103.165	0.897324	141	30	34.3085	2.02263	0	1.66311
4	1	0	0	85.5866	33.9041	30.562	16.71	50.7536	0	0	0	85.5866	0.935645	124	22	37.3822	0.702288	0	1.85514
5	1	0	0	112.24	39.9486	-24.7631	18.7533	50.0039	0	0	0	112.24	0.883801	134	30	37.4647	2.36748	0	1.79048
6	1	0	0	89.0884	34.7993	38.6423	14.0852	46.1593	0	0	0	89.0884	0.924461	128	30	42.4736	0.531393	0	1.86186
7	1	0	0	84.2514	33.7811	-34.7109	10.3435	46.0623	0	0	0	84.2514	0.927768	125	22	40.8136	2.69081	0	1.94177
8	1	1	0	60.3438	28.0075	46.7216	9.59443	41.4865	0	0	0	60.3438	0.966705	128	22	47.8311	0.364078	0	1.90439
9	1	1	0	54.0023	26.5231	-42.8732	4.14267	41.3937	0	0	0	54.0023	0.964654	114	22	46.3682	2.88917	0	1.9982
10	2	0	0	95.7867	35.6632	2.74159	14.7389	67.0945	0	0	0	95.7867	0.946397	132	22	22.1881	1.53852	0	0
11	2	0	0	101.386	36.6566	12.6951	14.27	64.3671	0	0	0	101.386	0.948166	141	30	24.188	1.11397	0	0
12	2	0	0	83.0887	33.2195	-6.85608	14.4687	64.1303	0	0	0	83.0887	0.946164	112	22	23.6384	1.95599	0	0
13	2	0	0	92.7343	35.1752	22.2799	10.08	59.8481	0	0	0	92.7343	0.941839	146	22	26.7788	0.713075	0	0
14	2	0	0	105.333	37.4819	-17.1041	12.8527	58.1959	0	0	0	105.333	0.94217	155	30	27.8863	2.32676	0	0
15	2	0	0	92.503	34.8114	31.7695	5.98209	53.1515	0	0	0	92.503	0.959227	137	30	32.631	0.423833	0	0
16	2	0	0	82.8067	33.7048	-27.6112	6.29907	51.9838	0	0	0	82.8067	0.915993	127	22	32.6656	2.70757	0	0
17	2	1	0	89.3732	34.3557	41.5935	2.65365	45.9046	0	0	0	89.3732	0.951525	155	30	40.8344	0.249715	0	0
18	2	1	0	85.7726	33.8514	-36.7658	-0.737797	45.6122	0	0	0	85.7726	0.940602	157	30	39.3658	2.97057	0	0
19	3	0	0	105.288	38.1689	7.27908	3.04614	77.6001	84.1624	0	0	105.288	0.908174	132	30	11.7264	1.10627	0	0
20	3	0	0	95.498	35.9681	-2.2383	2.86202	77.0089	84.0008	0	0	95.498	0.927617	116	30	11.1474	1.96331	0	0
21	3	0	0	97.0076	36.8354	16.0202	0.670442	68.7011	81.0723	0	0	97.0076	0.89843	146	22	16.1737	0.525117	0	0
22	3	0	0	92.8271	35.9558	-11.2436	2.55294	67.5711	78.4933	0	0	92.8271	0.90229	109	30	16.6098	2.49623	0	0
23	3	0	0	90.734	34.6851	25.094	-2.77722	59.4223	73.7401	0	0	90.734	0.94775	138	22	23.5344	0.199343	0	0
24	3	0	0	106.819	38.5484	-20.3105	0.0648865	58.9479	71.6259	0	0	106.819	0.903327	160	30	23.5625	2.81754	0	0
25	3	1	0	89.7117	34.1775	34.6971	-4.84971	50.9946	64.4038	0	0	89.7117	0.965111	157	30	32.7738	0.079046	0	0
26	3	1	0	79.5768	32.3756	-29.2783	-5.4129	50.8493	64.4383	0	0	79.5768	0.954024	148	30	31.3694	3.077	0	0
27	4	0	0	98.2521	37.3789	1.91093	-9.80007	72.9299	104.343	0	0	98.2521	0.883685	123	30	2.3652	-1.61933	0	0
28	4	0	0	97.731	37.0195	10.6207	-10.985	68.8293	96.5845	0	0	97.731	0.896149	128	30	9.29832	-0.39142	0	0
29	4	0	0	97.6075	37.7274	-6.29355	-9.86386	68.8359	94.2071	0	0	97.6075	0.861746	135	30	8.6658	-2.85782	0	0
30	4	0	0	82.7644	33.5332	19.3155	-12.4463	61.1765	83.8605	0	0	82.7644	0.924917	117	22	18.0007	-0.281968	0	0
31	4	0	0	86.4338	34.3779	-15.0024	-10.5859	61.1014	81.9901	0	0	86.4338	0.919041	142	22	17.3167	-2.95877	0	0
32	4	1	0	85.1371	33.2473	28.5289	-13.5064	53.536	72.0698	0	0	85.1371	0.967867	142	30	27.1891	-0.2251	0	0
33	4	1	0	65.4652	29.4264	-23.1465	-12.0081	53.8948	72.004	0	0	65.4652	0.950051	141	22	25.5838	-2.96198	0	0
34	5	0	0	96.3746	36.3183	5.20674	-23.2969	58.9731	92.4832	0	0	96.3746	0.918167	122	30	16.1751	-1.37284	0	0
35	5	0	0	75.7845	32.3213	-2.27233	-22.8193	59.228	92.1496	0	0	75.7845	0.911616	104	22	15.9709	-1.84327	0	0
36	5	0	0	96.6729	36.4999	14.0494	-23.5769	56.4097	85.2656	0	0	96.6729	0.911867	127	30	20.1257	-0.930506	0	0
37	5	0	0	96.9885	37.2167	-10.4212	-22.4171	56.5668	84.4214	0	0	96.9885	0.879943	159	30	19.4758	-2.26411	0	0
38	5	1	0	90.7485	34.3322	23.4099	-23.4912	51.8976	75.1868	0	0	90.7485	0.967488	146	30	26.7395	-0.643962	0	0
39	5	1	0	71.6611	30.5802	-18.8762	-21.3712	52.4762	75.0431	0	0	71.6611	0.962969	141	22	25.1204	-2.55363	0	0
40	6	0	0	56.9086	27.5521	0.554145	-33.7378	50.0573	78.1293	0	0	56.9086	0.942062	82	22	26.3413	-1.62669	0	0
41	6	0	0	104.351	37.6595	9.05724	-35.7401	48.1342	74.6732	0	0	104.351	0.924605	131	30	29.1629	-1.32728	0	0
42	6	0	0	98.9176	37.3575	-7.55491	-35.3452	47.7472	73.5166	0	0	98.9176	0.890691	121	30	29.5062	-1.90149	0	0
43	6	1	0	90.0512	34.1321	18.7584	-34.1075	46.9177	70.9749	0	0	90.0512	0.971343	144	30	31.4843	-1.01047	0	0
44	6	1	0	93.2421	34.7992	-16.3654	-32.7755	46.7617	69.9649	0	0	93.2421	0.967571	150	30	31.3088	-2.19865	0	0
45	7	0	1	120.177	42.4258	-0.107237	-46.3077	41.0656	63.5913	0	0	120.177	0.839014	159	30	38.9285	-1.62561	0	0
46	7	0	1	95.2434	36.6377	8.94757	-47.8453	39.9692	61.7096	0	0	95.2434	0.891637	143	30	40.9963	-1.40114	0	0
47	7	0	1	73.4678	32.5704	-8.97083	-47.1165	39.7608	61.0181	0	0	73.4678	0.870285	139	22	41.1744	-1.84115	0	0
48	7	1	1	88.9014	34.9945	17.5094	-44.8189	40.5102	61.8408	0	0	88.9014	0.912258	147	30	40.4611	-1.1781	0	0
49	7	1	1	89.0342	34.8599	-16.7071	-43.7572	40.0175	60.4838	0	0	89.0342	0.920691	150	30	40.866	-2.04699	0	0
