0 1 0 56.475 1.76087 -1 1.32353 0.886028 0 0 0 63.1604 0 20000 0 1.68336
1 1 0 65.4517 1.4818 0 1.396 0 1 0 0 62.3478 0 20000 0 1.45823
2 1 0 66.6363 2.05881 0 1.11685 -0.363503 2 0 0 59.1292 0 20000 0 1.50993
3 1 0 82.1922 2.10999 0 1.08547 -1.17243 3 0 0 59.3493 0 20000 0 1.44262
4 1 0 55.7972 1.51443 0 1.28614 -0.276469 4 0 0 54.3009 0 20000 0 1.53853
5 1 0 61.2322 1.77099 0 1.26029 -0.477305 5 0 0 54.971 0 20000 0 1.52986
6 1 0 63.2368 1.40123 0 1.18976 0.763343 6 0 0 49.7923 0 20000 0 1.58406
7 1 0 73.0089 1.8968 0 1.1026 0.516963 7 0 0 49.7125 0 20000 0 1.57527
8 1 1 82.1076 2.37092 -1 1.21717 2.63764 8 0 0 45.3062 0 20000 0 1.63116
9 1 1 56.3263 0.685585 -1 1.16204 3.65646 9 0 0 45.0501 0 20000 0 1.6587
10 2 0 57.5511 1.45275 0 1.04739 9.10211 10 0 0 72.8679 0 20000 0 0
11 2 0 63.6113 1.53047 -1 1.47887 9.17014 11 0 0 69.4131 0 20000 0 0
12 2 0 68.7287 1.56242 0 1.12691 8.01337 12 0 0 68.8137 0 20000 0 0
13 2 0 67 1.55148 -1 1.48807 8.62504 13 0 0 62.9884 0 20000 0 0
14 2 0 63.5568 1.58431 -1 1.44262 8.04029 14 0 0 62.5624 0 20000 0 0
15 2 0 67.3641 1.58344 -1 1.44159 8.97986 15 0 0 56.5197 0 20000 0 0
16 2 0 71.7182 1.66638 0 1.08455 8.54628 16 0 0 55.7721 0 20000 0 0
17 2 1 73.0286 2.54442 -1 1.20617 10.0114 17 0 0 50.1388 0 20000 0 0
18 2 1 54.4202 0.541515 -1 1.18921 10.2792 18 0 0 49.1318 0 20000 0 0
19 3 0 52.6833 3.12115 0 1.14681 17.3394 19 0 0 79.7259 90.9314 20000 0 0
20 3 0 58.1895 1.54867 1.5708 1.6616 16.8722 20 0 0 78.386 91.1592 20000 0 0
21 3 0 62.1605 0.201181 0 1.20878 17.7106 21 0 0 69.959 84.5889 20000 0 0
22 3 0 65.6051 1.53233 -1 1.34332 17.4504 22 0 0 69.5297 84.0294 20000 0 0
23 3 0 51.592 1.56184 -1 1.383 17.8941 23 0 0 61.7742 75.9946 20000 0 0
24 3 0 72.1789 1.57894 1.5708 1.60358 17.8605 24 0 0 61.2967 75.4243 20000 0 0
25 3 1 66.8279 1.48477 -1 1.20172 18.2814 25 0 0 54.7693 67.8277 20000 0 0
26 3 1 76.811 1.67061 -1 1.10603 18.0608 26 0 0 53.4535 66.1863 20000 0 0
27 4 0 66.5899 1.58482 0 1.16118 26.1187 27 0 0 75.926 105.342 20000 0 0
28 4 0 66.9096 1.51067 0 1.10413 25.688 28 0 0 72.1845 97.1648 20000 0 0
29 4 0 50.6852 1.62005 -1 1.17556 26.1322 29 0 0 71.4766 94.8867 20000 0 0
30 4 0 59.8043 1.56857 1.5708 1.30864 25.8261 30 0 0 64.7511 84.6932 20000 0 0
31 4 0 53.7204 1.65537 -1 1.20116 26.5989 31 0 0 63.9616 84.1127 20000 0 0
32 4 1 47.1399 2.67556 -1 1.03115 25.9877 32 0 0 57.0116 73.9358 20000 0 0
33 4 1 65.6783 2.4094 -1 1.07717 26.8346 33 0 0 56.8702 73.7058 20000 0 0
34 5 0 51.9464 1.6091 1.5708 1.36101 34.4528 34 0 0 66.56 99.0691 20000 0 0
35 5 0 51.0308 1.53981 -1 1.23121 34.4557 35 0 0 65.3712 96.2143 20000 0 0
36 5 0 60.1041 1.58505 1.5708 1.35501 34.1839 36 0 0 62.9947 88.9437 20000 0 0
37 5 0 60.3812 1.53951 1.5708 1.55135 34.7923 37 0 0 62.4797 88.3159 20000 0 0
38 5 1 74.6496 2.79807 -1 1.06967 34.4378 38 0 0 57.0973 77.9265 20000 0 0
39 5 1 62.0325 0.446303 -1 1.05639 34.7721 39 0 0 57.2291 78.3848 20000 0 0
40 6 0 43.1195 1.71968 -1 1.10304 42.0301 40 0 0 59.5329 88.835 20000 0 0
41 6 0 45.4449 1.57755 -1 1.06948 41.9165 41 0 0 58.7117 86.4247 20000 0 0
42 6 0 56.3789 0.265153 -1 1.1032 43.0796 42 0 0 58.0487 85.2449 20000 0 0
43 6 1 72.2893 2.86676 -1 1.25529 42.7322 43 0 0 54.5917 77.9552 20000 0 0
44 6 1 48.622 0.166194 -1 1.14635 42.5742 44 0 0 54.3936 77.6477 20000 0 0
45 7 0 71.101 1.55135 1.5708 1.32096 50.4422 45 0 0 52.46 77.8817 20000 0 0
46 7 0 67.9128 1.58452 1.5708 1.40762 50.509 46 0 0 51.6766 76.2034 20000 0 0
47 7 0 51.7871 1.56173 1.5708 1.14755 50.6765 47 0 0 51.4017 75.662 20000 0 0
48 7 1 63.7416 3.13347 1.5708 1.07971 50.548 48 0 0 49.4305 71.6383 20000 0 0
49 7 1 57.9473 1.62704 1.5708 1.02134 50.1293 49 0 0 49.2528 71.2003 20000 0 0
