# CellID	NodeIndex	X	Y	R	Theta
0	0	11.6853	4.35077	24.0155	1.07976
0	1	11.6864	4.55903	24.1999	1.08378
0	2	11.6853	4.76636	24.3828	1.08779
0	3	11.6828	4.97219	24.5641	1.09177
0	4	11.6789	5.1762	24.7436	1.09572
0	5	11.6728	5.38311	24.925	1.09973
0	6	11.6637	5.59136	25.1066	1.10382
0	7	11.6511	5.79855	25.2862	1.10795
0	8	11.6357	6.00205	25.4616	1.11206
0	9	11.6202	6.20121	25.6335	1.11604
0	10	11.6026	6.39768	25.8025	1.12
0	11	11.5824	6.59077	25.9677	1.12394
0	12	11.5605	6.7817	26.1306	1.12785
0	13	11.5333	6.96908	26.2884	1.13185
0	14	11.4926	7.15307	26.438	1.1362
0	15	11.4286	7.32917	26.5711	1.14117
0	16	11.3865	7.51167	26.7197	1.14545
0	17	11.2725	7.65632	26.8049	1.15155
0	18	11.0178	7.78629	26.8215	1.16219
0	19	10.6214	8.04303	26.9036	1.17951
0	20	10.4172	8.22104	26.9915	1.18902
0	21	10.2581	8.37654	27.0773	1.19661
0	22	10.0979	8.50651	27.1404	1.20386
0	23	9.92515	8.62588	27.1907	1.21136
0	24	9.72407	8.74435	27.2318	1.2198
0	25	9.47445	8.86917	27.2646	1.22997
0	26	9.15233	9.00558	27.2877	1.24277
0	27	8.73216	9.15761	27.2999	1.25914
0	28	8.30867	9.28801	27.2978	1.27537
0	29	7.87988	9.40091	27.2846	1.29161
0	30	7.44001	9.49212	27.2547	1.30805
0	31	6.99455	9.55354	27.202	1.32445
0	32	6.55255	9.58952	27.1326	1.34057
0	33	6.11061	9.60608	27.0514	1.35662
0	34	5.66409	9.59676	26.9508	1.37273
0	35	5.30284	9.55102	26.8371	1.3856
0	36	5.00668	9.4676	26.702	1.39592
0	37	4.76328	9.34038	26.5353	1.40412
0	38	4.59846	9.16	26.3304	1.40916
0	39	4.48851	8.91055	26.0666	1.41178
0	40	4.36818	8.66059	25.8009	1.41485
0	41	4.26199	8.40437	25.5313	1.4174
0	42	4.16179	8.14559	25.2604	1.41976
0	43	4.06545	7.8846	24.9879	1.422
0	44	3.97386	7.62243	24.7151	1.42409
0	45	3.88784	7.36182	24.4448	1.42601
0	46	3.80633	7.10501	24.1789	1.42781
0	47	3.72723	6.85177	23.917	1.42958
0	48	3.64925	6.59989	23.6567	1.43134
0	49	3.57278	6.34714	23.3958	1.43308
0	50	3.4994	6.09313	23.1342	1.43471
0	51	3.43015	5.83934	22.8734	1.43621
0	52	3.36453	5.58711	22.6146	1.43759
0	53	3.30124	5.33577	22.3571	1.4389
0	54	3.23905	5.08248	22.0979	1.44018
0	55	3.17702	4.82807	21.8376	1.44148
0	56	3.11663	4.56904	21.5729	1.44271
0	57	3.06021	4.31194	21.3108	1.44379
0	58	3.00853	4.05858	21.0529	1.4447
0	59	2.96095	3.80969	20.8	1.44547
0	60	2.91655	3.56389	20.5506	1.44612
0	61	2.87498	3.31842	20.3019	1.44664
0	62	2.83591	3.07494	20.0554	1.44707
0	63	2.80222	2.8319	19.8101	1.44725
0	64	2.77694	2.58946	19.5664	1.447
0	65	2.76077	2.35359	19.3303	1.44633
0	66	2.75281	2.1245	19.102	1.44525
0	67	2.751	1.90178	18.8808	1.44387
0	68	2.75704	1.6821	18.6637	1.44206
0	69	2.77697	1.46215	18.4482	1.43946
0	70	2.8178	1.2384	18.2319	1.43563
0	71	2.88951	1.00434	18.0099	1.42993
0	72	2.9874	0.806109	17.8278	1.42293
0	73	3.11137	0.638614	17.681	1.4146
0	74	3.25754	0.491457	17.5592	1.40508
0	75	3.41749	0.358811	17.4557	1.39478
0	76	3.58577	0.238133	17.3673	1.38403
0	77	3.75906	0.128469	17.2928	1.373
0	78	3.93654	0.0316679	17.2338	1.3618
0	79	4.11785	-0.0500115	17.1927	1.3505
0	80	4.3042	-0.110668	17.1753	1.33914
0	81	4.49851	-0.15284	17.18	1.32757
0	82	4.70378	-0.174142	17.21	1.31569
0	83	4.89412	-0.180701	17.2527	1.30492
0	84	5.06774	-0.169694	17.3097	1.29541
0	85	5.24084	-0.15411	17.3725	1.28607
0	86	5.42209	-0.127684	17.4496	1.27652
0	87	5.61181	-0.098742	17.5332	1.26665
0	88	5.81194	-0.0612349	17.6298	1.25645
0	89	6.01925	-0.0178776	17.7361	1.24609
0	90	6.22856	0.0326107	17.8517	1.23588
0	91	6.43583	0.0874339	17.9724	1.22599
0	92	6.65092	0.144957	18.1002	1.21588
0	93	6.8734	0.204258	18.2341	1.20557
0	94	7.10291	0.266036	18.3748	1.19511
0	95	7.33837	0.33098	18.5226	1.18457
0	96	7.57725	0.398951	18.6766	1.17409
0	97	7.81599	0.468613	18.8341	1.16383
0	98	8.05134	0.539247	18.993	1.15392
0	99	8.27972	0.615316	19.1559	1.14463
0	100	8.51486	0.691965	19.3237	1.13519
0	101	8.75697	0.770635	19.4981	1.12563
0	102	9.00377	0.856579	19.6828	1.11619
0	103	9.25317	0.945527	19.8731	1.10688
0	104	9.5005	1.03756	20.0669	1.09791
0	105	9.7442	1.13209	20.2628	1.08933
0	106	9.9812	1.23303	20.4627	1.08135
0	107	10.2004	1.33979	20.6604	1.07442
0	108	10.4059	1.4573	20.862	1.06844
0	109	10.6134	1.59371	21.0818	1.06292
0	110	10.8688	1.7809	21.3699	1.05674
0	111	11.1895	2.05149	21.7638	1.05003
0	112	11.336	2.24529	22.0048	1.04863
0	113	11.4276	2.42782	22.2087	1.04916
0	114	11.4913	2.60901	22.3975	1.05072
0	115	11.5346	2.78985	22.5761	1.05304
0	116	11.5692	2.97225	22.7518	1.05568
0	117	11.5954	3.15663	22.9252	1.05865
0	118	11.62	3.34388	23.1006	1.0617
0	119	11.6408	3.53674	23.2793	1.06495
0	120	11.6594	3.73547	23.4623	1.06836
0	121	11.6724	3.93865	23.6468	1.07202
0	122	11.6812	4.1431	23.8307	1.0758
2	0	19.1051	3.36483	27.551	0.822567
2	1	19.1561	3.59827	27.7571	0.826942
2	2	19.2027	3.82526	27.9559	0.831213
2	3	19.2457	4.04554	28.1479	0.835358
2	4	19.285	4.25969	28.3333	0.8394
2	5	19.3184	4.46607	28.5094	0.843363
2	6	19.3329	4.66524	28.6681	0.847605
2	7	19.3689	4.85726	28.8361	0.851076
2	8	19.3215	5.03768	28.9409	0.856419
2	9	19.1522	5.24494	28.9878	0.865514
2	10	18.9741	5.49527	29.0644	0.875765
2	11	18.7246	5.76845	29.1168	0.888353
2	12	18.388	6.07389	29.145	0.903927
2	13	18.041	6.357	29.1563	0.919286
2	14	17.6868	6.62753	29.1601	0.934569
2	15	17.3182	6.88762	29.1537	0.950041
2	16	16.9282	7.12767	29.1257	0.965729
2	17	16.5263	7.33795	29.0736	0.981211
2	18	16.1211	7.52586	29.0078	0.996424
2	19	15.7085	7.69829	28.9317	1.01164
2	20	15.284	7.8514	28.8397	1.02693
2	21	14.854	7.98019	28.7307	1.04206
2	22	14.4235	8.08979	28.6114	1.05698
2	23	13.9876	8.18357	28.482	1.07193
2	24	13.5404	8.25335	28.3325	1.08697
2	25	13.0894	8.28407	28.1529	1.10166
2	26	12.7238	8.31868	28.0206	1.11385
2	27	12.4113	8.35316	27.9152	1.12444
2	28	12.1255	8.37845	27.816	1.13411
2	29	11.857	8.39514	27.7187	1.14314
2	30	11.5935	8.3931	27.6086	1.15179
2	31	11.331	8.35604	27.4688	1.15997
2	32	11.075	8.25925	27.2785	1.16716
2	33	10.8882	8.07638	27.0372	1.17086
2	34	10.6872	7.68723	26.6005	1.17212
2	35	10.6101	7.38758	26.2945	1.1704
2	36	10.5785	7.11162	26.0282	1.16738
2	37	10.5645	6.84169	25.7745	1.16377
2	38	10.5535	6.57251	25.5232	1.15999
2	39	10.5456	6.30218	25.2724	1.15601
2	40	10.5384	6.0295	25.0202	1.15188
2	41	10.5333	5.75533	24.7678	1.14757
2	42	10.5282	5.48044	24.5154	1.14315
2	43	10.5348	5.20879	24.2712	1.13826
2	44	10.5351	4.94124	24.0287	1.13358
2	45	10.5288	4.67269	23.783	1.12904
2	46	10.532	4.40205	23.54	1.124
2	47	10.5447	4.12924	23.2998	1.11845
2	48	10.5561	3.85713	23.0604	1.11285
2	49	10.5648	3.58655	22.8219	1.10726
2	50	10.59	3.32313	22.598	1.10106
2	51	10.611	3.06489	22.3776	1.095
2	52	10.6261	2.81124	22.1595	1.08915
2	53	10.6686	2.56096	21.9579	1.08215
2	54	10.7502	2.30938	21.7749	1.07342
2	55	10.9007	2.02694	21.6001	1.06106
2	56	11.1307	1.66021	21.3956	1.04331
2	57	11.2571	1.44677	21.2759	1.03313
2	58	11.3836	1.27845	21.197	1.02393
2	59	11.5174	1.13089	21.1414	1.0149
2	60	11.6622	0.995409	21.1036	1.00568
2	61	11.8177	0.867353	21.0797	0.996199
2	62	11.98	0.744879	21.0661	0.986571
2	63	12.1461	0.626019	21.0595	0.976879
2	64	12.317	0.510558	21.0605	0.967086
2	65	12.4885	0.399898	21.0678	0.9574
2	66	12.6649	0.292824	21.0828	0.947635
2	67	12.841	0.190395	21.1033	0.938028
2	68	13.0124	0.0932696	21.1272	0.928768
2	69	13.1883	-0.00166473	21.1575	0.91942
2	70	13.3662	-0.0929288	21.1937	0.910136
2	71	13.544	-0.179366	21.2354	0.901028
2	72	13.721	-0.259317	21.2835	0.892173
2	73	13.9048	-0.3326	21.3426	0.883315
2	74	14.0953	-0.395617	21.4157	0.874571
2	75	14.2936	-0.444672	21.5059	0.866036
2	76	14.5021	-0.475645	21.6182	0.857759
2	77	14.7267	-0.48407	21.7594	0.849699
2	78	14.9785	-0.467403	21.9389	0.84158
2	79	15.2264	-0.43127	22.1316	0.834314
2	80	15.4727	-0.381045	22.3347	0.827656
2	81	15.7212	-0.319904	22.5483	0.821376
2	82	15.9732	-0.251544	22.7705	0.815319
2	83	16.2258	-0.179503	22.9965	0.80947
2	84	16.4766	-0.10338	23.225	0.803913
2	85	16.7223	-0.0226705	23.4539	0.798759
2	86	16.9598	0.0609396	23.6798	0.794034
2	87	17.19	0.145433	23.9016	0.789644
2	88	17.4146	0.234122	24.1229	0.785621
2	89	17.6319	0.336579	24.3492	0.782283
2	90	17.8413	0.465636	24.5887	0.780006
2	91	18.0445	0.63092	24.8494	0.778981
2	92	18.2141	0.811939	25.0973	0.779368
2	93	18.3524	1.01179	25.3362	0.781142
2	94	18.4654	1.23185	25.5715	0.784142
2	95	18.5594	1.46443	25.8024	0.787951
2	96	18.6413	1.70149	26.0285	0.792144
2	97	18.7165	1.93771	26.2497	0.796424
2	98	18.7871	2.17371	26.468	0.800753
2	99	18.8553	2.40993	26.6854	0.80508
2	100	18.9223	2.64734	26.9032	0.809402
2	101	18.9873	2.88656	27.1215	0.813751
2	102	19.0487	3.12661	27.3384	0.818149
4	0	28.6739	-1.20938	32.3348	0.50408
4	1	28.7304	-1.04273	32.465	0.507734
4	2	28.7863	-0.871936	32.5971	0.51148
4	3	28.8388	-0.700086	32.7272	0.515274
4	4	28.8873	-0.530655	32.8531	0.519034
4	5	28.9357	-0.354826	32.9827	0.522934
4	6	28.9838	-0.174494	33.1146	0.526927
4	7	29.0302	0.00832973	33.247	0.530978
4	8	29.074	0.191602	33.3778	0.535048
4	9	29.1181	0.382562	33.5135	0.539279
4	10	29.1613	0.57872	33.6515	0.543623
4	11	29.2019	0.777466	33.7894	0.548035
4	12	29.2394	0.976602	33.9255	0.552468
4	13	29.2769	1.17875	34.0638	0.556943
4	14	29.3145	1.38307	34.2041	0.561432
4	15	29.3517	1.58962	34.346	0.565946
4	16	29.3841	1.79889	34.4859	0.570564
4	17	29.4193	2.00812	34.6289	0.5751
4	18	29.4126	2.20995	34.7334	0.580082
4	19	29.3374	2.40838	34.7799	0.586039
4	20	29.176	2.61978	34.7634	0.593673
4	21	28.9566	2.8332	34.7022	0.602307
4	22	28.6657	3.06325	34.5946	0.612552
4	23	28.2821	3.32284	34.4327	0.625126
4	24	27.8911	3.56279	34.2588	0.637483
4	25	27.4913	3.78895	34.0746	0.649802
4	26	27.0759	3.99704	33.8723	0.662114
4	27	26.651	4.17918	33.6516	0.674145
4	28	26.2247	4.34826	33.4265	0.686058
4	29	25.7951	4.50364	33.1949	0.697878
4	30	25.3594	4.64336	32.9531	0.709622
4	31	24.9208	4.76585	32.7024	0.721204
4	32	24.4787	4.87303	32.4433	0.732683
4	33	24.0279	4.96147	32.1694	0.744099
4	34	23.5716	5.02316	31.8774	0.755219
4	35	23.1185	5.06071	31.5751	0.765921
4	36	22.6656	5.08142	31.2648	0.776439
4	37	22.2091	5.08785	30.9453	0.786925
4	38	21.7515	5.06119	30.6048	0.7969
4	39	21.3056	5.0038	30.2534	0.806116
4	40	20.96	4.93213	29.9631	0.812782
4	41	20.6814	4.84751	29.7105	0.817635
4	42	20.4458	4.74684	29.4761	0.82113
4	43	20.2409	4.62196	29.2451	0.823348
4	44	20.0817	4.46346	29.0207	0.823659
4	45	19.9691	4.25414	28.7907	0.821587
4	46	19.893	3.99872	28.5521	0.817446
4	47	19.8101	3.74437	28.31	0.813436
4	48	19.7413	3.48584	28.0752	0.808891
4	49	19.6768	3.23311	27.8481	0.804301
4	50	19.6149	2.98639	27.6277	0.799722
4	51	19.557	2.74341	27.4134	0.795059
4	52	19.5004	2.50311	27.2025	0.790359
4	53	19.4443	2.26527	26.9944	0.785636
4	54	19.3925	2.0302	26.7918	0.780802
4	55	19.3464	1.79928	26.5968	0.775854
4	56	19.3066	1.57326	26.4105	0.770799
4	57	19.2728	1.35171	26.2322	0.76564
4	58	19.243	1.13589	26.0616	0.76046
4	59	19.2196	0.922483	25.8979	0.755114
4	60	19.2085	0.707877	25.7432	0.749338
4	61	19.2232	0.488944	25.6053	0.742687
4	62	19.2733	0.257508	25.4866	0.734668
4	63	19.361	0.0142718	25.3897	0.725243
4	64	19.4752	-0.213837	25.325	0.715513
4	65	19.6159	-0.428072	25.292	0.70547
4	66	19.7808	-0.633114	25.2859	0.695067
4	67	19.9538	-0.829578	25.2944	0.684721
4	68	20.1302	-1.02027	25.3117	0.674478
4	69	20.3072	-1.2085	25.3337	0.664311
4	70	20.485	-1.39658	25.359	0.65415
4	71	20.6652	-1.58496	25.3887	0.643943
4	72	20.8495	-1.77245	25.4249	0.633693
4	73	21.0339	-1.95564	25.4663	0.62361
4	74	21.2185	-2.13355	25.5136	0.613723
4	75	21.3997	-2.30358	25.5649	0.604203
4	76	21.5791	-2.46728	25.6206	0.594967
4	77	21.7566	-2.62576	25.6799	0.585981
4	78	21.937	-2.77923	25.7463	0.57714
4	79	22.129	-2.92294	25.8298	0.568422
4	80	22.3429	-3.05244	25.9413	0.559776
4	81	22.5843	-3.16328	26.0879	0.551263
4	82	22.8174	-3.23686	26.2486	0.544222
4	83	23.0482	-3.2799	26.4242	0.538308
4	84	23.2785	-3.30039	26.6118	0.53321
4	85	23.5091	-3.30809	26.8068	0.52859
4	86	23.738	-3.30841	27.0046	0.524304
4	87	23.9681	-3.3036	27.2063	0.520224
4	88	24.2023	-3.29551	27.4138	0.516233
4	89	24.4434	-3.28441	27.6292	0.512275
4	90	24.6886	-3.26745	27.8514	0.508491
4	91	24.9371	-3.24433	28.0799	0.504901
4	92	25.1873	-3.21649	28.3125	0.501488
4	93	25.4381	-3.18613	28.5472	0.498197
4	94	25.6899	-3.15492	28.7835	0.494968
4	95	25.9442	-3.12302	29.0225	0.491774
4	96	26.202	-3.08868	29.2662	0.488649
4	97	26.4631	-3.04894	29.5155	0.485685
4	98	26.7267	-3.00202	29.7706	0.482945
4	99	26.9799	-2.94165	30.0229	0.48081
4	100	27.2171	-2.86451	30.2689	0.479445
4	101	27.442	-2.77217	30.5111	0.47873
4	102	27.6578	-2.66311	30.7529	0.478645
4	103	27.8319	-2.55106	30.959	0.479268
4	104	27.9653	-2.43696	31.13	0.480544
4	105	28.0744	-2.32179	31.28	0.482197
4	106	28.1686	-2.20286	31.4188	0.484159
4	107	28.2531	-2.07907	31.5512	0.486385
4	108	28.3375	-1.95342	31.6846	0.488647
4	109	28.4084	-1.81802	31.8109	0.491359
4	110	28.4846	-1.67712	31.9447	0.494121
4	111	28.5514	-1.52462	32.076	0.49732
4	112	28.6162	-1.36787	32.2079	0.500638
6	0	38.9031	-1.2628	41.5662	0.383801
6	1	38.7904	-0.988954	41.5653	0.390926
6	2	38.6238	-0.699666	41.5228	0.398896
6	3	38.3943	-0.376402	41.4387	0.408236
6	4	38.1512	-0.0678268	41.3398	0.417421
6	5	37.8972	0.231455	41.2307	0.426554
6	6	37.6269	0.522259	41.1066	0.435716
6	7	37.3357	0.797878	40.9607	0.444816
6	8	37.0292	1.05071	40.7943	0.453644
6	9	36.7149	1.28337	40.6153	0.462184
6	10	36.3926	1.50198	40.4257	0.47058
6	11	36.0556	1.70655	40.2195	0.478912
6	12	35.7005	1.8886	39.9895	0.487045
6	13	35.3356	2.04079	39.7395	0.494727
6	14	34.9704	2.1685	39.4797	0.501966
6	15	34.6049	2.28052	39.2142	0.508954
6	16	34.2346	2.37944	38.9399	0.515807
6	17	33.8551	2.4604	38.6506	0.522472
6	18	33.4694	2.51593	38.3448	0.528747
6	19	33.086	2.54607	38.0296	0.534517
6	20	32.7068	2.55721	37.7096	0.539893
6	21	32.3279	2.55214	37.3824	0.544987
6	22	31.9457	2.52667	37.0428	0.549748
6	23	31.5638	2.47538	36.6907	0.553994
6	24	31.1882	2.40494	36.3345	0.557784
6	25	30.9052	2.32115	36.0501	0.559968
6	26	30.6895	2.22461	35.8161	0.560882
6	27	30.5224	2.11589	35.6168	0.560793
6	28	30.3669	2.03104	35.44	0.561099
6	29	30.2613	1.91979	35.2914	0.560022
6	30	30.1986	1.77331	35.1606	0.55744
6	31	30.1249	1.6221	35.0181	0.55489
6	32	30.0589	1.45935	34.8765	0.551919
6	33	29.9936	1.28483	34.7295	0.548627
6	34	29.9279	1.09885	34.5767	0.545028
6	35	29.8605	0.899502	34.416	0.541091
6	36	29.792	0.690374	34.2498	0.536888
6	37	29.7259	0.475267	34.0834	0.532456
6	38	29.6595	0.253659	33.9141	0.527819
6	39	29.5998	0.027375	33.7489	0.522918
6	40	29.5361	-0.197899	33.5815	0.518054
6	41	29.4647	-0.427503	33.4062	0.513141
6	42	29.4046	-0.665298	33.2377	0.507795
6	43	29.3405	-0.902197	33.0669	0.502478
6	44	29.2739	-1.14052	32.8943	0.497103
6	45	29.2126	-1.37765	32.7277	0.491628
6	46	29.1529	-1.60781	32.5669	0.486264
6	47	29.0943	-1.83344	32.4102	0.480953
6	48	29.038	-2.05697	32.2573	0.475617
6	49	28.9896	-2.28044	32.1124	0.470121
6	50	28.9646	-2.50034	31.9911	0.464347
6	51	28.9762	-2.71879	31.9042	0.458062
6	52	29.0289	-2.94195	31.8536	0.451047
6	53	29.1264	-3.17145	31.8422	0.443226
6	54	29.2584	-3.37887	31.8735	0.43557
6	55	29.4261	-3.56853	31.9464	0.427973
6	56	29.6198	-3.74429	32.0506	0.420475
6	57	29.8224	-3.90913	32.1691	0.413227
6	58	30.0262	-4.06799	32.2928	0.406187
6	59	30.2281	-4.2243	32.4173	0.399297
6	60	30.4322	-4.37977	32.5456	0.392457
6	61	30.6407	-4.53528	32.6796	0.38562
6	62	30.8559	-4.69026	32.8215	0.378779
6	63	31.0785	-4.84302	32.9726	0.371978
6	64	31.3029	-4.99136	33.1284	0.365344
6	65	31.5288	-5.13586	33.2884	0.358866
6	66	31.7506	-5.27567	33.4477	0.352623
6	67	31.9709	-5.41298	33.6077	0.346524
6	68	32.1894	-5.54874	33.7676	0.340546
6	69	32.4114	-5.68254	33.9328	0.334644
6	70	32.6401	-5.81305	34.1066	0.328827
6	71	32.8742	-5.93373	34.2897	0.323291
6	72	33.1177	-6.03483	34.4889	0.318268
6	73	33.3772	-6.10977	34.7122	0.313879
6	74	33.6564	-6.15629	34.9636	0.310148
6	75	33.9204	-6.16999	35.211	0.307489
6	76	34.1738	-6.15679	35.4566	0.305681
6	77	34.4255	-6.12533	35.706	0.3044
6	78	34.6809	-6.08443	35.962	0.303356
6	79	34.9431	-6.0374	36.2263	0.302433
6	80	35.2115	-5.98654	36.4977	0.301573
6	81	35.4827	-5.9317	36.7729	0.300807
6	82	35.7543	-5.87473	37.0492	0.300103
6	83	36.0255	-5.81638	37.3255	0.299449
6	84	36.297	-5.75421	37.6033	0.298898
6	85	36.5682	-5.68334	37.8834	0.298578
6	86	36.8262	-5.59071	38.1572	0.298909
6	87	37.0731	-5.46712	38.4296	0.30009
6	88	37.3078	-5.30844	38.7008	0.302215
6	89	37.4986	-5.12865	38.9366	0.305165
6	90	37.6406	-4.92664	39.1331	0.308998
6	91	37.7533	-4.70642	39.3078	0.313463
6	92	37.8565	-4.47863	39.4767	0.318146
6	93	37.9557	-4.24365	39.6448	0.322993
6	94	38.0586	-4.00287	39.8193	0.327907
6	95	38.169	-3.75275	40.0048	0.332938
6	96	38.2749	-3.49132	40.1909	0.338224
6	97	38.386	-3.219	40.3868	0.343672
6	98	38.489	-2.93954	40.5785	0.349301
6	99	38.5999	-2.65803	40.7797	0.354857
6	100	38.7153	-2.37707	40.9862	0.360306
6	101	38.8179	-2.0868	41.1852	0.366023
6	102	38.934	-1.80141	41.3963	0.371457
6	103	38.9614	-1.5348	41.5193	0.377201
8	0	46.3795	-8.08845	46.8409	0.187661
8	1	46.4836	-7.88448	46.9816	0.191513
8	2	46.5771	-7.67405	47.1139	0.19552
8	3	46.6587	-7.457	47.2364	0.199692
8	4	46.7267	-7.23409	47.3477	0.204022
8	5	46.7803	-7.00698	47.4468	0.20848
8	6	46.8201	-6.7774	47.5337	0.213032
8	7	46.8473	-6.54644	47.6096	0.217653
8	8	46.863	-6.31418	47.6757	0.222338
8	9	46.8677	-6.08007	47.7324	0.2271
8	10	46.8603	-5.84354	47.779	0.231959
8	11	46.839	-5.60473	47.8137	0.236922
8	12	46.8019	-5.36504	47.8345	0.241975
8	13	46.7484	-5.12683	47.8403	0.247077
8	14	46.6798	-4.89226	47.8318	0.252183
8	15	46.5982	-4.66213	47.8108	0.25727
8	16	46.5054	-4.43597	47.7792	0.262342
8	17	46.4018	-4.21281	47.7376	0.26742
8	18	46.2866	-3.99228	47.6855	0.272518
8	19	46.1585	-3.77517	47.6211	0.277633
8	20	46.0166	-3.56338	47.5433	0.282735
8	21	45.8619	-3.35887	47.4525	0.287783
8	22	45.6964	-3.16229	47.3501	0.292757
8	23	45.5215	-2.9729	47.2379	0.297663
8	24	45.3376	-2.78956	47.1164	0.302528
8	25	45.1457	-2.61359	46.9862	0.30732
8	26	44.9444	-2.44634	46.8455	0.312023
8	27	44.7338	-2.29017	46.6935	0.316591
8	28	44.5157	-2.14685	46.5312	0.320977
8	29	44.2924	-2.01617	46.3609	0.325172
8	30	44.0652	-1.89661	46.1842	0.329196
8	31	43.8339	-1.78694	46.0012	0.333078
8	32	43.5975	-1.68734	45.8106	0.33682
8	33	43.3554	-1.59942	45.6115	0.340394
8	34	43.1085	-1.52517	45.4038	0.343751
8	35	42.8589	-1.46529	45.1893	0.346859
8	36	42.6088	-1.41868	44.97	0.349724
8	37	42.3586	-1.38353	44.7472	0.352378
8	38	42.1076	-1.35887	44.5203	0.354844
8	39	41.8547	-1.3454	44.2879	0.357114
8	40	41.5996	-1.34533	44.049	0.359139
8	41	41.344	-1.3608	43.8044	0.360859
8	42	41.0909	-1.39274	43.5563	0.362225
8	43	40.8426	-1.43863	43.3079	0.363266
8	44	40.6003	-1.49732	43.0605	0.363991
8	45	40.3956	-1.56108	42.8465	0.364302
8	46	40.219	-1.63067	42.6568	0.364252
8	47	40.0619	-1.7053	42.4834	0.363928
8	48	39.9173	-1.78583	42.3196	0.363366
8	49	39.784	-1.87804	42.1622	0.362446
8	50	39.6739	-1.98839	42.0202	0.36092
8	51	39.5818	-2.1242	41.8862	0.358662
8	52	39.4847	-2.26047	41.7475	0.356423
8	53	39.3947	-2.40575	41.6127	0.353905
8	54	39.3086	-2.55811	41.4792	0.351179
8	55	39.2258	-2.71553	41.3475	0.348293
8	56	39.1502	-2.87718	41.2215	0.345233
8	57	39.0741	-3.04265	41.0941	0.34207
8	58	39.0039	-3.21329	40.971	0.338721
8	59	38.9356	-3.38548	40.8495	0.335302
8	60	38.8706	-3.56355	40.7299	0.331698
8	61	38.8078	-3.74544	40.6115	0.327967
8	62	38.7518	-3.93047	40.4992	0.324087
8	63	38.6984	-4.11875	40.3889	0.320089
8	64	38.6514	-4.30912	40.2848	0.315971
8	65	38.6079	-4.50045	40.1843	0.311782
8	66	38.5707	-4.69258	40.0903	0.307505
8	67	38.5374	-4.88421	40.001	0.303191
8	68	38.5156	-5.07738	39.9229	0.298736
8	69	38.5006	-5.27128	39.8518	0.294197
8	70	38.5106	-5.46695	39.8052	0.289419
8	71	38.5369	-5.66727	39.7737	0.284404
8	72	38.591	-5.87217	39.7688	0.279076
8	73	38.6644	-6.07697	39.7834	0.27362
8	74	38.7567	-6.27262	39.82	0.268263
8	75	38.8664	-6.45981	39.8767	0.263007
8	76	38.9971	-6.63966	39.9567	0.25781
8	77	39.142	-6.81538	40.0526	0.252645
8	78	39.2924	-6.98806	40.1555	0.247546
8	79	39.4432	-7.15952	40.2602	0.242499
8	80	39.5944	-7.33015	40.3666	0.237496
8	81	39.7464	-7.49918	40.475	0.232554
8	82	39.8987	-7.6652	40.5855	0.227708
8	83	40.0505	-7.82761	40.6971	0.222978
8	84	40.2008	-7.98667	40.809	0.218363
8	85	40.3494	-8.14335	40.9205	0.213838
8	86	40.4964	-8.29837	41.0317	0.209386
8	87	40.6424	-8.45167	41.143	0.205004
8	88	40.7906	-8.60352	41.2576	0.200669
8	89	40.9405	-8.75323	41.375	0.196401
8	90	41.091	-8.9006	41.4943	0.19221
8	91	41.2415	-9.04592	41.6146	0.188091
8	92	41.392	-9.18931	41.7359	0.184042
8	93	41.5407	-9.3291	41.8568	0.180109
8	94	41.6883	-9.46396	41.9782	0.176318
8	95	41.8341	-9.59323	42.0994	0.172687
8	96	41.9783	-9.71472	42.2207	0.169266
8	97	42.1189	-9.82854	42.3404	0.166056
8	98	42.2581	-9.93114	42.4609	0.163132
8	99	42.3978	-10.0179	42.5847	0.160588
8	100	42.5247	-10.1112	42.6953	0.157957
8	101	42.6612	-10.1574	42.8228	0.156389
8	102	42.8242	-10.1598	42.9835	0.155743
8	103	42.9977	-10.1743	43.1527	0.154787
8	104	43.1855	-10.1695	43.339	0.15423
8	105	43.3946	-10.148	43.5489	0.15398
8	106	43.6335	-10.1087	43.791	0.15403
8	107	43.8708	-10.0559	44.0336	0.154387
8	108	44.1046	-9.98844	44.275	0.155081
8	109	44.3322	-9.90573	44.5127	0.156127
8	110	44.5514	-9.8091	44.7443	0.157499
8	111	44.7616	-9.70078	44.9689	0.159145
8	112	44.9633	-9.58265	45.1869	0.161019
8	113	45.1576	-9.45542	45.3992	0.163099
8	114	45.345	-9.31872	45.6064	0.165389
8	115	45.525	-9.17156	45.8083	0.167911
8	116	45.6961	-9.01322	46.0036	0.170683
8	117	45.8564	-8.84397	46.1906	0.173704
8	118	46.0046	-8.66526	46.3677	0.176948
8	119	46.1407	-8.47896	46.5347	0.180374
8	120	46.2653	-8.28651	46.6921	0.18395
17	0	42.028	-12.001	41.9456	0.115312
17	1	42.0558	-11.7342	42.0048	0.121548
17	2	42.0627	-11.5	42.0407	0.127056
17	3	42.0454	-11.29	42.0506	0.132061
17	4	42.0206	-11.0943	42.0523	0.136753
17	5	41.9713	-10.9096	42.0291	0.141268
17	6	41.9224	-10.7252	42.0071	0.145777
17	7	41.8457	-10.5482	41.9573	0.150216
17	8	41.746	-10.372	41.8854	0.154733
17	9	41.5997	-10.1991	41.768	0.159362
17	10	41.4393	-10.0254	41.6377	0.164091
17	11	41.2743	-9.85424	41.5034	0.16881
17	12	41.1102	-9.68454	41.3705	0.17352
17	13	40.9474	-9.51643	41.2397	0.178217
17	14	40.784	-9.35066	41.1086	0.18289
17	15	40.623	-9.18509	40.9809	0.187577
17	16	40.4633	-9.01889	40.8555	0.192303
17	17	40.3015	-8.85523	40.7284	0.197006
17	18	40.1404	-8.69325	40.6026	0.201695
17	19	39.9819	-8.53298	40.4798	0.206358
17	20	39.8247	-8.3764	40.3585	0.210954
17	21	39.6704	-8.22507	40.2397	0.215434
17	22	39.518	-8.07811	40.1226	0.219825
17	23	39.3681	-7.93335	40.0082	0.224173
17	24	39.2189	-7.79184	39.8946	0.228462
17	25	39.0715	-7.65339	39.7827	0.232692
17	26	38.9257	-7.51965	39.6721	0.236819
17	27	38.7826	-7.39123	39.5634	0.240823
17	28	38.641	-7.27004	39.4551	0.244662
17	29	38.502	-7.15434	39.3485	0.248371
17	30	38.363	-7.04565	39.2407	0.251926
17	31	38.2259	-6.93949	39.1346	0.255427
17	32	38.0825	-6.8445	39.0201	0.25871
17	33	37.9349	-6.74924	38.9021	0.262048
17	34	37.7676	-6.67589	38.7596	0.264994
17	35	37.5878	-6.60329	38.6052	0.268029
17	36	37.3859	-6.55366	38.4239	0.270666
17	37	37.1902	-6.51559	38.2455	0.272993
17	38	36.9958	-6.5037	38.0616	0.274671
17	39	36.8027	-6.49976	37.8769	0.276154
17	40	36.6113	-6.51261	37.6893	0.277211
17	41	36.4211	-6.5261	37.5026	0.278253
17	42	36.2319	-6.54968	37.3142	0.279038
17	43	36.0416	-6.57265	37.125	0.279855
17	44	35.8504	-6.60396	36.9326	0.28047
17	45	35.6574	-6.63654	36.7381	0.281073
17	46	35.4631	-6.67589	36.5406	0.281512
17	47	35.2685	-6.72136	36.3409	0.281798
17	48	35.0746	-6.77208	36.1406	0.281942
17	49	34.885	-6.83182	35.9419	0.281813
17	50	34.6982	-6.89233	35.7456	0.28164
17	51	34.5209	-6.96835	35.5542	0.280972
17	52	34.3498	-7.0474	35.3679	0.280167
17	53	34.1888	-7.14344	35.1866	0.278809
17	54	34.0325	-7.24936	35.0073	0.277128
17	55	33.8919	-7.35671	34.8427	0.275269
17	56	33.7719	-7.47817	34.6944	0.27284
17	57	33.6563	-7.59787	34.5509	0.270406
17	58	33.5611	-7.73266	34.4233	0.267371
17	59	33.4668	-7.86932	34.2963	0.264255
17	60	33.3774	-8.01217	34.173	0.260902
17	61	33.2978	-8.16165	34.0577	0.257265
17	62	33.2181	-8.31149	33.9428	0.253593
17	63	33.149	-8.46826	33.8367	0.249621
17	64	33.078	-8.62568	33.7293	0.245618
17	65	33.0134	-8.78746	33.6277	0.241419
17	66	32.9479	-8.95084	33.5253	0.237154
17	67	32.8872	-9.11838	33.4272	0.232709
17	68	32.8254	-9.28813	33.3284	0.22818
17	69	32.7704	-9.46254	33.2357	0.223443
17	70	32.7164	-9.63896	33.1443	0.218614
17	71	32.6711	-9.81831	33.0617	0.213615
17	72	32.6271	-10.0001	32.9805	0.208511
17	73	32.5886	-10.1838	32.9052	0.203291
17	74	32.5537	-10.368	32.8344	0.19801
17	75	32.5215	-10.5523	32.767	0.192691
17	76	32.497	-10.7374	32.708	0.187279
17	77	32.471	-10.9227	32.6484	0.181851
17	78	32.4601	-11.11	32.6043	0.17626
17	79	32.4533	-11.2987	32.5651	0.170593
17	80	32.4736	-11.4902	32.5531	0.16469
17	81	32.505	-11.6854	32.5527	0.158617
17	82	32.5634	-11.8844	32.5796	0.152303
17	83	32.6396	-12.0846	32.6252	0.145881
17	84	32.7363	-12.2762	32.6937	0.139655
17	85	32.8508	-12.4616	32.7819	0.133567
17	86	32.9794	-12.6415	32.8859	0.127626
17	87	33.1156	-12.8191	32.9989	0.121761
17	88	33.2537	-12.995	33.1152	0.115981
17	89	33.3925	-13.171	33.2333	0.110239
17	90	33.5323	-13.347	33.3534	0.104532
17	91	33.6734	-13.5219	33.476	0.0988979
17	92	33.8151	-13.6936	33.6006	0.0933946
17	93	33.9552	-13.862	33.7249	0.0880373
17	94	34.0936	-14.0259	33.8488	0.0828518
17	95	34.2313	-14.1852	33.9733	0.0778456
17	96	34.37	-14.343	34.0997	0.0729158
17	97	34.5085	-14.5013	34.2267	0.0680086
17	98	34.6484	-14.6585	34.3559	0.0631645
17	99	34.7891	-14.8138	34.487	0.0584141
17	100	34.9303	-14.965	34.6195	0.0538158
17	101	35.0704	-15.1114	34.7519	0.0493915
17	102	35.2092	-15.2522	34.8839	0.0451653
17	103	35.3451	-15.3887	35.0137	0.0410934
17	104	35.4792	-15.5204	35.1426	0.0371948
17	105	35.6079	-15.648	35.2666	0.0334411
17	106	35.7359	-15.7673	35.3909	0.029951
17	107	35.8637	-15.8784	35.5154	0.0267185
17	108	35.9798	-15.9961	35.6285	0.0233286
17	109	36.1217	-16.0644	35.7689	0.0213256
17	110	36.2794	-16.1208	35.9254	0.0196647
17	111	36.4542	-16.1434	36.0998	0.0189436
17	112	36.6434	-16.164	36.2885	0.018276
17	113	36.8553	-16.1761	36.5001	0.0178396
17	114	37.0984	-16.1757	36.7432	0.0177325
17	115	37.3793	-16.1622	37.0244	0.0179624
17	116	37.6587	-16.1388	37.3042	0.0184535
17	117	37.9374	-16.1027	37.5834	0.0192785
17	118	38.2145	-16.0512	37.8615	0.0204959
17	119	38.4872	-15.9825	38.1357	0.0221512
17	120	38.7523	-15.8977	38.4027	0.0242052
17	121	39.0088	-15.8	38.6615	0.0265724
17	122	39.2579	-15.6914	38.9135	0.0291907
17	123	39.501	-15.5721	39.1602	0.032056
17	124	39.7382	-15.4401	39.4017	0.0352096
17	125	39.9677	-15.294	39.6364	0.0386908
17	126	40.1864	-15.1341	39.8615	0.0424872
17	127	40.393	-14.963	40.0754	0.0465329
17	128	40.5883	-14.7835	40.2792	0.0507602
17	129	40.774	-14.5965	40.4745	0.0551407
17	130	40.9512	-14.4014	40.6627	0.0596926
17	131	41.1194	-14.1962	40.8433	0.0644616
17	132	41.2762	-13.9796	41.0142	0.0694838
17	133	41.4186	-13.7525	41.1726	0.0747469
17	134	41.5454	-13.5175	41.3172	0.0801899
17	135	41.6575	-13.2773	41.4489	0.0857503
17	136	41.7571	-13.0328	41.5697	0.0914054
17	137	41.8451	-12.7833	41.6808	0.0971726
17	138	41.9208	-12.5279	41.7817	0.103082
17	139	41.9822	-12.2665	41.8704	0.109141
18	0	-30.856	-0.938796	35.0276	2.6708
18	1	-30.8677	-0.733238	35.1317	2.66573
18	2	-30.8815	-0.52894	35.2381	2.66076
18	3	-30.8984	-0.326142	35.3473	2.65589
18	4	-30.9164	-0.119727	35.46	2.65098
18	5	-30.9366	0.0896788	35.5769	2.64606
18	6	-30.9599	0.301099	35.6983	2.64116
18	7	-30.9872	0.513345	35.8246	2.63633
18	8	-31.0187	0.725358	35.9551	2.63159
18	9	-31.0538	0.936384	36.0892	2.62696
18	10	-31.0917	1.14614	36.2258	2.62244
18	11	-31.1304	1.35821	36.365	2.6179
18	12	-31.1703	1.57257	36.5071	2.61336
18	13	-31.2128	1.78879	36.6532	2.60885
18	14	-31.2599	2.0059	36.8044	2.60442
18	15	-31.3124	2.22265	36.9607	2.60011
18	16	-31.3703	2.43778	37.1215	2.59595
18	17	-31.4367	2.64912	37.2883	2.59203
18	18	-31.5185	2.85047	37.4634	2.58858
18	19	-31.6172	3.04497	37.6497	2.58556
18	20	-31.7294	3.23705	37.8466	2.58282
18	21	-31.8591	3.42816	38.058	2.58037
18	22	-31.9987	3.60039	38.2679	2.5785
18	23	-32.1551	3.74882	38.4794	2.57741
18	24	-32.3314	3.87641	38.6966	2.57706
18	25	-32.5197	3.99007	38.9165	2.57718
18	26	-32.7149	4.09449	39.1373	2.57759
18	27	-32.9145	4.19164	39.3579	2.57822
18	28	-33.1167	4.28254	39.5774	2.579
18	29	-33.3201	4.36808	39.7951	2.57991
18	30	-33.5241	4.44921	40.011	2.58091
18	31	-33.729	4.52703	40.2259	2.58198
18	32	-33.9352	4.60144	40.4402	2.58313
18	33	-34.1441	4.67121	40.6544	2.5844
18	34	-34.3571	4.73352	40.8682	2.58586
18	35	-34.5757	4.78268	41.0798	2.58765
18	36	-34.8009	4.81005	41.2859	2.58996
18	37	-35.0356	4.81334	41.4876	2.59285
18	38	-35.2784	4.79589	41.6859	2.59625
18	39	-35.5119	4.76217	41.8684	2.59983
18	40	-35.74	4.71579	42.0402	2.60357
18	41	-35.9643	4.65743	42.2032	2.60748
18	42	-36.1872	4.58684	42.3595	2.6116
18	43	-36.4102	4.50753	42.5122	2.61586
18	44	-36.633	4.4238	42.6633	2.62018
18	45	-36.856	4.33619	42.8134	2.62454
18	46	-37.0776	4.24557	42.9617	2.62893
18	47	-37.2973	4.15228	43.1077	2.63331
18	48	-37.5141	4.05875	43.2521	2.63764
18	49	-37.7292	3.96495	43.3955	2.64193
18	50	-37.9424	3.8718	43.5384	2.64615
18	51	-38.1553	3.77833	43.6817	2.65035
18	52	-38.3682	3.68434	43.8255	2.65454
18	53	-38.5828	3.58721	43.97	2.65877
18	54	-38.796	3.48841	44.1134	2.663
18	55	-39.0083	3.38581	44.255	2.66727
18	56	-39.2169	3.28219	44.3936	2.67149
18	57	-39.423	3.17631	44.5298	2.6757
18	58	-39.6259	3.07118	44.6642	2.67985
18	59	-39.8265	2.96519	44.7969	2.68396
18	60	-40.0247	2.85865	44.928	2.68804
18	61	-40.2213	2.75116	45.058	2.69209
18	62	-40.4172	2.6403	45.1867	2.69619
18	63	-40.6037	2.51694	45.3023	2.70042
18	64	-40.7592	2.36221	45.3773	2.70497
18	65	-40.8812	2.15731	45.4018	2.71019
18	66	-40.9845	1.92835	45.4006	2.71572
18	67	-41.078	1.6723	45.3808	2.72171
18	68	-41.1646	1.38184	45.3425	2.72834
18	69	-41.2419	1.09196	45.2978	2.73489
18	70	-41.3116	0.802553	45.2483	2.74137
18	71	-41.3735	0.512538	45.1932	2.74782
18	72	-41.4256	0.221121	45.1305	2.75422
18	73	-41.466	-0.0712228	45.0583	2.76057
18	74	-41.4939	-0.362814	44.9767	2.76682
18	75	-41.5103	-0.652168	44.8869	2.77295
18	76	-41.517	-0.939061	44.7905	2.77898
18	77	-41.5147	-1.22426	44.688	2.78493
18	78	-41.5029	-1.50869	44.5784	2.79081
18	79	-41.4799	-1.7925	44.4601	2.79663
18	80	-41.4441	-2.0745	44.3317	2.80234
18	81	-41.3954	-2.35278	44.1939	2.80791
18	82	-41.3353	-2.6261	44.0482	2.81333
18	83	-41.2657	-2.89464	43.8964	2.81861
18	84	-41.1876	-3.15934	43.7389	2.82378
18	85	-41.1006	-3.42102	43.575	2.82886
18	86	-41.003	-3.67966	43.4032	2.83384
18	87	-40.8937	-3.93405	43.2224	2.83868
18	88	-40.7724	-4.18235	43.033	2.84335
18	89	-40.6405	-4.42333	42.8366	2.84782
18	90	-40.5	-4.65716	42.6348	2.85212
18	91	-40.3521	-4.88493	42.4284	2.85627
18	92	-40.1969	-5.10768	42.2171	2.8603
18	93	-40.0333	-5.3257	41.9997	2.8642
18	94	-39.8597	-5.53817	41.7749	2.86796
18	95	-39.6753	-5.74328	41.5422	2.87151
18	96	-39.4807	-5.93914	41.3026	2.87482
18	97	-39.2778	-6.12517	41.058	2.87789
18	98	-39.0682	-6.30223	40.8097	2.88074
18	99	-38.8525	-6.47166	40.5577	2.88341
18	100	-38.63	-6.6341	40.3012	2.88589
18	101	-38.3994	-6.78889	40.0391	2.88818
18	102	-38.16	-6.93422	39.771	2.89021
18	103	-37.9127	-7.06824	39.4982	2.89193
18	104	-37.6593	-7.19051	39.2224	2.89336
18	105	-37.4016	-7.30237	38.9452	2.89452
18	106	-37.1404	-7.40574	38.6667	2.89546
18	107	-36.8752	-7.50169	38.3861	2.8962
18	108	-36.6052	-7.58865	38.103	2.89669
18	109	-36.3663	-7.64765	37.857	2.89667
18	110	-36.1504	-7.68288	37.639	2.89619
18	111	-35.9503	-7.69697	37.4415	2.89526
18	112	-35.7601	-7.69136	37.2585	2.89387
18	113	-35.576	-7.6652	37.0864	2.89196
18	114	-35.3916	-7.65222	36.9111	2.89039
18	115	-35.2199	-7.585	36.7615	2.88746
18	116	-35.0501	-7.45536	36.6302	2.88287
18	117	-34.8717	-7.3325	36.4896	2.87836
18	118	-34.6964	-7.20332	36.3543	2.87368
18	119	-34.5205	-7.07273	36.2197	2.86891
18	120	-34.3456	-6.94282	36.0866	2.86414
18	121	-34.1712	-6.81103	35.9554	2.85929
18	122	-33.9976	-6.67744	35.8263	2.85436
18	123	-33.825	-6.54282	35.6994	2.84937
18	124	-33.6541	-6.40778	35.5751	2.84435
18	125	-33.4853	-6.27296	35.4536	2.83932
18	126	-33.3185	-6.13862	35.3348	2.83428
18	127	-33.1534	-6.00467	35.2184	2.82924
18	128	-32.9898	-5.87051	35.1044	2.82417
18	129	-32.8278	-5.73544	34.9931	2.81906
18	130	-32.6684	-5.60165	34.8848	2.81397
18	131	-32.5125	-5.46835	34.7805	2.8089
18	132	-32.3606	-5.33551	34.6807	2.80385
18	133	-32.2136	-5.2026	34.5866	2.79882
18	134	-32.071	-5.07027	34.4972	2.79382
18	135	-31.9334	-4.93709	34.4137	2.78882
18	136	-31.798	-4.8047	34.3327	2.78383
18	137	-31.6693	-4.66852	34.2603	2.7788
18	138	-31.5391	-4.53479	34.1865	2.77379
18	139	-31.4239	-4.38757	34.1323	2.76855
18	140	-31.3082	-4.23541	34.0806	2.76315
18	141	-31.216	-4.06045	34.0601	2.75738
18	142	-31.1216	-3.87716	34.042	2.75135
18	143	-31.0591	-3.6897	34.056	2.74556
18	144	-30.9995	-3.50748	34.0719	2.73995
18	145	-30.9668	-3.32145	34.115	2.73456
18	146	-30.9376	-3.13495	34.1625	2.72921
18	147	-30.918	-2.94664	34.2205	2.72394
18	148	-30.899	-2.75684	34.2805	2.71865
18	149	-30.8814	-2.56439	34.344	2.71333
18	150	-30.8669	-2.36949	34.4122	2.708
18	151	-30.8545	-2.17166	34.4846	2.70265
18	152	-30.8459	-1.97061	34.5628	2.69727
18	153	-30.8402	-1.7666	34.6458	2.69189
18	154	-30.8391	-1.56033	34.735	2.68652
18	155	-30.8412	-1.35291	34.8285	2.6812
18	156	-30.8475	-1.14549	34.9268	2.67596
25	0	35.1824	-17.9814	34.8406	-0.0331347
25	1	35.2563	-17.7238	34.9069	-0.0256892
25	2	35.3136	-17.4635	34.9584	-0.0182035
25	3	35.3461	-17.2312	34.9875	-0.0115483
25	4	35.3551	-17.0188	34.9947	-0.0054767
25	5	35.3524	-16.8191	34.9915	0.000231528
25	6	35.331	-16.6264	34.9707	0.00574117
25	7	35.3015	-16.4362	34.9427	0.0111883
25	8	35.2387	-16.2508	34.8825	0.0165238
25	9	35.1298	-16.0618	34.7773	0.0220109
25	10	34.973	-15.8671	34.6254	0.0277299
25	11	34.8114	-15.6751	34.4698	0.0334285
25	12	34.6503	-15.4863	34.3155	0.0390837
25	13	34.4928	-15.301	34.166	0.0446829
25	14	34.3379	-15.1202	34.0198	0.0501967
25	15	34.1837	-14.9434	33.8752	0.0556388
25	16	34.0307	-14.7681	33.7327	0.0610787
25	17	33.8791	-14.5934	33.5926	0.0665448
25	18	33.7282	-14.421	33.4539	0.0719879
25	19	33.578	-14.2521	33.3167	0.0773688
25	20	33.4284	-14.0873	33.1808	0.0826675
25	21	33.2814	-13.9277	33.0479	0.0878483
25	22	33.1367	-13.7718	32.9179	0.0929516
25	23	32.9928	-13.6196	32.7892	0.0979798
25	24	32.8506	-13.4704	32.6627	0.102954
25	25	32.7082	-13.3267	32.5361	0.107795
25	26	32.568	-13.1874	32.412	0.112533
25	27	32.4266	-13.056	32.2867	0.117069
25	28	32.2873	-12.9283	32.1635	0.121518
25	29	32.1439	-12.8092	32.0359	0.125751
25	30	31.9994	-12.6927	31.9074	0.129941
25	31	31.8448	-12.5879	31.768	0.133844
25	32	31.6767	-12.4881	31.615	0.137683
25	33	31.4903	-12.4034	31.4421	0.141163
25	34	31.2868	-12.329	31.2513	0.144438
25	35	31.0813	-12.2767	31.0555	0.147057
25	36	30.8749	-12.2402	30.8568	0.149208
25	37	30.6676	-12.2194	30.655	0.150882
25	38	30.4599	-12.2086	30.4513	0.15226
25	39	30.2524	-12.2061	30.2465	0.15338
25	40	30.0448	-12.2083	30.041	0.154363
25	41	29.8365	-12.2158	29.8341	0.155188
25	42	29.6284	-12.2285	29.6266	0.155851
25	43	29.4209	-12.248	29.4185	0.156291
25	44	29.2157	-12.2751	29.2116	0.156468
25	45	29.0136	-12.3065	29.0071	0.156484
25	46	28.8155	-12.344	28.8055	0.156272
25	47	28.62	-12.3827	28.6065	0.155999
25	48	28.4275	-12.4265	28.4095	0.155528
25	49	28.2374	-12.4746	28.2143	0.154887
25	50	28.0496	-12.5257	28.0208	0.154118
25	51	27.8663	-12.5803	27.8313	0.153191
25	52	27.6877	-12.6411	27.6456	0.152005
25	53	27.514	-12.7034	27.4644	0.150719
25	54	27.3445	-12.7679	27.2872	0.149315
25	55	27.1806	-12.8391	27.1146	0.147617
25	56	27.0199	-12.9122	26.9449	0.14581
25	57	26.871	-13.0041	26.7843	0.143226
25	58	26.7228	-13.1004	26.624	0.14044
25	59	26.5852	-13.2172	26.4715	0.136798
25	60	26.463	-13.3353	26.3346	0.132989
25	61	26.3503	-13.4569	26.207	0.12896
25	62	26.2595	-13.5901	26.1001	0.124346
25	63	26.1777	-13.7273	26.0022	0.1195
25	64	26.0979	-13.867	25.9066	0.114513
25	65	26.0219	-14.0113	25.815	0.109294
25	66	25.9575	-14.1619	25.7349	0.103754
25	67	25.8943	-14.3137	25.6568	0.0981244
25	68	25.8342	-14.4679	25.5823	0.0923525
25	69	25.7796	-14.6255	25.5139	0.0864014
25	70	25.7273	-14.7848	25.4484	0.0803418
25	71	25.6781	-14.9488	25.3868	0.0740578
25	72	25.6301	-15.1165	25.327	0.0675952
25	73	25.5875	-15.288	25.2735	0.0609391
25	74	25.5442	-15.4606	25.2203	0.0542115
25	75	25.5084	-15.6352	25.1757	0.0473622
25	76	25.473	-15.8097	25.1327	0.0404968
25	77	25.4428	-15.9846	25.096	0.0335823
25	78	25.4157	-16.1595	25.0637	0.0266442
25	79	25.3928	-16.3362	25.0367	0.0196096
25	80	25.3708	-16.5155	25.0118	0.0124613
25	81	25.3567	-16.6972	24.9961	0.00520164
25	82	25.3451	-16.8795	24.9842	-0.00209386
25	83	25.3474	-17.0601	24.9876	-0.00932286
25	84	25.3656	-17.2368	25.008	-0.0163818
25	85	25.3931	-17.412	25.039	-0.0233578
25	86	25.4434	-17.5825	25.0938	-0.0301043
25	87	25.4947	-17.7576	25.1509	-0.0370031
25	88	25.5721	-17.9136	25.2346	-0.0430659
25	89	25.653	-18.0578	25.322	-0.0486197
25	90	25.7375	-18.1954	25.4134	-0.0538657
25	91	25.8344	-18.3262	25.5176	-0.0587782
25	92	25.9342	-18.4585	25.6253	-0.0637054
25	93	26.045	-18.5874	25.7443	-0.0684253
25	94	26.1614	-18.7171	25.8696	-0.073122
25	95	26.2844	-18.8469	26.002	-0.0777537
25	96	26.4167	-18.9721	26.1439	-0.0821345
25	97	26.5507	-19.0987	26.2881	-0.0865161
25	98	26.6891	-19.2226	26.437	-0.0907335
25	99	26.8311	-19.3483	26.5899	-0.0949562
25	100	26.9785	-19.4735	26.7488	-0.0990963
25	101	27.1297	-19.6003	26.9121	-0.103229
25	102	27.2841	-19.7291	27.0791	-0.107369
25	103	27.4416	-19.8581	27.2497	-0.111459
25	104	27.6015	-19.9863	27.4232	-0.115457
25	105	27.7627	-20.1138	27.5982	-0.119372
25	106	27.9245	-20.2408	27.7741	-0.123219
25	107	28.087	-20.368	27.9512	-0.127021
25	108	28.2509	-20.4952	28.1301	-0.130766
25	109	28.4166	-20.6218	28.3111	-0.134438
25	110	28.5852	-20.7495	28.4955	-0.138085
25	111	28.7559	-20.8772	28.6824	-0.141676
25	112	28.9288	-21.0056	28.8718	-0.145232
25	113	29.1031	-21.135	29.0632	-0.148771
25	114	29.2796	-21.2653	29.2573	-0.152282
25	115	29.4609	-21.3917	29.4558	-0.15559
25	116	29.6396	-21.5203	29.6524	-0.158941
25	117	29.8167	-21.6061	29.841	-0.160839
25	118	29.9966	-21.6542	30.0262	-0.16146
25	119	30.1797	-21.6872	30.2122	-0.161564
25	120	30.3667	-21.704	30.3995	-0.16112
25	121	30.5609	-21.7089	30.592	-0.160261
25	122	30.7681	-21.6958	30.7945	-0.158767
25	123	30.996	-21.6651	31.0147	-0.156628
25	124	31.2538	-21.613	31.2614	-0.153694
25	125	31.511	-21.5498	31.506	-0.150463
25	126	31.7671	-21.4739	31.748	-0.146892
25	127	32.0199	-21.3838	31.9852	-0.142946
25	128	32.2667	-21.2795	32.2149	-0.13865
25	129	32.5062	-21.1632	32.4364	-0.13408
25	130	32.7394	-21.0367	32.6509	-0.129285
25	131	32.9673	-20.8998	32.8597	-0.124258
25	132	33.1899	-20.7507	33.0626	-0.11895
25	133	33.4049	-20.5882	33.2573	-0.113332
25	134	33.6095	-20.4134	33.4415	-0.107446
25	135	33.8029	-20.2291	33.6146	-0.101378
25	136	33.9863	-20.0378	33.7783	-0.0951922
25	137	34.1615	-19.8396	33.9346	-0.0888876
25	138	34.3291	-19.6332	34.0838	-0.0824208
25	139	34.4873	-19.4172	34.2245	-0.0757502
25	140	34.6336	-19.1918	34.3541	-0.0688863
25	141	34.7665	-18.9593	34.4715	-0.0618927
25	142	34.8867	-18.7221	34.5777	-0.0548284
25	143	34.996	-18.4806	34.6745	-0.0477015
25	144	35.095	-18.234	34.7625	-0.0404798
26	0	-25.5872	-9.68533	26.9131	2.87301
26	1	-25.5931	-9.48025	26.9739	2.86574
26	2	-25.6015	-9.27453	27.0387	2.8585
26	3	-25.612	-9.06822	27.107	2.8513
26	4	-25.6251	-8.86141	27.1795	2.84415
26	5	-25.6425	-8.65478	27.2574	2.83709
26	6	-25.6642	-8.44949	27.3403	2.83016
26	7	-25.6917	-8.24722	27.4291	2.82345
26	8	-25.723	-8.04895	27.5215	2.81696
26	9	-25.759	-7.85535	27.6178	2.81073
26	10	-25.7967	-7.66568	27.7156	2.8047
26	11	-25.8384	-7.47942	27.817	2.79888
26	12	-25.8816	-7.29493	27.9202	2.79318
26	13	-25.9344	-7.11127	28.0329	2.78766
26	14	-25.9996	-6.92923	28.1576	2.7824
26	15	-26.0853	-6.74942	28.3013	2.77751
26	16	-26.1872	-6.57057	28.4606	2.77292
26	17	-26.3132	-6.39282	28.6424	2.76871
26	18	-26.4489	-6.2341	28.8268	2.7653
26	19	-26.5986	-6.10035	29.0152	2.76291
26	20	-26.7605	-5.98592	29.208	2.76132
26	21	-26.9304	-5.88471	29.4033	2.76027
26	22	-27.1031	-5.78893	29.5993	2.75944
26	23	-27.2791	-5.69927	29.796	2.75885
26	24	-27.4577	-5.61208	29.9942	2.75837
26	25	-27.6404	-5.52834	30.195	2.75806
26	26	-27.8271	-5.44677	30.3987	2.75787
26	27	-28.0184	-5.36875	30.6053	2.75785
26	28	-28.2137	-5.29491	30.814	2.758
26	29	-28.4119	-5.22758	31.023	2.75838
26	30	-28.6121	-5.16674	31.2314	2.75897
26	31	-28.8131	-5.10993	31.4392	2.75968
26	32	-29.0151	-5.05737	31.6461	2.76052
26	33	-29.2183	-5.0097	31.8525	2.7615
26	34	-29.4237	-4.97013	32.058	2.76273
26	35	-29.6319	-4.94231	32.2617	2.76432
26	36	-29.843	-4.93202	32.4619	2.76642
26	37	-30.058	-4.94143	32.6585	2.7691
26	38	-30.2775	-4.9718	32.8522	2.77239
26	39	-30.5026	-5.02604	33.0428	2.77638
26	40	-30.7158	-5.09811	33.2165	2.7807
26	41	-30.9183	-5.18664	33.375	2.78532
26	42	-31.1131	-5.2906	33.5217	2.79026
26	43	-31.3034	-5.40491	33.6615	2.79539
26	44	-31.4909	-5.52612	33.7972	2.80065
26	45	-31.6768	-5.65081	33.9312	2.80594
26	46	-31.8615	-5.77811	34.0641	2.81126
26	47	-32.0444	-5.90671	34.1959	2.81655
26	48	-32.2249	-6.03664	34.326	2.82182
26	49	-32.4018	-6.16688	34.4535	2.82702
26	50	-32.576	-6.2955	34.5797	2.83211
26	51	-32.7469	-6.4236	34.7039	2.83713
26	52	-32.9146	-6.55196	34.8258	2.84209
26	53	-33.0813	-6.68229	34.9471	2.84706
26	54	-33.2482	-6.81302	35.0693	2.85201
26	55	-33.4134	-6.94513	35.1904	2.85695
26	56	-33.5761	-7.07797	35.3096	2.86185
26	57	-33.7353	-7.21109	35.4263	2.8667
26	58	-33.8914	-7.34371	35.541	2.87149
26	59	-34.0446	-7.47597	35.6536	2.87621
26	60	-34.1949	-7.60841	35.7644	2.88089
26	61	-34.3428	-7.74127	35.8734	2.88553
26	62	-34.4863	-7.8739	35.979	2.8901
26	63	-34.6257	-8.00602	36.0815	2.89461
26	64	-34.7645	-8.13476	36.185	2.899
26	65	-34.8846	-8.27672	36.2678	2.90359
26	66	-34.986	-8.41983	36.333	2.90808
26	67	-35.0246	-8.59983	36.3294	2.91315
26	68	-35.0535	-8.79431	36.314	2.91854
26	69	-35.0531	-9.00351	36.2679	2.92417
26	70	-35.0512	-9.23327	36.2172	2.93035
26	71	-35.0348	-9.49397	36.1474	2.93731
26	72	-35.0068	-9.79759	36.0595	2.94539
26	73	-34.9668	-10.1021	35.9621	2.95348
26	74	-34.9126	-10.406	35.8533	2.96153
26	75	-34.8436	-10.7056	35.7328	2.96943
26	76	-34.7624	-10.9993	35.6035	2.97717
26	77	-34.6715	-11.2882	35.4676	2.98478
26	78	-34.5708	-11.5739	35.3245	2.99232
26	79	-34.4579	-11.8566	35.1719	2.9998
26	80	-34.3314	-12.1339	35.0083	3.00713
26	81	-34.1926	-12.403	34.8356	3.01425
26	82	-34.0447	-12.6638	34.6566	3.02117
26	83	-33.8892	-12.9184	34.4725	3.02796
26	84	-33.7252	-13.1681	34.2819	3.03465
26	85	-33.5501	-13.4124	34.0825	3.04123
26	86	-33.3624	-13.6483	33.8729	3.04761
26	87	-33.164	-13.8733	33.6548	3.05371
26	88	-32.9578	-14.0872	33.4312	3.05954
26	89	-32.7451	-14.2923	33.2029	3.06517
26	90	-32.5248	-14.4896	32.9687	3.07063
26	91	-32.2951	-14.6781	32.7267	3.07588
26	92	-32.0562	-14.8549	32.4771	3.08083
26	93	-31.8109	-15.0184	32.2226	3.08543
26	94	-31.5616	-15.1691	31.9656	3.0897
26	95	-31.3417	-15.2859	31.7401	3.09301
26	96	-31.1424	-15.3756	31.5368	3.09555
26	97	-30.9559	-15.4432	31.3474	3.09743
26	98	-30.7755	-15.4917	31.165	3.09873
26	99	-30.5957	-15.52	30.9842	3.09939
26	100	-30.4198	-15.5621	30.8067	3.10051
26	101	-30.2429	-15.5468	30.6306	3.09978
26	102	-30.0513	-15.4711	30.4425	3.09703
26	103	-29.8645	-15.3789	30.2601	3.09371
26	104	-29.6805	-15.2832	30.081	3.09024
26	105	-29.499	-15.1875	29.9049	3.08674
26	106	-29.32	-15.0939	29.7315	3.08326
26	107	-29.1453	-14.9992	29.5628	3.07972
26	108	-28.9731	-14.9061	29.3969	3.0762
26	109	-28.8029	-14.8146	29.2332	3.07269
26	110	-28.6337	-14.7221	29.0709	3.06912
26	111	-28.4633	-14.6278	28.9081	3.06544
26	112	-28.2936	-14.5307	28.7464	3.06162
26	113	-28.1249	-14.4325	28.5863	3.05772
26	114	-27.9575	-14.3348	28.4279	3.0538
26	115	-27.7924	-14.2365	28.2722	3.04983
26	116	-27.6296	-14.1373	28.1195	3.04579
26	117	-27.4683	-14.0383	27.9686	3.04171
26	118	-27.3097	-13.9368	27.8212	3.03751
26	119	-27.1525	-13.8352	27.6756	3.03327
26	120	-27.0004	-13.7286	27.5362	3.02883
26	121	-26.852	-13.6206	27.4012	3.0243
26	122	-26.7108	-13.5078	27.2744	3.01959
26	123	-26.5757	-13.3915	27.1549	3.01473
26	124	-26.4471	-13.2728	27.0426	3.00978
26	125	-26.323	-13.1514	26.9359	3.0047
26	126	-26.2084	-13.02	26.8407	2.99927
26	127	-26.0961	-12.8792	26.75	2.99346
26	128	-25.9982	-12.7146	26.6781	2.98682
26	129	-25.8996	-12.5352	26.6089	2.97959
26	130	-25.8254	-12.3478	26.5666	2.97218
26	131	-25.7573	-12.1587	26.5322	2.96472
26	132	-25.7103	-11.9618	26.5213	2.9571
26	133	-25.6716	-11.76	26.521	2.94935
26	134	-25.6476	-11.5541	26.5377	2.94156
26	135	-25.628	-11.3472	26.5604	2.93378
26	136	-25.6142	-11.1401	26.5904	2.92605
26	137	-25.6012	-10.9335	26.6227	2.91837
26	138	-25.592	-10.7257	26.6606	2.91069
26	139	-25.5855	-10.5166	26.7028	2.90301
26	140	-25.5824	-10.3066	26.7502	2.89535
26	141	-25.5821	-10.097	26.8018	2.88777
26	142	-25.584	-9.88938	26.8565	2.8803
32	0	29.7434	-23.4633	30.1226	-0.222125
32	1	29.7235	-23.2127	30.0489	-0.214138
32	2	29.6929	-22.9985	29.9741	-0.207371
32	3	29.6519	-22.8117	29.8961	-0.20154
32	4	29.6013	-22.6444	29.8134	-0.196381
32	5	29.5373	-22.4915	29.7211	-0.191757
32	6	29.4854	-22.3416	29.6419	-0.187126
32	7	29.3981	-22.2124	29.5323	-0.183376
32	8	29.2669	-22.0947	29.382	-0.180253
32	9	29.1401	-21.9634	29.2339	-0.17661
32	10	29.0014	-21.8329	29.0746	-0.173031
32	11	28.8556	-21.7013	28.9085	-0.169413
32	12	28.7048	-21.5697	28.7378	-0.165784
32	13	28.5513	-21.4368	28.5647	-0.162083
32	14	28.3945	-21.3039	28.3888	-0.158355
32	15	28.2348	-21.1697	28.2101	-0.154551
32	16	28.0725	-21.0365	28.0294	-0.150745
32	17	27.9074	-20.9028	27.8463	-0.14689
32	18	27.74	-20.7675	27.6612	-0.142936
32	19	27.571	-20.6309	27.4746	-0.138892
32	20	27.3998	-20.4955	27.2866	-0.134846
32	21	27.226	-20.3628	27.0967	-0.130856
32	22	27.0531	-20.2277	26.9079	-0.126714
32	23	26.8799	-20.0887	26.7188	-0.122374
32	24	26.7035	-19.9515	26.5272	-0.118052
32	25	26.5241	-19.814	26.3331	-0.113669
32	26	26.3426	-19.676	26.1374	-0.109213
32	27	26.1609	-19.5374	25.9419	-0.104663
32	28	25.9791	-19.3997	25.747	-0.100082
32	29	25.7974	-19.2625	25.5528	-0.0954518
32	30	25.6148	-19.126	25.3583	-0.0907766
32	31	25.43	-18.994	25.1626	-0.08622
32	32	25.2398	-18.8711	24.9627	-0.0819702
32	33	25.041	-18.7633	24.7559	-0.0782877
32	34	24.8316	-18.6734	24.5402	-0.075304
32	35	24.6121	-18.6024	24.316	-0.0730698
32	36	24.3991	-18.5574	24.1003	-0.0718561
32	37	24.1902	-18.5344	23.8903	-0.0715208
32	38	23.9857	-18.5308	23.6861	-0.0719875
32	39	23.7842	-18.5427	23.486	-0.0731105
32	40	23.5842	-18.5649	23.2882	-0.0746873
32	41	23.3848	-18.5946	23.0916	-0.0766127
32	42	23.185	-18.6306	22.8952	-0.0788506
32	43	22.9851	-18.6736	22.6994	-0.0814322
32	44	22.7856	-18.7225	22.5047	-0.0843185
32	45	22.5883	-18.7786	22.3129	-0.0875691
32	46	22.3934	-18.8386	22.1241	-0.0910422
32	47	22.2024	-18.9044	21.94	-0.0948204
32	48	22.0132	-18.9715	21.7582	-0.0987151
32	49	21.827	-19.0447	21.5803	-0.10294
32	50	21.6428	-19.1228	21.4054	-0.107453
32	51	21.4654	-19.2144	21.2391	-0.112638
32	52	21.2969	-19.3223	21.0841	-0.118619
32	53	21.1399	-19.4537	20.9443	-0.125737
32	54	20.9918	-19.6049	20.817	-0.133833
32	55	20.8647	-19.7626	20.7128	-0.142199
32	56	20.7562	-19.9275	20.6295	-0.150857
32	57	20.6665	-20.1003	20.5676	-0.159818
32	58	20.5945	-20.2822	20.5264	-0.169127
32	59	20.5355	-20.4701	20.5008	-0.178643
32	60	20.4838	-20.6596	20.4845	-0.188198
32	61	20.4381	-20.8505	20.4763	-0.197776
32	62	20.3941	-21.0421	20.4718	-0.207373
32	63	20.3559	-21.2358	20.4752	-0.217012
32	64	20.3196	-21.4297	20.4825	-0.226641
32	65	20.2921	-21.6246	20.5004	-0.236206
32	66	20.2688	-21.8178	20.5239	-0.245623
32	67	20.252	-22.0079	20.5547	-0.254794
32	68	20.2375	-22.1938	20.5883	-0.263711
32	69	20.2273	-22.3789	20.6275	-0.272499
32	70	20.2203	-22.5627	20.671	-0.281157
32	71	20.2151	-22.7451	20.7174	-0.289684
32	72	20.2142	-22.9253	20.7687	-0.298011
32	73	20.2153	-23.1062	20.8236	-0.306302
32	74	20.2247	-23.2854	20.8872	-0.314345
32	75	20.2361	-23.4667	20.9549	-0.322407
32	76	20.2565	-23.6471	21.032	-0.330234
32	77	20.2769	-23.8254	21.1098	-0.337911
32	78	20.3025	-23.9999	21.1923	-0.34528
32	79	20.3304	-24.1763	21.2789	-0.352636
32	80	20.3644	-24.3529	21.3723	-0.35984
32	81	20.4014	-24.5293	21.4695	-0.366923
32	82	20.4446	-24.7035	21.5729	-0.373742
32	83	20.4894	-24.8753	21.6778	-0.380365
32	84	20.5418	-25.0417	21.7886	-0.386563
32	85	20.5942	-25.2037	21.8987	-0.392514
32	86	20.6575	-25.3599	22.0173	-0.397971
32	87	20.7231	-25.5126	22.1372	-0.403182
32	88	20.7947	-25.6596	22.2609	-0.407994
32	89	20.8719	-25.8021	22.3886	-0.412464
32	90	20.9565	-25.9433	22.5229	-0.416704
32	91	21.061	-26.0767	22.6726	-0.42022
32	92	21.1742	-26.2149	22.8325	-0.423723
32	93	21.3092	-26.3357	23.0052	-0.426095
32	94	21.4436	-26.4499	23.1749	-0.428188
32	95	21.5895	-26.5508	23.3495	-0.429524
32	96	21.7396	-26.6496	23.5272	-0.430685
32	97	21.8952	-26.7458	23.7088	-0.431632
32	98	22.0562	-26.8383	23.8937	-0.432328
32	99	22.2211	-26.9301	24.0818	-0.43292
32	100	22.3884	-27.0208	24.2718	-0.433422
32	101	22.5563	-27.1109	24.462	-0.433882
32	102	22.7266	-27.2006	24.6542	-0.43428
32	103	22.8997	-27.2924	24.8499	-0.434702
32	104	23.0758	-27.3829	25.0477	-0.435017
32	105	23.2554	-27.4721	25.2482	-0.435222
32	106	23.4379	-27.5603	25.4509	-0.43534
32	107	23.6209	-27.6496	25.6544	-0.435488
32	108	23.804	-27.7366	25.8572	-0.43555
32	109	23.9868	-27.8207	26.0584	-0.43552
32	110	24.1688	-27.9028	26.258	-0.435429
32	111	24.3495	-27.986	26.457	-0.4354
32	112	24.5313	-28.0671	26.656	-0.435282
32	113	24.7168	-28.1472	26.858	-0.435075
32	114	24.9052	-28.2271	27.0625	-0.434818
32	115	25.0955	-28.3075	27.269	-0.434551
32	116	25.2882	-28.3796	27.4741	-0.433979
32	117	25.4742	-28.4563	27.6751	-0.433668
32	118	25.648	-28.4855	27.8451	-0.431998
32	119	25.8171	-28.4735	27.9938	-0.429078
32	120	25.9864	-28.4703	28.1465	-0.426471
32	121	26.1583	-28.4526	28.2959	-0.423388
32	122	26.3352	-28.4165	28.4425	-0.419677
32	123	26.5234	-28.3648	28.5935	-0.415344
32	124	26.7277	-28.2879	28.7499	-0.41003
32	125	26.956	-28.1832	28.9181	-0.403563
32	126	27.1792	-28.0649	29.0776	-0.396805
32	127	27.396	-27.9353	29.2282	-0.389848
32	128	27.6051	-27.7958	29.3692	-0.382749
32	129	27.8067	-27.6478	29.5018	-0.375543
32	130	28.002	-27.4914	29.627	-0.368215
32	131	28.1912	-27.3252	29.7444	-0.360714
32	132	28.3727	-27.1475	29.8524	-0.352998
32	133	28.5437	-26.9578	29.9483	-0.34508
32	134	28.7019	-26.7581	30.0306	-0.337038
32	135	28.8471	-26.5514	30.1002	-0.328963
32	136	28.9811	-26.34	30.1597	-0.320894
32	137	29.106	-26.1243	30.2112	-0.312815
32	138	29.2225	-25.9033	30.255	-0.30468
32	139	29.3297	-25.6758	30.29	-0.296452
32	140	29.4253	-25.4414	30.3141	-0.288137
32	141	29.5076	-25.2018	30.3259	-0.279792
32	142	29.5763	-24.9593	30.3261	-0.271479
32	143	29.6331	-24.7154	30.3164	-0.263225
32	144	29.6793	-24.4699	30.2982	-0.255004
32	145	29.7151	-24.2218	30.2712	-0.246775
32	146	29.7389	-23.9705	30.234	-0.238522
32	147	29.7487	-23.7168	30.1845	-0.230279
33	0	-21.1746	-18.7003	21.6168	-3.05483
33	1	-21.175	-18.5022	21.601	-3.06397
33	2	-21.1769	-18.3052	21.5884	-3.07307
33	3	-21.1825	-18.1087	21.5815	-3.08218
33	4	-21.1897	-17.9119	21.578	-3.0913
33	5	-21.2035	-17.7151	21.5827	-3.10044
33	6	-21.2213	-17.5184	21.5933	-3.10958
33	7	-21.245	-17.325	21.6116	-3.11856
33	8	-21.2725	-17.1352	21.6356	-3.12736
33	9	-21.3044	-16.949	21.6657	-3.13597
33	10	-21.3408	-16.7659	21.7018	3.13877
33	11	-21.3779	-16.586	21.7402	3.1305
33	12	-21.4184	-16.4083	21.7834	3.12236
33	13	-21.4674	-16.2333	21.8364	3.11439
33	14	-21.5274	-16.0586	21.9018	3.1065
33	15	-21.6095	-15.8874	21.9905	3.09885
33	16	-21.7023	-15.7138	22.0913	3.09117
33	17	-21.8171	-15.5606	22.2142	3.08455
33	18	-21.9394	-15.4179	22.3448	3.07848
33	19	-22.0876	-15.2988	22.5005	3.07362
33	20	-22.2375	-15.1806	22.6584	3.06886
33	21	-22.3976	-15.0758	22.8258	3.06479
33	22	-22.5566	-14.9698	22.9927	3.06072
33	23	-22.7189	-14.8692	23.1628	3.05696
33	24	-22.8811	-14.7689	23.333	3.05326
33	25	-23.044	-14.6706	23.5041	3.04971
33	26	-23.2094	-14.5757	23.6776	3.04636
33	27	-23.3763	-14.4845	23.8526	3.04322
33	28	-23.544	-14.3982	24.028	3.04033
33	29	-23.7111	-14.3166	24.2026	3.03767
33	30	-23.8777	-14.2407	24.3762	3.03529
33	31	-24.0426	-14.1679	24.548	3.03305
33	32	-24.2077	-14.1005	24.7195	3.03106
33	33	-24.3715	-14.0362	24.8894	3.02922
33	34	-24.5356	-13.9762	25.0593	3.02758
33	35	-24.7018	-13.9212	25.2306	3.02616
33	36	-24.8722	-13.877	25.405	3.0252
33	37	-25.0485	-13.847	25.5836	3.02484
33	38	-25.2372	-13.8355	25.7723	3.02525
33	39	-25.4354	-13.8438	25.9683	3.02645
33	40	-25.6367	-13.8661	26.1657	3.02818
33	41	-25.8312	-13.9097	26.3541	3.03066
33	42	-26.0222	-13.9644	26.538	3.03351
33	43	-26.2084	-14.0422	26.7149	3.03715
33	44	-26.3955	-14.1269	26.8923	3.04101
33	45	-26.5799	-14.2194	27.0668	3.0451
33	46	-26.7659	-14.3126	27.2431	3.04916
33	47	-26.9518	-14.4093	27.4195	3.0533
33	48	-27.1384	-14.5063	27.5971	3.0574
33	49	-27.3235	-14.6052	27.7735	3.0615
33	50	-27.5079	-14.7024	27.9497	3.0655
33	51	-27.6902	-14.8002	28.1242	3.06946
33	52	-27.8706	-14.8994	28.2972	3.07341
33	53	-28.0503	-14.9996	28.47	3.07735
33	54	-28.231	-15.099	28.6441	3.08122
33	55	-28.4114	-15.1995	28.8184	3.08508
33	56	-28.5901	-15.3022	28.9912	3.08897
33	57	-28.7665	-15.4065	29.162	3.09286
33	58	-28.9417	-15.5093	29.3322	3.09665
33	59	-29.1128	-15.6111	29.4988	3.10036
33	60	-29.2798	-15.7142	29.6617	3.10406
33	61	-29.4448	-15.8172	29.8229	3.10772
33	62	-29.607	-15.9181	29.9818	3.11127
33	63	-29.7642	-16.0204	30.1359	3.11482
33	64	-29.9109	-16.1299	30.2799	3.11856
33	65	-30.0604	-16.2227	30.4273	3.12173
33	66	-30.1607	-16.3404	30.5255	3.12564
33	67	-30.222	-16.495	30.5848	3.13073
33	68	-30.2993	-16.6488	30.6607	3.13578
33	69	-30.3617	-16.8185	30.7226	3.14131
33	70	-30.4139	-17.0081	30.7754	-3.13571
33	71	-30.4588	-17.225	30.8223	-3.12868
33	72	-30.4977	-17.4786	30.8655	-3.12049
33	73	-30.5306	-17.7804	30.9062	-3.11075
33	74	-30.5498	-18.0859	30.9364	-3.10089
33	75	-30.5531	-18.3922	30.9536	-3.09101
33	76	-30.5416	-18.6956	30.9589	-3.0812
33	77	-30.5182	-18.9956	30.9552	-3.07148
33	78	-30.4843	-19.294	30.9437	-3.06179
33	79	-30.4385	-19.5918	30.9233	-3.05207
33	80	-30.3787	-19.888	30.8917	-3.04235
33	81	-30.305	-20.1798	30.8486	-3.0327
33	82	-30.2196	-20.4659	30.7962	-3.02316
33	83	-30.1241	-20.7478	30.7361	-3.01369
33	84	-30.0172	-21.027	30.6671	-3.00421
33	85	-29.8954	-21.3029	30.5855	-2.99473
33	86	-29.7567	-21.5716	30.4891	-2.98535
33	87	-29.6039	-21.8295	30.3795	-2.97618
33	88	-29.4409	-22.0768	30.2607	-2.96723
33	89	-29.27	-22.3163	30.1351	-2.95842
33	90	-29.0902	-22.5496	30.0019	-2.94968
33	91	-28.8995	-22.776	29.859	-2.94102
33	92	-28.6975	-22.9928	29.7054	-2.93251
33	93	-28.4865	-23.1984	29.5426	-2.92422
33	94	-28.2684	-23.3935	29.3727	-2.91614
33	95	-28.0432	-23.5798	29.1957	-2.90819
33	96	-27.8091	-23.7569	29.0099	-2.90038
33	97	-27.5657	-23.9229	28.8139	-2.89277
33	98	-27.3145	-24.0745	28.6086	-2.88548
33	99	-27.0959	-24.1913	28.4272	-2.87955
33	100	-26.9013	-24.2777	28.262	-2.87482
33	101	-26.7262	-24.3463	28.1114	-2.87082
33	102	-26.5602	-24.3912	27.9636	-2.86769
33	103	-26.4005	-24.4182	27.8172	-2.8652
33	104	-26.2508	-24.4622	27.6854	-2.86219
33	105	-26.1121	-24.4494	27.5485	-2.86125
33	106	-25.9672	-24.3845	27.3913	-2.86207
33	107	-25.8097	-24.3348	27.2262	-2.86222
33	108	-25.6527	-24.2693	27.0573	-2.86295
33	109	-25.4935	-24.1997	26.885	-2.86381
33	110	-25.3327	-24.1239	26.7096	-2.86489
33	111	-25.1679	-24.0475	26.5302	-2.86596
33	112	-25.0043	-23.9664	26.3508	-2.86723
33	113	-24.8401	-23.8848	26.1706	-2.86853
33	114	-24.6763	-23.8005	25.9902	-2.86996
33	115	-24.5111	-23.7157	25.8083	-2.87141
33	116	-24.3454	-23.6276	25.6252	-2.87299
33	117	-24.1775	-23.5392	25.4398	-2.87459
33	118	-24.009	-23.4478	25.2532	-2.87632
33	119	-23.841	-23.3531	25.0663	-2.87821
33	120	-23.6733	-23.2574	24.8795	-2.88017
33	121	-23.5053	-23.1628	24.6928	-2.88211
33	122	-23.3378	-23.0675	24.5066	-2.88412
33	123	-23.1705	-22.971	24.3202	-2.88621
33	124	-23.0028	-22.8729	24.1333	-2.88838
33	125	-22.836	-22.7709	23.9463	-2.89076
33	126	-22.669	-22.6673	23.7589	-2.89324
33	127	-22.5052	-22.5571	23.5731	-2.89606
33	128	-22.341	-22.4484	23.3875	-2.89887
33	129	-22.1921	-22.3254	23.2135	-2.90246
33	130	-22.047	-22.2044	23.044	-2.90608
33	131	-21.9272	-22.0615	22.8945	-2.91093
33	132	-21.8179	-21.909	22.7536	-2.91635
33	133	-21.7103	-21.7485	22.6133	-2.92221
33	134	-21.6248	-21.5805	22.4937	-2.92867
33	135	-21.5441	-21.4113	22.3796	-2.9353
33	136	-21.4747	-21.2349	22.2761	-2.94241
33	137	-21.4266	-21.0481	22.1926	-2.95023
33	138	-21.3807	-20.8581	22.1121	-2.95827
33	139	-21.3465	-20.6644	22.044	-2.96663
33	140	-21.3156	-20.4707	21.9806	-2.97506
33	141	-21.2903	-20.2775	21.9244	-2.98356
33	142	-21.266	-20.0856	21.871	-2.99205
33	143	-21.2459	-19.8925	21.8232	-3.00067
33	144	-21.2259	-19.6977	21.7769	-3.00939
33	145	-21.2095	-19.5005	21.7355	-3.01829
33	146	-21.1945	-19.3012	21.6969	-3.02732
33	147	-21.1842	-19.1006	21.6647	-3.03646
33	148	-21.1774	-18.8999	21.6378	-3.04565
38	0	25.8834	-30.4037	28.9088	-0.488876
38	1	25.8266	-30.1538	28.7419	-0.482126
38	2	25.7646	-29.9435	28.59	-0.476616
38	3	25.6987	-29.7631	28.4489	-0.472042
38	4	25.6253	-29.6053	28.312	-0.468259
38	5	25.5418	-29.4649	28.1742	-0.465148
38	6	25.4714	-29.326	28.0492	-0.461848
38	7	25.372	-29.2179	27.9121	-0.45997
38	8	25.236	-29.1313	27.7517	-0.459349
38	9	25.1008	-29.0308	27.586	-0.458255
38	10	24.9531	-28.9366	27.4119	-0.457559
38	11	24.7992	-28.8429	27.2325	-0.456965
38	12	24.6377	-28.753	27.0479	-0.456618
38	13	24.4726	-28.6617	26.8595	-0.456279
38	14	24.3044	-28.5752	26.6703	-0.456146
38	15	24.1355	-28.4893	26.4809	-0.456044
38	16	23.9653	-28.4047	26.2907	-0.456004
38	17	23.794	-28.3197	26.0995	-0.455972
38	18	23.6215	-28.2343	25.9071	-0.455943
38	19	23.4474	-28.1501	25.7137	-0.455983
38	20	23.2729	-28.0673	25.5206	-0.456081
38	21	23.0991	-27.9871	25.3292	-0.456263
38	22	22.9273	-27.9095	25.1408	-0.456502
38	23	22.7558	-27.8342	24.9537	-0.456822
38	24	22.5838	-27.7572	24.7653	-0.457097
38	25	22.4094	-27.6815	24.5754	-0.457463
38	26	22.232	-27.6079	24.3837	-0.45797
38	27	22.0517	-27.5357	24.1902	-0.458588
38	28	21.8679	-27.465	23.994	-0.459335
38	29	21.6818	-27.3973	23.7972	-0.460253
38	30	21.4957	-27.3427	23.6062	-0.461685
38	31	21.3128	-27.3	23.4235	-0.463528
38	32	21.1309	-27.2632	23.2444	-0.46561
38	33	20.949	-27.243	23.0729	-0.468368
38	34	20.7861	-27.2253	22.9196	-0.470887
38	35	20.6355	-27.2371	22.7909	-0.474346
38	36	20.4914	-27.2407	22.6645	-0.477392
38	37	20.3567	-27.2735	22.5601	-0.481427
38	38	20.2215	-27.2986	22.452	-0.485206
38	39	20.0904	-27.3434	22.3572	-0.489715
38	40	19.957	-27.3902	22.2617	-0.494387
38	41	19.8248	-27.4481	22.1731	-0.499517
38	42	19.692	-27.5091	22.086	-0.504821
38	43	19.5597	-27.5811	22.0055	-0.510591
38	44	19.4271	-27.6577	21.9276	-0.516595
38	45	19.2931	-27.7405	21.8523	-0.522917
38	46	19.1604	-27.8308	21.783	-0.52955
38	47	19.028	-27.9238	21.7162	-0.536328
38	48	18.8957	-28.0226	21.6535	-0.543374
38	49	18.7626	-28.1249	21.593	-0.550614
38	50	18.6323	-28.2334	21.5394	-0.558073
38	51	18.5008	-28.3436	21.4868	-0.565662
38	52	18.3737	-28.4616	21.4434	-0.573486
38	53	18.2484	-28.5823	21.4043	-0.5814
38	54	18.1372	-28.7109	21.3827	-0.589284
38	55	18.0354	-28.844	21.3727	-0.597109
38	56	17.9401	-28.981	21.3715	-0.604916
38	57	17.8619	-29.1282	21.3916	-0.612654
38	58	17.8009	-29.2725	21.4252	-0.619801
38	59	17.7442	-29.4133	21.4614	-0.626678
38	60	17.7087	-29.5568	21.5172	-0.633048
38	61	17.6773	-29.7004	21.5772	-0.63927
38	62	17.6513	-29.8461	21.6437	-0.645391
38	63	17.6349	-29.9976	21.7221	-0.65142
38	64	17.6146	-30.1541	21.8013	-0.657693
38	65	17.6063	-30.3148	21.8933	-0.663733
38	66	17.6027	-30.4776	21.9911	-0.669664
38	67	17.6046	-30.6436	22.0961	-0.675499
38	68	17.6099	-30.8137	22.207	-0.68133
38	69	17.6236	-30.9858	22.3263	-0.686931
38	70	17.6372	-31.1587	22.4468	-0.692502
38	71	17.657	-31.3304	22.5721	-0.697795
38	72	17.6784	-31.5004	22.698	-0.70293
38	73	17.7019	-31.673	22.8278	-0.708033
38	74	17.7274	-31.8479	22.9612	-0.713097
38	75	17.7548	-32.0244	23.0976	-0.718099
38	76	17.7875	-32.2006	23.2385	-0.722884
38	77	17.8231	-32.3754	23.3811	-0.727483
38	78	17.8642	-32.5499	23.528	-0.73186
38	79	17.9086	-32.7226	23.6766	-0.736034
38	80	17.9582	-32.8925	23.8277	-0.739922
38	81	18.0113	-33.0593	23.9795	-0.743565
38	82	18.0759	-33.2188	24.1351	-0.746616
38	83	18.1409	-33.3775	24.2907	-0.749597
38	84	18.2246	-33.528	24.4547	-0.751769
38	85	18.3138	-33.6782	24.6224	-0.753751
38	86	18.4126	-33.8117	24.7858	-0.754949
38	87	18.5166	-33.9348	24.9459	-0.755686
38	88	18.6317	-34.0439	25.1045	-0.755705
38	89	18.7494	-34.1517	25.2641	-0.755615
38	90	18.8807	-34.2455	25.424	-0.754759
38	91	19.0108	-34.3431	25.5856	-0.754054
38	92	19.1504	-34.4291	25.7463	-0.752776
38	93	19.2939	-34.5147	25.9096	-0.751402
38	94	19.4421	-34.5988	26.0753	-0.749879
38	95	19.5951	-34.6816	26.2437	-0.748213
38	96	19.7525	-34.7638	26.4151	-0.746442
38	97	19.9137	-34.8464	26.5895	-0.744605
38	98	20.0787	-34.9284	26.7665	-0.742679
38	99	20.2464	-35.0095	26.9449	-0.740689
38	100	20.4154	-35.089	27.1233	-0.738646
38	101	20.5841	-35.1665	27.3003	-0.736584
38	102	20.752	-35.2404	27.4745	-0.734473
38	103	20.9217	-35.3163	27.6513	-0.732399
38	104	21.0943	-35.3917	27.8301	-0.730264
38	105	21.2707	-35.4655	28.0108	-0.728028
38	106	21.4503	-35.5399	28.1944	-0.725757
38	107	21.6324	-35.6155	28.3809	-0.723492
38	108	21.8168	-35.6902	28.5686	-0.72118
38	109	22.0037	-35.764	28.7578	-0.718815
38	110	22.1935	-35.8304	28.9445	-0.716224
38	111	22.378	-35.907	29.134	-0.714048
38	112	22.5409	-35.9254	29.2693	-0.71088
38	113	22.6935	-35.8965	29.3663	-0.706743
38	114	22.8482	-35.8832	29.4756	-0.70299
38	115	23.0007	-35.846	29.5681	-0.698698
38	116	23.1584	-35.8057	29.6633	-0.694237
38	117	23.3194	-35.7385	29.7444	-0.689038
38	118	23.4953	-35.6586	29.8299	-0.683223
38	119	23.6864	-35.5473	29.9085	-0.676302
38	120	23.8996	-35.4024	29.9851	-0.668082
38	121	24.1048	-35.2437	30.049	-0.659706
38	122	24.301	-35.0748	30.1015	-0.651277
38	123	24.4876	-34.8974	30.1435	-0.642846
38	124	24.6654	-34.7127	30.1762	-0.634413
38	125	24.8352	-34.5199	30.1997	-0.625937
38	126	24.9963	-34.3173	30.2127	-0.61738
38	127	25.1462	-34.1042	30.2126	-0.608755
38	128	25.2824	-33.8819	30.1984	-0.600138
38	129	25.4043	-33.6535	30.1711	-0.591609
38	130	25.5136	-33.4216	30.1336	-0.583196
38	131	25.6126	-33.1865	30.0878	-0.574862
38	132	25.7022	-32.9472	30.0339	-0.566555
38	133	25.7814	-32.7025	29.9704	-0.558246
38	134	25.8477	-32.452	29.895	-0.549964
38	135	25.899	-32.1975	29.8067	-0.541785
38	136	25.9352	-31.9417	29.7068	-0.533779
38	137	25.958	-31.6862	29.5973	-0.525955
38	138	25.9692	-31.4308	29.4796	-0.518271
38	139	25.9688	-31.1743	29.3531	-0.51069
38	140	25.9552	-30.9166	29.2161	-0.503219
38	141	25.9269	-30.6588	29.0677	-0.495919
39	0	-17.7531	-27.8723	21.2159	-2.59403
39	1	-17.7524	-27.6484	21.0995	-2.60307
39	2	-17.757	-27.4233	20.989	-2.61239
39	3	-17.7677	-27.1989	20.8859	-2.62193
39	4	-17.7834	-26.9768	20.7902	-2.63157
39	5	-17.8006	-26.7533	20.6971	-2.64141
39	6	-17.8192	-26.5281	20.6064	-2.65143
39	7	-17.8402	-26.3011	20.5192	-2.66167
39	8	-17.8654	-26.0724	20.4371	-2.67217
39	9	-17.8949	-25.8421	20.3603	-2.68291
39	10	-17.9302	-25.612	20.2913	-2.69385
39	11	-17.9734	-25.3844	20.2329	-2.70491
39	12	-18.0244	-25.1616	20.1862	-2.71598
39	13	-18.0873	-24.9459	20.1556	-2.72702
39	14	-18.1602	-24.7338	20.1382	-2.73812
39	15	-18.2483	-24.5252	20.1386	-2.74936
39	16	-18.3407	-24.3389	20.1538	-2.75965
39	17	-18.4515	-24.1764	20.197	-2.76917
39	18	-18.5672	-24.032	20.253	-2.77789
39	19	-18.7048	-23.9134	20.3401	-2.78574
39	20	-18.8442	-23.7983	20.4312	-2.7934
39	21	-18.9942	-23.6978	20.5385	-2.80049
39	22	-19.1455	-23.5994	20.6486	-2.80743
39	23	-19.3009	-23.5078	20.7658	-2.81406
39	24	-19.4582	-23.4197	20.8868	-2.82047
39	25	-19.6183	-23.3372	21.0131	-2.8266
39	26	-19.7794	-23.2559	21.1414	-2.83262
39	27	-19.9448	-23.1828	21.2772	-2.83825
39	28	-20.112	-23.1126	21.4161	-2.84372
39	29	-20.2829	-23.0504	21.5614	-2.8488
39	30	-20.4565	-22.9947	21.7119	-2.85356
39	31	-20.6348	-22.9521	21.8709	-2.85775
39	32	-20.8181	-22.9236	22.039	-2.86132
39	33	-21.0075	-22.9056	22.2162	-2.86446
39	34	-21.1848	-22.9126	22.3886	-2.86632
39	35	-21.3537	-22.9163	22.5523	-2.8682
39	36	-21.5088	-22.9543	22.7119	-2.86843
39	37	-21.6622	-22.9843	22.8676	-2.86898
39	38	-21.8101	-23.0348	23.0236	-2.86859
39	39	-21.961	-23.0819	23.1816	-2.86839
39	40	-22.1119	-23.138	23.3421	-2.86782
39	41	-22.2662	-23.1971	23.5066	-2.86718
39	42	-22.4214	-23.2619	23.6736	-2.86632
39	43	-22.5778	-23.3325	23.8434	-2.86525
39	44	-22.7371	-23.4055	24.0165	-2.86414
39	45	-22.8974	-23.4835	24.1921	-2.86285
39	46	-23.0602	-23.5621	24.3702	-2.86159
39	47	-23.2231	-23.6442	24.5495	-2.86021
39	48	-23.3872	-23.7261	24.7299	-2.85887
39	49	-23.5508	-23.8108	24.9106	-2.85744
39	50	-23.7143	-23.8972	25.0919	-2.85596
39	51	-23.8769	-23.9873	25.2733	-2.85435
39	52	-24.0415	-24.0761	25.4563	-2.85284
39	53	-24.208	-24.1637	25.6409	-2.85141
39	54	-24.3729	-24.2553	25.8252	-2.84984
39	55	-24.5363	-24.3487	26.0086	-2.84821
39	56	-24.6972	-24.4437	26.1901	-2.84651
39	57	-24.8594	-24.5371	26.3725	-2.84491
39	58	-25.0219	-24.6323	26.5557	-2.84327
39	59	-25.184	-24.7302	26.7395	-2.84156
39	60	-25.3456	-24.8308	26.9237	-2.83976
39	61	-25.503	-24.9387	27.1061	-2.83769
39	62	-25.6673	-25.0328	27.291	-2.8362
39	63	-25.7752	-25.1571	27.4315	-2.83306
39	64	-25.838	-25.3199	27.5411	-2.82812
39	65	-25.9178	-25.4803	27.6668	-2.82349
39	66	-25.9805	-25.6566	27.7818	-2.81817
39	67	-26.029	-25.8519	27.8904	-2.81208
39	68	-26.0642	-26.0722	27.9957	-2.80504
39	69	-26.0865	-26.3252	28.1013	-2.79681
39	70	-26.0972	-26.6202	28.2123	-2.7871
39	71	-26.0989	-26.9149	28.3175	-2.77736
39	72	-26.0928	-27.21	28.4183	-2.76758
39	73	-26.0775	-27.506	28.5137	-2.75772
39	74	-26.0513	-27.8021	28.6017	-2.74778
39	75	-26.0136	-28.0963	28.6812	-2.7378
39	76	-25.9658	-28.3876	28.7531	-2.72783
39	77	-25.9094	-28.6763	28.8189	-2.71787
39	78	-25.8439	-28.9638	28.8789	-2.70786
39	79	-25.7674	-29.2503	28.9313	-2.69776
39	80	-25.6775	-29.5341	28.9735	-2.68759
39	81	-25.5747	-29.8122	29.0046	-2.67741
39	82	-25.4614	-30.0837	29.0263	-2.6673
39	83	-25.3399	-30.3494	29.0411	-2.65725
39	84	-25.2105	-30.611	29.0498	-2.64721
39	85	-25.072	-30.8689	29.0517	-2.63713
39	86	-24.9227	-31.1217	29.0448	-2.62703
39	87	-24.7632	-31.3676	29.0284	-2.61695
39	88	-24.5952	-31.6059	29.0038	-2.60694
39	89	-24.42	-31.8375	28.9725	-2.59698
39	90	-24.2373	-32.0636	28.9348	-2.58702
39	91	-24.045	-32.2839	28.8888	-2.57704
39	92	-23.8423	-32.4961	28.8325	-2.56705
39	93	-23.6302	-32.6977	28.7654	-2.55717
39	94	-23.4115	-32.8875	28.6891	-2.54744
39	95	-23.216	-33.0366	28.6114	-2.5393
39	96	-23.0389	-33.1569	28.5344	-2.53231
39	97	-22.8728	-33.2536	28.4541	-2.52618
39	98	-22.7128	-33.3335	28.37	-2.52062
39	99	-22.5506	-33.3918	28.2724	-2.51561
39	100	-22.3989	-33.4664	28.1935	-2.51031
39	101	-22.2437	-33.4819	28.0776	-2.5066
39	102	-22.0682	-33.4307	27.906	-2.50435
39	103	-21.898	-33.3571	27.7254	-2.50283
39	104	-21.7253	-33.2891	27.5463	-2.50108
39	105	-21.5522	-33.224	27.3686	-2.4992
39	106	-21.3821	-33.1557	27.1916	-2.49747
39	107	-21.2133	-33.085	27.0142	-2.49581
39	108	-21.0466	-33.0129	26.8377	-2.49421
39	109	-20.8808	-32.9438	26.6638	-2.49253
39	110	-20.7182	-32.8737	26.4919	-2.49093
39	111	-20.5593	-32.8017	26.3219	-2.48945
39	112	-20.4032	-32.7303	26.1545	-2.488
39	113	-20.2458	-32.658	25.9857	-2.48652
39	114	-20.0887	-32.5833	25.8155	-2.48511
39	115	-19.932	-32.5075	25.6452	-2.48372
39	116	-19.7782	-32.4279	25.4748	-2.4825
39	117	-19.6266	-32.3481	25.3061	-2.48133
39	118	-19.4797	-32.2645	25.1388	-2.48037
39	119	-19.3366	-32.1798	24.9738	-2.47953
39	120	-19.1977	-32.0928	24.8108	-2.47885
39	121	-19.0641	-32.0013	24.6492	-2.47844
39	122	-18.9341	-31.9098	24.4905	-2.47812
39	123	-18.8085	-31.8148	24.333	-2.47802
39	124	-18.6881	-31.7134	24.1757	-2.47825
39	125	-18.5689	-31.6075	24.0167	-2.47867
39	126	-18.4637	-31.4804	23.8555	-2.48016
39	127	-18.3591	-31.3386	23.6859	-2.48217
39	128	-18.271	-31.172	23.5143	-2.48548
39	129	-18.1835	-30.9862	23.3318	-2.4895
39	130	-18.117	-30.794	23.1626	-2.49435
39	131	-18.0581	-30.6004	22.9991	-2.49952
39	132	-18.0146	-30.4014	22.8456	-2.50536
39	133	-17.9744	-30.2003	22.6942	-2.51143
39	134	-17.9394	-29.9972	22.5466	-2.51779
39	135	-17.9054	-29.7916	22.3994	-2.52435
39	136	-17.8738	-29.584	22.254	-2.53114
39	137	-17.8448	-29.3738	22.1103	-2.53818
39	138	-17.8187	-29.1614	21.9689	-2.54547
39	139	-17.7973	-28.9491	21.8326	-2.55296
39	140	-17.7824	-28.7369	21.703	-2.56072
39	141	-17.7728	-28.5259	21.5799	-2.56865
39	142	-17.7648	-28.3114	21.4576	-2.57684
39	143	-17.7578	-28.0935	21.3359	-2.58529
43	0	23.0657	-38.5837	31.446	-0.764074
43	1	23.0299	-38.2978	31.2229	-0.758258
43	2	22.9803	-38.0126	30.9912	-0.752676
43	3	22.9157	-37.7296	30.7511	-0.747392
43	4	22.8463	-37.4925	30.5392	-0.743245
43	5	22.7734	-37.2924	30.3503	-0.740014
43	6	22.6963	-37.121	30.1779	-0.737546
43	7	22.6189	-36.9679	30.0178	-0.735503
43	8	22.5329	-36.8296	29.8612	-0.734001
43	9	22.4363	-36.7077	29.7078	-0.733132
43	10	22.3119	-36.6139	29.5527	-0.733591
43	11	22.1614	-36.5359	29.3887	-0.735049
43	12	22.0093	-36.4483	29.2171	-0.736315
43	13	21.848	-36.3645	29.0414	-0.737908
43	14	21.6802	-36.2791	28.8598	-0.739629
43	15	21.5079	-36.1937	28.675	-0.74148
43	16	21.3317	-36.1081	28.4873	-0.743441
43	17	21.1522	-36.0211	28.2964	-0.745471
43	18	20.9697	-35.9372	28.1055	-0.747682
43	19	20.7868	-35.8479	27.9106	-0.749792
43	20	20.6008	-35.7617	27.7159	-0.75209
43	21	20.4129	-35.6753	27.5197	-0.754461
43	22	20.2231	-35.5891	27.3224	-0.756922
43	23	20.0319	-35.504	27.1251	-0.759477
43	24	19.8403	-35.4192	26.9278	-0.762098
43	25	19.6478	-35.3348	26.7304	-0.764783
43	26	19.4538	-35.2495	26.5315	-0.767526
43	27	19.2585	-35.1653	26.3326	-0.770376
43	28	19.0615	-35.0822	26.1334	-0.773344
43	29	18.8627	-35.0028	25.9359	-0.776506
43	30	18.6637	-34.9281	25.7417	-0.779855
43	31	18.4642	-34.8633	25.5545	-0.78354
43	32	18.2671	-34.8112	25.3783	-0.787569
43	33	18.0685	-34.7751	25.2128	-0.79214
43	34	17.8676	-34.7494	25.0537	-0.797128
43	35	17.661	-34.7402	24.9032	-0.802803
43	36	17.4594	-34.7452	24.7672	-0.8088
43	37	17.2598	-34.7672	24.6458	-0.815273
43	38	17.0617	-34.8005	24.5348	-0.822084
43	39	16.8658	-34.847	24.4361	-0.829252
43	40	16.6724	-34.9005	24.3456	-0.836594
43	41	16.4824	-34.9613	24.2641	-0.844083
43	42	16.2943	-35.0247	24.1873	-0.851639
43	43	16.1084	-35.0936	24.1174	-0.859321
43	44	15.9237	-35.1651	24.0517	-0.867077
43	45	15.7416	-35.2407	23.9921	-0.874904
43	46	15.5624	-35.3176	23.937	-0.882711
43	47	15.3869	-35.4015	23.8911	-0.890615
43	48	15.2152	-35.4878	23.8509	-0.898485
43	49	15.0497	-35.5781	23.8192	-0.906284
43	50	14.8887	-35.6684	23.7917	-0.913949
43	51	14.7329	-35.7599	23.7698	-0.921493
43	52	14.5826	-35.8541	23.7546	-0.928931
43	53	14.4357	-35.9486	23.743	-0.936267
43	54	14.2952	-36.0489	23.7411	-0.943536
43	55	14.1563	-36.1478	23.7402	-0.95072
43	56	14.027	-36.2557	23.7535	-0.95779
43	57	13.9041	-36.3675	23.7749	-0.964724
43	58	13.7856	-36.4831	23.8029	-0.971584
43	59	13.6766	-36.6085	23.8455	-0.978326
43	60	13.5801	-36.7473	23.9073	-0.984913
43	61	13.4907	-36.8973	23.9833	-0.99148
43	62	13.4096	-37.054	24.0706	-0.997861
43	63	13.3441	-37.2147	24.1705	-1.00374
43	64	13.2991	-37.3828	24.2884	-1.00902
43	65	13.2646	-37.5608	24.4211	-1.0141
43	66	13.254	-37.7506	24.5768	-1.01855
43	67	13.2505	-37.9487	24.7439	-1.02287
43	68	13.2523	-38.1523	24.9188	-1.02706
43	69	13.2569	-38.3601	25.0992	-1.03119
43	70	13.2639	-38.573	25.2857	-1.03528
43	71	13.2687	-38.7906	25.4756	-1.03948
43	72	13.28	-39.0174	25.677	-1.04357
43	73	13.2479	-39.2574	25.8687	-1.04931
43	74	13.1316	-39.5161	26.0361	-1.05814
43	75	13.0568	-39.7347	26.1905	-1.06472
43	76	13.0215	-39.9273	26.3421	-1.06943
43	77	12.9945	-40.1086	26.4884	-1.07362
43	78	12.997	-40.2834	26.6433	-1.07666
43	79	13.0075	-40.4543	26.7988	-1.07934
43	80	13.0224	-40.6301	26.9609	-1.08193
43	81	13.0523	-40.8077	27.1319	-1.08403
43	82	13.0857	-40.994	27.3122	-1.08614
43	83	13.1331	-41.1833	27.5018	-1.08783
43	84	13.205	-41.3697	27.7003	-1.08865
43	85	13.3087	-41.5584	27.9155	-1.08849
43	86	13.4665	-41.7434	28.1527	-1.08658
43	87	13.5929	-41.932	28.3785	-1.08573
43	88	13.6806	-42.1016	28.5694	-1.08578
43	89	13.7491	-42.2565	28.7383	-1.08619
43	90	13.8287	-42.3994	28.9019	-1.08605
43	91	13.9263	-42.5321	29.0648	-1.08521
43	92	14.0433	-42.6646	29.2366	-1.08378
43	93	14.1789	-42.7869	29.4082	-1.08165
43	94	14.3354	-42.9073	29.5882	-1.0789
43	95	14.5147	-43.0125	29.7658	-1.07526
43	96	14.6989	-43.1059	29.9357	-1.07133
43	97	14.8913	-43.1836	30.0964	-1.06695
43	98	15.0953	-43.2448	30.2489	-1.06203
43	99	15.3091	-43.2949	30.3972	-1.05668
43	100	15.5249	-43.3388	30.542	-1.05124
43	101	15.7416	-43.3813	30.6869	-1.04579
43	102	15.958	-43.4218	30.8309	-1.04038
43	103	16.1738	-43.4594	30.9729	-1.03499
43	104	16.3888	-43.4933	31.1122	-1.0296
43	105	16.6011	-43.5241	31.2485	-1.02428
43	106	16.8117	-43.5525	31.3826	-1.01902
43	107	17.0219	-43.5785	31.5154	-1.01377
43	108	17.2309	-43.6032	31.6473	-1.00858
43	109	17.4399	-43.6252	31.7777	-1.00338
43	110	17.6468	-43.645	31.9061	-0.998252
43	111	17.8513	-43.6612	32.0309	-0.993157
43	112	18.0539	-43.6754	32.1538	-0.988122
43	113	18.2557	-43.685	32.2733	-0.983065
43	114	18.458	-43.6927	32.3923	-0.977998
43	115	18.6601	-43.6954	32.5078	-0.972886
43	116	18.8627	-43.6962	32.623	-0.967769
43	117	19.0632	-43.6914	32.7331	-0.962641
43	118	19.2607	-43.6847	32.8409	-0.957588
43	119	19.4546	-43.6735	32.9438	-0.95258
43	120	19.6449	-43.6606	33.044	-0.947661
43	121	19.8318	-43.644	33.14	-0.942787
43	122	20.0159	-43.625	33.2331	-0.937969
43	123	20.1952	-43.6046	33.3231	-0.933268
43	124	20.3699	-43.5844	33.4111	-0.928707
43	125	20.5391	-43.5622	33.495	-0.924265
43	126	20.7009	-43.5327	33.5693	-0.919889
43	127	20.8581	-43.5158	33.6514	-0.915867
43	128	20.9967	-43.4629	33.6942	-0.911647
43	129	21.1271	-43.3679	33.6993	-0.906864
43	130	21.2677	-43.2783	33.7158	-0.901941
43	131	21.4078	-43.1679	33.7166	-0.896651
43	132	21.5535	-43.034	33.7035	-0.890793
43	133	21.7103	-42.8702	33.6755	-0.884114
43	134	21.8831	-42.6677	33.6294	-0.876323
43	135	22.0593	-42.435	33.5646	-0.867852
43	136	22.2217	-42.1918	33.4852	-0.859458
43	137	22.3695	-41.9416	33.3933	-0.851211
43	138	22.5048	-41.6862	33.2915	-0.843098
43	139	22.6291	-41.4247	33.18	-0.835059
43	140	22.7412	-41.1554	33.0566	-0.827078
43	141	22.8378	-40.8785	32.9192	-0.819223
43	142	22.9173	-40.5972	32.7689	-0.81159
43	143	22.9811	-40.3143	32.6086	-0.804199
43	144	23.032	-40.0301	32.44	-0.796992
43	145	23.07	-39.7429	32.2619	-0.789928
43	146	23.093	-39.4523	32.0725	-0.78304
43	147	23.0991	-39.1606	31.8718	-0.776418
43	148	23.0892	-38.8708	31.6622	-0.770109
44	0	-12.7983	-38.5431	25.3919	-2.11559
44	1	-12.8281	-38.3451	25.2383	-2.12067
44	2	-12.8592	-38.1457	25.0849	-2.12588
44	3	-12.892	-37.9465	24.9332	-2.13121
44	4	-12.9265	-37.7481	24.7839	-2.13664
44	5	-12.9621	-37.547	24.6336	-2.14224
44	6	-12.9999	-37.3434	24.4832	-2.14804
44	7	-13.0418	-37.1381	24.3345	-2.15408
44	8	-13.0877	-36.932	24.1882	-2.16036
44	9	-13.1399	-36.7275	24.0477	-2.16689
44	10	-13.198	-36.5273	23.9153	-2.1736
44	11	-13.2674	-36.3342	23.7962	-2.18061
44	12	-13.3457	-36.1457	23.6871	-2.18787
44	13	-13.4391	-35.9627	23.5926	-2.19559
44	14	-13.5348	-35.7936	23.5121	-2.2031
44	15	-13.6444	-35.6383	23.4522	-2.21078
44	16	-13.7553	-35.4863	23.3972	-2.21847
44	17	-13.8796	-35.3431	23.3588	-2.22641
44	18	-14.005	-35.1983	23.3211	-2.23445
44	19	-14.1402	-35.0592	23.2957	-2.2427
44	20	-14.2769	-34.918	23.2711	-2.25108
44	21	-14.4191	-34.7815	23.2553	-2.25953
44	22	-14.5626	-34.645	23.2419	-2.26803
44	23	-14.7097	-34.5105	23.2341	-2.2766
44	24	-14.8584	-34.3757	23.2289	-2.28523
44	25	-15.0104	-34.2427	23.2288	-2.29393
44	26	-15.1639	-34.1105	23.2322	-2.30265
44	27	-15.3195	-33.9814	23.241	-2.31134
44	28	-15.4752	-33.8548	23.2535	-2.31996
44	29	-15.6314	-33.7317	23.2705	-2.32847
44	30	-15.7872	-33.6116	23.2912	-2.33687
44	31	-15.9453	-33.4899	23.314	-2.34538
44	32	-16.1071	-33.3687	23.3413	-2.35397
44	33	-16.2713	-33.2476	23.3723	-2.3626
44	34	-16.4406	-33.1328	23.4129	-2.37117
44	35	-16.61	-33.0204	23.4571	-2.37964
44	36	-16.7844	-32.9187	23.5138	-2.38789
44	37	-16.9562	-32.818	23.571	-2.39599
44	38	-17.1346	-32.7379	23.6484	-2.4036
44	39	-17.3102	-32.6603	23.7268	-2.411
44	40	-17.4948	-32.6083	23.8301	-2.41779
44	41	-17.6815	-32.553	23.9339	-2.42469
44	42	-17.8801	-32.5248	24.0655	-2.431
44	43	-18.0727	-32.5016	24.1969	-2.43691
44	44	-18.262	-32.5166	24.351	-2.44148
44	45	-18.4505	-32.5461	24.5144	-2.44552
44	46	-18.6361	-32.6059	24.6952	-2.44848
44	47	-18.8215	-32.6692	24.8784	-2.45128
44	48	-19.0033	-32.7418	25.0649	-2.45367
44	49	-19.1843	-32.8131	25.2501	-2.45603
44	50	-19.3639	-32.8872	25.4361	-2.45825
44	51	-19.5441	-32.9604	25.6221	-2.46047
44	52	-19.7242	-33.0349	25.809	-2.46263
44	53	-19.9038	-33.1125	25.9975	-2.46464
44	54	-20.0829	-33.192	26.187	-2.46656
44	55	-20.2622	-33.2701	26.3758	-2.4685
44	56	-20.4398	-33.3495	26.5642	-2.47033
44	57	-20.6152	-33.4305	26.752	-2.47204
44	58	-20.7887	-33.5133	26.9395	-2.47362
44	59	-20.9613	-33.593	27.1244	-2.47526
44	60	-21.1322	-33.6741	27.3088	-2.47679
44	61	-21.2997	-33.7565	27.4915	-2.47819
44	62	-21.4648	-33.8391	27.6726	-2.47951
44	63	-21.6277	-33.9219	27.8519	-2.48076
44	64	-21.785	-34.0061	28.0278	-2.48183
44	65	-21.9347	-34.095	28.2006	-2.4826
44	66	-22.0884	-34.1682	28.3669	-2.48388
44	67	-22.1993	-34.2825	28.5246	-2.48308
44	68	-22.3061	-34.4156	28.6906	-2.48169
44	69	-22.3666	-34.5913	28.8462	-2.47817
44	70	-22.4387	-34.7722	29.0145	-2.47478
44	71	-22.499	-34.9769	29.1889	-2.47055
44	72	-22.5623	-35.2102	29.3838	-2.46567
44	73	-22.6221	-35.4853	29.6031	-2.45968
44	74	-22.6778	-35.8144	29.8546	-2.4523
44	75	-22.7185	-36.1471	30.0985	-2.44463
44	76	-22.7447	-36.4797	30.333	-2.43678
44	77	-22.7588	-36.8116	30.5598	-2.42881
44	78	-22.7617	-37.1445	30.7807	-2.42068
44	79	-22.7505	-37.4793	30.9944	-2.41233
44	80	-22.7231	-37.8134	31.1977	-2.40376
44	81	-22.6812	-38.1435	31.3899	-2.39508
44	82	-22.628	-38.4702	31.5739	-2.38634
44	83	-22.5631	-38.7958	31.7511	-2.37747
44	84	-22.4831	-39.1208	31.9195	-2.36839
44	85	-22.3857	-39.4415	32.0751	-2.35911
44	86	-22.2737	-39.7542	32.2176	-2.34978
44	87	-22.1518	-40.0598	32.3508	-2.34046
44	88	-22.0207	-40.3615	32.4777	-2.3311
44	89	-21.8776	-40.6608	32.5974	-2.32159
44	90	-21.7185	-40.955	32.7055	-2.31189
44	91	-21.5441	-41.2392	32.7991	-2.30212
44	92	-21.359	-41.5122	32.8802	-2.29238
44	93	-21.1925	-41.7371	32.9402	-2.28408
44	94	-21.0381	-41.9254	32.9825	-2.2768
44	95	-20.8891	-42.0854	33.0082	-2.27022
44	96	-20.7391	-42.2227	33.0173	-2.26407
44	97	-20.5821	-42.3401	33.0079	-2.25814
44	98	-20.4336	-42.4652	33.0109	-2.25226
44	99	-20.2655	-42.5363	32.9607	-2.24694
44	100	-20.0644	-42.5625	32.8558	-2.24167
44	101	-19.8611	-42.5994	32.7588	-2.2361
44	102	-19.6531	-42.6297	32.6547	-2.23052
44	103	-19.4459	-42.657	32.5498	-2.22497
44	104	-19.2378	-42.6837	32.4449	-2.21939
44	105	-19.0293	-42.7088	32.3395	-2.21378
44	106	-18.819	-42.7322	32.2326	-2.20812
44	107	-18.6065	-42.7532	32.1235	-2.20241
44	108	-18.3952	-42.7707	32.0134	-2.19677
44	109	-18.185	-42.7853	31.9026	-2.19116
44	110	-17.9773	-42.7971	31.7919	-2.18563
44	111	-17.7709	-42.8071	31.6815	-2.18012
44	112	-17.5641	-42.8159	31.5709	-2.17459
44	113	-17.3587	-42.8225	31.4602	-2.1691
44	114	-17.153	-42.8265	31.3481	-2.1636
44	115	-16.9485	-42.8267	31.2345	-2.15817
44	116	-16.745	-42.8235	31.1195	-2.15279
44	117	-16.5428	-42.8178	31.004	-2.14744
44	118	-16.3413	-42.8109	30.8888	-2.14209
44	119	-16.1393	-42.8033	30.7737	-2.1367
44	120	-15.9384	-42.7949	30.6593	-2.13132
44	121	-15.7371	-42.7847	30.544	-2.12591
44	122	-15.5366	-42.772	30.428	-2.12053
44	123	-15.3371	-42.7553	30.31	-2.11521
44	124	-15.1388	-42.7362	30.1914	-2.10992
44	125	-14.9419	-42.7135	30.0713	-2.10469
44	126	-14.7461	-42.6891	29.951	-2.09947
44	127	-14.5511	-42.6609	29.8287	-2.09431
44	128	-14.3565	-42.6294	29.7045	-2.08916
44	129	-14.1627	-42.5909	29.5754	-2.08411
44	130	-13.9727	-42.5427	29.4405	-2.0793
44	131	-13.7892	-42.479	29.2958	-2.07488
44	132	-13.6222	-42.3978	29.1442	-2.07121
44	133	-13.4601	-42.3023	28.9828	-2.06789
44	134	-13.3108	-42.1825	28.8064	-2.06531
44	135	-13.1667	-42.0436	28.6158	-2.06319
44	136	-13.0523	-41.9087	28.4429	-2.06188
44	137	-12.9546	-41.7663	28.2713	-2.06121
44	138	-12.8604	-41.6146	28.0931	-2.0608
44	139	-12.7908	-41.4674	27.9304	-2.06108
44	140	-12.733	-41.316	27.7697	-2.06181
44	141	-12.686	-41.1606	27.6105	-2.06296
44	142	-12.669	-41.0026	27.4632	-2.06514
44	143	-12.6596	-40.8336	27.3101	-2.06777
44	144	-12.6513	-40.6608	27.1543	-2.07053
44	145	-12.6495	-40.4832	26.9978	-2.07363
44	146	-12.6498	-40.3007	26.8381	-2.07691
44	147	-12.654	-40.1137	26.6767	-2.08045
44	148	-12.6624	-39.9233	26.5149	-2.08423
44	149	-12.6749	-39.7312	26.3539	-2.08822
44	150	-12.6912	-39.539	26.1951	-2.09239
44	151	-12.7084	-39.3437	26.0346	-2.09671
44	152	-12.728	-39.1457	25.8735	-2.1012
44	153	-12.7484	-38.9454	25.7113	-2.10583
44	154	-12.772	-38.744	25.5504	-2.11064
48	0	21.8948	-47.0938	37.1453	-0.952413
48	1	21.8842	-46.8301	36.9246	-0.948506
48	2	21.8592	-46.5655	36.6952	-0.944857
48	3	21.8178	-46.3028	36.4584	-0.941554
48	4	21.7615	-46.0452	36.2171	-0.938627
48	5	21.6929	-45.7936	35.9737	-0.936032
48	6	21.6142	-45.5472	35.7287	-0.933716
48	7	21.5252	-45.3049	35.4811	-0.931669
48	8	21.4239	-45.0675	35.2302	-0.929959
48	9	21.3198	-44.868	35.008	-0.928936
48	10	21.2102	-44.6997	34.8076	-0.928563
48	11	21.0945	-44.5556	34.6229	-0.928744
48	12	20.9741	-44.428	34.4486	-0.929325
48	13	20.8394	-44.3216	34.2828	-0.930617
48	14	20.6912	-44.2357	34.1254	-0.932597
48	15	20.5016	-44.2074	33.9901	-0.936579
48	16	20.2762	-44.2232	33.8697	-0.942218
48	17	20.054	-44.2412	33.7542	-0.947855
48	18	19.835	-44.2514	33.6352	-0.95332
48	19	19.6189	-44.2544	33.513	-0.958631
48	20	19.4039	-44.2602	33.3946	-0.963999
48	21	19.1905	-44.2657	33.278	-0.96936
48	22	18.9804	-44.272	33.1648	-0.97469
48	23	18.7752	-44.2801	33.0567	-0.979966
48	24	18.5753	-44.2873	32.9518	-0.985128
48	25	18.3802	-44.2892	32.846	-0.990108
48	26	18.1892	-44.2836	32.7369	-0.994893
48	27	18.0013	-44.2695	32.6231	-0.999489
48	28	17.8158	-44.2478	32.5048	-1.00393
48	29	17.6281	-44.2247	32.3848	-1.00843
48	30	17.4381	-44.2047	32.267	-1.01308
48	31	17.2478	-44.1845	32.1495	-1.01777
48	32	17.059	-44.1642	32.0334	-1.02246
48	33	16.8729	-44.1476	31.9226	-1.02716
48	34	16.6912	-44.1299	31.8137	-1.03176
48	35	16.5142	-44.1079	31.7043	-1.0362
48	36	16.3415	-44.0834	31.5956	-1.04051
48	37	16.1678	-44.0622	31.4898	-1.04492
48	38	15.9941	-44.0415	31.3849	-1.04938
48	39	15.8215	-44.0214	31.2818	-1.05384
48	40	15.651	-44.0028	31.1818	-1.0583
48	41	15.4843	-43.9859	31.0856	-1.06271
48	42	15.3224	-43.97	30.9932	-1.06702
48	43	15.1642	-43.9552	30.9042	-1.07127
48	44	15.0103	-43.9413	30.8185	-1.07544
48	45	14.8591	-43.9306	30.7375	-1.0796
48	46	14.7107	-43.9245	30.6624	-1.08378
48	47	14.5631	-43.9251	30.5942	-1.08805
48	48	14.417	-43.9351	30.5354	-1.09244
48	49	14.2721	-43.9619	30.4929	-1.09706
48	50	14.1257	-44.0123	30.4713	-1.1021
48	51	13.9772	-44.0886	30.4728	-1.10757
48	52	13.8305	-44.2069	30.5136	-1.11361
48	53	13.7048	-44.3326	30.5714	-1.11911
48	54	13.5982	-44.4671	30.6462	-1.12415
48	55	13.5119	-44.6111	30.7391	-1.12871
48	56	13.4426	-44.7645	30.8484	-1.13287
48	57	13.3846	-44.9242	30.9687	-1.13675
48	58	13.3345	-45.0881	31.0965	-1.14043
48	59	13.2896	-45.2549	31.2296	-1.14397
48	60	13.248	-45.4242	31.3666	-1.14741
48	61	13.2089	-45.596	31.5074	-1.15078
48	62	13.1737	-45.7702	31.6523	-1.15404
48	63	13.1432	-45.9471	31.8019	-1.15717
48	64	13.1182	-46.1268	31.9565	-1.16014
48	65	13.0992	-46.3084	32.1155	-1.16294
48	66	13.0846	-46.4918	32.2782	-1.16561
48	67	13.0728	-46.6766	32.4435	-1.16819
48	68	13.0607	-46.8615	32.6089	-1.17076
48	69	13.0498	-47.0463	32.775	-1.17326
48	70	13.0401	-47.2313	32.942	-1.1757
48	71	13.0314	-47.4175	33.1106	-1.17811
48	72	13.0238	-47.606	33.2819	-1.18049
48	73	13.0167	-47.798	33.4568	-1.18287
48	74	13.0114	-47.994	33.6364	-1.18522
48	75	13.0097	-48.1938	33.8209	-1.18749
48	76	13.0131	-48.3957	34.0095	-1.18961
48	77	13.0213	-48.5968	34.1993	-1.19158
48	78	13.0333	-48.7958	34.3886	-1.1934
48	79	13.0475	-48.9925	34.5769	-1.19511
48	80	13.0632	-49.1878	34.7643	-1.19675
48	81	13.0813	-49.3824	34.9521	-1.1983
48	82	13.1025	-49.5768	35.1409	-1.19976
48	83	13.1269	-49.7708	35.3306	-1.2011
48	84	13.1546	-49.9634	35.5202	-1.20233
48	85	13.1853	-50.1533	35.7085	-1.20345
48	86	13.2203	-50.3419	35.897	-1.20443
48	87	13.2588	-50.5288	36.0853	-1.20528
48	88	13.2997	-50.7144	36.2733	-1.20606
48	89	13.3421	-50.8994	36.4613	-1.20678
48	90	13.3841	-51.0844	36.6492	-1.20751
48	91	13.428	-51.2686	36.8369	-1.20817
48	92	13.4741	-51.4507	37.0235	-1.20875
48	93	13.5162	-51.6305	37.2067	-1.20941
48	94	13.5582	-51.8093	37.3887	-1.21005
48	95	13.6113	-51.9662	37.5542	-1.2102
48	96	13.6849	-52.0955	37.7013	-1.20958
48	97	13.7772	-52.2135	37.8442	-1.2084
48	98	13.8917	-52.3141	37.979	-1.20652
48	99	14.0221	-52.4073	38.1127	-1.2042
48	100	14.1716	-52.4985	38.2515	-1.20141
48	101	14.3433	-52.5878	38.397	-1.19807
48	102	14.5454	-52.6775	38.5544	-1.19404
48	103	14.7876	-52.7691	38.7292	-1.18909
48	104	15.0378	-52.8473	38.8955	-1.18387
48	105	15.2939	-52.9093	39.0502	-1.1784
48	106	15.5525	-52.955	39.1919	-1.17275
48	107	15.8111	-52.9872	39.3225	-1.167
48	108	16.0699	-53.0089	39.4448	-1.16118
48	109	16.3304	-53.0209	39.5602	-1.15527
48	110	16.5939	-53.0212	39.6676	-1.14919
48	111	16.8599	-53.0063	39.7636	-1.14294
48	112	17.1253	-52.9741	39.8452	-1.13654
48	113	17.387	-52.9259	39.9125	-1.13008
48	114	17.6443	-52.8651	39.9681	-1.12361
48	115	17.8983	-52.7942	40.0148	-1.11712
48	116	18.1508	-52.7124	40.0528	-1.11056
48	117	18.4016	-52.6168	40.0794	-1.10389
48	118	18.6479	-52.5044	40.0908	-1.09715
48	119	18.8856	-52.3758	40.0857	-1.09041
48	120	19.113	-52.2351	40.067	-1.08375
48	121	19.332	-52.0869	40.0394	-1.07718
48	122	19.5453	-51.9334	40.006	-1.07067
48	123	19.7551	-51.774	39.9676	-1.06415
48	124	19.9612	-51.6058	39.9215	-1.05759
48	125	20.159	-51.4232	39.8603	-1.05102
48	126	20.3493	-51.2299	39.7879	-1.04446
48	127	20.5276	-51.0266	39.7026	-1.038
48	128	20.6937	-50.8164	39.6067	-1.03169
48	129	20.8498	-50.601	39.5027	-1.0255
48	130	20.9977	-50.3798	39.3911	-1.01938
48	131	21.137	-50.1512	39.27	-1.01331
48	132	21.2653	-49.9143	39.1376	-1.00732
48	133	21.3804	-49.6707	38.9938	-1.00149
48	134	21.482	-49.4234	38.8409	-0.995856
48	135	21.5723	-49.1741	38.6813	-0.990393
48	136	21.653	-48.9224	38.5156	-0.985057
48	137	21.7242	-48.6669	38.3427	-0.979826
48	138	21.7841	-48.407	38.1607	-0.974728
48	139	21.8304	-48.1438	37.9694	-0.969827
48	140	21.8629	-47.8801	37.7706	-0.965169
48	141	21.8833	-47.6175	37.5667	-0.960742
48	142	21.8938	-47.3559	37.3586	-0.9565
49	0	-12.5398	-47.1017	32.9086	-1.97362
49	1	-12.5525	-46.9076	32.7351	-1.9763
49	2	-12.5641	-46.7166	32.5643	-1.97894
49	3	-12.5772	-46.5286	32.397	-1.98162
49	4	-12.5881	-46.3376	32.2264	-1.98429
49	5	-12.6009	-46.1435	32.054	-1.98709
49	6	-12.6173	-45.947	31.881	-1.99006
49	7	-12.6401	-45.7493	31.7099	-1.99325
49	8	-12.6709	-45.5532	31.5438	-1.99669
49	9	-12.7087	-45.3613	31.3849	-2.00031
49	10	-12.7448	-45.169	31.2253	-2.00393
49	11	-12.7847	-44.9789	31.0697	-2.00766
49	12	-12.8289	-44.7919	30.9192	-2.01151
49	13	-12.8766	-44.6041	30.7699	-2.01552
49	14	-12.9294	-44.4163	30.6235	-2.01972
49	15	-12.9897	-44.2305	30.4825	-2.02414
49	16	-13.0595	-44.0488	30.35	-2.02883
49	17	-13.1419	-43.8756	30.2315	-2.03381
49	18	-13.2385	-43.7154	30.1318	-2.03905
49	19	-13.3488	-43.566	30.0487	-2.04457
49	20	-13.4763	-43.4485	30.0027	-2.05014
49	21	-13.615	-43.3856	30.0113	-2.05521
49	22	-13.7634	-43.3557	30.0543	-2.06004
49	23	-13.9165	-43.3399	30.1126	-2.06478
49	24	-14.0735	-43.3309	30.1794	-2.0695
49	25	-14.233	-43.3273	30.2529	-2.07419
49	26	-14.395	-43.3275	30.3316	-2.07886
49	27	-14.5591	-43.3299	30.4139	-2.08354
49	28	-14.7254	-43.3334	30.4988	-2.08823
49	29	-14.8938	-43.337	30.5856	-2.09296
49	30	-15.064	-43.3408	30.6741	-2.09771
49	31	-15.2353	-43.3454	30.7646	-2.10245
49	32	-15.4065	-43.354	30.8591	-2.10708
49	33	-15.581	-43.3615	30.955	-2.11181
49	34	-15.7575	-43.3676	31.0515	-2.11658
49	35	-15.9346	-43.377	31.1519	-2.12128
49	36	-16.1118	-43.3829	31.2499	-2.12601
49	37	-16.2892	-43.385	31.3456	-2.13079
49	38	-16.4666	-43.3894	31.4439	-2.13549
49	39	-16.644	-43.391	31.5406	-2.14022
49	40	-16.821	-43.391	31.6363	-2.14493
49	41	-17.002	-43.3922	31.736	-2.1497
49	42	-17.1857	-43.3909	31.8357	-2.15455
49	43	-17.3701	-43.3871	31.9346	-2.15943
49	44	-17.5537	-43.3869	32.0367	-2.16421
49	45	-17.7352	-43.3838	32.136	-2.16894
49	46	-17.9139	-43.3751	32.2298	-2.17368
49	47	-18.0953	-43.3604	32.321	-2.17856
49	48	-18.28	-43.3474	32.4161	-2.18346
49	49	-18.4671	-43.3318	32.5114	-2.18845
49	50	-18.6558	-43.315	32.6074	-2.19346
49	51	-18.8447	-43.3	32.7058	-2.19842
49	52	-19.0318	-43.288	32.8063	-2.20326
49	53	-19.2201	-43.2726	32.9056	-2.20815
49	54	-19.4087	-43.2538	33.0031	-2.21308
49	55	-19.5978	-43.2391	33.105	-2.21792
49	56	-19.789	-43.2162	33.2025	-2.22293
49	57	-19.9824	-43.1845	33.295	-2.22812
49	58	-20.1796	-43.163	33.3989	-2.23319
49	59	-20.3345	-43.2029	33.5258	-2.2361
49	60	-20.4501	-43.3054	33.6778	-2.23692
49	61	-20.5557	-43.4169	33.8308	-2.23734
49	62	-20.6551	-43.5388	33.988	-2.23742
49	63	-20.7505	-43.6759	34.1547	-2.23713
49	64	-20.8433	-43.8343	34.3366	-2.23641
49	65	-20.9347	-44.0209	34.5399	-2.23515
49	66	-21.0267	-44.243	34.7715	-2.2333
49	67	-21.1218	-44.508	35.0391	-2.23079
49	68	-21.2066	-44.7752	35.3023	-2.22804
49	69	-21.2824	-45.0447	35.5621	-2.2251
49	70	-21.3487	-45.318	35.8195	-2.22192
49	71	-21.4028	-45.5964	36.0739	-2.21844
49	72	-21.4414	-45.8781	36.3221	-2.21461
49	73	-21.4641	-46.1593	36.561	-2.21049
49	74	-21.4743	-46.4373	36.7904	-2.2062
49	75	-21.4758	-46.7121	37.0128	-2.20183
49	76	-21.4709	-46.9854	37.231	-2.19739
49	77	-21.4592	-47.2593	37.4464	-2.19285
49	78	-21.4382	-47.535	37.6586	-2.18813
49	79	-21.4041	-47.8116	37.8649	-2.18316
49	80	-21.3548	-48.0862	38.0618	-2.17796
49	81	-21.2916	-48.3556	38.2476	-2.17258
49	82	-21.2173	-48.6194	38.4235	-2.1671
49	83	-21.1336	-48.8789	38.5918	-2.16153
49	84	-21.0396	-49.1356	38.7532	-2.15583
49	85	-20.9329	-49.389	38.9063	-2.14994
49	86	-20.8122	-49.6365	39.048	-2.14389
49	87	-20.679	-49.8752	39.1772	-2.13773
49	88	-20.5368	-50.1048	39.2953	-2.13154
49	89	-20.388	-50.327	39.405	-2.12534
49	90	-20.2328	-50.5438	39.5084	-2.11911
49	91	-20.0695	-50.7561	39.6053	-2.1128
49	92	-19.896	-50.9628	39.6936	-2.10637
49	93	-19.7131	-51.1624	39.7728	-2.09985
49	94	-19.5176	-51.3473	39.8346	-2.09327
49	95	-19.3154	-51.5202	39.8843	-2.08671
49	96	-19.1087	-51.6837	39.9255	-2.08019
49	97	-18.8975	-51.8401	39.9598	-2.07367
49	98	-18.6793	-51.9892	39.9862	-2.06709
49	99	-18.4518	-52.1281	40.001	-2.06044
49	100	-18.2147	-52.2527	40.0003	-2.05374
49	101	-17.9709	-52.3601	39.9831	-2.04709
49	102	-17.7243	-52.4517	39.9523	-2.04056
49	103	-17.477	-52.5309	39.9117	-2.03413
49	104	-17.2286	-52.6004	39.8637	-2.02778
49	105	-16.9777	-52.6606	39.8078	-2.02145
49	106	-16.7232	-52.7097	39.742	-2.01515
49	107	-16.466	-52.7449	39.664	-2.00891
49	108	-16.2081	-52.7654	39.5738	-2.0028
49	109	-15.952	-52.7725	39.4738	-1.99683
49	110	-15.6979	-52.7689	39.3661	-1.99099
49	111	-15.4449	-52.7558	39.2516	-1.98524
49	112	-15.1919	-52.7323	39.1289	-1.97956
49	113	-14.9387	-52.6956	38.9952	-1.97398
49	114	-14.6872	-52.6429	38.8486	-1.96855
49	115	-14.4407	-52.5737	38.6898	-1.96338
49	116	-14.2017	-52.4904	38.5219	-1.95847
49	117	-13.9705	-52.3962	38.3477	-1.95382
49	118	-13.7769	-52.3039	38.19	-1.95002
49	119	-13.6121	-52.2103	38.0422	-1.9469
49	120	-13.4691	-52.112	37.8984	-1.94435
49	121	-13.348	-52.0056	37.7553	-1.94239
49	122	-13.2379	-51.8955	37.6127	-1.94073
49	123	-13.1372	-51.7766	37.4654	-1.93937
49	124	-13.0511	-51.6463	37.3129	-1.93847
49	125	-12.9869	-51.4881	37.1422	-1.93839
49	126	-12.9404	-51.2942	36.9445	-1.9391
49	127	-12.897	-51.0994	36.7472	-1.93991
49	128	-12.8502	-50.9038	36.548	-1.94064
49	129	-12.8066	-50.7071	36.3488	-1.94148
49	130	-12.7675	-50.5107	36.1515	-1.94244
49	131	-12.7318	-50.314	35.9553	-1.9435
49	132	-12.6984	-50.1161	35.7589	-1.94465
49	133	-12.6641	-49.9169	35.5609	-1.9458
49	134	-12.6336	-49.7151	35.3621	-1.94709
49	135	-12.6088	-49.5115	35.1636	-1.94856
49	136	-12.5899	-49.3076	34.9671	-1.9502
49	137	-12.5759	-49.1048	34.7736	-1.95199
49	138	-12.5651	-48.9038	34.5831	-1.95386
49	139	-12.5559	-48.7044	34.3948	-1.95578
49	140	-12.5458	-48.5057	34.2069	-1.95769
49	141	-12.5347	-48.3067	34.0185	-1.9596
49	142	-12.5254	-48.1062	33.8295	-1.96159
49	143	-12.5193	-47.9042	33.6405	-1.96371
49	144	-12.5178	-47.7014	33.4527	-1.96599
49	145	-12.5212	-47.4992	33.2674	-1.96842
49	146	-12.5289	-47.299	33.0859	-1.97098
