0 1 0 113.351 2.65928 0 1.41211 1.8293 46 0 0 58.3045 0 760000 0 0
1 1 0 105.901 2.98579 0 1.34301 0 33740880 0 0 57.4317 0 760000 0 0
2 1 0 72.0995 2.41125 -1 1.2064 7.15889 34313968 0 0 56.5178 0 760000 0 0
3 1 0 88.1547 3.00995 -1 1.19495 2.44515 15 0 0 55.0099 0 760000 0 0
4 1 0 76.6092 2.29685 -1 1.21468 12.4666 1834135488 0 0 51.9771 0 760000 0 0
5 1 0 105.62 0.496228 0 1.37222 4.86951 5 0 0 48.6328 0 760000 0 0
6 1 0 101.981 2.93766 0 1.21616 17.842 15 0 0 46.0837 0 760000 0 0
7 1 0 86.8376 0.929742 -1 1.34237 11.6436 103 0 0 43.4808 0 760000 0 0
8 1 1 83.4839 1.93907 -1 1.20164 25.4004 220 0 0 41.0367 0 760000 0 0
9 1 1 85.8584 1.10762 -1 1.23873 19.672 35323536 0 0 39.3564 0 760000 0 0
10 2 0 95.4889 1.5012 0 1.27501 9.82803 35323488 0 0 67.5052 0 760000 0 0
11 2 0 98.747 1.2787 0 1.11978 12.5207 15 0 0 65.7526 0 760000 0 0
12 2 0 94.1557 0.588168 0 1.10672 9.63431 103 0 0 64.5639 0 760000 0 0
13 2 0 92.3071 2.22428 0 1.1299 17.6358 220 0 0 59.9917 0 760000 0 0
14 2 0 88.3399 2.87602 0 1.35091 11.1829 9504 0 0 57.2769 0 760000 0 0
15 2 0 72.2057 2.18589 -1 1.13936 22.8111 9556 0 0 52.7567 0 760000 0 0
16 2 0 98.6312 1.02686 0 1.24722 15.572 9618 0 0 50.3494 0 760000 0 0
17 2 1 79.8626 2.02211 -1 1.36239 28.6668 773 0 0 46.0175 0 760000 0 0
18 2 1 76.9253 1.08931 -1 1.47289 23.0181 861 0 0 44.3972 0 760000 0 0
19 3 0 75.3685 1.41275 -1 1.45192 21.6438 663 0 0 77.6335 86.0471 760000 0 0
20 3 0 93.2512 1.52264 0 1.18488 20.2179 553 0 0 77.1658 84.3413 760000 0 0
21 3 0 73.4976 1.34593 -1 1.24271 24.2699 979 0 0 68.9766 82.7805 760000 0 0
22 3 0 94.4533 1.59166 1.5708 1.3453 19.9574 739 0 0 66.8109 77.586 760000 0 0
23 3 0 72.4869 2.16876 -1 1.14646 28.1401 35 0 0 59.6328 75.288 760000 0 0
24 3 0 88.3046 1.30273 1.5708 1.35206 22.5158 123 0 0 57.4806 69.6824 760000 0 0
25 3 1 77.5007 2.10664 -1 1.21561 33.1506 240 0 0 51.4634 66.8417 760000 0 0
26 3 1 73.5102 0.897227 -1 1.41316 27.0884 356 0 0 49.6818 62.2106 760000 0 0
27 4 0 91.8588 1.47023 1.5708 1.40331 31.7336 465 0 0 74.8032 102.659 760000 0 0
28 4 0 67.6904 1.39892 -1 1.56919 33.2842 4453 0 0 70.6505 97.2344 760000 0 0
29 4 0 92.6287 1.54859 0 1.32952 31.0816 1310 0 0 70.1622 92.2188 760000 0 0
30 4 0 85.0298 1.35997 1.5708 1.4347 35.6565 3814 0 0 62.7807 86.0893 760000 0 0
31 4 0 85.7832 1.6017 1.5708 1.35519 31.7599 825 0 0 61.3757 79.9178 760000 0 0
32 4 1 58.8917 2.38579 -1 1.20645 38.1779 535 0 0 54.9359 74.7535 760000 0 0
33 4 1 79.4458 0.578863 -1 1.25601 33.4522 694 0 0 53.4462 69.8606 760000 0 0
34 5 0 84.1765 1.41843 1.5708 1.44005 43.0552 1476 0 0 62.829 97.6174 760000 0 0
35 5 0 65.3438 1.46778 -1 1.56649 42.482 2150 0 0 61.9196 93.6338 760000 0 0
36 5 0 67.5055 1.43545 -1 1.35633 44.8776 1786 0 0 59.0521 88.6153 760000 0 0
37 5 0 85.421 1.46549 1.5708 1.58423 42.2999 4182 0 0 58.4741 84.1911 760000 0 0
38 5 1 80.6403 2.62553 -1 1.10813 46.0301 3960 0 0 53.7438 77.5648 760000 0 0
39 5 1 75.5354 0.362759 -1 1.16926 42.2565 2987 0 0 52.8109 73.2635 760000 0 0
40 6 0 57.5885 1.51609 -1 1.42056 52.5018 2365 0 0 53.7912 82.9153 760000 0 0
41 6 0 93.1546 1.47012 1.5708 1.3058 54.9835 1280 0 0 51.8479 79.8105 760000 0 0
42 6 0 96.436 1.43295 1.5708 1.37153 53.8213 1149 0 0 51.1625 77.2364 760000 0 0
43 6 1 83.7517 2.75868 -1 1.14651 54.7129 1135 0 0 49.9952 75.1531 760000 0 0
44 6 1 83.5476 0.128097 -1 1.10626 51.6814 3384 0 0 48.8457 71.1085 760000 0 0
45 7 0 106.832 1.50699 -1 1.39963 64.3735 3161 0 0 44.626 68.3396 760000 0 0
46 7 0 88.5299 1.62387 1.5708 1.44739 66.2907 833 0 0 43.5253 66.6414 760000 0 0
47 7 0 96.877 1.33238 1.5708 1.15073 64.7901 2634 0 0 42.9688 64.8614 760000 0 0
48 7 1 81.1361 1.62784 -1 1.11649 64.085 2737 0 0 43.8358 66.4548 760000 0 0
49 7 1 62.703 1.32536 -1 1.1756 60.9628 3494 0 0 43.0084 63.5643 760000 0 0
