# CellID	NodeIndex	X	Y	R	Theta
8	0	54.4386	-11.8036	51.6635	0.0362707
8	1	54.6315	-11.6247	51.8631	0.0395832
8	2	54.8136	-11.4337	52.0529	0.0431126
8	3	54.983	-11.2321	52.2312	0.0468274
8	4	55.1395	-11.0227	52.3978	0.050681
8	5	55.2847	-10.8068	52.5541	0.0546434
8	6	55.4199	-10.5845	52.7017	0.0587143
8	7	55.5452	-10.3549	52.8407	0.0629141
8	8	55.6592	-10.1168	52.9699	0.0672636
8	9	55.7597	-9.87087	53.0873	0.0717592
8	10	55.8455	-9.619	53.1915	0.0763666
8	11	55.9174	-9.36354	53.2832	0.0810442
8	12	55.977	-9.10555	53.3642	0.0857722
8	13	56.026	-8.84461	53.4359	0.0905591
8	14	56.0639	-8.5796	53.4983	0.0954284
8	15	56.089	-8.30996	53.5496	0.100396
8	16	56.0992	-8.03675	53.5879	0.10545
8	17	56.0939	-7.76231	53.6122	0.110551
8	18	56.0746	-7.48853	53.6239	0.115665
8	19	56.0435	-7.21551	53.6252	0.120789
8	20	56.0012	-6.94205	53.6169	0.125947
8	21	55.9464	-6.66697	53.5978	0.131167
8	22	55.8761	-6.3907	53.565	0.136452
8	23	55.7881	-6.11608	53.5159	0.14176
8	24	55.6834	-5.84653	53.4511	0.147029
8	25	55.5655	-5.58311	53.3737	0.152235
8	26	55.4368	-5.32428	53.2865	0.157402
8	27	55.2975	-5.06818	53.1898	0.162568
8	28	55.1454	-4.81458	53.0814	0.167747
8	29	54.9787	-4.56561	52.9593	0.172907
8	30	54.7981	-4.32424	52.8237	0.177997
8	31	54.6067	-4.09118	52.6772	0.182995
8	32	54.4063	-3.86464	52.522	0.18793
8	33	54.1966	-3.64285	52.358	0.19284
8	34	53.975	-3.42624	52.1827	0.197728
8	35	53.7405	-3.21765	51.9943	0.202547
8	36	53.4948	-3.01972	51.7941	0.207245
8	37	53.2412	-2.8318	51.5851	0.211822
8	38	52.98	-2.65145	51.3682	0.216323
8	39	52.709	-2.47808	51.1413	0.220771
8	40	52.4259	-2.3146	50.9012	0.225123
8	41	52.132	-2.16532	50.6485	0.229292
8	42	51.8337	-2.03253	50.3887	0.233203
8	43	51.573	-1.93414	50.158	0.236313
8	44	51.3397	-1.86098	49.9484	0.23883
8	45	51.1238	-1.80888	49.7511	0.240874
8	46	50.9179	-1.77151	49.5601	0.242598
8	47	50.7148	-1.75822	49.3662	0.243848
8	48	50.5282	-1.77742	49.1805	0.244385
8	49	50.3481	-1.83454	48.9919	0.244143
8	50	50.1676	-1.89895	48.8012	0.243757
8	51	49.9887	-1.97303	48.6097	0.243166
8	52	49.8099	-2.05051	48.4175	0.242502
8	53	49.6331	-2.13402	48.2259	0.241701
8	54	49.4576	-2.22122	48.0346	0.240813
8	55	49.285	-2.31479	47.8447	0.239774
8	56	49.1134	-2.41068	47.6553	0.238675
8	57	48.9468	-2.51485	47.4688	0.237372
8	58	48.7824	-2.62069	47.2842	0.236014
8	59	48.6201	-2.7357	47.0995	0.234446
8	60	48.4581	-2.85412	46.9145	0.232793
8	61	48.301	-2.97883	46.733	0.230972
8	62	48.149	-3.10671	46.5558	0.229045
8	63	48.0026	-3.23624	46.3839	0.227042
8	64	47.8576	-3.3692	46.2129	0.224945
8	65	47.7122	-3.50334	46.0413	0.222809
8	66	47.5698	-3.64206	45.8719	0.220546
8	67	47.4291	-3.78345	45.7037	0.218201
8	68	47.2947	-3.93055	45.5408	0.215686
8	69	47.1608	-4.0824	45.3777	0.213049
8	70	47.0323	-4.24042	45.2188	0.210234
8	71	46.9078	-4.40064	45.0639	0.207333
8	72	46.7879	-4.5648	44.913	0.204306
8	73	46.6694	-4.72962	44.7637	0.201238
8	74	46.558	-4.89864	44.621	0.198026
8	75	46.4482	-5.06808	44.4803	0.194776
8	76	46.3528	-5.24459	44.3528	0.191288
8	77	46.2644	-5.42217	44.2324	0.187727
8	78	46.1993	-5.61013	44.1338	0.183818
8	79	46.1382	-5.80225	44.039	0.179783
8	80	46.1065	-6.00621	43.9717	0.175348
8	81	46.0825	-6.19743	43.9151	0.171156
8	82	46.0942	-6.37964	43.896	0.16702
8	83	46.1099	-6.55413	43.8828	0.16304
8	84	46.1484	-6.72143	43.894	0.159136
8	85	46.186	-6.88922	43.9049	0.155227
8	86	46.2301	-7.05779	43.9227	0.15128
8	87	46.2797	-7.22764	43.9465	0.147289
8	88	46.3321	-7.4005	43.9733	0.143226
8	89	46.3927	-7.57525	44.0088	0.139099
8	90	46.456	-7.75389	44.047	0.134884
8	91	46.5265	-7.9341	44.0931	0.130618
8	92	46.5992	-8.11673	44.1417	0.126302
8	93	46.6757	-8.29973	44.1951	0.121976
8	94	46.7525	-8.48362	44.2492	0.11764
8	95	46.8316	-8.66698	44.3068	0.11332
8	96	46.9103	-8.85126	44.3645	0.108993
8	97	46.9911	-9.03536	44.4252	0.104675
8	98	47.0732	-9.21942	44.4881	0.100368
8	99	47.1563	-9.40277	44.5528	0.0960864
8	100	47.2406	-9.58372	44.6198	0.0918685
8	101	47.3256	-9.76069	44.6885	0.0877505
8	102	47.4104	-9.93951	44.7576	0.0836048
8	103	47.4985	-10.1179	44.831	0.079475
8	104	47.5864	-10.2978	44.9046	0.0753254
8	105	47.6739	-10.48	44.9786	0.0711402
8	106	47.7652	-10.6631	45.057	0.066943
8	107	47.8575	-10.8486	45.1371	0.0627056
8	108	47.9513	-11.0357	45.2194	0.0584464
8	109	48.0468	-11.2226	45.3043	0.0542051
8	110	48.1435	-11.4075	45.3913	0.0500227
8	111	48.2407	-11.5919	45.4794	0.0458657
8	112	48.3382	-11.777	45.5688	0.0417087
8	113	48.4369	-11.9627	45.66	0.0375549
8	114	48.5363	-12.1495	45.7528	0.0333955
8	115	48.6389	-12.3371	45.8494	0.0292302
8	116	48.752	-12.5173	45.9576	0.0252387
8	117	48.8884	-12.6538	46.0907	0.0222035
8	118	49.0543	-12.7571	46.2544	0.0198905
8	119	49.2362	-12.8406	46.4347	0.0180161
8	120	49.4327	-12.9131	46.6299	0.0163848
8	121	49.65	-12.974	46.8462	0.0150097
8	122	49.8933	-13.0242	47.0888	0.0138655
8	123	50.1725	-13.0644	47.3674	0.0129352
8	124	50.4507	-13.0941	47.6452	0.0122373
8	125	50.7289	-13.1135	47.9232	0.0117604
8	126	51.0081	-13.1207	48.2023	0.0115437
8	127	51.2876	-13.1125	48.4818	0.0116458
8	128	51.5646	-13.0875	48.7591	0.012093
8	129	51.8363	-13.0469	49.0313	0.0128537
8	130	52.1021	-12.9935	49.2978	0.0138675
8	131	52.3629	-12.9291	49.5595	0.0150932
8	132	52.62	-12.8536	49.8178	0.0165301
8	133	52.8736	-12.7654	50.0728	0.0182094
8	134	53.1219	-12.6625	50.3231	0.0201633
8	135	53.3625	-12.5451	50.5661	0.0223889
8	136	53.5936	-12.4152	50.8003	0.0248425
8	137	53.8156	-12.2755	51.0258	0.0274712
8	138	54.0298	-12.1274	51.2442	0.0302454
8	139	54.2374	-11.9707	51.4567	0.0331688
9	0	-40.4584	-0.118693	45.3421	2.83792
9	1	-40.5784	0.0358659	45.5029	2.83547
9	2	-40.7002	0.189521	45.6655	2.83306
9	3	-40.8242	0.339759	45.8294	2.83076
9	4	-40.9506	0.486412	45.9947	2.82857
9	5	-41.0779	0.629199	46.1599	2.82647
9	6	-41.2044	0.768587	46.3234	2.82446
9	7	-41.3295	0.904293	46.4848	2.82253
9	8	-41.4564	1.0396	46.6477	2.82062
9	9	-41.5859	1.17216	46.8125	2.81881
9	10	-41.7148	1.30323	46.9764	2.81703
9	11	-41.8438	1.42959	47.1391	2.81537
9	12	-41.9755	1.55326	47.3035	2.81378
9	13	-42.1082	1.67235	47.4675	2.81231
9	14	-42.24	1.78602	47.629	2.81094
9	15	-42.3695	1.89376	47.7866	2.80969
9	16	-42.5002	1.99805	47.9441	2.80852
9	17	-42.6326	2.09593	48.1013	2.8075
9	18	-42.7624	2.19179	48.2554	2.8065
9	19	-42.893	2.28054	48.4079	2.80566
9	20	-43.0239	2.36429	48.5591	2.80492
9	21	-43.1493	2.45347	48.707	2.80404
9	22	-43.2898	2.50654	48.8571	2.80397
9	23	-43.4479	2.54887	49.0203	2.80422
9	24	-43.627	2.54607	49.1883	2.80548
9	25	-43.8162	2.54406	49.3664	2.80679
9	26	-44.0222	2.52084	49.5534	2.80859
9	27	-44.2536	2.48889	49.7618	2.81072
9	28	-44.5191	2.43763	49.9963	2.81342
9	29	-44.8306	2.36576	50.2684	2.81677
9	30	-45.1417	2.28128	50.5366	2.82032
9	31	-45.4511	2.18117	50.7989	2.82411
9	32	-45.7545	2.06458	51.0511	2.82813
9	33	-46.0475	1.93632	51.2907	2.83227
9	34	-46.3317	1.79986	51.5204	2.83648
9	35	-46.6097	1.65532	51.7426	2.84075
9	36	-46.8818	1.50023	51.957	2.84516
9	37	-47.1452	1.33275	52.1606	2.8497
9	38	-47.3972	1.15444	52.3512	2.85435
9	39	-47.6378	0.968435	52.5297	2.85904
9	40	-47.8689	0.776043	52.6987	2.86377
9	41	-48.0917	0.5762	52.8587	2.86856
9	42	-48.305	0.367345	53.0084	2.87344
9	43	-48.5062	0.14984	53.1455	2.87839
9	44	-48.6945	-0.0740093	53.2697	2.88337
9	45	-48.8712	-0.3024	53.3829	2.88835
9	46	-49.0378	-0.535471	53.4864	2.89335
9	47	-49.1939	-0.774607	53.5797	2.89839
9	48	-49.3378	-1.02053	53.6608	2.90349
9	49	-49.4672	-1.27188	53.728	2.9086
9	50	-49.5823	-1.52612	53.7819	2.91369
9	51	-49.6846	-1.78174	53.8246	2.91875
9	52	-49.7759	-2.03898	53.8574	2.92378
9	53	-49.8561	-2.299	53.8802	2.92882
9	54	-49.9234	-2.56246	53.8911	2.93386
9	55	-49.976	-2.82835	53.8883	2.93889
9	56	-50.0132	-3.09439	53.8719	2.94386
9	57	-50.0365	-3.35882	53.8435	2.94877
9	58	-50.0478	-3.62144	53.8049	2.9536
9	59	-50.0477	-3.88312	53.7564	2.95838
9	60	-50.0351	-4.14463	53.697	2.96312
9	61	-50.0081	-4.40552	53.6247	2.96782
9	62	-49.9654	-4.66381	53.5386	2.97244
9	63	-49.9077	-4.91714	53.4396	2.97693
9	64	-49.837	-5.16443	53.3299	2.98128
9	65	-49.7555	-5.40609	53.2113	2.98552
9	66	-49.6637	-5.6432	53.0842	2.98967
9	67	-49.5609	-5.87634	52.9477	2.99372
9	68	-49.4456	-6.10491	52.8005	2.99768
9	69	-49.3171	-6.32712	52.6418	3.00151
9	70	-49.1759	-6.541	52.4725	3.00517
9	71	-49.024	-6.74573	52.2944	3.00866
9	72	-48.8628	-6.9418	52.1089	3.01198
9	73	-48.6927	-7.13019	51.9162	3.01515
9	74	-48.5132	-7.31123	51.7156	3.01819
9	75	-48.3231	-7.48403	51.5059	3.02106
9	76	-48.1223	-7.64678	51.2871	3.02374
9	77	-47.9119	-7.79786	51.0605	3.02619
9	78	-47.6938	-7.93703	50.828	3.02842
9	79	-47.4696	-8.06531	50.5908	3.03044
9	80	-47.2391	-8.18381	50.3487	3.03227
9	81	-47.0017	-8.29265	50.101	3.03391
9	82	-46.7567	-8.39063	49.8468	3.03534
9	83	-46.5043	-8.47594	49.5869	3.03651
9	84	-46.2466	-8.54763	49.3231	3.03741
9	85	-45.9853	-8.60645	49.0571	3.03805
9	86	-45.721	-8.65392	48.7893	3.03845
9	87	-45.4529	-8.69073	48.5188	3.03864
9	88	-45.1797	-8.71569	48.2445	3.03857
9	89	-44.9014	-8.72601	47.9666	3.03819
9	90	-44.6203	-8.71939	47.6877	3.03744
9	91	-44.3399	-8.69595	47.4113	3.03634
9	92	-44.0624	-8.65852	47.1394	3.03493
9	93	-43.8248	-8.61275	46.908	3.03342
9	94	-43.6184	-8.5592	46.7087	3.0318
9	95	-43.4345	-8.50417	46.532	3.03019
9	96	-43.2641	-8.44854	46.3689	3.02859
9	97	-43.1119	-8.36833	46.2268	3.0265
9	98	-42.985	-8.27101	46.1121	3.02408
9	99	-42.8885	-8.12734	46.0333	3.02074
9	100	-42.7784	-7.98878	45.9409	3.01746
9	101	-42.6726	-7.84089	45.8546	3.01397
9	102	-42.573	-7.68533	45.7758	3.01032
9	103	-42.4723	-7.52726	45.697	3.0066
9	104	-42.3739	-7.36502	45.6217	3.00279
9	105	-42.2767	-7.20278	45.5482	2.99897
9	106	-42.1817	-7.03989	45.4776	2.99513
9	107	-42.0872	-6.87712	45.4083	2.99128
9	108	-41.9921	-6.71512	45.3388	2.98743
9	109	-41.8978	-6.55327	45.2709	2.98358
9	110	-41.8073	-6.39075	45.2074	2.97971
9	111	-41.7189	-6.22991	45.1464	2.97588
9	112	-41.633	-6.06911	45.0885	2.97205
9	113	-41.5457	-5.90734	45.0302	2.96818
9	114	-41.4564	-5.74561	44.9704	2.96429
9	115	-41.372	-5.5805	44.9168	2.96034
9	116	-41.2856	-5.41603	44.8618	2.95639
9	117	-41.197	-5.25253	44.8052	2.95244
9	118	-41.1126	-5.08748	44.7537	2.94846
9	119	-41.0304	-4.92331	44.7049	2.94451
9	120	-40.9518	-4.76097	44.6599	2.9406
9	121	-40.8705	-4.59826	44.6131	2.93666
9	122	-40.7896	-4.43454	44.5675	2.93269
9	123	-40.7115	-4.26885	44.5259	2.92869
9	124	-40.6346	-4.10207	44.4863	2.92466
9	125	-40.5572	-3.93546	44.4469	2.92062
9	126	-40.4824	-3.76845	44.4109	2.91659
9	127	-40.4067	-3.59873	44.3754	2.91248
9	128	-40.3312	-3.42738	44.3412	2.90833
9	129	-40.2568	-3.25551	44.3089	2.90416
9	130	-40.1847	-3.08352	44.2797	2.90001
9	131	-40.1142	-2.91233	44.2525	2.89587
9	132	-40.0464	-2.74005	44.229	2.89172
9	133	-39.9804	-2.56592	44.2086	2.88753
9	134	-39.9195	-2.38934	44.1943	2.88332
9	135	-39.8587	-2.21225	44.1812	2.87909
9	136	-39.8186	-2.02995	44.1902	2.87487
9	137	-39.7877	-1.84913	44.2084	2.87074
9	138	-39.7927	-1.66433	44.263	2.86675
9	139	-39.8069	-1.47715	44.3278	2.86277
9	140	-39.8411	-1.28462	44.4141	2.85882
9	141	-39.89	-1.10235	44.5122	2.85519
9	142	-39.9505	-0.92741	44.6198	2.85181
9	143	-40.0255	-0.758307	44.7403	2.84867
9	144	-40.1217	-0.59507	44.8797	2.84581
9	145	-40.2307	-0.435225	45.0308	2.84312
9	146	-40.342	-0.275732	45.1842	2.84047
17	0	48.0637	-13.463	45.2552	0.00473075
17	1	48.0937	-13.2771	45.2864	0.00883308
17	2	48.1329	-13.1009	45.3275	0.0127127
17	3	48.1214	-12.9319	45.3185	0.0164449
17	4	48.0588	-12.7566	45.2591	0.0203407
17	5	48.0062	-12.5714	45.2107	0.0244588
17	6	47.9404	-12.383	45.1499	0.028667
17	7	47.8669	-12.1936	45.0823	0.0329132
17	8	47.7885	-12.0028	45.0106	0.0372064
17	9	47.7073	-11.8103	44.9371	0.0415543
17	10	47.624	-11.6187	44.8622	0.0458988
17	11	47.5393	-11.4269	44.7868	0.0502646
17	12	47.4525	-11.2338	44.7103	0.0546754
17	13	47.3653	-11.0377	44.6344	0.0591695
17	14	47.2756	-10.8391	44.5571	0.0637374
17	15	47.182	-10.6393	44.4768	0.0683549
17	16	47.0877	-10.4405	44.3968	0.0729669
17	17	46.9949	-10.2411	44.3192	0.0776053
17	18	46.8997	-10.045	44.24	0.0821936
17	19	46.8071	-9.84802	44.1643	0.0868099
17	20	46.7179	-9.64849	44.0933	0.0914933
17	21	46.622	-9.45098	44.0163	0.096161
17	22	46.5281	-9.25226	43.9424	0.100867
17	23	46.4365	-9.05296	43.8718	0.105597
17	24	46.3389	-8.85722	43.7959	0.110277
17	25	46.244	-8.66022	43.7237	0.114994
17	26	46.1496	-8.46129	43.6533	0.119769
17	27	46.0508	-8.26167	43.5795	0.124588
17	28	45.9498	-8.06016	43.5049	0.129472
17	29	45.8465	-7.85809	43.429	0.134393
17	30	45.7413	-7.65718	43.3523	0.139311
17	31	45.6339	-7.45893	43.274	0.144192
17	32	45.5227	-7.26609	43.1921	0.148981
17	33	45.4047	-7.08019	43.1034	0.153652
17	34	45.2741	-6.90909	43.0011	0.158049
17	35	45.1272	-6.75126	42.8812	0.162223
17	36	44.9651	-6.6037	42.7454	0.166242
17	37	44.7845	-6.46741	42.5902	0.1701
17	38	44.6004	-6.3543	42.4281	0.173462
17	39	44.4115	-6.2631	42.258	0.176359
17	40	44.2183	-6.19077	42.0805	0.178857
17	41	44.0216	-6.13006	41.8979	0.181118
17	42	43.8227	-6.0772	41.7118	0.183224
17	43	43.621	-6.03022	41.5222	0.185221
17	44	43.4161	-5.9884	41.3285	0.187129
17	45	43.2075	-5.95206	41.1304	0.18894
17	46	42.9955	-5.92289	40.9277	0.190613
17	47	42.7814	-5.90162	40.7215	0.192122
17	48	42.5667	-5.88876	40.5134	0.193446
17	49	42.3528	-5.883	40.3045	0.194606
17	50	42.1401	-5.88271	40.0959	0.195639
17	51	41.9278	-5.88716	39.8869	0.196564
17	52	41.7155	-5.89884	39.6764	0.197321
17	53	41.5032	-5.92041	39.464	0.197839
17	54	41.2949	-5.9588	39.2521	0.197924
17	55	41.0897	-6.0146	39.04	0.197556
17	56	40.8875	-6.08977	38.827	0.19668
17	57	40.6882	-6.18471	38.613	0.195277
17	58	40.5104	-6.29413	38.4174	0.193381
17	59	40.353	-6.41227	38.2404	0.19114
17	60	40.21	-6.54284	38.0753	0.188486
17	61	40.0705	-6.67615	37.9134	0.185722
17	62	39.9387	-6.81855	37.7578	0.18266
17	63	39.8058	-6.96282	37.601	0.179529
17	64	39.6797	-7.11614	37.4499	0.176102
17	65	39.5547	-7.27201	37.2997	0.172575
17	66	39.4354	-7.43608	37.1543	0.168776
17	67	39.3176	-7.60285	37.0104	0.164869
17	68	39.2058	-7.77368	36.8724	0.160796
17	69	39.0964	-7.94488	36.7373	0.156673
17	70	38.9874	-8.12027	36.6026	0.152405
17	71	38.8776	-8.29919	36.4672	0.148012
17	72	38.7702	-8.48311	36.3343	0.143442
17	73	38.667	-8.6714	36.2057	0.138702
17	74	38.5675	-8.86446	36.0808	0.133784
17	75	38.4731	-9.06046	35.9616	0.128732
17	76	38.3855	-9.25823	35.8499	0.123575
17	77	38.3051	-9.45676	35.746	0.118341
17	78	38.2355	-9.65701	35.6539	0.112994
17	79	38.1817	-9.85995	35.578	0.107497
17	80	38.1455	-10.0688	35.5202	0.101761
17	81	38.1263	-10.285	35.4798	0.0957518
17	82	38.1272	-10.5126	35.4596	0.0893622
17	83	38.1494	-10.7337	35.4627	0.0830964
17	84	38.198	-10.9478	35.4941	0.0769693
17	85	38.2707	-11.1586	35.551	0.0709016
17	86	38.3554	-11.3661	35.6214	0.0649219
17	87	38.4465	-11.5715	35.6996	0.0590146
17	88	38.5406	-11.7765	35.782	0.0531418
17	89	38.6357	-11.9819	35.8668	0.0472806
17	90	38.7314	-12.1875	35.9532	0.0414449
17	91	38.8295	-12.3925	36.0433	0.0356472
17	92	38.9292	-12.5959	36.1364	0.0299248
17	93	39.0281	-12.7982	36.2297	0.0242629
17	94	39.1272	-12.9995	36.3245	0.0186566
17	95	39.229	-13.2	36.4231	0.0130982
17	96	39.3321	-13.4016	36.5241	0.0075439
17	97	39.4354	-13.6045	36.6264	0.00198159
17	98	39.5425	-13.8058	36.7337	-0.00350443
17	99	39.6489	-14.0073	36.8413	-0.0089634
17	100	39.751	-14.2084	36.9458	-0.01438
17	101	39.8586	-14.4057	37.0567	-0.0196616
17	102	39.9632	-14.6018	37.1657	-0.0248843
17	103	40.0671	-14.7967	37.2749	-0.0300412
17	104	40.1734	-14.9882	37.3873	-0.035074
17	105	40.2789	-15.1768	37.4998	-0.0400024
17	106	40.3833	-15.3619	37.612	-0.0448087
17	107	40.4869	-15.5436	37.724	-0.0494971
17	108	40.5912	-15.7221	37.8374	-0.0540725
17	109	40.6933	-15.8978	37.9493	-0.0585497
17	110	40.797	-16.0699	38.0633	-0.062906
17	111	40.9034	-16.2389	38.1804	-0.067147
17	112	41.0223	-16.3966	38.3099	-0.0710468
17	113	41.1678	-16.5184	38.4639	-0.0739371
17	114	41.3599	-16.6064	38.662	-0.0758384
17	115	41.5714	-16.6748	38.8781	-0.0771806
17	116	41.8053	-16.731	39.1156	-0.0781537
17	117	42.0688	-16.7797	39.3822	-0.0788633
17	118	42.3731	-16.8224	39.6889	-0.0793328
17	119	42.6779	-16.8536	39.9952	-0.0795053
17	120	42.9844	-16.8704	40.3021	-0.0793181
17	121	43.2914	-16.8695	40.608	-0.0786958
17	122	43.5952	-16.8501	40.9094	-0.0776384
17	123	43.8937	-16.8148	41.2043	-0.0762234
17	124	44.1879	-16.7661	41.4939	-0.0745134
17	125	44.4793	-16.7034	41.78	-0.0724984
17	126	44.7677	-16.6239	42.062	-0.0701166
17	127	45.0498	-16.5257	42.3367	-0.0673361
17	128	45.3223	-16.4108	42.6011	-0.064214
17	129	45.5847	-16.283	42.8549	-0.0608443
17	130	45.8389	-16.1444	43.1006	-0.0572766
17	131	46.0868	-15.9944	43.3398	-0.0534945
17	132	46.3278	-15.8306	43.572	-0.0494451
17	133	46.5589	-15.6516	43.7944	-0.0450999
17	134	46.7772	-15.4587	44.0042	-0.0404981
17	135	46.9823	-15.2552	44.2014	-0.0357092
17	136	47.1758	-15.0425	44.3878	-0.0307662
17	137	47.3591	-14.8201	44.5647	-0.0256505
17	138	47.531	-14.5863	44.7312	-0.0203277
17	139	47.6888	-14.3415	44.8847	-0.0148025
17	140	47.8303	-14.0881	45.0231	-0.00912932
17	141	47.9355	-13.8622	45.1269	-0.00410193
17	142	48.0117	-13.6563	45.2026	0.00046045
18	0	-32.7384	-3.61233	36.9448	2.86568
18	1	-32.8529	-3.44537	37.1007	2.86219
18	2	-32.9715	-3.27934	37.2608	2.85878
18	3	-33.0982	-3.11444	37.4286	2.8555
18	4	-33.2287	-2.94958	37.6005	2.85227
18	5	-33.3644	-2.788	37.7769	2.8492
18	6	-33.503	-2.62872	37.9557	2.84623
18	7	-33.6458	-2.47314	38.1377	2.84342
18	8	-33.7923	-2.32056	38.3227	2.84073
18	9	-33.9437	-2.16998	38.5121	2.83817
18	10	-34.1008	-2.02317	38.7059	2.83576
18	11	-34.2655	-1.88473	38.9048	2.83364
18	12	-34.4375	-1.76204	39.106	2.83198
18	13	-34.6185	-1.65551	39.3108	2.8308
18	14	-34.8079	-1.56288	39.5195	2.83004
18	15	-35.0091	-1.48542	39.7347	2.82974
18	16	-35.2166	-1.42462	39.9509	2.82988
18	17	-35.4232	-1.38027	40.1611	2.83041
18	18	-35.6318	-1.35173	40.3685	2.83132
18	19	-35.8443	-1.3383	40.5749	2.8326
18	20	-36.0597	-1.33687	40.7807	2.83417
18	21	-36.2765	-1.34522	40.9848	2.83597
18	22	-36.4926	-1.36151	41.1861	2.83792
18	23	-36.706	-1.38466	41.3829	2.84
18	24	-36.9167	-1.41283	41.5758	2.84215
18	25	-37.1255	-1.44478	41.766	2.84436
18	26	-37.3334	-1.48084	41.9543	2.84663
18	27	-37.5403	-1.52209	42.1404	2.84899
18	28	-37.7458	-1.5715	42.323	2.85151
18	29	-37.9485	-1.63088	42.5005	2.85422
18	30	-38.1457	-1.70682	42.6683	2.85723
18	31	-38.3383	-1.79745	42.8279	2.86053
18	32	-38.5256	-1.90833	42.9774	2.86421
18	33	-38.6923	-2.02258	43.1067	2.86782
18	34	-38.8328	-2.15069	43.2076	2.87155
18	35	-38.9596	-2.28234	43.295	2.87527
18	36	-39.0689	-2.42714	43.3627	2.87915
18	37	-39.1802	-2.57325	43.4327	2.88307
18	38	-39.2835	-2.72857	43.4932	2.88713
18	39	-39.3879	-2.88769	43.5545	2.89126
18	40	-39.4876	-3.05555	43.6099	2.89556
18	41	-39.5856	-3.22759	43.6635	2.89993
18	42	-39.6826	-3.40336	43.716	2.90436
18	43	-39.7785	-3.58051	43.7681	2.90881
18	44	-39.8729	-3.76086	43.8188	2.91331
18	45	-39.9678	-3.94226	43.8706	2.91783
18	46	-40.0637	-4.12602	43.9238	2.92239
18	47	-40.1605	-4.3131	43.9781	2.92703
18	48	-40.2537	-4.50231	44.0292	2.93167
18	49	-40.35	-4.6901	44.0848	2.9363
18	50	-40.4477	-4.87492	44.1432	2.94085
18	51	-40.5416	-5.06045	44.1987	2.94538
18	52	-40.6357	-5.24576	44.2553	2.9499
18	53	-40.727	-5.43364	44.3096	2.95446
18	54	-40.8241	-5.62074	44.3706	2.95901
18	55	-40.9248	-5.80481	44.4367	2.9635
18	56	-41.021	-5.99037	44.499	2.96798
18	57	-41.1173	-6.17494	44.5624	2.97244
18	58	-41.208	-6.35919	44.6212	2.97685
18	59	-41.3022	-6.53939	44.685	2.98117
18	60	-41.3994	-6.7177	44.7529	2.98545
18	61	-41.4941	-6.8978	44.8189	2.98975
18	62	-41.5897	-7.07777	44.8865	2.99404
18	63	-41.6839	-7.25775	44.9536	2.9983
18	64	-41.7742	-7.43776	45.0177	3.00255
18	65	-41.8637	-7.61811	45.0817	3.00678
18	66	-41.9562	-7.79828	45.1496	3.01101
18	67	-42.0482	-7.98038	45.2175	3.01527
18	68	-42.1396	-8.16467	45.2854	3.01956
18	69	-42.2257	-8.35194	45.3484	3.02389
18	70	-42.2844	-8.53845	45.3853	3.02813
18	71	-42.3041	-8.72037	45.3847	3.03216
18	72	-42.2802	-8.90545	45.341	3.03616
18	73	-42.2414	-9.09237	45.2831	3.04017
18	74	-42.1788	-9.28256	45.2019	3.04422
18	75	-42.0975	-9.48233	45.102	3.04845
18	76	-41.988	-9.69617	44.9736	3.05296
18	77	-41.848	-9.93319	44.8137	3.05795
18	78	-41.6973	-10.164	44.6447	3.06282
18	79	-41.535	-10.3893	44.4657	3.06759
18	80	-41.3583	-10.6072	44.2739	3.0722
18	81	-41.1662	-10.8141	44.0683	3.07658
18	82	-40.9606	-11.0068	43.8511	3.08066
18	83	-40.7454	-11.1855	43.6256	3.08445
18	84	-40.5225	-11.3523	43.3938	3.08799
18	85	-40.2915	-11.5091	43.1551	3.09133
18	86	-40.0508	-11.6557	42.9075	3.09446
18	87	-39.7995	-11.7895	42.6504	3.09732
18	88	-39.5392	-11.908	42.3852	3.09984
18	89	-39.2727	-12.0112	42.1147	3.10203
18	90	-39.0018	-12.101	41.8405	3.10391
18	91	-38.7256	-12.1791	41.5616	3.10554
18	92	-38.4424	-12.2446	41.2763	3.10688
18	93	-38.1519	-12.2946	40.9843	3.10785
18	94	-37.8566	-12.3266	40.6881	3.10839
18	95	-37.5599	-12.3413	40.391	3.10852
18	96	-37.2628	-12.3418	40.0941	3.10828
18	97	-36.9641	-12.3296	39.796	3.10773
18	98	-36.6627	-12.3041	39.4956	3.10682
18	99	-36.3599	-12.2628	39.1944	3.1055
18	100	-36.0997	-12.2125	38.9363	3.10397
18	101	-35.8741	-12.1496	38.7133	3.10212
18	102	-35.6721	-12.0861	38.514	3.10027
18	103	-35.4999	-11.9981	38.3457	3.09779
18	104	-35.3552	-11.9067	38.2053	3.09524
18	105	-35.2506	-11.7769	38.1071	3.09171
18	106	-35.1441	-11.6495	38.0072	3.08822
18	107	-35.0454	-11.5116	37.9163	3.08445
18	108	-34.9461	-11.3698	37.8255	3.08056
18	109	-34.8456	-11.2219	37.7346	3.07648
18	110	-34.7441	-11.0685	37.6436	3.07224
18	111	-34.6437	-10.9097	37.5549	3.06784
18	112	-34.5446	-10.7448	37.4686	3.06325
18	113	-34.4445	-10.5768	37.3824	3.05856
18	114	-34.3451	-10.4054	37.2979	3.05376
18	115	-34.2445	-10.2317	37.2134	3.04887
18	116	-34.1435	-10.0549	37.1296	3.04388
18	117	-34.0415	-9.87518	37.0461	3.03878
18	118	-33.9395	-9.69262	36.9639	3.03359
18	119	-33.8383	-9.50831	36.8837	3.02833
18	120	-33.7385	-9.3241	36.8058	3.02305
18	121	-33.6397	-9.14175	36.7299	3.0178
18	122	-33.5438	-8.96128	36.6575	3.01259
18	123	-33.447	-8.77756	36.5856	3.00727
18	124	-33.351	-8.5894	36.5162	3.00181
18	125	-33.2509	-8.39962	36.4441	2.99627
18	126	-33.147	-8.20896	36.3695	2.99067
18	127	-33.0462	-8.01563	36.2994	2.98499
18	128	-32.9466	-7.8221	36.2318	2.97928
18	129	-32.8482	-7.62878	36.1666	2.97357
18	130	-32.7482	-7.43648	36.1008	2.96785
18	131	-32.6498	-7.24252	36.0379	2.96208
18	132	-32.5514	-7.04432	35.9772	2.95617
18	133	-32.4529	-6.84277	35.9182	2.95015
18	134	-32.3546	-6.64009	35.8608	2.94408
18	135	-32.2611	-6.43692	35.8097	2.938
18	136	-32.1757	-6.23402	35.7677	2.93197
18	137	-32.1092	-6.03313	35.7451	2.92608
18	138	-32.0634	-5.83474	35.7433	2.92039
18	139	-32.0387	-5.63392	35.7639	2.91476
18	140	-32.0278	-5.42907	35.7999	2.90911
18	141	-32.0382	-5.21752	35.8593	2.90344
18	142	-32.0617	-5.01689	35.93	2.89817
18	143	-32.1124	-4.82878	36.025	2.89344
18	144	-32.177	-4.64675	36.1327	2.88899
18	145	-32.259	-4.47116	36.2563	2.88487
18	146	-32.3422	-4.29531	36.3817	2.88077
18	147	-32.4357	-4.12387	36.5165	2.8769
18	148	-32.53	-3.95164	36.6529	2.87304
18	149	-32.633	-3.78253	36.7973	2.86935
25	0	40.118	-17.3418	37.4885	-0.097911
25	1	40.1858	-17.1375	37.5366	-0.0923181
25	2	40.2358	-16.9369	37.5684	-0.0868789
25	3	40.2618	-16.7353	37.5774	-0.0814751
25	4	40.2414	-16.5338	37.5412	-0.0761684
25	5	40.1717	-16.3228	37.4562	-0.0706944
25	6	40.0862	-16.1153	37.3568	-0.0653155
25	7	39.9963	-15.9115	37.2543	-0.0600125
25	8	39.9054	-15.7108	37.152	-0.0547673
25	9	39.8157	-15.5132	37.0522	-0.0495752
25	10	39.7243	-15.3174	36.9517	-0.0444048
25	11	39.6307	-15.1227	36.85	-0.0392395
25	12	39.5358	-14.928	36.748	-0.0340468
25	13	39.4412	-14.733	36.6474	-0.0288162
25	14	39.3453	-14.5397	36.5465	-0.0236054
25	15	39.2506	-14.3485	36.4477	-0.0184207
25	16	39.1561	-14.1605	36.3503	-0.0132993
25	17	39.0612	-13.9762	36.2533	-0.008249
25	18	38.9667	-13.7943	36.1578	-0.00324197
25	19	38.8738	-13.6145	36.0648	0.00173653
25	20	38.7773	-13.4332	35.9691	0.00678093
25	21	38.6779	-13.2518	35.8714	0.0118557
25	22	38.5784	-13.0705	35.7745	0.0169572
25	23	38.4778	-12.8908	35.6774	0.0220406
25	24	38.3748	-12.7137	35.5788	0.0270813
25	25	38.2715	-12.5376	35.4807	0.0321229
25	26	38.1663	-12.3629	35.3817	0.0371514
25	27	38.0594	-12.1902	35.2817	0.0421568
25	28	37.9457	-12.0236	35.1756	0.0470256
25	29	37.8337	-11.8616	35.0717	0.0517878
25	30	37.7177	-11.7086	34.9641	0.0563304
25	31	37.6002	-11.5623	34.8553	0.06071
25	32	37.4816	-11.4208	34.7458	0.0649823
25	33	37.3588	-11.2834	34.6326	0.0691709
25	34	37.2191	-11.1599	34.502	0.0730225
25	35	37.0679	-11.0392	34.3603	0.0768465
25	36	36.896	-10.9329	34.1973	0.0803316
25	37	36.7035	-10.8321	34.0137	0.0837404
25	38	36.506	-10.7523	33.8236	0.08658
25	39	36.3041	-10.6892	33.628	0.0889677
25	40	36.0971	-10.643	33.426	0.0908973
25	41	35.8881	-10.6071	33.2212	0.0925424
25	42	35.6791	-10.5791	33.0158	0.093973
25	43	35.4705	-10.5559	32.8103	0.095273
25	44	35.2616	-10.5375	32.6041	0.0964455
25	45	35.0527	-10.5238	32.3974	0.0974853
25	46	34.8444	-10.5136	32.1912	0.0984322
25	47	34.6365	-10.5111	31.9845	0.0991471
25	48	34.4313	-10.5128	31.7802	0.0997326
25	49	34.2306	-10.5213	31.5797	0.100099
25	50	34.0322	-10.533	31.381	0.10036
25	51	33.837	-10.5526	31.1848	0.10036
25	52	33.6443	-10.5727	30.9911	0.100339
25	53	33.4543	-10.6014	30.7992	0.100028
25	54	33.2641	-10.6303	30.607	0.099711
25	55	33.0763	-10.6743	30.4159	0.0988865
25	56	32.8889	-10.7211	30.2247	0.097957
25	57	32.7083	-10.7916	30.0381	0.0962082
25	58	32.5271	-10.8728	29.8501	0.094085
25	59	32.3529	-10.9798	29.6667	0.0910475
25	60	32.1833	-11.0979	29.4873	0.0875789
25	61	32.0297	-11.2293	29.323	0.0835738
25	62	31.8853	-11.3687	29.1677	0.0792252
25	63	31.7517	-11.5211	29.0228	0.0743537
25	64	31.6229	-11.6806	28.8829	0.0691787
25	65	31.5006	-11.8472	28.7499	0.0636934
25	66	31.3825	-12.0172	28.6216	0.0580264
25	67	31.2698	-12.1909	28.4996	0.0521704
25	68	31.1618	-12.3663	28.3831	0.0461978
25	69	31.0588	-12.5418	28.2726	0.040166
25	70	30.9579	-12.7146	28.1653	0.0341802
25	71	30.8602	-12.8896	28.0622	0.0280659
25	72	30.7637	-13.0645	27.9614	0.0219114
25	73	30.6714	-13.2394	27.8658	0.0157088
25	74	30.5817	-13.4173	27.7738	0.00935376
25	75	30.4979	-13.5969	27.689	0.00289592
25	76	30.4189	-13.7749	27.61	-0.003542
25	77	30.3441	-13.9496	27.5364	-0.009895
25	78	30.2746	-14.1237	27.4692	-0.016257
25	79	30.2074	-14.2976	27.4054	-0.0226419
25	80	30.1483	-14.4727	27.3508	-0.0290933
25	81	30.0948	-14.6476	27.303	-0.0355517
25	82	30.0472	-14.8223	27.2623	-0.042018
25	83	30.0026	-14.9979	27.2256	-0.0485333
25	84	29.9787	-15.1773	27.211	-0.0551595
25	85	29.959	-15.3579	27.2019	-0.0618278
25	86	29.9688	-15.5453	27.224	-0.0686787
25	87	29.9851	-15.7395	27.2542	-0.0757449
25	88	30.024	-15.919	27.3072	-0.0821899
25	89	30.0694	-16.0895	27.3669	-0.088265
25	90	30.1342	-16.2502	27.446	-0.09389
25	91	30.2049	-16.4091	27.5317	-0.0993946
25	92	30.285	-16.567	27.6275	-0.104795
25	93	30.3697	-16.7279	27.7289	-0.110244
25	94	30.4644	-16.8896	27.8413	-0.115643
25	95	30.5636	-17.053	27.9591	-0.121039
25	96	30.6718	-17.2142	28.0863	-0.126271
25	97	30.7818	-17.3768	28.2164	-0.131497
25	98	30.8957	-17.5394	28.351	-0.136657
25	99	31.0108	-17.7044	28.4879	-0.141843
25	100	31.1292	-17.8715	28.6291	-0.147038
25	101	31.2501	-18.0425	28.7741	-0.152302
25	102	31.3741	-18.2137	28.923	-0.157501
25	103	31.5007	-18.3851	29.0753	-0.162639
25	104	31.6274	-18.5543	29.2282	-0.16765
25	105	31.7521	-18.7229	29.3796	-0.1726
25	106	31.8783	-18.8889	29.5327	-0.177404
25	107	32.0026	-19.0559	29.685	-0.182202
25	108	32.1259	-19.2246	29.8372	-0.187015
25	109	32.2532	-19.3915	29.9936	-0.191692
25	110	32.3813	-19.561	30.1519	-0.196402
25	111	32.5108	-19.7312	30.3124	-0.201077
25	112	32.6423	-19.9007	30.4755	-0.205664
25	113	32.7748	-20.0704	30.6402	-0.210201
25	114	32.9073	-20.2416	30.8058	-0.21474
25	115	33.0421	-20.4131	30.9743	-0.219223
25	116	33.1866	-20.5774	31.1514	-0.223361
25	117	33.3467	-20.6975	31.3343	-0.225966
25	118	33.5344	-20.7771	31.535	-0.227094
25	119	33.7344	-20.8358	31.7431	-0.227475
25	120	33.9478	-20.8784	31.9606	-0.227271
25	121	34.1802	-20.9063	32.1933	-0.226487
25	122	34.4398	-20.9186	32.4491	-0.22506
25	123	34.7374	-20.9152	32.7385	-0.222931
25	124	35.0363	-20.8999	33.0267	-0.220476
25	125	35.3369	-20.8704	33.3137	-0.217641
25	126	35.637	-20.8239	33.5969	-0.214359
25	127	35.9326	-20.7604	33.8725	-0.210671
25	128	36.2224	-20.6832	34.14	-0.206684
25	129	36.5079	-20.5943	34.4015	-0.202453
25	130	36.7907	-20.4927	34.6584	-0.197942
25	131	37.0696	-20.376	34.9094	-0.193092
25	132	37.3416	-20.2439	35.1514	-0.187918
25	133	37.6045	-20.0992	35.3832	-0.182512
25	134	37.8598	-19.9446	35.6067	-0.176943
25	135	38.1093	-19.7801	35.824	-0.171195
25	136	38.3532	-19.603	36.0348	-0.165199
25	137	38.5884	-19.4113	36.2359	-0.158914
25	138	38.8113	-19.2067	36.4245	-0.1524
25	139	39.0218	-18.9927	36.6008	-0.145748
25	140	39.222	-18.7708	36.7675	-0.138984
25	141	39.4131	-18.5395	36.9257	-0.132065
25	142	39.5937	-18.2975	37.0737	-0.124953
25	143	39.7606	-18.046	37.209	-0.117686
25	144	39.9127	-17.7881	37.3307	-0.110349
25	145	40.0289	-17.5561	37.4215	-0.103844
26	0	-24.7647	-9.70239	27.8588	2.99843
26	1	-24.7944	-9.48346	27.9202	2.99082
26	2	-24.8322	-9.26538	27.9911	2.98332
26	3	-24.8763	-9.04803	28.0697	2.97592
26	4	-24.9247	-8.83019	28.1541	2.96857
26	5	-24.9768	-8.61027	28.244	2.96122
26	6	-25.0332	-8.38915	28.34	2.9539
26	7	-25.095	-8.16661	28.4429	2.94662
26	8	-25.1632	-7.94579	28.5534	2.9395
26	9	-25.2375	-7.72731	28.6707	2.93255
26	10	-25.3169	-7.51086	28.794	2.92577
26	11	-25.4019	-7.29569	28.9237	2.91913
26	12	-25.4942	-7.0817	29.0615	2.91265
26	13	-25.5965	-6.87064	29.2097	2.90641
26	14	-25.7123	-6.66746	29.3701	2.9006
26	15	-25.8443	-6.47712	29.5441	2.89541
26	16	-25.9978	-6.30811	29.7345	2.89116
26	17	-26.1756	-6.15875	29.9439	2.8878
26	18	-26.3737	-6.02515	30.1693	2.88516
26	19	-26.5966	-5.90416	30.4157	2.88317
26	20	-26.8256	-5.80366	30.6627	2.88191
26	21	-27.0616	-5.72297	30.9115	2.88135
26	22	-27.3053	-5.66133	31.1629	2.88145
26	23	-27.5523	-5.61451	31.4137	2.88203
26	24	-27.7999	-5.57941	31.662	2.88296
26	25	-28.0469	-5.55302	31.9075	2.88414
26	26	-28.2939	-5.53323	32.1514	2.88551
26	27	-28.5422	-5.51961	32.3951	2.88704
26	28	-28.7922	-5.51301	32.6388	2.88877
26	29	-29.0428	-5.51429	32.8812	2.89072
26	30	-29.2926	-5.52336	33.121	2.89285
26	31	-29.5411	-5.54018	33.3578	2.89518
26	32	-29.7879	-5.5669	33.5907	2.89774
26	33	-30.0326	-5.60738	33.8185	2.90065
26	34	-30.2731	-5.6668	34.0382	2.90403
26	35	-30.5092	-5.74775	34.2488	2.90795
26	36	-30.7385	-5.85168	34.4481	2.91243
26	37	-30.9392	-5.96737	34.6177	2.917
26	38	-31.1059	-6.09475	34.7522	2.92164
26	39	-31.2517	-6.23139	34.8651	2.92638
26	40	-31.3829	-6.3778	34.9623	2.93127
26	41	-31.5102	-6.5281	35.056	2.93622
26	42	-31.6302	-6.6872	35.1414	2.94135
26	43	-31.7494	-6.85145	35.226	2.94659
26	44	-31.8638	-7.02414	35.3054	2.95202
26	45	-31.9781	-7.20176	35.3847	2.95756
26	46	-32.0907	-7.385	35.4624	2.96322
26	47	-32.2022	-7.57062	35.5398	2.96891
26	48	-32.3129	-7.75948	35.617	2.97467
26	49	-32.4244	-7.95186	35.6955	2.98051
26	50	-32.5377	-8.14747	35.7766	2.98641
26	51	-32.651	-8.34649	35.8585	2.99238
26	52	-32.7626	-8.54899	35.9394	2.99842
26	53	-32.8724	-8.75187	36.0198	3.00443
26	54	-32.9848	-8.95509	36.104	3.01043
26	55	-33.0954	-9.15969	36.1875	3.01643
26	56	-33.204	-9.36664	36.27	3.02247
26	57	-33.3108	-9.57504	36.3521	3.02851
26	58	-33.419	-9.78249	36.4367	3.0345
26	59	-33.5262	-9.99042	36.5218	3.04048
26	60	-33.633	-10.2004	36.6075	3.04648
26	61	-33.7405	-10.4139	36.695	3.05255
26	62	-33.8508	-10.6307	36.7862	3.05869
26	63	-33.9615	-10.8495	36.8791	3.06484
26	64	-34.0706	-11.0704	36.9717	3.07103
26	65	-34.1809	-11.2927	37.0667	3.07722
26	66	-34.2945	-11.5165	37.1664	3.08343
26	67	-34.4019	-11.7456	37.261	3.08973
26	68	-34.4843	-11.976	37.3321	3.09601
26	69	-34.5094	-12.1973	37.3478	3.10196
26	70	-34.4816	-12.4201	37.3118	3.1079
26	71	-34.4256	-12.6428	37.249	3.11382
26	72	-34.3441	-12.8689	37.1619	3.11984
26	73	-34.2339	-13.1042	37.0473	3.12613
26	74	-34.09	-13.3574	36.9004	3.13293
26	75	-33.9326	-13.6049	36.7417	3.13963
26	76	-33.76	-13.8458	36.5694	-3.13698
26	77	-33.5712	-14.0764	36.3824	-3.13062
26	78	-33.369	-14.2933	36.1833	-3.12456
26	79	-33.1571	-14.4971	35.9755	-3.1188
26	80	-32.9367	-14.6902	35.7601	-3.11326
26	81	-32.7062	-14.8734	35.5354	-3.10792
26	82	-32.4645	-15.0447	35.3	-3.10284
26	83	-32.2131	-15.2016	35.0553	-3.09809
26	84	-31.955	-15.3439	34.804	-3.09368
26	85	-31.6911	-15.4734	34.5469	-3.08957
26	86	-31.42	-15.5908	34.2825	-3.08574
26	87	-31.1406	-15.6938	34.0095	-3.08226
26	88	-30.8549	-15.78	33.7296	-3.07921
26	89	-30.5667	-15.8498	33.4464	-3.07659
26	90	-30.2777	-15.9051	33.1617	-3.07436
26	91	-30.018	-15.9373	32.9048	-3.07285
26	92	-29.7768	-15.9485	32.6649	-3.072
26	93	-29.5463	-15.9383	32.4343	-3.07182
26	94	-29.3238	-15.9003	32.2097	-3.07251
26	95	-29.1178	-15.8083	31.9979	-3.07494
26	96	-28.9185	-15.6585	31.7893	-3.07922
26	97	-28.7282	-15.497	31.5897	-3.08395
26	98	-28.5416	-15.3362	31.3945	-3.08872
26	99	-28.3575	-15.1764	31.2026	-3.09352
26	100	-28.175	-15.017	31.013	-3.09837
26	101	-27.9935	-14.8577	30.8252	-3.10328
26	102	-27.8141	-14.6982	30.6401	-3.10826
26	103	-27.6377	-14.5391	30.4589	-3.11329
26	104	-27.4633	-14.3818	30.2806	-3.11832
26	105	-27.2908	-14.2245	30.1049	-3.12341
26	106	-27.12	-14.0652	29.9316	-3.12863
26	107	-26.9489	-13.9043	29.7588	-3.13396
26	108	-26.7774	-13.7427	29.5865	-3.13938
26	109	-26.6077	-13.5799	29.4169	3.13829
26	110	-26.4409	-13.4189	29.2511	3.13277
26	111	-26.2761	-13.2588	29.0881	3.12721
26	112	-26.1143	-13.1004	28.9291	3.12165
26	113	-25.9562	-12.9413	28.7747	3.11602
26	114	-25.8034	-12.7802	28.6265	3.11025
26	115	-25.6573	-12.6198	28.486	3.10447
26	116	-25.5186	-12.4595	28.3538	3.09864
26	117	-25.3865	-12.2986	28.2292	3.09274
26	118	-25.2603	-12.1361	28.1117	3.08675
26	119	-25.1403	-11.9689	28.0015	3.08055
26	120	-25.0302	-11.7909	27.903	3.07394
26	121	-24.9325	-11.5981	27.8193	3.06679
26	122	-24.8502	-11.3887	27.7537	3.05904
26	123	-24.7913	-11.1794	27.7131	3.05134
26	124	-24.7541	-10.971	27.6956	3.04373
26	125	-24.7342	-10.7632	27.6969	3.03619
26	126	-24.7257	-10.5554	27.7112	3.0287
26	127	-24.7248	-10.3462	27.7346	3.0212
26	128	-24.73	-10.1338	27.766	3.01363
26	129	-24.7432	-9.91937	27.8073	3.00604
32	0	32.6511	-21.6223	30.8817	-0.260205
32	1	32.662	-21.4477	30.8477	-0.254646
32	2	32.6851	-21.2822	30.8289	-0.24926
32	3	32.6587	-21.1346	30.7672	-0.244823
32	4	32.5821	-20.9904	30.6581	-0.240865
32	5	32.5166	-20.8356	30.5579	-0.236458
32	6	32.4368	-20.6819	30.4445	-0.232164
32	7	32.3481	-20.5269	30.3228	-0.227863
32	8	32.2534	-20.3689	30.1952	-0.223475
32	9	32.1525	-20.2087	30.0616	-0.21902
32	10	32.0476	-20.0458	29.9241	-0.214467
32	11	31.9397	-19.8812	29.7839	-0.209839
32	12	31.8312	-19.7177	29.6441	-0.205209
32	13	31.7212	-19.5563	29.5039	-0.200612
32	14	31.6115	-19.3955	29.3646	-0.195989
32	15	31.4996	-19.2365	29.2242	-0.191399
32	16	31.3852	-19.0799	29.0824	-0.186859
32	17	31.2691	-18.9257	28.94	-0.182372
32	18	31.152	-18.7679	28.7965	-0.177719
32	19	31.032	-18.6091	28.6507	-0.173005
32	20	30.9087	-18.4505	28.5022	-0.168266
32	21	30.7826	-18.2914	28.3515	-0.16348
32	22	30.6549	-18.1302	28.1997	-0.158578
32	23	30.5245	-17.9676	28.0456	-0.153586
32	24	30.3916	-17.8041	27.8895	-0.148522
32	25	30.2563	-17.6413	27.7321	-0.143437
32	26	30.1188	-17.4813	27.5735	-0.138406
32	27	29.98	-17.3248	27.4147	-0.13345
32	28	29.8403	-17.1701	27.256	-0.128508
32	29	29.6979	-17.0188	27.0957	-0.123645
32	30	29.5498	-16.874	26.9312	-0.118986
32	31	29.3929	-16.7434	26.7601	-0.114838
32	32	29.2236	-16.6274	26.5788	-0.11123
32	33	29.0417	-16.5251	26.3868	-0.108143
32	34	28.8449	-16.4382	26.1819	-0.105653
32	35	28.6482	-16.3753	25.9796	-0.104046
32	36	28.4523	-16.3314	25.7803	-0.10314
32	37	28.2561	-16.3065	25.5825	-0.102964
32	38	28.0586	-16.2946	25.3849	-0.103296
32	39	27.8606	-16.2938	25.1878	-0.104074
32	40	27.6618	-16.2965	24.9905	-0.105009
32	41	27.4625	-16.3064	24.7933	-0.106248
32	42	27.2619	-16.319	24.5951	-0.107622
32	43	27.0606	-16.3402	24.3974	-0.109374
32	44	26.8604	-16.3651	24.2011	-0.111298
32	45	26.6626	-16.398	24.0083	-0.113575
32	46	26.467	-16.4345	23.8181	-0.116031
32	47	26.2741	-16.477	23.6315	-0.11876
32	48	26.0831	-16.5227	23.4473	-0.12166
32	49	25.8956	-16.5812	23.2685	-0.125134
32	50	25.7108	-16.6486	23.0938	-0.129027
32	51	25.5344	-16.7419	22.931	-0.134055
32	52	25.3564	-16.8458	22.769	-0.139619
32	53	25.1963	-16.975	22.6289	-0.14626
32	54	25.0472	-17.1078	22.5012	-0.153064
32	55	24.9241	-17.2606	22.4035	-0.160643
32	56	24.8084	-17.4188	22.3153	-0.168469
32	57	24.7123	-17.5897	22.25	-0.176765
32	58	24.6165	-17.7605	22.1864	-0.185106
32	59	24.5324	-17.9372	22.1372	-0.19365
32	60	24.4479	-18.1149	22.0892	-0.202279
32	61	24.373	-18.2982	22.0536	-0.211103
32	62	24.2993	-18.4824	22.021	-0.219987
32	63	24.235	-18.6692	21.9999	-0.228909
32	64	24.1741	-18.8573	21.9841	-0.237869
32	65	24.1225	-19.046	21.9793	-0.246769
32	66	24.0744	-19.2319	21.9789	-0.255507
32	67	24.032	-19.4196	21.9861	-0.264252
32	68	23.9943	-19.6078	21.9998	-0.272955
32	69	23.9583	-19.7951	22.0164	-0.281591
32	70	23.9287	-19.9816	22.0406	-0.290094
32	71	23.9014	-20.1707	22.0693	-0.298655
32	72	23.8847	-20.3608	22.1101	-0.307097
32	73	23.8692	-20.5488	22.1529	-0.315397
32	74	23.8649	-20.7334	22.2068	-0.323362
32	75	23.8618	-20.9182	22.2633	-0.331275
32	76	23.8715	-21.1016	22.3328	-0.3389
32	77	23.8802	-21.2835	22.4021	-0.346427
32	78	23.9005	-21.4631	22.4827	-0.353634
32	79	23.9264	-21.6407	22.5691	-0.360622
32	80	23.9593	-21.8191	22.6633	-0.367473
32	81	24.0014	-21.9988	22.7676	-0.374177
32	82	24.0759	-22.1725	22.9009	-0.380045
32	83	24.1606	-22.3494	23.0456	-0.385812
32	84	24.2781	-22.5203	23.219	-0.390726
32	85	24.3996	-22.6822	23.3932	-0.395147
32	86	24.5364	-22.8283	23.5759	-0.398633
32	87	24.6781	-22.9699	23.7615	-0.40181
32	88	24.8341	-23.0998	23.956	-0.404256
32	89	24.9945	-23.2287	24.1543	-0.406548
32	90	25.1616	-23.3506	24.3559	-0.408431
32	91	25.3297	-23.4715	24.5583	-0.410232
32	92	25.5022	-23.5872	24.7626	-0.411739
32	93	25.6744	-23.7013	24.9661	-0.413166
32	94	25.8466	-23.811	25.1679	-0.414411
32	95	26.0187	-23.9197	25.3692	-0.415602
32	96	26.192	-24.0258	25.5707	-0.416662
32	97	26.3654	-24.1321	25.7722	-0.41771
32	98	26.54	-24.2367	25.9743	-0.418664
32	99	26.7146	-24.3402	26.1759	-0.419566
32	100	26.8887	-24.441	26.376	-0.420368
32	101	27.0609	-24.5387	26.573	-0.42108
32	102	27.2306	-24.633	26.7665	-0.421701
32	103	27.3976	-24.7239	26.956	-0.422244
32	104	27.5624	-24.8104	27.1419	-0.42266
32	105	27.7267	-24.8953	27.3265	-0.42303
32	106	27.8942	-24.9756	27.5122	-0.423191
32	107	28.0604	-25.0515	27.6949	-0.423226
32	108	28.225	-25.1208	27.8734	-0.423066
32	109	28.3865	-25.1855	28.0473	-0.422807
32	110	28.5468	-25.2401	28.2158	-0.42224
32	111	28.7041	-25.2868	28.3784	-0.42147
32	112	28.8548	-25.3389	28.5374	-0.420976
32	113	29.0047	-25.3488	28.6782	-0.419153
32	114	29.164	-25.3168	28.8109	-0.415888
32	115	29.333	-25.2924	28.9557	-0.412761
32	116	29.5126	-25.2464	29.102	-0.408837
32	117	29.7091	-25.1771	29.2552	-0.403993
32	118	29.9268	-25.0791	29.4173	-0.398021
32	119	30.1723	-24.9453	29.5926	-0.390636
32	120	30.4104	-24.7952	29.7565	-0.382927
32	121	30.6383	-24.632	29.9078	-0.375018
32	122	30.8555	-24.4588	30.0474	-0.367006
32	123	31.0639	-24.2772	30.1778	-0.358912
32	124	31.2649	-24.0866	30.3001	-0.350689
32	125	31.4579	-23.8849	30.4131	-0.342282
32	126	31.6401	-23.6716	30.5143	-0.333693
32	127	31.8093	-23.4485	30.6022	-0.324994
32	128	31.9656	-23.2184	30.678	-0.316259
32	129	32.1108	-22.9825	30.7438	-0.307499
32	130	32.2459	-22.7403	30.8005	-0.298674
32	131	32.3703	-22.4909	30.8472	-0.289761
32	132	32.4815	-22.2351	30.8819	-0.280794
32	133	32.5624	-22.0096	30.8981	-0.273058
32	134	32.6179	-21.8077	30.8978	-0.266279
33	0	-18.5507	-16.1804	21.5059	-3.02493
33	1	-18.596	-15.9927	21.5299	-3.03383
33	2	-18.6492	-15.8048	21.5635	-3.04276
33	3	-18.7271	-15.6189	21.6235	-3.05167
33	4	-18.8307	-15.4334	21.7108	-3.06061
33	5	-18.9808	-15.2396	21.8458	-3.07001
33	6	-19.1951	-15.0201	22.0451	-3.08063
33	7	-19.3297	-14.813	22.1679	-3.09033
33	8	-19.4172	-14.6131	22.2459	-3.0995
33	9	-19.4792	-14.4197	22.3007	-3.10829
33	10	-19.5481	-14.2383	22.3641	-3.1165
33	11	-19.6133	-14.0625	22.4256	-3.12441
33	12	-19.6887	-13.8967	22.4988	-3.13183
33	13	-19.7864	-13.7482	22.5956	-3.13844
33	14	-19.9013	-13.6085	22.7104	3.13857
33	15	-20.0349	-13.4785	22.8448	3.1329
33	16	-20.1848	-13.351	22.9962	3.12741
33	17	-20.3417	-13.2364	23.155	3.12256
33	18	-20.5084	-13.1361	23.3237	3.11839
33	19	-20.6817	-13.043	23.4993	3.1146
33	20	-20.8628	-12.9606	23.6827	3.11133
33	21	-21.0472	-12.8818	23.8695	3.10827
33	22	-21.2362	-12.8144	24.0607	3.10573
33	23	-21.4247	-12.7498	24.2515	3.10334
33	24	-21.6135	-12.6944	24.4423	3.10138
33	25	-21.799	-12.64	24.6299	3.09947
33	26	-21.9844	-12.5919	24.8172	3.09785
33	27	-22.1707	-12.5461	25.0053	3.09635
33	28	-22.3586	-12.5062	25.1948	3.0951
33	29	-22.5475	-12.4723	25.3852	3.09411
33	30	-22.7366	-12.4431	25.5754	3.09332
33	31	-22.9234	-12.4215	25.763	3.09284
33	32	-23.1069	-12.4031	25.9473	3.09247
33	33	-23.2879	-12.3933	26.1285	3.09244
33	34	-23.4668	-12.3849	26.3076	3.09246
33	35	-23.6449	-12.3905	26.4852	3.093
33	36	-23.8253	-12.4006	26.6649	3.0937
33	37	-24.0089	-12.4407	26.8465	3.09552
33	38	-24.1992	-12.4893	27.0343	3.09764
33	39	-24.3955	-12.5689	27.2271	3.10088
33	40	-24.5884	-12.6575	27.4164	3.10439
33	41	-24.7737	-12.7658	27.5978	3.10856
33	42	-24.9543	-12.8875	27.7746	3.11316
33	43	-25.1291	-13.02	27.9458	3.11808
33	44	-25.2996	-13.1574	28.1135	3.12311
33	45	-25.4684	-13.2959	28.28	3.12811
33	46	-25.6361	-13.4348	28.4462	3.13307
33	47	-25.8023	-13.5751	28.6115	3.13803
33	48	-25.9674	-13.7188	28.7765	-3.14014
33	49	-26.1327	-13.8628	28.9423	-3.13518
33	50	-26.2951	-14.0076	29.106	-3.13024
33	51	-26.4536	-14.1521	29.2665	-3.12536
33	52	-26.609	-14.2951	29.4245	-3.12059
33	53	-26.7636	-14.4342	29.5824	-3.116
33	54	-26.9189	-14.5772	29.7416	-3.11133
33	55	-27.0737	-14.7242	29.9011	-3.10657
33	56	-27.2282	-14.8731	30.0611	-3.1018
33	57	-27.382	-15.0216	30.221	-3.09709
33	58	-27.5334	-15.1692	30.3791	-3.09246
33	59	-27.682	-15.3156	30.5351	-3.08791
33	60	-27.8281	-15.461	30.689	-3.08343
33	61	-27.9711	-15.6062	30.8405	-3.079
33	62	-28.1106	-15.7517	30.9891	-3.0746
33	63	-28.2444	-15.8984	31.1328	-3.07018
33	64	-28.3724	-16.045	31.2712	-3.0658
33	65	-28.4963	-16.187	31.4058	-3.06159
33	66	-28.6101	-16.3301	31.5309	-3.05735
33	67	-28.7213	-16.4693	31.6537	-3.05327
33	68	-28.7892	-16.6239	31.7354	-3.0486
33	69	-28.847	-16.79	31.8088	-3.04357
33	70	-28.8744	-16.9701	31.8541	-3.03803
33	71	-28.9025	-17.1624	31.9025	-3.03213
33	72	-28.9118	-17.3776	31.936	-3.02546
33	73	-28.9081	-17.6237	31.9618	-3.0178
33	74	-28.8824	-17.9097	31.9728	-3.00882
33	75	-28.8402	-18.1946	31.97	-2.99981
33	76	-28.7833	-18.4756	31.9547	-2.99086
33	77	-28.7143	-18.7526	31.9293	-2.98196
33	78	-28.6334	-19.0269	31.8943	-2.97306
33	79	-28.539	-19.2989	31.8482	-2.96414
33	80	-28.4294	-19.5665	31.7888	-2.95525
33	81	-28.3055	-19.8267	31.7165	-2.94646
33	82	-28.1702	-20.0789	31.6338	-2.93781
33	83	-28.0252	-20.3246	31.5427	-2.92925
33	84	-27.8697	-20.5652	31.4425	-2.92073
33	85	-27.7013	-20.8001	31.3308	-2.91224
33	86	-27.5186	-21.0262	31.2054	-2.90385
33	87	-27.3238	-21.2406	31.0676	-2.89567
33	88	-27.12	-21.4434	30.9203	-2.8877
33	89	-26.9087	-21.6368	30.7652	-2.87989
33	90	-26.6888	-21.8218	30.6016	-2.87219
33	91	-26.4592	-21.9968	30.4277	-2.86464
33	92	-26.2203	-22.1584	30.2429	-2.85734
33	93	-26.0049	-22.2812	30.0711	-2.85141
33	94	-25.8069	-22.3717	29.9077	-2.84662
33	95	-25.6204	-22.4359	29.7481	-2.84273
33	96	-25.4421	-22.4763	29.5898	-2.83965
33	97	-25.274	-22.5248	29.4439	-2.83638
33	98	-25.11	-22.5263	29.2879	-2.83465
33	99	-24.9383	-22.4817	29.1108	-2.83433
33	100	-24.7592	-22.4472	28.9297	-2.83359
33	101	-24.5767	-22.4002	28.7415	-2.83323
33	102	-24.3894	-22.3466	28.5468	-2.83302
33	103	-24.2004	-22.2857	28.3481	-2.83305
33	104	-24.0102	-22.2195	28.1468	-2.83323
33	105	-23.8195	-22.1495	27.9439	-2.83355
33	106	-23.6279	-22.078	27.7396	-2.83391
33	107	-23.4352	-22.0045	27.5338	-2.83434
33	108	-23.2405	-21.9298	27.3255	-2.83479
33	109	-23.045	-21.8498	27.115	-2.83542
33	110	-22.8461	-21.7727	26.9022	-2.83593
33	111	-22.6483	-21.6913	26.689	-2.83661
33	112	-22.4515	-21.6096	26.4768	-2.83732
33	113	-22.2566	-21.5278	26.2663	-2.83806
33	114	-22.0632	-21.4464	26.0575	-2.83883
33	115	-21.8713	-21.3649	25.85	-2.83962
33	116	-21.6809	-21.2827	25.6438	-2.84048
33	117	-21.4874	-21.1987	25.434	-2.84137
33	118	-21.2923	-21.1129	25.2223	-2.84234
33	119	-21.0975	-21.0249	25.0102	-2.8434
33	120	-20.9037	-20.9354	24.7987	-2.84455
33	121	-20.7114	-20.8436	24.588	-2.84584
33	122	-20.5181	-20.7505	24.376	-2.84718
33	123	-20.3262	-20.6522	24.1639	-2.84877
33	124	-20.1379	-20.5471	23.9533	-2.8507
33	125	-19.9636	-20.4304	23.7529	-2.8533
33	126	-19.7996	-20.3043	23.56	-2.85645
33	127	-19.6481	-20.1653	23.3757	-2.86034
33	128	-19.5142	-20.0339	23.2107	-2.86418
33	129	-19.4016	-19.8963	23.065	-2.86857
33	130	-19.2932	-19.7612	22.9244	-2.87297
33	131	-19.1952	-19.6137	22.791	-2.87807
33	132	-19.0858	-19.4528	22.6438	-2.88367
33	133	-18.9702	-19.2599	22.4834	-2.89066
33	134	-18.8001	-19.031	22.2625	-2.89872
33	135	-18.6712	-18.8163	22.0865	-2.90675
33	136	-18.5908	-18.6089	21.9608	-2.91509
33	137	-18.5384	-18.4011	21.8639	-2.92381
33	138	-18.5024	-18.1925	21.7846	-2.9328
33	139	-18.4777	-17.9853	21.7183	-2.9419
33	140	-18.4602	-17.7779	21.661	-2.95113
33	141	-18.45	-17.5707	21.6126	-2.96045
33	142	-18.444	-17.3649	21.5706	-2.96979
33	143	-18.4475	-17.1594	21.5399	-2.97921
33	144	-18.455	-16.9561	21.5154	-2.98859
33	145	-18.4724	-16.7578	21.5033	-2.99783
33	146	-18.4908	-16.5621	21.4943	-3.00697
33	147	-18.5206	-16.3709	21.4991	-3.01597
38	0	28.8859	-28.2232	29.8595	-0.508825
38	1	28.887	-27.927	29.7173	-0.5001
38	2	28.8732	-27.6338	29.5657	-0.491621
38	3	28.848	-27.344	29.4077	-0.483339
38	4	28.8122	-27.0563	29.2432	-0.475198
38	5	28.7651	-26.8045	29.0869	-0.468242
38	6	28.7049	-26.5785	28.9317	-0.462209
38	7	28.63	-26.3708	28.7724	-0.456908
38	8	28.5361	-26.179	28.6038	-0.452339
38	9	28.4096	-26.015	28.4185	-0.449095
38	10	28.2404	-25.8773	28.2064	-0.447301
38	11	28.0473	-25.7535	27.9787	-0.446297
38	12	27.8526	-25.6357	27.7523	-0.445496
38	13	27.6598	-25.5188	27.5279	-0.444683
38	14	27.4671	-25.4049	27.305	-0.443951
38	15	27.2757	-25.2905	27.083	-0.443172
38	16	27.0861	-25.1739	26.8617	-0.442278
38	17	26.8904	-25.0658	26.6386	-0.441753
38	18	26.6982	-24.9567	26.4182	-0.441133
38	19	26.5107	-24.8447	26.2008	-0.440322
38	20	26.3256	-24.7316	25.9852	-0.439419
38	21	26.14	-24.6256	25.7721	-0.438762
38	22	25.9566	-24.519	25.5609	-0.438035
38	23	25.7739	-24.4127	25.3502	-0.437295
38	24	25.5897	-24.3099	25.1399	-0.436694
38	25	25.4063	-24.2088	24.931	-0.43613
38	26	25.2244	-24.1112	24.7249	-0.43566
38	27	25.0447	-24.0171	24.5222	-0.435274
38	28	24.8691	-23.9277	24.3253	-0.434984
38	29	24.6971	-23.8412	24.1329	-0.434737
38	30	24.5258	-23.7602	23.9434	-0.434681
38	31	24.3543	-23.6822	23.755	-0.434744
38	32	24.1802	-23.6115	23.5673	-0.435137
38	33	24.0046	-23.5462	23.3805	-0.435771
38	34	23.8225	-23.4983	23.1953	-0.43721
38	35	23.6304	-23.4635	23.0066	-0.439377
38	36	23.4279	-23.4508	22.8181	-0.442646
38	37	23.2342	-23.4512	22.6433	-0.446328
38	38	23.048	-23.4734	22.4852	-0.450792
38	39	22.8653	-23.501	22.333	-0.455469
38	40	22.6861	-23.5444	22.1915	-0.460778
38	41	22.5065	-23.5916	22.0519	-0.466313
38	42	22.3254	-23.6438	21.914	-0.472159
38	43	22.1417	-23.7011	21.7769	-0.478339
38	44	21.957	-23.7671	21.6437	-0.484974
38	45	21.7707	-23.8371	21.5121	-0.491892
38	46	21.5867	-23.9165	21.388	-0.499225
38	47	21.401	-23.9986	21.2649	-0.506796
38	48	21.2157	-24.0858	21.1458	-0.514655
38	49	21.0301	-24.1756	21.0291	-0.522719
38	50	20.8453	-24.2705	20.9172	-0.531057
38	51	20.6615	-24.3703	20.81	-0.539668
38	52	20.4771	-24.476	20.7069	-0.548623
38	53	20.2941	-24.5887	20.6104	-0.557918
38	54	20.1154	-24.7092	20.5236	-0.567508
38	55	19.9442	-24.8373	20.4491	-0.577289
38	56	19.784	-24.9742	20.3905	-0.587206
38	57	19.6387	-25.1234	20.3533	-0.597265
38	58	19.5065	-25.2868	20.3369	-0.607562
38	59	19.3851	-25.4651	20.3402	-0.618167
38	60	19.2816	-25.647	20.3623	-0.628395
38	61	19.198	-25.8363	20.4069	-0.638307
38	62	19.1311	-26.0346	20.4724	-0.648031
38	63	19.0771	-26.2398	20.5541	-0.657578
38	64	19.0305	-26.4487	20.6458	-0.666965
38	65	18.9909	-26.6584	20.7452	-0.676088
38	66	18.9556	-26.8677	20.8495	-0.684979
38	67	18.9248	-27.0756	20.958	-0.693592
38	68	18.8963	-27.2815	21.0685	-0.701969
38	69	18.8718	-27.4882	21.1839	-0.710168
38	70	18.8501	-27.6946	21.3027	-0.718177
38	71	18.8317	-27.8991	21.4241	-0.725932
38	72	18.8179	-28.1041	21.5505	-0.733469
38	73	18.8089	-28.3065	21.6799	-0.740684
38	74	18.8018	-28.5043	21.8085	-0.747597
38	75	18.7982	-28.7013	21.9404	-0.754295
38	76	18.7984	-28.8962	22.0745	-0.760722
38	77	18.8023	-29.0879	22.2098	-0.766852
38	78	18.8103	-29.2807	22.3498	-0.772815
38	79	18.8286	-29.4718	22.4966	-0.778331
38	80	18.8461	-29.6602	22.6417	-0.783713
38	81	18.8769	-29.8459	22.7948	-0.78853
38	82	18.9056	-30.0295	22.9456	-0.793281
38	83	18.9479	-30.2082	23.1028	-0.797404
38	84	18.9889	-30.3857	23.2586	-0.801472
38	85	19.0529	-30.5589	23.4277	-0.804653
38	86	19.1241	-30.7348	23.6039	-0.807647
38	87	19.222	-30.9085	23.7972	-0.809719
38	88	19.3367	-31.088	24.0063	-0.811415
38	89	19.4685	-31.2522	24.2161	-0.812139
38	90	19.6131	-31.4061	24.4273	-0.812174
38	91	19.7775	-31.5458	24.6418	-0.811235
38	92	19.9541	-31.676	24.8579	-0.809688
38	93	20.1359	-31.7976	25.0714	-0.807784
38	94	20.3179	-31.9144	25.2816	-0.805775
38	95	20.5001	-32.0269	25.489	-0.803675
38	96	20.6818	-32.1371	25.6945	-0.80156
38	97	20.8635	-32.2459	25.8991	-0.79944
38	98	21.0455	-32.3539	26.1035	-0.797327
38	99	21.2277	-32.4606	26.3071	-0.795205
38	100	21.409	-32.5651	26.5087	-0.793081
38	101	21.5874	-32.6671	26.7067	-0.791003
38	102	21.7642	-32.7664	26.9017	-0.788926
38	103	21.9413	-32.8638	27.0956	-0.786817
38	104	22.1186	-32.9601	27.2891	-0.784709
38	105	22.297	-33.055	27.4824	-0.782567
38	106	22.4776	-33.1473	27.6756	-0.78033
38	107	22.6595	-33.239	27.8695	-0.778079
38	108	22.8421	-33.3298	28.0633	-0.775815
38	109	23.0242	-33.4188	28.2558	-0.773549
38	110	23.2062	-33.502	28.4442	-0.77117
38	111	23.3854	-33.5827	28.629	-0.768829
38	112	23.5638	-33.6559	28.8082	-0.766352
38	113	23.7391	-33.7277	28.9844	-0.76394
38	114	23.9147	-33.7919	29.1557	-0.761364
38	115	24.0875	-33.8534	29.3233	-0.758816
38	116	24.2613	-33.904	29.4844	-0.756007
38	117	24.4311	-33.9601	29.6464	-0.753454
38	118	24.6043	-33.9705	29.7801	-0.749729
38	119	24.7936	-33.9324	29.8931	-0.74448
38	120	24.9887	-33.8657	29.9919	-0.738439
38	121	25.1956	-33.7752	30.0847	-0.731586
38	122	25.4216	-33.66	30.1769	-0.72374
38	123	25.6753	-33.5166	30.2733	-0.714642
38	124	25.924	-33.366	30.3637	-0.705526
38	125	26.1689	-33.2073	30.4485	-0.696342
38	126	26.4097	-33.0373	30.5255	-0.687011
38	127	26.6433	-32.8528	30.5906	-0.677506
38	128	26.8653	-32.6542	30.6405	-0.667914
38	129	27.0739	-32.4453	30.6762	-0.658355
38	130	27.2711	-32.2292	30.7013	-0.648858
38	131	27.4594	-32.0062	30.718	-0.639367
38	132	27.6394	-31.7743	30.7255	-0.629818
38	133	27.8086	-31.5325	30.7212	-0.620211
38	134	27.9646	-31.2823	30.7042	-0.610626
38	135	28.1075	-31.0268	30.6761	-0.601132
38	136	28.2396	-30.7676	30.6398	-0.591718
38	137	28.3626	-30.5039	30.5962	-0.58232
38	138	28.4759	-30.2334	30.5434	-0.572886
38	139	28.5762	-29.9555	30.4784	-0.563437
38	140	28.661	-29.6721	30.4	-0.554067
38	141	28.7305	-29.3866	30.3103	-0.544851
38	142	28.7876	-29.1003	30.2119	-0.535766
38	143	28.8338	-28.8118	30.1055	-0.526743
38	144	28.8676	-28.5193	29.9889	-0.517744
39	0	-15.7154	-25.3164	21.8776	-2.58061
39	1	-15.7072	-25.1117	21.7624	-2.58837
39	2	-15.7046	-24.9044	21.6519	-2.59646
39	3	-15.7082	-24.6957	21.5476	-2.60483
39	4	-15.7192	-24.4876	21.4514	-2.61342
39	5	-15.7364	-24.2824	21.3637	-2.62213
39	6	-15.7595	-24.082	21.285	-2.63084
39	7	-15.7862	-23.8868	21.2136	-2.63948
39	8	-15.8173	-23.6944	21.1492	-2.64816
39	9	-15.8517	-23.5042	21.0902	-2.65688
39	10	-15.8915	-23.3156	21.0384	-2.66569
39	11	-15.9385	-23.1284	20.9952	-2.67464
39	12	-15.9985	-22.9436	20.9665	-2.6838
39	13	-16.0784	-22.7607	20.9582	-2.69332
39	14	-16.1824	-22.5809	20.975	-2.70319
39	15	-16.3053	-22.4122	21.0157	-2.71294
39	16	-16.4415	-22.26	21.0772	-2.72219
39	17	-16.5918	-22.1246	21.1601	-2.73093
39	18	-16.7566	-22.0025	21.2633	-2.73929
39	19	-16.9273	-21.8881	21.3763	-2.74734
39	20	-17.1023	-21.7791	21.4966	-2.75515
39	21	-17.2806	-21.6743	21.6228	-2.76275
39	22	-17.4632	-21.5757	21.7567	-2.77006
39	23	-17.6492	-21.4826	21.8967	-2.77711
39	24	-17.8385	-21.3981	22.0439	-2.78375
39	25	-18.0292	-21.3203	22.1957	-2.79004
39	26	-18.2219	-21.2529	22.3538	-2.79584
39	27	-18.416	-21.1939	22.5168	-2.80123
39	28	-18.6143	-21.1507	22.6895	-2.80594
39	29	-18.8198	-21.1215	22.8742	-2.8101
39	30	-19.0344	-21.1126	23.0743	-2.8135
39	31	-19.2395	-21.1192	23.2707	-2.81607
39	32	-19.4399	-21.1446	23.4686	-2.81777
39	33	-19.637	-21.1808	23.6671	-2.81897
39	34	-19.8316	-21.2299	23.8672	-2.81961
39	35	-20.0269	-21.2823	24.069	-2.82011
39	36	-20.2222	-21.342	24.2732	-2.82032
39	37	-20.421	-21.4035	24.4813	-2.8205
39	38	-20.6219	-21.4704	24.693	-2.82049
39	39	-20.8273	-21.5406	24.9101	-2.82042
39	40	-21.0345	-21.6152	25.1302	-2.82021
39	41	-21.2443	-21.6919	25.3535	-2.81996
39	42	-21.4529	-21.7705	25.5762	-2.81962
39	43	-21.6597	-21.8505	25.7978	-2.81921
39	44	-21.8659	-21.9304	26.0187	-2.81881
39	45	-22.0719	-22.0119	26.2399	-2.81836
39	46	-22.2784	-22.0961	26.4624	-2.81781
39	47	-22.4854	-22.1829	26.6863	-2.8172
39	48	-22.6937	-22.2691	26.9112	-2.81663
39	49	-22.9012	-22.3573	27.136	-2.81599
39	50	-23.1079	-22.4478	27.3608	-2.81528
39	51	-23.3153	-22.5402	27.5868	-2.81451
39	52	-23.5254	-22.6323	27.8155	-2.8138
39	53	-23.7373	-22.7273	28.0466	-2.81303
39	54	-23.9492	-22.8258	28.279	-2.81215
39	55	-24.1598	-22.9263	28.5109	-2.8112
39	56	-24.3706	-23.0261	28.7426	-2.8103
39	57	-24.5795	-23.1288	28.9735	-2.80929
39	58	-24.7734	-23.2458	29.1951	-2.80767
39	59	-24.9269	-23.3922	29.3882	-2.80468
39	60	-25.0485	-23.5756	29.5639	-2.80018
39	61	-25.1525	-23.78	29.7307	-2.79488
39	62	-25.2435	-24.0087	29.8946	-2.78871
39	63	-25.3211	-24.2698	30.0584	-2.78145
39	64	-25.3851	-24.5712	30.2257	-2.77287
39	65	-25.4329	-24.8736	30.3804	-2.76415
39	66	-25.4678	-25.1765	30.5257	-2.75535
39	67	-25.4902	-25.4818	30.6626	-2.7464
39	68	-25.4973	-25.7901	30.7892	-2.73725
39	69	-25.4871	-26.0988	30.9026	-2.72793
39	70	-25.4609	-26.4049	31.003	-2.71855
39	71	-25.4214	-26.7081	31.0929	-2.70914
39	72	-25.3689	-27.0104	31.1733	-2.69963
39	73	-25.3004	-27.3127	31.2421	-2.68994
39	74	-25.2128	-27.6117	31.2953	-2.68013
39	75	-25.1076	-27.903	31.3324	-2.67031
39	76	-24.9892	-28.1859	31.3568	-2.66055
39	77	-24.8598	-28.4628	31.3717	-2.65082
39	78	-24.7179	-28.7354	31.3765	-2.64103
39	79	-24.5611	-29.0022	31.3685	-2.63117
39	80	-24.3895	-29.2597	31.3461	-2.62132
39	81	-24.2061	-29.5065	31.3112	-2.61157
39	82	-24.0131	-29.7444	31.2664	-2.60189
39	83	-23.8093	-29.975	31.2115	-2.59219
39	84	-23.592	-30.1967	31.1434	-2.58248
39	85	-23.3613	-30.4057	31.0602	-2.57283
39	86	-23.1212	-30.5999	30.9638	-2.56337
39	87	-22.8745	-30.7802	30.8571	-2.55411
39	88	-22.6473	-30.9234	30.7484	-2.54614
39	89	-22.4326	-31.0385	30.6359	-2.5391
39	90	-22.2225	-31.1301	30.5153	-2.53272
39	91	-22.0104	-31.1961	30.3795	-2.52695
39	92	-21.7956	-31.2156	30.2157	-2.52232
39	93	-21.5706	-31.1816	30.0129	-2.51889
39	94	-21.3405	-31.1165	29.7881	-2.51616
39	95	-21.1143	-31.0451	29.563	-2.51364
39	96	-20.8908	-30.9718	29.3392	-2.51118
39	97	-20.6688	-30.8981	29.1165	-2.50873
39	98	-20.4471	-30.8235	28.8937	-2.50628
39	99	-20.2255	-30.7469	28.67	-2.50384
39	100	-20.0051	-30.6678	28.4459	-2.50146
39	101	-19.7869	-30.5871	28.2228	-2.49914
39	102	-19.5715	-30.5054	28.0014	-2.49687
39	103	-19.3576	-30.423	27.781	-2.49461
39	104	-19.1457	-30.3409	27.5625	-2.49235
39	105	-18.934	-30.2577	27.3437	-2.49009
39	106	-18.7248	-30.1735	27.1263	-2.48789
39	107	-18.519	-30.0874	26.9106	-2.48577
39	108	-18.3177	-29.9991	26.6973	-2.4838
39	109	-18.121	-29.9088	26.4865	-2.48196
39	110	-17.9296	-29.8184	26.2799	-2.48021
39	111	-17.742	-29.7265	26.0755	-2.47858
39	112	-17.5571	-29.6307	25.8707	-2.47709
39	113	-17.3764	-29.5314	25.6673	-2.4758
39	114	-17.2009	-29.4252	25.4638	-2.47482
39	115	-17.0332	-29.3082	25.2595	-2.47436
39	116	-16.8769	-29.1738	25.0536	-2.47471
39	117	-16.7322	-29.018	24.8436	-2.47603
39	118	-16.5968	-28.8411	24.6279	-2.47829
39	119	-16.4804	-28.6585	24.4239	-2.48124
39	120	-16.3781	-28.4708	24.2281	-2.48477
39	121	-16.2883	-28.2763	24.0385	-2.4889
39	122	-16.2091	-28.0733	23.8525	-2.49365
39	123	-16.1388	-27.8638	23.6703	-2.49891
39	124	-16.0758	-27.6504	23.4923	-2.50457
39	125	-16.0207	-27.4349	23.3203	-2.5106
39	126	-15.9717	-27.2202	23.1545	-2.51684
39	127	-15.9269	-27.008	22.9946	-2.52318
39	128	-15.8864	-26.7952	22.8386	-2.52974
39	129	-15.8491	-26.5823	22.6863	-2.53648
39	130	-15.8144	-26.3699	22.5375	-2.54336
39	131	-15.7834	-26.1592	22.3938	-2.55035
39	132	-15.7585	-25.9465	22.2551	-2.55767
39	133	-15.74	-25.7341	22.1232	-2.56521
39	134	-15.7261	-25.5239	21.9977	-2.57288
43	0	24.4267	-37.4332	32.1197	-0.832492
43	1	24.4473	-37.1413	31.9184	-0.82586
43	2	24.4538	-36.8485	31.7082	-0.819449
43	3	24.4469	-36.5572	31.4912	-0.813297
43	4	24.4287	-36.2683	31.2694	-0.80737
43	5	24.4009	-35.981	31.043	-0.801617
43	6	24.3616	-35.6944	30.8103	-0.796063
43	7	24.3088	-35.4448	30.5952	-0.79159
43	8	24.2415	-35.2233	30.3906	-0.788045
43	9	24.1609	-35.0226	30.1916	-0.785247
43	10	24.0685	-34.8373	29.9953	-0.783059
43	11	23.9598	-34.6662	29.7976	-0.781561
43	12	23.817	-34.5219	29.5946	-0.7815
43	13	23.6324	-34.398	29.3763	-0.782934
43	14	23.4385	-34.2864	29.1602	-0.784911
43	15	23.246	-34.1743	28.9449	-0.78687
43	16	23.051	-34.0653	28.73	-0.788996
43	17	22.8554	-33.9556	28.5144	-0.791154
43	18	22.659	-33.8469	28.2992	-0.793388
43	19	22.4625	-33.7409	28.0858	-0.795731
43	20	22.2674	-33.6365	27.8748	-0.798108
43	21	22.0749	-33.5316	27.6654	-0.800445
43	22	21.8825	-33.4295	27.4582	-0.802883
43	23	21.6911	-33.3264	27.2511	-0.805306
43	24	21.5002	-33.222	27.0437	-0.807724
43	25	21.308	-33.1206	26.8377	-0.810285
43	26	21.1163	-33.0203	26.633	-0.812908
43	27	20.9247	-32.9224	26.4303	-0.815624
43	28	20.7364	-32.8257	26.2309	-0.818324
43	29	20.5496	-32.731	26.0342	-0.821078
43	30	20.3625	-32.6395	25.8398	-0.823963
43	31	20.1776	-32.551	25.6494	-0.82691
43	32	19.9955	-32.4648	25.4628	-0.82988
43	33	19.8145	-32.386	25.2826	-0.833058
43	34	19.6363	-32.3109	25.1073	-0.836301
43	35	19.4603	-32.2434	24.9394	-0.839722
43	36	19.2861	-32.1821	24.7775	-0.843304
43	37	19.1123	-32.1249	24.6194	-0.847033
43	38	18.9355	-32.0736	24.4641	-0.851058
43	39	18.749	-32.0465	24.3211	-0.856088
43	40	18.5542	-32.0197	24.1736	-0.86145
43	41	18.3457	-32.0197	24.0383	-0.868032
43	42	18.1452	-32.0286	23.916	-0.87467
43	43	17.952	-32.0645	23.8202	-0.881858
43	44	17.7614	-32.1102	23.735	-0.889283
43	45	17.5761	-32.1735	23.6681	-0.897047
43	46	17.3923	-32.239	23.6054	-0.904864
43	47	17.2119	-32.3132	23.5531	-0.912833
43	48	17.0311	-32.3884	23.5028	-0.920878
43	49	16.8511	-32.4698	23.4595	-0.929083
43	50	16.6699	-32.5532	23.4186	-0.937413
43	51	16.4882	-32.6418	23.3833	-0.945921
43	52	16.3062	-32.7352	23.3534	-0.954581
43	53	16.1254	-32.8327	23.3295	-0.963322
43	54	15.946	-32.9338	23.3109	-0.972114
43	55	15.7686	-33.0383	23.2982	-0.980933
43	56	15.593	-33.1448	23.2899	-0.989741
43	57	15.419	-33.2543	23.2868	-0.99857
43	58	15.2473	-33.369	23.2912	-1.00743
43	59	15.0805	-33.491	23.3062	-1.01628
43	60	14.9228	-33.6239	23.3371	-1.02502
43	61	14.7749	-33.7697	23.3858	-1.03367
43	62	14.6388	-33.9301	23.4548	-1.04215
43	63	14.5133	-34.1062	23.5444	-1.05053
43	64	14.4126	-34.283	23.6483	-1.05794
43	65	14.33	-34.4594	23.762	-1.06461
43	66	14.2699	-34.6385	23.89	-1.07045
43	67	14.2145	-34.8181	24.0213	-1.07605
43	68	14.1706	-35.0008	24.1617	-1.08124
43	69	14.1296	-35.1853	24.3055	-1.0863
43	70	14.0933	-35.3724	24.4544	-1.09118
43	71	14.0608	-35.5639	24.6096	-1.09594
43	72	14.0356	-35.7596	24.7724	-1.10046
43	73	14.0141	-35.9571	24.939	-1.10482
43	74	14.0011	-36.1549	25.1101	-1.10882
43	75	13.9939	-36.3505	25.282	-1.11252
43	76	13.9894	-36.5481	25.4575	-1.11611
43	77	13.9896	-36.7471	25.6365	-1.11951
43	78	13.9925	-36.9462	25.817	-1.12278
43	79	14.0035	-37.1433	25.9996	-1.12568
43	80	14.0167	-37.3431	26.1857	-1.12851
43	81	14.0379	-37.5428	26.3754	-1.13102
43	82	14.0622	-37.7402	26.5644	-1.13336
43	83	14.0921	-37.9382	26.7565	-1.13548
43	84	14.1237	-38.1363	26.9495	-1.13752
43	85	14.1607	-38.3328	27.1434	-1.13932
43	86	14.2018	-38.5263	27.3364	-1.14092
43	87	14.2479	-38.7212	27.5327	-1.14235
43	88	14.2989	-38.9155	27.7307	-1.14358
43	89	14.3545	-39.111	27.9317	-1.14467
43	90	14.4157	-39.3053	28.1339	-1.14555
43	91	14.4826	-39.4964	28.3356	-1.14618
43	92	14.554	-39.6858	28.5376	-1.14663
43	93	14.6303	-39.8728	28.7395	-1.14689
43	94	14.7111	-40.0583	28.9418	-1.14698
43	95	14.7999	-40.2407	29.1445	-1.14678
43	96	14.8994	-40.4174	29.3466	-1.14617
43	97	15.0164	-40.5835	29.5461	-1.14487
43	98	15.1522	-40.7406	29.7453	-1.1429
43	99	15.3085	-40.8883	29.9448	-1.14019
43	100	15.4694	-41.0181	30.13	-1.13714
43	101	15.6385	-41.1288	30.3016	-1.13361
43	102	15.8162	-41.2222	30.4618	-1.12962
43	103	16.0033	-41.2983	30.6108	-1.12516
43	104	16.194	-41.368	30.7562	-1.12054
43	105	16.3887	-41.4292	30.8964	-1.11573
43	106	16.5848	-41.4896	31.0372	-1.11091
43	107	16.7834	-41.545	31.1753	-1.10599
43	108	16.9841	-41.5976	31.3127	-1.10101
43	109	17.1869	-41.644	31.4463	-1.09593
43	110	17.3897	-41.6869	31.5776	-1.09084
43	111	17.5921	-41.7256	31.7058	-1.08574
43	112	17.7934	-41.7625	31.8327	-1.08069
43	113	17.9942	-41.7971	31.9582	-1.07565
43	114	18.1953	-41.83	32.0831	-1.07063
43	115	18.3972	-41.8601	32.2067	-1.06557
43	116	18.5997	-41.8869	32.3286	-1.06049
43	117	18.8023	-41.9097	32.4479	-1.05539
43	118	19.0041	-41.9291	32.5647	-1.05029
43	119	19.2048	-41.9456	32.6792	-1.04521
43	120	19.4045	-41.9606	32.7928	-1.04017
43	121	19.604	-41.9742	32.9058	-1.03515
43	122	19.8039	-41.987	33.0193	-1.03014
43	123	20.0047	-41.9973	33.132	-1.02511
43	124	20.206	-42.0055	33.2438	-1.02006
43	125	20.4069	-42.0093	33.3526	-1.01499
43	126	20.6067	-42.0101	33.4591	-1.00993
43	127	20.8051	-42.0063	33.5619	-1.00486
43	128	21.0027	-42.0005	33.6634	-0.999814
43	129	21.1982	-41.9924	33.7626	-0.994812
43	130	21.3928	-41.9834	33.8615	-0.989849
43	131	21.585	-41.9699	33.9562	-0.984898
43	132	21.7743	-41.9471	34.0422	-0.979895
43	133	21.9614	-41.9355	34.1372	-0.975153
43	134	22.1281	-41.8804	34.1855	-0.970214
43	135	22.2877	-41.7817	34.1948	-0.964732
43	136	22.4373	-41.6567	34.1779	-0.95905
43	137	22.5869	-41.516	34.1492	-0.953099
43	138	22.7388	-41.3522	34.1044	-0.946686
43	139	22.901	-41.1609	34.0448	-0.939536
43	140	23.0786	-40.9321	33.966	-0.931338
43	141	23.2497	-40.6967	33.8803	-0.92314
43	142	23.4124	-40.4529	33.7852	-0.914946
43	143	23.5638	-40.2008	33.6789	-0.906818
43	144	23.7025	-39.9427	33.5621	-0.898824
43	145	23.8295	-39.6806	33.4371	-0.890971
43	146	23.9468	-39.4145	33.3049	-0.88321
43	147	24.0544	-39.1428	33.1643	-0.875503
43	148	24.1501	-38.8644	33.0127	-0.867876
43	149	24.231	-38.5808	32.8495	-0.860415
43	150	24.297	-38.295	32.6768	-0.853181
43	151	24.3505	-38.0091	32.4974	-0.846154
43	152	24.3938	-37.7223	32.3121	-0.839269
44	0	-12.2319	-35.7735	26.7298	-2.16845
44	1	-12.1976	-35.5756	26.547	-2.17158
44	2	-12.1681	-35.3787	26.3681	-2.17487
44	3	-12.1425	-35.1792	26.1895	-2.1784
44	4	-12.1261	-34.9786	26.0156	-2.18228
44	5	-12.1125	-34.7794	25.845	-2.18628
44	6	-12.1068	-34.5825	25.6811	-2.19052
44	7	-12.1025	-34.3885	25.5209	-2.1948
44	8	-12.1045	-34.1946	25.365	-2.19933
44	9	-12.1091	-34.0009	25.2113	-2.20399
44	10	-12.1213	-33.807	25.0625	-2.20896
44	11	-12.138	-33.6127	24.9167	-2.21415
44	12	-12.1696	-33.4192	24.7812	-2.21985
44	13	-12.2148	-33.2241	24.6536	-2.2261
44	14	-12.2826	-33.0293	24.5411	-2.23312
44	15	-12.3695	-32.8311	24.439	-2.24091
44	16	-12.4706	-32.6501	24.3606	-2.24878
44	17	-12.5812	-32.481	24.2991	-2.25669
44	18	-12.704	-32.3232	24.2556	-2.26473
44	19	-12.8373	-32.1724	24.2257	-2.27294
44	20	-12.9792	-32.0274	24.2074	-2.28129
44	21	-13.1261	-31.8857	24.1967	-2.28971
44	22	-13.2783	-31.7487	24.1947	-2.29817
44	23	-13.4351	-31.6157	24.2005	-2.30666
44	24	-13.596	-31.4892	24.2156	-2.3151
44	25	-13.7572	-31.3668	24.2356	-2.32341
44	26	-13.9217	-31.2502	24.2638	-2.33164
44	27	-14.0868	-31.1373	24.2967	-2.33977
44	28	-14.2523	-31.0285	24.3344	-2.34776
44	29	-14.4172	-30.923	24.3755	-2.35562
44	30	-14.5863	-30.8232	24.4251	-2.36341
44	31	-14.7565	-30.727	24.4795	-2.37109
44	32	-14.9291	-30.6398	24.5433	-2.37854
44	33	-15.0989	-30.5545	24.6078	-2.38581
44	34	-15.2713	-30.4791	24.6821	-2.39282
44	35	-15.4409	-30.4032	24.7553	-2.39974
44	36	-15.6132	-30.3381	24.8388	-2.40635
44	37	-15.7889	-30.2757	24.9278	-2.41294
44	38	-15.974	-30.2298	25.0359	-2.41923
44	39	-16.173	-30.1951	25.1627	-2.42549
44	40	-16.3865	-30.1777	25.3128	-2.43155
44	41	-16.597	-30.1764	25.472	-2.43697
44	42	-16.8062	-30.1923	25.6419	-2.44179
44	43	-17.0146	-30.2267	25.8238	-2.44597
44	44	-17.2236	-30.2792	26.018	-2.44956
44	45	-17.4301	-30.34	26.2159	-2.4528
44	46	-17.6343	-30.4036	26.4141	-2.45586
44	47	-17.8368	-30.469	26.6124	-2.45878
44	48	-18.038	-30.5354	26.8105	-2.46159
44	49	-18.2377	-30.6023	27.0079	-2.46431
44	50	-18.437	-30.67	27.2058	-2.46696
44	51	-18.6362	-30.74	27.4051	-2.46951
44	52	-18.8341	-30.8115	27.6046	-2.47195
44	53	-19.03	-30.8836	27.8031	-2.47429
44	54	-19.2236	-30.956	28	-2.47654
44	55	-19.4151	-31.028	28.1951	-2.47872
44	56	-19.6043	-31.0994	28.3883	-2.48084
44	57	-19.7908	-31.17	28.5789	-2.48289
44	58	-19.9779	-31.2437	28.772	-2.48485
44	59	-20.1641	-31.3197	28.966	-2.48669
44	60	-20.3484	-31.397	29.1592	-2.48844
44	61	-20.5299	-31.475	29.3508	-2.49009
44	62	-20.7089	-31.5525	29.5402	-2.49167
44	63	-20.8846	-31.6313	29.7278	-2.49314
44	64	-21.0583	-31.7098	29.9137	-2.49456
44	65	-21.2282	-31.7924	30.0991	-2.49577
44	66	-21.3932	-31.8777	30.2822	-2.4968
44	67	-21.5598	-31.956	30.4624	-2.49803
44	68	-21.6961	-32.0662	30.6375	-2.49782
44	69	-21.8206	-32.1962	30.8152	-2.49688
44	70	-21.9101	-32.3667	30.9893	-2.49421
44	71	-22.0047	-32.5476	31.174	-2.49141
44	72	-22.0869	-32.7569	31.3663	-2.48769
44	73	-22.1721	-32.9941	31.5785	-2.48337
44	74	-22.2552	-33.2732	31.8154	-2.47803
44	75	-22.3307	-33.5564	32.0498	-2.47252
44	76	-22.3956	-33.8447	32.2801	-2.46676
44	77	-22.4474	-34.1371	32.5038	-2.46073
44	78	-22.485	-34.4308	32.7186	-2.45448
44	79	-22.5103	-34.724	32.9248	-2.44808
44	80	-22.5253	-35.0172	33.1244	-2.44156
44	81	-22.5297	-35.3118	33.3183	-2.43488
44	82	-22.5213	-35.6084	33.5053	-2.42799
44	83	-22.4981	-35.9048	33.6827	-2.42089
44	84	-22.461	-36.1982	33.8493	-2.41365
44	85	-22.4128	-36.4878	34.0069	-2.40635
44	86	-22.3553	-36.7749	34.1577	-2.39899
44	87	-22.288	-37.0609	34.3025	-2.39152
44	88	-22.2088	-37.3458	34.4398	-2.3839
44	89	-22.1165	-37.6274	34.5673	-2.37614
44	90	-22.0119	-37.9036	34.6844	-2.36831
44	91	-21.8975	-38.1742	34.7925	-2.36045
44	92	-21.774	-38.4404	34.8934	-2.35254
44	93	-21.6405	-38.7031	34.9869	-2.34454
44	94	-21.4953	-38.9611	35.0711	-2.33644
44	95	-21.3381	-39.2117	35.144	-2.32828
44	96	-21.1935	-39.4169	35.1946	-2.32128
44	97	-21.0583	-39.5866	35.2272	-2.31519
44	98	-20.9296	-39.73	35.2459	-2.30975
44	99	-20.8021	-39.8529	35.2513	-2.30473
44	100	-20.6702	-39.9578	35.2413	-2.29995
44	101	-20.5503	-40.0714	35.2465	-2.29527
44	102	-20.4163	-40.1374	35.2075	-2.29118
44	103	-20.2573	-40.1641	35.1229	-2.28727
44	104	-20.0958	-40.2083	35.0505	-2.28297
44	105	-19.9269	-40.2442	34.9676	-2.27864
44	106	-19.7543	-40.2736	34.878	-2.27434
44	107	-19.5793	-40.3003	34.7855	-2.27
44	108	-19.402	-40.3227	34.6889	-2.26568
44	109	-19.2231	-40.3429	34.5901	-2.26133
44	110	-19.0426	-40.359	34.488	-2.257
44	111	-18.8608	-40.3754	34.3858	-2.25261
44	112	-18.6771	-40.3892	34.281	-2.24819
44	113	-18.4911	-40.4015	34.1744	-2.24372
44	114	-18.3023	-40.4131	34.0661	-2.23918
44	115	-18.1105	-40.4212	33.954	-2.2346
44	116	-17.919	-40.427	33.8409	-2.23003
44	117	-17.7279	-40.4287	33.7256	-2.22552
44	118	-17.5397	-40.4271	33.6101	-2.22111
44	119	-17.3547	-40.4219	33.4942	-2.21681
44	120	-17.1682	-40.416	33.3775	-2.21245
44	121	-16.98	-40.4081	33.2588	-2.20806
44	122	-16.7898	-40.3967	33.1369	-2.20366
44	123	-16.5974	-40.3839	33.0131	-2.19918
44	124	-16.403	-40.3685	32.8866	-2.19468
44	125	-16.207	-40.3522	32.7593	-2.19011
44	126	-16.0107	-40.3308	32.6282	-2.18559
44	127	-15.8141	-40.3082	32.4967	-2.18105
44	128	-15.6179	-40.2812	32.3624	-2.17656
44	129	-15.4216	-40.2522	32.2272	-2.17207
44	130	-15.2251	-40.2193	32.0892	-2.1676
44	131	-15.028	-40.1821	31.948	-2.16315
44	132	-14.8331	-40.137	31.8021	-2.15886
44	133	-14.6436	-40.0774	31.6476	-2.15492
44	134	-14.4611	-40.0016	31.4839	-2.15141
44	135	-14.2856	-39.9058	31.3077	-2.1484
44	136	-14.1145	-39.7935	31.1203	-2.14577
44	137	-13.9482	-39.6594	30.9174	-2.14361
44	138	-13.7983	-39.5157	30.7154	-2.14205
44	139	-13.6644	-39.3617	30.5135	-2.14108
44	140	-13.5417	-39.1983	30.3097	-2.14059
44	141	-13.4271	-39.0276	30.1042	-2.14044
44	142	-13.3178	-38.8522	29.8975	-2.14053
44	143	-13.2136	-38.6708	29.6885	-2.14087
44	144	-13.115	-38.4847	29.4787	-2.14146
44	145	-13.0222	-38.2958	29.2695	-2.14228
44	146	-12.935	-38.1061	29.0628	-2.14328
44	147	-12.8536	-37.9149	28.8581	-2.1445
44	148	-12.7772	-37.724	28.6563	-2.14588
44	149	-12.7039	-37.5346	28.4575	-2.14734
44	150	-12.6348	-37.3427	28.2591	-2.14899
44	151	-12.5686	-37.15	28.0615	-2.15077
44	152	-12.5074	-36.9569	27.8665	-2.15273
44	153	-12.4502	-36.7602	27.6708	-2.15491
44	154	-12.3995	-36.5616	27.4773	-2.15735
44	155	-12.3519	-36.3642	27.2866	-2.1599
44	156	-12.3086	-36.1691	27.1004	-2.16258
44	157	-12.2682	-35.9718	26.9143	-2.16542
48	0	22.866	-44.4253	36.7115	-0.992808
48	1	22.782	-44.1448	36.4307	-0.990533
48	2	22.6872	-43.8701	36.1491	-0.98856
48	3	22.5823	-43.6005	35.8663	-0.986868
48	4	22.479	-43.372	35.6187	-0.985751
48	5	22.3729	-43.1758	35.3966	-0.985191
48	6	22.2604	-43.0048	35.1919	-0.985168
48	7	22.1388	-42.8533	34.9985	-0.985673
48	8	22.0044	-42.7189	34.8121	-0.986757
48	9	21.8348	-42.6446	34.6568	-0.989658
48	10	21.6289	-42.6258	34.5285	-0.994344
48	11	21.4193	-42.6199	34.4097	-0.999357
48	12	21.2101	-42.617	34.2945	-1.00444
48	13	21.0028	-42.6142	34.1814	-1.00952
48	14	20.7981	-42.6124	34.0714	-1.01457
48	15	20.5958	-42.6077	33.961	-1.01956
48	16	20.3955	-42.5959	33.8465	-1.02442
48	17	20.193	-42.5808	33.7287	-1.02932
48	18	19.9884	-42.5652	33.6103	-1.03429
48	19	19.7826	-42.5536	33.4956	-1.0394
48	20	19.5773	-42.5408	33.3809	-1.04451
48	21	19.3729	-42.5262	33.266	-1.0496
48	22	19.1691	-42.5136	33.1541	-1.05474
48	23	18.9656	-42.4972	33.0398	-1.05985
48	24	18.7618	-42.4745	32.9208	-1.06491
48	25	18.5574	-42.4492	32.8	-1.06999
48	26	18.3525	-42.4276	32.6832	-1.07517
48	27	18.1488	-42.4049	32.5667	-1.08035
48	28	17.9471	-42.378	32.4485	-1.08544
48	29	17.7476	-42.3464	32.3278	-1.09044
48	30	17.5492	-42.3127	32.2066	-1.09542
48	31	17.3507	-42.2807	32.0878	-1.10046
48	32	17.1524	-42.2488	31.9699	-1.10554
48	33	16.9548	-42.218	31.8541	-1.11065
48	34	16.7587	-42.1883	31.7408	-1.11577
48	35	16.5649	-42.1602	31.6308	-1.12088
48	36	16.3734	-42.134	31.5244	-1.12599
48	37	16.1837	-42.11	31.4215	-1.13111
48	38	15.9964	-42.0864	31.3208	-1.1362
48	39	15.8102	-42.0652	31.2236	-1.14133
48	40	15.6235	-42.05	31.1325	-1.14658
48	41	15.4355	-42.0463	31.0522	-1.15205
48	42	15.2458	-42.0694	30.9967	-1.15794
48	43	15.0521	-42.126	30.9714	-1.1644
48	44	14.8568	-42.209	30.9712	-1.17125
48	45	14.6684	-42.316	30.9972	-1.17819
48	46	14.498	-42.4409	31.0482	-1.1848
48	47	14.3413	-42.581	31.1196	-1.19117
48	48	14.1944	-42.7304	31.2045	-1.19731
48	49	14.0537	-42.8854	31.298	-1.2033
48	50	13.918	-43.0452	31.399	-1.20917
48	51	13.7882	-43.2107	31.5084	-1.21488
48	52	13.6669	-43.3835	31.6285	-1.22038
48	53	13.5585	-43.5659	31.7631	-1.22555
48	54	13.4692	-43.7599	31.9157	-1.23024
48	55	13.4016	-43.969	32.0906	-1.2344
48	56	13.3572	-44.184	32.2791	-1.2379
48	57	13.3329	-44.3977	32.4731	-1.24076
48	58	13.3241	-44.6105	32.6717	-1.24313
48	59	13.3293	-44.8244	32.876	-1.24507
48	60	13.344	-45.0393	33.0844	-1.24673
48	61	13.3644	-45.2554	33.2957	-1.24821
48	62	13.3885	-45.4723	33.5091	-1.24958
48	63	13.4178	-45.6893	33.7243	-1.25079
48	64	13.4515	-45.9049	33.9395	-1.25184
48	65	13.4879	-46.1176	34.1529	-1.25278
48	66	13.5249	-46.3271	34.3635	-1.25367
48	67	13.5619	-46.5336	34.5712	-1.25452
48	68	13.5982	-46.7379	34.7767	-1.25535
48	69	13.6371	-46.9438	34.9846	-1.25612
48	70	13.6781	-47.152	35.1952	-1.25684
48	71	13.722	-47.3618	35.4084	-1.25749
48	72	13.7697	-47.572	35.623	-1.25804
48	73	13.8208	-47.7811	35.8377	-1.25848
48	74	13.8742	-47.9885	36.0515	-1.25883
48	75	13.9286	-48.1944	36.2641	-1.25915
48	76	13.9832	-48.3998	36.4764	-1.25945
48	77	14.0384	-48.6058	36.6894	-1.25974
48	78	14.0947	-48.8127	36.9036	-1.26
48	79	14.1531	-49.0201	37.119	-1.26021
48	80	14.2139	-49.227	37.3345	-1.26036
48	81	14.2763	-49.4324	37.5492	-1.26045
48	82	14.3394	-49.6365	37.7628	-1.2605
48	83	14.4027	-49.8397	37.9756	-1.26055
48	84	14.4665	-50.0428	38.1885	-1.26058
48	85	14.5316	-50.2462	38.402	-1.26059
48	86	14.5992	-50.4492	38.616	-1.26052
48	87	14.6699	-50.6508	38.8296	-1.26038
48	88	14.7435	-50.85	39.0417	-1.26014
48	89	14.8196	-51.0462	39.2518	-1.25982
48	90	14.8979	-51.24	39.4602	-1.25944
48	91	14.9781	-51.432	39.6676	-1.25899
48	92	15.0592	-51.6222	39.8735	-1.25852
48	93	15.1424	-51.8107	40.0784	-1.25799
48	94	15.229	-51.9956	40.281	-1.25736
48	95	15.3225	-52.1743	40.4799	-1.25652
48	96	15.447	-52.3064	40.6441	-1.25461
48	97	15.6081	-52.3937	40.7774	-1.25152
48	98	15.7803	-52.4608	40.8953	-1.24804
48	99	15.9638	-52.5116	41.002	-1.24419
48	100	16.1632	-52.5458	41.0987	-1.23986
48	101	16.3851	-52.5627	41.1874	-1.2349
48	102	16.6371	-52.5632	41.2716	-1.22914
48	103	16.9296	-52.5482	41.3564	-1.22235
48	104	17.2226	-52.5232	41.4339	-1.2155
48	105	17.5164	-52.4864	41.5026	-1.20855
48	106	17.8095	-52.4348	41.5593	-1.20152
48	107	18.0989	-52.3682	41.6026	-1.19445
48	108	18.3832	-52.2891	41.6347	-1.1874
48	109	18.6635	-52.2	41.6579	-1.18036
48	110	18.9413	-52.1001	41.6723	-1.17329
48	111	19.2161	-51.9866	41.675	-1.16615
48	112	19.4848	-51.8575	41.6632	-1.15901
48	113	19.7446	-51.715	41.6377	-1.15192
48	114	19.9959	-51.5629	41.6019	-1.14491
48	115	20.2411	-51.4031	41.5587	-1.13795
48	116	20.4817	-51.2344	41.5075	-1.13098
48	117	20.7165	-51.0538	41.4451	-1.124
48	118	20.942	-50.8599	41.3687	-1.11706
48	119	21.1557	-50.655	41.2791	-1.11023
48	120	21.3585	-50.4423	41.1796	-1.10352
48	121	21.553	-50.2232	41.0725	-1.09689
48	122	21.7393	-49.9956	40.9559	-1.09031
48	123	21.9159	-49.7577	40.8275	-1.08378
48	124	22.0798	-49.5103	40.6863	-1.07737
48	125	22.2299	-49.2562	40.5344	-1.07114
48	126	22.368	-48.9978	40.3745	-1.06508
48	127	22.4961	-48.7348	40.2072	-1.05912
48	128	22.6143	-48.4654	40.0309	-1.05325
48	129	22.7198	-48.1886	39.8432	-1.04751
48	130	22.81	-47.9063	39.6444	-1.04198
48	131	22.8854	-47.6219	39.4375	-1.03669
48	132	22.9487	-47.337	39.2249	-1.03161
48	133	23.0021	-47.0504	39.0069	-1.02666
48	134	23.0448	-46.7602	38.7811	-1.02185
48	135	23.0736	-46.4656	38.5453	-1.01722
48	136	23.0856	-46.1689	38.2995	-1.01288
48	137	23.081	-45.8736	38.047	-1.00887
48	138	23.0629	-45.5814	37.7903	-1.00516
48	139	23.0335	-45.291	37.5295	-1.00167
48	140	22.9921	-45.0009	37.2631	-0.998414
48	141	22.9366	-44.7115	36.9899	-0.995436
49	0	-13.6127	-45.3772	35.7011	-2.04877
49	1	-13.5488	-45.202	35.5162	-2.04944
49	2	-13.486	-45.0294	35.334	-2.05011
49	3	-13.4241	-44.8571	35.1527	-2.05081
49	4	-13.3638	-44.6833	34.9707	-2.05157
49	5	-13.3058	-44.5079	34.7883	-2.05243
49	6	-13.2508	-44.3309	34.606	-2.05339
49	7	-13.1993	-44.1526	34.4241	-2.05447
49	8	-13.1509	-43.9749	34.2444	-2.05563
49	9	-13.1065	-43.7981	34.0672	-2.0569
49	10	-13.0671	-43.622	33.8932	-2.0583
49	11	-13.0347	-43.4461	33.7227	-2.05989
49	12	-13.0125	-43.2691	33.556	-2.06178
49	13	-13.0029	-43.0892	33.393	-2.06407
49	14	-13.008	-42.9037	33.2321	-2.06685
49	15	-13.0304	-42.71	33.0726	-2.07023
49	16	-13.0682	-42.5228	32.9266	-2.07396
49	17	-13.1195	-42.3392	32.7908	-2.07803
49	18	-13.1872	-42.1603	32.6676	-2.0825
49	19	-13.269	-41.9852	32.5554	-2.08733
49	20	-13.3622	-41.815	32.4538	-2.09241
49	21	-13.4656	-41.6511	32.3637	-2.09771
49	22	-13.5801	-41.4963	32.288	-2.10319
49	23	-13.7113	-41.3584	32.2362	-2.10886
49	24	-13.8596	-41.2375	32.209	-2.11474
49	25	-14.0238	-41.1307	32.2032	-2.12082
49	26	-14.1875	-41.0487	32.2193	-2.12648
49	27	-14.3512	-40.9946	32.2601	-2.13168
49	28	-14.5154	-40.9691	32.3263	-2.1364
49	29	-14.6815	-40.9605	32.4084	-2.14087
49	30	-14.8489	-40.9578	32.4967	-2.14525
49	31	-15.0184	-40.9566	32.5882	-2.14963
49	32	-15.1909	-40.9556	32.682	-2.15407
49	33	-15.366	-40.9565	32.7795	-2.15852
49	34	-15.5439	-40.9593	32.8808	-2.16297
49	35	-15.7241	-40.9633	32.985	-2.16743
49	36	-15.9062	-40.968	33.0915	-2.17191
49	37	-16.0898	-40.975	33.2015	-2.17635
49	38	-16.2751	-40.9817	33.3128	-2.18081
49	39	-16.4626	-40.9842	33.4227	-2.18536
49	40	-16.6532	-40.9841	33.5329	-2.19001
49	41	-16.8447	-40.9883	33.6478	-2.19457
49	42	-17.037	-40.9916	33.7631	-2.19914
49	43	-17.227	-40.9948	33.8778	-2.20362
49	44	-17.4136	-41.0035	33.9954	-2.20789
49	45	-17.6007	-41.0069	34.1098	-2.21224
49	46	-17.7882	-41.0054	34.221	-2.21666
49	47	-17.9763	-41.0053	34.3345	-2.22104
49	48	-18.1655	-41	34.4452	-2.2255
49	49	-18.3568	-40.9898	34.554	-2.23007
49	50	-18.5508	-40.9819	34.6669	-2.23463
49	51	-18.7469	-40.9719	34.7802	-2.23925
49	52	-18.9443	-40.9603	34.8938	-2.2439
49	53	-19.1422	-40.9525	35.0115	-2.24846
49	54	-19.3394	-40.943	35.1281	-2.253
49	55	-19.5355	-40.9287	35.241	-2.25758
49	56	-19.7307	-40.9091	35.35	-2.2622
49	57	-19.9247	-40.8837	35.4545	-2.26687
49	58	-20.1186	-40.8486	35.5523	-2.27169
49	59	-20.3144	-40.8411	35.6732	-2.27602
49	60	-20.4715	-40.8807	35.8053	-2.27864
49	61	-20.6062	-40.9689	35.9599	-2.27989
49	62	-20.7248	-41.0835	36.1241	-2.28032
49	63	-20.8323	-41.2182	36.2964	-2.28015
49	64	-20.933	-41.3753	36.4812	-2.27944
49	65	-21.0296	-41.5604	36.6846	-2.27815
49	66	-21.1246	-41.7802	36.9134	-2.27624
49	67	-21.2204	-42.0423	37.1753	-2.27363
49	68	-21.3041	-42.3077	37.432	-2.27075
49	69	-21.3774	-42.575	37.6839	-2.26767
49	70	-21.4412	-42.8449	37.932	-2.2644
49	71	-21.4945	-43.1187	38.1768	-2.26088
49	72	-21.5349	-43.3964	38.4169	-2.25709
49	73	-21.5604	-43.6759	38.6497	-2.25302
49	74	-21.5719	-43.9543	38.8734	-2.24874
49	75	-21.5723	-44.2302	39.0889	-2.24432
49	76	-21.564	-44.5045	39.2985	-2.2398
49	77	-21.5475	-44.7786	39.5037	-2.23517
49	78	-21.5211	-45.0538	39.7045	-2.23037
49	79	-21.4819	-45.3295	39.8989	-2.22536
49	80	-21.4282	-45.6031	40.0839	-2.22014
49	81	-21.3612	-45.8722	40.2582	-2.21477
49	82	-21.2832	-46.1358	40.4228	-2.20932
49	83	-21.1962	-46.3952	40.5799	-2.20378
49	84	-21.0997	-46.6518	40.7303	-2.19815
49	85	-20.9916	-46.9056	40.873	-2.19236
49	86	-20.8703	-47.1546	41.0055	-2.18642
49	87	-20.7362	-47.396	41.1259	-2.18037
49	88	-20.5918	-47.6286	41.2348	-2.17427
49	89	-20.4397	-47.8535	41.3343	-2.16815
49	90	-20.2803	-48.0721	41.4262	-2.162
49	91	-20.1137	-48.286	41.5118	-2.15579
49	92	-19.9374	-48.4938	41.5885	-2.1495
49	93	-19.7509	-48.693	41.6541	-2.14314
49	94	-19.5555	-48.882	41.708	-2.13675
49	95	-19.3537	-49.061	41.7518	-2.13037
49	96	-19.1469	-49.232	41.7877	-2.124
49	97	-18.9344	-49.3959	41.8164	-2.11762
49	98	-18.7147	-49.5521	41.8365	-2.11119
49	99	-18.4866	-49.6982	41.8453	-2.10472
49	100	-18.251	-49.8317	41.8411	-2.09825
49	101	-18.0104	-49.9522	41.825	-2.09183
49	102	-17.7668	-50.0614	41.7993	-2.08547
49	103	-17.5207	-50.1613	41.766	-2.07917
49	104	-17.2714	-50.2524	41.725	-2.07288
49	105	-17.018	-50.333	41.6745	-2.06662
49	106	-16.7932	-50.3881	41.6166	-2.06124
49	107	-16.5892	-50.4189	41.5482	-2.05656
49	108	-16.3998	-50.4281	41.4682	-2.05242
49	109	-16.2198	-50.4188	41.377	-2.04867
49	110	-16.0451	-50.3935	41.2743	-2.04519
49	111	-15.8758	-50.3459	41.1549	-2.04206
49	112	-15.743	-50.2402	41.0005	-2.04034
49	113	-15.6424	-50.0739	40.8067	-2.03999
49	114	-15.5524	-49.9036	40.614	-2.03991
49	115	-15.463	-49.7341	40.4225	-2.03983
49	116	-15.3762	-49.5646	40.232	-2.03981
49	117	-15.2909	-49.3955	40.0426	-2.03982
49	118	-15.2063	-49.2271	39.8542	-2.03984
49	119	-15.1222	-49.0593	39.6665	-2.03986
49	120	-15.0387	-48.8919	39.4794	-2.03989
49	121	-14.9564	-48.7234	39.2919	-2.03996
49	122	-14.8766	-48.5523	39.1032	-2.04012
49	123	-14.7997	-48.3793	38.9141	-2.04037
49	124	-14.7253	-48.2051	38.7251	-2.04069
49	125	-14.6525	-48.0304	38.5364	-2.04106
49	126	-14.5804	-47.8553	38.3476	-2.04145
49	127	-14.5084	-47.6796	38.1584	-2.04185
49	128	-14.4362	-47.5031	37.9684	-2.04227
49	129	-14.3641	-47.3261	37.7779	-2.0427
49	130	-14.2924	-47.1495	37.588	-2.04314
49	131	-14.2216	-46.9745	37.4	-2.04358
49	132	-14.1519	-46.7978	37.211	-2.04407
49	133	-14.0834	-46.6206	37.022	-2.04461
49	134	-14.0154	-46.4434	36.8333	-2.04516
49	135	-13.9474	-46.2663	36.6447	-2.04572
49	136	-13.8794	-46.0889	36.4558	-2.04628
49	137	-13.8115	-45.9109	36.2665	-2.04687
49	138	-13.7441	-45.7325	36.0771	-2.04747
49	139	-13.6778	-45.5543	35.8883	-2.04811
