# CellID	NodeIndex	X	Y	R	Theta
8	0	54.9458	-12.3606	51.8582	0.0248221
8	1	55.1394	-12.1861	52.0563	0.0280823
8	2	55.3239	-11.9994	52.2463	0.0315549
8	3	55.4966	-11.801	52.4255	0.0352341
8	4	55.6562	-11.5929	52.5928	0.0390803
8	5	55.8033	-11.3777	52.7486	0.0430483
8	6	55.9394	-11.1565	52.8945	0.0471165
8	7	56.0657	-10.9288	53.0319	0.0512919
8	8	56.1819	-10.6937	53.1604	0.0555977
8	9	56.286	-10.4503	53.2784	0.0600494
8	10	56.376	-10.1997	53.3838	0.0646341
8	11	56.4511	-9.94415	53.4759	0.0693126
8	12	56.5126	-9.68562	53.5558	0.0740488
8	13	56.5625	-9.42466	53.6254	0.078833
8	14	56.6015	-9.16051	53.6858	0.0836808
8	15	56.629	-8.89212	53.7363	0.0886152
8	16	56.6429	-8.61945	53.7749	0.0936432
8	17	56.6413	-8.34416	53.7998	0.0987403
8	18	56.6246	-8.0687	53.811	0.103865
8	19	56.5947	-7.79433	53.8104	0.108994
8	20	56.5535	-7.52048	53.7999	0.114137
8	21	56.5008	-7.24575	53.7796	0.119324
8	22	56.4343	-6.96949	53.7472	0.124575
8	23	56.3511	-6.69323	53.6997	0.129872
8	24	56.2503	-6.42051	53.6358	0.135158
8	25	56.1344	-6.1539	53.5577	0.140382
8	26	56.0068	-5.893	53.4686	0.145547
8	27	55.8689	-5.63578	53.3701	0.15069
8	28	55.7195	-5.38093	53.2614	0.155842
8	29	55.5562	-5.12947	53.1398	0.160994
8	30	55.3784	-4.88434	53.0043	0.166097
8	31	55.1884	-4.6476	52.8567	0.171108
8	32	54.9889	-4.41837	52.6998	0.176039
8	33	54.7807	-4.19448	52.5346	0.180929
8	34	54.5618	-3.9752	52.3593	0.185801
8	35	54.3301	-3.76256	52.1715	0.190627
8	36	54.0862	-3.55983	51.971	0.195346
8	37	53.8333	-3.36776	51.7608	0.199935
8	38	53.5732	-3.18412	51.5429	0.204429
8	39	53.3044	-3.00715	51.3161	0.208869
8	40	53.0242	-2.83839	51.0775	0.213239
8	41	52.7324	-2.68218	50.8258	0.217458
8	42	52.4344	-2.54318	50.5652	0.221413
8	43	52.1712	-2.44225	50.3308	0.224518
8	44	51.9332	-2.37065	50.1149	0.226969
8	45	51.7114	-2.32128	49.91	0.228932
8	46	51.4984	-2.28927	49.7099	0.230532
8	47	51.2883	-2.27269	49.5092	0.231827
8	48	51.0788	-2.27625	49.3044	0.232734
8	49	50.878	-2.32031	49.0989	0.232804
8	50	50.6811	-2.40785	48.8871	0.23199
8	51	50.4829	-2.49066	48.6752	0.231271
8	52	50.2908	-2.58289	48.4672	0.230327
8	53	50.1037	-2.67867	48.2631	0.22928
8	54	49.9209	-2.77584	48.063	0.228176
8	55	49.7412	-2.87283	47.8661	0.227051
8	56	49.5637	-2.97425	47.6703	0.225816
8	57	49.3879	-3.0791	47.4756	0.224493
8	58	49.2158	-3.18944	47.2833	0.223028
8	59	49.047	-3.30215	47.0938	0.221487
8	60	48.885	-3.41933	46.9101	0.219809
8	61	48.7262	-3.54037	46.7288	0.218022
8	62	48.5739	-3.66703	46.5528	0.216073
8	63	48.4246	-3.79378	46.3799	0.214094
8	64	48.2801	-3.92233	46.2115	0.21204
8	65	48.1382	-4.04997	46.0459	0.209979
8	66	47.9982	-4.18294	45.8815	0.20778
8	67	47.8618	-4.32123	45.7196	0.205436
8	68	47.7286	-4.46291	45.5604	0.202988
8	69	47.6025	-4.60935	45.4075	0.200389
8	70	47.4803	-4.75556	45.2588	0.19776
8	71	47.3673	-4.90393	45.119	0.195028
8	72	47.258	-5.05153	44.9834	0.19228
8	73	47.156	-5.20186	44.8547	0.189425
8	74	47.0595	-5.35348	44.7316	0.186502
8	75	46.971	-5.50828	44.6162	0.18346
8	76	46.8868	-5.66517	44.5049	0.18034
8	77	46.8056	-5.82825	44.396	0.177054
8	78	46.7531	-6.0083	44.3129	0.173263
8	79	46.7015	-6.19721	44.2299	0.169257
8	80	46.6807	-6.40422	44.175	0.164717
8	81	46.6669	-6.60595	44.1288	0.160259
8	82	46.6812	-6.80508	44.1115	0.155751
8	83	46.7051	-7.00271	44.105	0.15124
8	84	46.7549	-7.19865	44.1251	0.14668
8	85	46.812	-7.39519	44.1533	0.142088
8	86	46.8769	-7.5885	44.1907	0.137549
8	87	46.9417	-7.78129	44.2288	0.133031
8	88	47.0102	-7.97429	44.2716	0.128504
8	89	47.0789	-8.16851	44.3154	0.123959
8	90	47.1513	-8.36409	44.3635	0.119382
8	91	47.226	-8.56039	44.4148	0.114794
8	92	47.303	-8.75577	44.4693	0.110231
8	93	47.3805	-8.94933	44.5255	0.105719
8	94	47.4583	-9.14059	44.5832	0.101268
8	95	47.536	-9.32985	44.6417	0.0968747
8	96	47.6141	-9.51735	44.7017	0.0925309
8	97	47.6924	-9.70334	44.7629	0.088232
8	98	47.7708	-9.88728	44.8252	0.0839902
8	99	47.8523	-10.0729	44.8912	0.0797167
8	100	47.9355	-10.259	44.9598	0.075445
8	101	48.018	-10.445	45.0285	0.0711879
8	102	48.101	-10.6299	45.0985	0.0669663
8	103	48.1867	-10.813	45.1721	0.0627958
8	104	48.2741	-10.9952	45.2483	0.0586566
8	105	48.3614	-11.1778	45.3251	0.0545207
8	106	48.4501	-11.3605	45.4042	0.0503963
8	107	48.5394	-11.5431	45.4845	0.0462877
8	108	48.63	-11.7237	45.5671	0.0422362
8	109	48.7212	-11.9008	45.651	0.038276
8	110	48.8131	-12.0727	45.7366	0.034444
8	111	48.9036	-12.2396	45.8217	0.0307347
8	112	48.9941	-12.4009	45.9075	0.0271625
8	113	49.0841	-12.5574	45.9934	0.0237079
8	114	49.1751	-12.709	46.0811	0.0203734
8	115	49.2718	-12.8552	46.175	0.0171652
8	116	49.3632	-13.0016	46.2641	0.0139658
8	117	49.4737	-13.1279	46.373	0.0112108
8	118	49.6142	-13.2232	46.5126	0.00912823
8	119	49.7885	-13.2911	46.6863	0.00763896
8	120	49.9721	-13.3677	46.8693	0.00597396
8	121	50.18	-13.4333	47.0769	0.00455608
8	122	50.4175	-13.4884	47.3142	0.00336771
8	123	50.6931	-13.5353	47.5896	0.00236305
8	124	50.9678	-13.5702	47.8643	0.00162077
8	125	51.242	-13.5945	48.1385	0.00110543
8	126	51.5169	-13.6077	48.4134	0.000827793
8	127	51.7929	-13.6072	48.6893	0.000833648
8	128	52.0684	-13.5904	48.9648	0.00117104
8	129	52.3404	-13.5569	49.2368	0.00184552
8	130	52.6066	-13.5086	49.5032	0.00281139
8	131	52.867	-13.4481	49.7638	0.00401136
8	132	53.1227	-13.3768	50.0198	0.00541633
8	133	53.3748	-13.294	50.2724	0.00703642
8	134	53.6229	-13.1978	50.5213	0.00890541
8	135	53.865	-13.0869	50.7645	0.0110473
8	136	54.0987	-12.962	50.9997	0.0134471
8	137	54.3227	-12.8252	51.2257	0.0160573
8	138	54.5377	-12.6791	51.4432	0.018831
8	139	54.7451	-12.5244	51.6537	0.0217487
9	0	-40.5204	-0.339224	45.6089	2.84549
9	1	-40.6192	-0.194686	45.7457	2.8431
9	2	-40.7288	-0.0539377	45.892	2.84087
9	3	-40.8394	0.0888222	46.04	2.83862
9	4	-40.9579	0.225485	46.194	2.83656
9	5	-41.0772	0.359073	46.348	2.83458
9	6	-41.2008	0.49208	46.5061	2.83266
9	7	-41.3284	0.623427	46.6676	2.83081
9	8	-41.4564	0.755576	46.83	2.82896
9	9	-41.5888	0.883203	46.9953	2.82724
9	10	-41.7208	1.00904	47.1599	2.82557
9	11	-41.8592	1.13259	47.3298	2.824
9	12	-41.9992	1.2558	47.5013	2.82245
9	13	-42.1418	1.37374	47.6738	2.82104
9	14	-42.286	1.49195	47.848	2.81965
9	15	-42.4319	1.60826	48.0232	2.81831
9	16	-42.5787	1.72227	48.1987	2.81704
9	17	-42.7272	1.83724	48.3761	2.81576
9	18	-42.8791	1.95018	48.5562	2.81456
9	19	-43.0335	2.0634	48.7388	2.81338
9	20	-43.192	2.17372	48.9245	2.81229
9	21	-43.3593	2.26286	49.1116	2.81167
9	22	-43.5395	2.31909	49.3003	2.81178
9	23	-43.7411	2.33435	49.496	2.8128
9	24	-43.9492	2.33312	49.6926	2.81418
9	25	-44.1688	2.31303	49.8942	2.81598
9	26	-44.4078	2.27725	50.1092	2.81818
9	27	-44.6752	2.22083	50.3451	2.82093
9	28	-44.9831	2.14082	50.6124	2.82435
9	29	-45.2899	2.04902	50.8756	2.82794
9	30	-45.5944	1.94311	51.1329	2.83175
9	31	-45.8929	1.82272	51.3809	2.83575
9	32	-46.184	1.69089	51.6192	2.83989
9	33	-46.4673	1.55139	51.8487	2.84408
9	34	-46.7449	1.4036	52.0713	2.84836
9	35	-47.0164	1.24471	52.2858	2.85277
9	36	-47.2787	1.07334	52.4889	2.85732
9	37	-47.529	0.891667	52.6788	2.86196
9	38	-47.768	0.702891	52.8569	2.86664
9	39	-47.9978	0.507979	53.0258	2.87136
9	40	-48.2194	0.305676	53.1859	2.87613
9	41	-48.4312	0.0946369	53.3356	2.88099
9	42	-48.631	-0.124412	53.4729	2.88592
9	43	-48.8185	-0.349161	53.5981	2.89086
9	44	-48.9949	-0.578142	53.7128	2.8958
9	45	-49.1615	-0.811778	53.8182	2.90077
9	46	-49.3178	-1.05145	53.9136	2.90577
9	47	-49.4619	-1.29759	53.9968	2.91083
9	48	-49.5919	-1.54861	54.0667	2.9159
9	49	-49.7082	-1.80216	54.1239	2.92095
9	50	-49.8125	-2.0571	54.1706	2.92596
9	51	-49.9061	-2.31396	54.2078	2.93096
9	52	-49.9886	-2.57403	54.2348	2.93597
9	53	-50.0579	-2.83783	54.2495	2.94099
9	54	-50.1119	-3.10406	54.25	2.94599
9	55	-50.1504	-3.37024	54.2366	2.95095
9	56	-50.1748	-3.63459	54.2112	2.95582
9	57	-50.1872	-3.897	54.1756	2.96062
9	58	-50.1884	-4.15836	54.1303	2.96538
9	59	-50.1774	-4.4194	54.0743	2.97009
9	60	-50.1525	-4.67964	54.0059	2.97476
9	61	-50.1126	-4.93721	53.9244	2.97935
9	62	-50.0585	-5.19005	53.8307	2.98382
9	63	-49.9921	-5.43725	53.7268	2.98817
9	64	-49.9152	-5.67928	53.6142	2.99241
9	65	-49.8279	-5.91709	53.4931	2.99657
9	66	-49.7295	-6.15111	53.3623	3.00064
9	67	-49.6182	-6.38056	53.2203	3.00462
9	68	-49.4931	-6.60348	53.0663	3.00846
9	69	-49.3549	-6.81782	52.9013	3.01212
9	70	-49.2056	-7.02274	52.7271	3.01561
9	71	-49.047	-7.21882	52.5453	3.01894
9	72	-48.8797	-7.40713	52.3565	3.02211
9	73	-48.7032	-7.58816	52.16	3.02516
9	74	-48.5167	-7.76122	51.9548	3.02805
9	75	-48.3196	-7.9246	51.7407	3.03075
9	76	-48.113	-8.07669	51.5187	3.03324
9	77	-47.8988	-8.21711	51.2907	3.03551
9	78	-47.6782	-8.34675	51.0577	3.03758
9	79	-47.4517	-8.46677	50.8201	3.03947
9	80	-47.2185	-8.57746	50.5769	3.04117
9	81	-46.9779	-8.67784	50.3275	3.04268
9	82	-46.73	-8.76613	50.0721	3.04395
9	83	-46.4762	-8.84111	49.8123	3.04495
9	84	-46.2185	-8.90305	49.5497	3.04569
9	85	-45.9576	-8.95335	49.2852	3.0462
9	86	-45.693	-8.99297	49.0181	3.04649
9	87	-45.4237	-9.02126	48.7473	3.04654
9	88	-45.1491	-9.03601	48.4726	3.04631
9	89	-44.8709	-9.03489	48.1958	3.04574
9	90	-44.5921	-9.01781	47.9199	3.04482
9	91	-44.3147	-8.98707	47.6468	3.04362
9	92	-44.0391	-8.94486	47.3767	3.04216
9	93	-43.7998	-8.89363	47.1437	3.04058
9	94	-43.5877	-8.83502	46.9387	3.03888
9	95	-43.3948	-8.76639	46.7539	3.037
9	96	-43.214	-8.68797	46.5824	3.03492
9	97	-43.0467	-8.58941	46.4267	3.03242
9	98	-42.9069	-8.45767	46.3023	3.02927
9	99	-42.7885	-8.28245	46.2047	3.02521
9	100	-42.6813	-8.09727	46.1201	3.02095
9	101	-42.5791	-7.91127	46.0414	3.01667
9	102	-42.4783	-7.72792	45.9647	3.01244
9	103	-42.3802	-7.54721	45.8911	3.00826
9	104	-42.2851	-7.36866	45.8209	3.00412
9	105	-42.1917	-7.19219	45.753	3.00002
9	106	-42.0972	-7.01616	45.6847	2.99592
9	107	-42.0049	-6.83884	45.6195	2.99178
9	108	-41.9156	-6.6605	45.5582	2.98762
9	109	-41.8268	-6.48331	45.498	2.98347
9	110	-41.7405	-6.30722	45.4409	2.97934
9	111	-41.6544	-6.1335	45.3844	2.97526
9	112	-41.564	-5.96429	45.3236	2.97125
9	113	-41.4731	-5.79707	45.2627	2.96726
9	114	-41.3858	-5.62975	45.2062	2.96328
9	115	-41.2991	-5.4649	45.1504	2.95935
9	116	-41.2131	-5.29739	45.0965	2.95535
9	117	-41.1294	-5.12778	45.0461	2.95131
9	118	-41.0479	-4.95764	44.9985	2.94725
9	119	-40.9655	-4.78909	44.9506	2.94322
9	120	-40.8853	-4.6208	44.9056	2.93919
9	121	-40.8078	-4.45253	44.8639	2.93517
9	122	-40.733	-4.28445	44.8254	2.93116
9	123	-40.6568	-4.11905	44.7858	2.92719
9	124	-40.5831	-3.95568	44.7489	2.92327
9	125	-40.5129	-3.78938	44.7167	2.9193
9	126	-40.4443	-3.62284	44.6869	2.91533
9	127	-40.3775	-3.45758	44.6592	2.91139
9	128	-40.3139	-3.29388	44.635	2.90749
9	129	-40.253	-3.13236	44.6136	2.90365
9	130	-40.1959	-2.97287	44.5959	2.89988
9	131	-40.1431	-2.81543	44.5827	2.89616
9	132	-40.0952	-2.65986	44.5743	2.89252
9	133	-40.0531	-2.50409	44.5722	2.8889
9	134	-40.0193	-2.34823	44.5788	2.88532
9	135	-39.9841	-2.19405	44.584	2.88178
9	136	-39.968	-2.03746	44.609	2.87829
9	137	-39.9613	-1.88036	44.6436	2.87486
9	138	-39.9639	-1.71935	44.6889	2.8714
9	139	-39.9749	-1.55124	44.7447	2.86784
9	140	-40.0174	-1.37815	44.8326	2.86438
9	141	-40.055	-1.21207	44.9145	2.86105
9	142	-40.1157	-1.05895	45.0154	2.85816
9	143	-40.1763	-0.908565	45.1159	2.85533
9	144	-40.2556	-0.765632	45.2324	2.8528
9	145	-40.3372	-0.62265	45.3515	2.85029
9	146	-40.4251	-0.480956	45.4765	2.84786
17	0	48.599	-13.7749	45.4956	-0.00279524
17	1	48.638	-13.5699	45.5345	0.00171049
17	2	48.6544	-13.364	45.5517	0.00622988
17	3	48.6222	-13.1566	45.5212	0.0107886
17	4	48.5361	-12.9377	45.438	0.0156262
17	5	48.4531	-12.7163	45.3591	0.0205363
17	6	48.3632	-12.4984	45.2742	0.0253897
17	7	48.2729	-12.2844	45.1898	0.0301737
17	8	48.182	-12.0732	45.1059	0.0349154
17	9	48.0927	-11.8644	45.0244	0.0396185
17	10	48.0028	-11.6575	44.9433	0.0442974
17	11	47.9111	-11.4521	44.8612	0.0489629
17	12	47.8184	-11.2479	44.7791	0.0536192
17	13	47.7264	-11.0451	44.6987	0.0582588
17	14	47.6315	-10.8464	44.6159	0.0628289
17	15	47.5394	-10.6486	44.5369	0.0673912
17	16	47.4545	-10.4483	44.4662	0.0720156
17	17	47.3715	-10.246	44.3984	0.0766938
17	18	47.2844	-10.0436	44.3276	0.0813961
17	19	47.1976	-9.83978	44.2581	0.0861464
17	20	47.1092	-9.63634	44.1881	0.0909054
17	21	47.0184	-9.4344	44.1165	0.0956507
17	22	46.9269	-9.23573	44.0449	0.100339
17	23	46.8401	-9.03613	43.9789	0.105053
17	24	46.7515	-8.84008	43.9119	0.109704
17	25	46.6614	-8.6464	43.844	0.11432
17	26	46.5714	-8.45423	43.777	0.118916
17	27	46.48	-8.26514	43.7091	0.12346
17	28	46.3869	-8.08009	43.64	0.12793
17	29	46.2908	-7.9	43.568	0.132311
17	30	46.1944	-7.72493	43.496	0.136593
17	31	46.0954	-7.55421	43.4215	0.140799
17	32	45.9944	-7.38632	43.3454	0.144961
17	33	45.8862	-7.22184	43.2625	0.149084
17	34	45.7688	-7.06314	43.1703	0.153124
17	35	45.6332	-6.91458	43.0593	0.157014
17	36	45.4728	-6.77429	42.9231	0.160826
17	37	45.29	-6.6434	42.7639	0.164532
17	38	45.1035	-6.53421	42.598	0.167778
17	39	44.9116	-6.44583	42.4237	0.170587
17	40	44.7133	-6.3742	42.2406	0.173056
17	41	44.5104	-6.31481	42.0511	0.175277
17	42	44.3041	-6.26426	41.8569	0.177326
17	43	44.0946	-6.22117	41.6584	0.179231
17	44	43.8824	-6.18519	41.456	0.180998
17	45	43.6682	-6.15714	41.2504	0.182602
17	46	43.4536	-6.13895	41.0427	0.183987
17	47	43.2406	-6.12971	40.8351	0.185164
17	48	43.0304	-6.1278	40.6288	0.186162
17	49	42.8227	-6.13105	40.4241	0.187034
17	50	42.6169	-6.13931	40.2203	0.187784
17	51	42.4117	-6.15246	40.0163	0.188418
17	52	42.2066	-6.17347	39.8109	0.188865
17	53	42.0019	-6.20421	39.6041	0.189073
17	54	41.799	-6.24907	39.3964	0.188922
17	55	41.5994	-6.31116	39.1887	0.188323
17	56	41.4013	-6.39477	38.9785	0.187167
17	57	41.2049	-6.49937	38.7661	0.185459
17	58	41.025	-6.61559	38.5679	0.183357
17	59	40.857	-6.74324	38.3796	0.180885
17	60	40.7009	-6.88538	38.2006	0.17796
17	61	40.5531	-7.04305	38.0274	0.174568
17	62	40.4106	-7.20915	37.8585	0.170901
17	63	40.2736	-7.38112	37.6945	0.167023
17	64	40.1426	-7.55777	37.5363	0.162962
17	65	40.019	-7.73756	37.3855	0.158754
17	66	39.9014	-7.91756	37.2413	0.15448
17	67	39.788	-8.0958	37.1022	0.150204
17	68	39.6774	-8.27162	36.9668	0.145949
17	69	39.5697	-8.44975	36.8347	0.141589
17	70	39.4659	-8.63	36.7069	0.137127
17	71	39.3672	-8.81174	36.5846	0.132575
17	72	39.2744	-8.99344	36.469	0.127972
17	73	39.188	-9.17356	36.3607	0.123363
17	74	39.1074	-9.35277	36.259	0.118731
17	75	39.0312	-9.52998	36.1628	0.114115
17	76	38.9595	-9.70585	36.0719	0.109497
17	77	38.8915	-9.88121	35.9856	0.10486
17	78	38.8314	-10.0586	35.9076	0.100123
17	79	38.7849	-10.2391	35.8437	0.0952425
17	80	38.7549	-10.4271	35.7965	0.0900924
17	81	38.7427	-10.6221	35.7673	0.0846934
17	82	38.7468	-10.8276	35.7546	0.078958
17	83	38.7716	-11.0239	35.7644	0.0734309
17	84	38.8087	-11.2117	35.7881	0.0681211
17	85	38.8628	-11.3927	35.8302	0.0629782
17	86	38.9207	-11.5726	35.8772	0.0578737
17	87	38.9868	-11.7515	35.9332	0.0527945
17	88	39.0564	-11.9332	35.9936	0.047652
17	89	39.1319	-12.1184	36.0607	0.0424233
17	90	39.2127	-12.3056	36.134	0.0371517
17	91	39.2993	-12.4944	36.214	0.0318521
17	92	39.3891	-12.6851	36.2983	0.0265225
17	93	39.4805	-12.8777	36.3851	0.0211649
17	94	39.5739	-13.0722	36.4748	0.0157795
17	95	39.6716	-13.2686	36.5699	0.0103685
17	96	39.7717	-13.466	36.6685	0.0049568
17	97	39.8732	-13.6662	36.7696	-0.000500863
17	98	39.9765	-13.8657	36.8735	-0.00590984
17	99	40.0801	-14.0642	36.9789	-0.0112624
17	100	40.1827	-14.262	37.0842	-0.0165645
17	101	40.287	-14.458	37.1923	-0.0217875
17	102	40.3903	-14.6551	37.3003	-0.02701
17	103	40.4918	-14.8553	37.4077	-0.0322855
17	104	40.5977	-15.0557	37.5206	-0.0375327
17	105	40.7059	-15.2566	37.6367	-0.0427595
17	106	40.8157	-15.4571	37.7555	-0.0479417
17	107	40.9241	-15.6585	37.8739	-0.0531153
17	108	41.034	-15.8598	37.9948	-0.0582538
17	109	41.147	-16.0613	38.1199	-0.0633575
17	110	41.2625	-16.264	38.2485	-0.0684542
17	111	41.3814	-16.4675	38.3815	-0.0735319
17	112	41.5153	-16.6546	38.5292	-0.0781203
17	113	41.6789	-16.7962	38.7036	-0.0814382
17	114	41.878	-16.8996	38.9105	-0.0836701
17	115	42.0939	-16.9822	39.1327	-0.085312
17	116	42.3291	-17.0512	39.3729	-0.08655
17	117	42.5918	-17.1092	39.6397	-0.0874337
17	118	42.8934	-17.1551	39.9441	-0.0879204
17	119	43.1974	-17.1872	40.2497	-0.08805
17	120	43.5034	-17.2031	40.5559	-0.0877793
17	121	43.8084	-17.201	40.8596	-0.0870718
17	122	44.1094	-17.1819	41.1579	-0.0859742
17	123	44.4061	-17.1487	41.4506	-0.084561
17	124	44.7	-17.102	41.7395	-0.0828529
17	125	44.992	-17.0398	42.0255	-0.0808016
17	126	45.2803	-16.959	42.3065	-0.0783491
17	127	45.5607	-16.8599	42.5784	-0.075513
17	128	45.8313	-16.7459	42.8399	-0.0723837
17	129	46.0932	-16.6204	43.0923	-0.0690385
17	130	46.3488	-16.484	43.3381	-0.0654908
17	131	46.5985	-16.3347	43.5778	-0.0616989
17	132	46.8406	-16.1705	43.8097	-0.0576172
17	133	47.0716	-15.9915	44.0305	-0.0532547
17	134	47.2901	-15.8002	44.2389	-0.0486743
17	135	47.4972	-15.5991	44.4364	-0.0439271
17	136	47.6944	-15.3882	44.6247	-0.039011
17	137	47.8817	-15.1657	44.8039	-0.033887
17	138	48.0568	-14.9307	44.9715	-0.0285331
17	139	48.2165	-14.685	45.1248	-0.0229893
17	140	48.3593	-14.4316	45.2625	-0.0173192
17	141	48.4653	-14.2002	45.3651	-0.0121794
17	142	48.5427	-13.9833	45.4403	-0.00738577
18	0	-33.2135	-3.08254	37.8227	2.85849
18	1	-33.3357	-2.92408	37.9845	2.85538
18	2	-33.4659	-2.77259	38.1523	2.85254
18	3	-33.5972	-2.62459	38.3205	2.84981
18	4	-33.7338	-2.48588	38.4913	2.84738
18	5	-33.8683	-2.35052	38.6594	2.84504
18	6	-34.0048	-2.22262	38.8274	2.84292
18	7	-34.1426	-2.09884	38.9956	2.84092
18	8	-34.2812	-1.97771	39.164	2.83902
18	9	-34.4261	-1.86538	39.3358	2.83739
18	10	-34.5706	-1.75318	39.5073	2.83578
18	11	-34.7245	-1.65434	39.6838	2.83457
18	12	-34.8825	-1.56083	39.8627	2.83353
18	13	-35.0517	-1.48225	40.0478	2.83294
18	14	-35.2322	-1.41504	40.2402	2.83271
18	15	-35.4273	-1.35927	40.443	2.83287
18	16	-35.623	-1.32337	40.6404	2.83349
18	17	-35.8187	-1.29638	40.8351	2.83431
18	18	-36.0176	-1.2877	41.0273	2.83557
18	19	-36.2215	-1.28891	41.2214	2.83709
18	20	-36.4269	-1.30263	41.4133	2.8389
18	21	-36.6328	-1.32315	41.6038	2.84084
18	22	-36.8377	-1.35104	41.7913	2.84293
18	23	-37.0402	-1.38554	41.9748	2.84514
18	24	-37.2401	-1.42302	42.1551	2.84737
18	25	-37.4359	-1.46703	42.3299	2.84971
18	26	-37.6295	-1.5119	42.5025	2.85203
18	27	-37.8205	-1.56369	42.6709	2.85447
18	28	-38.0109	-1.6185	42.8381	2.85696
18	29	-38.1982	-1.68503	42.9994	2.85967
18	30	-38.3816	-1.76345	43.1538	2.86259
18	31	-38.5584	-1.86444	43.2963	2.86596
18	32	-38.7295	-1.98806	43.4276	2.86977
18	33	-38.8959	-2.13565	43.5487	2.87406
18	34	-39.0459	-2.2921	43.6524	2.87843
18	35	-39.1803	-2.45917	43.7391	2.88292
18	36	-39.3017	-2.63868	43.8111	2.88759
18	37	-39.4143	-2.82855	43.8728	2.89242
18	38	-39.5223	-3.0239	43.9298	2.89733
18	39	-39.6272	-3.22296	43.984	2.9023
18	40	-39.7292	-3.42354	44.0362	2.90728
18	41	-39.8298	-3.62287	44.0882	2.9122
18	42	-39.9278	-3.82071	44.1392	2.91707
18	43	-40.0234	-4.01593	44.1895	2.92186
18	44	-40.1156	-4.21074	44.2375	2.92661
18	45	-40.2097	-4.40453	44.2886	2.93134
18	46	-40.3063	-4.59857	44.343	2.93608
18	47	-40.3958	-4.79747	44.3906	2.94088
18	48	-40.4878	-4.99357	44.4422	2.94561
18	49	-40.585	-5.18597	44.5005	2.95028
18	50	-40.6847	-5.37399	44.5631	2.95485
18	51	-40.7775	-5.56369	44.6196	2.95941
18	52	-40.8735	-5.75163	44.6803	2.96394
18	53	-40.9726	-5.93874	44.7453	2.96844
18	54	-41.0651	-6.12941	44.804	2.97299
18	55	-41.1587	-6.31883	44.865	2.9775
18	56	-41.2533	-6.50427	44.9284	2.98192
18	57	-41.3404	-6.69091	44.9852	2.98632
18	58	-41.429	-6.87312	45.0449	2.99062
18	59	-41.518	-7.05321	45.1063	2.99487
18	60	-41.6039	-7.23407	45.1652	2.99911
18	61	-41.6892	-7.41449	45.2244	3.00332
18	62	-41.7724	-7.59422	45.2824	3.00751
18	63	-41.8523	-7.7724	45.3382	3.01164
18	64	-41.928	-7.94843	45.3909	3.0157
18	65	-42.0005	-8.11876	45.4417	3.01962
18	66	-42.0691	-8.2844	45.49	3.02342
18	67	-42.1345	-8.44637	45.5362	3.02712
18	68	-42.1936	-8.60704	45.5768	3.03077
18	69	-42.2403	-8.76853	45.6057	3.0344
18	70	-42.2992	-8.92272	45.648	3.0379
18	71	-42.3092	-9.07458	45.6425	3.04123
18	72	-42.2692	-9.2375	45.5866	3.0447
18	73	-42.2399	-9.412	45.5409	3.04845
18	74	-42.1859	-9.59281	45.4706	3.0523
18	75	-42.1055	-9.78385	45.3739	3.05633
18	76	-41.9966	-9.9914	45.2482	3.0607
18	77	-41.8557	-10.2231	45.0896	3.06557
18	78	-41.7043	-10.448	44.922	3.0703
18	79	-41.5417	-10.6667	44.7447	3.07492
18	80	-41.3657	-10.8784	44.5554	3.0794
18	81	-41.1742	-11.0801	44.3522	3.08367
18	82	-40.9682	-11.2683	44.1359	3.08766
18	83	-40.7509	-11.4414	43.91	3.09132
18	84	-40.5255	-11.6008	43.6771	3.09471
18	85	-40.2927	-11.7486	43.4378	3.09786
18	86	-40.0511	-11.8856	43.1906	3.10078
18	87	-39.7995	-12.0102	42.9343	3.10344
18	88	-39.5386	-12.1196	42.6696	3.10577
18	89	-39.2712	-12.2128	42.3991	3.10774
18	90	-38.9996	-12.2912	42.125	3.10938
18	91	-38.7236	-12.3567	41.8471	3.11074
18	92	-38.4417	-12.4093	41.5638	3.11179
18	93	-38.1528	-12.446	41.2739	3.11247
18	94	-37.8586	-12.4637	40.9794	3.11269
18	95	-37.5634	-12.4618	40.6842	3.11244
18	96	-37.2693	-12.4436	40.3908	3.11178
18	97	-36.9755	-12.4121	40.0982	3.11077
18	98	-36.6806	-12.3674	39.8048	3.10942
18	99	-36.3849	-12.3064	39.5112	3.10764
18	100	-36.129	-12.2309	39.2581	3.10549
18	101	-35.9046	-12.1435	39.0372	3.10305
18	102	-35.7052	-12.0464	38.8419	3.10035
18	103	-35.525	-11.9367	38.6665	3.09733
18	104	-35.37	-11.8064	38.5177	3.09377
18	105	-35.2469	-11.6406	38.4029	3.0893
18	106	-35.1391	-11.4531	38.3056	3.08427
18	107	-35.0363	-11.2615	38.2144	3.07911
18	108	-34.935	-11.0679	38.1259	3.07387
18	109	-34.835	-10.8735	38.0399	3.0686
18	110	-34.7368	-10.6803	37.9566	3.06333
18	111	-34.6412	-10.4875	37.8769	3.05806
18	112	-34.5475	-10.2969	37.7999	3.05283
18	113	-34.4576	-10.1082	37.7276	3.04764
18	114	-34.3681	-9.92257	37.6564	3.04251
18	115	-34.2766	-9.73442	37.5844	3.03728
18	116	-34.1903	-9.54067	37.5193	3.03191
18	117	-34.1015	-9.346	37.453	3.02648
18	118	-34.0107	-9.15199	37.3856	3.02105
18	119	-33.9274	-8.95662	37.3269	3.01558
18	120	-33.8406	-8.76594	37.2653	3.01021
18	121	-33.7495	-8.58007	37.1999	3.00494
18	122	-33.6637	-8.38714	37.1418	2.99948
18	123	-33.5742	-8.19185	37.0814	2.99392
18	124	-33.4818	-7.99489	37.0195	2.98829
18	125	-33.393	-7.7955	36.9628	2.9826
18	126	-33.3062	-7.59643	36.9093	2.9769
18	127	-33.222	-7.39835	36.8593	2.97122
18	128	-33.1365	-7.20261	36.8088	2.96559
18	129	-33.0527	-7.00713	36.761	2.95995
18	130	-32.9709	-6.81093	36.7167	2.9543
18	131	-32.891	-6.61418	36.6754	2.94862
18	132	-32.813	-6.41784	36.6371	2.94295
18	133	-32.7411	-6.22218	36.6057	2.93732
18	134	-32.6753	-6.02866	36.5811	2.93178
18	135	-32.6171	-5.83731	36.5646	2.92633
18	136	-32.562	-5.65056	36.5512	2.92101
18	137	-32.5138	-5.46532	36.5452	2.91578
18	138	-32.4699	-5.28009	36.5444	2.91057
18	139	-32.4424	-5.09073	36.5614	2.90536
18	140	-32.4296	-4.89154	36.5961	2.89998
18	141	-32.4367	-4.68281	36.6536	2.8945
18	142	-32.4614	-4.47442	36.729	2.88916
18	143	-32.5073	-4.27698	36.8232	2.88428
18	144	-32.5741	-4.09044	36.9356	2.87986
18	145	-32.6644	-3.91257	37.0691	2.87585
18	146	-32.7643	-3.74008	37.2111	2.87209
18	147	-32.8713	-3.57207	37.3592	2.86851
18	148	-32.9819	-3.4066	37.5106	2.86506
18	149	-33.0955	-3.24306	37.6647	2.86171
25	0	40.7274	-17.7561	37.8474	-0.108766
25	1	40.7905	-17.5631	37.8898	-0.103519
25	2	40.8466	-17.3821	37.9273	-0.0986197
25	3	40.8547	-17.2065	37.9184	-0.0939904
25	4	40.839	-17.0371	37.8873	-0.0895783
25	5	40.7817	-16.8676	37.8154	-0.0852487
25	6	40.7291	-16.6925	37.7485	-0.0807476
25	7	40.6694	-16.5135	37.6749	-0.0761401
25	8	40.5998	-16.3338	37.5923	-0.0715126
25	9	40.5269	-16.1517	37.5069	-0.0668103
25	10	40.448	-15.9698	37.4165	-0.0620997
25	11	40.3663	-15.7877	37.3241	-0.0573657
25	12	40.2819	-15.6056	37.2299	-0.0526115
25	13	40.1963	-15.4224	37.1352	-0.0478077
25	14	40.1087	-15.2381	37.0392	-0.0429503
25	15	40.0176	-15.0531	36.9407	-0.0380523
25	16	39.924	-14.8676	36.8406	-0.0331184
25	17	39.8313	-14.6816	36.7423	-0.0281429
25	18	39.7373	-14.4979	36.6436	-0.0232021
25	19	39.642	-14.3175	36.5445	-0.0183286
25	20	39.5461	-14.1404	36.4459	-0.0135186
25	21	39.451	-13.9592	36.3488	-0.00856802
25	22	39.3537	-13.7753	36.2504	-0.00351765
25	23	39.2527	-13.59	36.1492	0.00159679
25	24	39.1494	-13.4038	36.0466	0.00676639
25	25	39.0463	-13.2165	35.9453	0.0119961
25	26	38.9414	-13.0296	35.8431	0.0172457
25	27	38.8332	-12.8435	35.7386	0.0225062
25	28	38.7224	-12.6568	35.6326	0.0278141
25	29	38.609	-12.4695	35.5249	0.0331721
25	30	38.4915	-12.2822	35.4142	0.0385673
25	31	38.3683	-12.099	35.2987	0.0438895
25	32	38.2385	-11.9235	35.1772	0.0490348
25	33	38.1006	-11.7592	35.0479	0.0539113
25	34	37.9534	-11.6078	34.9095	0.0584679
25	35	37.7946	-11.4685	34.7594	0.0627371
25	36	37.6228	-11.3394	34.5963	0.0667722
25	37	37.4509	-11.2312	34.4322	0.0702391
25	38	37.277	-11.1427	34.2651	0.0731723
25	39	37.1004	-11.0686	34.0945	0.0757178
25	40	36.9193	-11.0122	33.9182	0.0777809
25	41	36.7354	-10.9615	33.7389	0.0797016
25	42	36.5477	-10.9236	33.5548	0.081273
25	43	36.3591	-10.8884	33.3698	0.0827857
25	44	36.1683	-10.8618	33.1818	0.0840597
25	45	35.9744	-10.8347	32.9909	0.085372
25	46	35.7762	-10.8144	32.7952	0.086504
25	47	35.575	-10.7974	32.5962	0.0875554
25	48	35.3719	-10.789	32.3947	0.0883617
25	49	35.1655	-10.7848	32.1894	0.0890582
25	50	34.9579	-10.7871	31.9825	0.0895647
25	51	34.7513	-10.7947	31.776	0.0899066
25	52	34.5443	-10.8055	31.5689	0.0901545
25	53	34.3372	-10.8206	31.3613	0.0902686
25	54	34.13	-10.841	31.1531	0.0902181
25	55	33.9242	-10.8715	30.9454	0.0898355
25	56	33.7214	-10.9125	30.7397	0.0890993
25	57	33.5233	-10.9716	30.5371	0.087747
25	58	33.3271	-11.0404	30.3357	0.0860543
25	59	33.1388	-11.1336	30.1402	0.0835129
25	60	32.9676	-11.2278	29.9619	0.0808548
25	61	32.8204	-11.3426	29.8061	0.077415
25	62	32.6824	-11.4561	29.6599	0.0739613
25	63	32.5634	-11.5874	29.5318	0.0698239
25	64	32.4431	-11.7177	29.4029	0.0656872
25	65	32.3296	-11.8566	29.2809	0.0612089
25	66	32.2166	-11.999	29.1597	0.0565712
25	67	32.1076	-12.1472	29.0428	0.0516905
25	68	32.0017	-12.3026	28.9294	0.0465127
25	69	31.8982	-12.4628	28.819	0.0411266
25	70	31.8001	-12.6271	28.7146	0.0355521
25	71	31.7073	-12.7927	28.6165	0.0298851
25	72	31.616	-12.9624	28.5206	0.0240333
25	73	31.5259	-13.1351	28.4269	0.0180337
25	74	31.438	-13.3102	28.3364	0.0119139
25	75	31.3482	-13.4897	28.2451	0.00559528
25	76	31.2613	-13.6742	28.1577	-0.000940026
25	77	31.1783	-13.8615	28.0755	-0.00761443
25	78	31.1022	-14.0502	28.0015	-0.0143728
25	79	31.0292	-14.2404	27.9319	-0.0212191
25	80	30.9601	-14.4317	27.8675	-0.0281355
25	81	30.8942	-14.6239	27.8077	-0.0351129
25	82	30.835	-14.8178	27.7561	-0.0421681
25	83	30.7863	-15.015	27.7165	-0.0493519
25	84	30.7562	-15.2136	27.6969	-0.0565647
25	85	30.7471	-15.4153	27.6999	-0.0638548
25	86	30.7567	-15.6206	27.7234	-0.0712221
25	87	30.7865	-15.8317	27.7689	-0.0787308
25	88	30.8318	-16.0337	27.8307	-0.0858376
25	89	30.8923	-16.2289	27.9083	-0.0926193
25	90	30.9709	-16.4196	28.0048	-0.0991386
25	91	31.0652	-16.6073	28.1178	-0.105452
25	92	31.1696	-16.7948	28.2419	-0.111666
25	93	31.2788	-16.9818	28.3718	-0.117787
25	94	31.3923	-17.1681	28.5069	-0.123808
25	95	31.5086	-17.3524	28.6456	-0.129692
25	96	31.6257	-17.534	28.7856	-0.135421
25	97	31.741	-17.714	28.9246	-0.141048
25	98	31.8558	-17.8923	29.0638	-0.146569
25	99	31.9727	-18.0688	29.2056	-0.151961
25	100	32.0909	-18.2447	29.3496	-0.157277
25	101	32.2079	-18.4219	29.4932	-0.162587
25	102	32.3259	-18.5974	29.6385	-0.167786
25	103	32.4441	-18.7708	29.7844	-0.172864
25	104	32.5639	-18.9407	29.932	-0.177767
25	105	32.681	-19.1111	30.0777	-0.182654
25	106	32.7974	-19.2819	30.2236	-0.187514
25	107	32.9164	-19.452	30.3726	-0.192283
25	108	33.0362	-19.6224	30.5231	-0.197013
25	109	33.1571	-19.792	30.6752	-0.201664
25	110	33.2766	-19.958	30.8258	-0.206164
25	111	33.3944	-20.1202	30.9747	-0.210513
25	112	33.5107	-20.2796	31.1219	-0.214739
25	113	33.6247	-20.4347	31.2666	-0.218808
25	114	33.7402	-20.5839	31.412	-0.222647
25	115	33.8525	-20.7296	31.5539	-0.226367
25	116	33.9754	-20.8594	31.703	-0.229486
25	117	34.1158	-20.9494	31.8601	-0.231234
25	118	34.2885	-21.0033	32.0406	-0.231637
25	119	34.4655	-21.0688	32.228	-0.232353
25	120	34.6602	-21.1174	32.4286	-0.23243
25	121	34.8783	-21.1506	32.6485	-0.231879
25	122	35.1275	-21.1693	32.8954	-0.230691
25	123	35.4175	-21.1747	33.179	-0.228853
25	124	35.7091	-21.1685	33.4616	-0.226694
25	125	36.0031	-21.149	33.7439	-0.224173
25	126	36.2983	-21.1128	34.0237	-0.221208
25	127	36.5906	-21.0586	34.2972	-0.217795
25	128	36.8771	-20.9888	34.5621	-0.214031
25	129	37.1583	-20.9066	34.8197	-0.21001
25	130	37.4362	-20.8126	35.0722	-0.205736
25	131	37.7112	-20.7046	35.3198	-0.201152
25	132	37.981	-20.5808	35.5598	-0.196225
25	133	38.2423	-20.4425	35.7896	-0.191012
25	134	38.4946	-20.2931	36.0095	-0.185607
25	135	38.74	-20.1342	36.2219	-0.180047
25	136	38.98	-19.9645	36.4283	-0.174285
25	137	39.2136	-19.781	36.6271	-0.168243
25	138	39.4366	-19.5822	36.8145	-0.161906
25	139	39.6459	-19.3711	36.9878	-0.15536
25	140	39.8422	-19.1514	37.1486	-0.148699
25	141	40.0282	-18.9241	37.2996	-0.141935
25	142	40.2048	-18.688	37.442	-0.135025
25	143	40.3702	-18.4419	37.5737	-0.127943
25	144	40.5219	-18.1878	37.6928	-0.120741
25	145	40.6364	-17.9606	37.7798	-0.114408
26	0	-25.44	-8.34413	29.0321	2.95788
26	1	-25.527	-8.14172	29.1552	2.9516
26	2	-25.6169	-7.94157	29.2819	2.94547
26	3	-25.7106	-7.7429	29.413	2.93946
26	4	-25.809	-7.54602	29.5494	2.9336
26	5	-25.9125	-7.35187	29.6913	2.92793
26	6	-26.0205	-7.16064	29.8379	2.92243
26	7	-26.1306	-6.97277	29.9865	2.91711
26	8	-26.2432	-6.78655	30.1382	2.91192
26	9	-26.3582	-6.60315	30.2923	2.90689
26	10	-26.4775	-6.42302	30.4506	2.90205
26	11	-26.603	-6.24763	30.6144	2.89745
26	12	-26.7325	-6.07934	30.7811	2.89317
26	13	-26.8662	-5.91849	30.9504	2.88919
26	14	-27.0021	-5.76411	31.1208	2.88548
26	15	-27.1403	-5.61663	31.2921	2.88204
26	16	-27.2837	-5.47589	31.4669	2.87888
26	17	-27.4386	-5.34404	31.6509	2.87613
26	18	-27.6101	-5.2228	31.8482	2.87387
26	19	-27.8022	-5.11302	32.0626	2.87215
26	20	-28.0006	-5.02453	32.2774	2.87115
26	21	-28.2058	-4.9578	32.4929	2.87086
26	22	-28.4176	-4.91109	32.7096	2.87121
26	23	-28.6333	-4.87902	32.926	2.87202
26	24	-28.8502	-4.85639	33.1411	2.87311
26	25	-29.0678	-4.84164	33.3549	2.87441
26	26	-29.2861	-4.83469	33.5673	2.87593
26	27	-29.5044	-4.83571	33.7777	2.87766
26	28	-29.7215	-4.84534	33.9848	2.8796
26	29	-29.936	-4.86308	34.1875	2.88172
26	30	-30.1476	-4.88902	34.3854	2.88403
26	31	-30.3566	-4.92333	34.5789	2.88653
26	32	-30.5634	-4.96898	34.7676	2.8893
26	33	-30.7675	-5.03068	34.9501	2.89247
26	34	-30.969	-5.11666	35.1244	2.89626
26	35	-31.1672	-5.231	35.2892	2.90076
26	36	-31.3599	-5.37431	35.4427	2.90599
26	37	-31.5326	-5.53162	35.5744	2.91142
26	38	-31.6885	-5.70104	35.6881	2.91704
26	39	-31.8282	-5.88529	35.7839	2.92293
26	40	-31.9559	-6.08095	35.8668	2.92903
26	41	-32.0769	-6.28455	35.9428	2.93527
26	42	-32.1943	-6.49146	36.016	2.94156
26	43	-32.3075	-6.70205	36.0859	2.94791
26	44	-32.4171	-6.91404	36.1533	2.95424
26	45	-32.5241	-7.12499	36.2199	2.96052
26	46	-32.6269	-7.33569	36.2838	2.96674
26	47	-32.7297	-7.54552	36.3492	2.97292
26	48	-32.8327	-7.75566	36.4161	2.97908
26	49	-32.9328	-7.96746	36.4813	2.98525
26	50	-33.0326	-8.17837	36.5478	2.99138
26	51	-33.1291	-8.38908	36.6124	2.99746
26	52	-33.226	-8.59886	36.6787	3.0035
26	53	-33.324	-8.80932	36.7475	3.00954
26	54	-33.42	-9.02308	36.8152	3.01564
26	55	-33.5162	-9.2388	36.8843	3.02177
26	56	-33.6117	-9.45612	36.9538	3.02792
26	57	-33.7057	-9.67212	37.0234	3.034
26	58	-33.7988	-9.8887	37.0934	3.04008
26	59	-33.8907	-10.1041	37.1637	3.04609
26	60	-33.9815	-10.3196	37.2341	3.05209
26	61	-34.0704	-10.5354	37.304	3.05806
26	62	-34.1563	-10.7511	37.3723	3.06401
26	63	-34.2389	-10.9635	37.4389	3.06983
26	64	-34.3182	-11.1746	37.5034	3.0756
26	65	-34.3938	-11.3839	37.5657	3.08129
26	66	-34.4658	-11.5907	37.6257	3.08689
26	67	-34.5318	-11.7968	37.6808	3.09245
26	68	-34.5867	-12.0018	37.7263	3.09795
26	69	-34.6052	-12.1997	37.7366	3.10321
26	70	-34.574	-12.3971	37.6983	3.10841
26	71	-34.5037	-12.5969	37.622	3.11366
26	72	-34.4084	-12.8004	37.5215	3.11901
26	73	-34.2878	-13.0156	37.3967	3.12469
26	74	-34.1349	-13.2491	37.2406	3.13089
26	75	-33.9538	-13.4931	37.0577	3.13742
26	76	-33.7551	-13.7277	36.8588	-3.13942
26	77	-33.5401	-13.9477	36.6449	-3.13341
26	78	-33.3132	-14.1512	36.4203	-3.12777
26	79	-33.0773	-14.3407	36.1876	-3.12244
26	80	-32.8316	-14.5182	35.9457	-3.11737
26	81	-32.5745	-14.6823	35.6931	-3.1126
26	82	-32.3077	-14.8301	35.431	-3.10822
26	83	-32.0343	-14.9614	35.1624	-3.10423
26	84	-31.7554	-15.0782	34.8884	-3.10058
26	85	-31.4692	-15.1811	34.6068	-3.09727
26	86	-31.1742	-15.2666	34.316	-3.0944
26	87	-30.8735	-15.3311	34.0187	-3.09209
26	88	-30.5721	-15.3754	33.72	-3.09033
26	89	-30.2722	-15.4031	33.4219	-3.08905
26	90	-30.0096	-15.4105	33.1601	-3.08841
26	91	-29.7755	-15.4016	32.9258	-3.0883
26	92	-29.561	-15.376	32.7103	-3.08873
26	93	-29.361	-15.3285	32.5081	-3.08987
26	94	-29.1825	-15.2463	32.3257	-3.09212
26	95	-29.0199	-15.1249	32.1575	-3.09564
26	96	-28.8646	-14.9829	31.996	-3.09985
26	97	-28.7099	-14.8356	31.8356	-3.10427
26	98	-28.5526	-14.6844	31.6731	-3.10886
26	99	-28.3937	-14.5279	31.5096	-3.11366
26	100	-28.2342	-14.3657	31.3461	-3.11869
26	101	-28.0742	-14.1969	31.1826	-3.12398
26	102	-27.9172	-14.0231	31.0231	-3.12949
26	103	-27.7631	-13.8462	30.8674	-3.13516
26	104	-27.61	-13.6678	30.7136	-3.14094
26	105	-27.4557	-13.488	30.5597	3.13636
26	106	-27.2989	-13.3053	30.4045	3.13033
26	107	-27.14	-13.1185	30.2483	3.12409
26	108	-26.9828	-12.9299	30.0949	3.11774
26	109	-26.8268	-12.7407	29.9441	3.1113
26	110	-26.6733	-12.5525	29.7971	3.10483
26	111	-26.5208	-12.3642	29.6522	3.09829
26	112	-26.3689	-12.1742	29.5093	3.09164
26	113	-26.2193	-11.9814	29.3702	3.08483
26	114	-26.0735	-11.7865	29.2364	3.07789
26	115	-25.9289	-11.59	29.1054	3.07083
26	116	-25.7854	-11.3919	28.9769	3.06366
26	117	-25.6441	-11.1902	28.8525	3.05631
26	118	-25.5087	-10.9826	28.7362	3.04871
26	119	-25.3857	-10.7677	28.6345	3.04084
26	120	-25.285	-10.5464	28.5575	3.03278
26	121	-25.2067	-10.318	28.5054	3.02452
26	122	-25.1483	-10.0824	28.476	3.01606
26	123	-25.1163	-9.85626	28.4734	3.00804
26	124	-25.1063	-9.63436	28.494	3.00027
26	125	-25.1195	-9.41483	28.5388	2.99272
26	126	-25.1552	-9.19556	28.6073	2.98533
26	127	-25.2095	-8.9772	28.6958	2.9781
26	128	-25.2784	-8.76136	28.7995	2.9711
26	129	-25.3564	-8.55029	28.9129	2.96436
32	0	33.2799	-21.7186	31.237	-0.261341
32	1	33.2934	-21.5227	31.2	-0.255163
32	2	33.3157	-21.3313	31.1738	-0.24904
32	3	33.2858	-21.1468	31.0999	-0.243529
32	4	33.2023	-20.9577	30.9737	-0.238255
32	5	33.0998	-20.7724	30.8307	-0.233199
32	6	32.9939	-20.5882	30.6855	-0.228154
32	7	32.8857	-20.4047	30.539	-0.223104
32	8	32.777	-20.2235	30.3932	-0.218079
32	9	32.6679	-20.0464	30.2488	-0.213145
32	10	32.5607	-19.8731	30.1078	-0.208271
32	11	32.4541	-19.7043	29.9689	-0.203496
32	12	32.3465	-19.5378	29.8301	-0.19876
32	13	32.2353	-19.3717	29.6887	-0.194015
32	14	32.1245	-19.2039	29.548	-0.189164
32	15	32.0115	-19.0368	29.4059	-0.184306
32	16	31.8958	-18.8719	29.2623	-0.179492
32	17	31.7801	-18.708	29.1195	-0.174662
32	18	31.6658	-18.5437	28.9788	-0.169765
32	19	31.5515	-18.3796	28.8388	-0.164826
32	20	31.4364	-18.2156	28.6987	-0.159847
32	21	31.3202	-18.0524	28.5584	-0.154853
32	22	31.2027	-17.8917	28.4178	-0.149901
32	23	31.0844	-17.735	28.2777	-0.145049
32	24	30.9665	-17.5832	28.1394	-0.140315
32	25	30.8472	-17.4381	28.0014	-0.135781
32	26	30.73	-17.2968	27.8664	-0.131327
32	27	30.6093	-17.1631	27.7294	-0.127117
32	28	30.4867	-17.0348	27.5918	-0.123067
32	29	30.3632	-16.912	27.4543	-0.11918
32	30	30.2369	-16.7945	27.3151	-0.115459
32	31	30.1024	-16.6875	27.1694	-0.112116
32	32	29.9594	-16.589	27.0164	-0.109084
32	33	29.7986	-16.5027	26.8472	-0.106542
32	34	29.6227	-16.4283	26.6644	-0.104468
32	35	29.4403	-16.3659	26.4766	-0.102844
32	36	29.2591	-16.3251	26.2922	-0.102007
32	37	29.0792	-16.2919	26.1099	-0.101446
32	38	28.8966	-16.2766	25.9266	-0.101572
32	39	28.7126	-16.2672	25.7427	-0.101934
32	40	28.5267	-16.2634	25.5573	-0.102524
32	41	28.3382	-16.2639	25.3698	-0.103304
32	42	28.1478	-16.2751	25.1816	-0.104525
32	43	27.9559	-16.2886	24.9922	-0.105866
32	44	27.7649	-16.3109	24.8047	-0.107572
32	45	27.5749	-16.3377	24.6187	-0.109482
32	46	27.3867	-16.371	24.4353	-0.11168
32	47	27.2	-16.4064	24.2538	-0.113988
32	48	27.0162	-16.4526	24.0765	-0.116764
32	49	26.832	-16.4983	23.899	-0.11956
32	50	26.6552	-16.5676	23.7319	-0.123347
32	51	26.4803	-16.6459	23.5682	-0.127557
32	52	26.3152	-16.7508	23.4181	-0.132896
32	53	26.1659	-16.8595	23.2849	-0.138376
32	54	26.0356	-16.979	23.1727	-0.144258
32	55	25.9208	-17.106	23.0777	-0.150418
32	56	25.8208	-17.2419	22.9997	-0.156913
32	57	25.7258	-17.3816	22.9282	-0.16358
32	58	25.6373	-17.5264	22.865	-0.170456
32	59	25.5503	-17.6736	22.8049	-0.177466
32	60	25.4671	-17.8247	22.7502	-0.18465
32	61	25.3863	-17.9816	22.7003	-0.192096
32	62	25.309	-18.1442	22.6561	-0.199793
32	63	25.2369	-18.3118	22.6194	-0.207688
32	64	25.1713	-18.4824	22.5911	-0.215676
32	65	25.1096	-18.6581	22.5691	-0.223865
32	66	25.0526	-18.837	22.5541	-0.232158
32	67	25.0002	-19.017	22.5453	-0.240463
32	68	24.9543	-19.1971	22.5444	-0.248708
32	69	24.9094	-19.3804	22.5467	-0.257079
32	70	24.8695	-19.5676	22.5566	-0.265553
32	71	24.8316	-19.7571	22.5705	-0.274097
32	72	24.802	-19.9487	22.5947	-0.282616
32	73	24.7731	-20.1441	22.6223	-0.291265
32	74	24.7517	-20.342	22.6595	-0.299901
32	75	24.7337	-20.5397	22.7015	-0.30846
32	76	24.7197	-20.7387	22.7495	-0.316981
32	77	24.7091	-20.9383	22.8024	-0.325442
32	78	24.7015	-21.1382	22.8599	-0.333832
32	79	24.703	-21.3381	22.9276	-0.342052
32	80	24.7096	-21.5373	23.0014	-0.350111
32	81	24.738	-21.732	23.0955	-0.35761
32	82	24.7743	-21.9258	23.1979	-0.364886
32	83	24.8373	-22.1143	23.3246	-0.371474
32	84	24.9024	-22.2876	23.4486	-0.377353
32	85	24.9881	-22.4403	23.5848	-0.382031
32	86	25.0775	-22.5821	23.7208	-0.386176
32	87	25.1817	-22.7098	23.8656	-0.389486
32	88	25.2892	-22.8344	24.0124	-0.392588
32	89	25.4031	-22.9556	24.1641	-0.395416
32	90	25.5228	-23.075	24.3207	-0.398053
32	91	25.649	-23.1931	24.4829	-0.400502
32	92	25.7825	-23.3092	24.6511	-0.402729
32	93	25.9224	-23.4231	24.8245	-0.40474
32	94	26.0666	-23.5357	25.0014	-0.406607
32	95	26.2175	-23.6457	25.1836	-0.408249
32	96	26.3712	-23.7565	25.3686	-0.409853
32	97	26.528	-23.866	25.5562	-0.411339
32	98	26.6867	-23.9764	25.7457	-0.412802
32	99	26.8475	-24.0876	25.9377	-0.414245
32	100	27.0112	-24.1994	26.1325	-0.415639
32	101	27.1775	-24.3119	26.3301	-0.416997
32	102	27.3464	-24.4234	26.5297	-0.418262
32	103	27.5162	-24.5335	26.7297	-0.419445
32	104	27.6854	-24.6421	26.9284	-0.42057
32	105	27.8542	-24.7472	27.1254	-0.421565
32	106	28.0265	-24.8512	27.3252	-0.42246
32	107	28.2024	-24.955	27.5282	-0.423278
32	108	28.3806	-25.061	27.7343	-0.424124
32	109	28.5632	-25.1649	27.9434	-0.424824
32	110	28.749	-25.268	28.1553	-0.42544
32	111	28.9374	-25.368	28.3681	-0.425911
32	112	29.1299	-25.4505	28.5775	-0.425754
32	113	29.3153	-25.4867	28.7614	-0.424238
32	114	29.506	-25.4716	28.9291	-0.421051
32	115	29.6982	-25.4389	29.0913	-0.417325
32	116	29.8952	-25.3856	29.25	-0.412927
32	117	30.1055	-25.316	29.4151	-0.407892
32	118	30.3358	-25.22	29.589	-0.401828
32	119	30.5949	-25.0914	29.778	-0.39445
32	120	30.848	-24.9458	29.9566	-0.386716
32	121	31.0913	-24.7849	30.1223	-0.378721
32	122	31.3233	-24.6121	30.2748	-0.370584
32	123	31.5453	-24.4301	30.417	-0.362362
32	124	31.7595	-24.239	30.5506	-0.354029
32	125	31.9657	-24.0373	30.6752	-0.34553
32	126	32.1618	-23.8244	30.7887	-0.336867
32	127	32.3459	-23.602	30.8901	-0.328102
32	128	32.5184	-23.3723	30.9806	-0.319288
32	129	32.681	-23.1356	31.0619	-0.31041
32	130	32.8335	-22.8904	31.1335	-0.301414
32	131	32.9737	-22.6357	31.193	-0.292283
32	132	33.0974	-22.373	31.2371	-0.283088
32	133	33.1856	-22.1372	31.257	-0.275056
32	134	33.2447	-21.9214	31.256	-0.267899
33	0	-18.2898	-14.8455	21.4269	-3.08566
33	1	-18.3274	-14.6569	21.4548	-3.09454
33	2	-18.3698	-14.4738	21.4893	-3.10314
33	3	-18.4195	-14.2923	21.5328	-3.11165
33	4	-18.4911	-14.1179	21.5998	-3.11982
33	5	-18.5714	-13.9409	21.6769	-3.12807
33	6	-18.6825	-13.7618	21.7864	-3.13636
33	7	-18.8272	-13.5662	21.9309	3.13788
33	8	-19.0184	-13.3458	22.1241	3.12794
33	9	-19.1361	-13.1231	22.2458	3.11801
33	10	-19.2244	-12.9017	22.3405	3.10819
33	11	-19.3182	-12.6887	22.4423	3.09884
33	12	-19.4131	-12.4804	22.5469	3.0898
33	13	-19.5108	-12.2771	22.6559	3.08106
33	14	-19.6147	-12.0805	22.7723	3.07271
33	15	-19.7304	-11.8931	22.9013	3.0649
33	16	-19.8611	-11.7139	23.046	3.05758
33	17	-20.0082	-11.5418	23.2076	3.05072
33	18	-20.1637	-11.3947	23.3761	3.04506
33	19	-20.328	-11.272	23.5517	3.04055
33	20	-20.5026	-11.1746	23.7354	3.03721
33	21	-20.6824	-11.0928	23.9229	3.03459
33	22	-20.8669	-11.0261	24.1135	3.03266
33	23	-21.0522	-10.965	24.3043	3.03098
33	24	-21.2394	-10.9113	24.4963	3.02965
33	25	-21.4278	-10.8599	24.6893	3.02844
33	26	-21.6187	-10.8125	24.8843	3.02741
33	27	-21.8122	-10.7692	25.0815	3.02657
33	28	-22.0075	-10.7298	25.28	3.02591
33	29	-22.2043	-10.6981	25.4792	3.02557
33	30	-22.4011	-10.6698	25.6779	3.02536
33	31	-22.5977	-10.6499	25.8755	3.02547
33	32	-22.7934	-10.6321	26.072	3.02567
33	33	-22.9891	-10.6231	26.2674	3.02619
33	34	-23.185	-10.6183	26.4626	3.02686
33	35	-23.3813	-10.6267	26.6566	3.02802
33	36	-23.5782	-10.6494	26.8497	3.02969
33	37	-23.7752	-10.6956	27.0405	3.0322
33	38	-23.9733	-10.7659	27.2298	3.03556
33	39	-24.1731	-10.8605	27.4187	3.03976
33	40	-24.3544	-10.9672	27.5886	3.04428
33	41	-24.5213	-11.0846	27.7435	3.04907
33	42	-24.6761	-11.2119	27.8863	3.05413
33	43	-24.8253	-11.3439	28.0238	3.05929
33	44	-24.9707	-11.4815	28.1577	3.06458
33	45	-25.1166	-11.6223	28.2927	3.06994
33	46	-25.2628	-11.7688	28.4286	3.07545
33	47	-25.4114	-11.9202	28.5672	3.08108
33	48	-25.5609	-12.0774	28.7075	3.08686
33	49	-25.7081	-12.2379	28.8462	3.0927
33	50	-25.8527	-12.4002	28.9832	3.09854
33	51	-25.9955	-12.5623	29.1194	3.10431
33	52	-26.1367	-12.7236	29.2549	3.11
33	53	-26.2735	-12.8863	29.387	3.11568
33	54	-26.4141	-13.0513	29.5237	3.12139
33	55	-26.5586	-13.2176	29.6653	3.12709
33	56	-26.7016	-13.3879	29.8064	3.13287
33	57	-26.845	-13.559	29.9488	3.13863
33	58	-26.9865	-13.7322	30.0902	-3.13879
33	59	-27.1298	-13.905	30.2345	-3.13309
33	60	-27.2741	-14.0785	30.3807	-3.12741
33	61	-27.4175	-14.254	30.5271	-3.12173
33	62	-27.5593	-14.43	30.6728	-3.11609
33	63	-27.7017	-14.6081	30.8202	-3.11043
33	64	-27.8435	-14.7873	30.9681	-3.10479
33	65	-27.9871	-14.9656	31.1187	-3.09923
33	66	-28.1291	-15.1463	31.2686	-3.09365
33	67	-28.2723	-15.3288	31.4209	-3.08807
33	68	-28.4096	-15.5176	31.5687	-3.08233
33	69	-28.5142	-15.7076	31.6848	-3.07654
33	70	-28.574	-15.9059	31.7579	-3.07043
33	71	-28.6031	-16.114	31.8025	-3.06397
33	72	-28.6132	-16.3302	31.83	-3.05722
33	73	-28.6064	-16.5596	31.8434	-3.05002
33	74	-28.5802	-16.8081	31.8411	-3.04218
33	75	-28.5325	-17.0856	31.8223	-3.03335
33	76	-28.4738	-17.3621	31.7951	-3.0245
33	77	-28.4032	-17.6379	31.7585	-3.01562
33	78	-28.3188	-17.9115	31.7103	-3.00673
33	79	-28.2204	-18.1798	31.6501	-2.99791
33	80	-28.1103	-18.4413	31.5798	-2.98921
33	81	-27.9907	-18.697	31.5015	-2.98061
33	82	-27.8617	-18.9484	31.4157	-2.97206
33	83	-27.7213	-19.1959	31.3202	-2.96351
33	84	-27.5674	-19.4376	31.2127	-2.95501
33	85	-27.4	-19.6704	31.0924	-2.94666
33	86	-27.2218	-19.8926	30.9617	-2.9385
33	87	-27.0355	-20.1053	30.8232	-2.93053
33	88	-26.8416	-20.3104	30.6774	-2.92266
33	89	-26.6386	-20.5083	30.5232	-2.91489
33	90	-26.4253	-20.6973	30.3587	-2.90724
33	91	-26.2025	-20.875	30.1842	-2.89981
33	92	-25.9731	-21.0406	30.0018	-2.89262
33	93	-25.7387	-21.1944	29.8132	-2.88568
33	94	-25.526	-21.3151	29.6385	-2.87992
33	95	-25.327	-21.4097	29.4711	-2.87507
33	96	-25.1355	-21.4847	29.3064	-2.87089
33	97	-24.9457	-21.5416	29.1389	-2.86726
33	98	-24.7539	-21.5767	28.9639	-2.8643
33	99	-24.5588	-21.5657	28.7733	-2.86281
33	100	-24.3503	-21.5073	28.5568	-2.86277
33	101	-24.1442	-21.435	28.3387	-2.86322
33	102	-23.9417	-21.357	28.1226	-2.86391
33	103	-23.7394	-21.2827	27.9077	-2.86448
33	104	-23.5403	-21.2055	27.6951	-2.86519
33	105	-23.3422	-21.1305	27.484	-2.86585
33	106	-23.1446	-21.0516	27.2724	-2.86666
33	107	-22.9459	-20.9724	27.0597	-2.86749
33	108	-22.7466	-20.8929	26.8464	-2.86833
33	109	-22.5494	-20.8107	26.6342	-2.8693
33	110	-22.3536	-20.7305	26.4241	-2.87023
33	111	-22.161	-20.6499	26.217	-2.87123
33	112	-21.9717	-20.5685	26.0129	-2.8723
33	113	-21.7854	-20.4863	25.8114	-2.87345
33	114	-21.6009	-20.4052	25.612	-2.87459
33	115	-21.4193	-20.3242	25.4155	-2.87578
33	116	-21.2368	-20.2401	25.2174	-2.8771
33	117	-21.0551	-20.1538	25.0194	-2.87853
33	118	-20.8754	-20.066	24.8231	-2.88006
33	119	-20.6988	-19.9764	24.6294	-2.88172
33	120	-20.5248	-19.8863	24.4381	-2.88345
33	121	-20.3542	-19.7932	24.2494	-2.88537
33	122	-20.1864	-19.6975	24.0629	-2.88745
33	123	-20.0237	-19.5985	23.8806	-2.88975
33	124	-19.8638	-19.4986	23.7009	-2.89215
33	125	-19.7125	-19.3885	23.5273	-2.8951
33	126	-19.5625	-19.2771	23.3547	-2.89816
33	127	-19.4275	-19.1456	23.1922	-2.90226
33	128	-19.2938	-19	23.028	-2.90702
33	129	-19.171	-18.8274	22.8689	-2.91312
33	130	-19.0513	-18.6508	22.7128	-2.9195
33	131	-18.9286	-18.4619	22.5521	-2.92647
33	132	-18.7936	-18.2504	22.3757	-2.93441
33	133	-18.6112	-18.0189	22.1504	-2.94295
33	134	-18.4765	-17.8051	21.9769	-2.95128
33	135	-18.3837	-17.6063	21.8489	-2.95941
33	136	-18.3205	-17.4134	21.7525	-2.9676
33	137	-18.2751	-17.2222	21.6755	-2.97593
33	138	-18.2442	-17.0309	21.6142	-2.98442
33	139	-18.2192	-16.8362	21.5598	-2.99316
33	140	-18.2011	-16.6379	21.5135	-3.00215
33	141	-18.1876	-16.4368	21.4731	-3.01134
33	142	-18.181	-16.2336	21.4411	-3.02069
33	143	-18.1808	-16.03	21.4173	-3.03013
33	144	-18.186	-15.8278	21.4009	-3.03955
33	145	-18.1981	-15.6267	21.3934	-3.04896
33	146	-18.2128	-15.4277	21.3906	-3.05828
33	147	-18.2349	-15.2324	21.3973	-3.06747
33	148	-18.2575	-15.0377	21.4063	-3.07661
38	0	29.2158	-28.1806	29.884	-0.507861
38	1	29.2188	-27.8842	29.7436	-0.499103
38	2	29.2106	-27.5907	29.597	-0.490528
38	3	29.1925	-27.299	29.4447	-0.482081
38	4	29.1639	-27.0486	29.3039	-0.474963
38	5	29.1224	-26.8296	29.1674	-0.468935
38	6	29.0659	-26.6345	29.0293	-0.463821
38	7	28.9921	-26.4583	28.8847	-0.459507
38	8	28.9316	-26.2864	28.7545	-0.455083
38	9	28.8317	-26.1526	28.606	-0.452418
38	10	28.6856	-26.0447	28.4275	-0.45125
38	11	28.5447	-25.9242	28.2482	-0.449585
38	12	28.3936	-25.8091	28.0621	-0.448232
38	13	28.2368	-25.6936	27.8707	-0.446935
38	14	28.0757	-25.5767	27.675	-0.44564
38	15	27.9111	-25.4588	27.4756	-0.444352
38	16	27.7422	-25.3386	27.2716	-0.443035
38	17	27.5704	-25.2187	27.065	-0.441755
38	18	27.3964	-25.0993	26.8566	-0.440505
38	19	27.2217	-24.9803	26.6479	-0.439259
38	20	27.0472	-24.8613	26.4393	-0.437994
38	21	26.871	-24.7444	26.2302	-0.436809
38	22	26.6941	-24.6262	26.0199	-0.435567
38	23	26.5161	-24.5043	25.8072	-0.434195
38	24	26.3331	-24.3828	25.59	-0.432897
38	25	26.1477	-24.2624	25.3712	-0.431652
38	26	25.9603	-24.1435	25.1514	-0.430476
38	27	25.7735	-24.0244	24.9319	-0.42926
38	28	25.5864	-23.9074	24.7131	-0.428108
38	29	25.3983	-23.7931	24.4945	-0.427053
38	30	25.2096	-23.6794	24.2757	-0.426007
38	31	25.0198	-23.5659	24.056	-0.424972
38	32	24.8257	-23.4585	23.8349	-0.424224
38	33	24.6272	-23.3665	23.6161	-0.424136
38	34	24.4214	-23.2984	23.4005	-0.4251
38	35	24.2074	-23.2532	23.1869	-0.427131
38	36	23.9853	-23.228	22.9745	-0.430137
38	37	23.7703	-23.2222	22.7768	-0.433843
38	38	23.5597	-23.2324	22.5902	-0.43817
38	39	23.3521	-23.2555	22.4123	-0.443033
38	40	23.1454	-23.2903	22.2407	-0.448432
38	41	22.9387	-23.3332	22.0735	-0.454246
38	42	22.7325	-23.3844	21.9111	-0.460473
38	43	22.5273	-23.442	21.7533	-0.467038
38	44	22.3246	-23.5067	21.6019	-0.473936
38	45	22.1251	-23.5775	21.4573	-0.481113
38	46	21.9306	-23.6545	21.3211	-0.488537
38	47	21.7397	-23.7326	21.1898	-0.49602
38	48	21.5532	-23.8143	21.0653	-0.503645
38	49	21.3681	-23.8985	20.9444	-0.511433
38	50	21.1869	-23.9902	20.832	-0.51953
38	51	21.008	-24.0847	20.7243	-0.527768
38	52	20.8353	-24.1865	20.6271	-0.53625
38	53	20.6671	-24.2907	20.5365	-0.5448
38	54	20.5067	-24.4018	20.4577	-0.553506
38	55	20.3532	-24.5192	20.3897	-0.562362
38	56	20.2101	-24.6479	20.3381	-0.571467
38	57	20.0801	-24.7924	20.3077	-0.580917
38	58	19.9583	-24.9498	20.2933	-0.590693
38	59	19.8471	-25.1269	20.3006	-0.600987
38	60	19.7489	-25.303	20.3202	-0.610867
38	61	19.6747	-25.482	20.363	-0.620161
38	62	19.6068	-25.6634	20.414	-0.629322
38	63	19.5553	-25.8505	20.4833	-0.638187
38	64	19.5037	-26.0402	20.5557	-0.647098
38	65	19.4638	-26.2347	20.6419	-0.65578
38	66	19.426	-26.4301	20.7318	-0.664362
38	67	19.3968	-26.626	20.8304	-0.67263
38	68	19.3679	-26.826	20.9331	-0.680962
38	69	19.342	-27.0297	21.0419	-0.689261
38	70	19.319	-27.2356	21.1559	-0.697464
38	71	19.301	-27.4413	21.2748	-0.705418
38	72	19.2855	-27.6505	21.3994	-0.71333
38	73	19.2738	-27.8603	21.5284	-0.721054
38	74	19.2659	-28.0676	21.6599	-0.728485
38	75	19.2588	-28.2768	21.7945	-0.735861
38	76	19.2537	-28.4866	21.9321	-0.743111
38	77	19.2523	-28.6957	22.0731	-0.75013
38	78	19.2544	-28.9079	22.2198	-0.75705
38	79	19.262	-29.1211	22.3723	-0.763743
38	80	19.2747	-29.3354	22.5301	-0.770225
38	81	19.2933	-29.5487	22.6925	-0.776401
38	82	19.3171	-29.7592	22.8573	-0.78224
38	83	19.347	-29.9673	23.0256	-0.787737
38	84	19.3846	-30.1725	23.1978	-0.79283
38	85	19.4361	-30.3737	23.3775	-0.7973
38	86	19.5025	-30.5734	23.567	-0.801204
38	87	19.5902	-30.7702	23.7694	-0.804317
38	88	19.6845	-30.9484	23.9633	-0.80664
38	89	19.7969	-31.1065	24.1552	-0.807807
38	90	19.916	-31.2514	24.3423	-0.808387
38	91	20.0536	-31.3758	24.5273	-0.807832
38	92	20.1958	-31.4934	24.7106	-0.80696
38	93	20.3413	-31.6078	24.8938	-0.805917
38	94	20.4909	-31.7181	25.077	-0.804661
38	95	20.6449	-31.8255	25.2612	-0.803214
38	96	20.8016	-31.9347	25.4486	-0.801766
38	97	20.9633	-32.0443	25.6399	-0.800202
38	98	21.1288	-32.1528	25.833	-0.798535
38	99	21.298	-32.2598	26.0277	-0.796745
38	100	21.4701	-32.3641	26.2228	-0.794833
38	101	21.6427	-32.4667	26.4168	-0.79289
38	102	21.8147	-32.5655	26.608	-0.790889
38	103	21.985	-32.6609	26.7956	-0.788876
38	104	22.1571	-32.7574	26.9854	-0.78687
38	105	22.3321	-32.8538	27.1774	-0.784815
38	106	22.5109	-32.9499	27.3719	-0.782682
38	107	22.6939	-33.046	27.5694	-0.780475
38	108	22.8799	-33.1435	27.7702	-0.778254
38	109	23.0688	-33.2403	27.9728	-0.775979
38	110	23.2589	-33.3361	28.1757	-0.773681
38	111	23.4485	-33.4315	28.378	-0.771418
38	112	23.6382	-33.5243	28.5789	-0.769116
38	113	23.8301	-33.6157	28.7803	-0.766761
38	114	24.0236	-33.7075	28.9834	-0.764408
38	115	24.219	-33.7997	29.1884	-0.762057
38	116	24.4185	-33.8855	29.392	-0.759482
38	117	24.6213	-33.9494	29.5833	-0.75633
38	118	24.8224	-33.962	29.7384	-0.751995
38	119	25.0311	-33.9246	29.8658	-0.746308
38	120	25.2416	-33.8611	29.9779	-0.739985
38	121	25.4601	-33.7761	30.0826	-0.733
38	122	25.694	-33.667	30.1843	-0.725129
38	123	25.951	-33.5275	30.2855	-0.716055
38	124	26.204	-33.3786	30.3798	-0.706891
38	125	26.4535	-33.2184	30.4668	-0.697573
38	126	26.697	-33.0434	30.5424	-0.688061
38	127	26.9299	-32.8533	30.6031	-0.678427
38	128	27.1499	-32.6516	30.6491	-0.6688
38	129	27.3583	-32.442	30.6841	-0.659229
38	130	27.5581	-32.2253	30.7107	-0.649668
38	131	27.7501	-32	30.7287	-0.640049
38	132	27.9324	-31.7644	30.7357	-0.630359
38	133	28.1024	-31.5198	30.7303	-0.620666
38	134	28.2597	-31.269	30.7138	-0.611047
38	135	28.4063	-31.014	30.689	-0.6015
38	136	28.5443	-30.7541	30.6571	-0.591963
38	137	28.673	-30.4871	30.6163	-0.582379
38	138	28.7895	-30.2117	30.5636	-0.572758
38	139	28.8907	-29.9299	30.4973	-0.563195
38	140	28.9766	-29.6452	30.4193	-0.553772
38	141	29.05	-29.3591	30.3325	-0.544476
38	142	29.1125	-29.0703	30.2377	-0.535236
38	143	29.1629	-28.777	30.1327	-0.526011
38	144	29.1979	-28.4793	30.0148	-0.516849
39	0	-15.4499	-25.0245	21.7638	-2.59153
39	1	-15.4389	-24.7992	21.6374	-2.60015
39	2	-15.4328	-24.5746	21.5173	-2.60894
39	3	-15.4296	-24.346	21.3994	-2.61807
39	4	-15.4311	-24.1143	21.2857	-2.62753
39	5	-15.4395	-23.8815	21.1796	-2.6373
39	6	-15.4553	-23.6502	21.0827	-2.64727
39	7	-15.4752	-23.4188	20.9916	-2.65742
39	8	-15.4992	-23.1877	20.9063	-2.66774
39	9	-15.5286	-22.9565	20.8281	-2.67826
39	10	-15.5651	-22.7255	20.7588	-2.689
39	11	-15.6144	-22.4971	20.7044	-2.69996
39	12	-15.6825	-22.2754	20.6726	-2.71107
39	13	-15.7714	-22.0609	20.6651	-2.72229
39	14	-15.8802	-21.8531	20.6812	-2.73362
39	15	-16.007	-21.6603	20.7224	-2.74458
39	16	-16.1468	-21.4876	20.7856	-2.75485
39	17	-16.3004	-21.3353	20.8714	-2.76438
39	18	-16.4648	-21.1955	20.9735	-2.77346
39	19	-16.6367	-21.0637	21.0874	-2.78223
39	20	-16.8148	-20.9379	21.2106	-2.79074
39	21	-16.9982	-20.818	21.3424	-2.79896
39	22	-17.1862	-20.7049	21.4821	-2.80687
39	23	-17.3777	-20.5988	21.6287	-2.8144
39	24	-17.5717	-20.4998	21.7812	-2.82157
39	25	-17.7683	-20.4079	21.9394	-2.82837
39	26	-17.9683	-20.3239	22.1042	-2.83477
39	27	-18.1729	-20.2503	22.2774	-2.84069
39	28	-18.3836	-20.1916	22.4615	-2.84597
39	29	-18.6036	-20.1514	22.6605	-2.85049
39	30	-18.8327	-20.1323	22.8747	-2.85417
39	31	-19.0565	-20.1364	23.0905	-2.85675
39	32	-19.2761	-20.1595	23.3078	-2.85844
39	33	-19.4924	-20.2004	23.5269	-2.85934
39	34	-19.7076	-20.2588	23.7499	-2.85951
39	35	-19.923	-20.3287	23.9763	-2.85921
39	36	-20.1381	-20.4028	24.2035	-2.85874
39	37	-20.3535	-20.4791	24.4316	-2.8582
39	38	-20.5691	-20.5593	24.661	-2.85753
39	39	-20.7835	-20.6431	24.8904	-2.85671
39	40	-20.9959	-20.729	25.1183	-2.8558
39	41	-21.2064	-20.8157	25.3448	-2.85486
39	42	-21.4163	-20.9027	25.5707	-2.85392
39	43	-21.6266	-20.9906	25.7973	-2.85296
39	44	-21.8379	-21.0805	26.0255	-2.85197
39	45	-22.0479	-21.1709	26.2525	-2.85095
39	46	-22.256	-21.2623	26.4781	-2.8499
39	47	-22.46	-21.3524	26.6994	-2.84886
39	48	-22.6606	-21.4411	26.9171	-2.84786
39	49	-22.8589	-21.5291	27.1324	-2.84687
39	50	-23.0553	-21.6173	27.346	-2.84587
39	51	-23.2495	-21.7073	27.558	-2.8448
39	52	-23.4403	-21.7995	27.7675	-2.84363
39	53	-23.6268	-21.8943	27.9736	-2.84235
39	54	-23.8074	-21.9887	28.174	-2.84104
39	55	-23.9826	-22.0834	28.3693	-2.83968
39	56	-24.1529	-22.1804	28.5608	-2.83821
39	57	-24.3162	-22.2839	28.7477	-2.83647
39	58	-24.4838	-22.38	28.9364	-2.83504
39	59	-24.6169	-22.5111	29.103	-2.83213
39	60	-24.7225	-22.6918	29.259	-2.82734
39	61	-24.8096	-22.8968	29.4056	-2.82163
39	62	-24.8857	-23.1285	29.5514	-2.815
39	63	-24.9531	-23.3938	29.7013	-2.80726
39	64	-25.0138	-23.7015	29.8607	-2.7982
39	65	-25.0622	-24.0096	30.0113	-2.78907
39	66	-25.0998	-24.3193	30.1548	-2.77986
39	67	-25.1248	-24.6324	30.2904	-2.77049
39	68	-25.134	-24.948	30.4148	-2.76093
39	69	-25.1264	-25.2629	30.5261	-2.75126
39	70	-25.1042	-25.5747	30.6257	-2.74157
39	71	-25.0698	-25.8848	30.7162	-2.73183
39	72	-25.0221	-26.1948	30.7974	-2.72198
39	73	-24.9577	-26.5041	30.8662	-2.71198
39	74	-24.8756	-26.8089	30.9201	-2.70191
39	75	-24.779	-27.1065	30.961	-2.69188
39	76	-24.6712	-27.3981	30.9921	-2.6819
39	77	-24.5524	-27.6858	31.0149	-2.67189
39	78	-24.4201	-27.9699	31.0271	-2.66179
39	79	-24.2727	-28.2476	31.0261	-2.65166
39	80	-24.1119	-28.5161	31.0121	-2.64158
39	81	-23.9407	-28.7756	30.9879	-2.63158
39	82	-23.7594	-29.0283	30.9545	-2.6216
39	83	-23.5658	-29.2743	30.9103	-2.61158
39	84	-23.358	-29.5108	30.8521	-2.60156
39	85	-23.1384	-29.7347	30.7804	-2.59165
39	86	-22.911	-29.9466	30.6987	-2.5819
39	87	-22.678	-30.1491	30.6102	-2.57225
39	88	-22.4685	-30.3165	30.5251	-2.56393
39	89	-22.2736	-30.4556	30.4386	-2.5566
39	90	-22.085	-30.569	30.3446	-2.55006
39	91	-21.8939	-30.6503	30.2318	-2.5443
39	92	-21.709	-30.6686	30.0894	-2.54034
39	93	-21.5164	-30.6291	29.9084	-2.53779
39	94	-21.3202	-30.6	29.7304	-2.53485
39	95	-21.1239	-30.5595	29.5462	-2.53218
39	96	-20.9265	-30.5133	29.3579	-2.52963
39	97	-20.7258	-30.4635	29.1653	-2.52707
39	98	-20.5227	-30.4097	28.9684	-2.52455
39	99	-20.3159	-30.3516	28.7662	-2.52203
39	100	-20.1048	-30.2889	28.558	-2.51953
39	101	-19.8922	-30.2219	28.3463	-2.51708
39	102	-19.6786	-30.1515	28.1319	-2.51467
39	103	-19.4667	-30.0787	27.9177	-2.51233
39	104	-19.2556	-30.0049	27.7037	-2.51
39	105	-19.0437	-29.9308	27.4889	-2.50762
39	106	-18.8296	-29.8557	27.272	-2.50519
39	107	-18.6127	-29.7784	27.0518	-2.50272
39	108	-18.394	-29.698	26.8283	-2.50027
39	109	-18.1749	-29.6144	26.6027	-2.49786
39	110	-17.9581	-29.5284	26.3779	-2.49553
39	111	-17.7433	-29.4406	26.1536	-2.49327
39	112	-17.5299	-29.3502	25.9289	-2.49108
39	113	-17.3183	-29.2544	25.7026	-2.48906
39	114	-17.1114	-29.1485	25.4739	-2.48743
39	115	-16.9181	-29.0267	25.2464	-2.4866
39	116	-16.7434	-28.8835	25.0206	-2.48688
39	117	-16.5818	-28.7228	24.7946	-2.48806
39	118	-16.4321	-28.544	24.5671	-2.49013
39	119	-16.3063	-28.3638	24.3579	-2.49288
39	120	-16.2012	-28.1803	24.1634	-2.4963
39	121	-16.1124	-27.9934	23.9802	-2.5003
39	122	-16.0323	-27.8019	23.8017	-2.50474
39	123	-15.9573	-27.6059	23.6251	-2.50952
39	124	-15.8865	-27.4053	23.4498	-2.51464
39	125	-15.8209	-27.2003	23.2768	-2.52012
39	126	-15.7615	-26.9922	23.1077	-2.52594
39	127	-15.7086	-26.7828	22.9441	-2.53206
39	128	-15.66	-26.5706	22.7832	-2.53848
39	129	-15.6151	-26.3559	22.625	-2.54517
39	130	-15.5743	-26.1387	22.4697	-2.55215
39	131	-15.539	-25.9194	22.3191	-2.55943
39	132	-15.5104	-25.6996	22.1749	-2.56701
39	133	-15.4858	-25.4758	22.0334	-2.57492
39	134	-15.4656	-25.2502	21.8959	-2.58312
43	0	24.7204	-37.5394	32.2195	-0.835345
43	1	24.7482	-37.2443	32.0201	-0.828517
43	2	24.7626	-36.9465	31.8111	-0.821856
43	3	24.7622	-36.6484	31.5931	-0.81544
43	4	24.7484	-36.3525	31.3688	-0.809293
43	5	24.7244	-36.0591	31.1405	-0.803352
43	6	24.6906	-35.7675	30.9076	-0.797588
43	7	24.6494	-35.5158	30.6991	-0.79282
43	8	24.5961	-35.2945	30.5043	-0.788972
43	9	24.5364	-35.0936	30.3198	-0.785703
43	10	24.456	-34.9142	30.1361	-0.783381
43	11	24.3604	-34.7565	29.9571	-0.781903
43	12	24.2277	-34.6348	29.7773	-0.782142
43	13	24.0725	-34.5304	29.5936	-0.783338
43	14	23.9187	-34.4215	29.4078	-0.784403
43	15	23.759	-34.3177	29.2214	-0.785752
43	16	23.5957	-34.2138	29.0325	-0.787199
43	17	23.428	-34.1083	28.8395	-0.788737
43	18	23.2564	-34.0029	28.6438	-0.790394
43	19	23.0804	-33.8972	28.4449	-0.792175
43	20	22.9008	-33.7902	28.2427	-0.794042
43	21	22.7182	-33.6827	28.038	-0.795999
43	22	22.5328	-33.5753	27.8317	-0.79806
43	23	22.3455	-33.4668	27.6233	-0.800172
43	24	22.1571	-33.3597	27.4153	-0.802381
43	25	21.9667	-33.2527	27.2061	-0.804682
43	26	21.7753	-33.1474	26.9975	-0.807086
43	27	21.5842	-33.0411	26.7888	-0.809494
43	28	21.3927	-32.937	26.5813	-0.812007
43	29	21.2008	-32.8361	26.3762	-0.814655
43	30	21.0097	-32.7368	26.1729	-0.817362
43	31	20.8194	-32.6376	25.9705	-0.820095
43	32	20.6271	-32.5377	25.7664	-0.822906
43	33	20.4321	-32.4382	25.5609	-0.825852
43	34	20.2345	-32.3406	25.3553	-0.828972
43	35	20.035	-32.2481	25.1524	-0.832334
43	36	19.8345	-32.1631	24.9548	-0.835984
43	37	19.6335	-32.0898	24.7659	-0.840021
43	38	19.4328	-32.0372	24.593	-0.84467
43	39	19.2285	-32.0041	24.4329	-0.850023
43	40	19.019	-31.9856	24.2811	-0.856003
43	41	18.8	-31.9823	24.1357	-0.862767
43	42	18.5898	-31.9964	24.0103	-0.869798
43	43	18.3859	-32.0296	23.9049	-0.877214
43	44	18.187	-32.0815	23.8184	-0.885026
43	45	17.9911	-32.1466	23.7454	-0.893149
43	46	17.7981	-32.2209	23.6831	-0.901462
43	47	17.6081	-32.3009	23.6288	-0.909872
43	48	17.4204	-32.3853	23.581	-0.918352
43	49	17.2349	-32.472	23.5382	-0.926851
43	50	17.0504	-32.561	23.4995	-0.935403
43	51	16.8662	-32.653	23.465	-0.944049
43	52	16.6836	-32.748	23.4358	-0.952736
43	53	16.5033	-32.8469	23.4128	-0.961458
43	54	16.3254	-32.9489	23.3955	-0.970189
43	55	16.1521	-33.0542	23.3853	-0.978849
43	56	15.9821	-33.1612	23.3802	-0.987437
43	57	15.8157	-33.2718	23.3817	-0.995981
43	58	15.652	-33.386	23.3894	-1.00451
43	59	15.4939	-33.5081	23.4084	-1.01301
43	60	15.3436	-33.6404	23.4419	-1.02144
43	61	15.2029	-33.7881	23.4953	-1.02982
43	62	15.0732	-33.9517	23.5695	-1.03812
43	63	14.9553	-34.1355	23.6688	-1.04635
43	64	14.8582	-34.3242	23.7842	-1.05386
43	65	14.7779	-34.5167	23.9124	-1.06076
43	66	14.7133	-34.7139	24.0534	-1.06711
43	67	14.6613	-34.9168	24.2064	-1.07303
43	68	14.6182	-35.1229	24.3674	-1.07862
43	69	14.5799	-35.331	24.533	-1.08401
43	70	14.5466	-35.5406	24.703	-1.08917
43	71	14.5173	-35.7508	24.876	-1.09413
43	72	14.4924	-35.9605	25.0513	-1.09885
43	73	14.4729	-36.1697	25.229	-1.10331
43	74	14.4582	-36.3766	25.4073	-1.10749
43	75	14.446	-36.58	25.5839	-1.11147
43	76	14.4384	-36.7828	25.7625	-1.11523
43	77	14.4334	-36.9844	25.9415	-1.11882
43	78	14.4325	-37.1843	26.1212	-1.12219
43	79	14.4364	-37.3857	26.3045	-1.12538
43	80	14.4471	-37.5864	26.4903	-1.12828
43	81	14.4619	-37.7842	26.6754	-1.13095
43	82	14.4843	-37.9821	26.8642	-1.13334
43	83	14.5115	-38.1784	27.0535	-1.1355
43	84	14.5418	-38.3719	27.2418	-1.13749
43	85	14.5756	-38.5621	27.4287	-1.13928
43	86	14.6125	-38.7533	27.6178	-1.14096
43	87	14.6563	-38.9432	27.8087	-1.14237
43	88	14.7049	-39.1303	27.9991	-1.14357
43	89	14.7568	-39.3135	28.1873	-1.14459
43	90	14.815	-39.4942	28.376	-1.14536
43	91	14.8802	-39.67	28.563	-1.14582
43	92	14.9479	-39.8414	28.747	-1.14613
43	93	15.0198	-40.0104	28.9307	-1.14627
43	94	15.0977	-40.1767	29.1144	-1.14619
43	95	15.1824	-40.34	29.298	-1.14585
43	96	15.2745	-40.5007	29.4824	-1.14525
43	97	15.3881	-40.6534	29.6684	-1.14389
43	98	15.5183	-40.8034	29.8589	-1.142
43	99	15.674	-40.9451	30.0526	-1.13925
43	100	15.8359	-41.0732	30.2368	-1.13615
43	101	16.0078	-41.1839	30.4099	-1.13256
43	102	16.191	-41.2773	30.5725	-1.12843
43	103	16.3895	-41.3531	30.7263	-1.12365
43	104	16.5937	-41.4188	30.8742	-1.11861
43	105	16.7989	-41.4794	31.0188	-1.11351
43	106	17.005	-41.5371	31.162	-1.10839
43	107	17.2126	-41.5925	31.3045	-1.10325
43	108	17.4204	-41.6451	31.4455	-1.0981
43	109	17.628	-41.6941	31.5842	-1.09295
43	110	17.8344	-41.7394	31.7197	-1.08783
43	111	18.039	-41.7809	31.8519	-1.08275
43	112	18.2417	-41.8201	31.9819	-1.07773
43	113	18.4433	-41.8567	32.11	-1.07273
43	114	18.6445	-41.8922	32.2378	-1.06778
43	115	18.8463	-41.9246	32.3638	-1.0628
43	116	19.0482	-41.955	32.4889	-1.05782
43	117	19.2498	-41.9806	32.6106	-1.05282
43	118	19.45	-42.0043	32.7307	-1.04787
43	119	19.6483	-42.0235	32.8468	-1.04293
43	120	19.8446	-42.0419	32.9619	-1.03806
43	121	20.0397	-42.0564	33.0739	-1.03321
43	122	20.2337	-42.0692	33.1846	-1.02838
43	123	20.4272	-42.0773	33.2918	-1.02353
43	124	20.6198	-42.081	33.3956	-1.01866
43	125	20.8088	-42.0819	33.4959	-1.01387
43	126	20.9934	-42.0791	33.5915	-1.00916
43	127	21.1734	-42.0756	33.6847	-1.00458
43	128	21.3485	-42.0687	33.7732	-1.0001
43	129	21.5189	-42.0617	33.8597	-0.995754
43	130	21.685	-42.0523	33.9425	-0.991496
43	131	21.8474	-42.0402	34.0215	-0.987305
43	132	22.0054	-42.0185	34.0907	-0.983087
43	133	22.1613	-42.0095	34.1699	-0.979144
43	134	22.3036	-41.9571	34.2061	-0.974838
43	135	22.4423	-41.8522	34.1976	-0.969757
43	136	22.5954	-41.7515	34.2017	-0.964403
43	137	22.7482	-41.6254	34.1857	-0.958628
43	138	22.9059	-41.4707	34.1504	-0.952244
43	139	23.074	-41.2822	34.0952	-0.94502
43	140	23.2593	-41.0532	34.0193	-0.936665
43	141	23.4365	-40.8184	33.9362	-0.928359
43	142	23.6063	-40.5769	33.8458	-0.920067
43	143	23.7673	-40.3271	33.7458	-0.911787
43	144	23.9168	-40.0691	33.6344	-0.903575
43	145	24.0532	-39.8049	33.5125	-0.895499
43	146	24.1779	-39.5371	33.3824	-0.887567
43	147	24.2929	-39.2654	33.2453	-0.879728
43	148	24.3981	-38.9883	33.0998	-0.871941
43	149	24.4912	-38.7043	32.9433	-0.864231
43	150	24.5692	-38.4149	32.7747	-0.856689
43	151	24.6317	-38.1235	32.5963	-0.849384
43	152	24.6814	-37.8319	32.411	-0.842291
44	0	-12.1901	-36.0241	27.1035	-2.17035
44	1	-12.1537	-35.8253	26.919	-2.1734
44	2	-12.1187	-35.6238	26.7332	-2.17659
44	3	-12.0895	-35.4197	26.549	-2.18006
44	4	-12.0655	-35.2148	26.3674	-2.18376
44	5	-12.0464	-35.0076	26.1871	-2.18772
44	6	-12.0313	-34.7996	26.0089	-2.19187
44	7	-12.0215	-34.5919	25.8345	-2.19624
44	8	-12.0145	-34.3835	25.6618	-2.20078
44	9	-12.012	-34.1744	25.4916	-2.20553
44	10	-12.0164	-33.9646	25.3256	-2.21058
44	11	-12.0303	-33.7551	25.1663	-2.21599
44	12	-12.0583	-33.5478	25.0179	-2.22187
44	13	-12.1015	-33.3421	24.881	-2.22826
44	14	-12.1612	-33.1376	24.7562	-2.23522
44	15	-12.2389	-32.934	24.6445	-2.2428
44	16	-12.3283	-32.7497	24.5566	-2.25032
44	17	-12.4287	-32.5813	24.4894	-2.25783
44	18	-12.5394	-32.4266	24.4407	-2.26534
44	19	-12.6566	-32.2776	24.4019	-2.27294
44	20	-12.7789	-32.132	24.3705	-2.28063
44	21	-12.9052	-31.9884	24.3446	-2.28841
44	22	-13.0369	-31.8454	24.3242	-2.29636
44	23	-13.1744	-31.7037	24.3103	-2.30446
44	24	-13.3176	-31.5651	24.304	-2.31265
44	25	-13.465	-31.4306	24.3053	-2.32086
44	26	-13.6164	-31.2971	24.3117	-2.32916
44	27	-13.7709	-31.1643	24.3224	-2.33753
44	28	-13.9288	-31.0337	24.3387	-2.34592
44	29	-14.0898	-30.906	24.3611	-2.35431
44	30	-14.2556	-30.7788	24.3889	-2.36281
44	31	-14.4261	-30.654	24.4234	-2.37135
44	32	-14.6008	-30.5339	24.466	-2.37984
44	33	-14.7784	-30.4176	24.5152	-2.38828
44	34	-14.9581	-30.3061	24.5708	-2.39659
44	35	-15.139	-30.201	24.6334	-2.4047
44	36	-15.3221	-30.1053	24.7054	-2.41255
44	37	-15.5095	-30.025	24.7924	-2.42001
44	38	-15.7037	-29.9582	24.8946	-2.42717
44	39	-15.9071	-29.9056	25.0145	-2.43409
44	40	-16.1102	-29.8677	25.1448	-2.44049
44	41	-16.3055	-29.8503	25.2831	-2.44599
44	42	-16.4937	-29.8497	25.4275	-2.45076
44	43	-16.6775	-29.8687	25.5815	-2.45476
44	44	-16.859	-29.8955	25.739	-2.45843
44	45	-17.0391	-29.9298	25.9004	-2.46179
44	46	-17.2182	-29.9691	26.0645	-2.46494
44	47	-17.3967	-30.0127	26.2312	-2.4679
44	48	-17.5777	-30.0606	26.4026	-2.47076
44	49	-17.7617	-30.1118	26.5787	-2.47356
44	50	-17.949	-30.1658	26.7593	-2.47631
44	51	-18.1389	-30.2234	26.9443	-2.47897
44	52	-18.331	-30.2829	27.1325	-2.4816
44	53	-18.5239	-30.345	27.323	-2.48414
44	54	-18.717	-30.4082	27.5145	-2.48661
44	55	-18.9096	-30.4723	27.7064	-2.489
44	56	-19.1014	-30.5377	27.8986	-2.49132
44	57	-19.292	-30.6045	28.0909	-2.49353
44	58	-19.4867	-30.6724	28.2871	-2.49577
44	59	-19.6843	-30.7425	28.4871	-2.49798
44	60	-19.8831	-30.8155	28.69	-2.50011
44	61	-20.082	-30.8909	28.8946	-2.50214
44	62	-20.2817	-30.9652	29.0993	-2.50418
44	63	-20.4806	-31.0417	29.3047	-2.50612
44	64	-20.6808	-31.1197	29.5122	-2.50802
44	65	-20.8827	-31.2008	29.7229	-2.50984
44	66	-21.0835	-31.2895	29.9374	-2.51142
44	67	-21.2885	-31.3701	30.1505	-2.51326
44	68	-21.4528	-31.4878	30.3527	-2.51331
44	69	-21.5849	-31.647	30.5532	-2.51163
44	70	-21.6988	-31.8263	30.7509	-2.5091
44	71	-21.8011	-32.0241	30.9505	-2.5059
44	72	-21.8953	-32.2455	31.158	-2.50198
44	73	-21.9839	-32.4987	31.3806	-2.49719
44	74	-22.0703	-32.7946	31.628	-2.49135
44	75	-22.1481	-33.0944	31.872	-2.48534
44	76	-22.2157	-33.3991	32.1121	-2.47911
44	77	-22.2698	-33.7076	32.3451	-2.47262
44	78	-22.3097	-34.0167	32.5689	-2.46593
44	79	-22.3378	-34.325	32.7844	-2.45913
44	80	-22.3559	-34.6336	32.9938	-2.45222
44	81	-22.3632	-34.944	33.1977	-2.44514
44	82	-22.3571	-35.256	33.3941	-2.43786
44	83	-22.3365	-35.567	33.5806	-2.4304
44	84	-22.3035	-35.8748	33.7574	-2.42285
44	85	-22.2606	-36.1797	33.9269	-2.41526
44	86	-22.2087	-36.4834	34.0907	-2.40759
44	87	-22.1458	-36.7869	34.2483	-2.39978
44	88	-22.0696	-37.0887	34.3972	-2.39181
44	89	-21.9802	-37.3862	34.5357	-2.38374
44	90	-21.8799	-37.6783	34.6648	-2.37563
44	91	-21.7704	-37.9662	34.7866	-2.36749
44	92	-21.6508	-38.2513	34.9015	-2.35925
44	93	-21.5191	-38.5329	35.0079	-2.35089
44	94	-21.3748	-38.8083	35.1034	-2.34245
44	95	-21.219	-39.0751	35.1872	-2.33399
44	96	-21.0711	-39.2949	35.2447	-2.32665
44	97	-20.9271	-39.4786	35.2804	-2.32011
44	98	-20.7833	-39.6354	35.298	-2.3141
44	99	-20.6369	-39.7722	35.3001	-2.30842
44	100	-20.4827	-39.892	35.2857	-2.30291
44	101	-20.3365	-40.0198	35.2835	-2.2974
44	102	-20.1685	-40.0987	35.2313	-2.29235
44	103	-19.9693	-40.1318	35.125	-2.28747
44	104	-19.769	-40.1749	35.0264	-2.28235
44	105	-19.5685	-40.2082	34.9211	-2.27738
44	106	-19.3696	-40.2365	34.8139	-2.2725
44	107	-19.1727	-40.2627	34.7072	-2.26768
44	108	-18.9772	-40.2862	34.6001	-2.26291
44	109	-18.7825	-40.3089	34.4938	-2.25815
44	110	-18.5881	-40.329	34.3863	-2.25341
44	111	-18.3938	-40.3474	34.2785	-2.24867
44	112	-18.1999	-40.3621	34.1686	-2.24398
44	113	-18.0071	-40.3744	34.0585	-2.23933
44	114	-17.8161	-40.3827	33.9469	-2.23477
44	115	-17.6271	-40.3895	33.8362	-2.23024
44	116	-17.44	-40.3938	33.7252	-2.22578
44	117	-17.254	-40.3977	33.6154	-2.22132
44	118	-17.0687	-40.3984	33.504	-2.21691
44	119	-16.8834	-40.3981	33.3925	-2.21248
44	120	-16.6979	-40.3945	33.2789	-2.20808
44	121	-16.5128	-40.3884	33.1642	-2.20371
44	122	-16.3286	-40.3784	33.0475	-2.19939
44	123	-16.1461	-40.365	32.9297	-2.19515
44	124	-15.966	-40.3472	32.8102	-2.19101
44	125	-15.7882	-40.3281	32.6916	-2.18692
44	126	-15.6129	-40.3039	32.5709	-2.18296
44	127	-15.4398	-40.2764	32.4491	-2.17908
44	128	-15.2685	-40.2443	32.3251	-2.1753
44	129	-15.1002	-40.2087	32.2003	-2.17163
44	130	-14.9338	-40.1714	32.0757	-2.16801
44	131	-14.7705	-40.1255	31.9462	-2.16459
44	132	-14.6081	-40.0783	31.8163	-2.16119
44	133	-14.4512	-40.0138	31.6755	-2.15821
44	134	-14.2942	-39.9401	31.5273	-2.15536
44	135	-14.1422	-39.8449	31.3641	-2.15299
44	136	-13.9872	-39.7406	31.1919	-2.15068
44	137	-13.8474	-39.6141	31.0094	-2.14914
44	138	-13.7113	-39.4909	30.832	-2.14763
44	139	-13.6001	-39.351	30.6541	-2.14708
44	140	-13.4881	-39.2115	30.4761	-2.14649
44	141	-13.3873	-39.0629	30.2965	-2.14637
44	142	-13.2854	-38.9121	30.1146	-2.14626
44	143	-13.1878	-38.7553	29.9299	-2.14637
44	144	-13.0922	-38.5942	29.7428	-2.14663
44	145	-13.005	-38.4271	29.5551	-2.14723
44	146	-12.9183	-38.2588	29.3667	-2.14788
44	147	-12.8389	-38.0847	29.1775	-2.14885
44	148	-12.759	-37.9096	28.9872	-2.14984
44	149	-12.6859	-37.7313	28.798	-2.15111
44	150	-12.6169	-37.5524	28.6106	-2.15252
44	151	-12.5498	-37.3694	28.4209	-2.15408
44	152	-12.4852	-37.183	28.2298	-2.15581
44	153	-12.4267	-36.9935	28.0395	-2.15781
44	154	-12.3711	-36.8038	27.8509	-2.15991
44	155	-12.3213	-36.6103	27.6624	-2.1623
44	156	-12.2724	-36.4156	27.4736	-2.16478
44	157	-12.2301	-36.2196	27.2875	-2.16751
48	0	22.8908	-44.5226	36.6714	-1.00086
48	1	22.8104	-44.2418	36.3917	-0.998553
48	2	22.7187	-43.9672	36.1113	-0.996571
48	3	22.6164	-43.6984	35.83	-0.994894
48	4	22.5126	-43.4706	35.5825	-0.993853
48	5	22.4032	-43.2748	35.3587	-0.993424
48	6	22.2853	-43.1035	35.1509	-0.993575
48	7	22.1566	-42.9515	34.9532	-0.994287
48	8	22.0143	-42.8162	34.7623	-0.995598
48	9	21.8295	-42.7455	34.6025	-0.998968
48	10	21.5987	-42.7325	34.4673	-1.0044
48	11	21.3677	-42.7292	34.3411	-1.01002
48	12	21.1396	-42.7228	34.2148	-1.01556
48	13	20.9161	-42.7136	34.0897	-1.021
48	14	20.697	-42.7059	33.9691	-1.02637
48	15	20.4818	-42.693	33.8471	-1.03162
48	16	20.2693	-42.6721	33.7205	-1.03671
48	17	20.0589	-42.6467	33.592	-1.04171
48	18	19.8485	-42.6234	33.4662	-1.04679
48	19	19.6395	-42.6013	33.3429	-1.05189
48	20	19.4327	-42.5783	33.2207	-1.05695
48	21	19.2282	-42.5532	33.0987	-1.06195
48	22	19.0249	-42.53	32.9799	-1.06699
48	23	18.8225	-42.5039	32.8597	-1.07201
48	24	18.6208	-42.473	32.7365	-1.07697
48	25	18.4197	-42.4408	32.6132	-1.08193
48	26	18.2197	-42.4131	32.4953	-1.08696
48	27	18.0222	-42.3851	32.379	-1.09196
48	28	17.8281	-42.3539	32.2622	-1.09685
48	29	17.6369	-42.3192	32.1445	-1.10165
48	30	17.4475	-42.2844	32.0282	-1.10644
48	31	17.2593	-42.2517	31.9151	-1.11125
48	32	17.0728	-42.2194	31.8037	-1.11605
48	33	16.8888	-42.188	31.6951	-1.12084
48	34	16.7078	-42.1581	31.5898	-1.12558
48	35	16.5305	-42.1294	31.4879	-1.13027
48	36	16.357	-42.1017	31.3891	-1.1349
48	37	16.1865	-42.0749	31.2933	-1.13947
48	38	16.0169	-42.0507	31.2007	-1.14408
48	39	15.8474	-42.0311	31.113	-1.14878
48	40	15.6769	-42.0196	31.0331	-1.15364
48	41	15.5043	-42.0235	30.9671	-1.15879
48	42	15.3245	-42.0535	30.9231	-1.16451
48	43	15.1385	-42.1116	30.9036	-1.17078
48	44	14.9443	-42.1969	30.9072	-1.17764
48	45	14.7635	-42.301	30.9349	-1.18433
48	46	14.5967	-42.4225	30.9852	-1.19079
48	47	14.4414	-42.559	31.0549	-1.19707
48	48	14.2948	-42.7043	31.1372	-1.20316
48	49	14.1543	-42.8547	31.2276	-1.20908
48	50	14.0185	-43.0086	31.3241	-1.21488
48	51	13.8881	-43.1671	31.4276	-1.22052
48	52	13.765	-43.3315	31.5404	-1.22598
48	53	13.6527	-43.5048	31.6659	-1.23117
48	54	13.5567	-43.6889	31.8078	-1.23594
48	55	13.4796	-43.8878	31.9707	-1.24026
48	56	13.4252	-44.0919	32.1462	-1.24392
48	57	13.393	-44.2932	32.3267	-1.24687
48	58	13.3812	-44.4904	32.51	-1.24914
48	59	13.3843	-44.6851	32.6957	-1.25094
48	60	13.3944	-44.8807	32.8846	-1.25251
48	61	13.408	-45.0783	33.0766	-1.25399
48	62	13.4253	-45.2782	33.2719	-1.25537
48	63	13.4468	-45.4807	33.4712	-1.25664
48	64	13.4729	-45.6856	33.6742	-1.25778
48	65	13.5035	-45.8919	33.8799	-1.2588
48	66	13.5378	-46.0983	34.0868	-1.2597
48	67	13.5742	-46.304	34.2938	-1.26052
48	68	13.6115	-46.509	34.5004	-1.26131
48	69	13.6489	-46.7143	34.7073	-1.26208
48	70	13.6867	-46.9205	34.9153	-1.26284
48	71	13.7257	-47.1285	35.1253	-1.26358
48	72	13.7673	-47.3381	35.3377	-1.26425
48	73	13.8126	-47.5485	35.552	-1.26482
48	74	13.8621	-47.758	35.7667	-1.26527
48	75	13.9148	-47.9658	35.9807	-1.26561
48	76	13.9694	-48.1717	36.1935	-1.26588
48	77	14.025	-48.3767	36.4057	-1.26611
48	78	14.0815	-48.582	36.6186	-1.26632
48	79	14.1397	-48.7885	36.833	-1.2665
48	80	14.2004	-48.996	37.0492	-1.26661
48	81	14.264	-49.2037	37.2664	-1.26665
48	82	14.3295	-49.4106	37.4834	-1.26664
48	83	14.3959	-49.6164	37.6996	-1.26659
48	84	14.4624	-49.8217	37.9154	-1.26654
48	85	14.5293	-50.0274	38.1317	-1.26648
48	86	14.5974	-50.2341	38.3493	-1.2664
48	87	14.6679	-50.4416	38.5684	-1.26627
48	88	14.7416	-50.6486	38.788	-1.26606
48	89	14.8182	-50.8538	39.0067	-1.26577
48	90	14.8968	-51.0568	39.224	-1.26541
48	91	14.9757	-51.2599	39.4414	-1.26505
48	92	15.055	-51.4639	39.6598	-1.26469
48	93	15.1358	-51.6691	39.8798	-1.26431
48	94	15.2197	-51.8752	40.1016	-1.26386
48	95	15.312	-52.0793	40.324	-1.26321
48	96	15.442	-52.2293	40.5064	-1.26128
48	97	15.6105	-52.331	40.6548	-1.25809
48	98	15.7905	-52.4135	40.7889	-1.25451
48	99	15.9803	-52.4795	40.9111	-1.25061
48	100	16.1838	-52.5274	41.0209	-1.24626
48	101	16.4069	-52.5559	41.1196	-1.24134
48	102	16.6568	-52.5654	41.2101	-1.23568
48	103	16.9436	-52.5571	41.2975	-1.22905
48	104	17.2312	-52.538	41.3768	-1.22235
48	105	17.5202	-52.5066	41.4469	-1.21554
48	106	17.809	-52.4601	41.5048	-1.20862
48	107	18.0946	-52.3983	41.5492	-1.20167
48	108	18.3756	-52.3236	41.5819	-1.19472
48	109	18.6527	-52.2384	41.6055	-1.18777
48	110	18.9277	-52.1424	41.6202	-1.18078
48	111	19.2	-52.0328	41.6234	-1.17373
48	112	19.4669	-51.9074	41.612	-1.16665
48	113	19.7254	-51.768	41.5865	-1.15961
48	114	19.9754	-51.6184	41.5503	-1.15266
48	115	20.2191	-51.4608	41.5063	-1.14575
48	116	20.4583	-51.2945	41.4544	-1.13884
48	117	20.6922	-51.1167	41.3918	-1.13191
48	118	20.9175	-50.9256	41.3155	-1.12501
48	119	21.1313	-50.7228	41.2257	-1.11821
48	120	21.3342	-50.5119	41.1257	-1.11153
48	121	21.5286	-50.2946	41.018	-1.10494
48	122	21.7151	-50.0692	40.9012	-1.09838
48	123	21.8924	-49.8336	40.773	-1.09188
48	124	22.0575	-49.5882	40.6321	-1.08549
48	125	22.209	-49.3356	40.4801	-1.07927
48	126	22.3482	-49.0785	40.3199	-1.07322
48	127	22.4774	-48.8171	40.1525	-1.06728
48	128	22.5969	-48.5495	39.9765	-1.06144
48	129	22.7043	-48.2744	39.7894	-1.05571
48	130	22.7968	-47.9934	39.591	-1.05018
48	131	22.8742	-47.7099	39.3841	-1.04489
48	132	22.9392	-47.4258	39.1716	-1.03982
48	133	22.9942	-47.1405	38.9539	-1.03489
48	134	23.0392	-46.852	38.7292	-1.03009
48	135	23.0713	-46.5592	38.495	-1.02546
48	136	23.0871	-46.2635	38.2509	-1.02109
48	137	23.0864	-45.9688	37.9995	-1.01706
48	138	23.0718	-45.677	37.7439	-1.01332
48	139	23.0459	-45.3872	37.4845	-1.00982
48	140	23.0084	-45.0979	37.2198	-1.00654
48	141	22.9572	-44.8089	36.9484	-1.00352
49	0	-13.6585	-45.5964	36.0789	-2.05397
49	1	-13.5882	-45.4143	35.885	-2.0546
49	2	-13.5182	-45.2315	35.6906	-2.05524
49	3	-13.4489	-45.0485	35.4963	-2.05592
49	4	-13.3805	-44.8652	35.3024	-2.05662
49	5	-13.3131	-44.6814	35.1083	-2.05737
49	6	-13.2456	-44.4958	34.9127	-2.05815
49	7	-13.1785	-44.3075	34.715	-2.05898
49	8	-13.1138	-44.1167	34.5162	-2.05992
49	9	-13.0536	-43.9241	34.3178	-2.06101
49	10	-12.9995	-43.7303	34.1214	-2.06228
49	11	-12.9531	-43.5362	33.9284	-2.06378
49	12	-12.9195	-43.3427	33.7421	-2.06561
49	13	-12.8999	-43.1479	33.5614	-2.06786
49	14	-12.8947	-42.9505	33.3856	-2.07054
49	15	-12.9065	-42.7477	33.2134	-2.07378
49	16	-12.9367	-42.5535	33.058	-2.07741
49	17	-12.9859	-42.3657	32.918	-2.08148
49	18	-13.0564	-42.1849	32.7951	-2.08605
49	19	-13.1431	-42.0092	32.6853	-2.09101
49	20	-13.2422	-41.8391	32.5874	-2.09624
49	21	-13.3514	-41.6757	32.5013	-2.10167
49	22	-13.4714	-41.5216	32.4296	-2.10727
49	23	-13.6064	-41.3847	32.3815	-2.11301
49	24	-13.7569	-41.2648	32.3571	-2.11891
49	25	-13.922	-41.1591	32.3534	-2.12497
49	26	-14.1047	-41.0696	32.3741	-2.13122
49	27	-14.2897	-41.002	32.4158	-2.13716
49	28	-14.4793	-40.9625	32.4847	-2.14274
49	29	-14.6734	-40.9432	32.574	-2.14807
49	30	-14.8713	-40.9352	32.6757	-2.15328
49	31	-15.0718	-40.9345	32.7858	-2.1584
49	32	-15.274	-40.9375	32.9009	-2.16346
49	33	-15.4766	-40.9426	33.0187	-2.16847
49	34	-15.6779	-40.9476	33.1365	-2.1734
49	35	-15.8783	-40.9547	33.2563	-2.17825
49	36	-16.0775	-40.9617	33.3761	-2.18303
49	37	-16.2759	-40.9701	33.4974	-2.18773
49	38	-16.4743	-40.9763	33.6176	-2.19244
49	39	-16.6732	-40.9776	33.7349	-2.19721
49	40	-16.8721	-40.9768	33.8512	-2.20198
49	41	-17.07	-40.9796	33.9706	-2.20664
49	42	-17.2659	-40.9799	34.0875	-2.21126
49	43	-17.4593	-40.9771	34.2013	-2.21584
49	44	-17.6505	-40.9761	34.3158	-2.22031
49	45	-17.84	-40.9701	34.4259	-2.2248
49	46	-18.0287	-40.9589	34.5322	-2.22933
49	47	-18.2175	-40.9496	34.6407	-2.23381
49	48	-18.4065	-40.937	34.7475	-2.23832
49	49	-18.5953	-40.9219	34.8528	-2.24284
49	50	-18.7834	-40.9106	34.9615	-2.24725
49	51	-18.9694	-40.8989	35.0691	-2.2516
49	52	-19.1525	-40.8866	35.1752	-2.25586
49	53	-19.3325	-40.8789	35.2834	-2.25995
49	54	-19.5092	-40.8702	35.3893	-2.26396
49	55	-19.6828	-40.8579	35.491	-2.26794
49	56	-19.8532	-40.8417	35.5883	-2.27191
49	57	-20.0203	-40.8216	35.6811	-2.27585
49	58	-20.1837	-40.7981	35.7693	-2.27975
49	59	-20.3431	-40.791	35.8678	-2.28326
49	60	-20.489	-40.8093	35.9772	-2.28599
49	61	-20.6094	-40.871	36.1028	-2.28739
49	62	-20.7182	-40.9861	36.261	-2.28757
49	63	-20.8113	-41.1289	36.4299	-2.28692
49	64	-20.8966	-41.2942	36.6106	-2.28571
49	65	-20.9805	-41.486	36.8105	-2.28402
49	66	-21.0675	-41.7107	37.0375	-2.28182
49	67	-21.1604	-41.9765	37.2996	-2.27906
49	68	-21.2425	-42.2444	37.5567	-2.27608
49	69	-21.3146	-42.5138	37.8087	-2.27291
49	70	-21.3776	-42.7853	38.0569	-2.26957
49	71	-21.4303	-43.0604	38.3016	-2.266
49	72	-21.4704	-43.3391	38.5416	-2.26217
49	73	-21.4958	-43.6194	38.7741	-2.25806
49	74	-21.5073	-43.8986	38.9976	-2.25375
49	75	-21.5078	-44.1752	39.2128	-2.24931
49	76	-21.4995	-44.4499	39.4219	-2.24477
49	77	-21.4831	-44.7243	39.6265	-2.24013
49	78	-21.457	-44.9995	39.8265	-2.23533
49	79	-21.4185	-45.2749	40.0201	-2.23033
49	80	-21.3662	-45.5481	40.2046	-2.22513
49	81	-21.3013	-45.8168	40.3788	-2.21981
49	82	-21.2262	-46.0804	40.544	-2.2144
49	83	-21.1422	-46.3402	40.702	-2.20892
49	84	-21.0487	-46.5973	40.8535	-2.20333
49	85	-20.9438	-46.8517	40.9973	-2.1976
49	86	-20.8256	-47.1012	41.1308	-2.19172
49	87	-20.6951	-47.3431	41.2523	-2.18573
49	88	-20.5548	-47.5765	41.3627	-2.17971
49	89	-20.4069	-47.8024	41.4642	-2.17366
49	90	-20.2518	-48.0223	41.5582	-2.16759
49	91	-20.0893	-48.2375	41.6456	-2.16146
49	92	-19.9172	-48.4464	41.7241	-2.15524
49	93	-19.7351	-48.6467	41.7915	-2.14897
49	94	-19.5448	-48.8369	41.8476	-2.14267
49	95	-19.3483	-49.0176	41.8941	-2.13639
49	96	-19.1468	-49.1905	41.9329	-2.13013
49	97	-18.9394	-49.3564	41.9643	-2.12384
49	98	-18.7246	-49.5142	41.9866	-2.11751
49	99	-18.5015	-49.6614	41.9972	-2.11115
49	100	-18.2713	-49.796	41.995	-2.1048
49	101	-18.0365	-49.9177	41.9811	-2.09851
49	102	-17.7989	-50.0284	41.9579	-2.09229
49	103	-17.5587	-50.1296	41.9268	-2.08612
49	104	-17.3152	-50.2217	41.8877	-2.07998
49	105	-17.0681	-50.3035	41.8394	-2.07387
49	106	-16.852	-50.3632	41.7881	-2.06865
49	107	-16.6593	-50.4025	41.731	-2.06414
49	108	-16.4833	-50.4232	41.6663	-2.06019
49	109	-16.3181	-50.4272	41.5925	-2.05664
49	110	-16.1587	-50.4149	41.5073	-2.05338
49	111	-16.0035	-50.3785	41.4033	-2.05047
49	112	-15.8813	-50.2896	41.2681	-2.04883
49	113	-15.7828	-50.1484	41.0974	-2.04829
49	114	-15.6935	-49.998	40.9227	-2.04804
49	115	-15.6045	-49.8458	40.7467	-2.04782
49	116	-15.5177	-49.6915	40.5698	-2.04766
49	117	-15.4324	-49.5366	40.393	-2.04754
49	118	-15.3465	-49.3797	40.2142	-2.04744
49	119	-15.2598	-49.2211	40.0335	-2.04733
49	120	-15.1724	-49.0605	39.8507	-2.04723
49	121	-15.0851	-48.8975	39.6658	-2.04716
49	122	-14.9986	-48.7321	39.4791	-2.04713
49	123	-14.914	-48.5646	39.2915	-2.04717
49	124	-14.8316	-48.3957	39.1036	-2.04728
49	125	-14.7515	-48.226	38.916	-2.04745
49	126	-14.6731	-48.056	38.729	-2.04767
49	127	-14.5961	-47.8857	38.5424	-2.04792
49	128	-14.5203	-47.7149	38.3559	-2.04821
49	129	-14.4461	-47.5432	38.1693	-2.04855
49	130	-14.3738	-47.3712	37.9833	-2.04894
49	131	-14.3008	-47.196	37.7941	-2.04936
49	132	-14.2276	-47.0188	37.6032	-2.0498
49	133	-14.1548	-46.8409	37.4117	-2.05027
49	134	-14.0824	-46.6632	37.2207	-2.05074
49	135	-14.0104	-46.486	37.0303	-2.05123
49	136	-13.9389	-46.3091	36.8403	-2.05173
49	137	-13.8677	-46.132	36.6504	-2.05224
49	138	-13.7973	-45.9545	36.4605	-2.05278
49	139	-13.7284	-45.7768	36.2711	-2.05337
