# CellID	NodeIndex	X	Y	R	Theta
8	0	53.0993	-8.89195	51.5796	0.0870074
8	1	53.27	-8.69304	51.7673	0.0905487
8	2	53.4277	-8.48408	51.9436	0.0942805
8	3	53.5721	-8.26757	52.1081	0.0981563
8	4	53.7046	-8.04524	52.2622	0.102141
8	5	53.8269	-7.81731	52.4075	0.10623
8	6	53.9392	-7.58287	52.5445	0.11044
8	7	54.0404	-7.34092	52.6722	0.114794
8	8	54.1281	-7.09163	52.7885	0.119295
8	9	54.2011	-6.83683	52.8918	0.123914
8	10	54.2595	-6.57888	52.9823	0.128609
8	11	54.3052	-6.31905	53.0615	0.133355
8	12	54.3399	-6.05712	53.1313	0.138154
8	13	54.3636	-5.79202	53.192	0.143029
8	14	54.3749	-5.52306	53.2422	0.147999
8	15	54.3716	-5.251	53.2797	0.153058
8	16	54.3528	-4.97805	53.3034	0.158173
8	17	54.3197	-4.70634	53.3142	0.163304
8	18	54.2744	-4.43629	53.3141	0.16844
8	19	54.2182	-4.16682	53.3046	0.1736
8	20	54.15	-3.89666	53.2848	0.178815
8	21	54.0672	-3.62586	53.2522	0.184096
8	22	53.9671	-3.35681	53.2039	0.189412
8	23	53.8502	-3.09312	53.1394	0.1947
8	24	53.7195	-2.83648	53.0616	0.199921
8	25	53.5781	-2.58567	52.9735	0.205092
8	26	53.4267	-2.33865	52.8762	0.210249
8	27	53.2634	-2.09467	52.7682	0.215417
8	28	53.0861	-1.8554	52.6468	0.220576
8	29	52.8949	-1.62393	52.5116	0.225674
8	30	52.6925	-1.40168	52.3647	0.230676
8	31	52.4814	-1.18724	52.2089	0.235598
8	32	52.2619	-0.978511	52.0448	0.240483
8	33	52.0317	-0.775188	51.8703	0.245347
8	34	51.7892	-0.579638	51.6831	0.250157
8	35	51.5353	-0.394997	51.4834	0.254853
8	36	51.2733	-0.22161	51.2741	0.259413
8	37	51.0046	-0.0571184	51.0571	0.263877
8	38	50.7278	0.100015	50.8313	0.268282
8	39	50.4401	0.248047	50.5937	0.27261
8	40	50.1419	0.38285	50.3432	0.276784
8	41	49.8371	0.501876	50.0829	0.280733
8	42	49.5729	0.586864	49.8529	0.283839
8	43	49.3391	0.645349	49.6449	0.286289
8	44	49.1264	0.68488	49.4521	0.288271
8	45	48.9263	0.707451	49.2668	0.289864
8	46	48.7324	0.717995	49.0841	0.291199
8	47	48.5426	0.707673	48.8993	0.292111
8	48	48.3658	0.664948	48.7177	0.292317
8	49	48.1954	0.58547	48.5316	0.291761
8	50	48.021	0.509558	48.3428	0.291294
8	51	47.8486	0.424792	48.1533	0.290636
8	52	47.6819	0.330722	47.9666	0.289753
8	53	47.5161	0.235276	47.7805	0.28883
8	54	47.3529	0.132325	47.5947	0.287734
8	55	47.1882	0.0285851	47.4074	0.286621
8	56	47.0263	-0.082436	47.2208	0.285335
8	57	46.865	-0.196744	47.0339	0.283968
8	58	46.708	-0.318247	46.8492	0.282418
8	59	46.5555	-0.444496	46.6676	0.28073
8	60	46.4041	-0.576842	46.4855	0.278897
8	61	46.2554	-0.713994	46.3049	0.276933
8	62	46.1097	-0.853644	46.1266	0.274885
8	63	45.9687	-0.995985	45.9524	0.272737
8	64	45.8315	-1.13919	45.7819	0.270531
8	65	45.7	-1.28437	45.6165	0.268235
8	66	45.568	-1.43295	45.4499	0.265853
8	67	45.4379	-1.58684	45.2841	0.263328
8	68	45.31	-1.74487	45.1196	0.260685
8	69	45.1883	-1.90786	44.9602	0.25788
8	70	45.0678	-2.07469	44.8013	0.254965
8	71	44.9528	-2.24578	44.6471	0.251906
8	72	44.8406	-2.41757	44.4958	0.248796
8	73	44.7339	-2.59191	44.3497	0.245578
8	74	44.6267	-2.76655	44.2035	0.242336
8	75	44.528	-2.94672	44.0647	0.238904
8	76	44.4319	-3.12846	43.9286	0.235402
8	77	44.3608	-3.31664	43.8159	0.231604
8	78	44.3001	-3.508	43.7133	0.227662
8	79	44.2651	-3.70793	43.6344	0.223379
8	80	44.2377	-3.91388	43.5626	0.218908
8	81	44.2412	-4.10921	43.5239	0.21451
8	82	44.2572	-4.29096	43.5013	0.210349
8	83	44.3	-4.4637	43.5074	0.206261
8	84	44.348	-4.63337	43.5201	0.202219
8	85	44.4027	-4.80183	43.5402	0.198177
8	86	44.4633	-4.97096	43.5666	0.194097
8	87	44.5264	-5.14207	43.5959	0.189966
8	88	44.5975	-5.31403	43.6336	0.185789
8	89	44.6733	-5.48839	43.6763	0.181545
8	90	44.755	-5.66444	43.7253	0.177247
8	91	44.8406	-5.84218	43.7786	0.172906
8	92	44.9296	-6.02042	43.8361	0.168551
8	93	45.0222	-6.19787	43.898	0.164212
8	94	45.1169	-6.37458	43.9629	0.159895
8	95	45.2103	-6.55239	44.0272	0.15557
8	96	45.3056	-6.72975	44.0943	0.151261
8	97	45.403	-6.90657	44.1644	0.146971
8	98	45.5011	-7.08295	44.236	0.142702
8	99	45.5983	-7.25822	44.3076	0.138474
8	100	45.6982	-7.42828	44.3835	0.134369
8	101	45.7973	-7.60056	44.4589	0.13023
8	102	45.8942	-7.77545	44.5327	0.126053
8	103	45.9983	-7.94767	44.6148	0.121931
8	104	46.1007	-8.12287	44.6954	0.117761
8	105	46.2018	-8.30162	44.7753	0.113531
8	106	46.3082	-8.48036	44.8612	0.109304
8	107	46.4174	-8.65983	44.9505	0.10507
8	108	46.5276	-8.83953	45.0417	0.100846
8	109	46.6383	-9.01746	45.1343	0.0966765
8	110	46.7516	-9.19543	45.2303	0.0925185
8	111	46.8667	-9.37321	45.3289	0.0883785
8	112	46.9818	-9.55216	45.4281	0.0842311
8	113	47.0981	-9.73172	45.5292	0.0800864
8	114	47.2172	-9.91167	45.634	0.0759468
8	115	47.3478	-10.0756	45.7521	0.0721569
8	116	47.4978	-10.193	45.8934	0.0693696
8	117	47.6734	-10.2724	46.0632	0.0673858
8	118	47.8499	-10.3589	46.2335	0.0652635
8	119	48.0422	-10.4288	46.4209	0.0634902
8	120	48.2554	-10.4831	46.6303	0.0620377
8	121	48.4964	-10.5228	46.8684	0.0608733
8	122	48.7723	-10.5491	47.1422	0.0599599
8	123	49.0473	-10.5643	47.4158	0.0592943
8	124	49.3222	-10.5692	47.6899	0.0588502
8	125	49.5976	-10.5618	47.9653	0.0586649
8	126	49.8725	-10.5394	48.241	0.0587953
8	127	50.1442	-10.5005	48.5146	0.0592672
8	128	50.4101	-10.4464	48.7832	0.0600501
8	129	50.6696	-10.38	49.0463	0.0610853
8	130	50.9237	-10.3028	49.3047	0.062332
8	131	51.1737	-10.2149	49.5597	0.0637884
8	132	51.4197	-10.1145	49.8117	0.0654847
8	133	51.6599	-9.99999	50.059	0.0674537
8	134	51.8919	-9.87132	50.2992	0.0696952
8	135	52.114	-9.73055	50.5307	0.0721683
8	136	52.3263	-9.58025	50.7535	0.0748203
8	137	52.5304	-9.42191	50.969	0.077619
8	138	52.7275	-9.25538	51.1787	0.0805644
8	139	52.9176	-9.07926	51.3826	0.0836829
9	0	-40.6168	1.51812	44.8747	2.80332
9	1	-40.6866	1.65877	44.9874	2.80088
9	2	-40.7608	1.8022	45.1054	2.79843
9	3	-40.8442	1.94483	45.232	2.79609
9	4	-40.9304	2.08824	45.3618	2.79375
9	5	-41.024	2.22683	45.4972	2.79159
9	6	-41.1203	2.36764	45.6361	2.78942
9	7	-41.2202	2.50825	45.7784	2.78729
9	8	-41.3235	2.64667	45.9234	2.78524
9	9	-41.427	2.78341	46.0682	2.78324
9	10	-41.5347	2.92152	46.2176	2.78126
9	11	-41.6451	3.06094	46.3701	2.77929
9	12	-41.7583	3.19974	46.5252	2.77736
9	13	-41.8758	3.3412	46.6856	2.77543
9	14	-41.9964	3.4845	46.8495	2.77349
9	15	-42.12	3.6273	47.0163	2.7716
9	16	-42.2455	3.76863	47.1845	2.76977
9	17	-42.373	3.90716	47.3537	2.76802
9	18	-42.5021	4.0466	47.5249	2.76628
9	19	-42.6331	4.18653	47.6982	2.76456
9	20	-42.7674	4.32558	47.8743	2.76289
9	21	-42.9033	4.46602	48.0525	2.76122
9	22	-43.0452	4.60254	48.235	2.75969
9	23	-43.1964	4.72852	48.4223	2.75844
9	24	-43.3654	4.81109	48.61	2.75816
9	25	-43.5636	4.85424	48.8099	2.75886
9	26	-43.774	4.87197	49.0118	2.76013
9	27	-43.9995	4.87373	49.2217	2.7618
9	28	-44.2475	4.85845	49.4465	2.76395
9	29	-44.5275	4.82541	49.6948	2.76664
9	30	-44.8517	4.77126	49.9769	2.77003
9	31	-45.1774	4.70426	50.2564	2.77362
9	32	-45.5026	4.6207	50.5301	2.77748
9	33	-45.8201	4.52104	50.7917	2.78154
9	34	-46.1275	4.40948	51.0406	2.78571
9	35	-46.427	4.28945	51.28	2.78994
9	36	-46.721	4.1606	51.512	2.79425
9	37	-47.0093	4.02016	51.7359	2.7987
9	38	-47.289	3.86684	51.9483	2.80329
9	39	-47.5575	3.70304	52.1478	2.80796
9	40	-47.8158	3.53174	52.3363	2.81267
9	41	-48.0661	3.35337	52.5162	2.81742
9	42	-48.3088	3.16599	52.6872	2.82226
9	43	-48.5418	2.96791	52.8468	2.82721
9	44	-48.7621	2.76025	52.9928	2.83222
9	45	-48.9696	2.54595	53.1259	2.83725
9	46	-49.166	2.32659	53.2482	2.84229
9	47	-49.3528	2.10154	53.361	2.84735
9	48	-49.5291	1.86928	53.4631	2.85246
9	49	-49.6928	1.62969	53.5524	2.85762
9	50	-49.8424	1.38473	53.628	2.86279
9	51	-49.9787	1.13665	53.6915	2.86793
9	52	-50.1034	0.886096	53.7445	2.87304
9	53	-50.2173	0.632206	53.7877	2.87816
9	54	-50.3193	0.373969	53.8196	2.88328
9	55	-50.4074	0.111749	53.8386	2.88841
9	56	-50.4806	-0.152488	53.8439	2.8935
9	57	-50.5398	-0.41676	53.8371	2.89853
9	58	-50.5868	-0.680515	53.8199	2.9035
9	59	-50.6224	-0.94455	53.7929	2.90842
9	60	-50.6456	-1.20992	53.7548	2.91333
9	61	-50.6543	-1.47658	53.7036	2.9182
9	62	-50.6466	-1.74271	53.6377	2.92301
9	63	-50.6225	-2.00564	53.5578	2.9277
9	64	-50.5841	-2.26373	53.466	2.93227
9	65	-50.5337	-2.51707	53.3645	2.93671
9	66	-50.4719	-2.76663	53.2539	2.94106
9	67	-50.3984	-3.01308	53.1332	2.94533
9	68	-50.3117	-3.25594	53.0012	2.94951
9	69	-50.2109	-3.49356	52.8574	2.95356
9	70	-50.0968	-3.72412	52.7026	2.95745
9	71	-49.9711	-3.94682	52.5386	2.96118
9	72	-49.8354	-4.16215	52.3668	2.96476
9	73	-49.6901	-4.371	52.1873	2.96821
9	74	-49.5343	-4.57362	51.9992	2.97153
9	75	-49.3668	-4.76901	51.8013	2.9747
9	76	-49.1873	-4.95523	51.5936	2.97768
9	77	-48.9969	-5.1306	51.3773	2.98045
9	78	-48.7976	-5.29484	51.1544	2.98299
9	79	-48.5908	-5.44896	50.926	2.98534
9	80	-48.3766	-5.59401	50.692	2.98751
9	81	-48.154	-5.72997	50.4512	2.98949
9	82	-47.922	-5.8554	50.203	2.99126
9	83	-47.6811	-5.96816	49.948	2.99277
9	84	-47.4332	-6.06712	49.6882	2.994
9	85	-47.1803	-6.15302	49.4255	2.99497
9	86	-46.9233	-6.22767	49.1604	2.99571
9	87	-46.6615	-6.29213	48.8919	2.99623
9	88	-46.3933	-6.34557	48.6188	2.99652
9	89	-46.1181	-6.38532	48.3408	2.99651
9	90	-45.8377	-6.40858	48.0599	2.99615
9	91	-45.5555	-6.41501	47.7798	2.99542
9	92	-45.2743	-6.40676	47.5028	2.99439
9	93	-45.0348	-6.38752	47.2688	2.99324
9	94	-44.8285	-6.35907	47.0689	2.992
9	95	-44.6466	-6.32026	46.8949	2.9906
9	96	-44.483	-6.26735	46.7413	2.98896
9	97	-44.3239	-6.22743	46.5901	2.98759
9	98	-44.1956	-6.15168	46.475	2.98556
9	99	-44.088	-6.0335	46.3873	2.98268
9	100	-43.9681	-5.91726	46.2875	2.97979
9	101	-43.8522	-5.78951	46.1939	2.97666
9	102	-43.7363	-5.65465	46.1019	2.97336
9	103	-43.6229	-5.51396	46.014	2.96993
9	104	-43.5093	-5.37029	45.9269	2.96643
9	105	-43.3986	-5.22209	45.844	2.96282
9	106	-43.2873	-5.07233	45.7614	2.95917
9	107	-43.176	-4.92067	45.6798	2.95546
9	108	-43.0649	-4.76708	45.5993	2.9517
9	109	-42.9553	-4.61077	45.5215	2.94787
9	110	-42.8471	-4.4526	45.4462	2.944
9	111	-42.7382	-4.29532	45.3706	2.94013
9	112	-42.6319	-4.13815	45.2983	2.93626
9	113	-42.5292	-3.9819	45.2299	2.93242
9	114	-42.4293	-3.82802	45.1645	2.92862
9	115	-42.3282	-3.67264	45.0988	2.92478
9	116	-42.2249	-3.51652	45.0319	2.9209
9	117	-42.1209	-3.35891	44.9653	2.91698
9	118	-42.0172	-3.20035	44.8998	2.91302
9	119	-41.9157	-3.04067	44.8375	2.90904
9	120	-41.8159	-2.88159	44.7773	2.90507
9	121	-41.7176	-2.72441	44.719	2.90114
9	122	-41.6251	-2.56758	44.6669	2.89723
9	123	-41.5298	-2.40987	44.6128	2.89328
9	124	-41.432	-2.25132	44.5574	2.8893
9	125	-41.3368	-2.08963	44.5059	2.88524
9	126	-41.2437	-1.92625	44.4577	2.88116
9	127	-41.1527	-1.76278	44.4122	2.87707
9	128	-41.0627	-1.59629	44.3692	2.87292
9	129	-40.9725	-1.42904	44.3271	2.86874
9	130	-40.8839	-1.26143	44.2873	2.86456
9	131	-40.7965	-1.09429	44.2494	2.86039
9	132	-40.7108	-0.925851	44.2142	2.85619
9	133	-40.625	-0.757593	44.1795	2.85199
9	134	-40.5457	-0.584886	44.1533	2.84773
9	135	-40.4716	-0.409183	44.1336	2.84343
9	136	-40.4055	-0.233476	44.1225	2.83918
9	137	-40.3585	-0.0560609	44.1308	2.83503
9	138	-40.3312	0.124795	44.1597	2.83094
9	139	-40.3084	0.307895	44.1944	2.82683
9	140	-40.3088	0.486273	44.2504	2.823
9	141	-40.3263	0.652155	44.3191	2.81957
9	142	-40.3506	0.808273	44.3919	2.81641
9	143	-40.3857	0.957129	44.4729	2.81349
9	144	-40.4394	1.09721	44.5689	2.8109
9	145	-40.4929	1.23768	44.6653	2.80832
9	146	-40.553	1.37732	44.768	2.80581
17	0	46.7125	-11.2704	45.0469	0.0467179
17	1	46.7443	-11.0735	45.0883	0.0510454
17	2	46.7557	-10.8883	45.1094	0.0551346
17	3	46.7765	-10.7106	45.1404	0.0590384
17	4	46.749	-10.5431	45.1231	0.06278
17	5	46.6708	-10.3729	45.056	0.0666587
17	6	46.6019	-10.1922	44.9997	0.0707692
17	7	46.5199	-10.0092	44.9313	0.0749591
17	8	46.4302	-9.82453	44.8561	0.0792151
17	9	46.3358	-9.63926	44.777	0.0835068
17	10	46.2385	-9.45287	44.696	0.087844
17	11	46.1393	-9.26757	44.6139	0.0921765
17	12	46.0386	-9.08207	44.5312	0.0965324
17	13	45.9363	-8.89518	44.4478	0.100939
17	14	45.8322	-8.70597	44.3637	0.105419
17	15	45.7262	-8.51417	44.279	0.109979
17	16	45.619	-8.31999	44.1942	0.114612
17	17	45.5091	-8.1284	44.1074	0.119212
17	18	45.4008	-7.93621	44.0232	0.123839
17	19	45.2941	-7.74507	43.9414	0.128456
17	20	45.1852	-7.55543	43.8581	0.133062
17	21	45.0778	-7.36435	43.7775	0.137714
17	22	44.9697	-7.17317	43.6971	0.142388
17	23	44.8607	-6.98299	43.6166	0.147059
17	24	44.749	-6.79541	43.5341	0.151697
17	25	44.6395	-6.6074	43.4548	0.156354
17	26	44.5316	-6.41789	43.3782	0.161057
17	27	44.4202	-6.22834	43.2992	0.165791
17	28	44.3062	-6.03753	43.2187	0.170581
17	29	44.1896	-5.84609	43.1367	0.175413
17	30	44.0716	-5.65527	43.0543	0.180256
17	31	43.9507	-5.46804	42.9695	0.185046
17	32	43.8271	-5.28548	42.882	0.189762
17	33	43.6995	-5.10783	42.7907	0.194401
17	34	43.5639	-4.94077	42.6904	0.198854
17	35	43.4155	-4.78812	42.5754	0.203058
17	36	43.2518	-4.64868	42.4435	0.207053
17	37	43.0719	-4.5219	42.2938	0.210862
17	38	42.8719	-4.40823	42.1224	0.214494
17	39	42.6682	-4.31655	41.9431	0.217663
17	40	42.4624	-4.24541	41.7576	0.220391
17	41	42.2534	-4.19015	41.5659	0.222788
17	42	42.0425	-4.14615	41.37	0.224951
17	43	41.8299	-4.11029	41.1709	0.226952
17	44	41.615	-4.08132	40.9681	0.228821
17	45	41.3973	-4.05956	40.7611	0.230553
17	46	41.1771	-4.04602	40.5498	0.232119
17	47	40.9558	-4.04166	40.3355	0.233486
17	48	40.735	-4.04609	40.1197	0.234652
17	49	40.5167	-4.05789	39.9047	0.235636
17	50	40.3007	-4.07576	39.6904	0.236469
17	51	40.0863	-4.10128	39.4761	0.237113
17	52	39.8748	-4.13744	39.262	0.237483
17	53	39.668	-4.19067	39.0484	0.237404
17	54	39.4627	-4.26143	38.8322	0.236877
17	55	39.2606	-4.35402	38.6141	0.235774
17	56	39.079	-4.45598	38.4138	0.234297
17	57	38.9194	-4.57327	38.2314	0.232282
17	58	38.771	-4.69524	38.059	0.230061
17	59	38.6402	-4.83126	37.9007	0.227354
17	60	38.5126	-4.96816	37.7457	0.224582
17	61	38.3938	-5.11195	37.5981	0.221557
17	62	38.2752	-5.25943	37.4502	0.218411
17	63	38.1598	-5.41364	37.3043	0.215046
17	64	38.0462	-5.57291	37.1595	0.211511
17	65	37.9384	-5.73831	37.0197	0.207754
17	66	37.8345	-5.90553	36.8837	0.203899
17	67	37.7335	-6.07817	36.7502	0.199855
17	68	37.6333	-6.25274	36.6177	0.195726
17	69	37.5365	-6.42909	36.4887	0.191501
17	70	37.4422	-6.60577	36.3629	0.187225
17	71	37.3474	-6.78652	36.2365	0.182811
17	72	37.2536	-6.97152	36.1109	0.178245
17	73	37.1629	-7.16048	35.9886	0.173525
17	74	37.0746	-7.35412	35.8686	0.168632
17	75	36.9902	-7.55057	35.7528	0.163612
17	76	36.9113	-7.7486	35.6432	0.158491
17	77	36.8365	-7.94678	35.5385	0.153316
17	78	36.769	-8.14589	35.4419	0.148055
17	79	36.7129	-8.34675	35.3573	0.14267
17	80	36.6751	-8.55031	35.2915	0.137113
17	81	36.6567	-8.75919	35.2453	0.131314
17	82	36.6577	-8.97441	35.2188	0.125252
17	83	36.68	-9.19896	35.2136	0.118846
17	84	36.7228	-9.41599	35.2311	0.112585
17	85	36.7866	-9.62597	35.2715	0.106466
17	86	36.8718	-9.83148	35.335	0.100427
17	87	36.9723	-10.0341	35.4153	0.094449
17	88	37.0794	-10.2347	35.5037	0.0885398
17	89	37.1895	-10.4352	35.5963	0.0826553
17	90	37.3014	-10.636	35.6918	0.0767903
17	91	37.4143	-10.8359	35.7896	0.07098
17	92	37.5284	-11.0349	35.8899	0.0652232
17	93	37.6436	-11.2319	35.9926	0.0595535
17	94	37.7605	-11.4268	36.0982	0.0539694
17	95	37.8783	-11.6215	36.206	0.048424
17	96	37.9955	-11.8183	36.3141	0.0428552
17	97	38.116	-12.0153	36.4266	0.0373122
17	98	38.2372	-12.2098	36.541	0.0318683
17	99	38.3589	-12.4015	36.657	0.0265354
17	100	38.4785	-12.5923	36.772	0.0212621
17	101	38.5968	-12.7793	36.8868	0.0161265
17	102	38.7153	-12.963	37.0028	0.011109
17	103	38.8343	-13.1444	37.1203	0.0061871
17	104	38.9528	-13.3241	37.2381	0.00134381
17	105	39.0715	-13.5003	37.3569	-0.00337916
17	106	39.1894	-13.6724	37.4758	-0.00796114
17	107	39.3061	-13.84	37.5942	-0.0123945
17	108	39.4227	-14.0028	37.7131	-0.0166709
17	109	39.5402	-14.1609	37.8335	-0.0207992
17	110	39.6607	-14.3141	37.9576	-0.0247666
17	111	39.7871	-14.4587	38.0877	-0.02848
17	112	39.9054	-14.6082	38.2105	-0.0323025
17	113	40.0517	-14.7188	38.3605	-0.0350613
17	114	40.2407	-14.7957	38.5521	-0.0368841
17	115	40.4498	-14.8514	38.7632	-0.0381191
17	116	40.6813	-14.8941	38.9962	-0.038989
17	117	40.9423	-14.9273	39.2583	-0.0395728
17	118	41.2425	-14.9524	39.5592	-0.0399085
17	119	41.5418	-14.9666	39.8588	-0.0399643
17	120	41.8415	-14.9681	40.1583	-0.0397033
17	121	42.1417	-14.9533	40.4577	-0.0390433
17	122	42.4395	-14.9198	40.7541	-0.0379359
17	123	42.7316	-14.8688	41.044	-0.036424
17	124	43.0172	-14.8034	41.3272	-0.0345924
17	125	43.2979	-14.7253	41.6051	-0.0324821
17	126	43.5748	-14.633	41.879	-0.0300661
17	127	43.8466	-14.5243	42.1475	-0.0272929
17	128	44.11	-14.3986	42.4076	-0.0241609
17	129	44.3626	-14.2588	42.657	-0.0207406
17	130	44.6053	-14.108	42.8968	-0.0171097
17	131	44.8402	-13.9475	43.1292	-0.0132944
17	132	45.0682	-13.7757	43.3552	-0.00926217
17	133	45.288	-13.5901	43.5737	-0.00495706
17	134	45.4962	-13.3899	43.7814	-0.000361059
17	135	45.6899	-13.1773	43.9756	0.00447463
17	136	45.8694	-12.9555	44.1566	0.00947908
17	137	46.0367	-12.7259	44.3267	0.014624
17	138	46.193	-12.4875	44.487	0.0199296
17	139	46.3371	-12.2393	44.6368	0.0254261
17	140	46.4666	-11.9816	44.7735	0.0311054
17	141	46.5794	-11.7171	44.8952	0.0369175
17	142	46.6592	-11.4827	44.9842	0.0420584
18	0	-33.6997	-1.94309	37.2137	2.82937
18	1	-33.8061	-1.78503	37.3636	2.82622
18	2	-33.9213	-1.63269	37.5205	2.82331
18	3	-34.0394	-1.4839	37.6794	2.82054
18	4	-34.1618	-1.33588	37.8424	2.81785
18	5	-34.2874	-1.1881	38.0086	2.81522
18	6	-34.4174	-1.04173	38.1788	2.81268
18	7	-34.5495	-0.894886	38.3514	2.81017
18	8	-34.6882	-0.752433	38.529	2.80784
18	9	-34.8295	-0.609131	38.7095	2.80554
18	10	-34.9775	-0.471581	38.8947	2.80346
18	11	-35.1263	-0.335712	39.0802	2.80144
18	12	-35.281	-0.209271	39.2683	2.79972
18	13	-35.436	-0.0862585	39.4556	2.7981
18	14	-35.6003	0.0209086	39.6465	2.79695
18	15	-35.7704	0.12179	39.8407	2.79601
18	16	-35.9537	0.20745	40.0422	2.79555
18	17	-36.1511	0.284984	40.2542	2.7954
18	18	-36.3528	0.339111	40.4622	2.79583
18	19	-36.5582	0.371971	40.6666	2.79678
18	20	-36.7671	0.383667	40.8673	2.79824
18	21	-36.9767	0.384057	41.0648	2.79995
18	22	-37.1845	0.372461	41.2568	2.8019
18	23	-37.3902	0.356307	41.4454	2.80392
18	24	-37.5936	0.333446	41.6299	2.80606
18	25	-37.7962	0.309051	41.8133	2.80821
18	26	-37.9977	0.277416	41.9934	2.81049
18	27	-38.1987	0.242008	42.1721	2.81283
18	28	-38.398	0.196354	42.3461	2.81537
18	29	-38.5953	0.140853	42.5153	2.8181
18	30	-38.7861	0.0661968	42.6728	2.82118
18	31	-38.9742	-0.0287156	42.8217	2.82466
18	32	-39.1575	-0.144566	42.96	2.82856
18	33	-39.3212	-0.26614	43.0786	2.83241
18	34	-39.4671	-0.395513	43.1786	2.83629
18	35	-39.6006	-0.531909	43.2652	2.84023
18	36	-39.7253	-0.677028	43.3417	2.84428
18	37	-39.8476	-0.826146	43.4153	2.84839
18	38	-39.9675	-0.981933	43.4854	2.85261
18	39	-40.0862	-1.14344	43.5536	2.85695
18	40	-40.2038	-1.31141	43.6197	2.8614
18	41	-40.3203	-1.48318	43.6846	2.86591
18	42	-40.4355	-1.6568	43.7487	2.87045
18	43	-40.5514	-1.83292	43.8136	2.87503
18	44	-40.6667	-2.01143	43.8783	2.87965
18	45	-40.7826	-2.1933	43.9436	2.88433
18	46	-40.8976	-2.37641	44.0087	2.88902
18	47	-41.0128	-2.56036	44.0748	2.89371
18	48	-41.126	-2.74355	44.14	2.89836
18	49	-41.2348	-2.92718	44.2019	2.90299
18	50	-41.3455	-3.10847	44.2671	2.90756
18	51	-41.4629	-3.28628	44.3405	2.91207
18	52	-41.5846	-3.46427	44.4189	2.9166
18	53	-41.7031	-3.64427	44.4947	2.92114
18	54	-41.822	-3.82406	44.5719	2.92566
18	55	-41.9365	-4.00334	44.6458	2.93013
18	56	-42.051	-4.17927	44.7213	2.93451
18	57	-42.166	-4.35282	44.7986	2.93883
18	58	-42.279	-4.52723	44.8745	2.94315
18	59	-42.3941	-4.70125	44.9535	2.94745
18	60	-42.5097	-4.87667	45.0335	2.95176
18	61	-42.6238	-5.05432	45.1124	2.95611
18	62	-42.7364	-5.23299	45.1906	2.96045
18	63	-42.8497	-5.4103	45.2705	2.96476
18	64	-42.9615	-5.58771	45.3497	2.96904
18	65	-43.0713	-5.76625	45.4277	2.97333
18	66	-43.1813	-5.94569	45.5065	2.97762
18	67	-43.29	-6.12887	45.5843	2.98197
18	68	-43.4088	-6.30803	45.6735	2.98626
18	69	-43.4683	-6.48416	45.7054	2.99027
18	70	-43.4834	-6.66429	45.6936	2.99422
18	71	-43.4762	-6.84658	45.66	2.99814
18	72	-43.4579	-7.03228	45.6157	3.00211
18	73	-43.4246	-7.22561	45.5562	3.00621
18	74	-43.3726	-7.43123	45.4774	3.01054
18	75	-43.295	-7.65474	45.3717	3.0152
18	76	-43.187	-7.90511	45.2336	3.02039
18	77	-43.0655	-8.15122	45.0838	3.02548
18	78	-42.9291	-8.39277	44.9209	3.03047
18	79	-42.7753	-8.62662	44.7426	3.03529
18	80	-42.6047	-8.84877	44.55	3.03984
18	81	-42.4208	-9.05726	44.3462	3.04409
18	82	-42.2266	-9.25332	44.1342	3.04809
18	83	-42.0231	-9.43912	43.9146	3.05187
18	84	-41.8092	-9.61554	43.6859	3.05545
18	85	-41.5831	-9.78121	43.4468	3.0588
18	86	-41.3453	-9.93338	43.1973	3.06186
18	87	-41.0981	-10.0704	42.9402	3.06458
18	88	-40.8444	-10.1933	42.6779	3.06699
18	89	-40.5849	-10.3041	42.4109	3.06914
18	90	-40.3182	-10.4036	42.1379	3.07104
18	91	-40.0432	-10.4901	41.8574	3.07264
18	92	-39.7602	-10.5606	41.5703	3.07386
18	93	-39.4724	-10.6137	41.2796	3.07467
18	94	-39.1824	-10.6511	40.9878	3.07511
18	95	-38.8903	-10.6752	40.6947	3.07522
18	96	-38.5945	-10.6862	40.3988	3.07501
18	97	-38.2943	-10.682	40.0995	3.07441
18	98	-37.9917	-10.6604	39.7991	3.07335
18	99	-37.6904	-10.6211	39.5013	3.07184
18	100	-37.4302	-10.5687	39.2454	3.07005
18	101	-37.1991	-10.505	39.0196	3.068
18	102	-36.9889	-10.4318	38.8153	3.06572
18	103	-36.7916	-10.3469	38.6252	3.06314
18	104	-36.6058	-10.2431	38.4483	3.06007
18	105	-36.4477	-10.0986	38.3028	3.05597
18	106	-36.3072	-9.90586	38.1799	3.05063
18	107	-36.1765	-9.70502	38.0685	3.04506
18	108	-36.0493	-9.50441	37.9619	3.03948
18	109	-35.9248	-9.30724	37.8587	3.03396
18	110	-35.8021	-9.11242	37.7582	3.02848
18	111	-35.6822	-8.91833	37.6615	3.023
18	112	-35.5622	-8.72546	37.5657	3.01753
18	113	-35.4404	-8.53387	37.4691	3.01205
18	114	-35.3241	-8.3399	37.3794	3.0065
18	115	-35.2071	-8.14926	37.2898	3.00102
18	116	-35.0901	-7.96343	37.2005	2.99563
18	117	-34.9797	-7.77949	37.1185	2.99029
18	118	-34.867	-7.59573	37.0353	2.98493
18	119	-34.7509	-7.41208	36.9498	2.97953
18	120	-34.6365	-7.22522	36.8676	2.97403
18	121	-34.5226	-7.03684	36.7874	2.96846
18	122	-34.4108	-6.8481	36.7103	2.96287
18	123	-34.299	-6.66242	36.6339	2.95734
18	124	-34.1904	-6.47938	36.5612	2.95188
18	125	-34.0854	-6.29896	36.4926	2.94648
18	126	-33.9828	-6.12135	36.4269	2.94115
18	127	-33.8814	-5.94698	36.3627	2.93589
18	128	-33.7808	-5.76947	36.3011	2.93054
18	129	-33.683	-5.58958	36.2436	2.92512
18	130	-33.588	-5.40955	36.1901	2.9197
18	131	-33.4991	-5.23005	36.1433	2.91431
18	132	-33.4156	-5.05273	36.1025	2.90901
18	133	-33.3376	-4.87788	36.0674	2.90379
18	134	-33.2659	-4.70457	36.039	2.89865
18	135	-33.1971	-4.53367	36.0138	2.89358
18	136	-33.1381	-4.36081	35.9995	2.88853
18	137	-33.0823	-4.18702	35.9895	2.88346
18	138	-33.0377	-4.00615	35.993	2.87829
18	139	-33.0235	-3.81343	36.0299	2.87302
18	140	-33.0143	-3.61337	36.0747	2.86761
18	141	-33.0319	-3.41578	36.1456	2.86248
18	142	-33.06	-3.23046	36.2241	2.85777
18	143	-33.1091	-3.05815	36.3197	2.8536
18	144	-33.1757	-2.89508	36.4301	2.84982
18	145	-33.2474	-2.73521	36.5451	2.8462
18	146	-33.3289	-2.57825	36.669	2.84275
18	147	-33.41	-2.41825	36.7938	2.83924
18	148	-33.502	-2.26066	36.9287	2.83591
18	149	-33.5949	-2.09984	37.0659	2.83253
25	0	39.0405	-15.8036	37.4047	-0.0649975
25	1	39.1019	-15.5832	37.4523	-0.0590186
25	2	39.1427	-15.3716	37.4812	-0.0533185
25	3	39.1643	-15.1634	37.4923	-0.0477431
25	4	39.1617	-14.9567	37.4804	-0.0422367
25	5	39.1125	-14.7523	37.4231	-0.036835
25	6	39.0131	-14.5421	37.3166	-0.0313055
25	7	38.9015	-14.3373	37.1992	-0.0258965
25	8	38.7878	-14.1361	37.0809	-0.0205517
25	9	38.6743	-13.9375	36.9638	-0.0152425
25	10	38.562	-13.7399	36.849	-0.00992746
25	11	38.4487	-13.5435	36.7343	-0.00461249
25	12	38.3333	-13.349	36.6185	0.000684355
25	13	38.217	-13.1567	36.5028	0.00595516
25	14	38.1022	-12.9666	36.3896	0.0111974
25	15	37.9882	-12.7799	36.2783	0.0163804
25	16	37.8754	-12.596	36.169	0.021515
25	17	37.7639	-12.4139	36.0619	0.0266289
25	18	37.6524	-12.2343	35.9557	0.031706
25	19	37.5401	-12.058	35.8495	0.0367214
25	20	37.4283	-11.8855	35.7445	0.0416562
25	21	37.3188	-11.7137	35.6427	0.0466012
25	22	37.207	-11.543	35.5394	0.0515467
25	23	37.0929	-11.3737	35.4346	0.0564831
25	24	36.978	-11.2048	35.3299	0.0614407
25	25	36.8611	-11.0371	35.224	0.0663955
25	26	36.7423	-10.8715	35.1168	0.0713253
25	27	36.6179	-10.7122	35.0045	0.0761187
25	28	36.4954	-10.5578	34.8945	0.0807956
25	29	36.3708	-10.4121	34.7823	0.085262
25	30	36.2455	-10.2729	34.6697	0.0895702
25	31	36.1183	-10.1395	34.5552	0.0937448
25	32	35.9891	-10.0088	34.4391	0.0978736
25	33	35.8454	-9.89144	34.3079	0.101687
25	34	35.693	-9.77635	34.1681	0.105491
25	35	35.5152	-9.67703	34.002	0.108946
25	36	35.3185	-9.58455	33.8167	0.112297
25	37	35.1175	-9.51463	33.6249	0.115034
25	38	34.9152	-9.45979	33.4303	0.117358
25	39	34.7101	-9.42169	33.2312	0.119219
25	40	34.5028	-9.39532	33.0286	0.120758
25	41	34.2953	-9.37707	32.8248	0.122071
25	42	34.0874	-9.36327	32.6201	0.123268
25	43	33.8793	-9.35417	32.4148	0.124336
25	44	33.6708	-9.34931	32.2085	0.125288
25	45	33.4627	-9.35131	32.0017	0.126039
25	46	33.2563	-9.35876	31.796	0.126622
25	47	33.0529	-9.37147	31.5927	0.127036
25	48	32.8528	-9.38641	31.3923	0.127372
25	49	32.6562	-9.40649	31.1948	0.127534
25	50	32.4621	-9.42792	30.9995	0.127644
25	51	32.2701	-9.45544	30.8055	0.127552
25	52	32.0781	-9.48372	30.6115	0.127433
25	53	31.8881	-9.52413	30.4179	0.126909
25	54	31.699	-9.56827	30.2247	0.126253
25	55	31.5158	-9.63475	30.0347	0.124825
25	56	31.3344	-9.71063	29.8453	0.123059
25	57	31.1591	-9.81108	29.6591	0.120423
25	58	30.9836	-9.92619	29.4712	0.117261
25	59	30.8279	-10.0568	29.3015	0.113457
25	60	30.6842	-10.1955	29.1433	0.109287
25	61	30.5567	-10.3511	28.9999	0.104431
25	62	30.4342	-10.5145	28.8614	0.0992445
25	63	30.3202	-10.6866	28.7313	0.0936747
25	64	30.2086	-10.8619	28.6043	0.0879384
25	65	30.1042	-11.0416	28.4851	0.0819775
25	66	30.0037	-11.2214	28.3707	0.0759512
25	67	29.9084	-11.4004	28.2626	0.0698898
25	68	29.8164	-11.5796	28.1588	0.063771
25	69	29.7275	-11.7582	28.0593	0.0576213
25	70	29.6411	-11.9353	27.9634	0.0514755
25	71	29.5569	-12.115	27.8706	0.0451914
25	72	29.476	-12.2958	27.7821	0.0388216
25	73	29.3992	-12.4757	27.699	0.0324385
25	74	29.327	-12.6529	27.6216	0.0261125
25	75	29.2596	-12.8314	27.5502	0.0197008
25	76	29.1943	-13.0082	27.4819	0.013314
25	77	29.1351	-13.1838	27.4209	0.00693931
25	78	29.0788	-13.3623	27.364	0.000431326
25	79	29.0293	-13.543	27.3151	-0.00618327
25	80	28.9868	-13.724	27.2742	-0.0128301
25	81	28.9497	-13.9035	27.24	-0.0194356
25	82	28.919	-14.0806	27.2134	-0.0259661
25	83	28.8978	-14.2574	27.1974	-0.032484
25	84	28.8825	-14.4331	27.1884	-0.0389588
25	85	28.878	-14.6088	27.1912	-0.0454255
25	86	28.8912	-14.7859	27.213	-0.0519042
25	87	28.912	-14.9683	27.2439	-0.0585482
25	88	28.9494	-15.1575	27.293	-0.0653897
25	89	29.0044	-15.3352	27.3599	-0.0717411
25	90	29.0707	-15.5037	27.4387	-0.0776922
25	91	29.156	-15.6624	27.5364	-0.083196
25	92	29.2452	-15.8208	27.6389	-0.0886395
25	93	29.344	-15.9772	27.7516	-0.0939393
25	94	29.4482	-16.1339	27.8704	-0.099186
25	95	29.5622	-16.2875	27.9994	-0.104242
25	96	29.6776	-16.4414	28.1306	-0.109255
25	97	29.7989	-16.5927	28.2679	-0.114107
25	98	29.9214	-16.7458	28.4074	-0.118972
25	99	30.0475	-16.9	28.5513	-0.123811
25	100	30.1763	-17.0565	28.6988	-0.128667
25	101	30.3085	-17.2143	28.8504	-0.133505
25	102	30.4425	-17.3734	29.0048	-0.138325
25	103	30.5774	-17.5334	29.1607	-0.143121
25	104	30.7148	-17.6924	29.3197	-0.14782
25	105	30.8524	-17.8532	29.4799	-0.152527
25	106	30.9898	-18.0181	29.6411	-0.157322
25	107	31.1309	-18.1812	29.8063	-0.161985
25	108	31.2742	-18.3442	29.9743	-0.166582
25	109	31.4196	-18.5064	30.1449	-0.171087
25	110	31.5651	-18.6709	30.3166	-0.175617
25	111	31.7123	-18.8353	30.4906	-0.180083
25	112	31.8619	-18.9992	30.6674	-0.184468
25	113	32.0132	-19.1642	30.8467	-0.188826
25	114	32.1689	-19.3275	31.0306	-0.193054
25	115	32.3194	-19.4931	31.2103	-0.197336
25	116	32.4855	-19.6079	31.3958	-0.199884
25	117	32.6725	-19.6797	31.5934	-0.200937
25	118	32.8706	-19.7291	31.7973	-0.201216
25	119	33.08	-19.7617	32.009	-0.200904
25	120	33.306	-19.7786	32.2339	-0.200021
25	121	33.5566	-19.7797	32.4797	-0.19852
25	122	33.8422	-19.7642	32.7568	-0.196336
25	123	34.129	-19.7371	33.0328	-0.193839
25	124	34.4167	-19.6964	33.3075	-0.190974
25	125	34.703	-19.6392	33.5778	-0.187683
25	126	34.9842	-19.5661	33.8407	-0.184011
25	127	35.2593	-19.48	34.0957	-0.180053
25	128	35.5297	-19.383	34.3447	-0.175865
25	129	35.7969	-19.2745	34.5891	-0.171424
25	130	36.0602	-19.1522	34.8281	-0.166675
25	131	36.317	-19.0155	35.059	-0.161615
25	132	36.5648	-18.8665	35.2802	-0.156315
25	133	36.8044	-18.7079	35.4927	-0.15085
25	134	37.0376	-18.5405	35.6986	-0.145232
25	135	37.2652	-18.3624	35.8987	-0.139406
25	136	37.4855	-18.1712	36.0909	-0.133312
25	137	37.6947	-17.9669	36.2719	-0.126962
25	138	37.8911	-17.7524	36.4403	-0.120442
25	139	38.0758	-17.5306	36.5978	-0.113819
25	140	38.2509	-17.3018	36.7467	-0.107091
25	141	38.4169	-17.0643	36.8872	-0.100209
25	142	38.5715	-16.8173	37.0172	-0.0931499
25	143	38.7124	-16.5624	37.1348	-0.0859631
25	144	38.8398	-16.303	37.2404	-0.0787286
25	145	38.9548	-16.0403	37.3354	-0.0714739
26	0	-26.4173	-8.69575	28.5184	2.9768
26	1	-26.4529	-8.46293	28.5926	2.96897
26	2	-26.4949	-8.23126	28.6747	2.96127
26	3	-26.5422	-7.99908	28.7637	2.95362
26	4	-26.5947	-7.76498	28.8599	2.94599
26	5	-26.653	-7.53131	28.9632	2.93847
26	6	-26.7169	-7.29814	29.0737	2.93106
26	7	-26.7865	-7.06817	29.1906	2.92385
26	8	-26.8606	-6.84064	29.3128	2.91682
26	9	-26.9386	-6.61416	29.44	2.90991
26	10	-27.0214	-6.38778	29.5733	2.9031
26	11	-27.1104	-6.16185	29.7138	2.89642
26	12	-27.2064	-5.93788	29.8619	2.88992
26	13	-27.3092	-5.71734	30.0169	2.88366
26	14	-27.4186	-5.50082	30.1785	2.87765
26	15	-27.5357	-5.28861	30.3474	2.8719
26	16	-27.664	-5.08221	30.5266	2.86651
26	17	-27.8092	-4.88809	30.7193	2.86171
26	18	-27.9774	-4.71207	30.9299	2.85774
26	19	-28.1711	-4.55408	31.1602	2.85462
26	20	-28.3886	-4.41346	31.4087	2.85228
26	21	-28.6106	-4.29925	31.6541	2.85083
26	22	-28.8368	-4.21139	31.896	2.85022
26	23	-29.0703	-4.14382	32.1391	2.85029
26	24	-29.3086	-4.08972	32.3829	2.85081
26	25	-29.5514	-4.04699	32.6278	2.85168
26	26	-29.7975	-4.0158	32.8725	2.85292
26	27	-30.0443	-3.99633	33.1147	2.85447
26	28	-30.2898	-3.98706	33.3528	2.85629
26	29	-30.5334	-3.98607	33.5869	2.8583
26	30	-30.7759	-3.99393	33.8177	2.86053
26	31	-31.018	-4.01498	34.0445	2.8631
26	32	-31.2572	-4.05873	34.2626	2.86625
26	33	-31.4912	-4.13419	34.4676	2.8702
26	34	-31.7198	-4.2438	34.6589	2.87501
26	35	-31.9443	-4.38472	34.8389	2.88061
26	36	-32.1465	-4.54113	34.9944	2.88642
26	37	-32.3265	-4.71549	35.1253	2.89252
26	38	-32.4923	-4.90397	35.2402	2.89886
26	39	-32.65	-5.10254	35.3463	2.90539
26	40	-32.8027	-5.30819	35.4474	2.91204
26	41	-32.9495	-5.51781	35.5434	2.91872
26	42	-33.0911	-5.72852	35.6357	2.92536
26	43	-33.2295	-5.93843	35.7267	2.93193
26	44	-33.3668	-6.14761	35.8182	2.93844
26	45	-33.5035	-6.35726	35.9105	2.94493
26	46	-33.6387	-6.56814	36.0026	2.95141
26	47	-33.7715	-6.77995	36.0937	2.95787
26	48	-33.9019	-6.9892	36.1845	2.96421
26	49	-34.0313	-7.19731	36.2759	2.97049
26	50	-34.1597	-7.4036	36.3679	2.97668
26	51	-34.2867	-7.60955	36.4601	2.98282
26	52	-34.4115	-7.81526	36.5515	2.98892
26	53	-34.5339	-8.01981	36.642	2.99494
26	54	-34.6546	-8.22291	36.7324	3.00089
26	55	-34.7746	-8.42552	36.8234	3.0068
26	56	-34.894	-8.62947	36.9149	3.01271
26	57	-35.0117	-8.83284	37.0062	3.01857
26	58	-35.1266	-9.03599	37.096	3.02438
26	59	-35.2374	-9.23532	37.1832	3.03005
26	60	-35.3439	-9.43079	37.2679	3.03558
26	61	-35.4472	-9.62316	37.3508	3.041
26	62	-35.5464	-9.81424	37.4309	3.04634
26	63	-35.6421	-10.0046	37.5085	3.05164
26	64	-35.7326	-10.192	37.5824	3.05682
26	65	-35.8165	-10.3766	37.6509	3.06189
26	66	-35.8827	-10.561	37.7026	3.06691
26	67	-35.9013	-10.7372	37.7084	3.07161
26	68	-35.8693	-10.9206	37.6641	3.0764
26	69	-35.8444	-11.1094	37.6274	3.08137
26	70	-35.7977	-11.3052	37.5695	3.0865
26	71	-35.7281	-11.515	37.489	3.09198
26	72	-35.6314	-11.7472	37.3816	3.09806
26	73	-35.5011	-12.0105	37.2409	3.10497
26	74	-35.3541	-12.2679	37.0854	3.11176
26	75	-35.1914	-12.5159	36.9162	3.11834
26	76	-35.0162	-12.7529	36.7362	3.12468
26	77	-34.83	-12.9803	36.5469	3.13082
26	78	-34.632	-13.1991	36.3472	3.13678
26	79	-34.4202	-13.4077	36.135	-3.14066
26	80	-34.1954	-13.6027	35.9109	-3.13523
26	81	-33.9611	-13.7828	35.6782	-3.13014
26	82	-33.72	-13.9499	35.4395	-3.12534
26	83	-33.4718	-14.1063	35.1942	-3.12079
26	84	-33.2144	-14.2512	34.9402	-3.11649
26	85	-32.9474	-14.3818	34.6769	-3.11253
26	86	-32.6736	-14.4956	34.4067	-3.10899
26	87	-32.3958	-14.5938	34.1324	-3.10585
26	88	-32.1146	-14.6785	33.8546	-3.10305
26	89	-31.8287	-14.75	33.5717	-3.1006
26	90	-31.5378	-14.8055	33.2834	-3.09857
26	91	-31.2764	-14.8334	33.0235	-3.09739
26	92	-31.0369	-14.8375	32.7844	-3.09694
26	93	-30.8124	-14.8212	32.5594	-3.09713
26	94	-30.5983	-14.7811	32.3437	-3.09808
26	95	-30.4009	-14.6955	32.1428	-3.10047
26	96	-30.2092	-14.5598	31.946	-3.10447
26	97	-30.0241	-14.4093	31.7557	-3.10899
26	98	-29.8406	-14.2548	31.5676	-3.11369
26	99	-29.6583	-14.0985	31.3815	-3.11851
26	100	-29.4792	-13.942	31.1992	-3.12339
26	101	-29.3044	-13.7874	31.0219	-3.12827
26	102	-29.1329	-13.6328	30.8487	-3.13321
26	103	-28.963	-13.4783	30.678	-3.1382
26	104	-28.7937	-13.3231	30.5085	3.13992
26	105	-28.6248	-13.1665	30.3403	3.13475
26	106	-28.4573	-13.0084	30.1744	3.12947
26	107	-28.2921	-12.8495	30.0115	3.12411
26	108	-28.1288	-12.6906	29.8514	3.11869
26	109	-27.9664	-12.5312	29.6932	3.1132
26	110	-27.8055	-12.3729	29.5372	3.10769
26	111	-27.6463	-12.2136	29.384	3.10209
26	112	-27.4919	-12.0546	29.2365	3.09645
26	113	-27.344	-11.8952	29.0964	3.09074
26	114	-27.203	-11.7353	28.9642	3.08498
26	115	-27.0686	-11.5743	28.8396	3.07914
26	116	-26.9398	-11.4137	28.7216	3.07328
26	117	-26.817	-11.2506	28.6107	3.06731
26	118	-26.701	-11.0831	28.508	3.06114
26	119	-26.5968	-10.906	28.419	3.05464
26	120	-26.5092	-10.7138	28.3491	3.04761
26	121	-26.4406	-10.5044	28.3012	3.04002
26	122	-26.3902	-10.2784	28.275	3.03189
26	123	-26.3597	-10.0571	28.2697	3.02399
26	124	-26.3458	-9.8368	28.2827	3.0162
26	125	-26.3456	-9.6147	28.3111	3.00841
26	126	-26.3537	-9.38967	28.3498	3.00058
26	127	-26.368	-9.16091	28.3971	2.99268
26	128	-26.3886	-8.92845	28.4528	2.9847
32	0	31.8897	-20.7744	31.0692	-0.2405
32	1	31.9003	-20.59	31.0361	-0.23465
32	2	31.8915	-20.418	30.9879	-0.229315
32	3	31.8942	-20.2549	30.9539	-0.224164
32	4	31.8543	-20.1104	30.8832	-0.219891
32	5	31.7692	-19.9717	30.7701	-0.216094
32	6	31.692	-19.8222	30.6628	-0.211873
32	7	31.6019	-19.6722	30.5435	-0.207691
32	8	31.5025	-19.5215	30.4154	-0.203515
32	9	31.3968	-19.3685	30.2813	-0.199272
32	10	31.2849	-19.2172	30.1419	-0.195087
32	11	31.1699	-19.0669	30.0002	-0.190917
32	12	31.0524	-18.9188	29.857	-0.186794
32	13	30.933	-18.7688	29.7121	-0.182577
32	14	30.8104	-18.6176	29.5643	-0.178303
32	15	30.686	-18.4638	29.4149	-0.173908
32	16	30.5576	-18.3094	29.262	-0.16947
32	17	30.4254	-18.155	29.106	-0.165007
32	18	30.2906	-18.0012	28.948	-0.160531
32	19	30.1564	-17.8463	28.791	-0.155965
32	20	30.0207	-17.6925	28.6334	-0.151394
32	21	29.882	-17.5404	28.4736	-0.146849
32	22	29.7416	-17.3877	28.3127	-0.14224
32	23	29.6	-17.2331	28.1509	-0.137515
32	24	29.4555	-17.0784	27.987	-0.132746
32	25	29.3079	-16.9258	27.8208	-0.128012
32	26	29.1587	-16.7763	27.654	-0.123342
32	27	29.0073	-16.6305	27.4861	-0.118754
32	28	28.8557	-16.4876	27.3189	-0.114216
32	29	28.6996	-16.3528	27.1487	-0.109938
32	30	28.5414	-16.2238	26.9775	-0.10583
32	31	28.3733	-16.1111	26.7987	-0.10231
32	32	28.1988	-16.0067	26.6146	-0.0990776
32	33	28.011	-15.9214	26.4193	-0.0965664
32	34	27.8207	-15.8495	26.223	-0.0945376
32	35	27.63	-15.8053	26.029	-0.0935385
32	36	27.4437	-15.7779	25.8409	-0.0931594
32	37	27.2574	-15.7687	25.6546	-0.0934777
32	38	27.072	-15.768	25.4699	-0.0941279
32	39	26.8861	-15.7727	25.2853	-0.0950051
32	40	26.6991	-15.7857	25.1004	-0.0962249
32	41	26.5108	-15.8017	24.9146	-0.0975917
32	42	26.3214	-15.8258	24.7285	-0.0993093
32	43	26.1308	-15.8548	24.5417	-0.101254
32	44	25.9407	-15.8923	24.3565	-0.103576
32	45	25.7527	-15.9345	24.1739	-0.106115
32	46	25.5681	-15.9838	23.9956	-0.108975
32	47	25.3862	-16.0373	23.8207	-0.112037
32	48	25.2092	-16.0999	23.652	-0.115503
32	49	25.0369	-16.1707	23.4892	-0.119343
32	50	24.8743	-16.2625	23.3389	-0.124076
32	51	24.7148	-16.369	23.1942	-0.129483
32	52	24.5652	-16.502	23.0635	-0.136041
32	53	24.4245	-16.6385	22.9432	-0.142768
32	54	24.3053	-16.7929	22.8477	-0.150196
32	55	24.1918	-16.9521	22.76	-0.157859
32	56	24.0997	-17.1273	22.6974	-0.166119
32	57	24.0123	-17.3053	22.6414	-0.174514
32	58	23.9364	-17.4879	22.5992	-0.183053
32	59	23.8641	-17.67	22.5621	-0.191575
32	60	23.7968	-17.8539	22.5318	-0.200154
32	61	23.7337	-18.0398	22.5078	-0.208807
32	62	23.6736	-18.2264	22.4886	-0.217478
32	63	23.6191	-18.413	22.4764	-0.226108
32	64	23.5674	-18.6018	22.4692	-0.234813
32	65	23.5223	-18.7915	22.4703	-0.243491
32	66	23.4811	-18.9795	22.4765	-0.252051
32	67	23.4441	-19.165	22.4877	-0.26045
32	68	23.4116	-19.3531	22.5055	-0.268899
32	69	23.3829	-19.5428	22.529	-0.277351
32	70	23.3563	-19.7327	22.5563	-0.285772
32	71	23.3367	-19.9221	22.5917	-0.294059
32	72	23.3203	-20.1146	22.6325	-0.302411
32	73	23.3145	-20.308	22.6853	-0.310628
32	74	23.312	-20.4998	22.7424	-0.31869
32	75	23.3171	-20.6885	22.8071	-0.326479
32	76	23.3272	-20.8734	22.8765	-0.333992
32	77	23.3393	-21.0545	22.948	-0.341276
32	78	23.3608	-21.2339	23.0288	-0.348304
32	79	23.3818	-21.4127	23.1101	-0.355263
32	80	23.4175	-21.5888	23.2053	-0.361847
32	81	23.4542	-21.7655	23.3028	-0.36838
32	82	23.5194	-21.9363	23.4255	-0.37418
32	83	23.5942	-22.1118	23.5596	-0.379952
32	84	23.702	-22.2799	23.7224	-0.384846
32	85	23.8098	-22.4417	23.8833	-0.389432
32	86	23.9381	-22.5849	24.0565	-0.392912
32	87	24.0678	-22.7273	24.231	-0.396295
32	88	24.2177	-22.8546	24.4185	-0.398734
32	89	24.3717	-22.983	24.6103	-0.401113
32	90	24.5378	-23.1021	24.8098	-0.402919
32	91	24.707	-23.2214	25.0122	-0.404655
32	92	24.8814	-23.3346	25.2172	-0.406056
32	93	25.0554	-23.446	25.421	-0.40738
32	94	25.2315	-23.5524	25.6249	-0.408469
32	95	25.407	-23.6569	25.8275	-0.409483
32	96	25.5822	-23.7596	26.029	-0.410421
32	97	25.757	-23.8618	26.2302	-0.411335
32	98	25.9322	-23.9636	26.4314	-0.412215
32	99	26.1082	-24.0638	26.6328	-0.413016
32	100	26.2841	-24.1619	26.8333	-0.413731
32	101	26.4594	-24.2561	27.0317	-0.414315
32	102	26.6324	-24.3468	27.2266	-0.414809
32	103	26.8033	-24.433	27.4177	-0.415172
32	104	26.9713	-24.5162	27.6051	-0.415477
32	105	27.138	-24.5944	27.7891	-0.415631
32	106	27.3021	-24.6702	27.9699	-0.41574
32	107	27.4656	-24.7393	28.1474	-0.415639
32	108	27.6276	-24.8022	28.3209	-0.415362
32	109	27.7899	-24.8497	28.4886	-0.414588
32	110	27.9425	-24.909	28.6521	-0.414339
32	111	28.0898	-24.921	28.7918	-0.412661
32	112	28.2448	-24.8874	28.9205	-0.409446
32	113	28.4063	-24.8648	29.0598	-0.40652
32	114	28.5728	-24.8202	29.1953	-0.40286
32	115	28.7511	-24.7579	29.3352	-0.398527
32	116	28.9467	-24.6719	29.4825	-0.393264
32	117	29.1688	-24.5608	29.6456	-0.386929
32	118	29.4058	-24.4264	29.8152	-0.379755
32	119	29.6384	-24.2786	29.9772	-0.372302
32	120	29.863	-24.1161	30.1283	-0.364565
32	121	30.0766	-23.9405	30.2662	-0.356627
32	122	30.2785	-23.7549	30.3915	-0.348586
32	123	30.4703	-23.5615	30.5067	-0.340478
32	124	30.6536	-23.3601	30.6133	-0.332277
32	125	30.8282	-23.1495	30.7107	-0.323942
32	126	30.9922	-22.9295	30.7973	-0.315474
32	127	31.1441	-22.7015	30.872	-0.306928
32	128	31.2839	-22.4676	30.9358	-0.298353
32	129	31.4131	-22.2283	30.9901	-0.289747
32	130	31.5322	-21.9827	31.0352	-0.281068
32	131	31.6396	-21.7297	31.0694	-0.272285
32	132	31.7328	-21.47	31.0905	-0.263434
32	133	31.8099	-21.2065	31.0976	-0.254606
32	134	31.8606	-20.9773	31.0898	-0.247062
33	0	-19.8055	-15.5861	21.6337	-3.03917
33	1	-19.8817	-15.3944	21.6908	-3.04832
33	2	-19.9939	-15.1891	21.7844	-3.05818
33	3	-20.1724	-14.9708	21.9454	-3.06877
33	4	-20.2667	-14.7429	22.0241	-3.0794
33	5	-20.3154	-14.5193	22.0599	-3.08966
33	6	-20.3691	-14.3048	22.1035	-3.09948
33	7	-20.4215	-14.0959	22.1481	-3.10899
33	8	-20.4759	-13.8928	22.1967	-3.11822
33	9	-20.5293	-13.6937	22.2464	-3.12723
33	10	-20.587	-13.4981	22.3021	-3.13603
33	11	-20.648	-13.305	22.3629	3.1385
33	12	-20.7224	-13.1175	22.4387	3.13016
33	13	-20.8104	-12.936	22.5294	3.12215
33	14	-20.9238	-12.7676	22.6467	3.11481
33	15	-21.0675	-12.6122	22.795	3.10816
33	16	-21.2395	-12.4706	22.9721	3.10225
33	17	-21.4216	-12.3458	23.1593	3.09718
33	18	-21.6132	-12.2377	23.3557	3.09292
33	19	-21.8124	-12.1426	23.5594	3.0893
33	20	-22.0158	-12.0569	23.7672	3.08614
33	21	-22.2218	-11.9778	23.9772	3.08333
33	22	-22.43	-11.9036	24.1895	3.08076
33	23	-22.6392	-11.8326	24.4027	3.07838
33	24	-22.8498	-11.7656	24.6172	3.0762
33	25	-23.0615	-11.7036	24.8325	3.07427
33	26	-23.273	-11.6484	25.0473	3.07264
33	27	-23.4826	-11.5995	25.2598	3.07128
33	28	-23.6896	-11.5575	25.4692	3.07021
33	29	-23.8934	-11.5198	25.6752	3.06931
33	30	-24.0952	-11.4878	25.8788	3.06864
33	31	-24.2957	-11.4581	26.0809	3.06806
33	32	-24.4959	-11.4337	26.2824	3.0677
33	33	-24.6964	-11.4119	26.484	3.06743
33	34	-24.8982	-11.4014	26.686	3.0676
33	35	-25.1007	-11.4023	26.8879	3.06819
33	36	-25.3037	-11.4256	27.0886	3.0696
33	37	-25.5083	-11.469	27.2897	3.07172
33	38	-25.7156	-11.5351	27.4919	3.07465
33	39	-25.9115	-11.6153	27.6822	3.07801
33	40	-26.097	-11.7121	27.8614	3.0819
33	41	-26.276	-11.825	28.0336	3.0863
33	42	-26.4511	-11.9504	28.2018	3.09109
33	43	-26.6242	-12.0843	28.3683	3.09611
33	44	-26.7959	-12.2246	28.5338	3.1013
33	45	-26.9661	-12.3681	28.6985	3.10653
33	46	-27.1337	-12.5147	28.8613	3.11181
33	47	-27.2983	-12.6619	29.0219	3.11705
33	48	-27.4604	-12.8079	29.1807	3.12219
33	49	-27.6201	-12.9528	29.3379	3.12723
33	50	-27.7781	-13.0968	29.4942	3.13219
33	51	-27.934	-13.2412	29.6491	3.13711
33	52	-28.0887	-13.3848	29.8035	-3.14123
33	53	-28.2435	-13.5327	29.9587	-3.1363
33	54	-28.3982	-13.6824	30.1145	-3.13136
33	55	-28.5514	-13.8326	30.2697	-3.12645
33	56	-28.7035	-13.982	30.4244	-3.12161
33	57	-28.8546	-14.1307	30.5788	-3.11685
33	58	-29.0046	-14.2796	30.7327	-3.11213
33	59	-29.1524	-14.4297	30.8853	-3.10741
33	60	-29.2968	-14.5817	31.0351	-3.10267
33	61	-29.4359	-14.7323	31.1803	-3.09802
33	62	-29.5689	-14.881	31.32	-3.09346
33	63	-29.6946	-15.0284	31.4529	-3.08897
33	64	-29.8089	-15.1778	31.5752	-3.08444
33	65	-29.9276	-15.3183	31.702	-3.08023
33	66	-30.0057	-15.4704	31.7897	-3.0756
33	67	-30.0477	-15.6433	31.8435	-3.07027
33	68	-30.0991	-15.8215	31.9079	-3.06482
33	69	-30.1338	-16.0152	31.9579	-3.05886
33	70	-30.1518	-16.2308	31.9944	-3.05219
33	71	-30.151	-16.476	32.0164	-3.04455
33	72	-30.1292	-16.7595	32.0234	-3.03568
33	73	-30.0926	-17.0413	32.0181	-3.02681
33	74	-30.0443	-17.32	32.0033	-3.01798
33	75	-29.9858	-17.5961	31.9805	-3.00919
33	76	-29.9165	-17.8707	31.9494	-3.00038
33	77	-29.8345	-18.1439	31.9078	-2.99154
33	78	-29.7379	-18.4135	31.8539	-2.98272
33	79	-29.6277	-18.6769	31.7879	-2.97399
33	80	-29.5066	-18.933	31.7124	-2.96539
33	81	-29.3768	-19.1834	31.6297	-2.95688
33	82	-29.2381	-19.4297	31.5397	-2.94839
33	83	-29.0884	-19.6719	31.4404	-2.93992
33	84	-28.9262	-19.908	31.3299	-2.9315
33	85	-28.752	-20.1353	31.208	-2.92321
33	86	-28.5683	-20.3529	31.0768	-2.9151
33	87	-28.377	-20.5621	30.9384	-2.90712
33	88	-28.1774	-20.7645	30.7922	-2.89922
33	89	-27.9676	-20.9593	30.6362	-2.8914
33	90	-27.7463	-21.144	30.4685	-2.88373
33	91	-27.5156	-21.3157	30.29	-2.87631
33	92	-27.279	-21.4742	30.1041	-2.86916
33	93	-27.0387	-21.6214	29.9129	-2.86226
33	94	-26.8268	-21.7368	29.7415	-2.85657
33	95	-26.6343	-21.8265	29.5823	-2.85183
33	96	-26.4533	-21.8944	29.4285	-2.84786
33	97	-26.2769	-21.9418	29.2735	-2.84457
33	98	-26.1076	-21.9976	29.1281	-2.84103
33	99	-25.9406	-22.005	28.9709	-2.83908
33	100	-25.763	-21.9659	28.7897	-2.83854
33	101	-25.5838	-21.9023	28.5997	-2.8388
33	102	-25.3998	-21.8398	28.4054	-2.83896
33	103	-25.2141	-21.7707	28.2076	-2.83934
33	104	-25.0266	-21.6995	28.0074	-2.83977
33	105	-24.8364	-21.6273	27.8044	-2.84022
33	106	-24.6426	-21.5536	27.5974	-2.84068
33	107	-24.4474	-21.4774	27.3884	-2.84123
33	108	-24.2506	-21.3983	27.177	-2.84187
33	109	-24.0527	-21.3162	26.9637	-2.84261
33	110	-23.855	-21.2319	26.7499	-2.84345
33	111	-23.6586	-21.1462	26.5371	-2.84436
33	112	-23.464	-21.0604	26.3258	-2.84531
33	113	-23.2708	-20.9749	26.1161	-2.84628
33	114	-23.0786	-20.8895	25.9075	-2.84728
33	115	-22.8872	-20.8034	25.6993	-2.84832
33	116	-22.6943	-20.7158	25.4893	-2.84942
33	117	-22.4985	-20.6259	25.276	-2.8506
33	118	-22.3022	-20.533	25.0613	-2.8519
33	119	-22.1071	-20.4379	24.8471	-2.85332
33	120	-21.9145	-20.34	24.6347	-2.85491
33	121	-21.7241	-20.2403	24.4239	-2.85662
33	122	-21.5363	-20.1362	24.2145	-2.85857
33	123	-21.3519	-20.0272	24.007	-2.86079
33	124	-21.1823	-19.9032	23.8098	-2.86381
33	125	-21.0216	-19.7687	23.6186	-2.86742
33	126	-20.8757	-19.616	23.437	-2.87201
33	127	-20.7477	-19.4718	23.2754	-2.87652
33	128	-20.6437	-19.3229	23.1363	-2.88155
33	129	-20.5471	-19.1763	23.0056	-2.88663
33	130	-20.4607	-19.0242	22.884	-2.89211
33	131	-20.3701	-18.8625	22.7567	-2.89801
33	132	-20.2789	-18.6793	22.6245	-2.9049
33	133	-20.1558	-18.4741	22.4574	-2.9125
33	134	-19.9824	-18.2644	22.2415	-2.91991
33	135	-19.8714	-18.0519	22.0872	-2.92819
33	136	-19.8023	-17.8369	21.975	-2.93708
33	137	-19.7577	-17.6188	21.888	-2.94643
33	138	-19.7283	-17.4013	21.818	-2.95595
33	139	-19.7071	-17.1878	21.7587	-2.96541
33	140	-19.6948	-16.976	21.7105	-2.97492
33	141	-19.6864	-16.7668	21.6684	-2.98437
33	142	-19.6859	-16.5607	21.6367	-2.99378
33	143	-19.6863	-16.3589	21.6082	-3.00301
33	144	-19.6997	-16.1634	21.5953	-3.01207
33	145	-19.7169	-15.9689	21.5882	-3.0211
33	146	-19.7555	-15.7785	21.6045	-3.03007
38	0	28.1666	-28.0796	30.2647	-0.50739
38	1	28.1636	-27.7903	30.1225	-0.499043
38	2	28.149	-27.4998	29.9717	-0.490765
38	3	28.1204	-27.2086	29.8102	-0.482602
38	4	28.0768	-26.9196	29.6384	-0.474648
38	5	28.0187	-26.6356	29.4578	-0.466974
38	6	27.9507	-26.392	29.288	-0.46059
38	7	27.8728	-26.1777	29.1234	-0.455191
38	8	27.7836	-25.9838	28.9584	-0.45053
38	9	27.68	-25.8044	28.7872	-0.446485
38	10	27.5854	-25.6213	28.6232	-0.442145
38	11	27.442	-25.4711	28.4293	-0.439528
38	12	27.252	-25.3418	28.2024	-0.438243
38	13	27.0534	-25.222	27.9718	-0.43738
38	14	26.854	-25.1063	27.7421	-0.436647
38	15	26.6572	-24.9933	27.516	-0.435951
38	16	26.4625	-24.8853	27.2939	-0.435375
38	17	26.2727	-24.776	27.0757	-0.434669
38	18	26.0856	-24.6658	26.8596	-0.433882
38	19	25.8978	-24.5579	26.6438	-0.433171
38	20	25.7101	-24.4504	26.4284	-0.43246
38	21	25.5231	-24.3434	26.2137	-0.431747
38	22	25.3369	-24.2394	26.0011	-0.431108
38	23	25.1523	-24.1396	25.7917	-0.430586
38	24	24.9705	-24.0424	25.5859	-0.430098
38	25	24.7918	-23.9457	25.3833	-0.429571
38	26	24.6147	-23.8505	25.1826	-0.429061
38	27	24.4374	-23.7577	24.9828	-0.428638
38	28	24.2598	-23.6666	24.7833	-0.428274
38	29	24.0819	-23.5823	24.5865	-0.42816
38	30	23.9059	-23.5006	24.3925	-0.428105
38	31	23.7278	-23.4311	24.2015	-0.428549
38	32	23.5527	-23.3617	24.0134	-0.428953
38	33	23.3726	-23.3098	23.8281	-0.430111
38	34	23.1881	-23.2629	23.6408	-0.431564
38	35	22.9906	-23.2403	23.4521	-0.434213
38	36	22.7827	-23.2248	23.2571	-0.43737
38	37	22.5829	-23.232	23.0793	-0.441316
38	38	22.3862	-23.2456	22.9075	-0.445521
38	39	22.1939	-23.2807	22.7494	-0.450558
38	40	22.0006	-23.3217	22.5935	-0.455915
38	41	21.8093	-23.377	22.4465	-0.461879
38	42	21.6174	-23.4332	22.3003	-0.467971
38	43	21.4282	-23.4983	22.1612	-0.474444
38	44	21.2392	-23.5636	22.0234	-0.481002
38	45	21.0506	-23.6347	21.8896	-0.487866
38	46	20.8601	-23.7072	21.7558	-0.494916
38	47	20.669	-23.7861	21.6257	-0.502323
38	48	20.4773	-23.8705	21.499	-0.510059
38	49	20.2876	-23.9638	21.3797	-0.518198
38	50	20.0986	-24.0638	21.2658	-0.526684
38	51	19.9134	-24.1714	21.1606	-0.535483
38	52	19.7332	-24.2849	21.0644	-0.544482
38	53	19.5592	-24.4035	20.9779	-0.553613
38	54	19.3905	-24.5268	20.9001	-0.562874
38	55	19.2293	-24.6583	20.8348	-0.57234
38	56	19.0807	-24.8016	20.7885	-0.582007
38	57	18.9451	-24.9605	20.7636	-0.591993
38	58	18.8199	-25.1354	20.7585	-0.602348
38	59	18.7056	-25.331	20.7763	-0.613223
38	60	18.6114	-25.5307	20.8154	-0.623674
38	61	18.535	-25.7352	20.8738	-0.633765
38	62	18.4741	-25.9438	20.9492	-0.643511
38	63	18.426	-26.157	21.0396	-0.652988
38	64	18.3852	-26.3726	21.1392	-0.662259
38	65	18.3494	-26.5893	21.245	-0.671342
38	66	18.3166	-26.807	21.3557	-0.68028
38	67	18.2889	-27.0266	21.4731	-0.68904
38	68	18.2665	-27.2459	21.596	-0.697539
38	69	18.251	-27.4661	21.7263	-0.705764
38	70	18.2403	-27.684	21.8602	-0.713667
38	71	18.2318	-27.8975	21.9941	-0.72126
38	72	18.226	-28.111	22.1313	-0.728677
38	73	18.2221	-28.3231	22.2703	-0.735902
38	74	18.2193	-28.5328	22.4095	-0.742919
38	75	18.2219	-28.7442	22.5549	-0.749744
38	76	18.2292	-28.9538	22.7036	-0.756285
38	77	18.2417	-29.1587	22.8538	-0.762429
38	78	18.2604	-29.3625	23.0084	-0.768273
38	79	18.2852	-29.5627	23.1657	-0.773742
38	80	18.3128	-29.7587	23.3227	-0.778928
38	81	18.3449	-29.9509	23.4809	-0.783794
38	82	18.3792	-30.1429	23.641	-0.788523
38	83	18.4229	-30.3338	23.8073	-0.792872
38	84	18.4745	-30.524	23.9794	-0.796905
38	85	18.5484	-30.7129	24.1661	-0.800179
38	86	18.6425	-30.901	24.3668	-0.802786
38	87	18.7626	-31.0881	24.5848	-0.804559
38	88	18.8938	-31.2578	24.7981	-0.805496
38	89	19.0364	-31.412	25.0081	-0.805653
38	90	19.1912	-31.5519	25.2162	-0.805069
38	91	19.3597	-31.6805	25.4257	-0.803796
38	92	19.5339	-31.8028	25.6347	-0.802215
38	93	19.7117	-31.9216	25.8438	-0.800463
38	94	19.8919	-32.0386	26.0532	-0.798629
38	95	20.0752	-32.1525	26.2628	-0.796651
38	96	20.2604	-32.2627	26.4711	-0.794561
38	97	20.4455	-32.3692	26.6769	-0.792406
38	98	20.6286	-32.4729	26.8793	-0.790264
38	99	20.8094	-32.5741	27.0785	-0.788149
38	100	20.9882	-32.6728	27.2746	-0.786053
38	101	21.1655	-32.7695	27.4684	-0.783974
38	102	21.3413	-32.8649	27.6602	-0.78193
38	103	21.52	-32.9597	27.854	-0.779823
38	104	21.7008	-33.0533	28.0483	-0.777663
38	105	21.8822	-33.1444	28.2416	-0.775456
38	106	22.0627	-33.2333	28.4328	-0.773244
38	107	22.2415	-33.3205	28.6217	-0.77106
38	108	22.4192	-33.4046	28.8079	-0.768856
38	109	22.5957	-33.487	28.992	-0.766665
38	110	22.7726	-33.5642	29.1731	-0.764366
38	111	22.9476	-33.6406	29.3524	-0.762116
38	112	23.123	-33.7086	29.5263	-0.759682
38	113	23.2954	-33.7736	29.6962	-0.757271
38	114	23.4672	-33.8259	29.8571	-0.754591
38	115	23.6373	-33.8649	30.0078	-0.751656
38	116	23.7986	-33.9153	30.1601	-0.749224
38	117	23.9548	-33.9173	30.2761	-0.745758
38	118	24.1208	-33.8694	30.3659	-0.74089
38	119	24.2963	-33.8312	30.4699	-0.736077
38	120	24.4795	-33.7711	30.5658	-0.730595
38	121	24.6776	-33.6884	30.6588	-0.724276
38	122	24.8983	-33.5787	30.7522	-0.716847
38	123	25.1501	-33.4349	30.8488	-0.707972
38	124	25.3963	-33.2763	30.934	-0.698902
38	125	25.6337	-33.1042	31.0063	-0.689724
38	126	25.8607	-32.9214	31.0664	-0.680536
38	127	26.0787	-32.7305	31.117	-0.67136
38	128	26.2893	-32.5312	31.1593	-0.662147
38	129	26.4924	-32.3216	31.192	-0.652843
38	130	26.6855	-32.1004	31.2123	-0.643459
38	131	26.8657	-31.8696	31.2194	-0.634079
38	132	27.0334	-31.6324	31.2153	-0.624773
38	133	27.1909	-31.3905	31.2029	-0.615532
38	134	27.3402	-31.1432	31.1833	-0.606294
38	135	27.4805	-30.8883	31.1548	-0.597004
38	136	27.6092	-30.6247	31.1143	-0.587673
38	137	27.7231	-30.3541	31.0605	-0.578388
38	138	27.8224	-30.0798	30.9949	-0.569228
38	139	27.9094	-29.8036	30.9206	-0.560185
38	140	27.9861	-29.5244	30.8385	-0.551196
38	141	28.0517	-29.2406	30.747	-0.542214
38	142	28.1033	-28.9517	30.6433	-0.533269
38	143	28.1387	-28.6601	30.5268	-0.524455
38	144	28.1588	-28.3691	30.3996	-0.515838
39	0	-16.736	-25.3395	21.991	-2.56627
39	1	-16.7309	-25.1173	21.8666	-2.57467
39	2	-16.7283	-24.8978	21.7473	-2.58312
39	3	-16.7319	-24.6761	21.6337	-2.5919
39	4	-16.7433	-24.4538	21.5282	-2.60098
39	5	-16.7627	-24.2335	21.4323	-2.61026
39	6	-16.789	-24.0172	21.3464	-2.61962
39	7	-16.8204	-23.8063	21.2693	-2.62895
39	8	-16.8555	-23.6003	21.1998	-2.63823
39	9	-16.895	-23.3964	21.137	-2.64758
39	10	-16.9402	-23.1941	21.0818	-2.65705
39	11	-16.9945	-22.9931	21.0372	-2.66671
39	12	-17.0627	-22.7944	21.008	-2.6766
39	13	-17.1506	-22.5967	20.999	-2.68689
39	14	-17.2603	-22.4021	21.0133	-2.69751
39	15	-17.3841	-22.2272	21.051	-2.70754
39	16	-17.5231	-22.0717	21.1127	-2.71699
39	17	-17.676	-21.9322	21.1954	-2.72595
39	18	-17.8373	-21.8033	21.2917	-2.73455
39	19	-18.0033	-21.6801	21.3961	-2.74291
39	20	-18.1733	-21.5605	21.507	-2.7511
39	21	-18.3477	-21.444	21.6247	-2.75916
39	22	-18.5263	-21.3308	21.7488	-2.76705
39	23	-18.7084	-21.2224	21.8793	-2.77471
39	24	-18.8937	-21.1198	22.016	-2.78208
39	25	-19.081	-21.0231	22.1579	-2.78914
39	26	-19.2704	-20.9331	22.3051	-2.79585
39	27	-19.4621	-20.8503	22.4578	-2.80222
39	28	-19.6573	-20.7781	22.6183	-2.8081
39	29	-19.8574	-20.7203	22.7888	-2.81337
39	30	-20.0662	-20.6813	22.974	-2.81791
39	31	-20.2839	-20.6611	23.1742	-2.82172
39	32	-20.4921	-20.6631	23.3726	-2.82444
39	33	-20.6936	-20.682	23.5699	-2.82634
39	34	-20.8894	-20.7189	23.7676	-2.82742
39	35	-21.0829	-20.7633	23.9653	-2.82815
39	36	-21.2746	-20.8174	24.1643	-2.82847
39	37	-21.4683	-20.8736	24.3659	-2.82873
39	38	-21.6629	-20.9367	24.5705	-2.82872
39	39	-21.8611	-21.003	24.7795	-2.82864
39	40	-22.0605	-21.0751	24.9914	-2.82835
39	41	-22.2621	-21.1512	25.2066	-2.82794
39	42	-22.4652	-21.2314	25.4246	-2.8274
39	43	-22.6671	-21.3138	25.6421	-2.82678
39	44	-22.8685	-21.396	25.859	-2.82617
39	45	-23.0696	-21.4787	26.0759	-2.82555
39	46	-23.2704	-21.5645	26.2934	-2.82482
39	47	-23.4719	-21.6527	26.5123	-2.82403
39	48	-23.6743	-21.7422	26.7326	-2.82321
39	49	-23.8764	-21.8339	26.9532	-2.82233
39	50	-24.0771	-21.9269	27.173	-2.82139
39	51	-24.2765	-22.0208	27.3919	-2.82043
39	52	-24.4777	-22.1157	27.6127	-2.81947
39	53	-24.6824	-22.2122	27.8374	-2.81851
39	54	-24.8905	-22.3112	28.0662	-2.81752
39	55	-25.1007	-22.413	28.2979	-2.81648
39	56	-25.3103	-22.5186	28.5303	-2.81531
39	57	-25.5126	-22.6339	28.7589	-2.81377
39	58	-25.6689	-22.775	28.9524	-2.8109
39	59	-25.7881	-22.9499	29.1222	-2.80654
39	60	-25.8902	-23.1401	29.2815	-2.80156
39	61	-25.9834	-23.3474	29.4391	-2.79597
39	62	-26.0687	-23.5794	29.5985	-2.78958
39	63	-26.1454	-23.8474	29.7638	-2.78201
39	64	-26.2111	-24.1637	29.9378	-2.7729
39	65	-26.2576	-24.485	30.0983	-2.76349
39	66	-26.2862	-24.8062	30.2448	-2.75397
39	67	-26.3006	-25.1258	30.3803	-2.74441
39	68	-26.303	-25.4455	30.5076	-2.73478
39	69	-26.292	-25.7668	30.6261	-2.725
39	70	-26.2652	-26.0882	30.7332	-2.71509
39	71	-26.2235	-26.4065	30.8284	-2.70512
39	72	-26.1693	-26.7215	30.914	-2.69515
39	73	-26.1033	-27.0349	30.9914	-2.68511
39	74	-26.0228	-27.3477	31.0586	-2.67493
39	75	-25.9248	-27.6574	31.112	-2.66462
39	76	-25.8106	-27.9598	31.1511	-2.65431
39	77	-25.684	-28.2546	31.1789	-2.64406
39	78	-25.5464	-28.5441	31.1978	-2.6338
39	79	-25.3959	-28.8294	31.2067	-2.62346
39	80	-25.2304	-29.1081	31.2026	-2.61308
39	81	-25.0515	-29.3771	31.1854	-2.60273
39	82	-24.8625	-29.6365	31.1579	-2.59247
39	83	-24.664	-29.8886	31.1219	-2.58224
39	84	-24.4539	-30.1339	31.0756	-2.57196
39	85	-24.2305	-30.3696	31.0162	-2.56168
39	86	-23.9961	-30.5924	30.9438	-2.5515
39	87	-23.7539	-30.8021	30.8609	-2.54149
39	88	-23.5341	-30.9713	30.7761	-2.53292
39	89	-23.3283	-31.1094	30.6871	-2.52539
39	90	-23.1294	-31.2234	30.5914	-2.51859
39	91	-22.9309	-31.3166	30.4851	-2.51231
39	92	-22.7269	-31.3832	30.36	-2.50658
39	93	-22.5179	-31.3921	30.1972	-2.50224
39	94	-22.2904	-31.343	29.9855	-2.49903
39	95	-22.0645	-31.2737	29.7632	-2.49634
39	96	-21.8415	-31.2026	29.5424	-2.49373
39	97	-21.6211	-31.1317	29.324	-2.49112
39	98	-21.403	-31.0588	29.1064	-2.48857
39	99	-21.1855	-30.9855	28.8892	-2.48601
39	100	-20.9679	-30.9122	28.6721	-2.48341
39	101	-20.7514	-30.8368	28.4548	-2.48085
39	102	-20.5376	-30.7594	28.2386	-2.47837
39	103	-20.3267	-30.6807	28.0241	-2.47595
39	104	-20.1182	-30.6007	27.8107	-2.47358
39	105	-19.9121	-30.5216	27.6	-2.47121
39	106	-19.7071	-30.4412	27.3895	-2.46886
39	107	-19.5048	-30.3603	27.1808	-2.46655
39	108	-19.3064	-30.2758	26.9732	-2.4644
39	109	-19.1121	-30.1889	26.7675	-2.46238
39	110	-18.9249	-30.0993	26.5656	-2.46058
39	111	-18.7424	-30.01	26.3676	-2.45885
39	112	-18.5653	-29.9155	26.1706	-2.45738
39	113	-18.3899	-29.8201	25.9744	-2.45596
39	114	-18.2185	-29.7145	25.7749	-2.45492
39	115	-18.0509	-29.5996	25.5724	-2.45424
39	116	-17.8925	-29.4639	25.3639	-2.45441
39	117	-17.7413	-29.2999	25.143	-2.45564
39	118	-17.6001	-29.1093	24.913	-2.45797
39	119	-17.4797	-28.9101	24.6941	-2.46115
39	120	-17.3786	-28.7037	24.4858	-2.4651
39	121	-17.2926	-28.4902	24.2854	-2.46974
39	122	-17.2166	-28.2723	24.0906	-2.47486
39	123	-17.1479	-28.0513	23.9002	-2.48034
39	124	-17.0848	-27.8278	23.7135	-2.48615
39	125	-17.0273	-27.6011	23.5303	-2.4923
39	126	-16.9772	-27.3727	23.3528	-2.49879
39	127	-16.9333	-27.1452	23.1818	-2.50551
39	128	-16.8937	-26.9206	23.017	-2.51234
39	129	-16.8588	-26.6951	22.8567	-2.51942
39	130	-16.8275	-26.4692	22.7002	-2.5267
39	131	-16.7992	-26.2435	22.5474	-2.53415
39	132	-16.7743	-26.0189	22.3995	-2.54175
39	133	-16.7559	-25.7917	22.2567	-2.54971
39	134	-16.7438	-25.5645	22.1207	-2.55793
43	0	24.015	-37.7425	33.0321	-0.829685
43	1	24.0323	-37.4453	32.8252	-0.823185
43	2	24.0356	-37.148	32.6101	-0.816911
43	3	24.0268	-36.8524	32.3892	-0.810863
43	4	24.0077	-36.558	32.1632	-0.804988
43	5	23.9784	-36.2633	31.931	-0.799253
43	6	23.9369	-35.9682	31.6909	-0.793698
43	7	23.8806	-35.6748	31.4427	-0.788432
43	8	23.8126	-35.4225	31.2161	-0.784279
43	9	23.7344	-35.2014	31.0047	-0.781012
43	10	23.6474	-35.002	30.8027	-0.778401
43	11	23.5509	-34.8169	30.6041	-0.77631
43	12	23.4382	-34.6454	30.4035	-0.774884
43	13	23.2885	-34.5044	30.1979	-0.775016
43	14	23.0924	-34.3845	29.9739	-0.776737
43	15	22.8885	-34.2735	29.7508	-0.778879
43	16	22.6832	-34.164	29.5279	-0.781123
43	17	22.4785	-34.0547	29.3056	-0.783393
43	18	22.275	-33.9479	29.0861	-0.78573
43	19	22.0738	-33.8436	28.8702	-0.788105
43	20	21.874	-33.7435	28.6584	-0.790583
43	21	21.6777	-33.6412	28.4477	-0.792958
43	22	21.483	-33.5376	28.2373	-0.795297
43	23	21.2871	-33.4367	28.0283	-0.797767
43	24	21.0923	-33.3352	27.8197	-0.800232
43	25	20.8982	-33.2351	27.6127	-0.802749
43	26	20.7044	-33.1376	27.4081	-0.805366
43	27	20.5106	-33.0426	27.2054	-0.808082
43	28	20.3201	-32.947	27.0047	-0.810739
43	29	20.1301	-32.8537	26.8063	-0.813478
43	30	19.9418	-32.7643	26.6121	-0.816311
43	31	19.7554	-32.6789	26.4223	-0.819235
43	32	19.572	-32.5966	26.2371	-0.8222
43	33	19.3909	-32.5198	26.0577	-0.825286
43	34	19.2121	-32.4478	25.8836	-0.828476
43	35	19.036	-32.3807	25.7153	-0.831758
43	36	18.8619	-32.3156	25.55	-0.835079
43	37	18.6852	-32.2601	25.3904	-0.838771
43	38	18.5059	-32.2083	25.2322	-0.842686
43	39	18.3167	-32.1805	25.0859	-0.847578
43	40	18.1185	-32.1621	24.9414	-0.853046
43	41	17.9076	-32.1696	24.8089	-0.85965
43	42	17.7048	-32.1885	24.6913	-0.866371
43	43	17.5109	-32.2313	24.599	-0.873503
43	44	17.3214	-32.2826	24.5173	-0.880773
43	45	17.1383	-32.3541	24.4566	-0.888411
43	46	16.9582	-32.4311	24.4035	-0.896125
43	47	16.78	-32.5122	24.3563	-0.903922
43	48	16.6025	-32.5977	24.3144	-0.91183
43	49	16.4257	-32.6878	24.2782	-0.919858
43	50	16.2476	-32.7798	24.2442	-0.928005
43	51	16.07	-32.878	24.2172	-0.936305
43	52	15.8929	-32.9807	24.1958	-0.944717
43	53	15.7178	-33.0875	24.1806	-0.95317
43	54	15.5446	-33.1973	24.1706	-0.961644
43	55	15.3732	-33.3101	24.1661	-0.970131
43	56	15.2038	-33.4252	24.1662	-0.978606
43	57	15.0358	-33.5433	24.1711	-0.987101
43	58	14.8708	-33.6672	24.1845	-0.995619
43	59	14.7109	-33.798	24.2081	-1.0041
43	60	14.5616	-33.9402	24.2488	-1.01244
43	61	14.4225	-34.0943	24.3067	-1.02066
43	62	14.2952	-34.2635	24.3852	-1.02873
43	63	14.1785	-34.4482	24.4839	-1.03671
43	64	14.0858	-34.6343	24.5975	-1.0438
43	65	14.0125	-34.8178	24.7198	-1.0501
43	66	13.9578	-35.0052	24.8555	-1.05576
43	67	13.9089	-35.1936	24.9957	-1.06117
43	68	13.867	-35.3838	25.1417	-1.06632
43	69	13.8274	-35.5778	25.2927	-1.0714
43	70	13.7934	-35.7761	25.4508	-1.0763
43	71	13.7637	-35.9772	25.614	-1.08105
43	72	13.7433	-36.1795	25.7831	-1.08544
43	73	13.7272	-36.3801	25.9533	-1.08959
43	74	13.7173	-36.5827	26.1286	-1.09352
43	75	13.7087	-36.7863	26.3056	-1.09736
43	76	13.7059	-36.9899	26.4858	-1.10096
43	77	13.7063	-37.1926	26.6667	-1.10439
43	78	13.7109	-37.3987	26.8531	-1.10769
43	79	13.7189	-37.607	27.0432	-1.11087
43	80	13.733	-37.8154	27.2363	-1.1138
43	81	13.7528	-38.0213	27.4299	-1.11646
43	82	13.7782	-38.2227	27.6221	-1.11884
43	83	13.8067	-38.4245	27.8162	-1.12108
43	84	13.8384	-38.6259	28.0113	-1.12319
43	85	13.8741	-38.8254	28.2067	-1.12511
43	86	13.9129	-39.0273	28.4056	-1.12694
43	87	13.9569	-39.2296	28.6073	-1.12859
43	88	14.0062	-39.4302	28.8097	-1.13002
43	89	14.0607	-39.6307	29.0143	-1.13127
43	90	14.1192	-39.8299	29.2195	-1.13236
43	91	14.1834	-40.0261	29.4244	-1.13321
43	92	14.2505	-40.2217	29.63	-1.13396
43	93	14.3238	-40.4156	29.8368	-1.13448
43	94	14.4033	-40.6069	30.0437	-1.13478
43	95	14.4957	-40.791	30.2496	-1.13458
43	96	14.6032	-40.964	30.4518	-1.13378
43	97	14.7299	-41.1253	30.6516	-1.13226
43	98	14.8726	-41.2785	30.851	-1.13018
43	99	15.028	-41.4157	31.0415	-1.12754
43	100	15.1883	-41.5356	31.2187	-1.12455
43	101	15.3574	-41.635	31.3815	-1.12105
43	102	15.5366	-41.7171	31.5336	-1.11707
43	103	15.7242	-41.7859	31.6779	-1.1127
43	104	15.9141	-41.8499	31.8197	-1.10824
43	105	16.1062	-41.9091	31.9587	-1.10368
43	106	16.2995	-41.966	32.0969	-1.0991
43	107	16.4954	-42.0183	32.2328	-1.09442
43	108	16.6921	-42.0676	32.3673	-1.08972
43	109	16.8886	-42.1123	32.4981	-1.085
43	110	17.0855	-42.1538	32.6272	-1.08026
43	111	17.2827	-42.191	32.7532	-1.07548
43	112	17.4801	-42.227	32.8791	-1.07072
43	113	17.6785	-42.2598	33.0034	-1.06592
43	114	17.8782	-42.2914	33.128	-1.0611
43	115	18.0797	-42.3187	33.2506	-1.05621
43	116	18.2825	-42.3431	33.372	-1.05129
43	117	18.4863	-42.3623	33.4903	-1.04629
43	118	18.6908	-42.3787	33.6073	-1.04127
43	119	18.8946	-42.392	33.7221	-1.03625
43	120	19.0989	-42.4043	33.8372	-1.03124
43	121	19.3019	-42.4152	33.9513	-1.02627
43	122	19.5044	-42.4251	34.0651	-1.02134
43	123	19.7065	-42.4326	34.1775	-1.01641
43	124	19.9078	-42.4378	34.2883	-1.0115
43	125	20.1074	-42.4397	34.3962	-1.00661
43	126	20.3049	-42.4394	34.502	-1.00177
43	127	20.5004	-42.4356	34.6045	-0.996949
43	128	20.6942	-42.4299	34.7053	-0.992169
43	129	20.8871	-42.4204	34.8032	-0.987381
43	130	21.0776	-42.4099	34.8998	-0.98266
43	131	21.2662	-42.3947	34.9922	-0.977935
43	132	21.451	-42.3694	35.0748	-0.973163
43	133	21.6334	-42.3571	35.1677	-0.968677
43	134	21.7961	-42.3021	35.2148	-0.963986
43	135	21.9492	-42.1944	35.2142	-0.95867
43	136	22.0956	-42.0673	35.1949	-0.953191
43	137	22.2407	-41.9204	35.1597	-0.947407
43	138	22.3912	-41.7534	35.1127	-0.941149
43	139	22.5505	-41.5566	35.0483	-0.93417
43	140	22.7251	-41.3211	34.9638	-0.926148
43	141	22.8923	-41.0778	34.8709	-0.918124
43	142	23.0502	-40.8259	34.7678	-0.910118
43	143	23.1959	-40.5664	34.6534	-0.9022
43	144	23.3291	-40.3017	34.5293	-0.894422
43	145	23.4514	-40.0334	34.3976	-0.886766
43	146	23.5642	-39.7606	34.2585	-0.879184
43	147	23.6666	-39.4818	34.1101	-0.871659
43	148	23.7561	-39.197	33.9505	-0.864241
43	149	23.8309	-38.9084	33.7806	-0.85701
43	150	23.8925	-38.6189	33.6029	-0.849985
43	151	23.9433	-38.329	33.4194	-0.843116
43	152	23.9846	-38.0373	33.2298	-0.836349
44	0	-13.2151	-36.4349	27.4718	-2.14535
44	1	-13.1977	-36.2341	27.294	-2.14882
44	2	-13.1807	-36.0354	27.1184	-2.15229
44	3	-13.1708	-35.8359	26.9465	-2.15605
44	4	-13.1634	-35.638	26.7777	-2.15991
44	5	-13.1624	-35.4433	26.6154	-2.16394
44	6	-13.1651	-35.2486	26.4557	-2.16813
44	7	-13.1734	-35.0553	26.3008	-2.17253
44	8	-13.1847	-34.8639	26.1496	-2.17703
44	9	-13.1977	-34.6742	26.0015	-2.1816
44	10	-13.217	-34.4846	25.8575	-2.18641
44	11	-13.2407	-34.2952	25.7169	-2.19142
44	12	-13.2796	-34.1047	25.5849	-2.19699
44	13	-13.3312	-33.9135	25.4607	-2.20303
44	14	-13.4063	-33.7193	25.3491	-2.20995
44	15	-13.4996	-33.522	25.2471	-2.21757
44	16	-13.6066	-33.3406	25.1676	-2.22531
44	17	-13.7218	-33.1693	25.1026	-2.23311
44	18	-13.8481	-33.0076	25.0535	-2.24105
44	19	-13.9834	-32.8513	25.0158	-2.24917
44	20	-14.1259	-32.6992	24.9877	-2.25743
44	21	-14.2727	-32.5498	24.9662	-2.26577
44	22	-14.4239	-32.4043	24.9521	-2.27416
44	23	-14.5794	-32.2631	24.9458	-2.28258
44	24	-14.7381	-32.1272	24.9475	-2.29095
44	25	-14.8966	-31.9953	24.9537	-2.29921
44	26	-15.054	-31.8673	24.9638	-2.30733
44	27	-15.2118	-31.7419	24.9777	-2.31538
44	28	-15.3702	-31.6201	24.9963	-2.32335
44	29	-15.5277	-31.501	25.0177	-2.3312
44	30	-15.6893	-31.3869	25.0472	-2.33901
44	31	-15.8521	-31.2774	25.0823	-2.34671
44	32	-16.0157	-31.1745	25.1242	-2.35423
44	33	-16.1775	-31.0762	25.1694	-2.36154
44	34	-16.3396	-30.984	25.2204	-2.36866
44	35	-16.5002	-30.8939	25.2731	-2.37565
44	36	-16.6642	-30.8146	25.3369	-2.38239
44	37	-16.8281	-30.7325	25.3998	-2.38917
44	38	-17.004	-30.6736	25.4885	-2.39558
44	39	-17.1879	-30.6129	25.583	-2.4022
44	40	-17.3875	-30.5789	25.7081	-2.40841
44	41	-17.591	-30.5504	25.8407	-2.4145
44	42	-17.7936	-30.5508	25.9926	-2.41967
44	43	-17.9951	-30.5621	26.1516	-2.42444
44	44	-18.1968	-30.6004	26.329	-2.42837
44	45	-18.3996	-30.6481	26.5137	-2.43202
44	46	-18.5998	-30.7037	26.702	-2.43532
44	47	-18.7986	-30.7612	26.8907	-2.43849
44	48	-18.9973	-30.822	27.0817	-2.44152
44	49	-19.1959	-30.8844	27.2739	-2.44447
44	50	-19.3939	-30.9476	27.4664	-2.44733
44	51	-19.5917	-31.0132	27.6605	-2.45009
44	52	-19.7881	-31.0801	27.8546	-2.45273
44	53	-19.9823	-31.1473	28.0473	-2.45528
44	54	-20.1738	-31.2142	28.2379	-2.45775
44	55	-20.3622	-31.2807	28.4261	-2.46012
44	56	-20.5475	-31.3469	28.6117	-2.4624
44	57	-20.7336	-31.4158	28.7999	-2.4646
44	58	-20.92	-31.4868	28.9897	-2.46672
44	59	-21.1057	-31.5584	29.1795	-2.46878
44	60	-21.2894	-31.6303	29.3681	-2.47076
44	61	-21.4699	-31.7027	29.5545	-2.47264
44	62	-21.6469	-31.7742	29.7377	-2.47445
44	63	-21.8196	-31.8468	29.9184	-2.47611
44	64	-21.9882	-31.9208	30.0967	-2.47764
44	65	-22.1531	-31.9959	30.2729	-2.47904
44	66	-22.3183	-32.065	30.4457	-2.48059
44	67	-22.4673	-32.1583	30.6206	-2.48117
44	68	-22.6009	-32.2616	30.7895	-2.48118
44	69	-22.6898	-32.4283	30.962	-2.47869
44	70	-22.7839	-32.6035	31.1441	-2.47612
44	71	-22.8586	-32.8045	31.3271	-2.47254
44	72	-22.9373	-33.029	31.5284	-2.46851
44	73	-23.011	-33.2897	31.749	-2.46353
44	74	-23.0867	-33.5956	32.0004	-2.45757
44	75	-23.1537	-33.9039	32.2477	-2.45147
44	76	-23.2116	-34.216	32.4917	-2.4452
44	77	-23.257	-34.5326	32.7303	-2.43867
44	78	-23.2873	-34.8515	32.9603	-2.43188
44	79	-23.3034	-35.1694	33.1805	-2.42493
44	80	-23.3082	-35.4858	33.3928	-2.41788
44	81	-23.3029	-35.8025	33.5993	-2.41071
44	82	-23.2857	-36.1205	33.7998	-2.40337
44	83	-23.2544	-36.4387	33.9917	-2.39582
44	84	-23.2092	-36.7539	34.1734	-2.38815
44	85	-23.1531	-37.0652	34.3465	-2.38043
44	86	-23.0882	-37.3739	34.5135	-2.37265
44	87	-23.0136	-37.6819	34.6751	-2.36477
44	88	-22.9266	-37.9887	34.8293	-2.35674
44	89	-22.8261	-38.2918	34.9735	-2.34858
44	90	-22.7139	-38.589	35.1077	-2.34036
44	91	-22.5923	-38.881	35.234	-2.33211
44	92	-22.4613	-39.1694	35.3537	-2.3238
44	93	-22.319	-39.4544	35.4655	-2.31538
44	94	-22.164	-39.7334	35.567	-2.30686
44	95	-21.998	-40.0039	35.6572	-2.29832
44	96	-21.8479	-40.2252	35.7237	-2.29106
44	97	-21.7096	-40.4087	35.7712	-2.28477
44	98	-21.5788	-40.5641	35.8035	-2.27917
44	99	-21.4496	-40.6978	35.8214	-2.274
44	100	-21.315	-40.8125	35.8223	-2.26906
44	101	-21.1957	-40.9353	35.8401	-2.26431
44	102	-21.065	-41.0015	35.8077	-2.26032
44	103	-20.9117	-41.0237	35.7276	-2.25662
44	104	-20.7558	-41.0657	35.6617	-2.25249
44	105	-20.5925	-41.0965	35.5829	-2.24838
44	106	-20.4251	-41.1239	35.4996	-2.24422
44	107	-20.2554	-41.1488	35.4136	-2.24003
44	108	-20.0837	-41.1732	35.3265	-2.23579
44	109	-19.9096	-41.195	35.2366	-2.23152
44	110	-19.7328	-41.217	35.1458	-2.22717
44	111	-19.5544	-41.2344	35.051	-2.22283
44	112	-19.3742	-41.2504	34.9547	-2.21846
44	113	-19.1917	-41.262	34.8542	-2.21408
44	114	-19.0073	-41.2712	34.7513	-2.20968
44	115	-18.8212	-41.2772	34.6455	-2.20526
44	116	-18.6342	-41.2796	34.5369	-2.20086
44	117	-18.4469	-41.2804	34.4275	-2.19645
44	118	-18.2594	-41.2784	34.3164	-2.19205
44	119	-18.0715	-41.275	34.2046	-2.18765
44	120	-17.8827	-41.2692	34.091	-2.18323
44	121	-17.6923	-41.2613	33.9755	-2.17877
44	122	-17.4999	-41.2506	33.8571	-2.17429
44	123	-17.305	-41.2384	33.7368	-2.16974
44	124	-17.1103	-41.2211	33.6131	-2.16525
44	125	-16.9155	-41.2025	33.489	-2.16074
44	126	-16.7213	-41.1787	33.3614	-2.1563
44	127	-16.5273	-41.1541	33.2341	-2.15184
44	128	-16.3338	-41.1252	33.104	-2.14743
44	129	-16.1401	-41.0944	32.9729	-2.14302
44	130	-15.9462	-41.0589	32.8384	-2.13864
44	131	-15.7516	-41.0211	32.7022	-2.13425
44	132	-15.5579	-40.9753	32.5603	-2.12997
44	133	-15.3658	-40.923	32.4143	-2.1258
44	134	-15.1799	-40.8545	32.2584	-2.12202
44	135	-15.0048	-40.7674	32.0926	-2.1188
44	136	-14.8403	-40.6552	31.9113	-2.11623
44	137	-14.682	-40.5261	31.7189	-2.11407
44	138	-14.5291	-40.3752	31.5107	-2.11239
44	139	-14.3917	-40.2173	31.3046	-2.11123
44	140	-14.2702	-40.049	31.0977	-2.11067
44	141	-14.1622	-39.8686	30.8875	-2.11067
44	142	-14.0645	-39.6789	30.6746	-2.11112
44	143	-13.974	-39.4826	30.4597	-2.11188
44	144	-13.8895	-39.2814	30.2437	-2.11291
44	145	-13.8116	-39.0768	30.0283	-2.11421
44	146	-13.7401	-38.8708	29.8151	-2.11573
44	147	-13.6739	-38.6656	29.6052	-2.11741
44	148	-13.6118	-38.462	29.3991	-2.1192
44	149	-13.5544	-38.2583	29.1954	-2.12116
44	150	-13.5007	-38.0545	28.9937	-2.12326
44	151	-13.4503	-37.8512	28.7943	-2.12548
44	152	-13.4026	-37.649	28.5973	-2.12778
44	153	-13.3602	-37.4453	28.4021	-2.1303
44	154	-13.3221	-37.2424	28.2099	-2.13298
44	155	-13.289	-37.0416	28.0225	-2.1358
44	156	-13.26	-36.8394	27.8364	-2.13881
44	157	-13.2367	-36.6368	27.6532	-2.14204
48	0	22.5147	-44.9547	37.815	-0.988378
48	1	22.4415	-44.6647	37.5326	-0.985756
48	2	22.3581	-44.3769	37.2467	-0.983358
48	3	22.2623	-44.0913	36.956	-0.981233
48	4	22.1646	-43.8493	36.7005	-0.979778
48	5	22.0618	-43.643	36.472	-0.978967
48	6	21.9521	-43.4652	36.2632	-0.978742
48	7	21.8339	-43.309	36.0677	-0.979046
48	8	21.7041	-43.1704	35.8803	-0.979894
48	9	21.5423	-43.0893	35.7229	-0.982389
48	10	21.3463	-43.0641	35.5934	-0.986578
48	11	21.1424	-43.0587	35.4768	-0.991287
48	12	20.939	-43.0523	35.3605	-0.996002
48	13	20.7365	-43.0488	35.2479	-1.00077
48	14	20.5351	-43.0414	35.1334	-1.00548
48	15	20.3348	-43.0292	35.0161	-1.01013
48	16	20.1323	-43.022	34.9028	-1.01493
48	17	19.9289	-43.0146	34.7896	-1.01978
48	18	19.726	-43.0069	34.6771	-1.02465
48	19	19.5244	-43.0024	34.569	-1.02957
48	20	19.3246	-42.9952	34.4603	-1.03443
48	21	19.1264	-42.9846	34.3504	-1.03923
48	22	18.9288	-42.9762	34.2434	-1.04408
48	23	18.7319	-42.9646	34.1347	-1.0489
48	24	18.5359	-42.9476	34.0227	-1.05364
48	25	18.3417	-42.9283	33.9103	-1.05834
48	26	18.1499	-42.9124	33.8027	-1.06305
48	27	17.9618	-42.8931	33.6948	-1.06765
48	28	17.7725	-42.8697	33.5834	-1.07225
48	29	17.5821	-42.8417	33.4681	-1.07685
48	30	17.3903	-42.8095	33.3492	-1.08146
48	31	17.197	-42.7761	33.2291	-1.08612
48	32	17.0023	-42.7451	33.1114	-1.09089
48	33	16.8078	-42.7141	32.9945	-1.09568
48	34	16.6142	-42.6843	32.8798	-1.1005
48	35	16.422	-42.6547	32.7666	-1.10532
48	36	16.2305	-42.6272	32.6565	-1.11018
48	37	16.0414	-42.5999	32.5484	-1.11502
48	38	15.8533	-42.5738	32.4426	-1.11987
48	39	15.6656	-42.5493	32.3391	-1.12476
48	40	15.4773	-42.5296	32.2405	-1.12977
48	41	15.2888	-42.5163	32.1484	-1.13489
48	42	15.1013	-42.5141	32.0678	-1.14016
48	43	14.9149	-42.5348	32.0092	-1.14573
48	44	14.728	-42.5889	31.982	-1.15175
48	45	14.5398	-42.6669	31.9773	-1.15812
48	46	14.3475	-42.7703	31.9957	-1.16492
48	47	14.1687	-42.8879	32.0338	-1.1715
48	48	14.0029	-43.0185	32.0903	-1.17784
48	49	13.8464	-43.1616	32.1632	-1.18404
48	50	13.6968	-43.3139	32.2484	-1.19011
48	51	13.5561	-43.4759	32.3471	-1.19601
48	52	13.4268	-43.6488	32.4612	-1.20167
48	53	13.3144	-43.8337	32.5935	-1.20694
48	54	13.2213	-44.0337	32.7477	-1.21176
48	55	13.1491	-44.2474	32.9228	-1.2161
48	56	13.1015	-44.4558	33.1018	-1.21963
48	57	13.0742	-44.6609	33.2851	-1.22252
48	58	13.0617	-44.8641	33.472	-1.22494
48	59	13.058	-45.067	33.6617	-1.22709
48	60	13.0598	-45.2707	33.8542	-1.22907
48	61	13.0655	-45.4764	34.0499	-1.23094
48	62	13.0742	-45.6845	34.2491	-1.23272
48	63	13.0861	-45.8949	34.4515	-1.23442
48	64	13.1024	-46.1051	34.6554	-1.23598
48	65	13.1222	-46.3147	34.8599	-1.23742
48	66	13.1442	-46.5237	35.0646	-1.23878
48	67	13.1673	-46.7327	35.2697	-1.24009
48	68	13.1916	-46.9425	35.4762	-1.24136
48	69	13.218	-47.154	35.6848	-1.24258
48	70	13.2479	-47.3667	35.8959	-1.2437
48	71	13.2823	-47.5797	36.1086	-1.24469
48	72	13.321	-47.7914	36.3216	-1.24555
48	73	13.3629	-48.001	36.5336	-1.2463
48	74	13.4066	-48.2087	36.7444	-1.24697
48	75	13.4512	-48.4155	36.9546	-1.24761
48	76	13.4971	-48.6223	37.1653	-1.24821
48	77	13.5449	-48.8299	37.3773	-1.24875
48	78	13.5957	-49.0376	37.5904	-1.24922
48	79	13.6496	-49.2445	37.8038	-1.2496
48	80	13.706	-49.4495	38.0161	-1.24989
48	81	13.7639	-49.6524	38.2268	-1.25013
48	82	13.8224	-49.8533	38.436	-1.25033
48	83	13.8818	-50.053	38.6442	-1.2505
48	84	13.9428	-50.2516	38.8519	-1.25062
48	85	14.006	-50.4486	39.0589	-1.25067
48	86	14.0711	-50.6479	39.2685	-1.2507
48	87	14.1375	-50.8481	39.4794	-1.25069
48	88	14.205	-51.0483	39.6907	-1.25067
48	89	14.2731	-51.2486	39.9022	-1.25063
48	90	14.342	-51.4494	40.1145	-1.25057
48	91	14.4127	-51.6513	40.3285	-1.25048
48	92	14.4868	-51.8545	40.5446	-1.25033
48	93	14.5658	-52.0578	40.7625	-1.25006
48	94	14.6511	-52.2599	40.9811	-1.24964
48	95	14.745	-52.4585	41.1992	-1.249
48	96	14.8785	-52.6067	41.3821	-1.24707
48	97	15.0551	-52.706	41.5327	-1.2438
48	98	15.2439	-52.7845	41.6679	-1.24011
48	99	15.4457	-52.847	41.7929	-1.23603
48	100	15.6664	-52.8939	41.9102	-1.23143
48	101	15.9141	-52.9257	42.0232	-1.22612
48	102	16.1992	-52.9434	42.137	-1.21989
48	103	16.4872	-52.9496	42.2427	-1.21354
48	104	16.7779	-52.9416	42.3378	-1.20704
48	105	17.069	-52.9166	42.4189	-1.20042
48	106	17.3569	-52.8751	42.4854	-1.19375
48	107	17.6407	-52.8205	42.5401	-1.18708
48	108	17.9214	-52.7553	42.5856	-1.18039
48	109	18.2007	-52.6786	42.6219	-1.17364
48	110	18.4779	-52.5878	42.6464	-1.16683
48	111	18.7504	-52.4813	42.6566	-1.15997
48	112	19.0155	-52.3612	42.6533	-1.15315
48	113	19.2735	-52.2308	42.6398	-1.14638
48	114	19.5266	-52.0918	42.6183	-1.13962
48	115	19.7759	-51.9429	42.5882	-1.13284
48	116	20.0204	-51.7809	42.5462	-1.12602
48	117	20.2564	-51.604	42.489	-1.11922
48	118	20.4811	-51.4143	42.4174	-1.1125
48	119	20.695	-51.2156	42.3347	-1.10589
48	120	20.9005	-51.0094	42.2435	-1.09936
48	121	21.0988	-50.7945	42.1429	-1.09285
48	122	21.2882	-50.5685	42.0303	-1.08637
48	123	21.4659	-50.3318	41.9044	-1.07999
48	124	21.6303	-50.0873	41.767	-1.07376
48	125	21.7832	-49.8374	41.621	-1.06767
48	126	21.9266	-49.5824	41.4675	-1.06167
48	127	22.0609	-49.3206	41.3051	-1.05574
48	128	22.1841	-49.0506	41.1315	-1.0499
48	129	22.2932	-48.7736	40.9463	-1.04422
48	130	22.388	-48.4928	40.7518	-1.03875
48	131	22.4708	-48.21	40.5506	-1.03345
48	132	22.5437	-47.9245	40.3432	-1.02828
48	133	22.606	-47.634	40.1271	-1.02321
48	134	22.6544	-47.3373	39.8994	-1.01831
48	135	22.6851	-47.0365	39.66	-1.01367
48	136	22.6983	-46.7361	39.4123	-1.00935
48	137	22.6974	-46.4379	39.1597	-1.00532
48	138	22.6855	-46.141	38.9029	-1.00149
48	139	22.6626	-45.8434	38.6403	-0.997833
48	140	22.627	-45.5452	38.3705	-0.9944
48	141	22.5773	-45.2482	38.0946	-0.991245
49	0	-13.861	-46.4079	36.5217	-2.01139
49	1	-13.8207	-46.2134	36.3287	-2.01267
49	2	-13.7839	-46.0181	36.1364	-2.01406
49	3	-13.748	-45.8212	35.9431	-2.01551
49	4	-13.7123	-45.6232	35.7491	-2.01699
49	5	-13.6766	-45.4241	35.5541	-2.0185
49	6	-13.641	-45.2233	35.3578	-2.02006
49	7	-13.6066	-45.0201	35.1598	-2.02168
49	8	-13.5745	-44.8142	34.9606	-2.02342
49	9	-13.5461	-44.6063	34.7612	-2.0253
49	10	-13.5212	-44.3974	34.5627	-2.02731
49	11	-13.5013	-44.1885	34.3665	-2.02947
49	12	-13.49	-43.9809	34.1754	-2.03186
49	13	-13.491	-43.7747	33.9914	-2.03459
49	14	-13.5065	-43.5677	33.8134	-2.03774
49	15	-13.5379	-43.3583	33.6407	-2.04137
49	16	-13.589	-43.1423	33.4716	-2.04566
49	17	-13.6562	-42.937	33.3202	-2.05027
49	18	-13.7476	-42.743	33.1906	-2.05541
49	19	-13.8573	-42.5596	33.08	-2.06093
49	20	-13.9814	-42.3854	32.9852	-2.06673
49	21	-14.1193	-42.2235	32.9091	-2.07276
49	22	-14.2736	-42.0786	32.857	-2.079
49	23	-14.4429	-41.9508	32.8283	-2.0854
49	24	-14.6098	-41.8519	32.8249	-2.09131
49	25	-14.7764	-41.7865	32.8515	-2.0967
49	26	-14.9422	-41.7554	32.9083	-2.10153
49	27	-15.1076	-41.7463	32.9845	-2.10599
49	28	-15.2725	-41.7471	33.0696	-2.11027
49	29	-15.4374	-41.7527	33.1593	-2.11445
49	30	-15.6032	-41.7603	33.2519	-2.1186
49	31	-15.7705	-41.7688	33.3466	-2.12275
49	32	-15.9395	-41.7778	33.4432	-2.12691
49	33	-16.1103	-41.7872	33.5416	-2.13109
49	34	-16.2824	-41.7967	33.6414	-2.13527
49	35	-16.4552	-41.8067	33.7425	-2.13944
49	36	-16.6278	-41.8196	33.8467	-2.14353
49	37	-16.8022	-41.832	33.9519	-2.14765
49	38	-16.9786	-41.8402	34.0553	-2.15186
49	39	-17.1573	-41.8437	34.1566	-2.15618
49	40	-17.3385	-41.8454	34.2585	-2.16056
49	41	-17.522	-41.8512	34.3657	-2.1649
49	42	-17.7072	-41.8557	34.4734	-2.16928
49	43	-17.8935	-41.8587	34.5811	-2.17368
49	44	-18.0798	-41.8648	34.6922	-2.17801
49	45	-18.2659	-41.8673	34.8008	-2.18236
49	46	-18.452	-41.8657	34.9066	-2.18675
49	47	-18.6385	-41.8661	35.015	-2.19109
49	48	-18.8258	-41.8622	35.1211	-2.19549
49	49	-19.0144	-41.8545	35.2255	-2.19996
49	50	-19.2043	-41.8497	35.3337	-2.20439
49	51	-19.3947	-41.8437	35.4419	-2.20882
49	52	-19.5847	-41.8373	35.5502	-2.21322
49	53	-19.7754	-41.8326	35.6612	-2.21758
49	54	-19.9662	-41.8236	35.7693	-2.22199
49	55	-20.1575	-41.8056	35.8712	-2.22653
49	56	-20.3492	-41.7783	35.9669	-2.23122
49	57	-20.542	-41.745	36.0593	-2.23601
49	58	-20.737	-41.7145	36.156	-2.24077
49	59	-20.9299	-41.7138	36.2756	-2.24495
49	60	-21.0796	-41.7632	36.4078	-2.24732
49	61	-21.2052	-41.8667	36.5671	-2.24823
49	62	-21.3111	-41.9969	36.735	-2.24825
49	63	-21.4041	-42.1471	36.9102	-2.24766
49	64	-21.4889	-42.3197	37.098	-2.24653
49	65	-21.5685	-42.5209	37.3048	-2.24482
49	66	-21.6444	-42.7584	37.5378	-2.24245
49	67	-21.7183	-43.0403	37.8047	-2.23934
49	68	-21.7796	-43.3236	38.0652	-2.23599
49	69	-21.8305	-43.6069	38.3198	-2.23248
49	70	-21.8722	-43.8911	38.5698	-2.2288
49	71	-21.904	-44.1772	38.816	-2.22494
49	72	-21.9234	-44.4656	39.0569	-2.22084
49	73	-21.929	-44.7539	39.2902	-2.21652
49	74	-21.9217	-45.0396	39.5144	-2.21202
49	75	-21.9046	-45.3218	39.7307	-2.20742
49	76	-21.8797	-45.6015	39.9413	-2.20276
49	77	-21.8472	-45.8804	40.1476	-2.198
49	78	-21.805	-46.1597	40.3494	-2.19309
49	79	-21.7498	-46.4385	40.5444	-2.18798
49	80	-21.6797	-46.7143	40.7292	-2.18266
49	81	-21.5956	-46.9838	40.9022	-2.17719
49	82	-21.5007	-47.2464	41.0645	-2.17164
49	83	-21.3969	-47.5035	41.2185	-2.16604
49	84	-21.2842	-47.7565	41.3655	-2.16035
49	85	-21.1605	-48.0057	41.5046	-2.15454
49	86	-21.0242	-48.2492	41.6334	-2.14859
49	87	-20.8757	-48.4843	41.7499	-2.14253
49	88	-20.7174	-48.7097	41.8546	-2.13644
49	89	-20.552	-48.9264	41.9497	-2.13034
49	90	-20.3799	-49.1361	42.0368	-2.12422
49	91	-20.2015	-49.3405	42.1178	-2.11807
49	92	-20.0143	-49.5385	42.1903	-2.11184
49	93	-19.8174	-49.7277	42.2518	-2.10553
49	94	-19.6117	-49.9059	42.3012	-2.0992
49	95	-19.3997	-50.0731	42.3396	-2.09289
49	96	-19.1831	-50.2311	42.3693	-2.0866
49	97	-18.9619	-50.3813	42.3917	-2.08031
49	98	-18.7347	-50.5236	42.4059	-2.074
49	99	-18.5001	-50.656	42.4097	-2.06764
49	100	-18.2585	-50.776	42.4008	-2.06129
49	101	-18.0119	-50.8823	42.3794	-2.05497
49	102	-17.7628	-50.9763	42.3475	-2.04873
49	103	-17.512	-51.0602	42.3074	-2.04256
49	104	-17.2591	-51.1352	42.26	-2.03642
49	105	-17.0032	-51.2008	42.2045	-2.0303
49	106	-16.7445	-51.2553	42.1394	-2.02423
49	107	-16.5207	-51.2893	42.0725	-2.01909
49	108	-16.3242	-51.304	42.0009	-2.01472
49	109	-16.148	-51.3008	41.9227	-2.01096
49	110	-15.9864	-51.2813	41.8364	-2.00767
49	111	-15.8354	-51.2463	41.741	-2.00474
49	112	-15.6942	-51.1888	41.6296	-2.00225
49	113	-15.5874	-51.0866	41.4922	-2.00094
49	114	-15.507	-50.9397	41.3251	-2.00065
49	115	-15.4284	-50.7902	41.1564	-2.00043
49	116	-15.3493	-50.6387	40.9858	-2.00022
49	117	-15.2699	-50.4853	40.8133	-2.00001
49	118	-15.1903	-50.33	40.6389	-1.99982
49	119	-15.1107	-50.1726	40.4627	-1.99965
49	120	-15.0313	-50.0127	40.2842	-1.99951
49	121	-14.9527	-49.8498	40.1034	-1.99941
49	122	-14.8755	-49.6836	39.9201	-1.99938
49	123	-14.8004	-49.5141	39.7347	-1.99944
49	124	-14.728	-49.3417	39.5479	-1.99958
49	125	-14.6586	-49.1673	39.3604	-1.99982
49	126	-14.592	-48.9917	39.173	-2.00014
49	127	-14.5275	-48.8152	38.9857	-2.00052
49	128	-14.4649	-48.6379	38.7984	-2.00096
49	129	-14.4039	-48.4594	38.6107	-2.00145
49	130	-14.3452	-48.2793	38.4226	-2.00202
49	131	-14.2897	-48.0975	38.2343	-2.00269
49	132	-14.2381	-47.9149	38.0469	-2.00347
49	133	-14.188	-47.7295	37.8575	-2.00432
49	134	-14.139	-47.5428	37.6675	-2.00522
49	135	-14.0911	-47.3555	37.4775	-2.00616
49	136	-14.0438	-47.1681	37.2877	-2.00713
49	137	-13.9968	-46.9803	37.0976	-2.00813
49	138	-13.9502	-46.7914	36.9067	-2.00915
49	139	-13.9045	-46.6007	36.7147	-2.01023
