# CellID	NodeIndex	X	Y	R	Theta
8	0	50.5472	-4.6366	50.9525	0.199294
8	1	50.671	-4.41155	51.1187	0.20313
8	2	50.781	-4.1783	51.2739	0.207153
8	3	50.8763	-3.93914	51.4169	0.211323
8	4	50.9581	-3.69623	51.5482	0.215598
8	5	51.0281	-3.45034	51.6697	0.219957
8	6	51.0873	-3.20098	51.7824	0.224407
8	7	51.1355	-2.94715	51.8864	0.22897
8	8	51.1707	-2.68852	51.98	0.233661
8	9	51.1912	-2.42625	52.0612	0.238471
8	10	51.1965	-2.16262	52.1293	0.243361
8	11	51.188	-1.89942	52.1851	0.248296
8	12	51.1676	-1.63695	52.2305	0.253263
8	13	51.1364	-1.37431	52.2668	0.258277
8	14	51.0937	-1.11058	52.2935	0.263361
8	15	51.0376	-0.845906	52.3089	0.268526
8	16	50.9664	-0.582052	52.311	0.27375
8	17	50.8806	-0.321405	52.2996	0.278992
8	18	50.7823	-0.0650872	52.2764	0.284224
8	19	50.6733	0.18762	52.2433	0.289452
8	20	50.5537	0.438118	52.2009	0.294705
8	21	50.4214	0.686874	52.1473	0.300006
8	22	50.2738	0.932211	52.0795	0.305344
8	23	50.1102	1.17064	51.9959	0.310664
8	24	49.9331	1.39965	51.898	0.315908
8	25	49.7461	1.61989	51.7894	0.321072
8	26	49.5505	1.83367	51.6719	0.326193
8	27	49.3452	2.04241	51.545	0.331305
8	28	49.1282	2.24515	51.4064	0.336408
8	29	48.8988	2.43902	51.2545	0.341456
8	30	48.6593	2.62195	51.0907	0.346399
8	31	48.4124	2.79483	50.9178	0.351239
8	32	48.1589	2.96001	50.7372	0.356015
8	33	47.8972	3.11837	50.5477	0.360756
8	34	47.6254	3.26813	50.3468	0.365444
8	35	47.3441	3.40619	50.1339	0.370021
8	36	47.0563	3.53169	49.9115	0.374451
8	37	46.7639	3.64679	49.6819	0.37876
8	38	46.4659	3.75339	49.4448	0.382992
8	39	46.1597	3.85035	49.1975	0.387146
8	40	45.8452	3.93382	48.9382	0.391151
8	41	45.5261	4.00046	48.6689	0.394917
8	42	45.2473	4.03778	48.4262	0.397843
8	43	44.9984	4.05228	48.2024	0.400122
8	44	44.7692	4.04909	47.9902	0.40192
8	45	44.5517	4.03017	47.7826	0.403337
8	46	44.3411	3.99108	47.5737	0.404318
8	47	44.1513	3.91397	47.3689	0.404398
8	48	43.9733	3.79816	47.1596	0.403626
8	49	43.8025	3.66852	46.9517	0.402515
8	50	43.6364	3.53348	46.746	0.401249
8	51	43.4754	3.3941	46.5433	0.399843
8	52	43.32	3.25219	46.345	0.398328
8	53	43.1693	3.11015	46.1511	0.396758
8	54	43.0229	2.96867	45.9615	0.39515
8	55	42.8793	2.82498	45.7737	0.39346
8	56	42.7391	2.67899	45.5883	0.391682
8	57	42.6028	2.53097	45.4059	0.389814
8	58	42.4702	2.37646	45.2246	0.387768
8	59	42.3437	2.21614	45.047	0.385535
8	60	42.2225	2.05374	44.8737	0.383198
8	61	42.1088	1.88975	44.7071	0.380747
8	62	41.9984	1.72837	44.5448	0.378304
8	63	41.8934	1.56237	44.386	0.375702
8	64	41.79	1.3947	44.2285	0.373034
8	65	41.6914	1.22366	44.0745	0.370235
8	66	41.5947	1.0512	43.9221	0.367371
8	67	41.5036	0.876166	43.7744	0.364387
8	68	41.4146	0.701938	43.6294	0.361383
8	69	41.3347	0.52193	43.4912	0.358161
8	70	41.2582	0.341553	43.3566	0.354883
8	71	41.1932	0.159802	43.2327	0.351463
8	72	41.13	-0.0185374	43.1123	0.348084
8	73	41.0762	-0.195931	43.0015	0.344633
8	74	41.0253	-0.373126	42.8939	0.341146
8	75	40.9813	-0.55179	42.793	0.337555
8	76	40.9417	-0.732261	42.6961	0.333874
8	77	40.918	-0.91715	42.6134	0.329957
8	78	40.9073	-1.10766	42.542	0.325802
8	79	40.925	-1.30791	42.4951	0.321204
8	80	40.958	-1.51728	42.4608	0.31628
8	81	41.0136	-1.71731	42.452	0.311394
8	82	41.0849	-1.90994	42.4613	0.306562
8	83	41.1769	-2.09512	42.4936	0.301754
8	84	41.2801	-2.27623	42.5388	0.296968
8	85	41.3926	-2.45313	42.5951	0.292223
8	86	41.5087	-2.6288	42.6562	0.287495
8	87	41.6275	-2.80396	42.7209	0.282775
8	88	41.7469	-2.9798	42.7869	0.27805
8	89	41.8695	-3.15591	42.857	0.273313
8	90	41.9944	-3.33164	42.9303	0.268587
8	91	42.1207	-3.50556	43.0064	0.263908
8	92	42.2456	-3.67826	43.0824	0.259282
8	93	42.3702	-3.84862	43.1596	0.254727
8	94	42.4964	-4.01578	43.24	0.250251
8	95	42.6231	-4.18108	43.3223	0.245829
8	96	42.7493	-4.34548	43.4051	0.241448
8	97	42.8755	-4.50754	43.4893	0.237136
8	98	43.0003	-4.66626	43.5737	0.232922
8	99	43.1278	-4.82423	43.6616	0.228728
8	100	43.2567	-4.98092	43.7521	0.224572
8	101	43.3867	-5.13635	43.8446	0.220455
8	102	43.5167	-5.29157	43.9379	0.216361
8	103	43.6478	-5.44628	44.0331	0.21229
8	104	43.7795	-5.60127	44.1295	0.208228
8	105	43.9133	-5.75474	44.229	0.204208
8	106	44.0474	-5.90675	44.3298	0.200237
8	107	44.1825	-6.05441	44.4332	0.196375
8	108	44.3161	-6.19784	44.5366	0.192631
8	109	44.4491	-6.33501	44.6412	0.189045
8	110	44.5805	-6.46677	44.7457	0.185601
8	111	44.7114	-6.59254	44.8514	0.182306
8	112	44.8435	-6.70902	44.9604	0.179226
8	113	44.9656	-6.83085	45.059	0.176082
8	114	45.0993	-6.91165	45.1766	0.173803
8	115	45.2542	-6.95772	45.3213	0.172211
8	116	45.4108	-7.01447	45.4659	0.170391
8	117	45.5821	-7.05608	45.6278	0.168855
8	118	45.7729	-7.08402	45.8112	0.167554
8	119	45.9895	-7.0981	46.0224	0.166468
8	120	46.2394	-7.09744	46.269	0.165587
8	121	46.509	-7.08264	46.5374	0.164946
8	122	46.7748	-7.05675	46.8038	0.164559
8	123	47.0374	-7.02104	47.0687	0.164394
8	124	47.2977	-6.97506	47.333	0.164452
8	125	47.5562	-6.91692	47.5975	0.164768
8	126	47.8116	-6.84428	47.8614	0.16539
8	127	48.0613	-6.75625	48.1222	0.166339
8	128	48.303	-6.65425	48.3775	0.167592
8	129	48.5361	-6.54085	48.6263	0.169091
8	130	48.7617	-6.4179	48.8695	0.170794
8	131	48.981	-6.2856	49.1082	0.17269
8	132	49.1942	-6.14272	49.3429	0.1748
8	133	49.4001	-5.9877	49.5727	0.177158
8	134	49.5961	-5.82015	49.7953	0.179776
8	135	49.7805	-5.64156	50.0089	0.18263
8	136	49.9529	-5.45434	50.2127	0.185673
8	137	50.1148	-5.26032	50.4079	0.188863
8	138	50.2677	-5.05998	50.5959	0.192185
8	139	50.4121	-4.85251	50.7776	0.195653
9	0	-39.5968	2.31467	43.6619	2.7407
9	1	-39.6673	2.48374	43.793	2.73777
9	2	-39.7432	2.64924	43.928	2.73499
9	3	-39.8193	2.81137	44.0622	2.73229
9	4	-39.899	2.97177	44.1993	2.72968
9	5	-39.9797	3.13001	44.3367	2.72714
9	6	-40.0596	3.28577	44.4727	2.72466
9	7	-40.1427	3.44196	44.6121	2.72221
9	8	-40.228	3.59725	44.7534	2.71981
9	9	-40.3157	3.7494	44.8958	2.71752
9	10	-40.4075	3.90235	45.0425	2.71527
9	11	-40.5029	4.05333	45.1919	2.7131
9	12	-40.5981	4.2021	45.3404	2.71099
9	13	-40.6923	4.34722	45.4867	2.70895
9	14	-40.7894	4.49181	45.6356	2.70697
9	15	-40.8873	4.63508	45.7848	2.70503
9	16	-40.9873	4.77449	45.9344	2.7032
9	17	-41.0921	4.91413	46.0886	2.70142
9	18	-41.2008	5.05164	46.2456	2.69973
9	19	-41.3132	5.18401	46.4039	2.69819
9	20	-41.4247	5.3127	46.5599	2.69672
9	21	-41.5368	5.43423	46.7134	2.6954
9	22	-41.6491	5.55034	46.8648	2.6942
9	23	-41.7652	5.65504	47.0148	2.69326
9	24	-41.8682	5.76528	47.1555	2.6921
9	25	-41.992	5.8383	47.2987	2.69185
9	26	-42.1468	5.87886	47.4557	2.6925
9	27	-42.3071	5.93339	47.6239	2.69293
9	28	-42.4876	5.97525	47.8046	2.69378
9	29	-42.6921	6.00674	48.0026	2.69503
9	30	-42.9294	6.02644	48.2252	2.69679
9	31	-43.205	6.02884	48.4752	2.69919
9	32	-43.5285	6.00932	48.7595	2.70239
9	33	-43.8477	5.97367	49.0335	2.70582
9	34	-44.1608	5.92605	49.2975	2.70937
9	35	-44.4695	5.86882	49.5543	2.71303
9	36	-44.7758	5.80088	49.8049	2.71683
9	37	-45.0787	5.7194	50.0477	2.72081
9	38	-45.375	5.62374	50.2795	2.72495
9	39	-45.6628	5.51654	50.4998	2.7292
9	40	-45.9433	5.40026	50.7106	2.73352
9	41	-46.2183	5.2746	50.9137	2.73792
9	42	-46.4878	5.1371	51.1081	2.74247
9	43	-46.7491	4.98625	51.2907	2.74716
9	44	-46.9993	4.82381	51.4599	2.75194
9	45	-47.2384	4.65292	51.6168	2.75676
9	46	-47.4685	4.475	51.7638	2.76162
9	47	-47.6906	4.28919	51.9018	2.76653
9	48	-47.9037	4.09406	52.0293	2.77152
9	49	-48.1057	3.88979	52.1444	2.77657
9	50	-48.2953	3.67844	52.2468	2.78165
9	51	-48.4736	3.4619	52.3381	2.78672
9	52	-48.642	3.24038	52.4196	2.7918
9	53	-48.8006	3.01281	52.4913	2.79691
9	54	-48.9479	2.77835	52.5514	2.80205
9	55	-49.0821	2.53783	52.5985	2.80721
9	56	-49.2025	2.29338	52.6327	2.81235
9	57	-49.3104	2.04655	52.6558	2.81745
9	58	-49.4073	1.79733	52.6689	2.82252
9	59	-49.4931	1.54459	52.6717	2.82759
9	60	-49.5661	1.28744	52.6624	2.83266
9	61	-49.6239	1.02665	52.6389	2.83772
9	62	-49.6655	0.76468	52.6008	2.84271
9	63	-49.6919	0.50394	52.55	2.8476
9	64	-49.7055	0.245246	52.4886	2.85239
9	65	-49.7077	-0.0120172	52.4179	2.8571
9	66	-49.6984	-0.268815	52.3375	2.86176
9	67	-49.6761	-0.525339	52.2458	2.86636
9	68	-49.6394	-0.780396	52.1416	2.87088
9	69	-49.5879	-1.03192	52.0252	2.87527
9	70	-49.523	-1.27837	51.8983	2.87953
9	71	-49.4465	-1.51957	51.7623	2.88364
9	72	-49.3593	-1.75629	51.6181	2.88765
9	73	-49.2609	-1.9892	51.4647	2.89155
9	74	-49.1498	-2.21792	51.3008	2.89533
9	75	-49.0248	-2.44074	51.1255	2.89896
9	76	-48.8862	-2.65545	50.9397	2.9024
9	77	-48.736	-2.86078	50.7454	2.90563
9	78	-48.5762	-3.05703	50.5444	2.90867
9	79	-48.4077	-3.24536	50.3373	2.91153
9	80	-48.2303	-3.42653	50.1234	2.91425
9	81	-48.0428	-3.60008	49.9017	2.91679
9	82	-47.8443	-3.7643	49.6718	2.91912
9	83	-47.6358	-3.91728	49.4347	2.92121
9	84	-47.419	-4.05826	49.1925	2.92304
9	85	-47.1959	-4.18806	48.9465	2.92464
9	86	-46.9666	-4.30801	48.6969	2.92603
9	87	-46.7304	-4.41852	48.4425	2.92722
9	88	-46.4857	-4.51828	48.1822	2.92816
9	89	-46.2323	-4.60461	47.9163	2.9288
9	90	-45.972	-4.67521	47.647	2.9291
9	91	-45.7081	-4.73016	47.3774	2.92905
9	92	-45.4426	-4.77169	47.1091	2.92873
9	93	-45.1757	-4.80127	46.8421	2.92814
9	94	-44.9426	-4.81244	46.6118	2.92732
9	95	-44.7333	-4.80674	46.4086	2.92624
9	96	-44.54	-4.78516	46.2245	2.92489
9	97	-44.3589	-4.74861	46.0554	2.92327
9	98	-44.1858	-4.69542	45.8981	2.92132
9	99	-44.011	-4.65063	45.7374	2.91953
9	100	-43.847	-4.56154	45.5972	2.91683
9	101	-43.6888	-4.41977	45.4749	2.91302
9	102	-43.5253	-4.28472	45.3466	2.9093
9	103	-43.3676	-4.14595	45.2253	2.90551
9	104	-43.2141	-4.00617	45.1091	2.9017
9	105	-43.0619	-3.86838	44.9944	2.89792
9	106	-42.9092	-3.73288	44.8792	2.89417
9	107	-42.7595	-3.59307	44.7686	2.89032
9	108	-42.6117	-3.45169	44.6609	2.88643
9	109	-42.4661	-3.31026	44.5561	2.88254
9	110	-42.3215	-3.17177	44.4521	2.87869
9	111	-42.1809	-3.03386	44.3525	2.87487
9	112	-42.042	-2.89866	44.2545	2.87109
9	113	-41.9045	-2.76648	44.1576	2.86738
9	114	-41.7682	-2.62974	44.0637	2.86355
9	115	-41.6308	-2.49173	43.9698	2.85968
9	116	-41.494	-2.35247	43.8775	2.85576
9	117	-41.358	-2.21336	43.7866	2.85184
9	118	-41.2239	-2.07454	43.698	2.84791
9	119	-41.0935	-1.93439	43.6141	2.84397
9	120	-40.966	-1.79356	43.5339	2.84002
9	121	-40.8382	-1.655	43.4534	2.8361
9	122	-40.7135	-1.51633	43.3764	2.83219
9	123	-40.5925	-1.37836	43.3035	2.8283
9	124	-40.4727	-1.23797	43.2332	2.82436
9	125	-40.3546	-1.09732	43.1652	2.82041
9	126	-40.2393	-0.957496	43.1002	2.81649
9	127	-40.1274	-0.818972	43.0388	2.81261
9	128	-40.0194	-0.681995	42.9812	2.80878
9	129	-39.9164	-0.545831	42.9286	2.805
9	130	-39.8193	-0.40972	42.8822	2.80126
9	131	-39.7269	-0.274294	42.8406	2.79756
9	132	-39.6406	-0.136675	42.806	2.79385
9	133	-39.5619	0.00354808	42.7801	2.79014
9	134	-39.4911	0.14617	42.7631	2.78644
9	135	-39.4222	0.288951	42.7484	2.78275
9	136	-39.3687	0.438842	42.7513	2.77902
9	137	-39.3284	0.596155	42.7697	2.77525
9	138	-39.302	0.765252	42.8059	2.77134
9	139	-39.2864	0.945278	42.8569	2.7673
9	140	-39.2871	1.11985	42.9216	2.76351
9	141	-39.2956	1.29207	42.9935	2.75987
9	142	-39.3254	1.46184	43.0846	2.75647
9	143	-39.3629	1.63315	43.1839	2.75312
9	144	-39.4121	1.80416	43.2945	2.74989
9	145	-39.4687	1.97483	43.4121	2.74675
9	146	-39.5295	2.1452	43.534	2.74368
17	0	44.4502	-8.4377	44.2952	0.142399
17	1	44.4694	-8.1909	44.35	0.147846
17	2	44.4687	-7.96616	44.383	0.152857
17	3	44.4494	-7.75496	44.3965	0.157625
17	4	44.4106	-7.55131	44.3906	0.162293
17	5	44.3797	-7.34673	44.3937	0.166953
17	6	44.2903	-7.15044	44.3387	0.171654
17	7	44.1458	-6.95803	44.2296	0.176498
17	8	44.0057	-6.76171	44.1267	0.181436
17	9	43.8614	-6.57119	44.0197	0.186284
17	10	43.7176	-6.38478	43.9134	0.191062
17	11	43.5737	-6.20214	43.8073	0.195779
17	12	43.4301	-6.02154	43.7021	0.200472
17	13	43.2886	-5.84031	43.6	0.205192
17	14	43.1468	-5.6605	43.4983	0.209903
17	15	43.0051	-5.48261	43.3972	0.214592
17	16	42.8621	-5.30847	43.2951	0.219226
17	17	42.7235	-5.13292	43.1984	0.22389
17	18	42.5869	-4.95573	43.1051	0.228602
17	19	42.4477	-4.77926	43.0099	0.233331
17	20	42.3087	-4.60092	42.9164	0.238123
17	21	42.168	-4.42286	42.8222	0.242939
17	22	42.0276	-4.248	42.7284	0.247702
17	23	41.8877	-4.07579	42.6355	0.252422
17	24	41.7518	-3.90616	42.5468	0.257081
17	25	41.6169	-3.73962	42.4591	0.261682
17	26	41.4819	-3.57551	42.3716	0.266247
17	27	41.3462	-3.41352	42.2837	0.270788
17	28	41.2096	-3.25447	42.1951	0.275286
17	29	41.0721	-3.09975	42.1052	0.27971
17	30	40.9324	-2.95178	42.0122	0.284013
17	31	40.7954	-2.80875	41.9211	0.288204
17	32	40.6557	-2.67429	41.8257	0.292235
17	33	40.5175	-2.54124	41.7321	0.296242
17	34	40.371	-2.41817	41.6282	0.300098
17	35	40.2194	-2.29776	41.5192	0.303948
17	36	40.0487	-2.19325	41.388	0.307591
17	37	39.862	-2.098	41.2391	0.311163
17	38	39.6552	-2.0196	41.0665	0.314522
17	39	39.449	-1.95969	40.8891	0.317476
17	40	39.2413	-1.91859	40.7047	0.320028
17	41	39.0329	-1.89149	40.5156	0.322281
17	42	38.8223	-1.87841	40.32	0.324243
17	43	38.6103	-1.87408	40.1205	0.326028
17	44	38.397	-1.87817	39.9172	0.327643
17	45	38.1827	-1.89003	39.7105	0.329097
17	46	37.9684	-1.91131	39.5008	0.330341
17	47	37.7552	-1.94148	39.2895	0.331374
17	48	37.545	-1.98081	39.0779	0.332172
17	49	37.3386	-2.02792	38.8674	0.332758
17	50	37.136	-2.08355	38.6578	0.33311
17	51	36.9371	-2.14878	38.4485	0.333198
17	52	36.7428	-2.22801	38.2389	0.332903
17	53	36.5515	-2.32837	38.0253	0.332052
17	54	36.3632	-2.44959	37.8078	0.330645
17	55	36.1941	-2.58169	37.6051	0.328782
17	56	36.0409	-2.72619	37.4136	0.326449
17	57	35.9046	-2.88483	37.2338	0.323587
17	58	35.7831	-3.05733	37.0639	0.320217
17	59	35.6729	-3.23811	36.9026	0.316507
17	60	35.5697	-3.42257	36.7474	0.312611
17	61	35.472	-3.60887	36.5975	0.308588
17	62	35.3772	-3.79562	36.4508	0.304496
17	63	35.2847	-3.98253	36.3068	0.300349
17	64	35.1956	-4.17113	36.1662	0.296096
17	65	35.1115	-4.35993	36.031	0.291766
17	66	35.0327	-4.55117	35.9008	0.287295
17	67	34.9596	-4.74217	35.777	0.282754
17	68	34.8902	-4.93044	35.6582	0.278227
17	69	34.8247	-5.12145	35.5431	0.273566
17	70	34.7612	-5.31363	35.4304	0.268828
17	71	34.7009	-5.50656	35.3215	0.264015
17	72	34.6425	-5.69844	35.2155	0.259188
17	73	34.5897	-5.89452	35.1146	0.254176
17	74	34.5377	-6.09017	35.0155	0.249141
17	75	34.4915	-6.28156	34.924	0.244157
17	76	34.4501	-6.47539	34.8375	0.239045
17	77	34.4159	-6.66917	34.7588	0.233861
17	78	34.3865	-6.8595	34.6866	0.22872
17	79	34.3621	-7.04792	34.6205	0.223579
17	80	34.3413	-7.23647	34.5589	0.218392
17	81	34.3356	-7.42642	34.5127	0.213055
17	82	34.3407	-7.61779	34.4777	0.207599
17	83	34.3744	-7.81474	34.4706	0.201807
17	84	34.4247	-8.01633	34.4802	0.195786
17	85	34.501	-8.22548	34.515	0.189412
17	86	34.5898	-8.4259	34.5651	0.183234
17	87	34.6963	-8.61748	34.6356	0.177235
17	88	34.8189	-8.80518	34.7237	0.171292
17	89	34.9505	-8.9893	34.8227	0.165437
17	90	35.0873	-9.17211	34.9281	0.159629
17	91	35.2276	-9.35368	35.0384	0.153877
17	92	35.3697	-9.53296	35.1518	0.148217
17	93	35.5143	-9.70908	35.2694	0.142673
17	94	35.6598	-9.88243	35.3893	0.13724
17	95	35.8054	-10.0544	35.5105	0.131882
17	96	35.9513	-10.2261	35.6331	0.126567
17	97	36.0979	-10.3981	35.7572	0.121277
17	98	36.2453	-10.5696	35.8833	0.116036
17	99	36.3936	-10.7391	36.0114	0.110885
17	100	36.541	-10.9066	36.1399	0.105825
17	101	36.6884	-11.0716	36.2695	0.100872
17	102	36.8372	-11.2342	36.4016	0.0960182
17	103	36.9866	-11.3963	36.5352	0.0912096
17	104	37.1365	-11.5587	36.6701	0.0864262
17	105	37.2887	-11.7192	36.8083	0.0817245
17	106	37.4404	-11.8755	36.9471	0.0771743
17	107	37.5915	-12.027	37.0864	0.0727868
17	108	37.7402	-12.1729	37.2245	0.0685864
17	109	37.8876	-12.3138	37.3622	0.064553
17	110	38.0355	-12.4496	37.5013	0.0606855
17	111	38.1858	-12.5779	37.6437	0.0570424
17	112	38.3311	-12.7071	37.7817	0.0534093
17	113	38.4947	-12.7953	37.9405	0.050857
17	114	38.6875	-12.8467	38.1304	0.0492536
17	115	38.8962	-12.8753	38.3375	0.0482409
17	116	39.1246	-12.8871	38.5651	0.047649
17	117	39.3797	-12.8836	38.82	0.0474271
17	118	39.6708	-12.8648	39.1118	0.0475533
17	119	39.9588	-12.8348	39.4008	0.0479681
17	120	40.2447	-12.7929	39.6885	0.0486761
17	121	40.5289	-12.7367	39.975	0.0497339
17	122	40.8092	-12.6639	40.2586	0.051194
17	123	41.0826	-12.5748	40.5363	0.0530441
17	124	41.3477	-12.472	40.8066	0.0552158
17	125	41.6054	-12.3575	41.0704	0.0576536
17	126	41.8572	-12.231	41.3292	0.0603588
17	127	42.1028	-12.0904	41.583	0.0633772
17	128	42.3396	-11.9343	41.8295	0.0667429
17	129	42.5647	-11.764	42.0657	0.0704245
17	130	42.7774	-11.5828	42.291	0.0743438
17	131	42.9793	-11.3932	42.5068	0.0784409
17	132	43.1724	-11.1951	42.7151	0.0827099
17	133	43.3567	-10.9869	42.9165	0.0871903
17	134	43.5303	-10.7667	43.1091	0.0919273
17	135	43.6899	-10.5349	43.2898	0.0969212
17	136	43.8337	-10.2941	43.4568	0.102116
17	137	43.9628	-10.047	43.6111	0.10745
17	138	44.0792	-9.79435	43.7545	0.112906
17	139	44.1836	-9.53502	43.8881	0.11851
17	140	44.2746	-9.26801	44.0108	0.12429
17	141	44.3498	-8.99425	44.1201	0.130235
17	142	44.4082	-8.71665	44.2149	0.136289
18	0	-33.5687	-2.78197	36.1986	2.80539
18	1	-33.6401	-2.60191	36.3256	2.80136
18	2	-33.7121	-2.42591	36.4526	2.79747
18	3	-33.7903	-2.25292	36.5848	2.79374
18	4	-33.8708	-2.08177	36.7191	2.7901
18	5	-33.9555	-1.91355	36.8567	2.78661
18	6	-34.0431	-1.74801	36.9966	2.78324
18	7	-34.1313	-1.58469	37.1367	2.77995
18	8	-34.2245	-1.42735	37.2797	2.77689
18	9	-34.3186	-1.27311	37.4228	2.77393
18	10	-34.4196	-1.12539	37.5702	2.77123
18	11	-34.5226	-0.982554	37.7181	2.76869
18	12	-34.629	-0.846049	37.867	2.76636
18	13	-34.7371	-0.714367	38.0159	2.76418
18	14	-34.8478	-0.586984	38.1659	2.76214
18	15	-34.9657	-0.464746	38.3208	2.76032
18	16	-35.0934	-0.348442	38.4826	2.75875
18	17	-35.2391	-0.242497	38.6573	2.75761
18	18	-35.4028	-0.146343	38.8451	2.7569
18	19	-35.5865	-0.0578258	39.0486	2.75656
18	20	-35.7775	0.00947868	39.251	2.7568
18	21	-35.9721	0.0646089	39.452	2.75736
18	22	-36.1724	0.0991426	39.6507	2.75844
18	23	-36.3735	0.127911	39.848	2.75966
18	24	-36.5752	0.143827	40.0412	2.76117
18	25	-36.7759	0.158733	40.233	2.76268
18	26	-36.9766	0.164685	40.4218	2.76438
18	27	-37.1779	0.169087	40.6106	2.7661
18	28	-37.3807	0.164191	40.7976	2.76804
18	29	-37.5848	0.151393	40.983	2.77014
18	30	-37.7887	0.123222	41.1629	2.77258
18	31	-37.9931	0.0751414	41.3364	2.77545
18	32	-38.1975	0.00371048	41.5019	2.77882
18	33	-38.404	-0.0909321	41.6616	2.7827
18	34	-38.596	-0.200449	41.8033	2.78677
18	35	-38.7754	-0.324992	41.9286	2.79104
18	36	-38.9453	-0.465597	42.0404	2.79557
18	37	-39.1096	-0.618517	42.1436	2.8003
18	38	-39.2713	-0.777494	42.2432	2.80513
18	39	-39.4326	-0.938892	42.3426	2.80999
18	40	-39.5921	-1.10146	42.4411	2.81483
18	41	-39.7485	-1.26478	42.5373	2.81965
18	42	-39.9025	-1.42814	42.6321	2.82443
18	43	-40.0565	-1.58841	42.729	2.82912
18	44	-40.2093	-1.74893	42.8254	2.83378
18	45	-40.3606	-1.91136	42.9209	2.83845
18	46	-40.5113	-2.0751	43.0164	2.84313
18	47	-40.6594	-2.24128	43.1094	2.84783
18	48	-40.8069	-2.40434	43.2039	2.85243
18	49	-40.9585	-2.56188	43.3047	2.85691
18	50	-41.1141	-2.71245	43.4122	2.86125
18	51	-41.2723	-2.85999	43.5238	2.86551
18	52	-41.4271	-3.0119	43.6317	2.86983
18	53	-41.5829	-3.16318	43.7416	2.87412
18	54	-41.7361	-3.31604	43.8494	2.8784
18	55	-41.8872	-3.46926	43.9558	2.88266
18	56	-42.0364	-3.62328	44.061	2.88691
18	57	-42.1856	-3.77449	44.1677	2.89107
18	58	-42.3341	-3.9265	44.2742	2.89523
18	59	-42.4795	-4.07919	44.3784	2.89937
18	60	-42.6229	-4.23193	44.4813	2.90347
18	61	-42.764	-4.38353	44.583	2.90752
18	62	-42.9005	-4.53487	44.681	2.91153
18	63	-43.0317	-4.68241	44.7755	2.9154
18	64	-43.1578	-4.82698	44.8663	2.91917
18	65	-43.2794	-4.96987	44.9537	2.92287
18	66	-43.3929	-5.11273	45.0337	2.92651
18	67	-43.5074	-5.24552	45.1176	2.92993
18	68	-43.5772	-5.38737	45.1562	2.93333
18	69	-43.609	-5.54951	45.1542	2.93699
18	70	-43.6521	-5.71533	45.163	2.94078
18	71	-43.6777	-5.89604	45.1523	2.94481
18	72	-43.6867	-6.09674	45.1224	2.94921
18	73	-43.6786	-6.32407	45.0716	2.95413
18	74	-43.6531	-6.58593	44.9984	2.95974
18	75	-43.6149	-6.84464	44.9147	2.96525
18	76	-43.5652	-7.10054	44.8216	2.97068
18	77	-43.5034	-7.35441	44.7182	2.97604
18	78	-43.4275	-7.60623	44.6024	2.98132
18	79	-43.3352	-7.85417	44.4723	2.9865
18	80	-43.2261	-8.0951	44.3278	2.99149
18	81	-43.1024	-8.32667	44.1714	2.99625
18	82	-42.967	-8.54887	44.0057	3.0008
18	83	-42.8214	-8.76315	43.8319	3.00518
18	84	-42.6654	-8.97069	43.6495	3.0094
18	85	-42.4975	-9.17122	43.457	3.01347
18	86	-42.3166	-9.36279	43.2534	3.01732
18	87	-42.1233	-9.54299	43.0396	3.02092
18	88	-41.9202	-9.71085	42.8179	3.02424
18	89	-41.7091	-9.86731	42.5902	3.02731
18	90	-41.4905	-10.0139	42.3564	3.03016
18	91	-41.2632	-10.151	42.1154	3.0328
18	92	-41.0257	-10.277	41.8658	3.03517
18	93	-40.7781	-10.3891	41.6078	3.03722
18	94	-40.5227	-10.4851	41.3438	3.03888
18	95	-40.2623	-10.5656	41.0766	3.04018
18	96	-39.9983	-10.6324	40.8072	3.04116
18	97	-39.7298	-10.687	40.5346	3.04183
18	98	-39.4558	-10.7287	40.2578	3.04219
18	99	-39.1762	-10.7554	39.977	3.04216
18	100	-38.8936	-10.7655	39.6947	3.0417
18	101	-38.6108	-10.7608	39.4138	3.04087
18	102	-38.3671	-10.7433	39.1731	3.0398
18	103	-38.1514	-10.7182	38.9612	3.03859
18	104	-37.9554	-10.68	38.7702	3.03709
18	105	-37.7712	-10.6304	38.5922	3.03532
18	106	-37.6118	-10.5475	38.4426	3.03273
18	107	-37.4642	-10.4324	38.3086	3.02933
18	108	-37.3261	-10.2923	38.1874	3.02528
18	109	-37.1821	-10.1503	38.0611	3.02113
18	110	-37.0389	-9.99994	37.9374	3.01675
18	111	-36.8961	-9.84503	37.8154	3.01221
18	112	-36.7519	-9.6885	37.693	3.0076
18	113	-36.6072	-9.52955	37.5713	3.00289
18	114	-36.4624	-9.36701	37.4507	2.99806
18	115	-36.3185	-9.20282	37.3323	2.99316
18	116	-36.174	-9.03836	37.2142	2.98821
18	117	-36.0313	-8.87278	37.0989	2.98321
18	118	-35.8914	-8.70795	36.9873	2.97821
18	119	-35.7503	-8.54131	36.8756	2.97313
18	120	-35.6103	-8.37229	36.7664	2.96796
18	121	-35.4689	-8.20302	36.6568	2.96275
18	122	-35.3254	-8.03298	36.5464	2.95747
18	123	-35.1812	-7.86059	36.4368	2.9521
18	124	-35.0357	-7.68725	36.327	2.94665
18	125	-34.8927	-7.51209	36.2212	2.94115
18	126	-34.7523	-7.33734	36.119	2.93563
18	127	-34.6134	-7.16519	36.0187	2.93016
18	128	-34.4782	-6.99351	35.9231	2.9247
18	129	-34.3421	-6.81818	35.8285	2.9191
18	130	-34.2047	-6.63917	35.7346	2.91337
18	131	-34.0664	-6.45727	35.6416	2.90752
18	132	-33.9313	-6.27208	35.5538	2.90157
18	133	-33.7994	-6.08526	35.4707	2.89557
18	134	-33.6729	-5.89757	35.3943	2.88956
18	135	-33.5542	-5.70836	35.3273	2.88353
18	136	-33.4459	-5.5169	35.2721	2.8775
18	137	-33.3539	-5.32002	35.2353	2.87143
18	138	-33.2781	-5.1149	35.2177	2.86524
18	139	-33.2199	-4.89985	35.2211	2.85891
18	140	-33.1833	-4.69364	35.2441	2.85301
18	141	-33.1706	-4.49205	35.2898	2.84743
18	142	-33.175	-4.29518	35.3516	2.84213
18	143	-33.2024	-4.10134	35.4353	2.83713
18	144	-33.2368	-3.90867	35.5264	2.83225
18	145	-33.2831	-3.7185	35.6287	2.82756
18	146	-33.3299	-3.5286	35.7323	2.82291
18	147	-33.3843	-3.34048	35.8433	2.8184
18	148	-33.4394	-3.15255	35.9556	2.81393
18	149	-33.5024	-2.96633	36.0755	2.80961
25	0	37.6483	-14.5609	37.0454	0.00440248
25	1	37.7023	-14.2814	37.1017	0.0119309
25	2	37.7285	-14.0337	37.1317	0.0185929
25	3	37.7314	-13.809	37.1394	0.0246408
25	4	37.7147	-13.5993	37.1285	0.0302978
25	5	37.68	-13.3996	37.1004	0.0357045
25	6	37.6518	-13.2009	37.0798	0.041088
25	7	37.5779	-13.0114	37.0142	0.0462854
25	8	37.4531	-12.8227	36.8988	0.0515511
25	9	37.3133	-12.6396	36.7692	0.0567191
25	10	37.1687	-12.4601	36.6354	0.0618351
25	11	37.023	-12.2842	36.5013	0.0668928
25	12	36.8783	-12.112	36.369	0.0718824
25	13	36.7365	-11.9422	36.2402	0.0768364
25	14	36.5963	-11.775	36.1136	0.0817495
25	15	36.4562	-11.6111	35.9878	0.0866077
25	16	36.313	-11.4473	35.8598	0.0915035
25	17	36.1695	-11.2828	35.7323	0.0964554
25	18	36.0253	-11.1196	35.6049	0.101409
25	19	35.8812	-10.9577	35.4784	0.106357
25	20	35.7381	-10.7964	35.3536	0.111325
25	21	35.5944	-10.6359	35.2291	0.116306
25	22	35.4483	-10.4775	35.1028	0.12127
25	23	35.3015	-10.3205	34.9765	0.126235
25	24	35.1552	-10.1652	34.8514	0.131184
25	25	35.0095	-10.0135	34.7272	0.136064
25	26	34.8643	-9.86618	34.6037	0.14085
25	27	34.7195	-9.72298	34.4809	0.145552
25	28	34.5744	-9.58323	34.3579	0.150188
25	29	34.4289	-9.44864	34.2345	0.154712
25	30	34.2825	-9.31799	34.1104	0.159157
25	31	34.1325	-9.19345	33.9823	0.163476
25	32	33.977	-9.07772	33.8479	0.167597
25	33	33.8166	-8.96868	33.7082	0.17158
25	34	33.6415	-8.87974	33.5512	0.175083
25	35	33.4604	-8.79447	33.3879	0.178543
25	36	33.2597	-8.73243	33.2015	0.181455
25	37	33.0666	-8.67681	33.0218	0.184167
25	38	32.8743	-8.64831	32.8379	0.186093
25	39	32.6837	-8.62501	32.655	0.187874
25	40	32.4906	-8.6189	32.4665	0.18917
25	41	32.2958	-8.61708	32.2756	0.19036
25	42	32.0996	-8.62433	32.0816	0.191295
25	43	31.9022	-8.63583	31.8856	0.192118
25	44	31.7048	-8.65705	31.6877	0.192651
25	45	31.5068	-8.67955	31.4891	0.193153
25	46	31.3096	-8.70887	31.2899	0.193443
25	47	31.1113	-8.73853	31.0897	0.193733
25	48	30.9121	-8.77496	30.8872	0.193817
25	49	30.7116	-8.81276	30.6832	0.193867
25	50	30.5115	-8.85968	30.4777	0.193621
25	51	30.3115	-8.90983	30.2718	0.193267
25	52	30.1167	-8.97277	30.0686	0.192457
25	53	29.9245	-9.03698	29.8676	0.191578
25	54	29.7444	-9.12155	29.6748	0.189935
25	55	29.566	-9.20762	29.4834	0.188211
25	56	29.399	-9.31838	29.2987	0.185564
25	57	29.229	-9.43416	29.1104	0.182732
25	58	29.0881	-9.56855	28.9476	0.179052
25	59	28.9575	-9.69984	28.7959	0.175373
25	60	28.8518	-9.84836	28.6662	0.170915
25	61	28.7487	-9.99772	28.5395	0.166372
25	62	28.6573	-10.1549	28.4237	0.161452
25	63	28.5687	-10.316	28.3107	0.156338
25	64	28.4862	-10.4825	28.2037	0.150963
25	65	28.4077	-10.6524	28.101	0.145404
25	66	28.3353	-10.8257	28.0047	0.139657
25	67	28.2665	-10.9999	27.9128	0.133818
25	68	28.1995	-11.1796	27.8229	0.127738
25	69	28.1332	-11.3637	27.7342	0.12146
25	70	28.0696	-11.5512	27.649	0.115008
25	71	28.0103	-11.7402	27.569	0.108444
25	72	27.956	-11.9281	27.4952	0.101863
25	73	27.9029	-12.1183	27.4237	0.0951606
25	74	27.8501	-12.3089	27.3536	0.088406
25	75	27.8001	-12.4996	27.2876	0.0816064
25	76	27.7515	-12.6946	27.224	0.074613
25	77	27.7045	-12.893	27.163	0.067458
25	78	27.6611	-13.0937	27.1069	0.0601787
25	79	27.6218	-13.2949	27.0563	0.0528433
25	80	27.5881	-13.498	27.0126	0.0454033
25	81	27.5565	-13.701	26.9726	0.0379388
25	82	27.5325	-13.9041	26.9417	0.0304388
25	83	27.5124	-14.1067	26.9162	0.0229364
25	84	27.5063	-14.3092	26.9063	0.015419
25	85	27.515	-14.5104	26.9126	0.00793654
25	86	27.5462	-14.7122	26.9429	0.000436801
25	87	27.5956	-14.9159	26.993	-0.0071073
25	88	27.6693	-15.1227	27.069	-0.0147284
25	89	27.7588	-15.3178	27.1621	-0.0218607
25	90	27.8666	-15.5006	27.2744	-0.0284763
25	91	27.9919	-15.674	27.405	-0.0346701
25	92	28.1295	-15.8404	27.5489	-0.0405345
25	93	28.2714	-16.0033	27.6977	-0.0462034
25	94	28.4146	-16.1653	27.8487	-0.0517759
25	95	28.5583	-16.3273	28.0009	-0.0572901
25	96	28.7045	-16.4887	28.1566	-0.0627133
25	97	28.8525	-16.6483	28.3147	-0.0680134
25	98	29.0011	-16.8055	28.474	-0.0731649
25	99	29.1495	-16.96	28.6336	-0.078168
25	100	29.297	-17.1128	28.793	-0.0830593
25	101	29.4446	-17.2644	28.953	-0.0878543
25	102	29.5932	-17.4149	29.1145	-0.0925551
25	103	29.7419	-17.5649	29.2768	-0.0971874
25	104	29.8915	-17.7125	29.4403	-0.101686
25	105	30.0418	-17.8561	29.6047	-0.105996
25	106	30.1907	-17.997	29.7679	-0.110172
25	107	30.3377	-18.1361	29.9295	-0.114252
25	108	30.4835	-18.2736	30.0903	-0.118238
25	109	30.6296	-18.4087	30.2515	-0.122106
25	110	30.7759	-18.542	30.4132	-0.12587
25	111	30.9209	-18.6708	30.5734	-0.129453
25	112	31.0657	-18.7929	30.7329	-0.132785
25	113	31.2145	-18.9013	30.895	-0.135623
25	114	31.3491	-19.018	31.0443	-0.138763
25	115	31.494	-19.0836	31.1968	-0.140203
25	116	31.6631	-19.1043	31.3671	-0.140105
25	117	31.8388	-19.1387	31.5459	-0.140404
25	118	32.0288	-19.1553	31.7364	-0.140087
25	119	32.2398	-19.1567	31.9455	-0.139207
25	120	32.4802	-19.1421	32.1817	-0.137721
25	121	32.76	-19.1085	32.4542	-0.135513
25	122	33.0399	-19.0595	32.7251	-0.132872
25	123	33.3167	-18.9951	32.991	-0.129826
25	124	33.5881	-18.9176	33.2503	-0.126458
25	125	33.8545	-18.8292	33.5037	-0.122838
25	126	34.1176	-18.7301	33.7529	-0.11897
25	127	34.3775	-18.6185	33.9981	-0.114803
25	128	34.6325	-18.4928	34.2372	-0.110301
25	129	34.8797	-18.3535	34.4681	-0.105495
25	130	35.1184	-18.2031	34.69	-0.100459
25	131	35.3498	-18.0432	34.9047	-0.0952369
25	132	35.5752	-17.8732	35.1134	-0.0898062
25	133	35.7939	-17.6909	35.3154	-0.084111
25	134	36.0029	-17.4956	35.508	-0.0781343
25	135	36.1998	-17.2892	35.6888	-0.0719393
25	136	36.3847	-17.0751	35.8586	-0.0656136
25	137	36.5599	-16.8549	36.0197	-0.0591923
25	138	36.7268	-16.6276	36.1736	-0.0526473
25	139	36.8846	-16.3916	36.3196	-0.0459296
25	140	37.0308	-16.1465	36.4553	-0.0390295
25	141	37.1636	-15.8943	36.579	-0.0319999
25	142	37.2834	-15.6376	36.6915	-0.0249016
25	143	37.3922	-15.3768	36.7948	-0.0177431
25	144	37.4907	-15.1108	36.8894	-0.0104854
25	145	37.577	-14.8384	36.9739	-0.00309459
26	0	-27.7113	-10.5615	28.6189	2.99563
26	1	-27.7395	-10.3256	28.6821	2.98764
26	2	-27.7727	-10.0915	28.7516	2.97976
26	3	-27.8104	-9.8601	28.827	2.97205
26	4	-27.8515	-9.63178	28.9068	2.96451
26	5	-27.895	-9.40561	28.9903	2.95709
26	6	-27.9412	-9.18036	29.0778	2.94977
26	7	-27.9913	-8.9556	29.1706	2.94253
26	8	-28.0468	-8.73218	29.2699	2.93543
26	9	-28.1083	-8.51155	29.376	2.9285
26	10	-28.1753	-8.29426	29.4881	2.92178
26	11	-28.2446	-8.08143	29.6028	2.91528
26	12	-28.3164	-7.87169	29.7204	2.90894
26	13	-28.3922	-7.66433	29.8425	2.90276
26	14	-28.4735	-7.45987	29.9704	2.89678
26	15	-28.561	-7.25958	30.1044	2.89103
26	16	-28.6547	-7.0644	30.244	2.88554
26	17	-28.7526	-6.87412	30.3873	2.8803
26	18	-28.8575	-6.68876	30.5369	2.87532
26	19	-28.9755	-6.50925	30.6983	2.87069
26	20	-29.1128	-6.33509	30.8775	2.86645
26	21	-29.2737	-6.16464	31.0789	2.86258
26	22	-29.4462	-6.01776	31.2853	2.85958
26	23	-29.634	-5.89943	31.4986	2.85763
26	24	-29.8377	-5.80761	31.72	2.85666
26	25	-30.0494	-5.73471	31.9436	2.85633
26	26	-30.264	-5.67445	32.1665	2.85641
26	27	-30.4797	-5.62317	32.3879	2.85676
26	28	-30.6967	-5.57938	32.6085	2.85734
26	29	-30.9159	-5.54361	32.8289	2.85817
26	30	-31.138	-5.51822	33.0493	2.85931
26	31	-31.3623	-5.5076	33.2677	2.86088
26	32	-31.5862	-5.51865	33.4799	2.86305
26	33	-31.8081	-5.55688	33.6829	2.86596
26	34	-32.0284	-5.62275	33.8771	2.8696
26	35	-32.2489	-5.71378	34.0654	2.87391
26	36	-32.4507	-5.81864	34.2326	2.87842
26	37	-32.6345	-5.93657	34.3798	2.88313
26	38	-32.8062	-6.06662	34.513	2.88804
26	39	-32.972	-6.20592	34.639	2.89313
26	40	-33.1353	-6.35304	34.7616	2.89839
26	41	-33.2967	-6.50771	34.8814	2.90381
26	42	-33.4575	-6.66887	35.0003	2.90937
26	43	-33.6166	-6.83544	35.1173	2.91502
26	44	-33.7742	-7.0053	35.2333	2.92073
26	45	-33.9329	-7.17871	35.3508	2.9265
26	46	-34.0908	-7.35491	35.468	2.9323
26	47	-34.2478	-7.53319	35.5852	2.93812
26	48	-34.4035	-7.71269	35.702	2.94392
26	49	-34.5583	-7.89314	35.819	2.94971
26	50	-34.7142	-8.07453	35.938	2.95549
26	51	-34.871	-8.25887	36.0586	2.96132
26	52	-35.0288	-8.44673	36.1808	2.96721
26	53	-35.1847	-8.635	36.3023	2.97307
26	54	-35.3393	-8.82329	36.4237	2.97887
26	55	-35.4904	-9.0109	36.5431	2.98461
26	56	-35.6407	-9.19773	36.6629	2.99028
26	57	-35.7897	-9.38554	36.7824	2.99594
26	58	-35.9373	-9.57407	36.9017	3.00158
26	59	-36.0865	-9.76336	37.0236	3.0072
26	60	-36.2358	-9.95395	37.1466	3.01283
26	61	-36.3862	-10.1476	37.2715	3.0185
26	62	-36.5388	-10.3447	37.3993	3.02423
26	63	-36.6914	-10.5466	37.5279	3.03005
26	64	-36.831	-10.756	37.644	3.03599
26	65	-36.9215	-10.9635	37.7128	3.04171
26	66	-36.9676	-11.1771	37.7379	3.04746
26	67	-36.9915	-11.3943	37.7419	3.05326
26	68	-36.9981	-11.6181	37.7295	3.05918
26	69	-36.9867	-11.8556	37.6992	3.06543
26	70	-36.9524	-12.1143	37.6462	3.07222
26	71	-36.8897	-12.4045	37.5647	3.07981
26	72	-36.8081	-12.6928	37.4665	3.08735
26	73	-36.7083	-12.9755	37.3525	3.09476
26	74	-36.593	-13.25	37.2255	3.10198
26	75	-36.4649	-13.5171	37.0878	3.10905
26	76	-36.3234	-13.7785	36.9388	3.11599
26	77	-36.1663	-14.0332	36.7761	3.12281
26	78	-35.9936	-14.2778	36.5996	3.1294
26	79	-35.8081	-14.5102	36.412	3.13572
26	80	-35.6127	-14.7317	36.216	-3.14138
26	81	-35.4071	-14.9444	36.011	-3.13547
26	82	-35.1889	-15.1477	35.7946	-3.12976
26	83	-34.957	-15.3382	35.5656	-3.12432
26	84	-34.7143	-15.5128	35.3264	-3.11926
26	85	-34.4641	-15.6722	35.0802	-3.11456
26	86	-34.2072	-15.8187	34.8277	-3.11016
26	87	-33.942	-15.9524	34.5671	-3.10605
26	88	-33.6677	-16.071	34.2975	-3.10231
26	89	-33.3871	-16.1718	34.0212	-3.09902
26	90	-33.1038	-16.256	33.7419	-3.09617
26	91	-32.8191	-16.326	33.4608	-3.0937
26	92	-32.5669	-16.3717	33.211	-3.09196
26	93	-32.3366	-16.3968	32.9823	-3.09085
26	94	-32.1234	-16.4022	32.7696	-3.09036
26	95	-31.9215	-16.3841	32.5671	-3.0906
26	96	-31.7371	-16.3263	32.38	-3.09209
26	97	-31.5608	-16.2297	32.1993	-3.09482
26	98	-31.3893	-16.1171	32.0228	-3.09808
26	99	-31.218	-16	31.8469	-3.10152
26	100	-31.0459	-15.8788	31.6702	-3.10512
26	101	-30.8709	-15.7538	31.4911	-3.10889
26	102	-30.6957	-15.6232	31.3118	-3.11287
26	103	-30.5198	-15.486	31.1324	-3.11711
26	104	-30.3441	-15.3425	30.9536	-3.12161
26	105	-30.1692	-15.194	30.7761	-3.12632
26	106	-29.9949	-15.0422	30.5999	-3.1312
26	107	-29.8202	-14.8881	30.4239	-3.1362
26	108	-29.6438	-14.7313	30.2471	-3.14135
26	109	-29.4655	-14.5707	30.0692	3.13649
26	110	-29.2862	-14.4057	29.8912	3.13094
26	111	-29.1072	-14.2369	29.7145	3.1252
26	112	-28.9287	-14.0654	29.5393	3.11929
26	113	-28.7519	-13.8915	29.367	3.11324
26	114	-28.5768	-13.7138	29.1975	3.10699
26	115	-28.4055	-13.5302	29.0334	3.10046
26	116	-28.2424	-13.3392	28.8789	3.09362
26	117	-28.093	-13.1401	28.74	3.08645
26	118	-27.9661	-12.9324	28.6255	3.07896
26	119	-27.8608	-12.7123	28.5351	3.07103
26	120	-27.7737	-12.4794	28.4656	3.06266
26	121	-27.7099	-12.2451	28.4215	3.05426
26	122	-27.6686	-12.0072	28.4021	3.04579
26	123	-27.6481	-11.7649	28.4059	3.03723
26	124	-27.6439	-11.5205	28.4283	3.02867
26	125	-27.6517	-11.2773	28.4644	3.0202
26	126	-27.6672	-11.0365	28.51	3.01189
26	127	-27.6874	-10.7983	28.5618	3.00371
32	0	30.8835	-20.4622	30.8191	-0.187282
32	1	30.8913	-20.2522	30.7884	-0.180534
32	2	30.8798	-20.0589	30.7429	-0.174416
32	3	30.8634	-19.8743	30.6953	-0.168584
32	4	30.8255	-19.6958	30.6284	-0.163047
32	5	30.7794	-19.5191	30.5547	-0.157585
32	6	30.6877	-19.3519	30.4383	-0.152633
32	7	30.5542	-19.1837	30.2811	-0.147815
32	8	30.4072	-19.0234	30.1124	-0.143267
32	9	30.2614	-18.8655	29.9459	-0.138743
32	10	30.1172	-18.7098	29.7818	-0.134236
32	11	29.9737	-18.5571	29.6195	-0.129775
32	12	29.828	-18.406	29.4558	-0.12533
32	13	29.6829	-18.2536	29.2931	-0.120786
32	14	29.5362	-18.1023	29.1295	-0.116237
32	15	29.3878	-17.9534	28.9651	-0.111725
32	16	29.2392	-17.8071	28.8014	-0.107251
32	17	29.0935	-17.661	28.6412	-0.102726
32	18	28.9482	-17.5176	28.4822	-0.0982381
32	19	28.8017	-17.3775	28.323	-0.0938246
32	20	28.6552	-17.2387	28.1644	-0.0894063
32	21	28.5097	-17.1002	28.0074	-0.0849433
32	22	28.3641	-16.9639	27.851	-0.080512
32	23	28.2176	-16.8323	27.6947	-0.0762012
32	24	28.0723	-16.7051	27.5404	-0.0719948
32	25	27.9266	-16.5847	27.3866	-0.0679928
32	26	27.7809	-16.4708	27.2337	-0.064185
32	27	27.637	-16.3629	27.0834	-0.0605499
32	28	27.4926	-16.262	26.9333	-0.0571342
32	29	27.3468	-16.1672	26.7825	-0.0539117
32	30	27.1999	-16.0753	26.6309	-0.0507612
32	31	27.0423	-16.0009	26.4698	-0.0482585
32	32	26.8779	-15.9298	26.3023	-0.0458608
32	33	26.6972	-15.8831	26.1196	-0.0443921
32	34	26.5051	-15.8398	25.9259	-0.0430503
32	35	26.3157	-15.8206	25.7358	-0.0426232
32	36	26.1302	-15.8113	25.5501	-0.0425669
32	37	25.9463	-15.8172	25.3666	-0.0431082
32	38	25.7626	-15.8337	25.1838	-0.044077
32	39	25.5789	-15.8575	25.0013	-0.0453529
32	40	25.3945	-15.8879	24.8186	-0.0469116
32	41	25.2096	-15.9233	24.6356	-0.0486985
32	42	25.0247	-15.9655	24.4529	-0.0507922
32	43	24.8398	-16.0129	24.2708	-0.053131
32	44	24.6582	-16.0678	24.0924	-0.0558056
32	45	24.4794	-16.1261	23.9172	-0.0586546
32	46	24.3046	-16.1903	23.7466	-0.0617866
32	47	24.133	-16.2585	23.5797	-0.0651234
32	48	23.965	-16.331	23.4169	-0.0686768
32	49	23.8049	-16.4165	23.2633	-0.0728178
32	50	23.6481	-16.5085	23.1138	-0.0772818
32	51	23.5051	-16.6262	22.9807	-0.0828684
32	52	23.3571	-16.7488	22.8437	-0.0887523
32	53	23.2406	-16.8897	22.7407	-0.0953782
32	54	23.1235	-17.0243	22.6374	-0.101789
32	55	23.0405	-17.178	22.571	-0.108939
32	56	22.9651	-17.3356	22.5139	-0.116263
32	57	22.8949	-17.4965	22.4634	-0.123737
32	58	22.8305	-17.6608	22.4204	-0.131363
32	59	22.7739	-17.8292	22.387	-0.139152
32	60	22.7167	-17.9992	22.3546	-0.147039
32	61	22.6659	-18.1749	22.3309	-0.155158
32	62	22.6147	-18.3548	22.3089	-0.163479
32	63	22.5717	-18.5406	22.2975	-0.172015
32	64	22.5287	-18.7294	22.2883	-0.180688
32	65	22.4948	-18.9212	22.2902	-0.189426
32	66	22.4659	-19.1129	22.2988	-0.198114
32	67	22.441	-19.3077	22.3136	-0.206892
32	68	22.4189	-19.5045	22.3333	-0.215721
32	69	22.4001	-19.703	22.3583	-0.224576
32	70	22.3827	-19.9034	22.3868	-0.233475
32	71	22.3711	-20.106	22.4233	-0.242383
32	72	22.3642	-20.3099	22.4664	-0.251269
32	73	22.3647	-20.5137	22.5184	-0.26003
32	74	22.369	-20.7199	22.5765	-0.268804
32	75	22.3776	-20.9266	22.6405	-0.277506
32	76	22.3907	-21.1327	22.7104	-0.286077
32	77	22.4074	-21.3379	22.7852	-0.294511
32	78	22.4298	-21.5431	22.8669	-0.302812
32	79	22.4563	-21.7477	22.954	-0.310978
32	80	22.4967	-21.9489	23.0548	-0.31875
32	81	22.5446	-22.1457	23.1626	-0.326169
32	82	22.613	-22.3351	23.2886	-0.332932
32	83	22.6867	-22.5226	23.42	-0.33947
32	84	22.7852	-22.7004	23.5724	-0.345194
32	85	22.8845	-22.8641	23.7216	-0.350268
32	86	23.0018	-23.0027	23.8796	-0.354036
32	87	23.1213	-23.1307	24.0361	-0.357308
32	88	23.2509	-23.246	24.1979	-0.359899
32	89	23.385	-23.3576	24.3628	-0.362246
32	90	23.5242	-23.4666	24.5317	-0.364391
32	91	23.6718	-23.57	24.7065	-0.36617
32	92	23.8251	-23.6711	24.8858	-0.367759
32	93	23.9847	-23.7672	25.0693	-0.369047
32	94	24.1482	-23.8595	25.2551	-0.37012
32	95	24.3159	-23.9506	25.4445	-0.371075
32	96	24.4872	-24.0403	25.6366	-0.371913
32	97	24.6612	-24.1304	25.8315	-0.372713
32	98	24.8384	-24.2204	26.0293	-0.373454
32	99	25.0189	-24.311	26.2303	-0.374161
32	100	25.2026	-24.4016	26.4345	-0.374812
32	101	25.3885	-24.4924	26.6408	-0.375428
32	102	25.5758	-24.5827	26.8481	-0.375999
32	103	25.7638	-24.6715	27.0556	-0.3765
32	104	25.952	-24.7596	27.263	-0.376967
32	105	26.1418	-24.8445	27.4707	-0.3773
32	106	26.3346	-24.9288	27.681	-0.377563
32	107	26.5305	-25.0136	27.8944	-0.377798
32	108	26.7322	-25.086	28.1085	-0.377548
32	109	26.9152	-25.1218	28.2919	-0.37634
32	110	27.0914	-25.1075	28.4506	-0.373598
32	111	27.2672	-25.0885	28.6075	-0.370733
32	112	27.4405	-25.0442	28.7532	-0.367116
32	113	27.6193	-24.9964	28.9031	-0.363349
32	114	27.8041	-24.9241	29.0504	-0.358763
32	115	28.0023	-24.8314	29.2039	-0.353408
32	116	28.2189	-24.7073	29.3647	-0.34689
32	117	28.4477	-24.5601	29.5306	-0.33957
32	118	28.6717	-24.4007	29.6897	-0.331993
32	119	28.8887	-24.228	29.8395	-0.324152
32	120	29.0953	-24.0427	29.9772	-0.316098
32	121	29.2901	-23.8477	30.1027	-0.307927
32	122	29.4743	-23.6452	30.2179	-0.299696
32	123	29.6497	-23.4359	30.3248	-0.291391
32	124	29.8168	-23.2186	30.4235	-0.282972
32	125	29.9741	-22.9925	30.5125	-0.274419
32	126	30.1198	-22.7587	30.5906	-0.265769
32	127	30.2536	-22.519	30.6578	-0.257079
32	128	30.3765	-22.2746	30.7157	-0.248369
32	129	30.4896	-22.0252	30.7652	-0.239606
32	130	30.5923	-21.7691	30.8054	-0.23074
32	131	30.6819	-21.5059	30.8337	-0.221762
32	132	30.7564	-21.2374	30.8485	-0.212741
32	133	30.8153	-20.9671	30.8503	-0.203774
32	134	30.8606	-20.6972	30.8413	-0.194906
33	0	-21.347	-17.9645	22.1882	-2.99502
33	1	-21.4319	-17.7185	22.2377	-3.00653
33	2	-21.4781	-17.4795	22.2526	-3.01744
33	3	-21.5102	-17.2424	22.2564	-3.0282
33	4	-21.5478	-17.0067	22.2684	-3.0389
33	5	-21.5876	-16.7711	22.2851	-3.0496
33	6	-21.631	-16.5367	22.3081	-3.06025
33	7	-21.6791	-16.3047	22.3383	-3.07077
33	8	-21.7317	-16.0758	22.3759	-3.08114
33	9	-21.7888	-15.8497	22.4203	-3.09136
33	10	-21.8497	-15.6252	22.4711	-3.10148
33	11	-21.9175	-15.4027	22.531	-3.11147
33	12	-21.9978	-15.1843	22.6057	-3.12123
33	13	-22.0988	-14.9782	22.7035	-3.1304
33	14	-22.2228	-14.7829	22.8261	-3.13901
33	15	-22.3681	-14.5968	22.9718	3.13605
33	16	-22.5225	-14.437	23.1275	3.12918
33	17	-22.6855	-14.3051	23.2926	3.12361
33	18	-22.8566	-14.1991	23.4657	3.11922
33	19	-23.0344	-14.1096	23.6456	3.1156
33	20	-23.2153	-14.0292	23.8287	3.11243
33	21	-23.3988	-13.9546	24.0144	3.10955
33	22	-23.5845	-13.8839	24.2023	3.10687
33	23	-23.7733	-13.8158	24.3935	3.10435
33	24	-23.9664	-13.7501	24.5889	3.10197
33	25	-24.1637	-13.6891	24.7886	3.09983
33	26	-24.365	-13.6337	24.9921	3.09795
33	27	-24.5693	-13.5842	25.1983	3.09634
33	28	-24.7751	-13.5399	25.406	3.09497
33	29	-24.9818	-13.5003	25.6143	3.0938
33	30	-25.1891	-13.4646	25.8231	3.0928
33	31	-25.3973	-13.4329	26.0327	3.09198
33	32	-25.6072	-13.4056	26.2436	3.09133
33	33	-25.819	-13.3837	26.4562	3.09091
33	34	-26.0324	-13.37	26.6701	3.0908
33	35	-26.2467	-13.3692	26.8842	3.09118
33	36	-26.4606	-13.385	27.097	3.09216
33	37	-26.6739	-13.4205	27.3083	3.09384
33	38	-26.888	-13.4744	27.5197	3.09617
33	39	-27.0839	-13.5443	27.7123	3.09901
33	40	-27.266	-13.6261	27.8909	3.10222
33	41	-27.4355	-13.7227	28.0566	3.10589
33	42	-27.6009	-13.8233	28.2185	3.10967
33	43	-27.7614	-13.9324	28.3757	3.11369
33	44	-27.9235	-14.0428	28.5349	3.11772
33	45	-28.0832	-14.1613	28.692	3.12198
33	46	-28.2461	-14.2839	28.8527	3.12634
33	47	-28.4088	-14.4141	29.0137	3.13091
33	48	-28.5739	-14.5468	29.1777	3.13552
33	49	-28.7393	-14.6833	29.3426	3.1402
33	50	-28.9049	-14.8231	29.5084	-3.13824
33	51	-29.0717	-14.9656	29.676	-3.13345
33	52	-29.2424	-15.1089	29.8481	-3.1287
33	53	-29.4147	-15.2563	30.0227	-3.12386
33	54	-29.5882	-15.4081	30.1992	-3.11894
33	55	-29.7624	-15.5631	30.3772	-3.11397
33	56	-29.9378	-15.7182	30.5573	-3.10905
33	57	-30.1122	-15.8745	30.7371	-3.10415
33	58	-30.2853	-16.0324	30.9162	-3.09926
33	59	-30.4577	-16.192	31.0957	-3.09437
33	60	-30.6333	-16.3529	31.279	-3.08949
33	61	-30.8106	-16.5166	31.465	-3.08459
33	62	-30.9844	-16.6854	31.6485	-3.07958
33	63	-31.1351	-16.8607	31.8102	-3.07437
33	64	-31.2415	-17.0486	31.9295	-3.06872
33	65	-31.313	-17.2529	32.0163	-3.06252
33	66	-31.3665	-17.4674	32.0873	-3.05599
33	67	-31.4057	-17.6957	32.1466	-3.04902
33	68	-31.431	-17.9459	32.1959	-3.04135
33	69	-31.4421	-18.2288	32.2365	-3.03266
33	70	-31.4423	-18.5141	32.2689	-3.02387
33	71	-31.4302	-18.8011	32.2919	-3.015
33	72	-31.4042	-19.0873	32.3035	-3.00611
33	73	-31.3653	-19.3703	32.3045	-2.99726
33	74	-31.3159	-19.6496	32.2969	-2.98848
33	75	-31.2571	-19.9264	32.2824	-2.97973
33	76	-31.1884	-20.2019	32.2602	-2.97096
33	77	-31.1078	-20.4756	32.2284	-2.96217
33	78	-31.014	-20.7456	32.1856	-2.9534
33	79	-30.9083	-21.0095	32.1324	-2.94471
33	80	-30.7932	-21.2672	32.071	-2.93613
33	81	-30.6701	-21.5198	32.0032	-2.92762
33	82	-30.5388	-21.7686	31.9289	-2.91913
33	83	-30.3977	-22.0137	31.8465	-2.91064
33	84	-30.2453	-22.2533	31.7541	-2.9022
33	85	-30.0822	-22.4853	31.6518	-2.89386
33	86	-29.9105	-22.7089	31.5412	-2.88565
33	87	-29.7315	-22.9253	31.4239	-2.87755
33	88	-29.545	-23.1356	31.2997	-2.8695
33	89	-29.3491	-23.3397	31.1669	-2.86151
33	90	-29.1426	-23.5354	31.0235	-2.8536
33	91	-28.9262	-23.7201	30.8693	-2.84588
33	92	-28.7029	-23.8928	30.707	-2.83838
33	93	-28.4753	-24.055	30.539	-2.83108
33	94	-28.2432	-24.2071	30.3653	-2.82398
33	95	-28.0298	-24.3267	30.2004	-2.81801
33	96	-27.8265	-24.4185	30.0372	-2.81296
33	97	-27.6269	-24.4861	29.8704	-2.80866
33	98	-27.4264	-24.5296	29.6953	-2.80507
33	99	-27.2317	-24.5863	29.5305	-2.80108
33	100	-27.0285	-24.574	29.335	-2.79916
33	101	-26.8022	-24.4847	29.0917	-2.79944
33	102	-26.5704	-24.4088	28.8479	-2.79923
33	103	-26.3454	-24.323	28.6072	-2.79941
33	104	-26.1233	-24.2415	28.3707	-2.79949
33	105	-25.9039	-24.1636	28.1378	-2.79948
33	106	-25.6882	-24.0844	27.908	-2.79956
33	107	-25.475	-24.0056	27.6808	-2.79966
33	108	-25.2635	-23.9248	27.4544	-2.79985
33	109	-25.0538	-23.8444	27.2299	-2.80005
33	110	-24.8469	-23.7646	27.0082	-2.80027
33	111	-24.6435	-23.6849	26.7899	-2.80053
33	112	-24.4435	-23.6042	26.5744	-2.80088
33	113	-24.246	-23.5229	26.3611	-2.80128
33	114	-24.05	-23.4422	26.1494	-2.80169
33	115	-23.8565	-23.3599	25.9395	-2.80219
33	116	-23.6663	-23.2766	25.7325	-2.80278
33	117	-23.4814	-23.1905	25.5295	-2.80355
33	118	-23.3018	-23.1038	25.3312	-2.80443
33	119	-23.1293	-23.0128	25.1384	-2.80558
33	120	-22.9606	-22.9228	24.9495	-2.80675
33	121	-22.7986	-22.8263	24.7648	-2.80829
33	122	-22.6375	-22.7261	24.5798	-2.80999
33	123	-22.4819	-22.612	24.3957	-2.81234
33	124	-22.3297	-22.4833	24.2101	-2.81534
33	125	-22.1845	-22.3318	24.0242	-2.81938
33	126	-22.0424	-22.1574	23.8345	-2.82443
33	127	-21.91	-21.9732	23.6516	-2.83008
33	128	-21.7849	-21.777	23.4728	-2.8364
33	129	-21.6364	-21.5763	23.2714	-2.84271
33	130	-21.4296	-21.3642	23.0117	-2.84887
33	131	-21.2855	-21.1636	22.8163	-2.85547
33	132	-21.1819	-20.9637	22.6611	-2.86264
33	133	-21.104	-20.7589	22.5306	-2.87043
33	134	-21.0461	-20.5514	22.4199	-2.87866
33	135	-21.0035	-20.3406	22.3248	-2.88728
33	136	-20.9737	-20.1281	22.2434	-2.89619
33	137	-20.9553	-19.9152	22.1748	-2.90529
33	138	-20.9459	-19.7031	22.1169	-2.91452
33	139	-20.944	-19.492	22.0685	-2.92382
33	140	-20.9473	-19.2848	22.0279	-2.93304
33	141	-20.9577	-19.081	21.9968	-2.9422
33	142	-20.9797	-18.8798	21.9794	-2.95137
33	143	-21.0194	-18.674	21.9805	-2.96091
33	144	-21.0832	-18.4598	22.0059	-2.971
33	145	-21.184	-18.228	22.0673	-2.98213
38	0	27.483	-28.6097	30.2545	-0.476829
38	1	27.4737	-28.317	30.113	-0.468335
38	2	27.4521	-28.0231	29.9621	-0.459907
38	3	27.4156	-27.7291	29.7998	-0.451608
38	4	27.3637	-27.438	29.6271	-0.443532
38	5	27.2994	-27.1519	29.4472	-0.435695
38	6	27.2259	-26.8706	29.2627	-0.428039
38	7	27.1557	-26.6299	29.0996	-0.421516
38	8	27.0842	-26.4196	28.9487	-0.415897
38	9	27.0125	-26.2291	28.8065	-0.410855
38	10	26.9239	-26.0583	28.6573	-0.406624
38	11	26.8174	-25.915	28.5029	-0.403484
38	12	26.6705	-25.8078	28.3258	-0.402038
38	13	26.5053	-25.7151	28.1375	-0.401304
38	14	26.3385	-25.6185	27.9463	-0.400455
38	15	26.1664	-25.5263	27.7518	-0.399814
38	16	25.9917	-25.4331	27.5546	-0.399165
38	17	25.8155	-25.3405	27.3562	-0.39855
38	18	25.6374	-25.247	27.1559	-0.39792
38	19	25.4562	-25.1528	26.9523	-0.397306
38	20	25.2713	-25.0572	26.7448	-0.396686
38	21	25.0821	-24.9612	26.5332	-0.396104
38	22	24.8902	-24.8638	26.3186	-0.395502
38	23	24.696	-24.7671	26.1022	-0.39495
38	24	24.4996	-24.6727	25.8846	-0.394503
38	25	24.3036	-24.5802	25.6681	-0.394109
38	26	24.1077	-24.4873	25.4515	-0.393694
38	27	23.9102	-24.394	25.2334	-0.393283
38	28	23.7103	-24.3008	25.013	-0.392905
38	29	23.508	-24.209	24.7909	-0.392607
38	30	23.3037	-24.1215	24.5687	-0.392497
38	31	23.0987	-24.0415	24.3487	-0.392682
38	32	22.8935	-23.9722	24.1326	-0.393285
38	33	22.6878	-23.9173	23.9216	-0.394461
38	34	22.4796	-23.8817	23.7158	-0.396448
38	35	22.2659	-23.8653	23.5124	-0.399314
38	36	22.0446	-23.8678	23.3096	-0.403104
38	37	21.8304	-23.8882	23.1209	-0.40755
38	38	21.621	-23.927	22.9443	-0.412721
38	39	21.4142	-23.9821	22.7773	-0.418578
38	40	21.2104	-24.0496	22.619	-0.424963
38	41	21.0107	-24.125	22.4686	-0.431688
38	42	20.8151	-24.2059	22.3254	-0.438645
38	43	20.6226	-24.2892	22.1871	-0.44573
38	44	20.4333	-24.3756	22.0541	-0.452965
38	45	20.2457	-24.4634	21.9245	-0.46031
38	46	20.0599	-24.5544	21.799	-0.467835
38	47	19.8761	-24.6505	21.679	-0.475616
38	48	19.696	-24.7527	21.5664	-0.483654
38	49	19.5214	-24.8605	21.4626	-0.491883
38	50	19.3523	-24.9712	21.3666	-0.500187
38	51	19.1898	-25.0861	21.2798	-0.50859
38	52	19.0318	-25.202	21.199	-0.516994
38	53	18.88	-25.3223	21.1273	-0.525493
38	54	18.7318	-25.4446	21.0612	-0.534044
38	55	18.5893	-25.5723	21.0043	-0.542733
38	56	18.4513	-25.7071	20.9566	-0.551643
38	57	18.3258	-25.8571	20.9292	-0.560888
38	58	18.2098	-26.0211	20.9192	-0.570476
38	59	18.1071	-26.2039	20.9326	-0.580475
38	60	18.0235	-26.3862	20.9635	-0.589935
38	61	17.9573	-26.5708	21.0121	-0.598987
38	62	17.9064	-26.7566	21.0756	-0.607629
38	63	17.8645	-26.9444	21.1492	-0.616055
38	64	17.8316	-27.1347	21.233	-0.624265
38	65	17.7992	-27.3269	21.3198	-0.632466
38	66	17.7729	-27.5234	21.4154	-0.640593
38	67	17.7474	-27.7243	21.5158	-0.648789
38	68	17.7309	-27.9268	21.6257	-0.656712
38	69	17.7173	-28.1312	21.7403	-0.664538
38	70	17.7079	-28.3381	21.8612	-0.672255
38	71	17.6995	-28.5431	21.9829	-0.679788
38	72	17.6938	-28.7509	22.1097	-0.687262
38	73	17.6904	-28.9611	22.241	-0.694661
38	74	17.6915	-29.1723	22.3776	-0.701881
38	75	17.6953	-29.3882	22.5206	-0.709092
38	76	17.7045	-29.6066	22.6703	-0.716141
38	77	17.7204	-29.8243	22.8258	-0.72288
38	78	17.7406	-30.0423	22.9856	-0.729408
38	79	17.7646	-30.2589	23.1483	-0.735697
38	80	17.79	-30.475	23.3126	-0.741837
38	81	17.8182	-30.6911	23.4798	-0.74781
38	82	17.8509	-30.9067	23.6508	-0.753553
38	83	17.8936	-31.1204	23.8285	-0.758867
38	84	17.952	-31.3294	24.015	-0.76351
38	85	18.0293	-31.5339	24.2124	-0.767405
38	86	18.1253	-31.7347	24.421	-0.770592
38	87	18.2311	-31.9112	24.62	-0.772743
38	88	18.3486	-32.0648	24.8113	-0.77387
38	89	18.4747	-32.1992	24.9954	-0.77419
38	90	18.6091	-32.3194	25.1755	-0.773868
38	91	18.7459	-32.4352	25.3543	-0.773364
38	92	18.8885	-32.5452	25.5332	-0.772547
38	93	19.0334	-32.6549	25.7135	-0.771669
38	94	19.1854	-32.7588	25.8949	-0.770451
38	95	19.3405	-32.8629	26.0787	-0.769174
38	96	19.501	-32.9619	26.263	-0.767633
38	97	19.6637	-33.0583	26.4471	-0.765981
38	98	19.83	-33.1537	26.633	-0.764234
38	99	19.9995	-33.2465	26.8197	-0.762361
38	100	20.1708	-33.3381	27.0069	-0.76043
38	101	20.3444	-33.4274	27.1943	-0.758412
38	102	20.5191	-33.5167	27.3826	-0.756392
38	103	20.6956	-33.6047	27.5714	-0.75432
38	104	20.8729	-33.6916	27.7602	-0.752225
38	105	21.0504	-33.7755	27.9472	-0.750078
38	106	21.2307	-33.8599	28.1367	-0.747906
38	107	21.4129	-33.9431	28.3269	-0.745684
38	108	21.5956	-34.0259	28.5174	-0.743471
38	109	21.7784	-34.1084	28.7079	-0.741275
38	110	21.9624	-34.1892	28.8982	-0.739039
38	111	22.1513	-34.2693	29.0919	-0.736701
38	112	22.3442	-34.3501	29.2891	-0.734319
38	113	22.5407	-34.4295	29.4882	-0.731853
38	114	22.7394	-34.5067	29.6878	-0.729316
38	115	22.9416	-34.5677	29.8792	-0.726327
38	116	23.1301	-34.5914	30.0362	-0.72275
38	117	23.3143	-34.5707	30.1609	-0.718194
38	118	23.4976	-34.5392	30.2785	-0.713428
38	119	23.682	-34.4898	30.386	-0.708227
38	120	23.8752	-34.4291	30.4938	-0.702593
38	121	24.0803	-34.345	30.5966	-0.696165
38	122	24.3048	-34.2327	30.6977	-0.688669
38	123	24.5556	-34.0825	30.7971	-0.679729
38	124	24.8001	-33.9172	30.8847	-0.670587
38	125	25.0355	-33.7386	30.9594	-0.661343
38	126	25.2605	-33.5499	31.0224	-0.652089
38	127	25.4766	-33.3534	31.0763	-0.642842
38	128	25.6854	-33.1483	31.1219	-0.633546
38	129	25.8865	-32.9325	31.1575	-0.624144
38	130	26.0767	-32.7049	31.1803	-0.614654
38	131	26.2534	-32.4677	31.1892	-0.605172
38	132	26.4171	-32.2244	31.1868	-0.595771
38	133	26.5706	-31.9767	31.1762	-0.586432
38	134	26.7157	-31.7236	31.1584	-0.577088
38	135	26.8517	-31.4628	31.1315	-0.567684
38	136	26.9754	-31.1934	31.0923	-0.558241
38	137	27.0839	-30.9177	31.0397	-0.548853
38	138	27.178	-30.6389	30.9758	-0.539591
38	139	27.2602	-30.3584	30.9034	-0.530437
38	140	27.3322	-30.0748	30.8234	-0.52132
38	141	27.3927	-29.7863	30.7335	-0.512197
38	142	27.4386	-29.4927	30.6309	-0.503108
38	143	27.4677	-29.1971	30.515	-0.49416
38	144	27.4814	-28.9025	30.3886	-0.485414
39	0	-18.42	-28.4988	23.4868	-2.51487
39	1	-18.4147	-28.2747	23.3518	-2.52251
39	2	-18.4127	-28.0503	23.2206	-2.53033
39	3	-18.4143	-27.8265	23.0943	-2.53831
39	4	-18.4198	-27.6037	22.9731	-2.54643
39	5	-18.428	-27.3773	22.8538	-2.55484
39	6	-18.4416	-27.1481	22.7391	-2.56356
39	7	-18.4641	-26.9181	22.6332	-2.57262
39	8	-18.4964	-26.6898	22.5384	-2.58192
39	9	-18.5412	-26.4667	22.4589	-2.5914
39	10	-18.6001	-26.2517	22.3977	-2.60096
39	11	-18.6743	-26.0429	22.3549	-2.61067
39	12	-18.7626	-25.8372	22.328	-2.62062
39	13	-18.861	-25.652	22.3221	-2.63001
39	14	-18.969	-25.4799	22.333	-2.6391
39	15	-19.0909	-25.3246	22.3659	-2.64781
39	16	-19.2227	-25.177	22.4128	-2.6564
39	17	-19.3652	-25.0382	22.4749	-2.66481
39	18	-19.5115	-24.9012	22.5429	-2.67319
39	19	-19.6652	-24.7706	22.6218	-2.68141
39	20	-19.8216	-24.6414	22.7053	-2.68957
39	21	-19.9839	-24.518	22.7981	-2.69755
39	22	-20.1493	-24.3948	22.8953	-2.70551
39	23	-20.3207	-24.2755	23.001	-2.71336
39	24	-20.4973	-24.1594	23.114	-2.7211
39	25	-20.6784	-24.0492	23.2351	-2.72861
39	26	-20.8627	-23.9452	23.3628	-2.73586
39	27	-21.05	-23.8497	23.4978	-2.74274
39	28	-21.2398	-23.7639	23.6397	-2.7492
39	29	-21.4338	-23.6916	23.7918	-2.75512
39	30	-21.6355	-23.6337	23.9572	-2.76054
39	31	-21.8481	-23.5907	24.1388	-2.76547
39	32	-22.0755	-23.5663	24.3416	-2.76983
39	33	-22.3029	-23.5631	24.5524	-2.77331
39	34	-22.5308	-23.5852	24.7731	-2.7758
39	35	-22.7609	-23.6326	25.0049	-2.77732
39	36	-22.9885	-23.6947	25.2398	-2.77823
39	37	-23.2137	-23.7653	25.4753	-2.77878
39	38	-23.4373	-23.8402	25.711	-2.77915
39	39	-23.6592	-23.9163	25.9455	-2.77944
39	40	-23.88	-23.9935	26.1793	-2.77967
39	41	-24.0989	-24.0724	26.4119	-2.77981
39	42	-24.3145	-24.1528	26.642	-2.77985
39	43	-24.5262	-24.2337	26.8687	-2.77982
39	44	-24.7343	-24.3143	27.0918	-2.77976
39	45	-24.9397	-24.3943	27.3122	-2.77968
39	46	-25.143	-24.4746	27.5308	-2.77957
39	47	-25.3439	-24.5568	27.7478	-2.77936
39	48	-25.5413	-24.6417	27.9625	-2.77902
39	49	-25.7338	-24.7293	28.1735	-2.77854
39	50	-25.9197	-24.8151	28.3778	-2.77804
39	51	-26.0987	-24.8998	28.5752	-2.7775
39	52	-26.2726	-24.9819	28.7669	-2.77698
39	53	-26.4409	-25.0647	28.9537	-2.77638
39	54	-26.6056	-25.1462	29.1366	-2.77579
39	55	-26.7649	-25.2316	29.316	-2.77501
39	56	-26.9173	-25.323	29.4911	-2.77397
39	57	-27.0719	-25.4066	29.6654	-2.77322
39	58	-27.1932	-25.5261	29.8216	-2.77094
39	59	-27.2942	-25.6849	29.9735	-2.76722
39	60	-27.3726	-25.8683	30.1139	-2.76251
39	61	-27.447	-26.0721	30.2588	-2.75716
39	62	-27.5159	-26.3054	30.4108	-2.7509
39	63	-27.5865	-26.5767	30.5802	-2.74357
39	64	-27.6586	-26.8998	30.7731	-2.7348
39	65	-27.7178	-27.2286	30.9588	-2.7258
39	66	-27.7589	-27.5618	31.1323	-2.71655
39	67	-27.781	-27.8946	31.2911	-2.70715
39	68	-27.7879	-28.2253	31.4379	-2.6977
39	69	-27.7811	-28.5562	31.5754	-2.68814
39	70	-27.7577	-28.8891	31.7017	-2.67838
39	71	-27.7143	-29.2209	31.8127	-2.66844
39	72	-27.6529	-29.5468	31.9081	-2.65847
39	73	-27.5781	-29.8667	31.992	-2.64853
39	74	-27.4912	-30.1835	32.0671	-2.63854
39	75	-27.3894	-30.4985	32.1314	-2.62843
39	76	-27.2698	-30.8086	32.1811	-2.61821
39	77	-27.1342	-31.1099	32.2159	-2.608
39	78	-26.9864	-31.4025	32.2391	-2.59786
39	79	-26.8271	-31.689	32.2527	-2.5877
39	80	-26.6535	-31.9699	32.2545	-2.57746
39	81	-26.4642	-32.2417	32.2416	-2.5672
39	82	-26.2619	-32.5015	32.2145	-2.55701
39	83	-26.0495	-32.7507	32.1765	-2.54691
39	84	-25.8265	-32.9913	32.1283	-2.53682
39	85	-25.5907	-33.2226	32.0674	-2.52671
39	86	-25.3425	-33.4407	31.9922	-2.51666
39	87	-25.0864	-33.6446	31.9054	-2.50678
39	88	-24.8602	-33.808	31.8212	-2.49843
39	89	-24.6557	-33.9411	31.7382	-2.49121
39	90	-24.4643	-34.0502	31.6526	-2.48481
39	91	-24.2783	-34.1385	31.5597	-2.479
39	92	-24.0914	-34.1972	31.4489	-2.47387
39	93	-23.913	-34.1991	31.3102	-2.47029
39	94	-23.7279	-34.145	31.1317	-2.46795
39	95	-23.5353	-34.1017	30.9542	-2.46517
39	96	-23.3435	-34.0445	30.769	-2.46271
39	97	-23.1509	-33.9802	30.5788	-2.4604
39	98	-22.9588	-33.9112	30.3862	-2.45818
39	99	-22.7658	-33.8393	30.1912	-2.45599
39	100	-22.57	-33.7652	29.9928	-2.45377
39	101	-22.3727	-33.6894	29.7923	-2.45153
39	102	-22.1731	-33.6109	29.5885	-2.44928
39	103	-21.9739	-33.5293	29.3831	-2.44709
39	104	-21.7759	-33.4448	29.177	-2.44497
39	105	-21.5793	-33.3589	28.9711	-2.44289
39	106	-21.3837	-33.2727	28.7659	-2.44081
39	107	-21.1879	-33.1863	28.5607	-2.4387
39	108	-20.9911	-33.0989	28.3541	-2.43657
39	109	-20.7936	-33.0088	28.1453	-2.43446
39	110	-20.5965	-32.9148	27.9345	-2.43243
39	111	-20.4019	-32.8165	27.7228	-2.43055
39	112	-20.2109	-32.7148	27.5117	-2.42882
39	113	-20.0223	-32.6109	27.3012	-2.42719
39	114	-19.8365	-32.5044	27.0911	-2.42567
39	115	-19.6561	-32.391	26.8805	-2.42444
39	116	-19.4879	-32.2657	26.6714	-2.42384
39	117	-19.337	-32.1228	26.4638	-2.42416
39	118	-19.2004	-31.9615	26.2549	-2.42536
39	119	-19.077	-31.7819	26.0439	-2.42746
39	120	-18.9738	-31.5998	25.8467	-2.43016
39	121	-18.8903	-31.4147	25.6628	-2.4335
39	122	-18.8215	-31.226	25.488	-2.43737
39	123	-18.7649	-31.0335	25.3205	-2.44172
39	124	-18.7126	-30.8388	25.1553	-2.4463
39	125	-18.6659	-30.6404	24.9926	-2.4512
39	126	-18.6219	-30.4385	24.8305	-2.45634
39	127	-18.5837	-30.233	24.6712	-2.46181
39	128	-18.5492	-30.0223	24.5124	-2.46761
39	129	-18.5197	-29.8081	24.3561	-2.47372
39	130	-18.4941	-29.592	24.2026	-2.48008
39	131	-18.4721	-29.3749	24.0524	-2.48664
39	132	-18.4534	-29.1572	23.9055	-2.49338
39	133	-18.4385	-28.9389	23.7625	-2.50033
39	134	-18.4281	-28.7209	23.6243	-2.50746
43	0	23.4658	-38.6317	33.0798	-0.807742
43	1	23.4902	-38.3424	32.8883	-0.801124
43	2	23.5017	-38.0508	32.6876	-0.794664
43	3	23.4994	-37.7593	32.4786	-0.788428
43	4	23.4848	-37.4698	32.2636	-0.782423
43	5	23.46	-37.182	32.0436	-0.776601
43	6	23.4252	-36.8946	31.8178	-0.770923
43	7	23.3789	-36.607	31.5847	-0.765413
43	8	23.3199	-36.3208	31.3443	-0.760133
43	9	23.2547	-36.0754	31.1283	-0.755861
43	10	23.1864	-35.8605	30.9313	-0.75232
43	11	23.108	-35.6695	30.7437	-0.749527
43	12	23.0196	-35.4951	30.5602	-0.74732
43	13	22.8989	-35.363	30.3819	-0.746834
43	14	22.7459	-35.2545	30.196	-0.747638
43	15	22.5741	-35.1628	30.0077	-0.749289
43	16	22.4	-35.0656	29.814	-0.75088
43	17	22.2197	-34.9688	29.6163	-0.752643
43	18	22.0348	-34.8703	29.414	-0.754496
43	19	21.845	-34.7689	29.2063	-0.756419
43	20	21.6512	-34.6691	28.9969	-0.758501
43	21	21.4545	-34.5698	28.786	-0.760699
43	22	21.2573	-34.472	28.5757	-0.762978
43	23	21.0598	-34.372	28.3639	-0.765239
43	24	20.8606	-34.2752	28.1533	-0.767661
43	25	20.6613	-34.1767	27.9416	-0.770079
43	26	20.4619	-34.0756	27.7281	-0.772467
43	27	20.2604	-33.977	27.515	-0.775012
43	28	20.0581	-33.8786	27.3018	-0.77762
43	29	19.8574	-33.7817	27.0909	-0.780271
43	30	19.6574	-33.6846	26.8806	-0.782938
43	31	19.4566	-33.5877	26.6699	-0.785671
43	32	19.2543	-33.4917	26.4591	-0.788517
43	33	19.0514	-33.3966	26.2488	-0.791447
43	34	18.8487	-33.3041	26.0407	-0.794485
43	35	18.6472	-33.2151	25.8361	-0.797636
43	36	18.4463	-33.1319	25.6364	-0.800979
43	37	18.2449	-33.0579	25.4432	-0.804638
43	38	18.0434	-33.0035	25.2646	-0.808894
43	39	17.8373	-32.9696	25.098	-0.8139
43	40	17.6252	-32.9523	24.9403	-0.819607
43	41	17.4048	-32.9545	24.792	-0.826163
43	42	17.1923	-32.9774	24.6654	-0.833128
43	43	16.9855	-33.0189	24.5577	-0.840498
43	44	16.7846	-33.0779	24.4684	-0.848223
43	45	16.588	-33.1508	24.3938	-0.856245
43	46	16.3954	-33.2327	24.3303	-0.864432
43	47	16.206	-33.3192	24.2739	-0.872681
43	48	16.0187	-33.4087	24.223	-0.880977
43	49	15.8326	-33.5002	24.1759	-0.889324
43	50	15.6485	-33.5953	24.1347	-0.89773
43	51	15.4673	-33.6939	24.0998	-0.90616
43	52	15.2896	-33.7951	24.0706	-0.914566
43	53	15.1169	-33.9007	24.0497	-0.922934
43	54	14.9488	-34.0082	24.0349	-0.931209
43	55	14.7854	-34.1177	24.026	-0.939385
43	56	14.6245	-34.2274	24.0204	-0.947491
43	57	14.4666	-34.3406	24.0209	-0.955578
43	58	14.311	-34.4569	24.0268	-0.963658
43	59	14.1626	-34.5826	24.0462	-0.971713
43	60	14.0208	-34.7185	24.0792	-0.979758
43	61	13.8917	-34.8712	24.1348	-0.987725
43	62	13.7704	-35.0386	24.2086	-0.995717
43	63	13.6618	-35.2261	24.3076	-1.00366
43	64	13.5715	-35.4156	24.4196	-1.01095
43	65	13.5005	-35.6098	24.547	-1.0176
43	66	13.4448	-35.8096	24.6882	-1.02377
43	67	13.4	-36.0135	24.8395	-1.02958
43	68	13.3613	-36.2204	24.9973	-1.03517
43	69	13.3284	-36.4294	25.1606	-1.04054
43	70	13.3012	-36.641	25.3297	-1.04569
43	71	13.281	-36.8539	25.504	-1.05056
43	72	13.2663	-37.0657	25.6808	-1.05516
43	73	13.2558	-37.2748	25.8578	-1.05949
43	74	13.2498	-37.4839	26.0374	-1.06363
43	75	13.2476	-37.6925	26.2189	-1.06757
43	76	13.2472	-37.9001	26.4007	-1.07137
43	77	13.25	-38.1061	26.5831	-1.07499
43	78	13.2581	-38.3144	26.7703	-1.07842
43	79	13.2733	-38.5228	26.9613	-1.08158
43	80	13.2932	-38.7296	27.1533	-1.08451
43	81	13.3178	-38.9331	27.3448	-1.0872
43	82	13.3433	-39.1331	27.5338	-1.08975
43	83	13.3715	-39.3291	27.7207	-1.09212
43	84	13.4026	-39.5254	27.9093	-1.09437
43	85	13.4396	-39.7203	28.0996	-1.09639
43	86	13.4793	-39.9132	28.2893	-1.09825
43	87	13.5232	-40.1023	28.4777	-1.0999
43	88	13.5701	-40.2866	28.6633	-1.10136
43	89	13.6211	-40.4679	28.8481	-1.10263
43	90	13.6772	-40.6448	29.0312	-1.10365
43	91	13.7363	-40.8173	29.2119	-1.1045
43	92	13.7982	-40.9864	29.3908	-1.10521
43	93	13.8653	-41.1532	29.57	-1.10571
43	94	13.9368	-41.3184	29.7497	-1.10606
43	95	14.0201	-41.479	29.9305	-1.10597
43	96	14.1104	-41.6374	30.1127	-1.10565
43	97	14.223	-41.7871	30.297	-1.10455
43	98	14.3457	-41.9358	30.485	-1.10314
43	99	14.4816	-42.0587	30.656	-1.10099
43	100	14.6197	-42.1635	30.8121	-1.09853
43	101	14.77	-42.243	30.9514	-1.09538
43	102	14.9221	-42.3169	31.0869	-1.09212
43	103	15.0792	-42.3806	31.2161	-1.08859
43	104	15.2377	-42.4447	31.3465	-1.08506
43	105	15.4005	-42.5025	31.4738	-1.08134
43	106	15.5663	-42.5618	31.6043	-1.07759
43	107	15.7386	-42.6156	31.7335	-1.07362
43	108	15.9138	-42.67	31.8652	-1.06959
43	109	16.0947	-42.716	31.9927	-1.06533
43	110	16.2782	-42.7623	32.1224	-1.06103
43	111	16.4655	-42.8014	32.2483	-1.05655
43	112	16.6544	-42.8408	32.3757	-1.05207
43	113	16.8454	-42.8764	32.5018	-1.04751
43	114	17.0384	-42.9124	32.6297	-1.04294
43	115	17.2322	-42.9463	32.757	-1.03834
43	116	17.4283	-42.9782	32.8843	-1.0337
43	117	17.6252	-43.0068	33.0101	-1.02902
43	118	17.8231	-43.0303	33.1326	-1.02427
43	119	18.0213	-43.051	33.2537	-1.0195
43	120	18.2193	-43.067	33.3714	-1.0147
43	121	18.4172	-43.0823	33.4892	-1.00992
43	122	18.6157	-43.0941	33.6052	-1.0051
43	123	18.8156	-43.1057	33.7225	-1.00028
43	124	19.0179	-43.114	33.8391	-0.995385
43	125	19.2227	-43.1209	33.9568	-0.990435
43	126	19.4295	-43.1238	34.0731	-0.985404
43	127	19.6377	-43.1245	34.1891	-0.98034
43	128	19.8467	-43.1223	34.3041	-0.975244
43	129	20.0565	-43.1192	34.4197	-0.970148
43	130	20.2679	-43.1153	34.5364	-0.965033
43	131	20.4817	-43.1102	34.6544	-0.95988
43	132	20.699	-43.0999	34.7711	-0.954591
43	133	20.9179	-43.099	34.8973	-0.949456
43	134	21.1092	-43.0479	34.9676	-0.944157
43	135	21.2838	-42.9445	34.9869	-0.938381
43	136	21.4475	-42.8196	34.9835	-0.932496
43	137	21.6065	-42.6774	34.9646	-0.926421
43	138	21.7659	-42.5145	34.9309	-0.919973
43	139	21.9305	-42.3242	34.8801	-0.912911
43	140	22.107	-42.098	34.8101	-0.904927
43	141	22.2761	-41.8652	34.7326	-0.896957
43	142	22.4376	-41.6246	34.6465	-0.888982
43	143	22.5888	-41.3756	34.5496	-0.881041
43	144	22.7279	-41.1199	34.4418	-0.873202
43	145	22.855	-40.8598	34.3252	-0.865496
43	146	22.9722	-40.5962	34.2014	-0.85789
43	147	23.0803	-40.3278	34.07	-0.850339
43	148	23.1777	-40.053	33.9288	-0.842838
43	149	23.2616	-39.7722	33.7758	-0.835451
43	150	23.3304	-39.488	33.6122	-0.828261
43	151	23.3858	-39.2032	33.4406	-0.821281
43	152	23.4306	-38.9182	33.2633	-0.81446
44	0	-13.8522	-38.4714	27.801	-2.1176
44	1	-13.8503	-38.2726	27.6304	-2.12128
44	2	-13.8547	-38.0758	27.4652	-2.12517
44	3	-13.8615	-37.8769	27.2999	-2.12921
44	4	-13.877	-37.6784	27.1401	-2.13358
44	5	-13.8941	-37.4812	26.9826	-2.13801
44	6	-13.9181	-37.2867	26.8318	-2.14266
44	7	-13.9423	-37.0943	26.6834	-2.14732
44	8	-13.9735	-36.905	26.542	-2.1522
44	9	-14.0047	-36.7175	26.4028	-2.15709
44	10	-14.0468	-36.532	26.2719	-2.16233
44	11	-14.0892	-36.3466	26.142	-2.16763
44	12	-14.1489	-36.166	26.0266	-2.17343
44	13	-14.2147	-35.9855	25.9157	-2.17947
44	14	-14.304	-35.809	25.8226	-2.18621
44	15	-14.4021	-35.6279	25.732	-2.19339
44	16	-14.5161	-35.4684	25.6695	-2.20062
44	17	-14.6298	-35.315	25.6132	-2.20773
44	18	-14.7596	-35.1754	25.5789	-2.21506
44	19	-14.8935	-35.0391	25.551	-2.22245
44	20	-15.0322	-34.9054	25.5295	-2.22995
44	21	-15.1761	-34.7751	25.5154	-2.23753
44	22	-15.3289	-34.6514	25.5134	-2.24524
44	23	-15.484	-34.5282	25.5148	-2.253
44	24	-15.6455	-34.4124	25.5276	-2.26077
44	25	-15.8086	-34.2965	25.5428	-2.26859
44	26	-15.9758	-34.1836	25.5644	-2.27644
44	27	-16.1461	-34.0713	25.5902	-2.28435
44	28	-16.3211	-33.9625	25.6233	-2.29229
44	29	-16.5002	-33.8546	25.6614	-2.30031
44	30	-16.6839	-33.75	25.7067	-2.30835
44	31	-16.871	-33.6492	25.7588	-2.31636
44	32	-17.0597	-33.5522	25.8163	-2.32427
44	33	-17.249	-33.4578	25.8778	-2.3321
44	34	-17.4396	-33.3667	25.9441	-2.33984
44	35	-17.6307	-33.2778	26.0138	-2.3475
44	36	-17.825	-33.1952	26.0918	-2.35503
44	37	-18.0229	-33.1235	26.1816	-2.36232
44	38	-18.2276	-33.073	26.2923	-2.36916
44	39	-18.4395	-33.0352	26.4183	-2.37578
44	40	-18.6403	-33.0236	26.5554	-2.38133
44	41	-18.8312	-33.0225	26.6933	-2.38629
44	42	-19.0129	-33.0488	26.8438	-2.39022
44	43	-19.19	-33.0819	26.996	-2.3938
44	44	-19.3631	-33.1286	27.1548	-2.39688
44	45	-19.5363	-33.1775	27.3155	-2.39986
44	46	-19.7111	-33.23	27.4799	-2.40274
44	47	-19.8888	-33.2862	27.6492	-2.40557
44	48	-20.0684	-33.3457	27.8224	-2.40832
44	49	-20.2496	-33.4102	28.0003	-2.41094
44	50	-20.4325	-33.4778	28.1817	-2.41348
44	51	-20.6156	-33.5496	28.3662	-2.41589
44	52	-20.7996	-33.6211	28.5514	-2.41829
44	53	-20.9833	-33.694	28.7374	-2.42062
44	54	-21.1658	-33.7691	28.9241	-2.42284
44	55	-21.3475	-33.8452	29.1111	-2.42498
44	56	-21.5294	-33.9197	29.2973	-2.42714
44	57	-21.709	-33.9965	29.4833	-2.42916
44	58	-21.8909	-34.0758	29.6729	-2.43115
44	59	-22.0738	-34.1574	29.8648	-2.43307
44	60	-22.2583	-34.2374	30.057	-2.43505
44	61	-22.4424	-34.3189	30.2501	-2.43695
44	62	-22.626	-34.402	30.4437	-2.43877
44	63	-22.8076	-34.4895	30.639	-2.44042
44	64	-22.9933	-34.5754	30.8363	-2.44218
44	65	-23.1822	-34.6605	31.0357	-2.444
44	66	-23.3697	-34.7526	31.2385	-2.4456
44	67	-23.5475	-34.858	31.4426	-2.44665
44	68	-23.6807	-34.9936	31.6317	-2.44605
44	69	-23.7775	-35.17	31.8191	-2.44375
44	70	-23.8553	-35.3611	32.0017	-2.44074
44	71	-23.9229	-35.5673	32.1866	-2.43719
44	72	-23.9833	-35.7956	32.3807	-2.43303
44	73	-24.0372	-36.0558	32.5913	-2.42804
44	74	-24.0848	-36.3598	32.827	-2.42199
44	75	-24.121	-36.6683	33.0582	-2.41569
44	76	-24.1429	-36.9806	33.2826	-2.40911
44	77	-24.1488	-37.2932	33.4968	-2.40229
44	78	-24.1407	-37.6035	33.7007	-2.39533
44	79	-24.1216	-37.9116	33.8967	-2.38827
44	80	-24.092	-38.2195	34.0866	-2.38109
44	81	-24.0496	-38.5278	34.2693	-2.37372
44	82	-23.9926	-38.8344	34.4422	-2.36616
44	83	-23.922	-39.1363	34.6042	-2.3585
44	84	-23.8409	-39.4333	34.7573	-2.3508
44	85	-23.7507	-39.7272	34.9038	-2.34304
44	86	-23.6498	-40.0195	35.0438	-2.33516
44	87	-23.5353	-40.3091	35.1748	-2.32711
44	88	-23.4064	-40.5928	35.2939	-2.31894
44	89	-23.2654	-40.8684	35.4012	-2.31072
44	90	-23.115	-41.137	35.4993	-2.30249
44	91	-22.9553	-41.4004	35.5898	-2.29421
44	92	-22.7844	-41.6586	35.6715	-2.28583
44	93	-22.6014	-41.9094	35.7422	-2.27736
44	94	-22.4082	-42.1505	35.8014	-2.26888
44	95	-22.2076	-42.3822	35.8512	-2.26044
44	96	-22.0289	-42.5724	35.8852	-2.25323
44	97	-21.8649	-42.7305	35.9052	-2.24691
44	98	-21.7087	-42.8634	35.9117	-2.2412
44	99	-21.5542	-42.9761	35.9045	-2.23588
44	100	-21.3952	-43.0701	35.8808	-2.23077
44	101	-21.2455	-43.1718	35.8698	-2.22574
44	102	-21.0842	-43.2234	35.8129	-2.22129
44	103	-20.8982	-43.2324	35.7077	-2.21699
44	104	-20.7097	-43.2518	35.61	-2.21244
44	105	-20.5178	-43.2637	35.5051	-2.2079
44	106	-20.325	-43.2718	35.3973	-2.20339
44	107	-20.1306	-43.2796	35.2891	-2.19882
44	108	-19.9357	-43.2845	35.1789	-2.19425
44	109	-19.7389	-43.2888	35.0678	-2.18963
44	110	-19.5416	-43.2886	34.9536	-2.18503
44	111	-19.3436	-43.2857	34.8375	-2.18043
44	112	-19.1453	-43.2793	34.719	-2.17586
44	113	-18.9469	-43.2706	34.5994	-2.17128
44	114	-18.7511	-43.2604	34.4807	-2.16676
44	115	-18.5567	-43.2482	34.3618	-2.16228
44	116	-18.3641	-43.2357	34.2444	-2.15782
44	117	-18.1726	-43.2197	34.1254	-2.1534
44	118	-17.9813	-43.2034	34.0068	-2.14897
44	119	-17.7907	-43.1827	33.8856	-2.14459
44	120	-17.6006	-43.1608	33.7644	-2.14022
44	121	-17.4118	-43.1348	33.641	-2.13591
44	122	-17.224	-43.108	33.5181	-2.1316
44	123	-17.0372	-43.0774	33.3931	-2.12735
44	124	-16.8499	-43.0468	33.2685	-2.12306
44	125	-16.6655	-43.0116	33.1421	-2.11888
44	126	-16.4823	-42.9765	33.017	-2.1147
44	127	-16.3013	-42.9355	32.8885	-2.11063
44	128	-16.1217	-42.8943	32.7611	-2.10658
44	129	-15.9458	-42.8476	32.6314	-2.10267
44	130	-15.7709	-42.7995	32.5014	-2.09879
44	131	-15.5985	-42.7478	32.3702	-2.09499
44	132	-15.4293	-42.6929	32.2382	-2.0913
44	133	-15.2647	-42.6323	32.104	-2.08779
44	134	-15.1012	-42.5733	31.9721	-2.08426
44	135	-14.9521	-42.498	31.8334	-2.08134
44	136	-14.8259	-42.4017	31.6878	-2.07935
44	137	-14.7179	-42.2811	31.5299	-2.07822
44	138	-14.6006	-42.1645	31.3709	-2.07676
44	139	-14.5101	-42.0387	31.217	-2.07617
44	140	-14.4157	-41.9183	31.0661	-2.07539
44	141	-14.336	-41.7885	30.9138	-2.07516
44	142	-14.2784	-41.6121	30.7316	-2.0763
44	143	-14.2213	-41.4174	30.5336	-2.07775
44	144	-14.1763	-41.2193	30.3386	-2.07962
44	145	-14.133	-41.0223	30.1456	-2.08155
44	146	-14.0933	-40.8271	29.9559	-2.08358
44	147	-14.0568	-40.6325	29.7686	-2.08572
44	148	-14.0229	-40.4395	29.584	-2.08794
44	149	-13.9904	-40.2448	29.3987	-2.09025
44	150	-13.9627	-40.049	29.2151	-2.09275
44	151	-13.936	-39.8543	29.0331	-2.0953
44	152	-13.9147	-39.6563	28.8512	-2.0981
44	153	-13.8963	-39.4577	28.6704	-2.10103
44	154	-13.8816	-39.2605	28.493	-2.10408
44	155	-13.8688	-39.0661	28.3192	-2.10718
44	156	-13.8607	-38.8691	28.1459	-2.11051
44	157	-13.8541	-38.6705	27.9723	-2.11396
48	0	22.0015	-45.6489	37.6062	-0.965499
48	1	21.926	-45.3672	37.3318	-0.962868
48	2	21.8389	-45.0875	37.0526	-0.960486
48	3	21.7383	-44.8114	36.7687	-0.958425
48	4	21.6403	-44.5815	36.5243	-0.957003
48	5	21.5434	-44.3895	36.3116	-0.956137
48	6	21.4465	-44.227	36.123	-0.955735
48	7	21.3479	-44.0865	35.9513	-0.95572
48	8	21.2453	-43.9614	35.7899	-0.956044
48	9	21.1292	-43.8573	35.638	-0.957022
48	10	20.9891	-43.8022	35.5123	-0.959353
48	11	20.8194	-43.7866	35.4024	-0.963026
48	12	20.6459	-43.7751	35.2941	-0.966874
48	13	20.4679	-43.7627	35.1831	-0.97084
48	14	20.2862	-43.753	35.0728	-0.974958
48	15	20.101	-43.7435	34.9613	-0.979189
48	16	19.9126	-43.7342	34.8488	-0.98353
48	17	19.7215	-43.7256	34.7362	-0.987971
48	18	19.529	-43.7172	34.6235	-0.99248
48	19	19.336	-43.7105	34.5128	-0.997058
48	20	19.1431	-43.7028	34.4019	-1.00164
48	21	18.9502	-43.6928	34.2899	-1.00623
48	22	18.7567	-43.6853	34.1805	-1.01089
48	23	18.5625	-43.6755	34.0694	-1.01557
48	24	18.368	-43.6615	33.9554	-1.02022
48	25	18.1741	-43.6445	33.8397	-1.02484
48	26	17.9818	-43.6272	33.7255	-1.02945
48	27	17.7917	-43.6149	33.6174	-1.0341
48	28	17.6051	-43.6015	33.5108	-1.03868
48	29	17.4181	-43.5804	33.398	-1.04319
48	30	17.2303	-43.5513	33.2787	-1.04763
48	31	17.0412	-43.516	33.1539	-1.05203
48	32	16.8505	-43.4783	33.0269	-1.05648
48	33	16.6578	-43.4443	32.9029	-1.06107
48	34	16.465	-43.4093	32.7786	-1.06569
48	35	16.2725	-43.3736	32.6547	-1.07031
48	36	16.0799	-43.3393	32.5325	-1.075
48	37	15.8871	-43.305	32.4109	-1.07973
48	38	15.6936	-43.2723	32.2912	-1.08454
48	39	15.4986	-43.2394	32.1714	-1.08942
48	40	15.3028	-43.2071	32.0525	-1.09437
48	41	15.1073	-43.1765	31.9361	-1.09937
48	42	14.9128	-43.1497	31.8243	-1.10443
48	43	14.7195	-43.1292	31.7194	-1.10958
48	44	14.5275	-43.118	31.6244	-1.11486
48	45	14.3363	-43.1234	31.5455	-1.12038
48	46	14.1444	-43.1555	31.4915	-1.12631
48	47	13.9506	-43.2184	31.4656	-1.13273
48	48	13.7541	-43.3107	31.4666	-1.13963
48	49	13.5755	-43.4269	31.4982	-1.14632
48	50	13.4128	-43.5668	31.5594	-1.15285
48	51	13.2664	-43.7261	31.6461	-1.15912
48	52	13.1346	-43.8983	31.7518	-1.16509
48	53	13.021	-44.0857	31.8795	-1.17069
48	54	12.9269	-44.2862	32.028	-1.17583
48	55	12.8578	-44.4843	32.1845	-1.18018
48	56	12.8081	-44.6804	32.3472	-1.18391
48	57	12.7729	-44.8771	32.5163	-1.18719
48	58	12.7478	-45.0757	32.6912	-1.19018
48	59	12.7287	-45.2772	32.8713	-1.193
48	60	12.7142	-45.4824	33.0568	-1.19569
48	61	12.7057	-45.691	33.2479	-1.19823
48	62	12.7036	-45.9007	33.4426	-1.20057
48	63	12.7068	-46.1106	33.6395	-1.20274
48	64	12.7129	-46.3206	33.8377	-1.20481
48	65	12.7204	-46.5313	34.0372	-1.20682
48	66	12.7299	-46.742	34.2375	-1.20875
48	67	12.7417	-46.9538	34.4398	-1.2106
48	68	12.7567	-47.1672	34.6449	-1.21237
48	69	12.7754	-47.3819	34.8525	-1.21403
48	70	12.7981	-47.5965	35.0615	-1.21556
48	71	12.8237	-47.8097	35.2703	-1.21698
48	72	12.8507	-48.021	35.478	-1.21833
48	73	12.8782	-48.2311	35.6847	-1.21964
48	74	12.9058	-48.4409	35.8912	-1.22093
48	75	12.934	-48.6517	36.0989	-1.2222
48	76	12.9642	-48.8638	36.3086	-1.22341
48	77	12.9977	-49.0765	36.5201	-1.22453
48	78	13.0354	-49.2882	36.7321	-1.22552
48	79	13.0771	-49.4971	36.9427	-1.22637
48	80	13.1212	-49.7018	37.1503	-1.22712
48	81	13.1682	-49.9019	37.3545	-1.22774
48	82	13.2151	-50.1036	37.5602	-1.22837
48	83	13.2623	-50.3074	37.7681	-1.229
48	84	13.3123	-50.5133	37.9788	-1.22958
48	85	13.3648	-50.7206	38.1918	-1.2301
48	86	13.4215	-50.9276	38.4058	-1.23051
48	87	13.4823	-51.1323	38.6191	-1.23079
48	88	13.5459	-51.3338	38.8302	-1.23098
48	89	13.6102	-51.5366	39.0429	-1.23116
48	90	13.6751	-51.7412	39.2575	-1.23134
48	91	13.7422	-51.9476	39.4744	-1.23148
48	92	13.8139	-52.1547	39.6936	-1.23151
48	93	13.8934	-52.36	39.9136	-1.23134
48	94	13.9868	-52.5554	40.129	-1.23077
48	95	14.1029	-52.7165	40.3196	-1.22939
48	96	14.265	-52.8341	40.4848	-1.22659
48	97	14.4404	-52.9332	40.6375	-1.22335
48	98	14.6295	-53.019	40.7829	-1.2197
48	99	14.8386	-53.0929	40.9245	-1.21553
48	100	15.076	-53.1563	41.067	-1.21064
48	101	15.3521	-53.2107	41.216	-1.20484
48	102	15.6334	-53.2525	41.3563	-1.19885
48	103	15.9195	-53.2782	41.4851	-1.19265
48	104	16.2071	-53.2856	41.599	-1.18629
48	105	16.4927	-53.2765	41.6985	-1.17986
48	106	16.7757	-53.2545	41.7869	-1.1734
48	107	17.0574	-53.2218	41.8667	-1.16689
48	108	17.3395	-53.177	41.9373	-1.16029
48	109	17.6212	-53.1171	41.9957	-1.15357
48	110	17.8997	-53.0402	42.0392	-1.14677
48	111	18.1721	-52.948	42.0683	-1.13996
48	112	18.4386	-52.8439	42.0859	-1.13318
48	113	18.7006	-52.7292	42.0941	-1.12638
48	114	18.9591	-52.6022	42.0915	-1.11954
48	115	19.2123	-52.4605	42.0754	-1.11266
48	116	19.4568	-52.304	42.0441	-1.1058
48	117	19.6913	-52.1358	41.9999	-1.09901
48	118	19.9173	-51.9589	41.9461	-1.0923
48	119	20.137	-51.7739	41.8839	-1.08561
48	120	20.3504	-51.5786	41.8116	-1.07891
48	121	20.5547	-51.3703	41.7254	-1.07224
48	122	20.7475	-51.1508	41.6257	-1.06565
48	123	20.9278	-50.9229	41.5144	-1.05919
48	124	21.0972	-50.6886	41.3939	-1.05285
48	125	21.2576	-50.4473	41.2644	-1.04658
48	126	21.4082	-50.1967	41.1237	-1.04036
48	127	21.5458	-49.9359	40.9691	-1.03424
48	128	21.6673	-49.6672	40.8009	-1.02831
48	129	21.7733	-49.3945	40.6228	-1.02262
48	130	21.8668	-49.1196	40.4376	-1.0171
48	131	21.9502	-48.8415	40.2454	-1.0117
48	132	22.0226	-48.5583	40.0443	-1.00642
48	133	22.0814	-48.27	39.8327	-1.0013
48	134	22.125	-47.9791	39.6116	-0.996413
48	135	22.1545	-47.6884	39.3841	-0.991773
48	136	22.1728	-47.3983	39.1517	-0.987328
48	137	22.1808	-47.1073	38.9136	-0.983034
48	138	22.1768	-46.8135	38.6672	-0.978908
48	139	22.1569	-46.5175	38.4108	-0.975039
48	140	22.1194	-46.2231	38.1463	-0.971523
48	141	22.0664	-45.9336	37.8775	-0.968366
49	0	-13.4934	-47.2277	35.4289	-1.98001
49	1	-13.4834	-47.0255	35.2395	-1.98203
49	2	-13.4764	-46.8235	35.0516	-1.98415
49	3	-13.4718	-46.6214	34.8647	-1.98636
49	4	-13.4696	-46.4183	34.6781	-1.98867
49	5	-13.4707	-46.2138	34.4917	-1.9911
49	6	-13.4758	-46.0079	34.306	-1.99369
49	7	-13.4841	-45.8009	34.1208	-1.9964
49	8	-13.4955	-45.5937	33.9369	-1.99923
49	9	-13.5096	-45.3868	33.7547	-2.00215
49	10	-13.5258	-45.1804	33.5741	-2.00516
49	11	-13.5437	-44.9737	33.3943	-2.00825
49	12	-13.5639	-44.766	33.2149	-2.01145
49	13	-13.5873	-44.5578	33.0367	-2.01478
49	14	-13.6182	-44.351	32.8635	-2.01833
49	15	-13.6601	-44.1466	32.6976	-2.02219
49	16	-13.716	-43.946	32.5418	-2.02642
49	17	-13.7896	-43.7489	32.3976	-2.03114
49	18	-13.902	-43.5766	32.2935	-2.03663
49	19	-14.0082	-43.4565	32.2343	-2.04125
49	20	-14.1208	-43.3671	32.206	-2.04562
49	21	-14.2643	-43.2889	32.2025	-2.0507
49	22	-14.4355	-43.2431	32.2413	-2.05606
49	23	-14.6077	-43.2355	32.3153	-2.06089
49	24	-14.7834	-43.2521	32.413	-2.06543
49	25	-14.9606	-43.2774	32.5197	-2.06985
49	26	-15.1387	-43.3077	32.6319	-2.0742
49	27	-15.3152	-43.3415	32.7468	-2.07843
49	28	-15.4909	-43.3766	32.8633	-2.08258
49	29	-15.6665	-43.412	32.9804	-2.08669
49	30	-15.8419	-43.4475	33.0981	-2.09077
49	31	-16.0171	-43.4828	33.2161	-2.09482
49	32	-16.1943	-43.5199	33.3371	-2.09887
49	33	-16.3733	-43.5563	33.459	-2.10294
49	34	-16.5537	-43.5883	33.5784	-2.10709
49	35	-16.7349	-43.6178	33.6966	-2.11126
49	36	-16.9158	-43.6506	33.8181	-2.11535
49	37	-17.0977	-43.6802	33.938	-2.11948
49	38	-17.281	-43.7041	34.0543	-2.12371
49	39	-17.4654	-43.7229	34.1674	-2.12802
49	40	-17.6497	-43.7398	34.2796	-2.13232
49	41	-17.8321	-43.7606	34.3946	-2.13648
49	42	-18.0118	-43.7794	34.5071	-2.14059
49	43	-18.1881	-43.7965	34.6169	-2.14461
49	44	-18.3653	-43.8142	34.7282	-2.14862
49	45	-18.5439	-43.8265	34.8364	-2.15272
49	46	-18.7243	-43.8337	34.9418	-2.15692
49	47	-18.9059	-43.8434	35.0506	-2.16108
49	48	-19.0882	-43.8508	35.1586	-2.16527
49	49	-19.2703	-43.8562	35.2653	-2.16947
49	50	-19.4505	-43.867	35.3761	-2.1735
49	51	-19.6325	-43.8732	35.4847	-2.17763
49	52	-19.8158	-43.8756	35.5915	-2.18182
49	53	-19.9998	-43.8813	35.702	-2.18595
49	54	-20.1844	-43.8845	35.8115	-2.19011
49	55	-20.3691	-43.8825	35.9174	-2.19433
49	56	-20.5563	-43.8716	36.0181	-2.19872
49	57	-20.7452	-43.8525	36.1141	-2.20327
49	58	-20.9343	-43.8508	36.2248	-2.20751
49	59	-21.0711	-43.9146	36.3575	-2.20949
49	60	-21.1813	-44.0092	36.4991	-2.21037
49	61	-21.2747	-44.1206	36.6443	-2.2106
49	62	-21.3559	-44.2451	36.7927	-2.21035
49	63	-21.4281	-44.3848	36.9479	-2.20966
49	64	-21.4933	-44.5444	37.1149	-2.20851
49	65	-21.5532	-44.7296	37.2994	-2.20684
49	66	-21.6095	-44.9473	37.508	-2.2046
49	67	-21.6645	-45.2052	37.7486	-2.20173
49	68	-21.7101	-45.4644	37.985	-2.19867
49	69	-21.7469	-45.725	38.2177	-2.19544
49	70	-21.7744	-45.9876	38.447	-2.19203
49	71	-21.7908	-46.2524	38.6722	-2.18839
49	72	-21.7947	-46.5182	38.8914	-2.18451
49	73	-21.7859	-46.7828	39.103	-2.18043
49	74	-21.7662	-47.0449	39.3069	-2.17621
49	75	-21.7374	-47.3048	39.5046	-2.17186
49	76	-21.6998	-47.5636	39.6972	-2.16739
49	77	-21.652	-47.8223	39.8847	-2.16276
49	78	-21.5916	-48.0802	40.0656	-2.15791
49	79	-21.5171	-48.3351	40.237	-2.15286
49	80	-21.4293	-48.5844	40.3975	-2.14766
49	81	-21.3306	-48.8271	40.5477	-2.14235
49	82	-21.2229	-49.0642	40.6894	-2.13697
49	83	-21.1065	-49.2969	40.824	-2.13151
49	84	-20.9801	-49.5255	40.951	-2.12593
49	85	-20.8423	-49.7488	41.0688	-2.12021
49	86	-20.6931	-49.9645	41.1756	-2.11438
49	87	-20.5344	-50.1712	41.2711	-2.1085
49	88	-20.3684	-50.3693	41.3569	-2.1026
49	89	-20.196	-50.5602	41.4348	-2.09668
49	90	-20.0168	-50.745	41.5054	-2.09071
49	91	-19.8295	-50.9237	41.5682	-2.08466
49	92	-19.6323	-51.0937	41.6201	-2.07853
49	93	-19.4255	-51.2523	41.6589	-2.07234
49	94	-19.2113	-51.3982	41.6847	-2.06615
49	95	-18.9923	-51.5324	41.6994	-2.06
49	96	-18.7694	-51.657	41.7055	-2.05388
49	97	-18.5422	-51.7731	41.7035	-2.04776
49	98	-18.3095	-51.8798	41.6922	-2.04163
49	99	-18.0709	-51.975	41.6697	-2.03549
49	100	-17.8278	-52.057	41.6348	-2.02939
49	101	-17.5822	-52.1259	41.5886	-2.02336
49	102	-17.3356	-52.1833	41.5331	-2.01741
49	103	-17.0879	-52.231	41.4699	-2.01153
49	104	-16.8382	-52.269	41.3984	-2.00568
49	105	-16.5855	-52.2955	41.3167	-1.99987
49	106	-16.3303	-52.3076	41.2222	-1.99412
49	107	-16.075	-52.3033	41.1141	-1.9885
49	108	-15.8225	-52.2835	40.9942	-1.98306
49	109	-15.5747	-52.2504	40.8651	-1.97783
49	110	-15.3648	-52.2077	40.7432	-1.97351
49	111	-15.1836	-52.1559	40.6247	-1.96991
49	112	-15.0235	-52.0946	40.5063	-1.96686
49	113	-14.8782	-52.0235	40.3847	-1.96422
49	114	-14.7457	-51.9405	40.2574	-1.96197
49	115	-14.6325	-51.8354	40.1171	-1.96036
49	116	-14.5411	-51.7055	39.9623	-1.95948
49	117	-14.4669	-51.5415	39.7824	-1.95931
49	118	-14.4006	-51.3722	39.6006	-1.95938
49	119	-14.3345	-51.1994	39.4157	-1.95949
49	120	-14.2678	-51.024	39.2281	-1.95961
49	121	-14.2031	-50.846	39.0388	-1.95981
49	122	-14.1415	-50.666	38.8489	-1.9601
49	123	-14.083	-50.4849	38.6591	-1.96048
49	124	-14.027	-50.303	38.4696	-1.96093
49	125	-13.973	-50.12	38.2799	-1.96144
49	126	-13.9211	-49.9355	38.0895	-1.96202
49	127	-13.8719	-49.7488	37.8981	-1.9627
49	128	-13.8268	-49.5598	37.7062	-1.96351
49	129	-13.787	-49.3691	37.5148	-1.96448
49	130	-13.7528	-49.178	37.3252	-1.96559
49	131	-13.7214	-48.9864	37.1363	-1.9668
49	132	-13.6915	-48.7952	36.9484	-1.96805
49	133	-13.6624	-48.6044	36.7613	-1.96932
49	134	-13.6332	-48.4136	36.5741	-1.97061
49	135	-13.604	-48.2216	36.386	-1.97193
49	136	-13.5756	-48.0276	36.1962	-1.9733
49	137	-13.5491	-47.8308	36.0049	-1.97476
49	138	-13.526	-47.6314	35.8124	-1.97636
49	139	-13.5073	-47.4299	35.62	-1.97811
