# CellID	Layer	Boundary	Stem	Area	Perimeter	CenterX	CenterY	WUS	CK	Neighbors	IsDividing	Volume	Circularity	WallNodeCount	CytNodeCount	CenterDist	CenterAngle	IsBuffer	ThetaLocal
# Units	-	-	-	-	um^2	um	um	um	-	-	count	-	um^3	-	count	count	um	rad	-	rad
0	1	0	0	110.221	38.9987	13.5714	15.3805	57.8167	0	0	0	110.221	0.910693	132	30	30.7732	1.24303	0	0
1	1	0	0	105.408	37.7941	0.71139	17.0265	57.2082	0	0	0	105.408	0.927333	137	30	30.9223	1.66645	0	0
2	1	0	0	72.6229	30.9159	24.8059	10.0905	56.0638	0	0	0	72.6229	0.954815	97	22	31.8674	0.845426	0	0
3	1	0	0	92.2292	35.0355	-11.4594	14.6233	54.7508	0	0	0	92.2292	0.944196	139	22	32.1564	2.06046	0	0
4	1	0	0	77.7302	32.0291	34.2478	4.47953	51.7201	0	0	0	77.7302	0.952161	112	22	35.6063	0.537628	0	0
5	1	0	0	106.291	38.4452	-24.8394	11.8309	48.1035	0	0	0	106.291	0.903692	140	30	38.3026	2.4101	0	0
6	1	0	0	102.356	37.3158	43.7196	-0.899379	45.8063	0	0	0	102.356	0.923719	133	30	42.0673	0.310552	0	0
7	1	0	0	84.5271	33.7303	-35.134	4.64062	43.3254	0	0	0	84.5271	0.933611	125	22	42.9385	2.69887	0	0
8	1	1	0	83.8052	32.9697	51.5774	-8.45188	40.8071	0	0	0	83.8052	0.968839	140	30	48.2053	0.110223	0	0
9	1	1	0	85.6713	33.4	-42.9702	-3.37756	39.2705	0	0	0	85.6713	0.965056	147	30	47.7753	2.92265	0	0
10	2	0	0	95.4823	35.4567	6.07972	7.35973	67.01	0	0	0	95.4823	0.954413	120	30	21.2519	1.45691	0	0
11	2	0	0	97.6011	35.6929	16.2332	4.79711	65.4004	0	0	0	97.6011	0.962724	146	30	22.4083	0.975335	0	0
12	2	0	0	93.9948	35.1244	-4.46822	7.49531	64.033	0	0	0	93.9948	0.957405	135	30	22.7529	1.93632	0	0
13	2	0	0	93.2825	34.8706	26.0294	-0.348962	59.9445	0	0	0	93.2825	0.964031	133	30	26.0747	0.53998	0	0
14	2	0	0	89.6114	34.513	-16.2552	5.8377	56.829	0	0	0	89.6114	0.945385	142	30	27.9401	2.36449	0	0
15	2	0	0	72.8961	30.7289	35.4258	-5.78	52.6306	0	0	0	72.8961	0.970106	117	22	32.747	0.245991	0	0
16	2	0	0	100.758	36.4908	-26.4825	1.16877	50.2123	0	0	0	100.758	0.95088	150	30	33.6385	2.68194	0	0
17	2	1	0	80.2357	32.6348	43.815	-11.7727	45.9753	0	0	0	80.2357	0.946706	143	30	40.1993	0.049318	0	0
18	2	1	0	78.9874	32.6383	-35.5866	-6.65432	44.2969	0	0	0	78.9874	0.931777	150	30	39.8882	2.96264	0	0
19	3	0	0	76.548	32.164	10.0774	-4.54114	77.4621	85.2931	0	0	76.548	0.929832	111	22	11.2254	0.962738	0	0
20	3	0	0	93.8496	34.9937	0.654192	-3.13381	76.7411	83.5263	0	0	93.8496	0.963084	132	30	11.0391	1.847	0	0
21	3	0	0	74.7717	31.4297	18.2093	-6.91517	69.0326	82.0502	0	0	74.7717	0.95119	113	22	16.0725	0.439546	0	0
22	3	0	0	96.955	35.9655	-9.24822	-3.08631	66.6848	76.9922	0	0	96.955	0.941908	148	30	16.7497	2.4511	0	0
23	3	0	0	73.6204	30.9083	27.3045	-11.0054	59.633	74.9164	0	0	73.6204	0.968404	115	22	23.7992	0.115769	0	0
24	3	0	0	88.0974	34.7502	-18.953	-5.82901	57.6591	69.726	0	0	88.0974	0.916765	162	30	23.966	2.80455	0	0
25	3	1	0	76.8714	31.6537	35.9057	-16.0934	51.3492	66.5227	0	0	76.8714	0.96411	146	30	32.3258	-0.0724193	0	0
26	3	1	0	71.7621	30.9899	-28.0107	-10.2691	49.9079	62.343	0	0	71.7621	0.938995	130	30	31.8665	3.032	0	0
27	4	0	0	93.7258	35.3134	3.70748	-14.664	75.2681	101.479	0	0	93.7258	0.944473	113	30	0.91058	-1.5237	0	0
28	4	0	0	68.3807	30.5613	12.2948	-16.1544	70.9101	96.9557	0	0	68.3807	0.920023	103	22	8.95769	-0.271238	0	0
29	4	0	0	91.5838	34.9388	-4.50997	-14.3372	70.1844	91.8199	0	0	91.5838	0.942787	119	30	8.19533	-3.07043	0	0
30	4	0	0	87.4055	34.0996	20.436	-18.4069	63.0889	85.9442	0	0	87.4055	0.944606	122	30	17.4048	-0.270597	0	0
31	4	0	0	87.7022	34.3277	-13.5656	-14.7394	61.8518	80.3471	0	0	87.7022	0.935256	127	30	17.2584	-3.08449	0	0
32	4	1	0	57.5498	27.399	28.9158	-21.0499	55.2271	74.8586	0	0	57.5498	0.96335	135	22	26.284	-0.281255	0	0
33	4	1	0	75.9127	31.4622	-22.0899	-16.6714	53.8619	70.3291	0	0	75.9127	0.963709	149	30	25.9192	-3.02881	0	0
34	5	0	0	85.2659	33.6151	6.62834	-26.0166	63.115	98.4106	0	0	85.2659	0.948238	105	30	12.6152	-1.33365	0	0
35	5	0	0	65.1475	29.7531	-1.8117	-25.8051	61.9858	93.8581	0	0	65.1475	0.924788	100	22	13.2366	-1.99734	0	0
36	5	0	0	67.3411	29.9275	14.9895	-27.6649	59.4	89.1941	0	0	67.3411	0.944822	102	22	17.9375	-0.887498	0	0
37	5	0	0	86.8541	34.2042	-10.0616	-25.5477	58.1809	83.854	0	0	86.8541	0.932913	126	30	18.0966	-2.4318	0	0
38	5	1	0	80.1458	32.186	24.0423	-28.7362	54.1243	78.0405	0	0	80.1458	0.972202	145	30	25.2923	-0.633963	0	0
39	5	1	0	76.1782	31.5249	-19.3551	-25.4413	52.4318	72.7558	0	0	76.1782	0.96324	135	30	25.8165	-2.67181	0	0
40	6	0	0	57.512	27.6736	1.45548	-35.5936	54.0796	83.6549	0	0	57.512	0.943707	87	22	21.9506	-1.67161	0	0
41	6	0	0	92.9817	35.6549	9.69042	-37.8805	52.1365	80.5062	0	0	92.9817	0.919111	119	30	24.8672	-1.32604	0	0
42	6	0	0	98.3084	36.9647	-6.92988	-37.0271	51.0741	77.2917	0	0	98.3084	0.904121	142	30	25.5707	-1.99799	0	0
43	6	1	0	83.3342	32.8	19.157	-37.4231	50.289	75.7123	0	0	83.3342	0.973384	153	30	28.2881	-0.991228	0	0
44	6	1	0	87.3059	33.4994	-16.3882	-35.1223	48.6121	70.8651	0	0	87.3059	0.97764	158	30	29.3036	-2.32446	0	0
45	7	0	0	110.155	38.9232	0.399401	-47.327	44.8986	68.9974	0	0	110.155	0.913687	148	22	33.731	-1.66775	0	0
46	7	0	0	90.7073	36.0451	9.5182	-49.1843	43.7591	67.2158	0	0	90.7073	0.877321	146	30	35.9101	-1.40706	0	0
47	7	0	0	95.7409	36.9829	-9.2792	-48.2707	42.7952	64.7643	0	0	95.7409	0.87964	154	30	36.8634	-1.92957	0	0
48	7	1	0	81.0033	33.1691	17.8035	-46.7231	44.2007	67.1533	0	0	81.0033	0.925222	142	30	35.8725	-1.16566	0	0
49	7	1	0	64.3619	30.1934	-16.7767	-44.5088	42.9044	63.5729	0	0	64.3619	0.887185	140	22	36.928	-2.15741	0	0
