# CellID	NodeIndex	X	Y	R	Theta
8	0	52.2388	-1.20669	50.3429	0.0775932
8	1	52.4282	-1.04456	50.5446	0.0805007
8	2	52.609	-0.872032	50.7389	0.0836034
8	3	52.7798	-0.690361	50.9245	0.0868783
8	4	52.9405	-0.501378	51.1013	0.0902898
8	5	53.092	-0.306367	51.2701	0.0938114
8	6	53.2354	-0.105509	51.432	0.0974384
8	7	53.3708	0.1019	51.5874	0.101184
8	8	53.4974	0.316697	51.7354	0.105068
8	9	53.6136	0.538945	51.8746	0.109094
8	10	53.7179	0.767512	52.0037	0.113244
8	11	53.8103	1.00067	52.1223	0.117489
8	12	53.892	1.23719	52.2317	0.121802
8	13	53.9641	1.47696	52.3329	0.126183
8	14	54.027	1.72075	52.4265	0.130645
8	15	54.0797	1.96945	52.5117	0.13521
8	16	54.1202	2.2231	52.5865	0.139886
8	17	54.1467	2.48024	52.6492	0.144652
8	18	54.1591	2.73863	52.6994	0.14947
8	19	54.1591	2.99668	52.7384	0.154308
8	20	54.1484	3.25427	52.768	0.159163
8	21	54.1279	3.51223	52.7893	0.164049
8	22	54.097	3.77131	52.8018	0.168986
8	23	54.0542	4.03128	52.804	0.173975
8	24	53.9986	4.2907	52.7948	0.178997
8	25	53.9305	4.54785	52.7742	0.184022
8	26	53.8515	4.80199	52.7438	0.189033
8	27	53.7629	5.05362	52.7047	0.194038
8	28	53.6646	5.30362	52.6571	0.199057
8	29	53.5554	5.55211	52.5999	0.204098
8	30	53.4342	5.79788	52.5316	0.209147
8	31	53.3009	6.03905	52.452	0.214173
8	32	53.1571	6.27459	52.3622	0.219152
8	33	53.0045	6.50508	52.264	0.224091
8	34	52.8442	6.73049	52.1584	0.228988
8	35	52.675	6.95109	52.0444	0.233854
8	36	52.4954	7.16545	51.9198	0.238672
8	37	52.3053	7.37118	51.7844	0.2434
8	38	52.107	7.56701	51.6397	0.248006
8	39	51.9025	7.75373	51.4878	0.252496
8	40	51.6925	7.93301	51.3298	0.2569
8	41	51.4761	8.10559	51.1647	0.261237
8	42	51.2517	8.27046	50.991	0.265497
8	43	51.0193	8.42546	50.8079	0.269641
8	44	50.7806	8.56913	50.6165	0.273634
8	45	50.5376	8.70202	50.4188	0.277474
8	46	50.2912	8.82586	50.2161	0.281189
8	47	50.0406	8.94172	50.0078	0.284806
8	48	49.7845	9.04908	49.7925	0.288321
8	49	49.5225	9.14588	49.5691	0.291696
8	50	49.256	9.2296	49.3382	0.294874
8	51	49.0232	9.28512	49.1317	0.297333
8	52	48.8162	9.31816	48.9435	0.299217
8	53	48.6277	9.33245	48.7677	0.300636
8	54	48.4516	9.33192	48.5994	0.301699
8	55	48.2852	9.31556	48.4357	0.302397
8	56	48.1219	9.30896	48.2778	0.303274
8	57	47.9728	9.26682	48.1229	0.303364
8	58	47.8299	9.18843	47.9632	0.302694
8	59	47.6796	9.11859	47.7989	0.302237
8	60	47.5311	9.03604	47.6325	0.30151
8	61	47.3793	8.95115	47.4624	0.300752
8	62	47.2294	8.85681	47.2913	0.299786
8	63	47.0775	8.7615	47.1181	0.298805
8	64	46.9301	8.65774	46.9466	0.297617
8	65	46.7846	8.5521	46.7766	0.29637
8	66	46.6445	8.44224	46.6106	0.294994
8	67	46.5046	8.32905	46.4438	0.293538
8	68	46.3642	8.21381	46.2762	0.292032
8	69	46.2265	8.09331	46.1097	0.290389
8	70	46.0893	7.97101	45.9432	0.288694
8	71	45.9576	7.84288	45.7806	0.28683
8	72	45.8236	7.71202	45.6152	0.284909
8	73	45.6924	7.57542	45.451	0.282836
8	74	45.5608	7.43813	45.2863	0.280736
8	75	45.434	7.29667	45.1254	0.278502
8	76	45.3075	7.15584	44.9652	0.276264
8	77	45.1861	7.01167	44.8093	0.273908
8	78	45.0681	6.86594	44.6563	0.271481
8	79	44.951	6.7155	44.5034	0.26893
8	80	44.8354	6.56071	44.3509	0.266258
8	81	44.7231	6.40163	44.2009	0.263454
8	82	44.6139	6.24027	44.0537	0.260563
8	83	44.5087	6.07624	43.9099	0.257571
8	84	44.4059	5.91059	43.7685	0.25451
8	85	44.3072	5.7427	43.6309	0.251355
8	86	44.2107	5.57371	43.4956	0.248144
8	87	44.1218	5.40074	43.3673	0.244781
8	88	44.0375	5.22566	43.2433	0.241325
8	89	43.9733	5.04235	43.1375	0.237554
8	90	43.9255	4.85133	43.0464	0.233503
8	91	43.9045	4.64715	42.9792	0.228994
8	92	43.9	4.43026	42.926	0.224097
8	93	43.9186	4.22068	42.8981	0.219238
8	94	43.9553	4.01802	42.8904	0.214439
8	95	44.0137	3.8209	42.906	0.209661
8	96	44.0839	3.62692	42.9348	0.204901
8	97	44.1637	3.43639	42.9746	0.200183
8	98	44.2467	3.24712	43.0188	0.195487
8	99	44.3321	3.05878	43.0664	0.190812
8	100	44.4195	2.87044	43.117	0.186139
8	101	44.5097	2.683	43.1714	0.181485
8	102	44.6003	2.49651	43.2273	0.176864
8	103	44.6917	2.31298	43.2855	0.172318
8	104	44.7845	2.13189	43.3462	0.167835
8	105	44.8795	1.95212	43.4103	0.163387
8	106	44.9734	1.77215	43.4741	0.158951
8	107	45.0684	1.5931	43.54	0.154545
8	108	45.1654	1.41541	43.6089	0.150177
8	109	45.2635	1.23921	43.68	0.145852
8	110	45.3591	1.06342	43.7494	0.141559
8	111	45.4546	0.890569	43.8199	0.137346
8	112	45.5494	0.72116	43.891	0.133227
8	113	45.6472	0.551189	43.9657	0.1291
8	114	45.7443	0.379013	44.0403	0.124939
8	115	45.8439	0.206538	44.118	0.120779
8	116	45.9455	0.0338962	44.1984	0.116624
8	117	46.0495	-0.137529	44.2821	0.112506
8	118	46.1524	-0.308618	44.3656	0.108414
8	119	46.2561	-0.476808	44.4508	0.1044
8	120	46.3579	-0.640624	44.5353	0.100503
8	121	46.4586	-0.799039	44.6199	0.0967444
8	122	46.555	-0.953652	44.7012	0.0930935
8	123	46.6534	-1.1066	44.7853	0.0894889
8	124	46.7521	-1.25805	44.8703	0.0859304
8	125	46.8521	-1.40617	44.9575	0.0824571
8	126	46.951	-1.55137	45.0444	0.0790636
8	127	47.0532	-1.68929	45.1357	0.0758387
8	128	47.1539	-1.82235	45.2262	0.0727362
8	129	47.2628	-1.94135	45.3263	0.0699434
8	130	47.3543	-2.06494	45.4091	0.0670873
8	131	47.4626	-2.14692	45.5118	0.0651306
8	132	47.603	-2.19178	45.649	0.0639498
8	133	47.7401	-2.25379	45.7819	0.0624067
8	134	47.8918	-2.29944	45.9305	0.0612087
8	135	48.0587	-2.34317	46.0945	0.0600403
8	136	48.2484	-2.37365	46.282	0.059137
8	137	48.4674	-2.40014	46.499	0.05829
8	138	48.7265	-2.41472	46.7569	0.0576559
8	139	48.9872	-2.41771	47.017	0.0572728
8	140	49.248	-2.40609	47.2781	0.0572026
8	141	49.5062	-2.37973	47.5373	0.0574455
8	142	49.7598	-2.33992	47.7928	0.0579725
8	143	50.0085	-2.28897	48.044	0.0587314
8	144	50.2531	-2.22827	48.2918	0.0596887
8	145	50.4946	-2.15786	48.5371	0.0608399
8	146	50.7332	-2.07662	48.7802	0.0622049
8	147	50.9677	-1.98334	49.0202	0.0638068
8	148	51.1965	-1.87782	49.2553	0.0656486
8	149	51.4181	-1.76123	49.4842	0.0677057
8	150	51.6325	-1.63528	49.7067	0.0699421
8	151	51.8403	-1.50105	49.9236	0.0723332
8	152	52.0424	-1.35851	50.1356	0.0748776
9	0	-37.151	18.2518	45.6315	2.60415
9	1	-37.2508	18.4091	45.7979	2.60231
9	2	-37.3549	18.5636	45.9665	2.60059
9	3	-37.4615	18.7171	46.1371	2.59893
9	4	-37.5756	18.8647	46.3111	2.59747
9	5	-37.6897	19.0102	46.4841	2.59606
9	6	-37.8076	19.1494	46.6571	2.59482
9	7	-37.9263	19.2835	46.8283	2.5937
9	8	-38.0479	19.4158	47.001	2.59264
9	9	-38.1769	19.5415	47.1767	2.59179
9	10	-38.306	19.6681	47.3529	2.59094
9	11	-38.4426	19.7873	47.5317	2.59031
9	12	-38.5795	19.9063	47.7106	2.58968
9	13	-38.7203	20.0193	47.8897	2.58922
9	14	-38.8626	20.1269	48.0674	2.58886
9	15	-39.0082	20.2325	48.2468	2.58859
9	16	-39.1596	20.3302	48.4269	2.58851
9	17	-39.3112	20.426	48.6062	2.58847
9	18	-39.465	20.5156	48.7841	2.58856
9	19	-39.6197	20.6002	48.9602	2.58876
9	20	-39.7742	20.6811	49.1342	2.589
9	21	-39.9296	20.7556	49.3056	2.58937
9	22	-40.0863	20.8268	49.4764	2.58981
9	23	-40.2446	20.892	49.6454	2.59036
9	24	-40.4033	20.9502	49.8111	2.59104
9	25	-40.5562	21.0165	49.976	2.59151
9	26	-40.7159	21.0303	50.1195	2.59294
9	27	-40.8876	21.0211	50.2612	2.59487
9	28	-41.0608	20.9797	50.3878	2.59736
9	29	-41.2437	20.9306	50.5191	2.60007
9	30	-41.4429	20.8669	50.6572	2.60317
9	31	-41.6651	20.7813	50.8044	2.60686
9	32	-41.9203	20.6703	50.9679	2.61129
9	33	-42.173	20.5488	51.1249	2.61584
9	34	-42.4212	20.4145	51.2728	2.62053
9	35	-42.6624	20.2673	51.4093	2.62535
9	36	-42.8947	20.109	51.5339	2.63025
9	37	-43.1187	19.9416	51.6479	2.6352
9	38	-43.3357	19.7654	51.7529	2.64021
9	39	-43.5459	19.5789	51.8482	2.64531
9	40	-43.7473	19.3803	51.9315	2.65052
9	41	-43.937	19.1705	52.0005	2.6558
9	42	-44.1136	18.9524	52.0556	2.66109
9	43	-44.2776	18.7298	52.0988	2.66633
9	44	-44.431	18.5028	52.1321	2.67155
9	45	-44.5747	18.2704	52.1556	2.67677
9	46	-44.7071	18.0309	52.1673	2.68201
9	47	-44.8255	17.7843	52.1648	2.68726
9	48	-44.9281	17.5329	52.1473	2.69245
9	49	-45.0154	17.2793	52.1166	2.69756
9	50	-45.0896	17.0247	52.0748	2.70259
9	51	-45.1518	16.7685	52.0229	2.70756
9	52	-45.2015	16.5099	51.9599	2.71247
9	53	-45.237	16.2488	51.8841	2.71734
9	54	-45.2567	15.9868	51.7948	2.7221
9	55	-45.2608	15.7265	51.6931	2.72673
9	56	-45.2513	15.4691	51.5812	2.73123
9	57	-45.2297	15.2144	51.4603	2.7356
9	58	-45.1966	14.9617	51.3305	2.73986
9	59	-45.1507	14.7104	51.1905	2.74403
9	60	-45.0904	14.4615	51.0389	2.74807
9	61	-45.0149	14.2171	50.8759	2.75194
9	62	-44.9253	13.979	50.7029	2.75561
9	63	-44.8235	13.7481	50.5219	2.75909
9	64	-44.7109	13.5237	50.3339	2.76239
9	65	-44.5874	13.305	50.1386	2.76553
9	66	-44.4521	13.0923	49.9348	2.76849
9	67	-44.3036	12.8871	49.7219	2.77125
9	68	-44.1423	12.6913	49.5008	2.77376
9	69	-43.9697	12.5065	49.2735	2.776
9	70	-43.788	12.3325	49.0416	2.77799
9	71	-43.5982	12.1681	48.8059	2.77975
9	72	-43.4	12.0125	48.5655	2.7813
9	73	-43.192	11.8663	48.3193	2.78262
9	74	-42.9733	11.7316	48.0672	2.78364
9	75	-42.7447	11.6107	47.8108	2.78433
9	76	-42.5087	11.5054	47.5529	2.78468
9	77	-42.2687	11.4135	47.2959	2.78472
9	78	-42.0253	11.3361	47.0408	2.78446
9	79	-41.7986	11.2736	46.8065	2.78401
9	80	-41.5954	11.2421	46.6052	2.78312
9	81	-41.4101	11.2334	46.4286	2.7819
9	82	-41.2363	11.2329	46.2659	2.78059
9	83	-41.0674	11.247	46.1129	2.779
9	84	-40.9043	11.2905	45.976	2.77686
9	85	-40.7368	11.3212	45.8305	2.77493
9	86	-40.5771	11.4006	45.7101	2.77206
9	87	-40.4168	11.5411	45.6117	2.76792
9	88	-40.2619	11.6964	45.5246	2.7635
9	89	-40.1092	11.8537	45.4413	2.75904
9	90	-39.9572	12.0105	45.3592	2.75458
9	91	-39.8063	12.1677	45.2793	2.75011
9	92	-39.6576	12.3267	45.2029	2.7456
9	93	-39.5092	12.4867	45.1282	2.74106
9	94	-39.3597	12.6458	45.053	2.73652
9	95	-39.2141	12.8048	44.9823	2.73199
9	96	-39.0708	12.9607	44.9134	2.72754
9	97	-38.9324	13.1145	44.849	2.72316
9	98	-38.7991	13.2665	44.7894	2.71885
9	99	-38.6668	13.4211	44.7326	2.71448
9	100	-38.5332	13.5764	44.6758	2.71008
9	101	-38.4003	13.7335	44.6212	2.70564
9	102	-38.2684	13.8914	44.5687	2.70117
9	103	-38.1389	14.0491	44.5192	2.69673
9	104	-38.013	14.2051	44.4732	2.69234
9	105	-37.8911	14.3585	44.4304	2.68804
9	106	-37.7713	14.5149	44.3917	2.6837
9	107	-37.6527	14.6727	44.3555	2.67932
9	108	-37.5379	14.8329	44.3246	2.67493
9	109	-37.4249	14.9931	44.2962	2.67055
9	110	-37.3191	15.1554	44.2759	2.6662
9	111	-37.2179	15.3162	44.26	2.66193
9	112	-37.1254	15.4768	44.2525	2.65774
9	113	-37.0383	15.6351	44.2493	2.65366
9	114	-36.959	15.795	44.2546	2.64963
9	115	-36.8835	15.9552	44.2641	2.64563
9	116	-36.8141	16.1179	44.2809	2.64166
9	117	-36.7534	16.2856	44.3083	2.63768
9	118	-36.7033	16.4609	44.3494	2.63367
9	119	-36.6732	16.6521	44.4165	2.62958
9	120	-36.6592	16.8562	44.5046	2.62543
9	121	-36.6632	17.0502	44.6042	2.62169
9	122	-36.6895	17.2364	44.7198	2.61837
9	123	-36.7289	17.4173	44.8445	2.61531
9	124	-36.7969	17.5908	44.9906	2.61274
9	125	-36.8744	17.7623	45.1442	2.61032
9	126	-36.9625	17.9283	45.3044	2.60815
9	127	-37.0554	18.0912	45.4673	2.6061
17	0	46.5956	-3.1518	44.5913	0.0439069
17	1	46.6384	-2.95097	44.6433	0.0483592
17	2	46.6596	-2.75701	44.6742	0.0526729
17	3	46.6892	-2.56817	44.7141	0.0568552
17	4	46.6708	-2.38492	44.7065	0.0609711
17	5	46.5994	-2.19672	44.6472	0.0652759
17	6	46.5026	-2.00717	44.5633	0.0696621
17	7	46.4	-1.81599	44.4748	0.0741109
17	8	46.2953	-1.62267	44.3852	0.0786289
17	9	46.1874	-1.4291	44.2932	0.0831772
17	10	46.0776	-1.23614	44.2003	0.087734
17	11	45.9694	-1.04291	44.1099	0.0923127
17	12	45.8604	-0.850339	44.0196	0.0968971
17	13	45.7495	-0.657222	43.9284	0.101517
17	14	45.6364	-0.464496	43.8358	0.106152
17	15	45.5241	-0.268215	43.7455	0.110886
17	16	45.4149	-0.0711455	43.6592	0.115649
17	17	45.3006	0.121218	43.5684	0.120337
17	18	45.1906	0.313685	43.4828	0.125035
17	19	45.0849	0.506855	43.4024	0.129755
17	20	44.9744	0.696705	43.3179	0.134431
17	21	44.8661	0.888771	43.2369	0.139169
17	22	44.759	1.08385	43.1583	0.143989
17	23	44.6494	1.27717	43.0781	0.148796
17	24	44.5382	1.4693	42.9971	0.153598
17	25	44.4274	1.6575	42.9169	0.158327
17	26	44.3198	1.84381	42.8404	0.163017
17	27	44.2118	2.02736	42.7641	0.167663
17	28	44.1019	2.20853	42.6865	0.172277
17	29	43.9902	2.38839	42.6077	0.176885
17	30	43.8797	2.56611	42.5306	0.181456
17	31	43.7668	2.73939	42.4513	0.18595
17	32	43.6527	2.9089	42.3709	0.19038
17	33	43.5356	3.07111	42.287	0.194671
17	34	43.4215	3.22981	42.2061	0.198883
17	35	43.3023	3.38145	42.1196	0.202971
17	36	43.1821	3.53159	42.0325	0.207046
17	37	43.0475	3.67178	41.9299	0.210978
17	38	42.8978	3.8052	41.8118	0.214848
17	39	42.7255	3.92582	41.6694	0.218558
17	40	42.5333	4.03699	41.5062	0.222177
17	41	42.3367	4.12443	41.3339	0.225288
17	42	42.1378	4.191	41.155	0.227945
17	43	41.9351	4.23825	40.9684	0.230186
17	44	41.731	4.2726	40.7776	0.232148
17	45	41.5261	4.29666	40.5838	0.233886
17	46	41.3207	4.31467	40.3881	0.235499
17	47	41.114	4.3273	40.1902	0.237005
17	48	40.9057	4.33592	39.9898	0.238437
17	49	40.6955	4.33934	39.7864	0.239768
17	50	40.4841	4.33716	39.5806	0.240983
17	51	40.2735	4.3273	39.3737	0.242016
17	52	40.0652	4.31058	39.1674	0.242877
17	53	39.8598	4.28762	38.9625	0.243573
17	54	39.6571	4.25986	38.7592	0.244139
17	55	39.4567	4.22665	38.5567	0.24456
17	56	39.2579	4.18682	38.3542	0.244807
17	57	39.0615	4.13554	38.1512	0.24475
17	58	38.8714	4.06615	37.95	0.24419
17	59	38.6856	3.97393	37.7474	0.24301
17	60	38.5039	3.86106	37.5439	0.241256
17	61	38.334	3.73144	37.3481	0.238973
17	62	38.1804	3.59263	37.1661	0.236322
17	63	38.04	3.4449	36.9951	0.233329
17	64	37.9123	3.28659	36.8345	0.229949
17	65	37.7944	3.11687	36.6813	0.226177
17	66	37.6832	2.94032	36.5337	0.22215
17	67	37.5756	2.76014	36.3893	0.217972
17	68	37.4713	2.57732	36.2483	0.213669
17	69	37.3705	2.39303	36.111	0.209274
17	70	37.2745	2.2056	35.9786	0.204733
17	71	37.1831	2.01776	35.8513	0.200121
17	72	37.0954	1.83208	35.7288	0.195515
17	73	37.0107	1.64543	35.6099	0.190836
17	74	36.9278	1.4598	35.4936	0.186144
17	75	36.8468	1.27597	35.3804	0.181462
17	76	36.7669	1.08955	35.2686	0.176672
17	77	36.6915	0.901665	35.1617	0.171788
17	78	36.6191	0.715649	35.059	0.166914
17	79	36.5537	0.526094	34.9635	0.161878
17	80	36.4926	0.337	34.8732	0.156809
17	81	36.4381	0.149443	34.7905	0.151729
17	82	36.3873	-0.0350146	34.7128	0.146697
17	83	36.3417	-0.220014	34.6411	0.141606
17	84	36.2983	-0.404753	34.5725	0.136493
17	85	36.263	-0.590826	34.5127	0.131291
17	86	36.2287	-0.777404	34.4548	0.126053
17	87	36.2176	-0.966749	34.4204	0.120636
17	88	36.2121	-1.16138	34.3921	0.115037
17	89	36.2372	-1.35963	34.3949	0.109228
17	90	36.2679	-1.5677	34.4034	0.103118
17	91	36.3257	-1.75778	34.4418	0.0974564
17	92	36.3879	-1.93481	34.487	0.0921717
17	93	36.4661	-2.10066	34.55	0.0871835
17	94	36.5509	-2.26102	34.621	0.082356
17	95	36.6379	-2.4205	34.6949	0.0775686
17	96	36.7331	-2.57912	34.7779	0.0728093
17	97	36.8327	-2.73974	34.866	0.0680068
17	98	36.9395	-2.90119	34.9619	0.063192
17	99	37.0524	-3.06357	35.0648	0.0583671
17	100	37.171	-3.22637	35.1741	0.05355
17	101	37.2939	-3.38963	35.2885	0.0487437
17	102	37.4203	-3.55365	35.4071	0.0439429
17	103	37.549	-3.71964	35.5289	0.039116
17	104	37.6806	-3.88787	35.6542	0.0342571
17	105	37.815	-4.0586	35.7831	0.0293599
17	106	37.951	-4.23206	35.9144	0.024421
17	107	38.089	-4.40641	36.0485	0.0194922
17	108	38.2289	-4.5803	36.1855	0.0146123
17	109	38.3715	-4.75281	36.326	0.00980651
17	110	38.5138	-4.92717	36.467	0.00498731
17	111	38.6577	-5.10336	36.6103	0.000155175
17	112	38.8058	-5.28002	36.7589	-0.00465154
17	113	38.9552	-5.45705	36.9095	-0.00942893
17	114	39.1058	-5.63279	37.0622	-0.0141323
17	115	39.2568	-5.80944	37.216	-0.018821
17	116	39.4104	-5.98439	37.3733	-0.0234241
17	117	39.5634	-6.16105	37.5308	-0.0280342
17	118	39.7126	-6.34295	37.6855	-0.0327482
17	119	39.8586	-6.52932	37.8379	-0.0375448
17	120	40.0181	-6.70278	38.0042	-0.0419483
17	121	40.1923	-6.82183	38.1835	-0.044872
17	122	40.3903	-6.89346	38.3845	-0.0465049
17	123	40.5975	-6.94121	38.5937	-0.0474912
17	124	40.8149	-6.9722	38.8123	-0.0480227
17	125	41.0489	-6.98778	39.0469	-0.0481337
17	126	41.3086	-6.98701	39.3061	-0.0477964
17	127	41.6044	-6.96641	39.6006	-0.0469198
17	128	41.9004	-6.93297	39.8948	-0.0457344
17	129	42.1962	-6.88459	40.1882	-0.0441954
17	130	42.489	-6.81882	40.4778	-0.0422526
17	131	42.775	-6.73675	40.7602	-0.0399445
17	132	43.0534	-6.64176	41.0347	-0.0373604
17	133	43.3258	-6.53595	41.3031	-0.0345541
17	134	43.5938	-6.41877	41.5671	-0.0315142
17	135	43.8569	-6.28815	41.8262	-0.0281944
17	136	44.1126	-6.14308	42.078	-0.024577
17	137	44.3587	-5.9853	42.3204	-0.0207069
17	138	44.5952	-5.8175	42.5537	-0.0166494
17	139	44.8237	-5.64081	42.7797	-0.0124308
17	140	45.0454	-5.45414	42.9995	-0.00802579
17	141	45.259	-5.25547	43.212	-0.00338864
17	142	45.4618	-5.04429	43.4145	0.00149149
17	143	45.6516	-4.82268	43.6052	0.00656699
17	144	45.8291	-4.59333	43.7849	0.0117785
17	145	45.9963	-4.35712	43.9554	0.0171071
17	146	46.1538	-4.11319	44.1177	0.0225745
17	147	46.3002	-3.86053	44.2705	0.0282056
17	148	46.4322	-3.59969	44.4105	0.0339927
17	149	46.5287	-3.36578	44.5155	0.0391706
18	0	-30.726	12.1567	37.0431	2.65672
18	1	-30.8035	12.3744	37.2135	2.65251
18	2	-30.8815	12.5893	37.3836	2.64842
18	3	-30.9604	12.8019	37.5541	2.64443
18	4	-31.0452	13.0151	37.7306	2.64053
18	5	-31.1367	13.2271	37.913	2.63679
18	6	-31.2344	13.4365	38.1	2.63322
18	7	-31.337	13.6425	38.2901	2.62982
18	8	-31.4434	13.8457	38.4826	2.62657
18	9	-31.5507	14.0461	38.6749	2.62343
18	10	-31.6596	14.2447	38.868	2.62038
18	11	-31.772	14.4408	39.0633	2.61746
18	12	-31.8888	14.6331	39.2608	2.61471
18	13	-32.0103	14.8202	39.4601	2.61215
18	14	-32.1356	15.0022	39.6602	2.60979
18	15	-32.2625	15.1795	39.8596	2.60757
18	16	-32.3932	15.3519	40.06	2.60553
18	17	-32.5342	15.5159	40.265	2.60381
18	18	-32.6901	15.6714	40.4786	2.60249
18	19	-32.8618	15.8185	40.7015	2.60155
18	20	-33.0562	15.9555	40.9386	2.60112
18	21	-33.2565	16.0608	41.1646	2.60143
18	22	-33.4632	16.1353	41.3801	2.60246
18	23	-33.675	16.1869	41.5885	2.60401
18	24	-33.8892	16.2209	41.7899	2.60593
18	25	-34.1033	16.2431	41.9854	2.60808
18	26	-34.317	16.2556	42.1759	2.6104
18	27	-34.5309	16.2593	42.3624	2.61288
18	28	-34.7452	16.2514	42.5436	2.61559
18	29	-34.9601	16.2273	42.7176	2.6186
18	30	-35.1735	16.178	42.878	2.62208
18	31	-35.3887	16.0975	43.0253	2.62619
18	32	-35.6036	15.9886	43.159	2.63084
18	33	-35.81	15.8556	43.2746	2.63585
18	34	-36.001	15.7082	43.3709	2.64096
18	35	-36.1787	15.5476	43.4502	2.64616
18	36	-36.3466	15.3736	43.5159	2.65152
18	37	-36.5089	15.1901	43.5733	2.65699
18	38	-36.6692	15.003	43.6286	2.66249
18	39	-36.8295	14.814	43.6845	2.66802
18	40	-36.9893	14.6236	43.7406	2.67356
18	41	-37.1476	14.4328	43.7964	2.67908
18	42	-37.3036	14.2445	43.8526	2.68451
18	43	-37.4559	14.0565	43.9069	2.68988
18	44	-37.6099	13.8712	43.9652	2.6952
18	45	-37.7678	13.6882	44.0293	2.7005
18	46	-37.9206	13.4996	44.0876	2.70585
18	47	-38.076	13.3158	44.1515	2.71111
18	48	-38.234	13.1359	44.2206	2.7163
18	49	-38.3856	12.9555	44.2849	2.72142
18	50	-38.5403	12.7805	44.3553	2.72645
18	51	-38.6978	12.6083	44.4305	2.73142
18	52	-38.8525	12.4331	44.503	2.73642
18	53	-39.0061	12.2611	44.5769	2.74132
18	54	-39.1566	12.0909	44.6497	2.74615
18	55	-39.3017	11.9236	44.7197	2.75085
18	56	-39.4421	11.7589	44.7872	2.75544
18	57	-39.579	11.5984	44.8541	2.75991
18	58	-39.7118	11.4404	44.9189	2.76427
18	59	-39.8416	11.2857	44.983	2.76853
18	60	-39.9658	11.133	45.0433	2.7727
18	61	-40.0846	10.9838	45.1007	2.77673
18	62	-40.1916	10.8361	45.1484	2.78063
18	63	-40.293	10.694	45.1933	2.78437
18	64	-40.3815	10.5503	45.2263	2.78803
18	65	-40.4087	10.3757	45.1917	2.79186
18	66	-40.4249	10.1786	45.1398	2.79609
18	67	-40.4105	9.9674	45.0552	2.80039
18	68	-40.3917	9.73398	44.9598	2.80514
18	69	-40.3553	9.46814	44.8384	2.81047
18	70	-40.2999	9.15847	44.6861	2.81662
18	71	-40.2263	8.85116	44.519	2.82263
18	72	-40.1354	8.55021	44.3391	2.82844
18	73	-40.0302	8.25688	44.1493	2.83402
18	74	-39.9123	7.96948	43.9506	2.83944
18	75	-39.7804	7.68685	43.7412	2.84471
18	76	-39.632	7.41067	43.519	2.84979
18	77	-39.4674	7.14454	43.2854	2.85458
18	78	-39.2902	6.88981	43.0437	2.85909
18	79	-39.1028	6.64466	42.7958	2.86337
18	80	-38.9045	6.4072	42.5403	2.86746
18	81	-38.693	6.1781	42.2749	2.87132
18	82	-38.4672	5.96072	41.9996	2.87487
18	83	-38.2298	5.75764	41.7173	2.87807
18	84	-37.984	5.56779	41.4307	2.88095
18	85	-37.7301	5.38876	41.1394	2.88356
18	86	-37.4656	5.2204	40.8407	2.8859
18	87	-37.1882	5.06625	40.5335	2.88784
18	88	-36.9001	4.93079	40.2206	2.88931
18	89	-36.6063	4.81423	39.9071	2.8903
18	90	-36.3095	4.71354	39.5946	2.8909
18	91	-36.0496	4.64192	39.325	2.89102
18	92	-35.815	4.59559	39.0863	2.89068
18	93	-35.5964	4.57274	38.8688	2.88985
18	94	-35.3865	4.57338	38.6658	2.88849
18	95	-35.1805	4.56476	38.4641	2.88736
18	96	-34.9947	4.61665	38.2975	2.88483
18	97	-34.8162	4.7329	38.1547	2.88069
18	98	-34.6452	4.87236	38.0259	2.87599
18	99	-34.4778	5.01796	37.903	2.87113
18	100	-34.3113	5.1649	37.7823	2.8662
18	101	-34.145	5.31233	37.6628	2.86123
18	102	-33.979	5.45953	37.5445	2.85624
18	103	-33.811	5.60759	37.4255	2.85118
18	104	-33.6421	5.75802	37.3072	2.84602
18	105	-33.4742	5.91217	37.192	2.84074
18	106	-33.3083	6.06776	37.0802	2.83541
18	107	-33.1439	6.21987	36.9698	2.83015
18	108	-32.9826	6.3713	36.8631	2.82489
18	109	-32.8243	6.52407	36.7608	2.8196
18	110	-32.6669	6.67759	36.6606	2.81427
18	111	-32.5093	6.83122	36.5613	2.80891
18	112	-32.3535	6.98591	36.4651	2.8035
18	113	-32.2003	7.14086	36.3725	2.79809
18	114	-32.0497	7.29534	36.2833	2.79268
18	115	-31.9014	7.44929	36.1971	2.78728
18	116	-31.7544	7.60288	36.113	2.78188
18	117	-31.6091	7.7577	36.0321	2.77644
18	118	-31.4659	7.91403	35.9547	2.77096
18	119	-31.3273	8.07337	35.8837	2.76542
18	120	-31.193	8.23432	35.8185	2.75986
18	121	-31.0656	8.39801	35.7618	2.75429
18	122	-30.9417	8.5593	35.7085	2.74879
18	123	-30.8239	8.72168	35.6624	2.74332
18	124	-30.7079	8.88415	35.619	2.73786
18	125	-30.5987	9.05178	35.585	2.73232
18	126	-30.4968	9.22664	35.5617	2.72667
18	127	-30.4157	9.41746	35.5649	2.72084
18	128	-30.356	9.62924	35.5977	2.71472
18	129	-30.3175	9.85785	35.6579	2.70844
18	130	-30.2996	10.0935	35.7413	2.70224
18	131	-30.3007	10.3251	35.8414	2.69641
18	132	-30.3216	10.5544	35.9595	2.69091
18	133	-30.3594	10.7852	36.0946	2.68561
18	134	-30.4052	11.016	36.2379	2.68044
18	135	-30.4561	11.2475	36.387	2.67537
18	136	-30.5139	11.479	36.543	2.67042
18	137	-30.5789	11.7088	36.7057	2.66565
18	138	-30.6504	11.935	36.8733	2.66108
25	0	39.4278	-8.4744	37.5317	-0.0897878
25	1	39.5033	-8.23154	37.5859	-0.0831724
25	2	39.5534	-8.01288	37.6184	-0.0772689
25	3	39.5937	-7.81319	37.6436	-0.0718975
25	4	39.601	-7.62324	37.6377	-0.06685
25	5	39.5933	-7.44722	37.6188	-0.0621948
25	6	39.526	-7.29282	37.5422	-0.0582015
25	7	39.4333	-7.14405	37.4413	-0.0543789
25	8	39.3435	-6.99093	37.3436	-0.0504152
25	9	39.2448	-6.84011	37.2378	-0.0465038
25	10	39.1434	-6.68657	37.1296	-0.0424999
25	11	39.0371	-6.53005	37.0171	-0.0383974
25	12	38.9266	-6.36877	36.9008	-0.0341449
25	13	38.8112	-6.20263	36.7801	-0.0297376
25	14	38.6905	-6.03213	36.6549	-0.0251859
25	15	38.5649	-5.86172	36.5254	-0.0206085
25	16	38.435	-5.69218	36.3924	-0.0160244
25	17	38.3024	-5.52279	36.2574	-0.0114117
25	18	38.1676	-5.35246	36.1211	-0.00673913
25	19	38.0305	-5.18032	35.9833	-0.00198109
25	20	37.8904	-5.00645	35.8433	0.00286217
25	21	37.7471	-4.83163	35.7009	0.00777054
25	22	37.6012	-4.65685	35.5568	0.0127178
25	23	37.4538	-4.48222	35.4121	0.0177017
25	24	37.3055	-4.30688	35.2673	0.022747
25	25	37.1556	-4.12968	35.1219	0.0278882
25	26	37.0029	-3.95016	34.9748	0.0331406
25	27	36.8465	-3.7691	34.825	0.0384857
25	28	36.6866	-3.58809	34.6727	0.0438798
25	29	36.5247	-3.40831	34.5193	0.0492888
25	30	36.3614	-3.23004	34.3655	0.0547041
25	31	36.1964	-3.05478	34.2108	0.0600831
25	32	36.0267	-2.88422	34.0522	0.0653822
25	33	35.8502	-2.72529	33.8868	0.0704024
25	34	35.6624	-2.58405	33.7098	0.0749739
25	35	35.4612	-2.46033	33.5187	0.0791042
25	36	35.2467	-2.35404	33.3135	0.0827939
25	37	35.0382	-2.27467	33.1124	0.0857032
25	38	34.8323	-2.21772	32.9122	0.0879627
25	39	34.627	-2.18191	32.7109	0.0896047
25	40	34.4203	-2.16448	32.5066	0.0907078
25	41	34.212	-2.15804	32.2997	0.0914905
25	42	34.0019	-2.15901	32.0905	0.0920584
25	43	33.7903	-2.16507	31.8792	0.0924794
25	44	33.5779	-2.17714	31.6667	0.0927192
25	45	33.3658	-2.19465	31.4538	0.0927891
25	46	33.1546	-2.21766	31.2413	0.0926825
25	47	32.9455	-2.24491	31.0307	0.0924314
25	48	32.7381	-2.27611	30.8212	0.0920446
25	49	32.5313	-2.31156	30.612	0.0915127
25	50	32.3247	-2.35355	30.4026	0.0907581
25	51	32.1195	-2.40601	30.1935	0.0896435
25	52	31.9207	-2.47494	29.9893	0.087948
25	53	31.7283	-2.56249	29.79	0.0855875
25	54	31.5415	-2.66857	29.595	0.082556
25	55	31.3612	-2.79577	29.405	0.0787506
25	56	31.2011	-2.9342	29.2348	0.0744608
25	57	31.0608	-3.08486	29.0841	0.0696538
25	58	30.9372	-3.24938	28.9497	0.064282
25	59	30.8242	-3.42409	28.8262	0.0584853
25	60	30.718	-3.60556	28.7101	0.0523914
25	61	30.6165	-3.79187	28.5996	0.0460716
25	62	30.5202	-3.9825	28.4952	0.0395446
25	63	30.4293	-4.17576	28.3973	0.032871
25	64	30.3429	-4.36917	28.3053	0.0261418
25	65	30.2602	-4.56081	28.2182	0.0194295
25	66	30.1796	-4.75176	28.1346	0.0126994
25	67	30.1014	-4.94442	28.0546	0.00586781
25	68	30.0253	-5.13868	27.978	-0.00105951
25	69	29.9516	-5.33416	27.9052	-0.00806761
25	70	29.8804	-5.52961	27.8363	-0.0151093
25	71	29.8119	-5.72323	27.7714	-0.0221177
25	72	29.7462	-5.91353	27.7105	-0.0290359
25	73	29.6829	-6.10571	27.6535	-0.0360494
25	74	29.6227	-6.29941	27.6011	-0.0431412
25	75	29.5652	-6.49418	27.5528	-0.0502937
25	76	29.5123	-6.69016	27.5104	-0.0575054
25	77	29.4643	-6.88656	27.4745	-0.0647424
25	78	29.4233	-7.08263	27.4471	-0.0719674
25	79	29.3894	-7.27721	27.4279	-0.0791326
25	80	29.3593	-7.46782	27.4137	-0.0861506
25	81	29.3364	-7.65561	27.4077	-0.0930489
25	82	29.3153	-7.84137	27.4045	-0.0998698
25	83	29.3094	-8.02782	27.4179	-0.106657
25	84	29.3109	-8.21685	27.4401	-0.113502
25	85	29.3383	-8.41227	27.4902	-0.120452
25	86	29.3759	-8.61631	27.5528	-0.127639
25	87	29.4381	-8.80378	27.6388	-0.134081
25	88	29.5052	-8.98399	27.73	-0.140197
25	89	29.5969	-9.15018	27.8444	-0.145648
25	90	29.6905	-9.31477	27.9613	-0.150986
25	91	29.7957	-9.47335	28.0895	-0.156004
25	92	29.9032	-9.63242	28.2207	-0.16098
25	93	30.0163	-9.7915	28.3582	-0.165878
25	94	30.1335	-9.95068	28.5004	-0.170708
25	95	30.2556	-10.1104	28.6483	-0.175478
25	96	30.3819	-10.272	28.8012	-0.180235
25	97	30.513	-10.4344	28.9596	-0.184943
25	98	30.6474	-10.5977	29.122	-0.189607
25	99	30.7843	-10.7612	29.2876	-0.194207
25	100	30.923	-10.925	29.4556	-0.198756
25	101	31.0638	-11.0897	29.6264	-0.203265
25	102	31.2072	-11.2563	29.8008	-0.207771
25	103	31.3537	-11.4259	29.9795	-0.212298
25	104	31.5027	-11.5961	30.1612	-0.216774
25	105	31.654	-11.766	30.3459	-0.221168
25	106	31.8067	-11.9346	30.5321	-0.225458
25	107	31.9602	-12.1028	30.7196	-0.229678
25	108	32.1147	-12.2699	30.9084	-0.233806
25	109	32.2745	-12.4319	31.1016	-0.237683
25	110	32.4288	-12.5977	31.2908	-0.241671
25	111	32.5996	-12.7043	31.4822	-0.243659
25	112	32.7964	-12.7598	31.6866	-0.24386
25	113	32.9952	-12.8245	31.8951	-0.244325
25	114	33.2082	-12.8685	32.1124	-0.24405
25	115	33.4399	-12.8915	32.3429	-0.243008
25	116	33.6971	-12.8926	32.5929	-0.241142
25	117	33.9883	-12.8703	32.8704	-0.238367
25	118	34.2788	-12.835	33.1445	-0.235264
25	119	34.5696	-12.7876	33.4164	-0.231855
25	120	34.86	-12.7256	33.6851	-0.228082
25	121	35.1473	-12.6475	33.9476	-0.22393
25	122	35.4286	-12.5551	34.2017	-0.219468
25	123	35.7039	-12.4512	34.4481	-0.214785
25	124	35.9749	-12.3369	34.6889	-0.2099
25	125	36.2424	-12.2107	34.9247	-0.204769
25	126	36.5048	-12.0706	35.1537	-0.199349
25	127	36.7593	-11.9169	35.3733	-0.193667
25	128	37.0047	-11.7525	35.583	-0.187805
25	129	37.2423	-11.5793	35.7848	-0.18181
25	130	37.474	-11.3967	35.9803	-0.175654
25	131	37.6992	-11.202	36.1688	-0.169266
25	132	37.9147	-10.9937	36.3469	-0.162618
25	133	38.1173	-10.7737	36.5121	-0.155773
25	134	38.3069	-10.5456	36.6649	-0.148825
25	135	38.4862	-10.3111	36.8083	-0.141804
25	136	38.6565	-10.0692	36.9437	-0.13467
25	137	38.8166	-9.81821	37.0696	-0.12738
25	138	38.9639	-9.55844	37.1837	-0.119948
25	139	39.097	-9.29279	37.2852	-0.112446
25	140	39.2177	-9.02363	37.376	-0.104928
25	141	39.3282	-8.75124	37.4584	-0.0973871
26	0	-24.4057	3.28376	27.7525	2.83437
26	1	-24.4283	3.51035	27.8433	2.82685
26	2	-24.4534	3.73744	27.9383	2.8194
26	3	-24.4812	3.96539	28.0376	2.81201
26	4	-24.5127	4.19446	28.1423	2.80467
26	5	-24.549	4.42428	28.2533	2.79741
26	6	-24.5913	4.65369	28.3712	2.79031
26	7	-24.6398	4.8811	28.4957	2.7834
26	8	-24.6933	5.10532	28.6251	2.77672
26	9	-24.7489	5.33014	28.7578	2.7701
26	10	-24.8059	5.55586	28.8935	2.76354
26	11	-24.8656	5.78266	29.0333	2.75704
26	12	-24.9297	6.01026	29.1788	2.75063
26	13	-25.0001	6.23767	29.331	2.74438
26	14	-25.0764	6.46378	29.4895	2.73831
26	15	-25.1592	6.68647	29.6535	2.7325
26	16	-25.2484	6.90556	29.8229	2.72695
26	17	-25.3456	7.11989	29.9986	2.72171
26	18	-25.4549	7.32524	30.1825	2.71698
26	19	-25.5785	7.52363	30.3772	2.7127
26	20	-25.7176	7.7176	30.5845	2.70883
26	21	-25.8771	7.90594	30.8085	2.70545
26	22	-26.0452	8.07008	31.0303	2.70294
26	23	-26.2236	8.20759	31.2502	2.70138
26	24	-26.4134	8.31825	31.4691	2.70077
26	25	-26.6124	8.41031	31.6884	2.70082
26	26	-26.8156	8.49044	31.9063	2.70127
26	27	-27.0206	8.56302	32.1227	2.70195
26	28	-27.2271	8.63025	32.3382	2.70278
26	29	-27.4352	8.69326	32.5534	2.70375
26	30	-27.6458	8.75172	32.7689	2.70486
26	31	-27.8591	8.80465	32.9846	2.70614
26	32	-28.0748	8.8503	33.1994	2.70763
26	33	-28.2918	8.88552	33.4112	2.70941
26	34	-28.5095	8.9068	33.6179	2.71154
26	35	-28.726	8.90776	33.8152	2.71419
26	36	-28.9414	8.88384	34.0015	2.71745
26	37	-29.1581	8.83553	34.1793	2.72135
26	38	-29.3787	8.76612	34.3528	2.72581
26	39	-29.5849	8.68442	34.5088	2.73039
26	40	-29.7809	8.58957	34.6509	2.73516
26	41	-29.9659	8.47402	34.7756	2.74032
26	42	-30.1437	8.34172	34.8882	2.7458
26	43	-30.317	8.19812	34.9933	2.7515
26	44	-30.4867	8.04767	35.0936	2.7573
26	45	-30.6533	7.89375	35.1909	2.76313
26	46	-30.8173	7.73923	35.2868	2.76892
26	47	-30.98	7.5862	35.3832	2.77462
26	48	-31.1414	7.43186	35.4791	2.78031
26	49	-31.3018	7.27588	35.5745	2.78601
26	50	-31.4621	7.11914	35.6708	2.79169
26	51	-31.6229	6.96309	35.769	2.79733
26	52	-31.7806	6.80541	35.8647	2.80295
26	53	-31.9382	6.65039	35.9625	2.80847
26	54	-32.0971	6.49923	36.0637	2.81388
26	55	-32.2508	6.34495	36.1601	2.81928
26	56	-32.407	6.19451	36.2611	2.82458
26	57	-32.5648	6.04622	36.3654	2.82981
26	58	-32.7204	5.89627	36.4679	2.83503
26	59	-32.8757	5.74827	36.5718	2.84017
26	60	-33.0288	5.60158	36.6749	2.84523
26	61	-33.178	5.45559	36.7754	2.85021
26	62	-33.3237	5.31104	36.8739	2.8551
26	63	-33.4682	5.16996	36.9731	2.85987
26	64	-33.6094	5.03008	37.0703	2.86455
26	65	-33.7465	4.89043	37.1644	2.86918
26	66	-33.8823	4.75006	37.2577	2.87378
26	67	-34.0172	4.61075	37.3513	2.87834
26	68	-34.149	4.47199	37.4429	2.88283
26	69	-34.2751	4.33266	37.5295	2.88728
26	70	-34.3884	4.19009	37.6036	2.89171
26	71	-34.5111	4.06345	37.6916	2.89577
26	72	-34.578	3.92341	37.7227	2.8998
26	73	-34.5961	3.75612	37.7006	2.90422
26	74	-34.6315	3.58728	37.6956	2.9088
26	75	-34.6498	3.40625	37.6721	2.91359
26	76	-34.6543	3.20961	37.6326	2.9187
26	77	-34.6448	2.98971	37.5753	2.92435
26	78	-34.6192	2.73733	37.4966	2.93078
26	79	-34.5739	2.44201	37.3916	2.93825
26	80	-34.5165	2.14737	37.2769	2.94568
26	81	-34.4473	1.8557	37.1532	2.95302
26	82	-34.3678	1.56847	37.0223	2.96024
26	83	-34.2798	1.28521	36.8856	2.96736
26	84	-34.1832	1.00463	36.7427	2.97442
26	85	-34.0764	0.726434	36.592	2.98143
26	86	-33.9577	0.452176	36.432	2.98835
26	87	-33.8278	0.184127	36.2635	2.99511
26	88	-33.6887	-0.0769945	36.0886	3.0017
26	89	-33.5424	-0.332349	35.9088	3.00817
26	90	-33.3886	-0.583334	35.7237	3.01457
26	91	-33.2259	-0.830059	35.5318	3.02087
26	92	-33.053	-1.07094	35.3318	3.02705
26	93	-32.8705	-1.30399	35.1246	3.03305
26	94	-32.6806	-1.52883	34.912	3.03886
26	95	-32.4847	-1.74671	34.6953	3.04453
26	96	-32.2822	-1.9589	34.4738	3.05009
26	97	-32.0718	-2.16522	34.2459	3.05553
26	98	-31.8525	-2.36389	34.0108	3.06079
26	99	-31.6253	-2.55307	33.7695	3.06583
26	100	-31.3925	-2.73278	33.5242	3.07065
26	101	-31.1556	-2.90465	33.276	3.0753
26	102	-30.9147	-3.06997	33.025	3.07981
26	103	-30.6686	-3.22777	32.77	3.08415
26	104	-30.4501	-3.35107	32.545	3.08755
26	105	-30.2513	-3.44423	32.3415	3.09009
26	106	-30.0656	-3.51103	32.1526	3.09187
26	107	-29.8894	-3.55271	31.9746	3.0929
26	108	-29.7276	-3.60605	31.8104	3.09433
26	109	-29.5794	-3.60496	31.6625	3.09407
26	110	-29.4309	-3.55363	31.5166	3.09222
26	111	-29.2759	-3.51596	31.3637	3.09078
26	112	-29.1221	-3.46511	31.2128	3.0889
26	113	-28.966	-3.41052	31.0598	3.08688
26	114	-28.8084	-3.34803	30.906	3.08458
26	115	-28.6465	-3.28431	30.748	3.08221
26	116	-28.4823	-3.21324	30.5884	3.07958
26	117	-28.3142	-3.13928	30.4254	3.07681
26	118	-28.1442	-3.05953	30.261	3.07381
26	119	-27.9723	-2.97648	30.0952	3.07067
26	120	-27.7998	-2.88989	29.9295	3.06738
26	121	-27.6272	-2.8016	29.7641	3.06399
26	122	-27.4553	-2.71169	29.5999	3.06051
26	123	-27.284	-2.62081	29.4367	3.05696
26	124	-27.1136	-2.52844	29.2749	3.05333
26	125	-26.9398	-2.43415	29.1103	3.04957
26	126	-26.7629	-2.33745	28.9432	3.04569
26	127	-26.5838	-2.23777	28.7748	3.04164
26	128	-26.4037	-2.13508	28.6061	3.03744
26	129	-26.2239	-2.02959	28.4384	3.0331
26	130	-26.0454	-1.9216	28.2729	3.02861
26	131	-25.8684	-1.81158	28.1098	3.02402
26	132	-25.6923	-1.70001	27.9483	3.01931
26	133	-25.518	-1.58546	27.7896	3.01446
26	134	-25.3484	-1.4641	27.6371	3.00932
26	135	-25.1879	-1.33059	27.496	3.00374
26	136	-25.0459	-1.17677	27.3771	2.99746
26	137	-24.9217	-0.99792	27.2805	2.99032
26	138	-24.8109	-0.798552	27.2019	2.98246
26	139	-24.721	-0.599661	27.1454	2.9747
26	140	-24.6477	-0.399326	27.1073	2.96696
26	141	-24.5909	-0.198064	27.0871	2.95928
26	142	-24.5464	0.0064579	27.0813	2.95156
26	143	-24.5083	0.212046	27.0835	2.94384
26	144	-24.4735	0.419156	27.0909	2.93609
26	145	-24.4407	0.628748	27.1023	2.92827
26	146	-24.4116	0.84178	27.1199	2.92037
26	147	-24.3873	1.05835	27.1446	2.91239
26	148	-24.3687	1.27773	27.1772	2.90437
26	149	-24.3558	1.49877	27.2174	2.89636
26	150	-24.3477	1.72052	27.2643	2.8884
26	151	-24.3437	1.9426	27.3168	2.88049
26	152	-24.3432	2.16506	27.3747	2.87264
26	153	-24.3467	2.38798	27.4381	2.86484
26	154	-24.3551	2.61097	27.508	2.85713
26	155	-24.3689	2.83299	27.5842	2.84954
26	156	-24.3858	3.0577	27.666	2.84194
32	0	31.9128	-14.402	31.2779	-0.301664
32	1	31.9768	-14.16	31.2681	-0.293667
32	2	32.0229	-13.9434	31.2503	-0.286604
32	3	32.0479	-13.7435	31.2184	-0.280234
32	4	32.064	-13.5543	31.1821	-0.274261
32	5	32.0358	-13.3797	31.1081	-0.269105
32	6	31.9797	-13.2201	31.0119	-0.264624
32	7	31.8806	-13.0724	30.8778	-0.260847
32	8	31.7866	-12.9193	30.7477	-0.256825
32	9	31.685	-12.7676	30.6112	-0.252873
32	10	31.5771	-12.6184	30.4697	-0.249018
32	11	31.4681	-12.4675	30.327	-0.245083
32	12	31.3544	-12.3172	30.1805	-0.241165
32	13	31.2368	-12.1629	30.0297	-0.237111
32	14	31.1133	-12.0063	29.8732	-0.232987
32	15	30.9853	-11.8476	29.7122	-0.228787
32	16	30.8527	-11.6887	29.5473	-0.224566
32	17	30.7176	-11.5299	29.3805	-0.220319
32	18	30.581	-11.3714	29.2128	-0.216047
32	19	30.4436	-11.2125	29.0448	-0.211718
32	20	30.3049	-11.0525	28.8758	-0.20731
32	21	30.164	-10.8911	28.7051	-0.202817
32	22	30.0199	-10.7288	28.5315	-0.198263
32	23	29.872	-10.5672	28.3549	-0.193702
32	24	29.7202	-10.4086	28.1758	-0.189215
32	25	29.5661	-10.254	27.9957	-0.184829
32	26	29.4104	-10.1025	27.815	-0.180504
32	27	29.2534	-9.95433	27.6342	-0.176248
32	28	29.0917	-9.81315	27.4504	-0.172218
32	29	28.9253	-9.68486	27.2647	-0.168627
32	30	28.749	-9.57134	27.072	-0.165587
32	31	28.5639	-9.46813	26.8725	-0.162934
32	32	28.3655	-9.38161	26.6627	-0.160939
32	33	28.1718	-9.31631	26.4611	-0.159676
32	34	27.9798	-9.27986	26.2658	-0.159468
32	35	27.7906	-9.25898	26.0757	-0.15983
32	36	27.6027	-9.25833	25.8901	-0.16096
32	37	27.4161	-9.26103	25.7063	-0.162228
32	38	27.2288	-9.2738	25.5236	-0.163906
32	39	27.0396	-9.28835	25.3394	-0.165691
32	40	26.8477	-9.30886	25.1534	-0.167754
32	41	26.6524	-9.33504	24.9653	-0.170094
32	42	26.4542	-9.3676	24.7756	-0.172743
32	43	26.2548	-9.40936	24.5865	-0.17581
32	44	26.0559	-9.45825	24.3993	-0.179209
32	45	25.8592	-9.51433	24.216	-0.182935
32	46	25.6659	-9.57566	24.0372	-0.186907
32	47	25.4776	-9.64476	23.8653	-0.191218
32	48	25.2958	-9.72365	23.7021	-0.195944
32	49	25.1224	-9.81564	23.5502	-0.201209
32	50	24.9565	-9.9237	23.4096	-0.207148
32	51	24.7962	-10.0479	23.2789	-0.213787
32	52	24.6434	-10.1941	23.1612	-0.221354
32	53	24.5074	-10.3512	23.0638	-0.229296
32	54	24.3892	-10.5205	22.9879	-0.237636
32	55	24.2841	-10.6994	22.9288	-0.246296
32	56	24.1908	-10.8851	22.8845	-0.255161
32	57	24.104	-11.0729	22.8488	-0.264074
32	58	24.024	-11.2622	22.8218	-0.272995
32	59	23.9466	-11.4522	22.7994	-0.281936
32	60	23.8747	-11.645	22.785	-0.29094
32	61	23.8067	-11.8397	22.7765	-0.299986
32	62	23.7435	-12.0358	22.7751	-0.309031
32	63	23.6856	-12.2314	22.7803	-0.317988
32	64	23.6333	-12.4289	22.7933	-0.326933
32	65	23.5859	-12.6259	22.8126	-0.335778
32	66	23.5431	-12.821	22.8373	-0.344465
32	67	23.5045	-13.014	22.867	-0.352977
32	68	23.4692	-13.2101	22.9025	-0.361544
32	69	23.4397	-13.4091	22.9462	-0.37011
32	70	23.4123	-13.6096	22.9939	-0.378672
32	71	23.3951	-13.8113	23.0534	-0.387078
32	72	23.381	-14.0119	23.1168	-0.395342
32	73	23.3771	-14.21	23.1902	-0.403292
32	74	23.3766	-14.4043	23.2668	-0.410982
32	75	23.3841	-14.5944	23.3502	-0.418317
32	76	23.3946	-14.7834	23.4372	-0.425503
32	77	23.4148	-14.9713	23.5337	-0.432421
32	78	23.4374	-15.1597	23.6337	-0.43926
32	79	23.4756	-15.3477	23.7488	-0.445739
32	80	23.5249	-15.5377	23.8756	-0.452029
32	81	23.5986	-15.728	24.0254	-0.457813
32	82	23.6934	-15.9216	24.1964	-0.463263
32	83	23.8049	-16.1004	24.3763	-0.467779
32	84	23.9332	-16.2649	24.5651	-0.4714
32	85	24.0792	-16.4167	24.7642	-0.474185
32	86	24.2378	-16.5587	24.9702	-0.476341
32	87	24.4039	-16.6951	25.1804	-0.478135
32	88	24.5719	-16.8288	25.3912	-0.479762
32	89	24.7426	-16.9609	25.6036	-0.481263
32	90	24.9164	-17.0911	25.8179	-0.482616
32	91	25.0931	-17.2186	26.0336	-0.483807
32	92	25.2716	-17.342	26.2491	-0.484803
32	93	25.45	-17.4609	26.4623	-0.485639
32	94	25.6266	-17.5755	26.672	-0.486347
32	95	25.8005	-17.6873	26.878	-0.487
32	96	25.9729	-17.7958	27.0811	-0.487561
32	97	26.1435	-17.9029	27.282	-0.4881
32	98	26.315	-18.0058	27.4817	-0.48848
32	99	26.4854	-18.1075	27.68	-0.488836
32	100	26.6578	-18.2018	27.8764	-0.488916
32	101	26.8281	-18.2929	28.0696	-0.488936
32	102	26.999	-18.3729	28.2581	-0.488593
32	103	27.1676	-18.4456	28.4411	-0.488068
32	104	27.337	-18.5015	28.6169	-0.487018
32	105	27.4974	-18.566	28.7888	-0.486388
32	106	27.6561	-18.5832	28.9372	-0.484352
32	107	27.8276	-18.5526	29.075	-0.480675
32	108	28.008	-18.5303	29.2248	-0.477141
32	109	28.1992	-18.4861	29.3746	-0.472816
32	110	28.408	-18.4188	29.5302	-0.467567
32	111	28.6393	-18.323	29.6941	-0.461176
32	112	28.9005	-18.1917	29.8706	-0.453347
32	113	29.1552	-18.0451	30.0363	-0.445247
32	114	29.4009	-17.8863	30.1907	-0.436996
32	115	29.6381	-17.7184	30.3356	-0.428671
32	116	29.8685	-17.542	30.4729	-0.420264
32	117	30.0932	-17.3554	30.603	-0.411701
32	118	30.3103	-17.1557	30.7232	-0.402915
32	119	30.5158	-16.9423	30.8299	-0.393934
32	120	30.7074	-16.7185	30.9221	-0.384873
32	121	30.8861	-16.4879	31.0025	-0.375814
32	122	31.055	-16.2514	31.0741	-0.366741
32	123	31.2151	-16.0076	31.1374	-0.357586
32	124	31.3649	-15.7543	31.1904	-0.348298
32	125	31.5009	-15.4917	31.23	-0.338909
32	126	31.6215	-15.2232	31.2559	-0.329525
32	127	31.7286	-14.9519	31.2707	-0.320207
32	128	31.8254	-14.6786	31.2779	-0.310938
33	0	-19.7403	-8.09117	21.9907	-3.00556
33	1	-19.7417	-7.87989	21.9645	-3.0151
33	2	-19.7462	-7.66784	21.9432	-3.02472
33	3	-19.7525	-7.45794	21.926	-3.03426
33	4	-19.7589	-7.25203	21.9113	-3.04363
33	5	-19.7683	-7.04453	21.9013	-3.0531
33	6	-19.7801	-6.83773	21.8958	-3.06256
33	7	-19.7954	-6.63371	21.8959	-3.0719
33	8	-19.8172	-6.42833	21.9042	-3.08133
33	9	-19.8458	-6.22489	21.9215	-3.09067
33	10	-19.8793	-6.02535	21.9457	-3.09983
33	11	-19.9164	-5.83041	21.9756	-3.10876
33	12	-19.9574	-5.63728	22.0111	-3.11759
33	13	-20.0036	-5.44594	22.0535	-3.12632
33	14	-20.0587	-5.2564	22.1065	-3.13493
33	15	-20.1305	-5.06614	22.1778	3.13966
33	16	-20.2227	-4.87497	22.2713	3.13108
33	17	-20.3373	-4.68015	22.3887	3.12243
33	18	-20.4641	-4.50041	22.5196	3.11456
33	19	-20.6034	-4.33614	22.6639	3.10748
33	20	-20.7552	-4.18411	22.8212	3.10105
33	21	-20.9148	-4.04078	22.987	3.0951
33	22	-21.0785	-3.90332	23.1572	3.0895
33	23	-21.2444	-3.76933	23.3302	3.08414
33	24	-21.4123	-3.63726	23.5057	3.07894
33	25	-21.5828	-3.50572	23.6844	3.07385
33	26	-21.7568	-3.37419	23.8673	3.06884
33	27	-21.9353	-3.24308	24.0551	3.06394
33	28	-22.1192	-3.11516	24.2486	3.05927
33	29	-22.3078	-2.99153	24.447	3.05487
33	30	-22.4996	-2.87223	24.6486	3.05072
33	31	-22.6933	-2.75627	24.8522	3.04678
33	32	-22.8885	-2.64276	25.0575	3.04301
33	33	-23.0858	-2.53136	25.2649	3.03939
33	34	-23.2859	-2.42537	25.4749	3.03605
33	35	-23.4902	-2.32869	25.6884	3.03315
33	36	-23.6982	-2.25354	25.9034	3.03113
33	37	-23.9117	-2.19774	26.1218	3.02991
33	38	-24.1317	-2.1622	26.3443	3.0295
33	39	-24.3374	-2.1446	26.5507	3.02971
33	40	-24.5335	-2.15291	26.7447	3.03083
33	41	-24.7189	-2.17563	26.9265	3.03243
33	42	-24.8953	-2.22342	27.0967	3.0349
33	43	-25.0687	-2.27506	27.2637	3.03746
33	44	-25.2392	-2.33597	27.427	3.04031
33	45	-25.4108	-2.39869	27.5916	3.0432
33	46	-25.5846	-2.46567	27.758	3.04622
33	47	-25.7603	-2.5372	27.9263	3.04937
33	48	-25.9383	-2.61463	28.0965	3.0527
33	49	-26.1193	-2.69619	28.2698	3.05614
33	50	-26.3023	-2.7835	28.4448	3.05975
33	51	-26.4869	-2.87279	28.6217	3.06338
33	52	-26.6724	-2.96555	28.7996	3.0671
33	53	-26.858	-3.05919	28.9779	3.0708
33	54	-27.0449	-3.1535	29.1578	3.07447
33	55	-27.2337	-3.24902	29.34	3.07815
33	56	-27.4238	-3.34866	29.5236	3.08193
33	57	-27.6161	-3.45071	29.7097	3.08575
33	58	-27.811	-3.55272	29.8989	3.08952
33	59	-28.0064	-3.65681	30.0888	3.09331
33	60	-28.2011	-3.7635	30.2784	3.09714
33	61	-28.396	-3.87146	30.4684	3.10096
33	62	-28.5916	-3.97912	30.6597	3.10473
33	63	-28.788	-4.088	30.8522	3.10849
33	64	-28.983	-4.20208	31.0435	3.11237
33	65	-29.1603	-4.3321	31.2173	3.1167
33	66	-29.2919	-4.49664	31.3452	3.12205
33	67	-29.3849	-4.70345	31.4348	3.12869
33	68	-29.4556	-4.93032	31.5034	3.13592
33	69	-29.5107	-5.18029	31.5581	-3.13933
33	70	-29.5516	-5.46092	31.6009	-3.13046
33	71	-29.5805	-5.78192	31.6349	-3.12032
33	72	-29.6005	-6.10193	31.6634	-3.11023
33	73	-29.6134	-6.42248	31.6879	-3.10013
33	74	-29.617	-6.74555	31.7066	-3.08996
33	75	-29.6072	-7.07116	31.7153	-3.07969
33	76	-29.5817	-7.39604	31.7115	-3.06941
33	77	-29.5424	-7.71685	31.6972	-3.05923
33	78	-29.4934	-8.0337	31.676	-3.04913
33	79	-29.4362	-8.34888	31.6498	-3.03905
33	80	-29.369	-8.66438	31.6169	-3.0289
33	81	-29.2876	-8.97977	31.573	-3.01869
33	82	-29.1894	-9.29114	31.5154	-3.0085
33	83	-29.0769	-9.59478	31.4458	-2.99845
33	84	-28.9546	-9.89116	31.3686	-2.98855
33	85	-28.8241	-10.1828	31.2856	-2.9787
33	86	-28.6843	-10.4713	31.1959	-2.96884
33	87	-28.5329	-10.7556	31.0972	-2.959
33	88	-28.3701	-11.0329	30.9889	-2.94925
33	89	-28.1984	-11.3025	30.8733	-2.93961
33	90	-28.0193	-11.5659	30.7521	-2.93005
33	91	-27.8319	-11.8245	30.6246	-2.92051
33	92	-27.6335	-12.0778	30.4879	-2.91098
33	93	-27.4229	-12.3223	30.3402	-2.90155
33	94	-27.2025	-12.5557	30.1829	-2.8923
33	95	-26.9758	-12.779	30.0195	-2.88323
33	96	-26.7439	-12.9949	29.8516	-2.87425
33	97	-26.5053	-13.205	29.6782	-2.8653
33	98	-26.2575	-13.4079	29.4963	-2.85639
33	99	-25.9998	-13.6003	29.3043	-2.84762
33	100	-25.7701	-13.7503	29.1287	-2.8404
33	101	-25.5614	-13.8652	28.964	-2.83447
33	102	-25.3692	-13.9572	28.809	-2.82942
33	103	-25.1914	-14.0401	28.6655	-2.82476
33	104	-25.0114	-14.0866	28.5091	-2.82124
33	105	-24.8453	-14.1074	28.3581	-2.8187
33	106	-24.6797	-14.055	28.1844	-2.8186
33	107	-24.5142	-14.0024	28.0108	-2.8185
33	108	-24.3453	-13.9471	27.8331	-2.81846
33	109	-24.1753	-13.884	27.6519	-2.81867
33	110	-24.0014	-13.8193	27.4664	-2.8189
33	111	-23.8244	-13.7505	27.2768	-2.81923
33	112	-23.6454	-13.6768	27.0836	-2.81972
33	113	-23.4642	-13.6007	26.8876	-2.82027
33	114	-23.2828	-13.5199	26.69	-2.821
33	115	-23.1001	-13.4379	26.4908	-2.82176
33	116	-22.917	-13.3529	26.2902	-2.82264
33	117	-22.7319	-13.2671	26.0876	-2.82354
33	118	-22.545	-13.1788	25.8825	-2.82452
33	119	-22.356	-13.0886	25.6748	-2.82557
33	120	-22.1659	-12.9951	25.4651	-2.82673
33	121	-21.9758	-12.8987	25.2545	-2.82803
33	122	-21.7874	-12.7994	25.0446	-2.82949
33	123	-21.6012	-12.6977	24.8363	-2.83108
33	124	-21.4176	-12.5941	24.6298	-2.83281
33	125	-21.2346	-12.4893	24.4237	-2.83462
33	126	-21.0532	-12.3817	24.2183	-2.83659
33	127	-20.8755	-12.2686	24.0149	-2.83886
33	128	-20.7061	-12.1448	23.8164	-2.8417
33	129	-20.5543	-12.0055	23.6304	-2.84544
33	130	-20.4192	-11.8469	23.4552	-2.85022
33	131	-20.2965	-11.6726	23.2879	-2.85588
33	132	-20.1861	-11.4794	23.128	-2.86255
33	133	-20.0964	-11.2837	22.9885	-2.86965
33	134	-20.028	-11.083	22.8693	-2.87731
33	135	-19.9742	-10.8785	22.7648	-2.88536
33	136	-19.9314	-10.6692	22.6711	-2.89381
33	137	-19.8947	-10.4565	22.5843	-2.90254
33	138	-19.8624	-10.2417	22.5029	-2.91148
33	139	-19.8333	-10.0252	22.4261	-2.92058
33	140	-19.8092	-9.80756	22.3558	-2.92984
33	141	-19.7893	-9.59115	22.2919	-2.93915
33	142	-19.7745	-9.37523	22.235	-2.94853
33	143	-19.763	-9.16206	22.1837	-2.95786
33	144	-19.7551	-8.94753	22.1377	-2.96732
33	145	-19.749	-8.73338	22.0955	-2.97682
33	146	-19.7433	-8.52111	22.0561	-2.98627
33	147	-19.7406	-8.30597	22.0212	-2.9959
38	0	27.4848	-22.9846	31.0902	-0.612551
38	1	27.5273	-22.6881	30.9557	-0.603925
38	2	27.5572	-22.3884	30.8113	-0.595369
38	3	27.5736	-22.0885	30.6577	-0.586968
38	4	27.5787	-21.7904	30.4979	-0.57874
38	5	27.5753	-21.4943	30.3341	-0.570629
38	6	27.565	-21.1986	30.1667	-0.562564
38	7	27.547	-20.9018	29.9941	-0.554514
38	8	27.5186	-20.6036	29.8139	-0.546512
38	9	27.4768	-20.3061	29.6245	-0.538665
38	10	27.4222	-20.0476	29.4456	-0.532079
38	11	27.3564	-19.8183	29.2731	-0.526468
38	12	27.2805	-19.6092	29.1027	-0.521569
38	13	27.1899	-19.4154	28.9278	-0.517319
38	14	27.0695	-19.2483	28.7407	-0.514339
38	15	26.9081	-19.1061	28.5302	-0.512782
38	16	26.7236	-18.976	28.3057	-0.511975
38	17	26.5348	-18.8497	28.0792	-0.511348
38	18	26.3454	-18.7235	27.8522	-0.510724
38	19	26.1563	-18.5971	27.6256	-0.510078
38	20	25.9676	-18.473	27.4003	-0.509488
38	21	25.7801	-18.3524	27.1777	-0.508979
38	22	25.5958	-18.2338	26.959	-0.508468
38	23	25.414	-18.1182	26.744	-0.508005
38	24	25.235	-18.004	26.532	-0.507522
38	25	25.0583	-17.8905	26.3225	-0.507018
38	26	24.8818	-17.78	26.1145	-0.506601
38	27	24.7071	-17.6703	25.9086	-0.50617
38	28	24.5332	-17.5644	25.7051	-0.505849
38	29	24.3608	-17.4626	25.505	-0.50563
38	30	24.1902	-17.3659	25.3089	-0.505551
38	31	24.0216	-17.274	25.1168	-0.505604
38	32	23.8547	-17.1859	24.9282	-0.505752
38	33	23.6892	-17.103	24.7432	-0.506063
38	34	23.5254	-17.0208	24.5601	-0.50637
38	35	23.357	-16.9491	24.3781	-0.507147
38	36	23.1848	-16.8829	24.1954	-0.508213
38	37	22.9982	-16.8356	24.0094	-0.510272
38	38	22.8007	-16.7972	23.8184	-0.512916
38	39	22.5881	-16.7782	23.624	-0.516632
38	40	22.3804	-16.7752	23.4422	-0.520895
38	41	22.1765	-16.793	23.2744	-0.52592
38	42	21.9751	-16.8274	23.1179	-0.531578
38	43	21.7764	-16.8749	22.9711	-0.537746
38	44	21.58	-16.9302	22.8313	-0.544234
38	45	21.3853	-16.9908	22.6966	-0.550958
38	46	21.1917	-17.0552	22.5659	-0.557883
38	47	20.9991	-17.1237	22.4393	-0.565013
38	48	20.8081	-17.1973	22.318	-0.572383
38	49	20.6186	-17.2751	22.2015	-0.579951
38	50	20.4323	-17.3584	22.0919	-0.587728
38	51	20.2492	-17.4451	21.9883	-0.595626
38	52	20.0707	-17.5361	21.8923	-0.603641
38	53	19.8958	-17.6289	21.8017	-0.6117
38	54	19.7248	-17.7254	21.7179	-0.619861
38	55	19.5562	-17.8245	21.639	-0.628115
38	56	19.3906	-17.929	21.5672	-0.636545
38	57	19.2284	-18.0406	21.5039	-0.645202
38	58	19.0733	-18.1646	21.4553	-0.65417
38	59	18.9286	-18.3061	21.4276	-0.663514
38	60	18.7939	-18.4692	21.423	-0.673388
38	61	18.6693	-18.6535	21.4416	-0.68373
38	62	18.5637	-18.8436	21.4809	-0.693697
38	63	18.473	-19.0384	21.5367	-0.703343
38	64	18.3965	-19.2383	21.6085	-0.71269
38	65	18.3314	-19.444	21.6948	-0.721826
38	66	18.2742	-19.6531	21.7909	-0.730764
38	67	18.2215	-19.864	21.8932	-0.739546
38	68	18.1727	-20.077	22.0015	-0.748194
38	69	18.1272	-20.2918	22.1151	-0.75671
38	70	18.0847	-20.5074	22.233	-0.765075
38	71	18.0453	-20.7225	22.3543	-0.773237
38	72	18.0095	-20.9374	22.4795	-0.781189
38	73	17.9783	-21.1523	22.6094	-0.788908
38	74	17.9505	-21.366	22.7421	-0.796397
38	75	17.9246	-21.5778	22.8759	-0.803685
38	76	17.8992	-21.7876	23.0099	-0.810807
38	77	17.875	-21.9953	23.1443	-0.817745
38	78	17.8545	-22.2057	23.2844	-0.824568
38	79	17.839	-22.4177	23.43	-0.831195
38	80	17.8278	-22.6296	23.5795	-0.837601
38	81	17.8202	-22.8401	23.7313	-0.843778
38	82	17.8141	-23.0483	23.8832	-0.84976
38	83	17.8096	-23.2536	24.0349	-0.855543
38	84	17.8082	-23.4615	24.1913	-0.861223
38	85	17.8112	-23.6714	24.3529	-0.866744
38	86	17.8186	-23.8826	24.519	-0.872092
38	87	17.8314	-24.094	24.6895	-0.877201
38	88	17.8491	-24.3041	24.8626	-0.882056
38	89	17.8717	-24.5111	25.037	-0.886614
38	90	17.8971	-24.7139	25.2105	-0.890916
38	91	17.9251	-24.9121	25.3824	-0.894969
38	92	17.9556	-25.1084	25.5549	-0.898842
38	93	17.9894	-25.3028	25.7282	-0.902519
38	94	18.0255	-25.4959	25.9022	-0.906043
38	95	18.0674	-25.6874	26.0789	-0.909309
38	96	18.1134	-25.878	26.2577	-0.912384
38	97	18.1727	-26.0649	26.4419	-0.914937
38	98	18.2412	-26.25	26.6305	-0.917135
38	99	18.3279	-26.4321	26.8278	-0.918697
38	100	18.4245	-26.6045	27.0235	-0.91973
38	101	18.5315	-26.7587	27.211	-0.920035
38	102	18.6459	-26.897	27.3903	-0.919769
38	103	18.7691	-27.0204	27.5632	-0.918929
38	104	18.8983	-27.1353	27.7328	-0.917739
38	105	19.0321	-27.2453	27.9016	-0.916325
38	106	19.1694	-27.3541	28.0715	-0.914806
38	107	19.3124	-27.4604	28.243	-0.913088
38	108	19.4601	-27.5671	28.4177	-0.911269
38	109	19.6135	-27.6732	28.5957	-0.909305
38	110	19.7715	-27.776	28.7739	-0.907164
38	111	19.932	-27.8776	28.9529	-0.904959
38	112	20.0961	-27.9751	29.131	-0.902596
38	113	20.261	-28.0724	29.3096	-0.90024
38	114	20.4283	-28.1666	29.4874	-0.897778
38	115	20.5961	-28.2613	29.6662	-0.895345
38	116	20.7662	-28.3534	29.8446	-0.892826
38	117	20.9372	-28.4452	30.0234	-0.890307
38	118	21.1093	-28.5347	30.2014	-0.887744
38	119	21.2843	-28.625	30.382	-0.885152
38	120	21.4617	-28.7143	30.5635	-0.882509
38	121	21.6401	-28.8027	30.7452	-0.879854
38	122	21.8193	-28.8897	30.9265	-0.877182
38	123	21.9986	-28.9763	31.1079	-0.874529
38	124	22.1796	-29.063	31.2906	-0.871869
38	125	22.3622	-29.1506	31.4753	-0.869217
38	126	22.5528	-29.2217	31.6527	-0.866068
38	127	22.7335	-29.2339	31.7794	-0.861984
38	128	22.9198	-29.1944	31.8711	-0.856741
38	129	23.1052	-29.1269	31.942	-0.850971
38	130	23.297	-29.0433	32.0062	-0.844743
38	131	23.4999	-28.9367	32.062	-0.837803
38	132	23.7204	-28.8024	32.1107	-0.829901
38	133	23.9642	-28.6328	32.1514	-0.820745
38	134	24.2006	-28.4552	32.1841	-0.81161
38	135	24.431	-28.2723	32.2112	-0.802513
38	136	24.6567	-28.0841	32.2342	-0.793419
38	137	24.8786	-27.889	32.252	-0.784274
38	138	25.0952	-27.6846	32.2623	-0.775046
38	139	25.3037	-27.4698	32.2624	-0.765768
38	140	25.502	-27.2466	32.252	-0.756517
38	141	25.6904	-27.0174	32.2331	-0.747334
38	142	25.8711	-26.7838	32.2082	-0.7382
38	143	26.0454	-26.545	32.1777	-0.729064
38	144	26.213	-26.2995	32.1406	-0.719896
38	145	26.3719	-26.047	32.0949	-0.710715
38	146	26.5208	-25.7887	32.0406	-0.701575
38	147	26.6601	-25.5267	31.9792	-0.692504
38	148	26.7915	-25.2614	31.9123	-0.683478
38	149	26.916	-24.9919	31.8399	-0.674445
38	150	27.0321	-24.716	31.7597	-0.665376
38	151	27.1369	-24.4332	31.6688	-0.656308
38	152	27.2277	-24.1456	31.5665	-0.647333
38	153	27.3054	-23.8564	31.4553	-0.638512
38	154	27.3728	-23.5672	31.3383	-0.629818
38	155	27.4326	-23.2772	31.2169	-0.621183
39	0	-15.6315	-19.7	22.9224	-2.45159
39	1	-15.6228	-19.4702	22.7701	-2.45913
39	2	-15.6166	-19.2383	22.6197	-2.46691
39	3	-15.6147	-19.0048	22.4731	-2.47498
39	4	-15.6189	-18.771	22.3326	-2.48332
39	5	-15.6289	-18.5391	22.1995	-2.49186
39	6	-15.6414	-18.3054	22.0689	-2.50064
39	7	-15.6555	-18.0704	21.9405	-2.50961
39	8	-15.6718	-17.834	21.8149	-2.51879
39	9	-15.6917	-17.5963	21.6934	-2.52822
39	10	-15.7163	-17.3578	21.5773	-2.53792
39	11	-15.7443	-17.1166	21.4645	-2.54791
39	12	-15.7762	-16.8744	21.3566	-2.55815
39	13	-15.8125	-16.6329	21.2549	-2.56857
39	14	-15.8529	-16.3925	21.1597	-2.57915
39	15	-15.8966	-16.1531	21.0703	-2.58987
39	16	-15.9463	-15.9153	20.9892	-2.60076
39	17	-16.0072	-15.6807	20.9219	-2.61187
39	18	-16.0853	-15.4524	20.8752	-2.6232
39	19	-16.1832	-15.2295	20.8513	-2.63481
39	20	-16.301	-15.0104	20.8494	-2.64674
39	21	-16.4304	-14.8145	20.8716	-2.65795
39	22	-16.5694	-14.6377	20.9136	-2.66852
39	23	-16.7195	-14.4772	20.9752	-2.67859
39	24	-16.8804	-14.3298	21.0543	-2.68827
39	25	-17.048	-14.189	21.1442	-2.69773
39	26	-17.2211	-14.0527	21.2429	-2.70702
39	27	-17.3993	-13.9204	21.3497	-2.71616
39	28	-17.5825	-13.7925	21.4647	-2.72511
39	29	-17.77	-13.67	21.5874	-2.73381
39	30	-17.9596	-13.5533	21.7159	-2.74221
39	31	-18.1505	-13.4414	21.849	-2.75032
39	32	-18.3428	-13.3339	21.9865	-2.75818
39	33	-18.5366	-13.2307	22.1283	-2.76578
39	34	-18.7336	-13.1332	22.2763	-2.7731
39	35	-18.9346	-13.046	22.4329	-2.77995
39	36	-19.1426	-12.9725	22.6019	-2.78625
39	37	-19.3583	-12.9162	22.7849	-2.79186
39	38	-19.584	-12.8785	22.9843	-2.79676
39	39	-19.7955	-12.8597	23.1772	-2.80061
39	40	-19.9947	-12.868	23.3677	-2.80313
39	41	-20.1829	-12.894	23.5539	-2.80474
39	42	-20.3637	-12.9392	23.7395	-2.80546
39	43	-20.5419	-12.9897	23.9244	-2.80593
39	44	-20.719	-13.0466	24.1103	-2.80612
39	45	-20.897	-13.1081	24.2987	-2.80614
39	46	-21.078	-13.1726	24.4908	-2.80609
39	47	-21.2601	-13.2425	24.6858	-2.80584
39	48	-21.4436	-13.3175	24.8837	-2.80542
39	49	-21.6286	-13.3959	25.0843	-2.80491
39	50	-21.8141	-13.4783	25.2866	-2.80425
39	51	-22.0008	-13.562	25.4905	-2.80358
39	52	-22.188	-13.6484	25.6958	-2.80283
39	53	-22.3766	-13.7363	25.9028	-2.80204
39	54	-22.5668	-13.8266	26.1123	-2.80121
39	55	-22.7593	-13.919	26.3246	-2.80034
39	56	-22.9538	-14.0136	26.5395	-2.79944
39	57	-23.1495	-14.1103	26.7564	-2.79849
39	58	-23.3454	-14.209	26.9741	-2.79748
39	59	-23.5406	-14.3097	27.1918	-2.79642
39	60	-23.7346	-14.4126	27.4092	-2.79528
39	61	-23.9266	-14.5192	27.626	-2.79401
39	62	-24.1156	-14.6313	27.8419	-2.79253
39	63	-24.2992	-14.7516	28.0556	-2.79074
39	64	-24.4784	-14.868	28.2639	-2.78906
39	65	-24.6033	-15.0285	28.4368	-2.78528
39	66	-24.6817	-15.2454	28.5864	-2.77912
39	67	-24.7693	-15.4739	28.75	-2.77277
39	68	-24.8378	-15.7312	28.9074	-2.76532
39	69	-24.888	-16.0248	29.0631	-2.75656
39	70	-24.9239	-16.364	29.2254	-2.74627
39	71	-24.9492	-16.7039	29.3812	-2.73592
39	72	-24.9659	-17.0456	29.5329	-2.72551
39	73	-24.9712	-17.3904	29.6788	-2.71496
39	74	-24.9619	-17.7361	29.8151	-2.70427
39	75	-24.9385	-18.0792	29.9409	-2.69356
39	76	-24.9047	-18.4189	30.0593	-2.68289
39	77	-24.862	-18.7572	30.1726	-2.67221
39	78	-24.8093	-19.0954	30.2803	-2.66146
39	79	-24.7446	-19.4325	30.3803	-2.65064
39	80	-24.6683	-19.7658	30.4721	-2.63981
39	81	-24.583	-20.0953	30.5575	-2.62901
39	82	-24.4892	-20.4228	30.6381	-2.6182
39	83	-24.3846	-20.7492	30.7125	-2.60729
39	84	-24.2662	-21.0726	30.7772	-2.59629
39	85	-24.1351	-21.3894	30.8313	-2.5853
39	86	-23.995	-21.6993	30.8778	-2.57438
39	87	-23.8477	-22.0046	30.9194	-2.56349
39	88	-23.6918	-22.3071	30.956	-2.55255
39	89	-23.5244	-22.6058	30.9847	-2.54153
39	90	-23.3449	-22.8975	31.0032	-2.5305
39	91	-23.1562	-23.1806	31.0128	-2.51953
39	92	-22.9607	-23.4569	31.0168	-2.50862
39	93	-22.758	-23.7285	31.0159	-2.49769
39	94	-22.5458	-23.9952	31.0082	-2.48671
39	95	-22.3231	-24.2542	30.9912	-2.4757
39	96	-22.0922	-24.5037	30.9656	-2.46476
39	97	-21.8557	-24.745	30.9342	-2.45389
39	98	-21.6132	-24.9792	30.8973	-2.44305
39	99	-21.3794	-25.1854	30.8523	-2.43306
39	100	-21.1605	-25.3491	30.7939	-2.4244
39	101	-20.9498	-25.4762	30.7195	-2.41677
39	102	-20.7423	-25.5729	30.629	-2.40991
39	103	-20.5481	-25.6745	30.5531	-2.40319
39	104	-20.3556	-25.7045	30.4313	-2.39821
39	105	-20.1501	-25.6692	30.2563	-2.39447
39	106	-19.9459	-25.6088	30.0656	-2.39133
39	107	-19.7442	-25.5405	29.8716	-2.38839
39	108	-19.5438	-25.4703	29.6776	-2.3855
39	109	-19.3442	-25.3999	29.4842	-2.3826
39	110	-19.1455	-25.329	29.2914	-2.37968
39	111	-18.9483	-25.2569	29.099	-2.3768
39	112	-18.7535	-25.1828	28.9073	-2.37398
39	113	-18.5625	-25.1065	28.717	-2.37127
39	114	-18.3762	-25.0287	28.5292	-2.36868
39	115	-18.1952	-24.9492	28.3442	-2.36623
39	116	-18.0188	-24.8698	28.1627	-2.36386
39	117	-17.8471	-24.7884	27.9833	-2.36163
39	118	-17.6787	-24.7064	27.8059	-2.35947
39	119	-17.5144	-24.6199	27.6285	-2.35749
39	120	-17.3515	-24.5334	27.4522	-2.35554
39	121	-17.1945	-24.4371	27.2731	-2.35396
39	122	-17.038	-24.3377	27.0923	-2.35246
39	123	-16.8967	-24.2136	26.9047	-2.35197
39	124	-16.7577	-24.0764	26.7093	-2.35189
39	125	-16.6321	-23.9142	26.5057	-2.35284
39	126	-16.5079	-23.7338	26.2902	-2.35432
39	127	-16.405	-23.5491	26.0869	-2.35653
39	128	-16.3155	-23.3616	25.8911	-2.3592
39	129	-16.2406	-23.1688	25.7022	-2.36247
39	130	-16.1717	-22.9725	25.5154	-2.36605
39	131	-16.1073	-22.7727	25.3297	-2.3699
39	132	-16.0458	-22.569	25.1438	-2.374
39	133	-15.9884	-22.3608	24.9582	-2.37841
39	134	-15.936	-22.1489	24.7741	-2.38312
39	135	-15.8895	-21.9343	24.593	-2.38816
39	136	-15.8491	-21.7186	24.4164	-2.39347
39	137	-15.814	-21.5032	24.2445	-2.399
39	138	-15.7799	-21.2848	24.072	-2.40472
39	139	-15.7467	-21.0631	23.8989	-2.41066
39	140	-15.7158	-20.8382	23.7262	-2.41685
39	141	-15.6889	-20.6105	23.5556	-2.42333
39	142	-15.6674	-20.3816	23.3893	-2.4301
39	143	-15.6518	-20.1533	23.2291	-2.4371
39	144	-15.6411	-19.9277	23.0754	-2.44425
43	0	22.9235	-32.8684	34.7333	-0.92599
43	1	22.9152	-32.5337	34.4613	-0.920345
43	2	22.8941	-32.199	34.1827	-0.914907
43	3	22.8616	-31.8671	33.9002	-0.909697
43	4	22.8208	-31.5384	33.6162	-0.90465
43	5	22.7733	-31.2119	33.3306	-0.899718
43	6	22.7234	-30.9334	33.0817	-0.895664
43	7	22.6687	-30.6915	32.8589	-0.892362
43	8	22.6096	-30.4764	32.6544	-0.889637
43	9	22.5393	-30.2819	32.4591	-0.887548
43	10	22.4549	-30.1035	32.2675	-0.886084
43	11	22.3371	-29.971	32.0904	-0.886315
43	12	22.1894	-29.8602	31.9112	-0.887708
43	13	22.0317	-29.7604	31.7343	-0.889576
43	14	21.8719	-29.6605	31.5561	-0.891516
43	15	21.7087	-29.5602	31.3756	-0.893554
43	16	21.5419	-29.4611	31.1939	-0.895732
43	17	21.3726	-29.3593	31.0088	-0.897943
43	18	21.2002	-29.2583	30.8224	-0.900274
43	19	21.0237	-29.158	30.6343	-0.902753
43	20	20.8457	-29.0588	30.4461	-0.905326
43	21	20.6672	-28.9589	30.2575	-0.907929
43	22	20.4879	-28.8601	30.0694	-0.910606
43	23	20.3083	-28.7617	29.8816	-0.913335
43	24	20.1278	-28.6645	29.6945	-0.916145
43	25	19.9463	-28.5682	29.5077	-0.919037
43	26	19.7631	-28.4731	29.3211	-0.922038
43	27	19.5784	-28.3789	29.1346	-0.925134
43	28	19.3926	-28.2861	28.9488	-0.928331
43	29	19.2058	-28.1927	28.7622	-0.931586
43	30	19.018	-28.1011	28.577	-0.934947
43	31	18.8302	-28.012	28.3939	-0.938405
43	32	18.6418	-27.928	28.2149	-0.942033
43	33	18.4522	-27.8509	28.0412	-0.945883
43	34	18.2602	-27.7855	27.8762	-0.950098
43	35	18.0636	-27.7373	27.7229	-0.954854
43	36	17.8587	-27.7107	27.5832	-0.960361
43	37	17.645	-27.7014	27.4537	-0.966545
43	38	17.4387	-27.7085	27.3429	-0.972901
43	39	17.2368	-27.7319	27.2492	-0.979509
43	40	17.0393	-27.773	27.1738	-0.986384
43	41	16.8441	-27.832	27.116	-0.993592
43	42	16.6516	-27.8988	27.0676	-1.0009
43	43	16.4622	-27.9714	27.0273	-1.00825
43	44	16.2746	-28.0456	26.9908	-1.01559
43	45	16.0891	-28.1233	26.9597	-1.02296
43	46	15.9041	-28.2016	26.9309	-1.03034
43	47	15.7213	-28.2845	26.9087	-1.03775
43	48	15.5389	-28.3687	26.8893	-1.04518
43	49	15.3594	-28.4591	26.8781	-1.05265
43	50	15.1806	-28.5504	26.8697	-1.06011
43	51	15.0069	-28.6497	26.8722	-1.06755
43	52	14.8345	-28.7494	26.8771	-1.07496
43	53	14.6693	-28.859	26.8957	-1.0823
43	54	14.5062	-28.9706	26.9183	-1.0896
43	55	14.3526	-29.0967	26.9598	-1.09682
43	56	14.2049	-29.2341	27.0153	-1.104
43	57	14.0713	-29.3947	27.0993	-1.11107
43	58	13.9465	-29.5819	27.2124	-1.11823
43	59	13.8309	-29.7978	27.3567	-1.12549
43	60	13.7304	-30.0185	27.5132	-1.13224
43	61	13.6424	-30.2438	27.6804	-1.13857
43	62	13.567	-30.4745	27.8588	-1.1445
43	63	13.5027	-30.7118	28.0486	-1.15008
43	64	13.4463	-30.9517	28.245	-1.15538
43	65	13.3934	-31.192	28.4439	-1.16049
43	66	13.3431	-31.4328	28.645	-1.16545
43	67	13.2936	-31.6736	28.8471	-1.17032
43	68	13.2447	-31.9138	29.0496	-1.17509
43	69	13.1994	-32.1574	29.2572	-1.17973
43	70	13.1577	-32.4019	29.4676	-1.1842
43	71	13.1188	-32.6449	29.6783	-1.1885
43	72	13.0812	-32.8847	29.887	-1.19266
43	73	13.0441	-33.1206	30.0928	-1.1967
43	74	13.009	-33.3591	30.3022	-1.20066
43	75	12.9754	-33.5993	30.5142	-1.20453
43	76	12.9428	-33.8392	30.7268	-1.20832
43	77	12.9108	-34.0769	30.9379	-1.21201
43	78	12.8794	-34.3105	31.1458	-1.21559
43	79	12.8504	-34.5463	31.357	-1.21907
43	80	12.824	-34.7833	31.5705	-1.22244
43	81	12.8005	-35.0208	31.7859	-1.22569
43	82	12.7805	-35.2583	32.0029	-1.22878
43	83	12.7651	-35.4949	32.2207	-1.2317
43	84	12.7545	-35.7293	32.4383	-1.23441
43	85	12.748	-35.9606	32.6546	-1.23694
43	86	12.7431	-36.1884	32.8683	-1.23935
43	87	12.7416	-36.4138	33.081	-1.24161
43	88	12.7503	-36.64	33.298	-1.24356
43	89	12.7729	-36.8695	33.5226	-1.24512
43	90	12.8099	-37.1033	33.756	-1.2463
43	91	12.8662	-37.3465	34.0044	-1.24701
43	92	12.9396	-37.5732	34.2427	-1.24708
43	93	13.0323	-37.7855	34.4735	-1.24649
43	94	13.1399	-37.9854	34.6973	-1.24539
43	95	13.2593	-38.1769	34.9169	-1.2439
43	96	13.3859	-38.3614	35.1323	-1.24217
43	97	13.5181	-38.5395	35.3436	-1.24026
43	98	13.6557	-38.7128	35.5524	-1.23818
43	99	13.7997	-38.8807	35.7581	-1.23591
43	100	13.9526	-39.0401	35.9591	-1.23335
43	101	14.1179	-39.1872	36.1528	-1.23038
43	102	14.297	-39.3215	36.3393	-1.22697
43	103	14.4925	-39.4427	36.5196	-1.22305
43	104	14.6888	-39.5408	36.679	-1.21893
43	105	14.8876	-39.6192	36.8215	-1.21459
43	106	15.091	-39.6739	36.9441	-1.20995
43	107	15.299	-39.7111	37.0528	-1.20505
43	108	15.5103	-39.7372	37.1532	-1.19999
43	109	15.7226	-39.7577	37.2498	-1.19488
43	110	15.9356	-39.7749	37.3444	-1.18974
43	111	16.1496	-39.789	37.4376	-1.18458
43	112	16.3644	-39.7995	37.5287	-1.17938
43	113	16.5795	-39.8058	37.6171	-1.17416
43	114	16.7945	-39.8077	37.7024	-1.16892
43	115	17.0091	-39.8055	37.7849	-1.16367
43	116	17.2217	-39.801	37.8654	-1.15847
43	117	17.4328	-39.7946	37.9448	-1.1533
43	118	17.6438	-39.7868	38.0237	-1.14815
43	119	17.854	-39.7783	38.1026	-1.14302
43	120	18.0648	-39.7681	38.1812	-1.13789
43	121	18.2744	-39.7556	38.2584	-1.13278
43	122	18.4829	-39.7398	38.333	-1.12768
43	123	18.6904	-39.7202	38.4048	-1.12258
43	124	18.8958	-39.6982	38.4744	-1.11752
43	125	19.1002	-39.6738	38.5424	-1.11248
43	126	19.3025	-39.6477	38.6091	-1.10748
43	127	19.504	-39.6198	38.6746	-1.10249
43	128	19.7039	-39.5904	38.7391	-1.09755
43	129	19.9032	-39.5585	38.8021	-1.0926
43	130	20.1004	-39.5237	38.8624	-1.08768
43	131	20.2942	-39.4864	38.9198	-1.08283
43	132	20.4838	-39.4436	38.9714	-1.07801
43	133	20.6653	-39.3893	39.0098	-1.07326
43	134	20.8459	-39.3559	39.0671	-1.06879
43	135	20.9904	-39.2668	39.0589	-1.06445
43	136	21.1124	-39.1055	38.9774	-1.0597
43	137	21.2517	-38.9489	38.9094	-1.05461
43	138	21.3839	-38.7685	38.8184	-1.04936
43	139	21.5165	-38.5596	38.7038	-1.0437
43	140	21.6551	-38.3131	38.5614	-1.03737
43	141	21.8048	-38.0179	38.3842	-1.0301
43	142	21.9451	-37.7159	38.1986	-1.02289
43	143	22.0749	-37.4094	38.0055	-1.01577
43	144	22.195	-37.1004	37.8071	-1.00876
43	145	22.3072	-36.7893	37.6045	-1.00183
43	146	22.412	-36.4744	37.3966	-0.994932
43	147	22.5072	-36.1544	37.181	-0.988097
43	148	22.5906	-35.8306	36.9573	-0.981393
43	149	22.6623	-35.5057	36.7278	-0.974852
43	150	22.725	-35.1807	36.4948	-0.968431
43	151	22.7805	-34.8546	36.2583	-0.962075
43	152	22.8281	-34.526	36.0166	-0.955773
43	153	22.8658	-34.1948	35.7686	-0.949571
43	154	22.8928	-33.8631	35.5152	-0.943515
43	155	22.9107	-33.532	35.2583	-0.937593
43	156	22.9212	-33.201	34.9983	-0.931756
44	0	-12.6111	-30.9046	29.6696	-2.08755
44	1	-12.5727	-30.6957	29.469	-2.08992
44	2	-12.5388	-30.4884	29.2723	-2.09242
44	3	-12.5122	-30.2784	29.077	-2.09523
44	4	-12.4923	-30.069	28.886	-2.09826
44	5	-12.4785	-29.8623	28.7006	-2.10147
44	6	-12.4682	-29.6589	28.5201	-2.10477
44	7	-12.4624	-29.4556	28.3423	-2.10824
44	8	-12.4609	-29.2523	28.1671	-2.11189
44	9	-12.4686	-29.0482	27.9964	-2.11589
44	10	-12.4912	-28.8395	27.8299	-2.12047
44	11	-12.5331	-28.6259	27.67	-2.12579
44	12	-12.5963	-28.4041	27.5153	-2.13199
44	13	-12.6766	-28.1984	27.3845	-2.13847
44	14	-12.772	-28.0066	27.2747	-2.1452
44	15	-12.8828	-27.8271	27.1849	-2.15221
44	16	-13.0071	-27.6583	27.1128	-2.15946
44	17	-13.1401	-27.4969	27.0532	-2.16686
44	18	-13.2778	-27.3405	27.0018	-2.17433
44	19	-13.4185	-27.1876	26.9566	-2.18185
44	20	-13.5617	-27.037	26.9161	-2.18942
44	21	-13.708	-26.8882	26.8805	-2.19706
44	22	-13.8577	-26.7419	26.8505	-2.20478
44	23	-14.0117	-26.599	26.8274	-2.21255
44	24	-14.1688	-26.4594	26.8105	-2.22036
44	25	-14.3295	-26.3246	26.8012	-2.22818
44	26	-14.4921	-26.1948	26.7985	-2.23595
44	27	-14.6569	-26.0711	26.8037	-2.24363
44	28	-14.8216	-25.9506	26.8128	-2.25124
44	29	-14.9884	-25.8349	26.8286	-2.25878
44	30	-15.156	-25.7209	26.8478	-2.2663
44	31	-15.3282	-25.6126	26.8757	-2.2738
44	32	-15.5044	-25.5093	26.9116	-2.28128
44	33	-15.6884	-25.4183	26.9634	-2.28865
44	34	-15.8809	-25.343	27.034	-2.29585
44	35	-16.0865	-25.287	27.1291	-2.30289
44	36	-16.3057	-25.2475	27.2468	-2.30984
44	37	-16.5186	-25.2294	27.3774	-2.31603
44	38	-16.7266	-25.2351	27.523	-2.32145
44	39	-16.9321	-25.2659	27.6861	-2.32612
44	40	-17.1364	-25.3144	27.8616	-2.33026
44	41	-17.3388	-25.3707	28.042	-2.33411
44	42	-17.5401	-25.4305	28.2246	-2.3378
44	43	-17.7408	-25.4932	28.4092	-2.34136
44	44	-17.9408	-25.5588	28.5957	-2.34478
44	45	-18.14	-25.6267	28.7837	-2.34808
44	46	-18.3373	-25.6978	28.9729	-2.35121
44	47	-18.532	-25.7706	29.1618	-2.3542
44	48	-18.7227	-25.8457	29.3496	-2.357
44	49	-18.9095	-25.9206	29.5349	-2.35967
44	50	-19.0915	-25.997	29.718	-2.36216
44	51	-19.2701	-26.0726	29.8982	-2.36456
44	52	-19.4447	-26.15	30.0771	-2.3668
44	53	-19.6171	-26.227	30.2542	-2.36897
44	54	-19.7863	-26.3069	30.4312	-2.37097
44	55	-19.9512	-26.3928	30.6094	-2.37271
44	56	-20.1174	-26.4744	30.7856	-2.37456
44	57	-20.2637	-26.5818	30.9655	-2.37534
44	58	-20.3761	-26.7392	31.1556	-2.3742
44	59	-20.4622	-26.9429	31.3592	-2.37143
44	60	-20.5347	-27.1679	31.568	-2.36791
44	61	-20.6013	-27.4196	31.7918	-2.36371
44	62	-20.6653	-27.7076	32.0399	-2.35871
44	63	-20.7289	-28.0442	32.323	-2.35272
44	64	-20.7858	-28.3829	32.604	-2.34664
44	65	-20.834	-28.7255	32.883	-2.34038
44	66	-20.8693	-29.072	33.1571	-2.33388
44	67	-20.8902	-29.4188	33.4229	-2.32716
44	68	-20.8994	-29.7635	33.6808	-2.32033
44	69	-20.8998	-30.1073	33.9335	-2.31344
44	70	-20.8907	-30.4526	34.1826	-2.30641
44	71	-20.8687	-30.7998	34.4261	-2.29917
44	72	-20.8314	-31.1456	34.6604	-2.29173
44	73	-20.7814	-31.4871	34.8848	-2.28419
44	74	-20.7223	-31.8247	35.1024	-2.27662
44	75	-20.6554	-32.1608	35.3159	-2.26901
44	76	-20.5784	-32.497	35.525	-2.26126
44	77	-20.488	-32.8318	35.7267	-2.25334
44	78	-20.3845	-33.1616	35.9184	-2.24531
44	79	-20.2712	-33.4854	36.1017	-2.23726
44	80	-20.1511	-33.805	36.2798	-2.22921
44	81	-20.0238	-34.1222	36.4541	-2.22113
44	82	-19.9046	-34.3909	36.5967	-2.21409
44	83	-19.7893	-34.6218	36.7129	-2.2078
44	84	-19.6739	-34.8232	36.8068	-2.20203
44	85	-19.5558	-35.0035	36.8832	-2.19656
44	86	-19.4221	-35.16	36.9323	-2.19115
44	87	-19.2779	-35.2593	36.9297	-2.1864
44	88	-19.1089	-35.3144	36.8775	-2.1818
44	89	-18.9353	-35.3608	36.8163	-2.17721
44	90	-18.7592	-35.4006	36.749	-2.17266
44	91	-18.5818	-35.4411	36.6823	-2.16805
44	92	-18.4017	-35.4801	36.6137	-2.16338
44	93	-18.2184	-35.5193	36.5443	-2.15862
44	94	-18.0321	-35.5557	36.4716	-2.15382
44	95	-17.8427	-35.5914	36.3976	-2.14893
44	96	-17.651	-35.6188	36.3162	-2.1441
44	97	-17.4586	-35.6447	36.234	-2.13925
44	98	-17.2652	-35.6613	36.1443	-2.13449
44	99	-17.0724	-35.6762	36.0543	-2.12975
44	100	-16.8804	-35.6833	35.9589	-2.12512
44	101	-16.688	-35.6884	35.8623	-2.12049
44	102	-16.4934	-35.6903	35.7627	-2.11582
44	103	-16.2967	-35.6905	35.6613	-2.1111
44	104	-16.0979	-35.6872	35.5566	-2.10635
44	105	-15.8974	-35.6795	35.448	-2.1016
44	106	-15.6962	-35.665	35.3341	-2.09689
44	107	-15.4957	-35.6431	35.2149	-2.09228
44	108	-15.2971	-35.614	35.0911	-2.08779
44	109	-15.1022	-35.5749	34.961	-2.0835
44	110	-14.9134	-35.5214	34.8221	-2.07953
44	111	-14.7373	-35.4442	34.6691	-2.07617
44	112	-14.5697	-35.3418	34.4985	-2.07336
44	113	-14.4068	-35.2203	34.3136	-2.0709
44	114	-14.2454	-35.0774	34.1109	-2.06876
44	115	-14.0987	-34.9284	33.91	-2.06706
44	116	-13.9636	-34.7716	33.7078	-2.06575
44	117	-13.8414	-34.602	33.5005	-2.06494
44	118	-13.7311	-34.4165	33.2849	-2.06467
44	119	-13.6306	-34.2204	33.0646	-2.06481
44	120	-13.5373	-34.0181	32.8423	-2.06523
44	121	-13.4508	-33.8132	32.6208	-2.06587
44	122	-13.3695	-33.6082	32.4019	-2.06667
44	123	-13.2933	-33.4015	32.1839	-2.06764
44	124	-13.2202	-33.1952	31.9676	-2.06871
44	125	-13.149	-32.9903	31.7536	-2.06982
44	126	-13.0804	-32.7825	31.5383	-2.07106
44	127	-13.0149	-32.5734	31.3235	-2.07243
44	128	-12.9528	-32.3651	31.111	-2.0739
44	129	-12.8955	-32.1537	30.8982	-2.07558
44	130	-12.8424	-31.9427	30.6879	-2.07739
44	131	-12.7921	-31.7351	30.482	-2.07925
44	132	-12.7444	-31.5261	30.2763	-2.08123
44	133	-12.6983	-31.3182	30.0725	-2.08327
44	134	-12.6534	-31.113	29.8716	-2.08533
48	0	22.386	-42.8042	42.8321	-1.07601
48	1	22.309	-42.5086	42.5354	-1.0743
48	2	22.2169	-42.2163	42.2346	-1.07292
48	3	22.1119	-41.9297	41.9326	-1.07186
48	4	21.9968	-41.6483	41.6305	-1.07105
48	5	21.8726	-41.3705	41.3271	-1.07047
48	6	21.7373	-41.0961	41.0215	-1.07015
48	7	21.6087	-40.8686	40.7602	-1.07024
48	8	21.4824	-40.6802	40.5343	-1.07074
48	9	21.3566	-40.523	40.3361	-1.07161
48	10	21.2311	-40.388	40.1575	-1.07275
48	11	21.0944	-40.2789	39.9964	-1.07445
48	12	20.9708	-40.1626	39.8353	-1.07578
48	13	20.8216	-40.1233	39.73	-1.07862
48	14	20.642	-40.1592	39.6772	-1.08303
48	15	20.4586	-40.1781	39.6083	-1.08735
48	16	20.2751	-40.1913	39.535	-1.09161
48	17	20.0926	-40.2105	39.4683	-1.09594
48	18	19.9107	-40.2274	39.4005	-1.10024
48	19	19.7296	-40.2416	39.3314	-1.10451
48	20	19.548	-40.2583	39.2651	-1.10883
48	21	19.3669	-40.2765	39.201	-1.11318
48	22	19.1869	-40.2937	39.1373	-1.1175
48	23	19.0089	-40.3082	39.0727	-1.12175
48	24	18.8313	-40.3288	39.0145	-1.12608
48	25	18.6538	-40.3476	38.9556	-1.1304
48	26	18.4766	-40.3615	38.8929	-1.13468
48	27	18.2998	-40.3693	38.8257	-1.13889
48	28	18.124	-40.3729	38.7556	-1.14305
48	29	17.9464	-40.3826	38.6912	-1.14733
48	30	17.7682	-40.3923	38.6271	-1.15164
48	31	17.5906	-40.4017	38.5638	-1.15595
48	32	17.4151	-40.4147	38.5053	-1.16025
48	33	17.2419	-40.4254	38.4463	-1.16449
48	34	17.0713	-40.4334	38.3866	-1.16866
48	35	16.8996	-40.4443	38.3298	-1.17289
48	36	16.7274	-40.4555	38.2737	-1.17715
48	37	16.5552	-40.4666	38.2183	-1.18143
48	38	16.3841	-40.4782	38.1643	-1.18569
48	39	16.2147	-40.4898	38.1119	-1.18992
48	40	16.0481	-40.5014	38.061	-1.1941
48	41	15.8828	-40.5138	38.0121	-1.19826
48	42	15.7191	-40.5265	37.9646	-1.2024
48	43	15.5569	-40.5392	37.9184	-1.20651
48	44	15.3959	-40.5523	37.8736	-1.21061
48	45	15.2357	-40.5674	37.8316	-1.21471
48	46	15.0762	-40.5877	37.7954	-1.21885
48	47	14.9181	-40.6188	37.7704	-1.22307
48	48	14.7638	-40.6719	37.768	-1.22739
48	49	14.6142	-40.7612	37.8021	-1.23191
48	50	14.4749	-40.8894	37.8771	-1.2365
48	51	14.3443	-41.0329	37.9703	-1.24099
48	52	14.2333	-41.1861	38.0796	-1.24505
48	53	14.1396	-41.351	38.206	-1.24876
48	54	14.059	-41.523	38.344	-1.25217
48	55	13.9871	-41.6988	38.4886	-1.25538
48	56	13.9211	-41.8763	38.637	-1.25842
48	57	13.8598	-42.0544	38.7878	-1.26134
48	58	13.8017	-42.2328	38.9402	-1.26415
48	59	13.7451	-42.411	39.0932	-1.26691
48	60	13.6887	-42.5908	39.248	-1.26965
48	61	13.6333	-42.7727	39.4054	-1.27237
48	62	13.5806	-42.9569	39.5661	-1.27501
48	63	13.5324	-43.1426	39.7298	-1.27753
48	64	13.4893	-43.3279	39.8949	-1.27991
48	65	13.4486	-43.5146	40.0622	-1.28222
48	66	13.4099	-43.7016	40.2305	-1.28446
48	67	13.3736	-43.8886	40.3997	-1.28663
48	68	13.3403	-44.0751	40.5696	-1.28871
48	69	13.3108	-44.2607	40.7397	-1.29067
48	70	13.2834	-44.4491	40.9132	-1.29259
48	71	13.2594	-44.6393	41.0896	-1.29442
48	72	13.2404	-44.8299	41.2678	-1.29612
48	73	13.2269	-45.0186	41.4458	-1.29767
48	74	13.2162	-45.2077	41.6251	-1.29915
48	75	13.2077	-45.3962	41.8044	-1.30055
48	76	13.2013	-45.5836	41.9833	-1.30189
48	77	13.1975	-45.7693	42.1614	-1.30315
48	78	13.1966	-45.9527	42.338	-1.30431
48	79	13.1973	-46.138	42.517	-1.30544
48	80	13.2009	-46.3243	42.6978	-1.30651
48	81	13.2088	-46.51	42.8791	-1.30746
48	82	13.2213	-46.6931	43.0592	-1.30829
48	83	13.2367	-46.8764	43.2402	-1.30904
48	84	13.2546	-47.0586	43.4208	-1.30973
48	85	13.2749	-47.2387	43.6001	-1.31035
48	86	13.2973	-47.4158	43.777	-1.3109
48	87	13.3205	-47.5939	43.9551	-1.31143
48	88	13.3454	-47.7726	44.1341	-1.31192
48	89	13.373	-47.9507	44.3134	-1.31235
48	90	13.4043	-48.1267	44.4916	-1.31268
48	91	13.4385	-48.3037	44.6714	-1.31295
48	92	13.4758	-48.48	44.8514	-1.31315
48	93	13.5163	-48.6542	45.0302	-1.31326
48	94	13.5594	-48.8253	45.2066	-1.31331
48	95	13.604	-48.9968	45.3838	-1.31332
48	96	13.6478	-49.169	45.5615	-1.31335
48	97	13.6938	-49.3406	45.7392	-1.31333
48	98	13.7384	-49.5151	45.9193	-1.31336
48	99	13.786	-49.6902	46.1007	-1.31333
48	100	13.838	-49.8656	46.2836	-1.31321
48	101	13.9009	-50.0344	46.4629	-1.31283
48	102	13.9887	-50.1788	46.6249	-1.31179
48	103	14.1035	-50.306	46.7773	-1.31012
48	104	14.2427	-50.4086	46.9125	-1.30782
48	105	14.3969	-50.4973	47.0383	-1.30514
48	106	14.5695	-50.5759	47.1597	-1.30205
48	107	14.7664	-50.6471	47.281	-1.29843
48	108	14.9955	-50.7138	47.4072	-1.29415
48	109	15.2665	-50.7789	47.5445	-1.28904
48	110	15.5422	-50.8338	47.6746	-1.28381
48	111	15.823	-50.8754	47.7946	-1.27842
48	112	16.1076	-50.8997	47.9007	-1.27288
48	113	16.3924	-50.906	47.9911	-1.26724
48	114	16.6746	-50.8969	48.0676	-1.26159
48	115	16.9544	-50.8761	48.1336	-1.25592
48	116	17.2332	-50.8449	48.1911	-1.25021
48	117	17.5122	-50.8017	48.2388	-1.24444
48	118	17.7903	-50.7441	48.2742	-1.2386
48	119	18.065	-50.671	48.2956	-1.23273
48	120	18.3343	-50.5846	48.3042	-1.22688
48	121	18.5988	-50.4875	48.3027	-1.22105
48	122	18.8597	-50.3803	48.2923	-1.21521
48	123	19.1179	-50.2611	48.2713	-1.20934
48	124	19.3715	-50.1273	48.2366	-1.20344
48	125	19.6172	-49.9783	48.1866	-1.19757
48	126	19.8531	-49.8166	48.1229	-1.19178
48	127	20.0803	-49.6457	48.049	-1.18607
48	128	20.3009	-49.4666	47.9665	-1.18041
48	129	20.5152	-49.2777	47.8742	-1.17477
48	130	20.7197	-49.0753	47.7671	-1.16918
48	131	20.9161	-48.8641	47.6501	-1.16365
48	132	21.1021	-48.6446	47.5229	-1.15823
48	133	21.2784	-48.4186	47.3873	-1.15291
48	134	21.4466	-48.186	47.2436	-1.14766
48	135	21.6067	-47.9451	47.0903	-1.14246
48	136	21.7564	-47.6949	46.9255	-1.13734
48	137	21.8934	-47.4362	46.7489	-1.13236
48	138	22.0172	-47.172	46.5627	-1.12754
48	139	22.1295	-46.9036	46.369	-1.12287
48	140	22.2319	-46.6304	46.1675	-1.11831
48	141	22.3234	-46.3504	45.9562	-1.11386
48	142	22.4008	-46.0632	45.7331	-1.10957
48	143	22.462	-45.7716	45.4994	-1.10551
48	144	22.508	-45.4789	45.2589	-1.1017
48	145	22.5424	-45.1865	45.0139	-1.09808
48	146	22.5674	-44.893	44.7642	-1.0946
48	147	22.5826	-44.5964	44.5078	-1.09124
48	148	22.5848	-44.296	44.2426	-1.08806
48	149	22.5714	-43.9939	43.9689	-1.08514
48	150	22.5425	-43.6935	43.6899	-1.08252
48	151	22.5011	-43.396	43.4079	-1.08015
48	152	22.4492	-43.1001	43.1226	-1.07797
49	0	-12.3708	-43.1137	40.6477	-1.9334
49	1	-12.3176	-42.8888	40.4186	-1.93414
49	2	-12.2657	-42.6601	40.1864	-1.93496
49	3	-12.2164	-42.4286	39.9525	-1.93587
49	4	-12.17	-42.1955	39.7183	-1.93687
49	5	-12.1258	-41.9618	39.4842	-1.93795
49	6	-12.0831	-41.7273	39.2501	-1.93907
49	7	-12.0415	-41.492	39.0155	-1.94025
49	8	-12.0035	-41.2545	38.7804	-1.94155
49	9	-11.9747	-41.0143	38.5461	-1.94311
49	10	-11.9623	-40.7708	38.3149	-1.94512
49	11	-11.9705	-40.523	38.0874	-1.9477
49	12	-12.0008	-40.2689	37.8624	-1.95091
49	13	-12.0535	-40.0182	37.6494	-1.95469
49	14	-12.1249	-39.7827	37.4582	-1.95881
49	15	-12.2115	-39.555	37.2805	-1.96327
49	16	-12.3087	-39.3321	37.1122	-1.96798
49	17	-12.4138	-39.1125	36.9508	-1.97291
49	18	-12.5262	-38.8936	36.7938	-1.97805
49	19	-12.6455	-38.6762	36.642	-1.98339
49	20	-12.7706	-38.4618	36.4963	-1.98888
49	21	-12.8985	-38.2495	36.3548	-1.99447
49	22	-13.0282	-38.0385	36.2163	-2.00013
49	23	-13.1604	-37.8285	36.081	-2.00588
49	24	-13.2971	-37.6201	35.9503	-2.01177
49	25	-13.4408	-37.4157	35.8274	-2.01784
49	26	-13.5949	-37.2196	35.7179	-2.0241
49	27	-13.7607	-37.0362	35.6263	-2.03054
49	28	-13.9471	-36.8728	35.5635	-2.03727
49	29	-14.1499	-36.7227	35.5214	-2.04427
49	30	-14.3475	-36.6029	35.5057	-2.05077
49	31	-14.5436	-36.5181	35.5217	-2.05676
49	32	-14.739	-36.4701	35.571	-2.06225
49	33	-14.9345	-36.4444	35.6411	-2.06743
49	34	-15.1299	-36.4272	35.7195	-2.07247
49	35	-15.3264	-36.4125	35.8016	-2.07748
49	36	-15.525	-36.3977	35.8855	-2.08252
49	37	-15.7259	-36.384	35.9723	-2.08757
49	38	-15.929	-36.3709	36.0618	-2.09265
49	39	-16.134	-36.3579	36.1532	-2.09774
49	40	-16.3391	-36.3474	36.2477	-2.10278
49	41	-16.5443	-36.3357	36.3421	-2.10781
49	42	-16.7502	-36.321	36.4353	-2.11287
49	43	-16.9562	-36.3102	36.5328	-2.11785
49	44	-17.1623	-36.2981	36.6302	-2.12283
49	45	-17.3686	-36.2826	36.7256	-2.12784
49	46	-17.5746	-36.2642	36.8194	-2.13285
49	47	-17.7795	-36.2434	36.9114	-2.13785
49	48	-17.9857	-36.219	37.002	-2.1429
49	49	-18.1933	-36.1962	37.0958	-2.14794
49	50	-18.4017	-36.1695	37.1876	-2.15303
49	51	-18.6107	-36.1361	37.2751	-2.1582
49	52	-18.82	-36.0965	37.3587	-2.16345
49	53	-19.0294	-36.0526	37.4397	-2.16875
49	54	-19.2402	-36.0252	37.5362	-2.1738
49	55	-19.4196	-36.0753	37.6794	-2.17697
49	56	-19.5689	-36.214	37.8785	-2.17812
49	57	-19.7093	-36.3703	38.087	-2.17881
49	58	-19.8454	-36.5484	38.3109	-2.17907
49	59	-19.9803	-36.7554	38.5579	-2.17887
49	60	-20.1178	-36.9992	38.8365	-2.17819
49	61	-20.2631	-37.2884	39.1569	-2.17702
49	62	-20.3992	-37.5801	39.4742	-2.17564
49	63	-20.5273	-37.8749	39.7897	-2.17408
49	64	-20.6461	-38.1744	40.1037	-2.17228
49	65	-20.7526	-38.4781	40.4145	-2.1702
49	66	-20.8462	-38.7832	40.7193	-2.16787
49	67	-20.9291	-39.0878	41.018	-2.16537
49	68	-21.0038	-39.3923	41.3122	-2.16274
49	69	-21.0704	-39.6986	41.6037	-2.15996
49	70	-21.1266	-40.0078	41.8922	-2.15697
49	71	-21.1698	-40.3186	42.1752	-2.15375
49	72	-21.2001	-40.6284	42.4507	-2.15033
49	73	-21.2198	-40.9358	42.7191	-2.14677
49	74	-21.2306	-41.242	42.982	-2.1431
49	75	-21.232	-41.5483	43.2406	-2.13929
49	76	-21.2221	-41.8546	43.4937	-2.13531
49	77	-21.1998	-42.1589	43.7393	-2.13116
49	78	-21.1666	-42.4597	43.9767	-2.12688
49	79	-21.1241	-42.7571	44.2073	-2.12252
49	80	-21.0723	-43.0526	44.4323	-2.11804
49	81	-21.0094	-43.3467	44.6512	-2.11341
49	82	-20.9331	-43.6379	44.8617	-2.1086
49	83	-20.8436	-43.9235	45.0617	-2.10365
49	84	-20.7434	-44.2021	45.2513	-2.09861
49	85	-20.6349	-44.4748	45.4329	-2.09352
49	86	-20.5182	-44.7433	45.6079	-2.08837
49	87	-20.3919	-45.008	45.776	-2.08311
49	88	-20.254	-45.2674	45.9352	-2.07773
49	89	-20.1049	-45.5192	46.0837	-2.07224
49	90	-19.9467	-45.7624	46.2215	-2.06671
49	91	-19.781	-45.9979	46.3506	-2.06115
49	92	-19.6079	-46.2272	46.472	-2.05554
49	93	-19.4262	-46.4503	46.5855	-2.04986
49	94	-19.2348	-46.666	46.6895	-2.04409
49	95	-19.0359	-46.8736	46.7844	-2.03829
49	96	-18.8273	-47.0682	46.865	-2.03244
49	97	-18.6129	-47.2536	46.9362	-2.02659
49	98	-18.3929	-47.4311	46.9996	-2.02073
49	99	-18.1658	-47.6006	47.0543	-2.01481
49	100	-17.9304	-47.76	47.0979	-2.00885
49	101	-17.6877	-47.907	47.1289	-2.00286
49	102	-17.4401	-48.0414	47.1482	-1.9969
49	103	-17.1892	-48.1653	47.1581	-1.99097
49	104	-16.935	-48.2802	47.1601	-1.98505
49	105	-16.6755	-48.3862	47.1535	-1.97911
49	106	-16.4093	-48.4803	47.135	-1.97313
49	107	-16.1366	-48.5587	47.1013	-1.96715
49	108	-15.8608	-48.6198	47.0519	-1.96124
49	109	-15.5851	-48.6654	46.9899	-1.95545
49	110	-15.3109	-48.6986	46.9186	-1.94977
49	111	-15.0743	-48.7131	46.8451	-1.94496
49	112	-14.8652	-48.7109	46.767	-1.94081
49	113	-14.6751	-48.6931	46.682	-1.93716
49	114	-14.4976	-48.6594	46.5872	-1.93386
49	115	-14.3313	-48.6035	46.4761	-1.93094
49	116	-14.2043	-48.4989	46.3335	-1.92917
49	117	-14.0963	-48.361	46.1665	-1.92803
49	118	-14.0013	-48.1963	45.979	-1.92735
49	119	-13.913	-48.0225	45.7853	-1.92686
49	120	-13.828	-47.8418	45.5864	-1.9265
49	121	-13.7473	-47.6555	45.3836	-1.92626
49	122	-13.6711	-47.4646	45.1781	-1.92615
49	123	-13.5983	-47.2707	44.971	-1.92613
49	124	-13.5274	-47.0751	44.7629	-1.92617
49	125	-13.456	-46.8798	44.555	-1.92619
49	126	-13.383	-46.6839	44.346	-1.92618
49	127	-13.3114	-46.4866	44.136	-1.92622
49	128	-13.2412	-46.2867	43.9243	-1.9263
49	129	-13.173	-46.0841	43.7106	-1.92645
49	130	-13.1073	-45.8791	43.4955	-1.92668
49	131	-13.0442	-45.6728	43.2801	-1.92697
49	132	-12.9828	-45.4661	43.065	-1.92731
49	133	-12.9213	-45.2596	42.8501	-1.92765
49	134	-12.8593	-45.0529	42.6347	-1.92798
49	135	-12.7976	-44.8446	42.418	-1.92833
49	136	-12.7369	-44.634	42.1994	-1.92873
49	137	-12.6784	-44.4205	41.979	-1.92921
49	138	-12.6233	-44.2047	41.7576	-1.92979
49	139	-12.5719	-43.9876	41.5363	-1.93046
49	140	-12.5234	-43.7702	41.3158	-1.93122
49	141	-12.4749	-43.5534	41.0958	-1.93197
49	142	-12.4241	-43.3348	40.8734	-1.9327
