# CellID	NodeIndex	X	Y	R	Theta
8	0	50.6272	-0.739197	50.6276	0.183678
8	1	50.7893	-0.55661	50.8205	0.186628
8	2	50.941	-0.365485	51.0052	0.189759
8	3	51.082	-0.167547	51.1814	0.193037
8	4	51.2133	0.0357398	51.3495	0.196432
8	5	51.336	0.24383	51.5107	0.199929
8	6	51.4506	0.457085	51.6658	0.203534
8	7	51.5569	0.676246	51.8145	0.207262
8	8	51.6534	0.901668	51.9557	0.211125
8	9	51.7387	1.13272	52.0879	0.215119
8	10	51.8121	1.36793	52.2103	0.21922
8	11	51.8742	1.60587	52.3231	0.223401
8	12	51.9262	1.84596	52.4275	0.227647
8	13	51.969	2.08856	52.5244	0.231963
8	14	52.0023	2.33451	52.6139	0.236367
8	15	52.0247	2.58429	52.6947	0.240876
8	16	52.0342	2.83729	52.7649	0.245489
8	17	52.03	3.09169	52.8232	0.25018
8	18	52.0126	3.34545	52.8698	0.254912
8	19	51.9838	3.59762	52.906	0.259661
8	20	51.9451	3.84852	52.9337	0.26443
8	21	51.897	4.09904	52.9533	0.269234
8	22	51.8386	4.34967	52.9643	0.274089
8	23	51.7686	4.59986	52.9653	0.278994
8	24	51.6863	4.84807	52.9552	0.283928
8	25	51.5926	5.09281	52.9345	0.288862
8	26	51.489	5.33368	52.9044	0.293784
8	27	51.3765	5.57132	52.8662	0.298703
8	28	51.2549	5.80652	52.8199	0.303636
8	29	51.1232	6.03921	52.7643	0.308591
8	30	50.9802	6.26813	52.6983	0.313554
8	31	50.8262	6.49154	52.6213	0.318495
8	32	50.6627	6.70863	52.5347	0.323394
8	33	50.4913	6.92003	52.44	0.328255
8	34	50.3131	7.12578	52.3382	0.333074
8	35	50.1269	7.32609	52.2284	0.337864
8	36	49.9315	7.5196	52.1087	0.342611
8	37	49.7268	7.70411	51.9784	0.347277
8	38	49.5148	7.87837	51.8389	0.35183
8	39	49.2975	8.04308	51.6922	0.35627
8	40	49.0757	8.19986	51.5395	0.360622
8	41	48.8486	8.3496	51.3804	0.364908
8	42	48.615	8.49156	51.2133	0.369125
8	43	48.3745	8.6238	51.0371	0.373242
8	44	48.1284	8.74474	50.8525	0.377221
8	45	47.8789	8.85464	50.6613	0.381053
8	46	47.6269	8.95514	50.4651	0.384758
8	47	47.372	9.04764	50.2639	0.388367
8	48	47.113	9.13197	50.0564	0.391886
8	49	46.849	9.20628	49.8412	0.395286
8	50	46.5812	9.26827	49.6181	0.398518
8	51	46.3116	9.31572	49.3883	0.401522
8	52	46.0778	9.33936	49.1825	0.403822
8	53	45.8712	9.34314	48.9941	0.40555
8	54	45.686	9.3336	48.8201	0.406867
8	55	45.5153	9.31087	48.6544	0.407827
8	56	45.354	9.27441	48.4919	0.408455
8	57	45.193	9.24835	48.3338	0.409283
8	58	45.0491	9.18687	48.1773	0.409301
8	59	44.9148	9.08674	48.0143	0.408502
8	60	44.7713	8.99436	47.8458	0.407921
8	61	44.6325	8.89084	47.6774	0.407083
8	62	44.4951	8.78134	47.5079	0.406111
8	63	44.3583	8.66825	47.3376	0.405058
8	64	44.2253	8.54967	47.1687	0.403859
8	65	44.0916	8.4287	46.9982	0.40261
8	66	43.9621	8.30161	46.8293	0.401197
8	67	43.8341	8.17261	46.6611	0.399723
8	68	43.7097	8.04092	46.4953	0.398155
8	69	43.5862	7.90428	46.3286	0.39647
8	70	43.4606	7.76588	46.1594	0.394754
8	71	43.3395	7.62078	45.9918	0.392855
8	72	43.2175	7.47427	45.8232	0.390921
8	73	43.1027	7.32134	45.6588	0.388782
8	74	42.9887	7.168	45.4954	0.386613
8	75	42.8826	7.01048	45.3378	0.384277
8	76	42.7788	6.85369	45.1829	0.381922
8	77	42.6776	6.69256	45.0291	0.379439
8	78	42.5758	6.52931	44.8742	0.3769
8	79	42.4763	6.36215	44.7203	0.374243
8	80	42.3791	6.19167	44.5677	0.37148
8	81	42.286	6.01796	44.4181	0.368597
8	82	42.1958	5.84146	44.2706	0.365612
8	83	42.1077	5.66293	44.1247	0.362547
8	84	42.0236	5.48253	43.9823	0.35939
8	85	41.9411	5.30186	43.8417	0.356195
8	86	41.8633	5.11927	43.7053	0.3529
8	87	41.7867	4.93615	43.5704	0.349564
8	88	41.7235	4.7482	43.4469	0.345997
8	89	41.6755	4.55812	43.3376	0.342247
8	90	41.6532	4.35993	43.2505	0.338103
8	91	41.6446	4.15502	43.1749	0.333692
8	92	41.6582	3.93969	43.1177	0.32887
8	93	41.6884	3.73271	43.0799	0.324097
8	94	41.7411	3.53458	43.0673	0.319346
8	95	41.8121	3.34202	43.0747	0.314584
8	96	41.8986	3.15453	43.0994	0.309827
8	97	41.992	2.96968	43.1325	0.305084
8	98	42.0909	2.78722	43.1725	0.300365
8	99	42.191	2.60508	43.2147	0.295654
8	100	42.295	2.42402	43.2619	0.29095
8	101	42.401	2.24363	43.3122	0.286258
8	102	42.509	2.06531	43.3659	0.28161
8	103	42.6164	1.88934	43.4206	0.27703
8	104	42.7231	1.71453	43.476	0.27249
8	105	42.8312	1.54035	43.5336	0.267969
8	106	42.9416	1.36761	43.5948	0.263477
8	107	43.0533	1.19565	43.6582	0.259008
8	108	43.1634	1.02282	43.7209	0.254542
8	109	43.2748	0.85159	43.786	0.250117
8	110	43.3874	0.682979	43.8538	0.245756
8	111	43.4997	0.517258	43.9227	0.241474
8	112	43.6102	0.354314	43.9915	0.237277
8	113	43.7238	0.190568	44.0638	0.233059
8	114	43.84	0.0261302	44.1393	0.228826
8	115	43.9582	-0.139223	44.2173	0.224578
8	116	44.0782	-0.305249	44.2977	0.220321
8	117	44.1999	-0.470809	44.3806	0.216081
8	118	44.3219	-0.635292	44.4649	0.21188
8	119	44.4442	-0.79744	44.5508	0.207744
8	120	44.5644	-0.956229	44.636	0.203708
8	121	44.6832	-1.11075	44.7215	0.199787
8	122	44.8004	-1.26117	44.8068	0.195977
8	123	44.9165	-1.40692	44.8926	0.192289
8	124	45.0312	-1.5477	44.9786	0.18873
8	125	45.1449	-1.68248	45.0652	0.185319
8	126	45.2559	-1.81159	45.1508	0.182055
8	127	45.3662	-1.93289	45.2375	0.178976
8	128	45.4791	-2.04301	45.3291	0.176143
8	129	45.5784	-2.15172	45.4081	0.173402
8	130	45.6861	-2.22947	45.5008	0.171311
8	131	45.8204	-2.26203	45.6277	0.170106
8	132	45.9522	-2.31071	45.7494	0.168569
8	133	46.0964	-2.34862	45.8852	0.167228
8	134	46.2575	-2.37496	46.0397	0.166081
8	135	46.4406	-2.39575	46.2169	0.164983
8	136	46.6541	-2.40862	46.4253	0.163954
8	137	46.905	-2.41011	46.6727	0.163045
8	138	47.1573	-2.3995	46.9234	0.162395
8	139	47.41	-2.37628	47.1766	0.162015
8	140	47.6609	-2.33937	47.4301	0.16193
8	141	47.9075	-2.28885	47.6816	0.162141
8	142	48.1486	-2.22686	47.9296	0.162606
8	143	48.3844	-2.15524	48.1739	0.163281
8	144	48.6159	-2.07493	48.4153	0.16414
8	145	48.8438	-1.98556	48.6548	0.165187
8	146	49.068	-1.88592	48.8924	0.166443
8	147	49.2874	-1.77499	49.1271	0.16793
8	148	49.5002	-1.65276	49.3575	0.169651
8	149	49.7054	-1.52047	49.5822	0.171582
8	150	49.903	-1.37973	49.801	0.173689
8	151	50.0936	-1.2316	50.0145	0.175947
8	152	50.278	-1.07607	50.2234	0.178354
8	153	50.4562	-0.912267	50.428	0.180923
9	0	-39.7379	8.45361	44.5815	2.71517
9	1	-39.8481	8.60782	44.7457	2.71305
9	2	-39.9606	8.75768	44.9104	2.71105
9	3	-40.0736	8.90311	45.0739	2.70917
9	4	-40.1918	9.04449	45.2405	2.70742
9	5	-40.3125	9.18317	45.4084	2.70577
9	6	-40.4366	9.31793	45.5778	2.70424
9	7	-40.5634	9.44906	45.7483	2.70282
9	8	-40.6923	9.57689	45.9194	2.70149
9	9	-40.8235	9.70023	46.0906	2.70028
9	10	-40.9607	9.82015	46.266	2.69921
9	11	-41.1021	9.93666	46.4436	2.69824
9	12	-41.2471	10.0481	46.6224	2.69742
9	13	-41.3937	10.1555	46.801	2.69669
9	14	-41.541	10.2594	46.9786	2.69604
9	15	-41.689	10.3586	47.1549	2.6955
9	16	-41.8368	10.4541	47.3295	2.69503
9	17	-41.9884	10.5466	47.5061	2.69465
9	18	-42.1455	10.6305	47.6841	2.69449
9	19	-42.3024	10.714	47.8617	2.69433
9	20	-42.464	10.7842	48.0377	2.69447
9	21	-42.6233	10.8531	48.2111	2.69461
9	22	-42.7836	10.9085	48.3796	2.69501
9	23	-42.9386	10.9676	48.545	2.69529
9	24	-43.0912	10.9959	48.6949	2.69612
9	25	-43.247	10.9943	48.8348	2.69752
9	26	-43.4035	10.9978	48.9777	2.69883
9	27	-43.5623	10.9864	49.1163	2.70042
9	28	-43.7266	10.9631	49.2551	2.70227
9	29	-43.901	10.9223	49.3956	2.70452
9	30	-44.0917	10.8629	49.5434	2.70724
9	31	-44.3047	10.7775	49.7011	2.7106
9	32	-44.5479	10.6608	49.8737	2.71476
9	33	-44.7856	10.5312	50.0369	2.71909
9	34	-45.0164	10.3905	50.1901	2.72353
9	35	-45.2394	10.2406	50.3337	2.72805
9	36	-45.4557	10.0827	50.4688	2.73264
9	37	-45.6659	9.91659	50.5962	2.7373
9	38	-45.8699	9.74103	50.7152	2.74207
9	39	-46.066	9.55538	50.8243	2.74693
9	40	-46.2524	9.36064	50.9221	2.75187
9	41	-46.4289	9.15891	51.0093	2.75684
9	42	-46.5964	8.95162	51.0874	2.76184
9	43	-46.7551	8.73957	51.1568	2.76684
9	44	-46.905	8.52137	51.2172	2.77187
9	45	-47.0445	8.29556	51.2662	2.77696
9	46	-47.1707	8.06223	51.3016	2.78209
9	47	-47.2819	7.82352	51.3224	2.7872
9	48	-47.3784	7.58213	51.3298	2.79227
9	49	-47.4622	7.33958	51.3262	2.79727
9	50	-47.535	7.0958	51.3131	2.80222
9	51	-47.5971	6.84997	51.2904	2.80714
9	52	-47.6475	6.60161	51.2571	2.81204
9	53	-47.6848	6.35139	51.212	2.8169
9	54	-47.7083	6.10094	51.1549	2.82169
9	55	-47.7188	5.85181	51.0871	2.82638
9	56	-47.7177	5.60454	51.01	2.83098
9	57	-47.706	5.35872	50.9242	2.83551
9	58	-47.6832	5.11366	50.8291	2.83997
9	59	-47.648	4.86927	50.7234	2.84436
9	60	-47.5987	4.62667	50.6057	2.84866
9	61	-47.5348	4.38792	50.476	2.85283
9	62	-47.4572	4.15494	50.3357	2.85682
9	63	-47.3679	3.92843	50.1868	2.86065
9	64	-47.2685	3.70795	50.0305	2.86434
9	65	-47.1595	3.49268	49.867	2.86789
9	66	-47.0403	3.28234	49.6956	2.87132
9	67	-46.9099	3.07758	49.5156	2.8746
9	68	-46.768	2.87988	49.3268	2.87771
9	69	-46.6153	2.69067	49.1302	2.88061
9	70	-46.4533	2.51054	48.9274	2.88332
9	71	-46.2832	2.33907	48.7193	2.88583
9	72	-46.1054	2.17547	48.5061	2.88816
9	73	-45.9194	2.01949	48.287	2.89033
9	74	-45.7242	1.87195	48.0613	2.89229
9	75	-45.5194	1.7346	47.829	2.89402
9	76	-45.3059	1.60922	47.5913	2.89547
9	77	-45.0856	1.49646	47.3503	2.89665
9	78	-44.8604	1.39558	47.1074	2.89756
9	79	-44.631	1.30495	46.8629	2.89826
9	80	-44.397	1.22392	46.6163	2.89874
9	81	-44.1581	1.15164	46.367	2.89901
9	82	-43.9136	1.09135	46.1151	2.89901
9	83	-43.6654	1.04028	45.862	2.89879
9	84	-43.4479	1.01745	45.6454	2.89813
9	85	-43.2554	1.01591	45.4582	2.89714
9	86	-43.0803	1.02976	45.2917	2.89591
9	87	-42.9192	1.06508	45.1441	2.89428
9	88	-42.7679	1.11221	45.009	2.89244
9	89	-42.6155	1.14999	44.8707	2.89079
9	90	-42.4815	1.22822	44.7604	2.88835
9	91	-42.3605	1.35682	44.6757	2.88489
9	92	-42.2294	1.48472	44.5817	2.88137
9	93	-42.1028	1.6198	44.4944	2.8777
9	94	-41.977	1.75713	44.4091	2.87397
9	95	-41.8507	1.89624	44.3244	2.87019
9	96	-41.7251	2.0368	44.2414	2.86637
9	97	-41.6	2.18151	44.1607	2.86245
9	98	-41.4764	2.32927	44.083	2.85845
9	99	-41.3542	2.47812	44.0075	2.85443
9	100	-41.2333	2.62692	43.9341	2.8504
9	101	-41.1131	2.77461	43.8617	2.84639
9	102	-40.9921	2.92677	43.7906	2.84226
9	103	-40.871	3.08144	43.7208	2.83807
9	104	-40.7513	3.23852	43.6539	2.83381
9	105	-40.6325	3.39581	43.5888	2.82955
9	106	-40.5171	3.55281	43.5276	2.8253
9	107	-40.4041	3.7066	43.4684	2.82113
9	108	-40.2928	3.86308	43.4125	2.8169
9	109	-40.1821	4.02064	43.3582	2.81264
9	110	-40.0729	4.17949	43.3066	2.80836
9	111	-39.9655	4.33939	43.2577	2.80405
9	112	-39.86	4.4997	43.2117	2.79974
9	113	-39.7576	4.65983	43.1693	2.79545
9	114	-39.6594	4.81871	43.1312	2.79122
9	115	-39.5664	4.97549	43.0981	2.78706
9	116	-39.4785	5.13247	43.0705	2.78293
9	117	-39.3951	5.28806	43.0474	2.77887
9	118	-39.3178	5.44296	43.0304	2.77486
9	119	-39.2443	5.59635	43.0171	2.77092
9	120	-39.1792	5.75078	43.0127	2.76703
9	121	-39.1149	5.90402	43.0093	2.76316
9	122	-39.0644	6.06195	43.021	2.75932
9	123	-39.017	6.22211	43.0371	2.75546
9	124	-38.9932	6.39406	43.0801	2.75155
9	125	-38.9774	6.57536	43.1348	2.74752
9	126	-38.9817	6.76965	43.2138	2.74341
9	127	-39.0039	6.95546	43.3065	2.73965
9	128	-39.0409	7.13502	43.4111	2.73618
9	129	-39.1047	7.30728	43.5379	2.73312
9	130	-39.1758	7.47814	43.6712	2.73018
9	131	-39.2586	7.64479	43.8138	2.72745
9	132	-39.3456	7.80999	43.9602	2.72481
9	133	-39.436	7.97416	44.1094	2.72223
9	134	-39.5321	8.13555	44.2631	2.71979
9	135	-39.6325	8.29559	44.4203	2.71742
17	0	44.87	-3.505	44.4933	0.146187
17	1	44.9087	-3.29039	44.5633	0.150825
17	2	44.9349	-3.0898	44.6197	0.155181
17	3	44.9425	-2.89665	44.6575	0.159428
17	4	44.9401	-2.7057	44.6859	0.163656
17	5	44.9026	-2.51811	44.6799	0.167935
17	6	44.8224	-2.3285	44.6329	0.172423
17	7	44.6995	-2.13288	44.546	0.177223
17	8	44.5702	-1.94099	44.4529	0.181985
17	9	44.4412	-1.75028	44.3611	0.18674
17	10	44.3096	-1.56351	44.267	0.191437
17	11	44.1817	-1.37716	44.1774	0.196129
17	12	44.0567	-1.19024	44.0917	0.200839
17	13	43.9268	-1.00688	44.0014	0.205512
17	14	43.7985	-0.821456	43.9142	0.210242
17	15	43.6719	-0.633989	43.83	0.215028
17	16	43.5404	-0.451729	43.7409	0.21974
17	17	43.4131	-0.26889	43.6569	0.224463
17	18	43.2897	-0.0847685	43.5781	0.229213
17	19	43.1616	0.095742	43.4949	0.233923
17	20	43.0366	0.279168	43.4164	0.2387
17	21	42.9127	0.465188	43.3405	0.243546
17	22	42.7848	0.650364	43.2614	0.248414
17	23	42.6586	0.835355	43.1852	0.253284
17	24	42.5324	1.01953	43.1096	0.258154
17	25	42.4068	1.20064	43.0349	0.262968
17	26	42.2811	1.37955	42.9605	0.26775
17	27	42.1558	1.55774	42.8874	0.272529
17	28	42.029	1.73418	42.8132	0.277296
17	29	41.901	1.90878	42.7384	0.282045
17	30	41.7739	2.07907	42.6641	0.286708
17	31	41.6474	2.2452	42.5902	0.29129
17	32	41.5188	2.40643	42.5138	0.295791
17	33	41.3915	2.56416	42.4384	0.300221
17	34	41.2628	2.71698	42.361	0.304565
17	35	41.1332	2.86805	42.2832	0.308892
17	36	40.9959	3.01341	42.1969	0.313163
17	37	40.8478	3.152	42.0991	0.317379
17	38	40.6794	3.27696	41.9784	0.321459
17	39	40.4903	3.38859	41.8346	0.325419
17	40	40.28	3.48485	41.6664	0.329222
17	41	40.0685	3.55793	41.4901	0.332537
17	42	39.8564	3.60863	41.3063	0.335373
17	43	39.643	3.64064	41.1155	0.337817
17	44	39.4282	3.65958	40.9193	0.339993
17	45	39.2123	3.66976	40.7192	0.341997
17	46	38.995	3.67316	40.5157	0.343874
17	47	38.7766	3.6706	40.3093	0.345642
17	48	38.5575	3.66156	40.1001	0.34728
17	49	38.3391	3.64598	39.8895	0.348777
17	50	38.1224	3.62427	39.6784	0.350129
17	51	37.908	3.59754	39.4679	0.351356
17	52	37.6957	3.56625	39.2579	0.352469
17	53	37.4848	3.53015	39.0475	0.353466
17	54	37.2753	3.48669	38.8359	0.354283
17	55	37.0679	3.43124	38.6221	0.3548
17	56	36.8671	3.35551	38.4076	0.354767
17	57	36.6757	3.25272	38.1924	0.353984
17	58	36.4915	3.12132	37.9741	0.35242
17	59	36.3227	2.97187	37.7641	0.350249
17	60	36.1746	2.81382	37.571	0.34765
17	61	36.0462	2.64609	37.3933	0.344602
17	62	35.9332	2.46845	37.2271	0.341137
17	63	35.8293	2.28485	37.0681	0.337406
17	64	35.7311	2.09797	36.9138	0.33351
17	65	35.6363	1.90717	36.7621	0.32945
17	66	35.5455	1.71335	36.6138	0.325243
17	67	35.4587	1.51754	36.4693	0.320916
17	68	35.3777	1.31926	36.3303	0.31644
17	69	35.3028	1.12133	36.1978	0.311888
17	70	35.2335	0.921602	36.071	0.307207
17	71	35.1685	0.722591	35.9492	0.302477
17	72	35.1054	0.526082	35.8309	0.297767
17	73	35.0448	0.32703	35.715	0.292936
17	74	34.9861	0.12767	35.6016	0.288051
17	75	34.9303	-0.0701275	35.4924	0.283154
17	76	34.8774	-0.270415	35.386	0.278137
17	77	34.8287	-0.470239	35.2848	0.273071
17	78	34.7815	-0.666264	35.1869	0.268068
17	79	34.7386	-0.864269	35.0936	0.262951
17	80	34.6966	-1.06117	35.0023	0.257831
17	81	34.66	-1.25632	34.9176	0.252694
17	82	34.6257	-1.45402	34.8354	0.247446
17	83	34.6009	-1.65273	34.7632	0.242078
17	84	34.5783	-1.84924	34.6946	0.236736
17	85	34.5656	-2.04301	34.6373	0.231383
17	86	34.5532	-2.23527	34.5817	0.226054
17	87	34.5511	-2.42633	34.5374	0.220676
17	88	34.5525	-2.6166	34.4975	0.215286
17	89	34.5698	-2.8103	34.4737	0.209689
17	90	34.6008	-3.00858	34.4632	0.203875
17	91	34.65	-3.21491	34.4703	0.197724
17	92	34.714	-3.40531	34.4963	0.191947
17	93	34.7895	-3.58072	34.5374	0.186545
17	94	34.8827	-3.74297	34.5993	0.181437
17	95	34.9812	-3.90048	34.6682	0.176456
17	96	35.092	-4.04895	34.7516	0.17169
17	97	35.2028	-4.19947	34.8355	0.166889
17	98	35.3233	-4.34455	34.9306	0.162221
17	99	35.4452	-4.49147	35.0276	0.157519
17	100	35.5741	-4.63638	35.1325	0.15287
17	101	35.706	-4.78359	35.2408	0.148171
17	102	35.8438	-4.93374	35.3554	0.143395
17	103	35.9865	-5.08818	35.4749	0.138512
17	104	36.1339	-5.24612	35.5996	0.133546
17	105	36.284	-5.40455	35.7277	0.128592
17	106	36.4355	-5.56352	35.858	0.123653
17	107	36.5891	-5.72259	35.9912	0.118741
17	108	36.7445	-5.8828	36.127	0.113828
17	109	36.9028	-6.04433	36.2663	0.108907
17	110	37.064	-6.20759	36.4093	0.103968
17	111	37.2283	-6.3715	36.5562	0.0990421
17	112	37.395	-6.53543	36.7063	0.0941491
17	113	37.5618	-6.69833	36.8575	0.0893234
17	114	37.7286	-6.86073	37.0095	0.0845508
17	115	37.8983	-7.0206	37.1655	0.0798791
17	116	38.0684	-7.18389	37.3225	0.075154
17	117	38.2392	-7.35015	37.4807	0.0703884
17	118	38.4138	-7.51385	37.6438	0.0657244
17	119	38.5926	-7.66914	37.8123	0.061316
17	120	38.7763	-7.78468	37.9889	0.0579837
17	121	38.9724	-7.85202	38.1808	0.0559253
17	122	39.1806	-7.88691	38.3867	0.0547148
17	123	39.3968	-7.90193	38.6018	0.0540201
17	124	39.6265	-7.89971	38.8313	0.0537579
17	125	39.8783	-7.87852	39.0839	0.053953
17	126	40.1627	-7.83501	39.3702	0.054667
17	127	40.4463	-7.77784	39.6565	0.0557157
17	128	40.7271	-7.70603	39.941	0.0571191
17	129	41.0023	-7.61974	40.2207	0.0588705
17	130	41.2703	-7.5212	40.4941	0.0609105
17	131	41.5321	-7.41231	40.7621	0.0631858
17	132	41.7889	-7.29305	41.0261	0.0656917
17	133	42.0409	-7.16169	41.2864	0.0684659
17	134	42.2862	-7.01678	41.5412	0.071542
17	135	42.5223	-6.85909	41.7881	0.0749021
17	136	42.7483	-6.69119	42.0264	0.0784835
17	137	42.9656	-6.51519	42.257	0.0822327
17	138	43.1756	-6.33131	42.4818	0.0861403
17	139	43.3789	-6.13813	42.7013	0.090238
17	140	43.5737	-5.934	42.9142	0.0945663
17	141	43.7575	-5.71895	43.1179	0.099129
17	142	43.9288	-5.49508	43.311	0.103881
17	143	44.0882	-5.26467	43.4939	0.10877
17	144	44.2374	-5.02829	43.6684	0.11378
17	145	44.3769	-4.78491	43.8353	0.118935
17	146	44.5055	-4.53329	43.9934	0.124268
17	147	44.6208	-4.27382	44.1407	0.129777
17	148	44.7219	-4.00905	44.2759	0.135411
17	149	44.8087	-3.74122	44.3988	0.141124
18	0	-32.0671	3.05305	35.4068	2.76445
18	1	-32.1561	3.24817	35.5617	2.76027
18	2	-32.2492	3.44101	35.7202	2.75623
18	3	-32.3459	3.63151	35.8817	2.75232
18	4	-32.446	3.81788	36.0452	2.74859
18	5	-32.5497	4.00058	36.2112	2.74502
18	6	-32.6582	4.18513	36.3828	2.7415
18	7	-32.7724	4.37052	36.5605	2.73804
18	8	-32.8929	4.55468	36.7438	2.73472
18	9	-33.0191	4.73547	36.9314	2.73158
18	10	-33.1499	4.91171	37.1218	2.72863
18	11	-33.2846	5.08318	37.3141	2.72587
18	12	-33.4229	5.2502	37.5083	2.72329
18	13	-33.565	5.41398	37.7047	2.72085
18	14	-33.7128	5.57436	37.9052	2.71858
18	15	-33.8695	5.72723	38.111	2.71661
18	16	-34.0384	5.86317	38.3209	2.71519
18	17	-34.222	5.98112	38.5368	2.71438
18	18	-34.4191	6.08296	38.7584	2.71409
18	19	-34.6327	6.16938	38.9887	2.71435
18	20	-34.8473	6.23529	39.2113	2.71509
18	21	-35.0631	6.28264	39.4273	2.71626
18	22	-35.2822	6.31464	39.6402	2.7178
18	23	-35.5042	6.33481	39.8509	2.71963
18	24	-35.7288	6.34497	40.0601	2.7217
18	25	-35.9548	6.34504	40.2666	2.72398
18	26	-36.1808	6.33517	40.4692	2.72647
18	27	-36.4049	6.31619	40.6668	2.72912
18	28	-36.6263	6.28943	40.8591	2.73189
18	29	-36.8453	6.25569	41.0467	2.73477
18	30	-37.0623	6.21416	41.2297	2.73778
18	31	-37.2781	6.16111	41.4075	2.741
18	32	-37.4921	6.09101	41.5776	2.74456
18	33	-37.7065	5.9975	41.7394	2.74862
18	34	-37.9193	5.8783	41.8908	2.75319
18	35	-38.1139	5.74295	42.0202	2.75793
18	36	-38.2931	5.59366	42.131	2.7628
18	37	-38.4561	5.4285	42.2218	2.76787
18	38	-38.6072	5.2475	42.297	2.77315
18	39	-38.7535	5.06079	42.3669	2.77851
18	40	-38.8978	4.8724	42.4355	2.78387
18	41	-39.0405	4.68246	42.5032	2.78923
18	42	-39.1813	4.49173	42.5702	2.79457
18	43	-39.322	4.30324	42.639	2.79985
18	44	-39.4596	4.11568	42.7063	2.80507
18	45	-39.5952	3.9289	42.7733	2.81024
18	46	-39.7275	3.73946	42.8373	2.81543
18	47	-39.8622	3.55267	42.9056	2.82056
18	48	-40.002	3.36925	42.981	2.82563
18	49	-40.1441	3.18756	43.0601	2.83067
18	50	-40.2793	3.00175	43.1325	2.83573
18	51	-40.4168	2.81863	43.209	2.84073
18	52	-40.5573	2.63935	43.2906	2.84565
18	53	-40.693	2.45537	43.3673	2.85062
18	54	-40.83	2.2737	43.4469	2.85553
18	55	-40.9679	2.09347	43.5289	2.86039
18	56	-41.1014	1.91123	43.6071	2.86526
18	57	-41.2304	1.73226	43.6828	2.87
18	58	-41.356	1.55612	43.7571	2.87465
18	59	-41.479	1.38487	43.8309	2.87916
18	60	-41.5975	1.21522	43.9018	2.88359
18	61	-41.7105	1.0473	43.9687	2.88794
18	62	-41.817	0.880638	44.0304	2.89221
18	63	-41.9117	0.713735	44.0813	2.89641
18	64	-42.013	0.556255	44.1417	2.90043
18	65	-42.0625	0.384536	44.1491	2.90447
18	66	-42.06	0.183032	44.0998	2.9089
18	67	-42.029	-0.0292909	44.0211	2.91343
18	68	-41.9779	-0.25618	43.9205	2.9182
18	69	-41.907	-0.50698	43.7965	2.92343
18	70	-41.8123	-0.792648	43.6429	2.92935
18	71	-41.7038	-1.07655	43.4777	2.93521
18	72	-41.5772	-1.35641	43.2972	2.94093
18	73	-41.4313	-1.62716	43.1009	2.94642
18	74	-41.2697	-1.88548	42.8929	2.95159
18	75	-41.0967	-2.13256	42.6768	2.95651
18	76	-40.9133	-2.37113	42.4532	2.96124
18	77	-40.7181	-2.6021	42.2201	2.96579
18	78	-40.5093	-2.82355	41.9762	2.97012
18	79	-40.2881	-3.03269	41.7229	2.97415
18	80	-40.057	-3.229	41.4626	2.97789
18	81	-39.8173	-3.41409	41.1962	2.98138
18	82	-39.5674	-3.58865	40.9219	2.98461
18	83	-39.3057	-3.75053	40.6382	2.98754
18	84	-39.0331	-3.8962	40.3466	2.99007
18	85	-38.7535	-4.02492	40.051	2.9922
18	86	-38.4695	-4.13933	39.7531	2.99398
18	87	-38.18	-4.2418	39.4518	2.99547
18	88	-37.8829	-4.33156	39.1447	2.99663
18	89	-37.5774	-4.40488	38.8319	2.99736
18	90	-37.2673	-4.45834	38.5173	2.99758
18	91	-36.9973	-4.48444	38.2464	2.99724
18	92	-36.7579	-4.48953	38.0087	2.99647
18	93	-36.5391	-4.47812	37.7939	2.99533
18	94	-36.3328	-4.45098	37.5939	2.99382
18	95	-36.1348	-4.40245	37.4052	2.99176
18	96	-35.9543	-4.31254	37.2403	2.98864
18	97	-35.7825	-4.17544	37.0917	2.98429
18	98	-35.6057	-4.03801	36.9391	2.97986
18	99	-35.4323	-3.89409	36.7915	2.97524
18	100	-35.2622	-3.74675	36.6485	2.97051
18	101	-35.095	-3.5981	36.5095	2.96572
18	102	-34.9299	-3.44948	36.3733	2.9609
18	103	-34.7657	-3.30132	36.2389	2.95606
18	104	-34.602	-3.15324	36.1058	2.9512
18	105	-34.4384	-3.00073	35.9744	2.94617
18	106	-34.277	-2.84506	35.8468	2.94104
18	107	-34.1186	-2.68773	35.7234	2.93584
18	108	-33.9629	-2.53012	35.6037	2.93061
18	109	-33.8086	-2.37281	35.4863	2.92537
18	110	-33.655	-2.2154	35.3704	2.92009
18	111	-33.5018	-2.05701	35.2563	2.91475
18	112	-33.3498	-1.89692	35.1447	2.90934
18	113	-33.2003	-1.73538	35.0369	2.90387
18	114	-33.0538	-1.57348	34.9332	2.89838
18	115	-32.9103	-1.41193	34.8333	2.89289
18	116	-32.7691	-1.251	34.7367	2.8874
18	117	-32.6306	-1.08965	34.6437	2.88188
18	118	-32.4949	-0.926972	34.5548	2.87632
18	119	-32.3641	-0.761382	34.4726	2.87069
18	120	-32.2386	-0.593345	34.3972	2.86501
18	121	-32.1203	-0.424983	34.3299	2.85935
18	122	-32.0072	-0.257312	34.2686	2.85373
18	123	-31.901	-0.0880799	34.2153	2.84811
18	124	-31.7995	0.0829436	34.1681	2.84246
18	125	-31.709	0.259649	34.1343	2.83673
18	126	-31.6362	0.446266	34.1215	2.83087
18	127	-31.5838	0.65044	34.1346	2.82471
18	128	-31.5486	0.870117	34.1703	2.81828
18	129	-31.5335	1.08011	34.2234	2.81232
18	130	-31.5379	1.28461	34.2942	2.80672
18	131	-31.5625	1.48271	34.383	2.80151
18	132	-31.6061	1.67867	34.4898	2.79658
18	133	-31.6567	1.87329	34.6037	2.79178
18	134	-31.7131	2.06743	34.7236	2.78708
18	135	-31.7726	2.26243	34.8475	2.78243
18	136	-31.8378	2.45871	34.9779	2.77783
18	137	-31.9076	2.65757	35.1143	2.77324
18	138	-31.9843	2.85579	35.2575	2.76878
25	0	38.2266	-9.82697	37.3756	0.00426001
25	1	38.2888	-9.53022	37.4403	0.0121787
25	2	38.3265	-9.26896	37.482	0.0191365
25	3	38.3448	-9.03742	37.5055	0.0252994
25	4	38.3459	-8.82775	37.5125	0.0308862
25	5	38.3224	-8.63451	37.4954	0.036057
25	6	38.2584	-8.47276	37.4377	0.0404363
25	7	38.1522	-8.33075	37.3377	0.0443514
25	8	38.0523	-8.18333	37.2447	0.0484248
25	9	37.9441	-8.03848	37.1439	0.0524608
25	10	37.8299	-7.89305	37.0378	0.0565438
25	11	37.7122	-7.74331	36.9291	0.0607722
25	12	37.5883	-7.59042	36.8151	0.0651217
25	13	37.4592	-7.43352	36.6968	0.0696172
25	14	37.3234	-7.27763	36.5726	0.0741275
25	15	37.1829	-7.12251	36.4443	0.0786579
25	16	37.0386	-6.96799	36.313	0.0832122
25	17	36.8917	-6.8128	36.1798	0.0878243
25	18	36.7419	-6.65629	36.0447	0.0925143
25	19	36.5891	-6.49815	35.9076	0.0972927
25	20	36.4333	-6.3388	35.7684	0.10215
25	21	36.2749	-6.17946	35.6276	0.107052
25	22	36.1147	-6.02088	35.4857	0.111978
25	23	35.9535	-5.86265	35.3436	0.116936
25	24	35.7897	-5.70536	35.1997	0.121917
25	25	35.621	-5.54633	35.052	0.127006
25	26	35.4481	-5.3841	34.9015	0.132244
25	27	35.2724	-5.21844	34.7497	0.137637
25	28	35.0935	-5.05458	34.5955	0.143038
25	29	34.9126	-4.89299	34.44	0.14843
25	30	34.7303	-4.73526	34.2835	0.153767
25	31	34.5446	-4.58291	34.1238	0.159013
25	32	34.3542	-4.44299	33.9584	0.163969
25	33	34.1552	-4.32164	33.7822	0.168474
25	34	33.9446	-4.2186	33.5921	0.17255
25	35	33.7217	-4.1346	33.3872	0.176174
25	36	33.503	-4.07983	33.1816	0.178955
25	37	33.2895	-4.05314	32.9764	0.180903
25	38	33.0784	-4.04926	32.7693	0.182179
25	39	32.8692	-4.06016	32.5617	0.183014
25	40	32.6614	-4.08057	32.3537	0.183562
25	41	32.454	-4.107	32.1449	0.183932
25	42	32.2463	-4.13915	31.9348	0.184132
25	43	32.0381	-4.17622	31.7234	0.184184
25	44	31.8309	-4.21964	31.5118	0.184034
25	45	31.6255	-4.26824	31.3009	0.183708
25	46	31.4226	-4.32204	31.0916	0.183199
25	47	31.2217	-4.37944	30.8836	0.182556
25	48	31.0237	-4.4415	30.6777	0.181739
25	49	30.8277	-4.50793	30.4728	0.180758
25	50	30.6341	-4.58223	30.2691	0.179493
25	51	30.4452	-4.66805	30.068	0.177806
25	52	30.2645	-4.77224	29.8718	0.175443
25	53	30.0922	-4.89658	29.6805	0.172331
25	54	29.9275	-5.04203	29.4936	0.16843
25	55	29.7765	-5.20326	29.3179	0.163872
25	56	29.6435	-5.37324	29.1594	0.158865
25	57	29.53	-5.5557	29.0189	0.153275
25	58	29.4302	-5.74769	28.8915	0.147235
25	59	29.3383	-5.94542	28.7721	0.140906
25	60	29.2505	-6.14684	28.6576	0.134377
25	61	29.1671	-6.35155	28.5481	0.127663
25	62	29.0881	-6.55821	28.4441	0.12081
25	63	29.0136	-6.76695	28.3457	0.113816
25	64	28.9431	-6.97548	28.2526	0.106766
25	65	28.876	-7.18489	28.1644	0.099627
25	66	28.8114	-7.39491	28.08	0.0924137
25	67	28.7485	-7.60571	27.9986	0.0851241
25	68	28.6875	-7.81751	27.9206	0.0777514
25	69	28.6291	-8.02979	27.8466	0.0703141
25	70	28.5738	-8.24115	27.7773	0.0628636
25	71	28.5212	-8.45016	27.7125	0.0554556
25	72	28.4704	-8.65579	27.6511	0.0481323
25	73	28.4214	-8.8579	27.5932	0.0409014
25	74	28.3753	-9.06295	27.5394	0.0335303
25	75	28.3336	-9.27094	27.4916	0.0260198
25	76	28.2958	-9.47807	27.4492	0.0185121
25	77	28.2629	-9.68343	27.4133	0.0110443
25	78	28.235	-9.88612	27.3839	0.0036542
25	79	28.2116	-10.0858	27.3605	-0.00363976
25	80	28.1933	-10.283	27.3437	-0.0108546
25	81	28.1765	-10.4785	27.3296	-0.018015
25	82	28.1695	-10.6744	27.3269	-0.025187
25	83	28.1717	-10.8715	27.3347	-0.0323922
25	84	28.201	-11.0707	27.3712	-0.0396325
25	85	28.2416	-11.2744	27.4206	-0.0469965
25	86	28.3067	-11.4587	27.4949	-0.0535832
25	87	28.3749	-11.6332	27.5728	-0.0597679
25	88	28.4695	-11.788	27.6769	-0.0651476
25	89	28.5657	-11.9393	27.7832	-0.0703574
25	90	28.6775	-12.0794	27.9048	-0.0750845
25	91	28.7885	-12.2216	28.0265	-0.0798447
25	92	28.9073	-12.3611	28.1564	-0.084446
25	93	29.0292	-12.5017	28.2899	-0.0890365
25	94	29.1579	-12.6415	28.4309	-0.0935302
25	95	29.2914	-12.7833	28.5773	-0.0980343
25	96	29.4311	-12.9259	28.7306	-0.102499
25	97	29.575	-13.0707	28.8889	-0.106977
25	98	29.7232	-13.2166	29.052	-0.111424
25	99	29.8744	-13.3638	29.219	-0.115857
25	100	30.0272	-13.5109	29.388	-0.120227
25	101	30.182	-13.6588	29.5598	-0.124567
25	102	30.3382	-13.8066	29.7334	-0.128846
25	103	30.4968	-13.9542	29.9099	-0.133057
25	104	30.6562	-14.1026	30.0879	-0.137244
25	105	30.8173	-14.2491	30.2677	-0.141309
25	106	30.9802	-14.3947	30.4497	-0.14529
25	107	31.1436	-14.5397	30.6326	-0.149201
25	108	31.3063	-14.6858	30.8155	-0.153106
25	109	31.4712	-14.8305	31.0007	-0.156907
25	110	31.6434	-14.9624	31.1916	-0.160222
25	111	31.8229	-15.0438	31.3818	-0.16187
25	112	32.0215	-15.0801	31.5837	-0.161991
25	113	32.2279	-15.0933	31.7896	-0.161354
25	114	32.445	-15.0899	32.0033	-0.160159
25	115	32.6788	-15.0674	32.2305	-0.158313
25	116	32.9367	-15.0229	32.4783	-0.155708
25	117	33.2279	-14.9535	32.7554	-0.152236
25	118	33.5158	-14.8732	33.0281	-0.14851
25	119	33.8016	-14.7822	33.2975	-0.144539
25	120	34.0852	-14.6785	33.5635	-0.140265
25	121	34.3642	-14.5605	33.8236	-0.135657
25	122	34.6359	-14.4295	34.0756	-0.130768
25	123	34.9004	-14.2881	34.3197	-0.125679
25	124	35.1592	-14.1374	34.5581	-0.120415
25	125	35.4133	-13.9761	34.7915	-0.114932
25	126	35.6612	-13.8019	35.0184	-0.109179
25	127	35.9	-13.6151	35.2361	-0.103172
25	128	36.1285	-13.4185	35.4437	-0.0969898
25	129	36.348	-13.214	35.6432	-0.0906827
25	130	36.5604	-13.001	35.8361	-0.0842262
25	131	36.7649	-12.7769	36.0219	-0.0775518
25	132	36.9583	-12.5407	36.1972	-0.0706317
25	133	37.1376	-12.2947	36.3596	-0.0635347
25	134	37.3035	-12.0426	36.5101	-0.0563548
25	135	37.4588	-11.7857	36.6517	-0.0491171
25	136	37.6048	-11.5227	36.7856	-0.0417804
25	137	37.7403	-11.2519	36.9107	-0.0342978
25	138	37.8624	-10.974	37.0243	-0.0266823
25	139	37.9703	-10.6917	37.1257	-0.0190033
25	140	38.0659	-10.4069	37.217	-0.0113039
25	141	38.1514	-10.1191	37.3003	-0.00356452
26	0	-24.9321	-4.92519	26.2754	2.94777
26	1	-24.9544	-4.71489	26.3385	2.9401
26	2	-24.9812	-4.50603	26.4074	2.93255
26	3	-25.011	-4.29507	26.4811	2.92499
26	4	-25.0431	-4.08314	26.5587	2.91746
26	5	-25.0774	-3.87092	26.6401	2.90998
26	6	-25.1138	-3.65841	26.725	2.90255
26	7	-25.1529	-3.44536	26.8142	2.89518
26	8	-25.1957	-3.23166	26.9085	2.88786
26	9	-25.2435	-3.01786	27.0092	2.88064
26	10	-25.2969	-2.80499	27.1164	2.87357
26	11	-25.3544	-2.59206	27.2289	2.86658
26	12	-25.4157	-2.38024	27.346	2.85974
26	13	-25.4811	-2.17037	27.4678	2.85306
26	14	-25.5516	-1.96289	27.5951	2.84658
26	15	-25.6293	-1.75852	27.7294	2.84034
26	16	-25.7193	-1.55912	27.8749	2.83447
26	17	-25.8298	-1.37056	28.0377	2.82925
26	18	-25.9641	-1.19199	28.2206	2.82469
26	19	-26.1212	-1.02153	28.4233	2.82072
26	20	-26.3056	-0.857646	28.6501	2.81732
26	21	-26.4973	-0.717099	28.8767	2.81482
26	22	-26.6967	-0.600099	29.1031	2.81321
26	23	-26.9058	-0.503795	29.3321	2.8124
26	24	-27.1216	-0.421883	29.5628	2.81214
26	25	-27.3403	-0.34812	29.7936	2.81217
26	26	-27.5613	-0.279712	30.0249	2.8124
26	27	-27.7851	-0.21616	30.2572	2.8128
26	28	-28.0116	-0.15817	30.4903	2.8134
26	29	-28.24	-0.106084	30.7233	2.81419
26	30	-28.469	-0.0601403	30.9549	2.81516
26	31	-28.6977	-0.0204646	31.1843	2.81631
26	32	-28.926	0.0136894	31.4116	2.8176
26	33	-29.1543	0.0423704	31.6371	2.81904
26	34	-29.3831	0.0634505	31.8608	2.82069
26	35	-29.6127	0.0728846	32.0818	2.82267
26	36	-29.8414	0.0627691	32.2959	2.82519
26	37	-30.0683	0.0265478	32.5004	2.82842
26	38	-30.2944	-0.0366546	32.6963	2.83239
26	39	-30.5217	-0.1243	32.8865	2.83703
26	40	-30.7305	-0.225734	33.0556	2.84185
26	41	-30.9261	-0.339427	33.2093	2.84686
26	42	-31.1104	-0.466049	33.3494	2.8521
26	43	-31.2865	-0.606857	33.4785	2.85763
26	44	-31.4581	-0.75789	33.6015	2.86338
26	45	-31.6265	-0.914439	33.721	2.86921
26	46	-31.7929	-1.07391	33.839	2.87508
26	47	-31.958	-1.23514	33.9563	2.88094
26	48	-32.1209	-1.39612	34.0728	2.88673
26	49	-32.2827	-1.55701	34.1894	2.89248
26	50	-32.4428	-1.71848	34.3053	2.89819
26	51	-32.6016	-1.88097	34.4208	2.90389
26	52	-32.7602	-2.04423	34.5371	2.90956
26	53	-32.9198	-2.20735	34.6554	2.9152
26	54	-33.0767	-2.3726	34.7717	2.92085
26	55	-33.2338	-2.53593	34.8898	2.9264
26	56	-33.392	-2.69589	35.0108	2.93183
26	57	-33.5451	-2.85859	35.1271	2.93727
26	58	-33.7001	-3.01808	35.247	2.94259
26	59	-33.8576	-3.17499	35.3709	2.94782
26	60	-34.0129	-3.33399	35.4931	2.95306
26	61	-34.1672	-3.49296	35.6154	2.95825
26	62	-34.3192	-3.65175	35.7364	2.9634
26	63	-34.4708	-3.80774	35.8584	2.96843
26	64	-34.619	-3.96364	35.978	2.97341
26	65	-34.7637	-4.11684	36.0954	2.97826
26	66	-34.9057	-4.26797	36.2114	2.98302
26	67	-35.0455	-4.41583	36.3264	2.98764
26	68	-35.1796	-4.5642	36.4366	2.99223
26	69	-35.3124	-4.70859	36.5467	2.99668
26	70	-35.431	-4.85957	36.6427	3.00122
26	71	-35.4966	-5.01475	36.6863	3.00566
26	72	-35.5161	-5.18719	36.6827	3.01039
26	73	-35.5488	-5.36188	36.6927	3.01523
26	74	-35.5627	-5.54658	36.6837	3.02027
26	75	-35.5606	-5.74663	36.6579	3.02568
26	76	-35.5425	-5.96941	36.6148	3.03167
26	77	-35.5085	-6.22409	36.5539	3.03849
26	78	-35.4667	-6.47853	36.487	3.04531
26	79	-35.4167	-6.73316	36.4135	3.05214
26	80	-35.3562	-6.98737	36.3315	3.05896
26	81	-35.2837	-7.23929	36.2392	3.06572
26	82	-35.1993	-7.48677	36.1372	3.07237
26	83	-35.1049	-7.72875	36.027	3.07889
26	84	-35.0023	-7.96569	35.9104	3.0853
26	85	-34.8919	-8.19861	35.7879	3.09162
26	86	-34.7733	-8.42809	35.6587	3.09788
26	87	-34.6453	-8.65359	35.5216	3.10407
26	88	-34.5074	-8.87368	35.3762	3.11014
26	89	-34.3605	-9.087	35.2233	3.11606
26	90	-34.2062	-9.29332	35.0644	3.12183
26	91	-34.0456	-9.49343	34.9004	3.12747
26	92	-33.8788	-9.68828	34.7314	3.13302
26	93	-33.7048	-9.87807	34.5562	3.13846
26	94	-33.5222	-10.0618	34.3736	-3.13939
26	95	-33.3307	-10.2376	34.1829	-3.13424
26	96	-33.1314	-10.404	33.9853	-3.1293
26	97	-32.9262	-10.5608	33.7824	-3.12458
26	98	-32.7163	-10.709	33.5754	-3.12006
26	99	-32.5018	-10.8498	33.3643	-3.1157
26	100	-32.282	-10.9834	33.1483	-3.1115
26	101	-32.0561	-11.1086	32.9265	-3.1075
26	102	-31.8246	-11.2241	32.6993	-3.10373
26	103	-31.5888	-11.3288	32.4679	-3.10023
26	104	-31.3507	-11.4238	32.2341	-3.09698
26	105	-31.1434	-11.4918	32.0301	-3.09457
26	106	-30.9605	-11.5442	31.85	-3.09266
26	107	-30.7926	-11.5751	31.6838	-3.09142
26	108	-30.6359	-11.5986	31.5285	-3.09043
26	109	-30.4841	-11.6014	31.377	-3.09009
26	110	-30.3363	-11.6184	31.2303	-3.0893
26	111	-30.1928	-11.5944	31.0857	-3.08984
26	112	-30.0425	-11.5231	30.932	-3.09189
26	113	-29.8828	-11.4622	30.7696	-3.0936
26	114	-29.7221	-11.391	30.6057	-3.09568
26	115	-29.558	-11.3167	30.4384	-3.09787
26	116	-29.392	-11.2367	30.2691	-3.10027
26	117	-29.2227	-11.1547	30.0967	-3.10276
26	118	-29.052	-11.0678	29.9229	-3.10544
26	119	-28.8791	-10.9782	29.7469	-3.10824
26	120	-28.7039	-10.8851	29.5689	-3.11119
26	121	-28.5259	-10.7894	29.3882	-3.11426
26	122	-28.3451	-10.6908	29.2049	-3.11746
26	123	-28.1619	-10.5893	29.0195	-3.12081
26	124	-27.9773	-10.4851	28.8329	-3.12429
26	125	-27.7919	-10.379	28.6459	-3.12788
26	126	-27.6061	-10.2718	28.4589	-3.13156
26	127	-27.4197	-10.1638	28.2715	-3.13531
26	128	-27.232	-10.0547	28.0833	-3.13915
26	129	-27.0426	-9.9438	27.8939	3.14007
26	130	-26.852	-9.82982	27.7037	3.13595
26	131	-26.6613	-9.71179	27.514	3.13162
26	132	-26.4707	-9.59022	27.3249	3.1271
26	133	-26.2827	-9.46519	27.139	3.12239
26	134	-26.0998	-9.33609	26.9589	3.11748
26	135	-25.9245	-9.20074	26.7873	3.11227
26	136	-25.7632	-9.05592	26.6307	3.10665
26	137	-25.6137	-8.89835	26.4873	3.10051
26	138	-25.4722	-8.72815	26.3535	3.09384
26	139	-25.3389	-8.54144	26.23	3.08648
26	140	-25.2294	-8.35653	26.1316	3.07919
26	141	-25.1401	-8.16978	26.0548	3.07182
26	142	-25.0748	-7.98163	26.0035	3.06443
26	143	-25.0268	-7.78968	25.9712	3.05692
26	144	-24.9909	-7.59602	25.9525	3.04936
26	145	-24.9603	-7.40173	25.9406	3.0418
26	146	-24.9355	-7.20608	25.9363	3.0342
26	147	-24.9137	-7.0086	25.9365	3.02654
26	148	-24.8965	-6.80828	25.9432	3.01879
26	149	-24.8828	-6.60484	25.9553	3.01095
26	150	-24.8744	-6.39826	25.9747	3.00302
26	151	-24.8708	-6.18924	26.0009	2.99504
26	152	-24.8726	-5.97879	26.0341	2.98705
26	153	-24.8784	-5.76789	26.0732	2.97909
26	154	-24.8877	-5.55711	26.1173	2.97119
26	155	-24.8996	-5.34651	26.1655	2.96333
26	156	-24.9143	-5.1359	26.2181	2.95552
32	0	31.2445	-16.8007	31.1478	-0.220563
32	1	31.2873	-16.5506	31.1359	-0.212425
32	2	31.3098	-16.3284	31.1118	-0.20529
32	3	31.3118	-16.1262	31.0732	-0.198908
32	4	31.2917	-15.9385	31.0169	-0.193102
32	5	31.284	-15.7599	30.9756	-0.187494
32	6	31.2273	-15.6118	30.8925	-0.183125
32	7	31.1193	-15.4791	30.7624	-0.179523
32	8	31.0198	-15.3357	30.6391	-0.175497
32	9	30.908	-15.1973	30.5051	-0.171669
32	10	30.7886	-15.0609	30.3644	-0.167915
32	11	30.6662	-14.9222	30.2207	-0.164067
32	12	30.5382	-14.7827	30.0719	-0.160186
32	13	30.4078	-14.6425	29.921	-0.156257
32	14	30.272	-14.5045	29.7657	-0.152385
32	15	30.1336	-14.3668	29.6082	-0.148497
32	16	29.9931	-14.2306	29.4493	-0.14463
32	17	29.8491	-14.0923	29.2871	-0.140667
32	18	29.7005	-13.9553	29.121	-0.136723
32	19	29.5496	-13.8183	28.953	-0.132748
32	20	29.398	-13.6795	28.7846	-0.128665
32	21	29.2439	-13.54	28.6141	-0.124519
32	22	29.0865	-13.3994	28.4408	-0.120301
32	23	28.925	-13.2587	28.2637	-0.116045
32	24	28.7594	-13.1188	28.0833	-0.111779
32	25	28.5904	-12.9816	27.9004	-0.107568
32	26	28.4192	-12.8487	27.7161	-0.103464
32	27	28.2464	-12.7202	27.5312	-0.0994718
32	28	28.0711	-12.5989	27.3449	-0.0956927
32	29	27.8912	-12.4917	27.1558	-0.0923963
32	30	27.7035	-12.4039	26.9609	-0.0897967
32	31	27.5054	-12.3334	26.7572	-0.0878372
32	32	27.2951	-12.2787	26.543	-0.0864768
32	33	27.0896	-12.244	26.3353	-0.0858374
32	34	26.8873	-12.2291	26.1324	-0.0859351
32	35	26.6867	-12.2342	25.933	-0.0867944
32	36	26.4876	-12.256	25.7366	-0.0883097
32	37	26.29	-12.286	25.5424	-0.0901611
32	38	26.0938	-12.3233	25.3504	-0.092323
32	39	25.8976	-12.3635	25.1589	-0.0946341
32	40	25.701	-12.4083	24.9675	-0.0971644
32	41	25.502	-12.4561	24.7742	-0.0998626
32	42	25.3006	-12.5095	24.5792	-0.10284
32	43	25.0971	-12.569	24.383	-0.106127
32	44	24.8933	-12.6366	24.1877	-0.109796
32	45	24.6911	-12.7115	23.9951	-0.113822
32	46	24.4919	-12.7915	23.8065	-0.118114
32	47	24.2969	-12.8765	23.6231	-0.122657
32	48	24.1071	-12.9678	23.4462	-0.127516
32	49	23.9246	-13.0693	23.2784	-0.132834
32	50	23.7519	-13.1855	23.123	-0.138808
32	51	23.588	-13.32	22.9798	-0.145588
32	52	23.4313	-13.4734	22.8477	-0.153229
32	53	23.2883	-13.6426	22.733	-0.161545
32	54	23.1637	-13.8207	22.6395	-0.170192
32	55	23.0581	-14.009	22.5682	-0.179207
32	56	22.9699	-14.2077	22.5178	-0.188588
32	57	22.8949	-14.4126	22.4837	-0.198169
32	58	22.8287	-14.6208	22.4608	-0.207837
32	59	22.7681	-14.8308	22.4459	-0.217548
32	60	22.713	-15.0428	22.4388	-0.227302
32	61	22.663	-15.2566	22.4394	-0.23709
32	62	22.6183	-15.4718	22.4476	-0.246874
32	63	22.5799	-15.6868	22.464	-0.256571
32	64	22.5501	-15.903	22.491	-0.266208
32	65	22.5283	-16.1184	22.5277	-0.275689
32	66	22.5127	-16.3318	22.5718	-0.284973
32	67	22.5016	-16.5429	22.6213	-0.294068
32	68	22.4944	-16.7523	22.6761	-0.302995
32	69	22.4905	-16.9602	22.7353	-0.311776
32	70	22.4923	-17.1667	22.8012	-0.32037
32	71	22.4993	-17.3732	22.8737	-0.328844
32	72	22.5151	-17.5781	22.9556	-0.337069
32	73	22.5357	-17.7803	23.0426	-0.345056
32	74	22.5645	-17.9788	23.1376	-0.352708
32	75	22.5959	-18.1746	23.2353	-0.360148
32	76	22.6359	-18.3675	23.3413	-0.367277
32	77	22.68	-18.5595	23.4519	-0.374243
32	78	22.7405	-18.7481	23.5777	-0.380751
32	79	22.8127	-18.9363	23.7152	-0.386986
32	80	22.9068	-19.1229	23.8731	-0.392738
32	81	23.021	-19.3101	24.0506	-0.39811
32	82	23.1509	-19.4793	24.2361	-0.402469
32	83	23.2932	-19.6345	24.428	-0.406035
32	84	23.4513	-19.7729	24.628	-0.40866
32	85	23.6234	-19.8985	24.8359	-0.410549
32	86	23.8017	-20.0148	25.0458	-0.411966
32	87	23.9817	-20.1272	25.2558	-0.41319
32	88	24.1626	-20.2372	25.4657	-0.414292
32	89	24.3456	-20.3452	25.6767	-0.415272
32	90	24.5314	-20.4503	25.8891	-0.416093
32	91	24.7197	-20.5519	26.1023	-0.416738
32	92	24.9092	-20.649	26.3149	-0.417197
32	93	25.0982	-20.7412	26.5251	-0.417489
32	94	25.2849	-20.8295	26.7316	-0.417676
32	95	25.4685	-20.915	26.9341	-0.41781
32	96	25.6493	-20.9979	27.1329	-0.417901
32	97	25.8273	-21.0793	27.3287	-0.417979
32	98	26.0044	-21.1566	27.5219	-0.417933
32	99	26.1795	-21.2317	27.7125	-0.417847
32	100	26.3567	-21.3006	27.9023	-0.417525
32	101	26.5332	-21.3659	28.0902	-0.417104
32	102	26.7094	-21.4241	28.2748	-0.416462
32	103	26.8843	-21.4747	28.4552	-0.4156
32	104	27.0586	-21.5121	28.6298	-0.414337
32	105	27.226	-21.5616	28.803	-0.413572
32	106	27.3879	-21.5562	28.9492	-0.411153
32	107	27.5608	-21.5178	29.0925	-0.407565
32	108	27.7302	-21.4442	29.2192	-0.402958
32	109	27.9108	-21.3634	29.354	-0.39801
32	110	28.1053	-21.2594	29.4935	-0.392206
32	111	28.3234	-21.1308	29.6466	-0.385386
32	112	28.5713	-20.9661	29.8154	-0.377141
32	113	28.8125	-20.7879	29.9751	-0.368651
32	114	29.0438	-20.598	30.1236	-0.360001
32	115	29.2649	-20.3991	30.2615	-0.351276
32	116	29.4775	-20.1928	30.3914	-0.342498
32	117	29.6832	-19.9782	30.5143	-0.333609
32	118	29.8809	-19.7526	30.6285	-0.324535
32	119	30.0672	-19.515	30.7305	-0.315272
32	120	30.2389	-19.2677	30.8185	-0.305917
32	121	30.3969	-19.0147	30.8943	-0.296567
32	122	30.5441	-18.7572	30.9612	-0.287225
32	123	30.6822	-18.4941	31.0204	-0.277829
32	124	30.8099	-18.2232	31.0703	-0.268318
32	125	30.924	-17.9444	31.1079	-0.258702
32	126	31.0225	-17.6605	31.1319	-0.249077
32	127	31.1071	-17.3749	31.1449	-0.23952
32	128	31.1807	-17.0885	31.1499	-0.230029
33	0	-20.5994	-15.1181	22.0561	-2.90676
33	1	-20.5939	-14.9157	22.0045	-2.91565
33	2	-20.5924	-14.711	21.958	-2.92472
33	3	-20.5956	-14.5067	21.9181	-2.93386
33	4	-20.6019	-14.3057	21.8838	-2.94291
33	5	-20.6157	-14.105	21.8585	-2.95203
33	6	-20.6327	-13.9075	21.8389	-2.96106
33	7	-20.6552	-13.715	21.8274	-2.96992
33	8	-20.6812	-13.5228	21.821	-2.9788
33	9	-20.7148	-13.3328	21.8242	-2.98764
33	10	-20.7503	-13.1438	21.8312	-2.99644
33	11	-20.7954	-12.9571	21.8496	-3.0052
33	12	-20.8465	-12.7696	21.8756	-3.01401
33	13	-20.9153	-12.5852	21.9212	-3.02275
33	14	-20.9997	-12.3993	21.9839	-3.03161
33	15	-21.1063	-12.2162	22.0705	-3.04038
33	16	-21.2218	-12.0463	22.169	-3.04853
33	17	-21.3487	-11.8885	22.2813	-3.05611
33	18	-21.4854	-11.7401	22.4054	-3.06323
33	19	-21.6334	-11.5996	22.5425	-3.06996
33	20	-21.7855	-11.4627	22.6849	-3.07646
33	21	-21.9402	-11.3275	22.831	-3.08281
33	22	-22.0971	-11.1939	22.9801	-3.08901
33	23	-22.2572	-11.0637	23.1336	-3.095
33	24	-22.4209	-10.9385	23.2916	-3.10069
33	25	-22.5863	-10.8187	23.4524	-3.10609
33	26	-22.7529	-10.7049	23.6152	-3.11115
33	27	-22.9193	-10.5959	23.7784	-3.11595
33	28	-23.086	-10.4921	23.9426	-3.12046
33	29	-23.2525	-10.3917	24.1072	-3.12477
33	30	-23.4184	-10.295	24.2716	-3.12887
33	31	-23.5841	-10.2012	24.4364	-3.13279
33	32	-23.7511	-10.1122	24.6027	-3.13647
33	33	-23.9181	-10.0257	24.7695	-3.14
33	34	-24.0905	-9.95291	24.9419	3.14026
33	35	-24.2651	-9.88653	25.1165	3.13762
33	36	-24.4522	-9.85346	25.3039	3.13635
33	37	-24.6483	-9.82904	25.5001	3.13543
33	38	-24.8571	-9.83185	25.7089	3.13559
33	39	-25.054	-9.84016	25.9057	3.13596
33	40	-25.2409	-9.87357	26.0924	3.13728
33	41	-25.4227	-9.91462	26.2741	3.13887
33	42	-25.5996	-9.97415	26.4509	3.14114
33	43	-25.7784	-10.0348	26.6298	-3.13977
33	44	-25.957	-10.1056	26.8086	-3.13714
33	45	-26.1389	-10.1789	26.9909	-3.13445
33	46	-26.3217	-10.2602	27.1744	-3.13151
33	47	-26.5044	-10.3454	27.358	-3.12846
33	48	-26.6853	-10.4368	27.5402	-3.12523
33	49	-26.8667	-10.53	27.7233	-3.12198
33	50	-27.0485	-10.6267	27.9071	-3.11864
33	51	-27.2326	-10.7246	28.0937	-3.11531
33	52	-27.4188	-10.8258	28.2826	-3.1119
33	53	-27.6076	-10.929	28.4745	-3.10848
33	54	-27.7976	-11.0348	28.668	-3.10501
33	55	-27.9879	-11.1425	28.8623	-3.10152
33	56	-28.1787	-11.2511	29.0575	-3.09805
33	57	-28.3697	-11.3616	29.2534	-3.09456
33	58	-28.5613	-11.4756	29.4503	-3.091
33	59	-28.7553	-11.592	29.6501	-3.08741
33	60	-28.9524	-11.7098	29.8535	-3.08382
33	61	-29.1512	-11.8298	30.0591	-3.08022
33	62	-29.3506	-11.9509	30.2657	-3.07663
33	63	-29.5491	-12.0728	30.4719	-3.07306
33	64	-29.7421	-12.2007	30.6735	-3.06933
33	65	-29.8884	-12.3462	30.8302	-3.06497
33	66	-29.9973	-12.5184	30.9523	-3.05969
33	67	-30.0911	-12.7044	31.0616	-3.05397
33	68	-30.1761	-12.9052	31.1644	-3.04779
33	69	-30.2532	-13.1287	31.2628	-3.0409
33	70	-30.3206	-13.3847	31.3566	-3.033
33	71	-30.3764	-13.6834	31.4458	-3.02375
33	72	-30.4162	-13.9839	31.522	-3.01443
33	73	-30.4429	-14.2833	31.5878	-3.00513
33	74	-30.4595	-14.5813	31.6462	-2.99587
33	75	-30.4668	-14.8799	31.6982	-2.98659
33	76	-30.4631	-15.1803	31.7422	-2.97722
33	77	-30.4451	-15.482	31.7753	-2.96776
33	78	-30.4117	-15.782	31.7957	-2.95829
33	79	-30.3649	-16.0777	31.805	-2.94887
33	80	-30.3074	-16.3696	31.8058	-2.93952
33	81	-30.2398	-16.6596	31.7992	-2.93016
33	82	-30.1598	-16.9484	31.783	-2.92075
33	83	-30.0648	-17.2344	31.7544	-2.9113
33	84	-29.9546	-17.5141	31.7123	-2.90192
33	85	-29.8325	-17.7856	31.6595	-2.89268
33	86	-29.7013	-18.0503	31.5989	-2.88353
33	87	-29.5616	-18.3102	31.5315	-2.87444
33	88	-29.412	-18.5659	31.4559	-2.86534
33	89	-29.2506	-18.8159	31.3702	-2.85627
33	90	-29.0779	-19.0577	31.2738	-2.84729
33	91	-28.8963	-19.2907	31.1688	-2.83845
33	92	-28.7072	-19.5161	31.0568	-2.82971
33	93	-28.5099	-19.7354	30.9375	-2.821
33	94	-28.3017	-19.9481	30.8081	-2.81232
33	95	-28.0807	-20.1509	30.6656	-2.80373
33	96	-27.8484	-20.3401	30.5103	-2.79536
33	97	-27.6093	-20.5152	30.3457	-2.78725
33	98	-27.3662	-20.6794	30.1757	-2.77936
33	99	-27.1194	-20.8344	30.0007	-2.77161
33	100	-26.9023	-20.9601	29.8444	-2.76505
33	101	-26.7044	-21.0598	29.6975	-2.75948
33	102	-26.5179	-21.1365	29.5534	-2.75472
33	103	-26.3414	-21.2029	29.4153	-2.75036
33	104	-26.1664	-21.2599	29.2755	-2.74629
33	105	-25.9987	-21.2346	29.111	-2.74487
33	106	-25.8231	-21.1915	28.9324	-2.7439
33	107	-25.655	-21.116	28.7482	-2.74405
33	108	-25.4819	-21.0452	28.5612	-2.74399
33	109	-25.3085	-20.9707	28.3725	-2.74405
33	110	-25.1348	-20.8916	28.1817	-2.74425
33	111	-24.9594	-20.8096	27.9882	-2.74453
33	112	-24.7812	-20.7255	27.7913	-2.74484
33	113	-24.5997	-20.6394	27.5906	-2.74517
33	114	-24.4154	-20.5502	27.3862	-2.74558
33	115	-24.229	-20.4584	27.1788	-2.74605
33	116	-24.0417	-20.3641	26.9697	-2.7466
33	117	-23.8542	-20.2683	26.7597	-2.74721
33	118	-23.6668	-20.1709	26.5493	-2.74788
33	119	-23.4788	-20.0721	26.3378	-2.74861
33	120	-23.2898	-19.9708	26.1245	-2.74942
33	121	-23.0986	-19.8673	25.9082	-2.75029
33	122	-22.9054	-19.7609	25.689	-2.75125
33	123	-22.7108	-19.6516	25.4675	-2.75231
33	124	-22.517	-19.5392	25.2455	-2.75352
33	125	-22.3253	-19.4242	25.0246	-2.75487
33	126	-22.1365	-19.307	24.8056	-2.75638
33	127	-21.9513	-19.1862	24.5886	-2.7581
33	128	-21.7728	-19.0601	24.3759	-2.76016
33	129	-21.6046	-18.9239	24.1692	-2.7628
33	130	-21.4512	-18.7723	23.9707	-2.76631
33	131	-21.3111	-18.6027	23.7785	-2.77079
33	132	-21.1841	-18.4146	23.5923	-2.77627
33	133	-21.0807	-18.222	23.4273	-2.78237
33	134	-20.9968	-18.0257	23.2803	-2.789
33	135	-20.9315	-17.8251	23.1503	-2.79616
33	136	-20.881	-17.6199	23.0341	-2.80379
33	137	-20.8393	-17.4128	22.9268	-2.81172
33	138	-20.8023	-17.2054	22.8253	-2.81979
33	139	-20.7676	-16.9966	22.7272	-2.82802
33	140	-20.7351	-16.7871	22.6324	-2.83638
33	141	-20.7044	-16.577	22.5408	-2.84486
33	142	-20.6777	-16.3654	22.4542	-2.85353
33	143	-20.6553	-16.1547	22.3738	-2.86227
33	144	-20.6387	-15.9431	22.3003	-2.87119
33	145	-20.6258	-15.7337	22.2328	-2.88011
33	146	-20.6148	-15.5284	22.17	-2.88893
33	147	-20.6061	-15.3227	22.1111	-2.89784
38	0	27.5786	-25.9954	31.1552	-0.539672
38	1	27.6026	-25.6962	31.0232	-0.531001
38	2	27.6125	-25.3951	30.8803	-0.52243
38	3	27.6084	-25.0952	30.7283	-0.514038
38	4	27.5934	-24.7982	30.5701	-0.505819
38	5	27.5701	-24.5032	30.4079	-0.497705
38	6	27.5393	-24.2085	30.2411	-0.489629
38	7	27.4993	-23.9129	30.0677	-0.481577
38	8	27.4468	-23.6169	29.8851	-0.473612
38	9	27.3794	-23.3237	29.6922	-0.465861
38	10	27.3022	-23.0729	29.5112	-0.459445
38	11	27.2167	-22.8544	29.3382	-0.45406
38	12	27.1244	-22.6585	29.1695	-0.449411
38	13	27.0236	-22.478	29.0006	-0.445315
38	14	26.9068	-22.3133	28.8244	-0.441905
38	15	26.7538	-22.1852	28.6314	-0.440145
38	16	26.5527	-22.0879	28.408	-0.440064
38	17	26.3542	-21.9826	28.1835	-0.439683
38	18	26.1526	-21.8826	27.9586	-0.439516
38	19	25.9512	-21.7836	27.7341	-0.439376
38	20	25.7501	-21.6855	27.5104	-0.439257
38	21	25.5506	-21.5889	27.2888	-0.439163
38	22	25.3532	-21.4938	27.0697	-0.439086
38	23	25.1582	-21.3988	26.8528	-0.43897
38	24	24.9639	-21.3048	26.6369	-0.438876
38	25	24.7706	-21.2143	26.4235	-0.438881
38	26	24.5788	-21.1251	26.212	-0.438914
38	27	24.3887	-21.0373	26.0026	-0.438961
38	28	24.2008	-20.9518	25.7961	-0.439056
38	29	24.0149	-20.8707	25.5935	-0.439275
38	30	23.8325	-20.7923	25.395	-0.439539
38	31	23.6519	-20.7192	25.2005	-0.439962
38	32	23.4734	-20.649	25.0091	-0.440463
38	33	23.2964	-20.5837	24.8212	-0.441123
38	34	23.1204	-20.5202	24.6349	-0.441843
38	35	22.9412	-20.4656	24.4495	-0.442957
38	36	22.7586	-20.4154	24.2631	-0.444312
38	37	22.5668	-20.3883	24.0784	-0.446721
38	38	22.3644	-20.3745	23.89	-0.449862
38	39	22.1502	-20.3858	23.7022	-0.454221
38	40	21.9442	-20.4084	23.5273	-0.458925
38	41	21.7457	-20.4531	23.3695	-0.4644
38	42	21.5517	-20.5113	23.2225	-0.470383
38	43	21.3619	-20.5919	23.0904	-0.477222
38	44	21.1736	-20.6772	22.9629	-0.484285
38	45	20.9891	-20.7708	22.8438	-0.491674
38	46	20.8047	-20.8655	22.7266	-0.499179
38	47	20.6228	-20.9655	22.6154	-0.506913
38	48	20.4417	-21.0667	22.5069	-0.514749
38	49	20.2636	-21.1729	22.4049	-0.522787
38	50	20.0884	-21.2806	22.3076	-0.530894
38	51	19.9179	-21.393	22.2182	-0.539141
38	52	19.7511	-21.507	22.1344	-0.547428
38	53	19.5888	-21.6233	22.0571	-0.555762
38	54	19.4289	-21.7396	21.9834	-0.564093
38	55	19.2733	-21.859	21.9165	-0.572493
38	56	19.1186	-21.9778	21.8516	-0.580898
38	57	18.9705	-22.1031	21.7974	-0.589431
38	58	18.8228	-22.2268	21.7441	-0.597936
38	59	18.6869	-22.3625	21.709	-0.60663
38	60	18.5547	-22.5007	21.68	-0.615339
38	61	18.4415	-22.657	21.6786	-0.624243
38	62	18.3299	-22.8211	21.6849	-0.633391
38	63	18.2329	-23.0042	21.7161	-0.642829
38	64	18.1453	-23.1867	21.7563	-0.651959
38	65	18.0756	-23.3752	21.8161	-0.660766
38	66	18.0148	-23.5684	21.8875	-0.66944
38	67	17.9641	-23.7667	21.9716	-0.67795
38	68	17.9187	-23.9679	22.0632	-0.686343
38	69	17.8793	-24.1711	22.1622	-0.694561
38	70	17.8442	-24.3743	22.2661	-0.702583
38	71	17.8137	-24.5773	22.3747	-0.710388
38	72	17.7879	-24.7799	22.4878	-0.717965
38	73	17.7658	-24.9811	22.6042	-0.725311
38	74	17.7453	-25.1803	22.7215	-0.732472
38	75	17.7271	-25.3775	22.8404	-0.739422
38	76	17.7117	-25.5767	22.9638	-0.746285
38	77	17.7021	-25.7774	23.0935	-0.752948
38	78	17.6954	-25.9783	23.2265	-0.759458
38	79	17.6941	-26.1784	23.3638	-0.765704
38	80	17.6939	-26.3763	23.5013	-0.771784
38	81	17.6972	-26.5715	23.6401	-0.777601
38	82	17.7025	-26.7685	23.7825	-0.78335
38	83	17.7119	-26.967	23.9297	-0.788949
38	84	17.724	-27.1665	24.0801	-0.794431
38	85	17.7393	-27.3664	24.2339	-0.799761
38	86	17.7597	-27.5657	24.3913	-0.804856
38	87	17.783	-27.7632	24.55	-0.809749
38	88	17.8131	-27.957	24.7113	-0.814275
38	89	17.8442	-28.1468	24.871	-0.818604
38	90	17.8808	-28.3314	25.031	-0.822576
38	91	17.9187	-28.5119	25.1893	-0.826347
38	92	17.9586	-28.6907	25.348	-0.829967
38	93	18.0065	-28.8669	25.5104	-0.833245
38	94	18.0537	-29.044	25.6733	-0.836524
38	95	18.1197	-29.2172	25.8463	-0.839117
38	96	18.1936	-29.3916	26.0255	-0.84148
38	97	18.2872	-29.5653	26.2175	-0.843235
38	98	18.3908	-29.7192	26.4012	-0.84418
38	99	18.4974	-29.8616	26.5785	-0.844744
38	100	18.6214	-29.9814	26.7504	-0.844249
38	101	18.7483	-30.0937	26.9186	-0.843497
38	102	18.8777	-30.2023	27.0858	-0.842593
38	103	19.0112	-30.3073	27.2531	-0.841504
38	104	19.1504	-30.4071	27.4202	-0.840143
38	105	19.2912	-30.5086	27.5899	-0.838796
38	106	19.4374	-30.6083	27.7617	-0.837279
38	107	19.588	-30.708	27.9366	-0.835663
38	108	19.744	-30.8065	28.1144	-0.833898
38	109	19.9028	-30.9029	28.2925	-0.832032
38	110	20.0641	-30.9955	28.4697	-0.830034
38	111	20.225	-31.0872	28.6459	-0.828049
38	112	20.3861	-31.1741	28.819	-0.825969
38	113	20.5492	-31.2624	28.9946	-0.823898
38	114	20.715	-31.3499	29.1715	-0.821765
38	115	20.8837	-31.4364	29.3498	-0.819563
38	116	21.0552	-31.5223	29.5297	-0.817303
38	117	21.2285	-31.6089	29.7115	-0.815045
38	118	21.4039	-31.6945	29.8942	-0.812739
38	119	21.5805	-31.7784	30.0765	-0.810392
38	120	21.7564	-31.8614	30.258	-0.808073
38	121	21.9335	-31.9443	30.4404	-0.805745
38	122	22.1121	-32.0249	30.6223	-0.803364
38	123	22.291	-32.1051	30.8043	-0.80099
38	124	22.4711	-32.1824	30.9852	-0.798552
38	125	22.6503	-32.2628	31.1681	-0.796234
38	126	22.8349	-32.3184	31.337	-0.793263
38	127	23.0098	-32.3163	31.4584	-0.789255
38	128	23.1893	-32.2556	31.5423	-0.78386
38	129	23.3792	-32.2068	31.6427	-0.77853
38	130	23.5742	-32.1337	31.7308	-0.772574
38	131	23.7799	-32.0338	31.8091	-0.765814
38	132	24.0018	-31.9017	31.8784	-0.758
38	133	24.2465	-31.7316	31.9406	-0.748866
38	134	24.4824	-31.5525	31.9928	-0.739746
38	135	24.7114	-31.3676	32.0385	-0.730666
38	136	24.9353	-31.1773	32.0796	-0.721588
38	137	25.1551	-30.9798	32.1155	-0.712451
38	138	25.3694	-30.7724	32.1435	-0.703211
38	139	25.5751	-30.5538	32.1605	-0.69389
38	140	25.7693	-30.3257	32.1652	-0.684574
38	141	25.9522	-30.0911	32.16	-0.675328
38	142	26.126	-29.8519	32.1474	-0.666141
38	143	26.2925	-29.6077	32.1288	-0.656962
38	144	26.4517	-29.3572	32.1032	-0.647754
38	145	26.6018	-29.0999	32.069	-0.638531
38	146	26.7416	-28.8372	32.0261	-0.629343
38	147	26.8717	-28.571	31.9759	-0.620219
38	148	26.9937	-28.3017	31.92	-0.611133
38	149	27.1082	-28.0279	31.858	-0.602031
38	150	27.2136	-27.7476	31.7874	-0.592885
38	151	27.3062	-27.4602	31.705	-0.583736
38	152	27.3836	-27.1686	31.61	-0.574688
38	153	27.4468	-26.8761	31.5054	-0.565805
38	154	27.4993	-26.5839	31.3943	-0.557054
38	155	27.5433	-26.291	31.278	-0.54836
39	0	-16.5671	-25.6384	23.4178	-2.40955
39	1	-16.5583	-25.4069	23.2571	-2.4167
39	2	-16.553	-25.1734	23.099	-2.42412
39	3	-16.5518	-24.9394	22.9449	-2.43177
39	4	-16.5546	-24.7058	22.7955	-2.43962
39	5	-16.5612	-24.4728	22.6508	-2.44766
39	6	-16.5721	-24.2401	22.5111	-2.45592
39	7	-16.5881	-24.0079	22.3772	-2.4644
39	8	-16.6081	-23.7718	22.2458	-2.47324
39	9	-16.6336	-23.5338	22.1193	-2.4824
39	10	-16.6657	-23.2964	22.0001	-2.49182
39	11	-16.7042	-23.0614	21.8897	-2.50143
39	12	-16.7491	-22.8296	21.7883	-2.5112
39	13	-16.7997	-22.6008	21.6953	-2.52109
39	14	-16.8588	-22.3761	21.6138	-2.53114
39	15	-16.9296	-22.1579	21.5479	-2.54132
39	16	-17.0142	-21.9445	21.4983	-2.55173
39	17	-17.1131	-21.7349	21.4651	-2.56241
39	18	-17.2303	-21.5307	21.4527	-2.57337
39	19	-17.357	-21.3515	21.4642	-2.58358
39	20	-17.4949	-21.1964	21.5001	-2.5931
39	21	-17.6441	-21.0588	21.5565	-2.60215
39	22	-17.8004	-20.9327	21.6266	-2.61087
39	23	-17.9617	-20.813	21.706	-2.61938
39	24	-18.1271	-20.6973	21.7924	-2.62777
39	25	-18.2969	-20.585	21.8858	-2.63605
39	26	-18.4707	-20.4756	21.9856	-2.64424
39	27	-18.6488	-20.37	22.0925	-2.65229
39	28	-18.8304	-20.2686	22.2058	-2.66016
39	29	-19.0139	-20.1719	22.3243	-2.6678
39	30	-19.1985	-20.079	22.4468	-2.67524
39	31	-19.3846	-19.9906	22.5739	-2.68244
39	32	-19.5719	-19.906	22.7048	-2.68944
39	33	-19.7622	-19.8286	22.8427	-2.69613
39	34	-19.9553	-19.7635	22.9894	-2.7023
39	35	-20.1542	-19.7138	23.1486	-2.7079
39	36	-20.36	-19.6765	23.32	-2.71306
39	37	-20.5764	-19.6573	23.509	-2.71763
39	38	-20.7811	-19.655	23.6949	-2.72127
39	39	-20.9731	-19.6768	23.8791	-2.72372
39	40	-21.1546	-19.7108	24.0588	-2.72549
39	41	-21.3303	-19.7607	24.2397	-2.72654
39	42	-21.5041	-19.8155	24.4209	-2.72735
39	43	-21.678	-19.8747	24.6039	-2.72799
39	44	-21.8522	-19.9391	24.7893	-2.72844
39	45	-22.0272	-20.0093	24.9777	-2.72868
39	46	-22.2046	-20.0829	25.1698	-2.72883
39	47	-22.3834	-20.1625	25.3655	-2.72878
39	48	-22.564	-20.2458	25.5644	-2.72863
39	49	-22.7453	-20.3334	25.7655	-2.72834
39	50	-22.9275	-20.4229	25.9684	-2.728
39	51	-23.1107	-20.5138	26.1727	-2.72763
39	52	-23.2953	-20.6058	26.3786	-2.72725
39	53	-23.481	-20.7003	26.5867	-2.72681
39	54	-23.6687	-20.7965	26.7973	-2.72635
39	55	-23.8583	-20.8943	27.0102	-2.72587
39	56	-24.0489	-20.9942	27.2249	-2.72534
39	57	-24.2395	-21.0961	27.4405	-2.72475
39	58	-24.43	-21.1992	27.6564	-2.72413
39	59	-24.6205	-21.3033	27.8728	-2.72349
39	60	-24.8117	-21.4084	28.0902	-2.72283
39	61	-25.0042	-21.5147	28.3092	-2.72217
39	62	-25.1977	-21.6229	28.53	-2.72147
39	63	-25.3921	-21.7344	28.753	-2.72068
39	64	-25.5762	-21.8587	28.9719	-2.71936
39	65	-25.7148	-22.0109	29.1608	-2.71655
39	66	-25.8149	-22.1993	29.3299	-2.7121
39	67	-25.8947	-22.4023	29.4875	-2.70698
39	68	-25.9625	-22.6208	29.6414	-2.70125
39	69	-26.0209	-22.8622	29.7978	-2.69476
39	70	-26.0712	-23.1365	29.9625	-2.68723
39	71	-26.1138	-23.4562	30.1423	-2.67832
39	72	-26.145	-23.7803	30.3164	-2.66921
39	73	-26.1619	-24.1076	30.4816	-2.6599
39	74	-26.1631	-24.4344	30.6354	-2.65047
39	75	-26.1513	-24.7582	30.7791	-2.64101
39	76	-26.1291	-25.0801	30.9155	-2.63153
39	77	-26.0963	-25.4021	31.0455	-2.62196
39	78	-26.05	-25.7241	31.1667	-2.61226
39	79	-25.9892	-26.0435	31.2769	-2.60246
39	80	-25.9159	-26.3577	31.3769	-2.59267
39	81	-25.8332	-26.6674	31.4694	-2.5829
39	82	-25.7415	-26.9749	31.5562	-2.5731
39	83	-25.6383	-27.281	31.6355	-2.56319
39	84	-25.5209	-27.5836	31.7043	-2.55317
39	85	-25.3896	-27.8794	31.7609	-2.54313
39	86	-25.2478	-28.1675	31.8076	-2.53313
39	87	-25.0973	-28.4497	31.847	-2.52316
39	88	-24.9371	-28.7277	31.8793	-2.51314
39	89	-24.765	-29.0006	31.9021	-2.50305
39	90	-24.5808	-29.2653	31.9135	-2.49295
39	91	-24.3869	-29.5206	31.9149	-2.48291
39	92	-24.1857	-29.7679	31.9087	-2.47292
39	93	-23.9767	-30.0091	31.8958	-2.46292
39	94	-23.7583	-30.2436	31.8746	-2.45289
39	95	-23.5301	-30.4691	31.8434	-2.44287
39	96	-23.2945	-30.6845	31.8031	-2.43292
39	97	-23.0535	-30.8906	31.7558	-2.42305
39	98	-22.8067	-31.0879	31.7015	-2.41324
39	99	-22.583	-31.2456	31.6406	-2.40482
39	100	-22.3732	-31.3685	31.5686	-2.39747
39	101	-22.1705	-31.4605	31.4825	-2.39096
39	102	-21.9704	-31.5239	31.38	-2.38513
39	103	-21.7827	-31.5991	31.2956	-2.37927
39	104	-21.5991	-31.5992	31.1632	-2.3752
39	105	-21.4032	-31.5233	30.9695	-2.37258
39	106	-21.1998	-31.4612	30.7803	-2.36943
39	107	-21.001	-31.388	30.5869	-2.36661
39	108	-20.8045	-31.3118	30.3934	-2.36388
39	109	-20.6095	-31.2356	30.201	-2.36114
39	110	-20.4143	-31.1578	30.0077	-2.35841
39	111	-20.2191	-31.078	29.8132	-2.35569
39	112	-20.0246	-30.9964	29.6181	-2.35299
39	113	-19.832	-30.9129	29.4232	-2.35034
39	114	-19.6416	-30.8289	29.2298	-2.34773
39	115	-19.4543	-30.744	29.038	-2.34518
39	116	-19.2691	-30.6598	28.8483	-2.34264
39	117	-19.0867	-30.5735	28.6594	-2.34017
39	118	-18.9056	-30.4869	28.4713	-2.33772
39	119	-18.7281	-30.3949	28.2819	-2.33546
39	120	-18.5536	-30.3032	28.095	-2.33324
39	121	-18.3858	-30.2044	27.9077	-2.33133
39	122	-18.22	-30.1056	27.7219	-2.32946
39	123	-18.0635	-29.9985	27.5366	-2.32801
39	124	-17.9086	-29.8917	27.3526	-2.32657
39	125	-17.7641	-29.7694	27.1645	-2.32579
39	126	-17.6228	-29.635	26.9698	-2.32539
39	127	-17.4895	-29.4755	26.7623	-2.32584
39	128	-17.359	-29.2954	26.5417	-2.32691
39	129	-17.2473	-29.109	26.3295	-2.32868
39	130	-17.1519	-28.9155	26.1234	-2.33112
39	131	-17.0737	-28.7131	25.923	-2.33432
39	132	-17.0078	-28.5052	25.7274	-2.33805
39	133	-16.9507	-28.2948	25.5366	-2.34217
39	134	-16.8992	-28.083	25.3491	-2.34653
39	135	-16.8515	-27.8702	25.164	-2.3511
39	136	-16.8063	-27.6558	24.9801	-2.35586
39	137	-16.7636	-27.4388	24.7967	-2.36082
39	138	-16.7237	-27.2185	24.6137	-2.36604
39	139	-16.687	-26.9949	24.4313	-2.37152
39	140	-16.6542	-26.7686	24.2506	-2.37728
39	141	-16.6275	-26.5419	24.0748	-2.38331
39	142	-16.6064	-26.3156	23.9045	-2.38958
39	143	-16.5902	-26.0904	23.7392	-2.39604
39	144	-16.5781	-25.8664	23.5789	-2.40267
43	0	23.1424	-35.867	34.1571	-0.859781
43	1	23.1429	-35.5446	33.9139	-0.853564
43	2	23.1299	-35.2211	33.6621	-0.847537
43	3	23.1037	-34.8996	33.4043	-0.841759
43	4	23.067	-34.5818	33.1434	-0.836195
43	5	23.0219	-34.2671	32.88	-0.830798
43	6	22.9713	-33.9995	32.6487	-0.826415
43	7	22.9126	-33.768	32.4388	-0.822912
43	8	22.8427	-33.5641	32.2419	-0.8202
43	9	22.7578	-33.382	32.0509	-0.818262
43	10	22.6895	-33.2039	31.8743	-0.816007
43	11	22.5824	-33.0761	31.7078	-0.815705
43	12	22.4296	-32.9834	31.5356	-0.817218
43	13	22.2826	-32.8752	31.3561	-0.818275
43	14	22.1255	-32.7749	31.1755	-0.819757
43	15	21.9633	-32.6774	30.9936	-0.821436
43	16	21.7977	-32.5813	30.8105	-0.823245
43	17	21.629	-32.4838	30.6244	-0.825121
43	18	21.4575	-32.3871	30.4371	-0.827106
43	19	21.2828	-32.2903	30.2477	-0.82919
43	20	21.1045	-32.1937	30.0561	-0.831391
43	21	20.923	-32.0968	29.8622	-0.833697
43	22	20.7385	-31.9995	29.6663	-0.836096
43	23	20.5537	-31.9032	29.471	-0.838557
43	24	20.3685	-31.8066	29.2755	-0.841058
43	25	20.1839	-31.7113	29.0814	-0.843603
43	26	19.9993	-31.6166	28.8881	-0.846198
43	27	19.8141	-31.5229	28.6953	-0.848866
43	28	19.6281	-31.4303	28.5029	-0.851619
43	29	19.4402	-31.3373	28.3093	-0.854448
43	30	19.2512	-31.2446	28.1154	-0.857351
43	31	19.0619	-31.1526	27.9221	-0.860323
43	32	18.8722	-31.062	27.7298	-0.863378
43	33	18.6821	-30.9736	27.5392	-0.866538
43	34	18.4905	-30.8898	27.3515	-0.869893
43	35	18.2967	-30.8136	27.1684	-0.873535
43	36	18.1001	-30.7549	26.9974	-0.877721
43	37	17.8975	-30.7144	26.8371	-0.882565
43	38	17.6882	-30.6901	26.6858	-0.888044
43	39	17.4701	-30.6834	26.5436	-0.894259
43	40	17.2592	-30.6965	26.4223	-0.900794
43	41	17.0568	-30.7304	26.3238	-0.907623
43	42	16.8589	-30.7829	26.244	-0.914795
43	43	16.6648	-30.8448	26.1753	-0.922113
43	44	16.4735	-30.9129	26.1148	-0.929527
43	45	16.2839	-30.9846	26.0596	-0.937003
43	46	16.0957	-31.0602	26.0098	-0.944555
43	47	15.9083	-31.139	25.9645	-0.95218
43	48	15.7222	-31.2218	25.9247	-0.959881
43	49	15.5378	-31.3085	25.8908	-0.967637
43	50	15.3558	-31.3988	25.8628	-0.975413
43	51	15.1772	-31.493	25.8413	-0.983178
43	52	15.0014	-31.5891	25.8246	-0.990909
43	53	14.8293	-31.6891	25.8147	-0.998609
43	54	14.6591	-31.7909	25.8089	-1.00629
43	55	14.4926	-31.8986	25.8116	-1.01397
43	56	14.3287	-32.0114	25.8215	-1.02167
43	57	14.1724	-32.1361	25.847	-1.02934
43	58	14.0255	-32.2745	25.8907	-1.03696
43	59	13.894	-32.4362	25.9637	-1.04449
43	60	13.7769	-32.6221	26.0663	-1.05196
43	61	13.6726	-32.832	26.1977	-1.05939
43	62	13.5844	-33.0462	26.3419	-1.06629
43	63	13.512	-33.2658	26.4997	-1.07268
43	64	13.4525	-33.4923	26.6708	-1.0787
43	65	13.4019	-33.7234	26.851	-1.08443
43	66	13.3561	-33.9576	27.037	-1.08998
43	67	13.3126	-34.1941	27.2269	-1.09541
43	68	13.2705	-34.4318	27.4194	-1.10074
43	69	13.2299	-34.6691	27.613	-1.10594
43	70	13.1925	-34.9063	27.8086	-1.11097
43	71	13.1576	-35.142	28.0046	-1.11582
43	72	13.1241	-35.3755	28.2	-1.12053
43	73	13.0912	-35.6071	28.3945	-1.12512
43	74	13.059	-35.8368	28.5881	-1.1296
43	75	13.0274	-36.0642	28.7806	-1.13397
43	76	12.9969	-36.2881	28.9708	-1.13819
43	77	12.9693	-36.513	29.1636	-1.14228
43	78	12.9442	-36.7373	29.3574	-1.14624
43	79	12.9205	-36.9601	29.551	-1.15007
43	80	12.8979	-37.1811	29.7437	-1.1538
43	81	12.8767	-37.4	29.9354	-1.15741
43	82	12.8574	-37.6163	30.1259	-1.16088
43	83	12.8408	-37.829	30.3145	-1.16418
43	84	12.8273	-38.0399	30.503	-1.16732
43	85	12.8172	-38.248	30.6906	-1.17029
43	86	12.8117	-38.4542	30.8785	-1.17305
43	87	12.8112	-38.6588	31.067	-1.17562
43	88	12.816	-38.8623	31.2567	-1.17799
43	89	12.8312	-39.0694	31.4539	-1.18006
43	90	12.8607	-39.2814	31.6613	-1.18175
43	91	12.9083	-39.5024	31.8839	-1.18299
43	92	12.9784	-39.7334	32.1242	-1.18369
43	93	13.0641	-39.9504	32.3575	-1.18377
43	94	13.1652	-40.1561	32.5862	-1.18328
43	95	13.2796	-40.3537	32.8123	-1.18233
43	96	13.4034	-40.5439	33.0353	-1.18104
43	97	13.5346	-40.727	33.2545	-1.17949
43	98	13.6749	-40.9011	33.469	-1.17759
43	99	13.8273	-41.0632	33.6772	-1.17526
43	100	13.9954	-41.214	33.8813	-1.1724
43	101	14.18	-41.3535	34.0817	-1.16899
43	102	14.3677	-41.4708	34.2633	-1.16529
43	103	14.5609	-41.5683	34.4294	-1.16125
43	104	14.7608	-41.6429	34.5778	-1.1568
43	105	14.969	-41.6977	34.712	-1.15195
43	106	15.1802	-41.7402	34.8372	-1.14691
43	107	15.3928	-41.775	34.9569	-1.14177
43	108	15.6064	-41.805	35.0735	-1.13659
43	109	15.8193	-41.8333	35.1892	-1.13144
43	110	16.0318	-41.86	35.3043	-1.12631
43	111	16.2446	-41.8843	35.4181	-1.12118
43	112	16.4577	-41.9048	35.5297	-1.11603
43	113	16.6695	-41.9218	35.6384	-1.1109
43	114	16.8796	-41.9352	35.7442	-1.1058
43	115	17.0885	-41.9459	35.8479	-1.10073
43	116	17.2955	-41.9555	35.9507	-1.09571
43	117	17.5025	-41.9641	36.0534	-1.09072
43	118	17.7087	-41.9715	36.1556	-1.08576
43	119	17.9152	-41.977	36.2573	-1.08079
43	120	18.1211	-41.9804	36.3576	-1.07584
43	121	18.3269	-41.9808	36.4561	-1.07087
43	122	18.5307	-41.9781	36.552	-1.06594
43	123	18.7329	-41.9722	36.645	-1.06104
43	124	18.9325	-41.9651	36.7366	-1.0562
43	125	19.131	-41.9553	36.8263	-1.05138
43	126	19.328	-41.9451	36.9156	-1.04661
43	127	19.5243	-41.9313	37.0023	-1.04183
43	128	19.7189	-41.9176	37.0891	-1.03711
43	129	19.9122	-41.9	37.1727	-1.03239
43	130	20.1029	-41.8817	37.2552	-1.02775
43	131	20.2909	-41.8601	37.3342	-1.02314
43	132	20.4753	-41.837	37.4109	-1.01861
43	133	20.6551	-41.8034	37.477	-1.01405
43	134	20.8333	-41.7891	37.5594	-1.00982
43	135	20.9816	-41.7261	37.5852	-1.00559
43	136	21.116	-41.6061	37.5563	-1.00086
43	137	21.2342	-41.4654	37.5021	-0.996179
43	138	21.3593	-41.3197	37.4482	-0.991259
43	139	21.4865	-41.154	37.3798	-0.985986
43	140	21.6208	-40.9613	37.2939	-0.980129
43	141	21.7661	-40.7319	37.185	-0.973447
43	142	21.9254	-40.4547	37.0466	-0.965684
43	143	22.0744	-40.1719	36.8998	-0.958004
43	144	22.2135	-39.8855	36.7467	-0.950424
43	145	22.3446	-39.5961	36.5883	-0.942911
43	146	22.4678	-39.302	36.4238	-0.93543
43	147	22.5815	-39.0021	36.2508	-0.927996
43	148	22.683	-38.6972	36.0686	-0.920675
43	149	22.7725	-38.3901	35.8793	-0.91351
43	150	22.8522	-38.0822	35.6851	-0.90647
43	151	22.924	-37.7726	35.4864	-0.899497
43	152	22.9876	-37.4596	35.2818	-0.892569
43	153	23.0405	-37.1428	35.0692	-0.885726
43	154	23.0812	-36.8241	34.8488	-0.879034
43	155	23.1107	-36.5054	34.623	-0.872508
43	156	23.1309	-36.1869	34.3927	-0.866103
44	0	-13.5038	-35.9074	29.6307	-2.07655
44	1	-13.4747	-35.6982	29.4337	-2.07913
44	2	-13.4509	-35.4867	29.2375	-2.08194
44	3	-13.4313	-35.2721	29.0409	-2.08497
44	4	-13.418	-35.0565	28.8467	-2.08824
44	5	-13.4121	-34.8419	28.6575	-2.09176
44	6	-13.413	-34.6298	28.4741	-2.0955
44	7	-13.4209	-34.419	28.2959	-2.09947
44	8	-13.4383	-34.2103	28.1247	-2.10375
44	9	-13.4705	-34.0038	27.9635	-2.10849
44	10	-13.5207	-33.7975	27.8125	-2.11384
44	11	-13.5908	-33.5906	27.672	-2.11988
44	12	-13.6756	-33.3985	27.553	-2.12614
44	13	-13.775	-33.2176	27.4523	-2.13269
44	14	-13.891	-33.0485	27.3717	-2.13957
44	15	-14.022	-32.889	27.3085	-2.14676
44	16	-14.163	-32.7379	27.2593	-2.15411
44	17	-14.3081	-32.5919	27.2181	-2.16152
44	18	-14.4554	-32.4498	27.1829	-2.16893
44	19	-14.6031	-32.31	27.1512	-2.17632
44	20	-14.7521	-32.173	27.1242	-2.18371
44	21	-14.9009	-32.0368	27.0991	-2.1911
44	22	-15.0538	-31.905	27.0815	-2.19852
44	23	-15.2077	-31.7759	27.0681	-2.20593
44	24	-15.3645	-31.6542	27.0639	-2.21326
44	25	-15.5229	-31.537	27.0657	-2.22053
44	26	-15.6837	-31.4282	27.077	-2.22769
44	27	-15.843	-31.3237	27.0922	-2.23471
44	28	-16.0028	-31.226	27.1143	-2.24157
44	29	-16.1606	-31.1297	27.1376	-2.24833
44	30	-16.3223	-31.0427	27.1719	-2.25497
44	31	-16.4836	-30.954	27.2056	-2.26163
44	32	-16.6556	-30.8872	27.2644	-2.26805
44	33	-16.8347	-30.8234	27.331	-2.27457
44	34	-17.0272	-30.7843	27.4263	-2.28085
44	35	-17.2326	-30.7524	27.5366	-2.28726
44	36	-17.4351	-30.7484	27.667	-2.29288
44	37	-17.6346	-30.7608	27.8085	-2.29796
44	38	-17.8323	-30.8012	27.9703	-2.30228
44	39	-18.0298	-30.8536	28.1415	-2.30626
44	40	-18.2244	-30.9152	28.3179	-2.3099
44	41	-18.4181	-30.9784	28.4953	-2.31343
44	42	-18.6102	-31.0453	28.6746	-2.31679
44	43	-18.8015	-31.1135	28.8547	-2.32005
44	44	-18.9928	-31.1845	29.0372	-2.32321
44	45	-19.1847	-31.2593	29.2231	-2.32626
44	46	-19.3761	-31.3375	29.4113	-2.32917
44	47	-19.5654	-31.4183	29.6003	-2.33193
44	48	-19.7522	-31.5001	29.7885	-2.33458
44	49	-19.9362	-31.5827	29.9755	-2.33711
44	50	-20.1179	-31.6651	30.1609	-2.33955
44	51	-20.2966	-31.7497	30.3461	-2.34185
44	52	-20.474	-31.8345	30.5306	-2.34408
44	53	-20.6485	-31.9229	30.7158	-2.34614
44	54	-20.8217	-32.0111	30.9001	-2.34814
44	55	-20.9896	-32.1015	31.0824	-2.34995
44	56	-21.1516	-32.1943	31.2622	-2.35155
44	57	-21.3123	-32.2821	31.4378	-2.35322
44	58	-21.4502	-32.3932	31.6138	-2.35384
44	59	-21.5643	-32.5254	31.7879	-2.35344
44	60	-21.6371	-32.7074	31.9685	-2.35104
44	61	-21.7052	-32.8994	32.1529	-2.34835
44	62	-21.7593	-33.1124	32.3429	-2.34492
44	63	-21.8142	-33.3519	32.5527	-2.34098
44	64	-21.8639	-33.6309	32.788	-2.33615
44	65	-21.9089	-33.9627	33.059	-2.33018
44	66	-21.9388	-34.2982	33.3236	-2.32389
44	67	-21.9526	-34.6338	33.5785	-2.31736
44	68	-21.9529	-34.9669	33.8241	-2.31068
44	69	-21.9425	-35.2989	34.063	-2.30388
44	70	-21.9203	-35.6322	34.2967	-2.2969
44	71	-21.8824	-35.9666	34.5225	-2.28964
44	72	-21.8273	-36.2982	34.7367	-2.28216
44	73	-21.7581	-36.6239	34.9393	-2.27458
44	74	-21.6786	-36.9451	35.1337	-2.26694
44	75	-21.5892	-37.2642	35.3223	-2.2592
44	76	-21.4869	-37.5819	35.5038	-2.25129
44	77	-21.3694	-37.8953	35.6746	-2.2432
44	78	-21.2385	-38.2012	35.8336	-2.23503
44	79	-21.0983	-38.4998	35.9835	-2.22685
44	80	-20.9634	-38.7688	36.1153	-2.21934
44	81	-20.8387	-38.9959	36.2218	-2.21281
44	82	-20.7181	-39.19	36.3057	-2.20695
44	83	-20.5956	-39.3576	36.3682	-2.2015
44	84	-20.4647	-39.5019	36.4081	-2.19626
44	85	-20.3487	-39.65	36.4607	-2.1913
44	86	-20.2156	-39.7324	36.4507	-2.18702
44	87	-20.0535	-39.766	36.3847	-2.18285
44	88	-19.8903	-39.8183	36.3341	-2.17834
44	89	-19.7199	-39.8573	36.2693	-2.17388
44	90	-19.5464	-39.8909	36.1989	-2.1694
44	91	-19.3708	-39.9222	36.1262	-2.1649
44	92	-19.1927	-39.9512	36.0509	-2.16035
44	93	-19.0119	-39.9797	35.9744	-2.15574
44	94	-18.8277	-40.0032	35.8926	-2.15109
44	95	-18.6403	-40.0258	35.8093	-2.14637
44	96	-18.4495	-40.0407	35.7182	-2.14166
44	97	-18.2565	-40.0548	35.6262	-2.13689
44	98	-18.0617	-40.0623	35.5285	-2.13215
44	99	-17.8659	-40.067	35.4287	-2.1274
44	100	-17.6693	-40.0666	35.3249	-2.12268
44	101	-17.4715	-40.064	35.2193	-2.11794
44	102	-17.2741	-40.0573	35.1112	-2.11324
44	103	-17.076	-40.0492	35.0025	-2.10851
44	104	-16.8768	-40.0354	34.889	-2.10381
44	105	-16.6768	-40.0176	34.7724	-2.09911
44	106	-16.4768	-39.994	34.6516	-2.09447
44	107	-16.2786	-39.9639	34.5267	-2.08994
44	108	-16.0829	-39.9303	34.4008	-2.08548
44	109	-15.889	-39.8913	34.2718	-2.08112
44	110	-15.6971	-39.8477	34.1403	-2.07684
44	111	-15.5076	-39.7992	34.0063	-2.07265
44	112	-15.3198	-39.7457	33.8694	-2.06855
44	113	-15.1445	-39.6692	33.7186	-2.06507
44	114	-14.9765	-39.5815	33.5619	-2.0619
44	115	-14.8229	-39.4635	33.3855	-2.05951
44	116	-14.6711	-39.3324	33.1986	-2.05733
44	117	-14.5431	-39.1907	33.0135	-2.05591
44	118	-14.4321	-39.0438	32.8318	-2.055
44	119	-14.3388	-38.8887	32.6511	-2.05469
44	120	-14.2588	-38.7268	32.4706	-2.05482
44	121	-14.182	-38.5633	32.2901	-2.05508
44	122	-14.1132	-38.3957	32.1097	-2.05561
44	123	-14.0464	-38.2265	31.9289	-2.05623
44	124	-13.983	-38.0526	31.7456	-2.05702
44	125	-13.9225	-37.8739	31.5593	-2.05797
44	126	-13.8666	-37.6904	31.371	-2.05913
44	127	-13.8143	-37.5045	31.1823	-2.06045
44	128	-13.7654	-37.3121	30.9896	-2.06197
44	129	-13.7202	-37.1159	30.7953	-2.06369
44	130	-13.6796	-36.9189	30.6026	-2.06556
44	131	-13.6407	-36.7188	30.4081	-2.06756
44	132	-13.6029	-36.5174	30.213	-2.06964
44	133	-13.5678	-36.3152	30.0188	-2.07183
44	134	-13.5353	-36.1133	29.8262	-2.07413
48	0	22.0382	-45.0128	40.936	-1.0268
48	1	21.9746	-44.7181	40.6509	-1.02438
48	2	21.8972	-44.4269	40.362	-1.02227
48	3	21.809	-44.1408	40.0719	-1.02043
48	4	21.7123	-43.8585	39.7808	-1.01879
48	5	21.6074	-43.579	39.4878	-1.01734
48	6	21.5095	-43.3456	39.2379	-1.01633
48	7	21.4144	-43.1498	39.0214	-1.01576
48	8	21.3194	-42.9841	38.8305	-1.01559
48	9	21.223	-42.8416	38.6585	-1.01577
48	10	21.1244	-42.7149	38.499	-1.01621
48	11	21.0097	-42.6108	38.35	-1.01733
48	12	20.9044	-42.4994	38.2	-1.01814
48	13	20.7636	-42.4621	38.0944	-1.02077
48	14	20.5854	-42.5026	38.0362	-1.02532
48	15	20.4037	-42.5203	37.9574	-1.02965
48	16	20.2222	-42.5297	37.8724	-1.03389
48	17	20.0422	-42.5364	37.7864	-1.03807
48	18	19.8645	-42.5448	37.7036	-1.04225
48	19	19.6872	-42.5528	37.6215	-1.04643
48	20	19.5103	-42.5596	37.5391	-1.05059
48	21	19.3345	-42.5695	37.4606	-1.0548
48	22	19.1601	-42.5761	37.3806	-1.05894
48	23	18.9875	-42.5786	37.2986	-1.06301
48	24	18.8149	-42.587	37.2224	-1.06717
48	25	18.6429	-42.5932	37.1451	-1.07131
48	26	18.4721	-42.5941	37.0644	-1.07537
48	27	18.3029	-42.5918	36.9822	-1.07936
48	28	18.1356	-42.5911	36.9029	-1.08335
48	29	17.9666	-42.5897	36.8229	-1.08739
48	30	17.7966	-42.5849	36.7399	-1.09142
48	31	17.6267	-42.5782	36.6559	-1.09545
48	32	17.4581	-42.5752	36.5764	-1.09951
48	33	17.2921	-42.5699	36.4965	-1.1035
48	34	17.1254	-42.5642	36.4167	-1.10751
48	35	16.959	-42.563	36.3416	-1.1116
48	36	16.7935	-42.5598	36.2656	-1.11565
48	37	16.6293	-42.5519	36.1866	-1.11963
48	38	16.4668	-42.5416	36.1067	-1.12355
48	39	16.3023	-42.5356	36.0305	-1.1276
48	40	16.1374	-42.5308	35.9558	-1.13168
48	41	15.9734	-42.5268	35.8827	-1.13577
48	42	15.8112	-42.5226	35.8108	-1.13983
48	43	15.6517	-42.5189	35.7412	-1.14384
48	44	15.4951	-42.5152	35.6732	-1.14779
48	45	15.3401	-42.5124	35.6073	-1.15173
48	46	15.1866	-42.5094	35.5424	-1.15564
48	47	15.0339	-42.5091	35.4808	-1.15958
48	48	14.8819	-42.512	35.423	-1.16354
48	49	14.7307	-42.5203	35.371	-1.16756
48	50	14.5794	-42.5386	35.3287	-1.1717
48	51	14.4292	-42.575	35.3042	-1.17603
48	52	14.2832	-42.644	35.3121	-1.18059
48	53	14.1428	-42.752	35.3591	-1.18543
48	54	14.0091	-42.8905	35.4376	-1.19039
48	55	13.8888	-43.038	35.5303	-1.19508
48	56	13.7842	-43.1981	35.6412	-1.19946
48	57	13.6947	-43.3718	35.7708	-1.20355
48	58	13.6174	-43.5538	35.9132	-1.20738
48	59	13.5481	-43.7399	36.0627	-1.21101
48	60	13.4834	-43.9274	36.2157	-1.2145
48	61	13.4219	-44.1153	36.3705	-1.21789
48	62	13.3625	-44.3038	36.5271	-1.2212
48	63	13.3062	-44.494	36.6867	-1.22442
48	64	13.2531	-44.6859	36.8493	-1.22754
48	65	13.203	-44.879	37.0145	-1.23057
48	66	13.1562	-45.0728	37.1817	-1.2335
48	67	13.1134	-45.2669	37.3509	-1.2363
48	68	13.0739	-45.4606	37.521	-1.23899
48	69	13.0365	-45.6537	37.6915	-1.24159
48	70	13.0023	-45.848	37.8645	-1.24411
48	71	12.9711	-46.0438	38.04	-1.24654
48	72	12.9431	-46.241	38.2181	-1.24888
48	73	12.9184	-46.4393	38.3985	-1.25112
48	74	12.8978	-46.638	38.5807	-1.25324
48	75	12.8825	-46.8366	38.7647	-1.25522
48	76	12.8715	-47.034	38.949	-1.25706
48	77	12.8628	-47.2298	39.1326	-1.25882
48	78	12.8552	-47.4245	39.3157	-1.26052
48	79	12.8502	-47.6202	39.5005	-1.26215
48	80	12.8478	-47.8171	39.6874	-1.26372
48	81	12.8475	-48.0153	39.8763	-1.26523
48	82	12.8469	-48.2144	40.066	-1.26674
48	83	12.8493	-48.4132	40.2565	-1.26816
48	84	12.8569	-48.6117	40.4482	-1.26944
48	85	12.8687	-48.8087	40.64	-1.2706
48	86	12.883	-49.0043	40.831	-1.27168
48	87	12.8986	-49.1987	41.0215	-1.27272
48	88	12.9153	-49.3929	41.212	-1.27372
48	89	12.9357	-49.5882	41.4047	-1.27463
48	90	12.9605	-49.7839	41.5992	-1.27543
48	91	12.9899	-49.9793	41.7947	-1.27612
48	92	13.023	-50.1733	41.99	-1.2767
48	93	13.0586	-50.3654	42.1841	-1.27721
48	94	13.0961	-50.5552	42.3767	-1.27767
48	95	13.1367	-50.7442	42.5693	-1.27803
48	96	13.1801	-50.9326	42.7622	-1.27833
48	97	13.2255	-51.1207	42.9554	-1.27859
48	98	13.2703	-51.3089	43.1485	-1.27885
48	99	13.3169	-51.4957	43.3408	-1.27906
48	100	13.3671	-51.6791	43.531	-1.27917
48	101	13.427	-51.8555	43.7171	-1.27901
48	102	13.5085	-52.0054	43.8842	-1.27822
48	103	13.6144	-52.1373	44.041	-1.27678
48	104	13.7464	-52.2475	44.1849	-1.27464
48	105	13.8936	-52.3452	44.3214	-1.27211
48	106	14.059	-52.4347	44.4558	-1.26915
48	107	14.2488	-52.5189	44.5929	-1.26564
48	108	14.4711	-52.6009	44.7382	-1.26145
48	109	14.7359	-52.6834	44.898	-1.25639
48	110	15.0075	-52.7541	45.0499	-1.25115
48	111	15.2857	-52.8092	45.1903	-1.24568
48	112	15.5675	-52.8455	45.3154	-1.24005
48	113	15.8491	-52.8643	45.4254	-1.23432
48	114	16.129	-52.8693	45.5233	-1.22855
48	115	16.4082	-52.8632	45.612	-1.22274
48	116	16.6882	-52.8455	45.6916	-1.21685
48	117	16.969	-52.8138	45.7601	-1.21085
48	118	17.2484	-52.7662	45.8148	-1.20478
48	119	17.5239	-52.7035	45.8557	-1.19868
48	120	17.7949	-52.6286	45.8853	-1.19258
48	121	18.0624	-52.5431	45.9055	-1.18648
48	122	18.3278	-52.4462	45.916	-1.18033
48	123	18.5904	-52.3349	45.9139	-1.17412
48	124	18.847	-52.2072	45.8962	-1.16789
48	125	19.0948	-52.0648	45.8632	-1.1617
48	126	19.3335	-51.9112	45.8181	-1.15559
48	127	19.565	-51.7487	45.7637	-1.14953
48	128	19.7909	-51.577	45.7002	-1.14348
48	129	20.0102	-51.3938	45.6251	-1.13744
48	130	20.2184	-51.196	45.5339	-1.13146
48	131	20.418	-50.9901	45.4332	-1.12556
48	132	20.6077	-50.7769	45.3232	-1.11976
48	133	20.7889	-50.557	45.2051	-1.11403
48	134	20.9625	-50.3292	45.078	-1.10834
48	135	21.1273	-50.0919	44.9398	-1.10271
48	136	21.2805	-49.845	44.7892	-1.09717
48	137	21.4205	-49.5908	44.6275	-1.09178
48	138	21.5484	-49.3318	44.4572	-1.08654
48	139	21.6662	-49.0681	44.2793	-1.08141
48	140	21.7743	-48.7982	44.0925	-1.07637
48	141	21.8704	-48.5206	43.8942	-1.07144
48	142	21.9513	-48.2363	43.6839	-1.0667
48	143	22.0164	-47.9491	43.4643	-1.0622
48	144	22.0684	-47.6617	43.239	-1.05791
48	145	22.1108	-47.3737	43.0093	-1.05377
48	146	22.1446	-47.0835	42.774	-1.04973
48	147	22.1679	-46.7893	42.5307	-1.04581
48	148	22.1777	-46.4916	42.2784	-1.04208
48	149	22.1727	-46.1934	42.0186	-1.0386
48	150	22.1546	-45.8972	41.7544	-1.03537
48	151	22.1261	-45.6027	41.4868	-1.03234
48	152	22.088	-45.3083	41.2146	-1.02947
49	0	-12.4958	-45.8357	38.2535	-1.92721
49	1	-12.4774	-45.61	38.0356	-1.92882
49	2	-12.4612	-45.386	37.8202	-1.9305
49	3	-12.4459	-45.1636	37.6067	-1.9322
49	4	-12.4293	-44.9418	37.3934	-1.93388
49	5	-12.4112	-44.7192	37.179	-1.93555
49	6	-12.3943	-44.4948	36.9634	-1.93729
49	7	-12.3806	-44.2684	36.7472	-1.93915
49	8	-12.3726	-44.0412	36.5324	-1.94118
49	9	-12.3725	-43.8149	36.3214	-1.94344
49	10	-12.3833	-43.5904	36.1165	-1.94598
49	11	-12.4096	-43.3676	35.919	-1.94893
49	12	-12.455	-43.1419	35.7262	-1.95245
49	13	-12.5208	-42.9118	35.5375	-1.95658
49	14	-12.6073	-42.6847	35.3599	-1.96126
49	15	-12.7106	-42.4705	35.2016	-1.96629
49	16	-12.8302	-42.2641	35.0578	-1.9717
49	17	-12.9627	-42.0652	34.9269	-1.97742
49	18	-13.1047	-41.8741	34.8082	-1.98334
49	19	-13.2537	-41.6892	34.6992	-1.98941
49	20	-13.4075	-41.51	34.5986	-1.99558
49	21	-13.5648	-41.3354	34.505	-2.00182
49	22	-13.7309	-41.1709	34.4257	-2.0082
49	23	-13.9075	-41.0202	34.3647	-2.01471
49	24	-14.0974	-40.8836	34.3237	-2.02141
49	25	-14.3017	-40.7627	34.3046	-2.02831
49	26	-14.5019	-40.6718	34.3122	-2.03471
49	27	-14.6971	-40.6139	34.3483	-2.04055
49	28	-14.8899	-40.5856	34.411	-2.04592
49	29	-15.0813	-40.5766	34.4909	-2.05097
49	30	-15.2716	-40.5773	34.5798	-2.05585
49	31	-15.4621	-40.5821	34.6732	-2.06064
49	32	-15.651	-40.5903	34.7698	-2.06532
49	33	-15.8398	-40.6	34.8683	-2.06996
49	34	-16.0296	-40.6103	34.9685	-2.07458
49	35	-16.2209	-40.6206	35.0704	-2.07922
49	36	-16.4139	-40.6313	35.174	-2.08386
49	37	-16.6077	-40.6423	35.2791	-2.0885
49	38	-16.801	-40.6565	35.3875	-2.09304
49	39	-16.9953	-40.6696	35.4961	-2.0976
49	40	-17.1901	-40.6775	35.6012	-2.10222
49	41	-17.3857	-40.6788	35.7019	-2.10693
49	42	-17.5827	-40.6764	35.8009	-2.11169
49	43	-17.7821	-40.6764	35.9039	-2.11645
49	44	-17.984	-40.6737	36.0069	-2.12128
49	45	-18.1882	-40.6664	36.1078	-2.12621
49	46	-18.3937	-40.6544	36.2065	-2.13121
49	47	-18.5995	-40.6379	36.3023	-2.13625
49	48	-18.8056	-40.6187	36.397	-2.14131
49	49	-19.0125	-40.6013	36.4946	-2.14634
49	50	-19.2203	-40.5791	36.5896	-2.15144
49	51	-19.4292	-40.5486	36.6791	-2.15666
49	52	-19.639	-40.5096	36.7632	-2.162
49	53	-19.8494	-40.4635	36.8427	-2.16744
49	54	-20.0627	-40.4329	36.9377	-2.17268
49	55	-20.2257	-40.4932	37.0799	-2.17538
49	56	-20.3703	-40.5977	37.2481	-2.17698
49	57	-20.4985	-40.7256	37.4263	-2.17785
49	58	-20.6187	-40.8704	37.6138	-2.17828
49	59	-20.7337	-41.0367	37.816	-2.17826
49	60	-20.8462	-41.2309	38.0396	-2.17778
49	61	-20.9595	-41.46	38.2924	-2.1768
49	62	-21.0786	-41.732	38.5839	-2.17532
49	63	-21.1897	-42.0061	38.8727	-2.17366
49	64	-21.294	-42.2831	39.16	-2.17185
49	65	-21.3901	-42.565	39.4469	-2.16981
49	66	-21.4744	-42.8527	39.7321	-2.16748
49	67	-21.5439	-43.144	40.0123	-2.16483
49	68	-21.5987	-43.4355	40.2848	-2.16191
49	69	-21.6422	-43.7255	40.55	-2.15881
49	70	-21.6768	-44.0148	40.8101	-2.15558
49	71	-21.7026	-44.3053	41.0668	-2.1522
49	72	-21.7174	-44.5978	41.3196	-2.14862
49	73	-21.7191	-44.8907	41.5662	-2.1448
49	74	-21.7077	-45.1812	41.8043	-2.1408
49	75	-21.686	-45.4679	42.0343	-2.13668
49	76	-21.6567	-45.7514	42.2583	-2.1325
49	77	-21.6205	-46.0336	42.4782	-2.12824
49	78	-21.5757	-46.3158	42.6944	-2.12385
49	79	-21.5192	-46.5978	42.9051	-2.11928
49	80	-21.4484	-46.8773	43.1072	-2.1145
49	81	-21.3639	-47.151	43.2983	-2.10956
49	82	-21.2685	-47.4179	43.479	-2.10453
49	83	-21.1647	-47.6791	43.6515	-2.09944
49	84	-21.0526	-47.9364	43.8178	-2.09426
49	85	-20.93	-48.1904	43.9771	-2.08896
49	86	-20.7943	-48.4397	44.1271	-2.08349
49	87	-20.6449	-48.6808	44.2647	-2.07788
49	88	-20.4844	-48.9116	44.3892	-2.07219
49	89	-20.3158	-49.1327	44.5028	-2.06648
49	90	-20.1408	-49.3464	44.6082	-2.06075
49	91	-19.9589	-49.5544	44.7069	-2.05497
49	92	-19.7698	-49.758	44.7998	-2.04912
49	93	-19.5675	-49.9505	44.8784	-2.04315
49	94	-19.3547	-50.1307	44.9429	-2.03711
49	95	-19.1347	-50.2981	44.9943	-2.03107
49	96	-18.9103	-50.4548	45.0358	-2.02506
49	97	-18.6824	-50.6034	45.0702	-2.01907
49	98	-18.4499	-50.7452	45.0981	-2.01306
49	99	-18.2108	-50.8791	45.1175	-2.007
49	100	-17.9635	-51.002	45.1253	-2.00088
49	101	-17.7091	-51.1106	45.1188	-1.99475
49	102	-17.4505	-51.2043	45.0987	-1.98867
49	103	-17.19	-51.2852	45.0677	-1.98266
49	104	-16.9281	-51.3558	45.0283	-1.9767
49	105	-16.6634	-51.417	44.9808	-1.97076
49	106	-16.3949	-51.4672	44.9233	-1.96482
49	107	-16.1228	-51.5037	44.8533	-1.9589
49	108	-15.8493	-51.5249	44.7702	-1.95307
49	109	-15.5769	-51.5321	44.676	-1.94735
49	110	-15.3064	-51.528	44.5735	-1.94174
49	111	-15.0372	-51.5146	44.4641	-1.93621
49	112	-14.7683	-51.4919	44.3474	-1.93073
49	113	-14.4997	-51.4577	44.2214	-1.92531
49	114	-14.2671	-51.4104	44.0968	-1.92074
49	115	-14.0629	-51.3481	43.9686	-1.91686
49	116	-13.8808	-51.27	43.8337	-1.91356
49	117	-13.7168	-51.1742	43.6885	-1.91076
49	118	-13.5802	-51.049	43.525	-1.90876
49	119	-13.4743	-50.899	43.3484	-1.90761
49	120	-13.3979	-50.7135	43.148	-1.90735
49	121	-13.3388	-50.5164	42.9424	-1.90757
49	122	-13.2865	-50.3175	42.7375	-1.90795
49	123	-13.2362	-50.118	42.5326	-1.90839
49	124	-13.1837	-49.9182	42.3267	-1.90878
49	125	-13.1319	-49.7163	42.119	-1.90921
49	126	-13.0809	-49.5116	41.9091	-1.90969
49	127	-13.0321	-49.3041	41.6971	-1.91024
49	128	-12.9864	-49.0944	41.4841	-1.91088
49	129	-12.944	-48.8836	41.2713	-1.91162
49	130	-12.9043	-48.6725	41.0591	-1.91242
49	131	-12.8661	-48.4613	40.8473	-1.91327
49	132	-12.8286	-48.2491	40.6349	-1.91416
49	133	-12.7918	-48.0354	40.4212	-1.91508
49	134	-12.7561	-47.8196	40.2061	-1.91606
49	135	-12.7224	-47.6023	39.9902	-1.9171
49	136	-12.6909	-47.3844	39.7746	-1.91822
49	137	-12.6612	-47.1665	39.5596	-1.91939
49	138	-12.6323	-46.9487	39.3451	-1.92059
49	139	-12.6029	-46.7303	39.1298	-1.92179
49	140	-12.5726	-46.5102	38.9127	-1.92301
49	141	-12.5438	-46.2874	38.6937	-1.92429
49	142	-12.5179	-46.0621	38.4734	-1.92569
