0 1 0 114.023 2.57391 0 1.3587 1.99204 -1938783484 0 0 57.9454 0 725000 0 0
1 1 0 110.608 2.95925 0 1.35266 0 1585 0 0 57.152 0 725000 0 0
2 1 0 72.1194 2.38736 -1 1.17132 6.97285 15 0 0 55.8285 0 725000 0 0
3 1 0 89.2813 3.04261 -1 1.29024 2.46639 964 0 0 54.582 0 725000 0 0
4 1 0 76.8758 2.40285 -1 1.17949 12.2115 1016 0 0 51.4012 0 725000 0 0
5 1 0 107.171 0.100933 0 1.52287 4.76474 60 0 0 47.872 0 725000 0 0
6 1 0 101.044 2.3144 0 1.07223 17.8374 463 0 0 45.7422 0 725000 0 0
7 1 0 82.8284 1.00916 -1 1.37606 11.6183 15 0 0 43.056 0 725000 0 0
8 1 1 83.6757 1.85608 -1 1.21787 25.7276 2037 0 0 40.9874 0 725000 0 0
9 1 1 84.9487 1.07529 -1 1.2392 19.5346 2091 0 0 39.1527 0 725000 0 0
10 2 0 97.18 1.4278 0 1.24607 9.91067 2154 0 0 67.1972 0 725000 0 0
11 2 0 99.4524 1.22216 0 1.09772 12.5714 103 0 0 65.41 0 725000 0 0
12 2 0 95.7578 0.566821 0 1.11646 9.60677 221 0 0 64.1199 0 725000 0 0
13 2 0 88.0999 2.27805 0 1.11258 17.1001 339 0 0 59.3673 0 725000 0 0
14 2 0 92.2873 2.8598 0 1.33818 11.1745 449 0 0 56.6318 0 725000 0 0
15 2 0 72.4868 2.14439 -1 1.16217 22.475 537 0 0 52.5733 0 725000 0 0
16 2 0 94.9678 0.958726 0 1.2851 15.1175 4267 0 0 49.638 0 725000 0 0
17 2 1 79.7138 1.99523 -1 1.40809 28.9307 116 0 0 46.0653 0 725000 0 0
18 2 1 77.4989 1.14052 -1 1.50085 22.9257 -1940022427 0 0 43.9835 0 725000 0 0
19 3 0 74.7227 1.39488 -1 1.40696 21.9146 0 0 0 77.428 85.6293 725000 0 0
20 3 0 94.4313 1.49445 0 1.15258 20.2751 0 0 0 76.8944 83.7798 725000 0 0
21 3 0 73.5706 1.33094 -1 1.25653 23.9521 0 0 0 68.6002 81.6174 725000 0 0
22 3 0 92.59 1.59634 1.5708 1.35605 19.863 0 0 0 66.3846 76.524 725000 0 0
23 3 0 73.4083 2.15072 -1 1.1671 27.6842 0 0 0 59.5189 74.5395 725000 0 0
24 3 0 93.3317 0.621694 0 1.10032 21.9151 0 0 0 57.1527 68.7618 725000 0 0
25 3 1 78.2968 2.06785 -1 1.24574 32.9431 0 0 0 51.603 66.8104 725000 0 0
26 3 1 70.5965 1.00399 -1 1.38395 26.3239 0 0 0 49.6439 61.7363 725000 0 0
27 4 0 92.2874 1.47761 1.5708 1.33655 31.5374 0 0 0 75.4653 101.393 725000 0 0
28 4 0 68.1772 1.34945 -1 1.55166 33.0792 0 0 0 70.8698 96.571 725000 0 0
29 4 0 90.4647 1.50881 1.5708 1.41238 31.0417 0 0 0 70.2578 91.4313 725000 0 0
30 4 0 85.2057 1.31613 0 1.36352 35.3275 0 0 0 63.0599 85.7982 725000 0 0
31 4 0 87.8529 1.53671 0 1.24639 31.0725 0 0 0 61.6866 79.6475 725000 0 0
32 4 1 56.3202 2.33622 -1 1.23752 38.0959 0 0 0 55.2563 74.8911 725000 0 0
33 4 1 80.1712 0.664767 -1 1.20954 32.6608 0 0 0 53.6794 69.7138 725000 0 0
34 5 0 85.0005 1.41121 1.5708 1.42607 42.7259 0 0 0 63.4539 98.8982 725000 0 0
35 5 0 66.5406 1.47382 -1 1.54855 42.4586 0 0 0 62.43 94.3231 725000 0 0
36 5 0 67.8977 1.43424 -1 1.37049 44.6211 0 0 0 59.4382 89.1744 725000 0 0
37 5 0 87.0812 1.45512 1.5708 1.55585 42.1107 0 0 0 58.5928 84.1394 725000 0 0
38 5 1 80.7654 2.58977 -1 1.10402 45.6734 0 0 0 54.1796 78.0777 725000 0 0
39 5 1 78.9245 0.344343 -1 1.10862 41.6765 0 0 0 52.8376 73.0215 725000 0 0
40 6 0 57.4469 1.48209 -1 1.39207 52.2702 0 0 0 54.3968 84.0899 725000 0 0
41 6 0 93.9112 1.45946 1.5708 1.35271 54.7826 0 0 0 52.3091 80.7808 725000 0 0
42 6 0 97.8557 1.51554 1.5708 1.35877 53.8281 0 0 0 51.2619 77.4729 725000 0 0
43 6 1 85.5356 2.78176 -1 1.11458 54.41 0 0 0 50.4339 75.968 725000 0 0
44 6 1 87.7166 0.08603 -1 1.04719 51.769 0 0 0 48.8431 71.0481 725000 0 0
45 7 0 102.409 1.50447 -1 1.49806 64.1947 0 0 0 45.0619 69.2093 725000 0 0
46 7 0 91.3693 1.6249 0 1.34958 66.08 0 0 0 43.8733 67.3955 725000 0 0
47 7 0 95.3685 1.3912 1.5708 1.26511 65.0325 0 0 0 43.0016 65.064 725000 0 0
48 7 1 81.6702 1.57983 -1 1.12366 63.9988 0 0 0 44.2211 67.2502 725000 0 0
49 7 1 65.0051 1.4421 -1 1.21283 61.2963 0 0 0 43.1693 63.9708 725000 0 0
