0 1 0 112.643 3.08172 0 1.34425 1.64474 -1938783484 0 0 58.221 0 585000 0 0
1 1 0 110.098 2.91793 0 1.31403 0 1585 0 0 57.6112 0 585000 0 0
2 1 0 71.3668 2.31717 -1 1.17537 6.43491 15 0 0 56.0106 0 585000 0 0
3 1 0 87.9171 3.13533 -1 1.21593 2.43371 964 0 0 54.9008 0 585000 0 0
4 1 0 76.9785 2.41857 -1 1.20396 11.6747 1016 0 0 51.4817 0 585000 0 0
5 1 0 106.205 0.0439489 0 1.5248 4.87562 60 0 0 48.457 0 585000 0 0
6 1 0 103.988 2.31782 0 1.10394 17.0911 463 0 0 45.7501 0 585000 0 0
7 1 0 85.8309 0.914914 -1 1.3989 11.6096 15 0 0 43.3819 0 585000 0 0
8 1 1 83.8915 1.94568 -1 1.19106 24.7791 2037 0 0 40.7688 0 585000 0 0
9 1 1 84.3203 1.16491 -1 1.22313 19.4129 2091 0 0 39.1573 0 585000 0 0
10 2 0 95.4213 1.49741 0 1.28917 9.90015 2154 0 0 67.8853 0 585000 0 0
11 2 0 100.44 1.35197 0 1.12143 12.4681 103 0 0 65.7135 0 585000 0 0
12 2 0 96.2907 2.87219 0 1.09339 9.76604 221 0 0 64.6708 0 585000 0 0
13 2 0 89.7123 2.34485 0 1.13387 16.9135 339 0 0 59.5304 0 585000 0 0
14 2 0 92.0171 2.87961 0 1.31509 11.3134 449 0 0 57.2795 0 585000 0 0
15 2 0 71.6868 2.14955 -1 1.20913 22.0277 537 0 0 52.3319 0 585000 0 0
16 2 0 92.8652 0.842566 0 1.2677 15.0028 4267 0 0 50.1097 0 585000 0 0
17 2 1 79.3287 2.03561 -1 1.37586 28.2116 116 0 0 45.8872 0 585000 0 0
18 2 1 79.4005 1.11963 -1 1.46109 22.4828 -1940022427 0 0 44.1029 0 585000 0 0
19 3 0 75.8792 1.44308 -1 1.45885 21.8987 0 0 0 77.4406 86.4017 585000 0 0
20 3 0 91.9285 1.48894 1.5708 1.37255 20.4741 0 0 0 77.5902 84.9606 585000 0 0
21 3 0 73.5059 1.36886 -1 1.25185 23.996 0 0 0 68.4191 82.0826 585000 0 0
22 3 0 90.8975 1.65199 0 1.09538 19.9369 0 0 0 67.1732 77.8922 585000 0 0
23 3 0 72.0924 2.21352 -1 1.1405 27.3454 0 0 0 59.1043 74.156 585000 0 0
24 3 0 87.0037 2.99246 0 1.22601 21.6084 0 0 0 57.4678 69.4335 585000 0 0
25 3 1 76.5131 2.10369 -1 1.26705 32.4377 0 0 0 51.1589 66.1324 585000 0 0
26 3 1 70.9521 1.02285 -1 1.35065 25.92 0 0 0 49.571 61.8349 585000 0 0
27 4 0 92.1429 1.4742 1.5708 1.31274 31.8999 0 0 0 74.7392 102.926 585000 0 0
28 4 0 68.6538 1.39159 -1 1.5288 33.3344 0 0 0 70.1046 96.612 585000 0 0
29 4 0 91.4768 1.49089 1.5708 1.45296 31.1824 0 0 0 70.0634 92.555 585000 0 0
30 4 0 84.8953 1.37591 1.5708 1.4639 35.174 0 0 0 62.5176 84.971 585000 0 0
31 4 0 92.8166 1.24383 0 1.41421 30.8216 0 0 0 61.9127 80.4578 585000 0 0
32 4 1 57.7358 2.35063 -1 1.21834 37.4584 0 0 0 54.8383 74.0454 585000 0 0
33 4 1 83.9333 0.665525 -1 1.15592 32.016 0 0 0 54.0917 70.2741 585000 0 0
34 5 0 84.8863 1.42682 1.5708 1.38445 42.9833 0 0 0 62.7154 97.2502 585000 0 0
35 5 0 66.4894 1.50682 -1 1.5258 42.7822 0 0 0 61.8253 93.752 585000 0 0
36 5 0 67.1768 1.44108 -1 1.35667 44.6941 0 0 0 58.8962 87.8935 585000 0 0
37 5 0 89.3416 1.48419 1.5708 1.5218 42.3022 0 0 0 58.1441 83.8531 585000 0 0
38 5 1 79.3538 2.62233 -1 1.10396 45.3878 0 0 0 53.8112 77.1782 585000 0 0
39 5 1 80.1542 0.32655 -1 1.04271 41.7387 0 0 0 52.5118 72.8001 585000 0 0
40 6 0 56.9908 1.41633 -1 1.40105 52.2726 0 0 0 54.0878 83.4253 585000 0 0
41 6 0 94.4874 1.5078 0 1.2379 54.8236 0 0 0 51.7791 79.5423 585000 0 0
42 6 0 98.4605 1.48367 1.5708 1.34058 54.0267 0 0 0 51.0147 77.098 585000 0 0
43 6 1 82.6988 2.76772 -1 1.12685 54.1866 0 0 0 49.9457 74.7586 585000 0 0
44 6 1 90.6241 0.129349 -1 1.01891 52.1402 0 0 0 48.5616 70.7926 585000 0 0
45 7 0 101.632 1.53523 -1 1.50152 64.3435 0 0 0 44.7544 68.5388 585000 0 0
46 7 0 91.9003 1.65935 1.5708 1.36049 65.7671 0 0 0 43.6231 66.715 585000 0 0
47 7 0 96.944 1.34134 1.5708 1.16424 64.8722 0 0 0 43.0035 64.993 585000 0 0
48 7 1 81.6299 1.61843 -1 1.13108 63.729 0 0 0 43.8891 66.38 585000 0 0
49 7 1 63.1238 1.50414 -1 1.14765 61.6363 0 0 0 42.8434 63.475 585000 0 0
