0 1 0 96.565 2.53373 0 1.19828 1.57011 0 0 0 59.5725 0 150000 0 1.71475
1 1 0 82.1373 0.220395 0 1.07015 0 1 0 0 59.1092 0 150000 0 1.42684
2 1 0 65.8405 1.30222 -1 1.19065 6.61957 2 0 0 59.2936 0 150000 0 1.93933
3 1 0 71.3576 1.65996 -1 1.22766 1.22608 3 0 0 57.4235 0 150000 0 1.61777
4 1 0 73.9314 1.65039 -1 1.14506 8.95904 4 0 0 54.5801 0 150000 0 1.90257
5 1 0 99.8838 3.0105 0 1.2723 1.35619 5 0 0 51.6741 0 150000 0 1.60233
6 1 0 89.8402 2.0182 0 1.2397 10.3881 6 0 0 49.3763 0 150000 0 1.86476
7 1 0 98.0147 0.69133 0 1.09076 4.94866 7 0 0 46.0799 0 150000 0 1.69466
8 1 1 86.9623 2.22716 -1 1.20708 15.331 8 0 0 44.2334 0 150000 0 1.91434
9 1 1 83.1034 1.009 -1 1.19906 11.1004 9 0 0 41.8634 0 150000 0 1.80671
10 2 0 74.1709 1.99158 0 1.15992 9.36599 10 0 0 68.5543 0 150000 0 0
11 2 0 66.3543 2.27673 -1 1.23953 12.447 11 0 0 67.8641 0 150000 0 0
12 2 0 78.8502 1.64847 -1 1.35079 9.98528 12 0 0 67.1128 0 150000 0 0
13 2 0 76.3407 2.37573 -1 1.21741 16.7908 13 0 0 62.4508 0 150000 0 0
14 2 0 86.178 1.69232 0 1.15282 10.2915 14 0 0 60.7684 0 150000 0 0
15 2 0 76.8594 1.39894 -1 1.20583 19.3553 15 0 0 55.0212 0 150000 0 0
16 2 0 84.6106 1.87261 0 1.14544 11.9675 16 0 0 53.4522 0 150000 0 0
17 2 1 84.8602 2.42097 -1 1.22326 21.9501 17 0 0 49.2022 0 150000 0 0
18 2 1 91.0841 0.888595 -1 1.28646 16.4813 18 0 0 47.3473 0 150000 0 0
19 3 0 69.5522 1.93837 0 1.31871 20.0665 19 0 0 78.1688 86.8468 150000 0 0
20 3 0 86.0636 1.5881 0 1.56293 20.1353 20 0 0 78.4888 86.9723 150000 0 0
21 3 0 73.9186 2.17953 1.5708 1.35228 23.8153 21 0 0 69.2713 83.7959 150000 0 0
22 3 0 87.2925 1.63158 -1 1.66147 21.5072 22 0 0 69.7183 82.4342 150000 0 0
23 3 0 80.2753 2.39861 0 1.15003 27.5407 23 0 0 59.9634 75.6989 150000 0 0
24 3 0 92.4645 1.6349 1.5708 1.90295 21.5902 24 0 0 60.8469 73.5197 150000 0 0
25 3 1 60.0137 1.27242 -1 1.12022 29.848 25 0 0 52.9071 67.5542 150000 0 0
26 3 1 88.4356 1.21878 -1 1.22709 23.6168 26 0 0 53.2952 65.8256 150000 0 0
27 4 0 88.9479 1.60269 1.5708 2.17565 31.6856 27 0 0 74.0721 105.208 150000 0 0
28 4 0 82.0582 1.54432 0 1.68996 32.4244 28 0 0 70.0985 95.997 150000 0 0
29 4 0 81.9908 1.60247 0 1.36844 32.3081 29 0 0 70.5529 96.3774 150000 0 0
30 4 0 74.4386 1.46515 1.5708 1.78146 35.8316 30 0 0 62.1568 85.0452 150000 0 0
31 4 0 70.36 1.55371 -1 1.59185 33.2411 31 0 0 63.5541 84.7298 150000 0 0
32 4 1 81.3026 1.34953 -1 1.07682 37.9405 32 0 0 54.8591 74.3257 150000 0 0
33 4 1 69.8826 1.8172 -1 1.04926 32.7867 33 0 0 56.6346 74.1013 150000 0 0
34 5 0 58.4544 1.63236 -1 1.79521 43.7052 34 0 0 61.4485 93.67 150000 0 0
35 5 0 78.7461 1.61851 1.5708 1.85309 44.1859 35 0 0 61.3796 93.7964 150000 0 0
36 5 0 76.6211 1.53104 1.5708 1.57131 45.0078 36 0 0 57.8998 85.5029 150000 0 0
37 5 0 89.5695 1.49954 0 1.25926 43.611 37 0 0 58.9819 86.6407 150000 0 0
38 5 1 62.9941 1.47917 -1 1.08603 46.3162 38 0 0 53.2175 76.1288 150000 0 0
39 5 1 83.0094 1.60612 -1 1.21718 42.7011 39 0 0 54.7571 76.9912 150000 0 0
40 6 0 62.0463 1.57978 -1 1.52908 54.5392 40 0 0 52.7593 80.5983 150000 0 0
41 6 0 77.1143 1.66678 1.5708 1.46526 55.089 41 0 0 51.3168 77.5617 150000 0 0
42 6 0 87.7358 1.48451 1.5708 1.35975 55.2328 42 0 0 51.167 77.4381 150000 0 0
43 6 1 59.6494 2.92679 -1 1.00832 54.9813 43 0 0 48.9838 72.3438 150000 0 0
44 6 1 96.8952 1.63892 -1 1.13741 53.6253 44 0 0 49.5247 73.0122 150000 0 0
45 7 0 74.4232 1.60112 1.5708 1.69745 65.2006 45 0 0 44.8839 68.1226 150000 0 0
46 7 0 88.3016 1.64615 1.5708 1.41089 65.3369 46 0 0 44.3595 67.0498 150000 0 0
47 7 0 70.6469 1.59714 1.5708 1.43789 65.5869 47 0 0 43.9097 66.2285 150000 0 0
48 7 1 82.2774 1.4944 1.5708 1.13301 64.2834 48 0 0 43.3661 64.6316 150000 0 0
49 7 1 87.9236 1.66509 1.5708 1.15452 64.0609 49 0 0 43.0218 63.9497 150000 0 0
