0 1 0 106.398 2.59499 0 1.29354 2.69753 0 0 0 58.68 0 410000 0 1.78562
1 1 0 105.4 0.165492 0 1.17748 0 1 0 0 57.13 0 410000 0 1.35597
2 1 0 72.7475 2.34382 -1 1.09738 8.70418 2 0 0 58.2058 0 410000 0 1.98291
3 1 0 76.6964 2.868 -1 1.08914 0.860704 3 0 0 54.3608 0 410000 0 1.56631
4 1 0 74.7368 1.31365 -1 1.12994 12.2559 4 0 0 53.3902 0 410000 0 1.97283
5 1 0 106.56 3.04495 0 1.35045 1.10031 5 0 0 48.393 0 410000 0 1.57718
6 1 0 94.5485 2.65804 0 1.07829 14.2826 6 0 0 47.718 0 410000 0 1.9338
7 1 0 98.4562 0.698198 0 1.03783 5.41505 7 0 0 43.3024 0 410000 0 1.6878
8 1 1 86.9199 2.11114 -1 1.20603 20.6439 8 0 0 42.668 0 410000 0 1.997
9 1 1 82.2465 1.04204 -1 1.18785 11.5368 9 0 0 39.5622 0 410000 0 1.79434
10 2 0 97.7945 2.51774 0 1.08637 10.0615 10 0 0 67.229 0 410000 0 0
11 2 0 82.4988 2.18979 -1 1.19961 14.0998 11 0 0 67.1968 0 410000 0 0
12 2 0 84.5829 1.5767 -1 1.29887 9.77632 12 0 0 64.2818 0 410000 0 0
13 2 0 80.9273 2.29656 -1 1.15976 19.2974 13 0 0 61.4734 0 410000 0 0
14 2 0 94.7128 2.7084 0 1.18598 9.71286 14 0 0 57.5561 0 410000 0 0
15 2 0 79.6262 1.30448 -1 1.1574 22.4592 15 0 0 53.4944 0 410000 0 0
16 2 0 96.4454 0.747648 0 1.09024 11.9897 16 0 0 50.6415 0 410000 0 0
17 2 1 86.7072 2.25201 -1 1.26528 25.9872 17 0 0 47.6245 0 410000 0 0
18 2 1 88.4622 0.900857 -1 1.23188 16.9522 18 0 0 44.8683 0 410000 0 0
19 3 0 85.8777 1.29464 0 1.29638 21.5662 19 0 0 78.8766 85.8008 410000 0 0
20 3 0 94.0541 1.58298 0 1.60045 20.9067 20 0 0 76.102 83.8486 410000 0 0
21 3 0 89.4141 1.11418 0 1.1261 26.1588 21 0 0 69.8641 84.9456 410000 0 0
22 3 0 89.6208 1.62483 -1 1.69908 21.0214 22 0 0 67.2397 78.2312 410000 0 0
23 3 0 87.2735 1.16264 0 1.05956 30.18 23 0 0 59.2542 75.8298 410000 0 0
24 3 0 95.4133 1.69691 0 1.47068 21.0897 24 0 0 58.7647 70.1012 410000 0 0
25 3 1 60.4362 1.10645 -1 1.06963 33.1586 25 0 0 51.3046 66.6198 410000 0 0
26 3 1 86.2826 1.95748 -1 1.09947 23.5877 26 0 0 51.3406 62.7487 410000 0 0
27 4 0 92.8868 1.53699 1.5708 2.33852 34.2948 27 0 0 72.6716 105.184 410000 0 0
28 4 0 92.9325 1.4665 1.5708 2.06968 35.3278 28 0 0 69.8745 100.103 410000 0 0
29 4 0 96.3523 1.58703 0 1.63157 33.7034 29 0 0 68.7032 93.2238 410000 0 0
30 4 0 94.3553 1.36814 0 1.20442 38.2135 30 0 0 61.5924 86.5168 410000 0 0
31 4 0 75.6891 1.61543 -1 1.79972 33.0554 31 0 0 62.1114 81.8084 410000 0 0
32 4 1 85.479 1.26088 -1 1.13317 40.6684 32 0 0 53.8237 74.1552 410000 0 0
33 4 1 74.4653 1.75065 -1 1.15647 32.2959 33 0 0 55.3998 71.864 410000 0 0
34 5 0 63.8793 1.52036 -1 1.8113 48.0456 34 0 0 58.5855 90.9754 410000 0 0
35 5 0 89.7379 1.52414 1.5708 1.99643 47.5646 35 0 0 58.0426 89.0912 410000 0 0
36 5 0 86.5248 1.53695 1.5708 1.51212 48.5473 36 0 0 56.2427 85.2791 410000 0 0
37 5 0 99.7705 1.50755 0 1.58932 46.0893 37 0 0 56.3424 83.0255 410000 0 0
38 5 1 69.0938 1.3789 -1 1.17786 49.1336 38 0 0 52.2238 76.5046 410000 0 0
39 5 1 92.5321 1.58333 -1 1.38409 43.5973 39 0 0 53.032 74.555 410000 0 0
40 6 0 70.8633 1.59829 -1 1.62316 59.6257 40 0 0 48.8549 75.3406 410000 0 0
41 6 0 86.2632 1.77617 1.5708 1.53049 59.6504 41 0 0 48.3101 74.2052 410000 0 0
42 6 0 104.905 1.49763 1.5708 1.49497 60.0803 42 0 0 47.0751 71.6781 410000 0 0
43 6 1 64.2856 1.42944 -1 1.12459 58.672 43 0 0 47.0705 71.006 410000 0 0
44 6 1 102.475 1.52479 -1 1.24306 56.43 44 0 0 46.6393 69.0551 410000 0 0
45 7 0 80.9551 1.62139 1.5708 1.82969 71.401 45 0 0 40.4565 61.8795 410000 0 0
46 7 0 101.976 1.74267 1.5708 1.44375 71.2098 46 0 0 40.5211 61.9701 410000 0 0
47 7 0 71.8633 1.45021 1.5708 1.43821 71.7613 47 0 0 39.4224 59.8123 410000 0 0
48 7 1 86.7166 1.61615 1.5708 1.20525 68.8824 48 0 0 40.8354 61.8641 410000 0 0
49 7 1 92.0288 1.50363 1.5708 1.26342 68.2115 49 0 0 39.7997 59.5477 410000 0 0
