0 1 0 111.181 3.06291 0 1.36842 1.75693 46 0 0 57.861 0 710000 0 0
1 1 0 108.362 2.95107 0 1.34658 0 646695920 0 0 57.179 0 710000 0 0
2 1 0 72.9979 2.26598 -1 1.21605 7.22284 647276880 0 0 56.2159 0 710000 0 0
3 1 0 91.2063 3.03471 -1 1.28874 2.3551 15 0 0 54.5926 0 710000 0 0
4 1 0 76.3189 2.36358 -1 1.16364 12.6959 -1033510839 0 0 51.9215 0 710000 0 0
5 1 0 104.204 0.511717 0 1.39958 5.20928 4 0 0 48.1666 0 710000 0 0
6 1 0 101.997 2.93335 0 1.21979 18.0229 15 0 0 46.037 0 710000 0 0
7 1 0 88.1374 0.999009 -1 1.40804 12.6814 103 0 0 43.6455 0 710000 0 0
8 1 1 83.7669 1.9058 -1 1.21335 25.4758 220 0 0 41.0335 0 710000 0 0
9 1 1 84.9711 1.03267 -1 1.21119 20.7359 648282896 0 0 39.5487 0 710000 0 0
10 2 0 95.2242 1.4978 0 1.29528 9.65119 648284336 0 0 67.1233 0 710000 0 0
11 2 0 97.1643 1.18913 0 1.10714 12.3247 15 0 0 65.6189 0 710000 0 0
12 2 0 95.1398 0.602785 0 1.15546 9.65886 103 0 0 63.7565 0 710000 0 0
13 2 0 92.8075 2.2095 0 1.13989 17.5808 220 0 0 60.2086 0 710000 0 0
14 2 0 90.3787 2.83946 0 1.37605 11.2549 9504 0 0 56.6368 0 710000 0 0
15 2 0 72.8061 2.17455 -1 1.16768 22.9252 9556 0 0 52.8529 0 710000 0 0
16 2 0 98.6251 1.04983 0 1.30648 15.9008 9618 0 0 50.3696 0 710000 0 0
17 2 1 79.3219 2.06269 -1 1.38638 28.9548 979 0 0 46.1658 0 710000 0 0
18 2 1 79.3424 1.11659 -1 1.4487 23.9433 861 0 0 44.4378 0 710000 0 0
19 3 0 77.6372 1.38077 -1 1.47997 21.7096 739 0 0 77.9034 85.5339 710000 0 0
20 3 0 93.6891 1.48155 1.5708 1.40248 20.4193 240 0 0 76.301 83.4657 710000 0 0
21 3 0 74.814 1.33046 -1 1.24263 24.2107 35 0 0 69.3586 82.3896 710000 0 0
22 3 0 95.1814 1.61905 0 1.10134 19.8989 356 0 0 66.2393 76.6851 710000 0 0
23 3 0 72.8121 2.21642 -1 1.1729 28.2441 465 0 0 59.781 75.1418 710000 0 0
24 3 0 88.7562 1.76574 1.5708 1.41346 22.7558 663 0 0 57.4492 69.5834 710000 0 0
25 3 1 77.63 2.11754 -1 1.23032 33.1888 773 0 0 51.4378 66.7014 710000 0 0
26 3 1 71.997 0.925851 -1 1.39693 27.4985 553 0 0 49.7904 62.3112 710000 0 0
27 4 0 92.2422 1.45794 1.5708 1.3321 31.9716 123 0 0 75.1008 101.36 710000 0 0
28 4 0 68.3161 1.38201 -1 1.53829 33.254 4182 0 0 71.1096 97.4362 710000 0 0
29 4 0 89.9153 1.51848 1.5708 1.48708 31.448 3384 0 0 69.5457 91.3568 710000 0 0
30 4 0 85.5594 1.37572 0 1.28841 35.3255 833 0 0 63.1924 86.1478 710000 0 0
31 4 0 88.9238 1.39498 1.5708 1.63776 31.6444 3814 0 0 61.0493 79.5111 710000 0 0
32 4 1 56.6783 2.36521 -1 1.24414 38.3572 1149 0 0 55.209 74.8924 710000 0 0
33 4 1 76.8703 0.546122 -1 1.27173 34.1915 535 0 0 53.2739 69.6184 710000 0 0
34 5 0 85.3583 1.47302 1.5708 1.42416 42.9567 2634 0 0 63.0978 98.4515 710000 0 0
35 5 0 65.0369 1.4456 -1 1.54555 43.0599 694 0 0 61.9001 93.5676 710000 0 0
36 5 0 68.6049 1.40758 -1 1.34079 44.5941 1135 0 0 59.5296 89.5278 710000 0 0
37 5 0 85.2656 1.46693 1.5708 1.55775 42.7815 1476 0 0 57.9197 83.2985 710000 0 0
38 5 1 80.5775 2.57667 -1 1.12474 45.7209 1280 0 0 54.2498 78.3186 710000 0 0
39 5 1 76.4144 0.342154 -1 1.16951 42.7104 1786 0 0 51.9412 71.9969 710000 0 0
40 6 0 57.3696 1.43448 -1 1.38087 52.7602 3161 0 0 54.0552 83.5807 710000 0 0
41 6 0 94.2365 1.48493 1.5708 1.32689 54.9672 3494 0 0 52.1495 80.5848 710000 0 0
42 6 0 95.5536 1.5206 1.5708 1.34203 54.1451 4453 0 0 51.016 77.1214 710000 0 0
43 6 1 84.9742 2.76673 -1 1.1379 54.3835 2987 0 0 50.3829 75.9616 710000 0 0
44 6 1 86.266 0.148504 -1 1.09625 52.339 2150 0 0 48.4444 70.5422 710000 0 0
45 7 0 109.649 1.44452 -1 1.35682 64.4343 2737 0 0 44.9045 68.9953 710000 0 0
46 7 0 89.9978 1.51471 1.5708 1.36253 66.2506 3995 0 0 43.7031 67.1591 710000 0 0
47 7 0 94.7235 1.35915 1.5708 1.29088 65.4649 825 0 0 42.6223 64.4658 710000 0 0
48 7 1 81.446 1.60803 -1 1.10539 63.8863 1310 0 0 44.2593 67.3109 710000 0 0
49 7 1 64.8037 1.3621 -1 1.21019 61.7217 2365 0 0 42.804 63.3957 710000 0 0
