0 1 0 110.601 0.0590302 0 1.18366 0.646043 46 0 0 58.6957 0 245000 0 0
1 1 0 100.068 3.03282 0 1.10785 0 646695920 0 0 58.5028 0 245000 0 0
2 1 0 72.2583 2.54465 -1 1.11389 4.05736 647276880 0 0 56.2619 0 245000 0 0
3 1 0 85.0168 3.02347 -1 1.15923 1.93182 15 0 0 55.9184 0 245000 0 0
4 1 0 77.746 2.60348 -1 1.10717 7.84319 -1033510839 0 0 51.4747 0 245000 0 0
5 1 0 106.337 0.482514 0 1.26464 3.72384 4 0 0 49.4658 0 245000 0 0
6 1 0 100.428 2.40731 0 1.00621 11.5276 15 0 0 46.0158 0 245000 0 0
7 1 0 78.6664 0.856189 -1 1.21597 9.22533 103 0 0 44.4092 0 245000 0 0
8 1 1 84.104 2.13848 -1 1.17793 17.9741 220 0 0 41.1452 0 245000 0 0
9 1 1 82.9301 0.953089 -1 1.21409 15.4205 648282896 0 0 40.1161 0 245000 0 0
10 2 0 91.882 1.57315 0 1.43105 10.1202 648284336 0 0 69.1617 0 245000 0 0
11 2 0 94.8602 1.37018 0 1.17148 11.2911 15 0 0 66.435 0 245000 0 0
12 2 0 95.7214 1.66227 0 1.20233 10.1693 103 0 0 66.0064 0 245000 0 0
13 2 0 88.6845 1.26687 0 1.06181 14.268 220 0 0 59.8839 0 245000 0 0
14 2 0 92.6994 2.8421 0 1.1689 11.3172 9504 0 0 58.4473 0 245000 0 0
15 2 0 74.6275 2.32456 -1 1.08368 17.9828 9556 0 0 52.7701 0 245000 0 0
16 2 0 91.1797 0.760711 0 1.23053 14.2969 9618 0 0 51.1141 0 245000 0 0
17 2 1 79.7898 2.16022 -1 1.30444 22.9158 979 0 0 46.2116 0 245000 0 0
18 2 1 78.6248 0.928306 -1 1.44919 20.3087 861 0 0 44.7228 0 245000 0 0
19 3 0 72.2471 1.48433 -1 1.47874 21.5405 739 0 0 78.0714 88.0047 245000 0 0
20 3 0 86.5793 1.51579 0 1.22388 20.9218 240 0 0 78.5127 87.4724 245000 0 0
21 3 0 75.7563 1.3884 -1 1.33231 22.4029 35 0 0 68.7126 82.2282 245000 0 0
22 3 0 84.7221 1.59164 0 1.10838 20.3828 356 0 0 67.5803 79.6107 245000 0 0
23 3 0 75.8477 1.28267 -1 1.19083 24.8337 465 0 0 59.5081 73.9756 245000 0 0
24 3 0 90.4258 0.554116 0 1.11407 22.1129 663 0 0 57.7038 70.5 245000 0 0
25 3 1 79.2367 2.24727 -1 1.15522 28.5694 773 0 0 51.6322 65.7382 245000 0 0
26 3 1 71.9329 0.857228 -1 1.27639 25.6012 553 0 0 49.5662 62.0352 245000 0 0
27 4 0 91.5397 1.46337 1.5708 1.34184 31.7933 123 0 0 73.53 105.273 245000 0 0
28 4 0 69.1139 1.42151 -1 1.48502 32.2683 4182 0 0 69.8341 96.2599 245000 0 0
29 4 0 93.6035 1.49827 1.5708 1.39981 31.5353 3384 0 0 69.1203 93.5023 245000 0 0
30 4 0 85.4217 1.438 1.5708 1.48365 33.8309 833 0 0 62.3029 84.4221 245000 0 0
31 4 0 94.4879 1.52289 0 1.49563 31.3208 3814 0 0 60.9788 80.2993 245000 0 0
32 4 1 59.6723 2.47813 -1 1.16705 35.125 1149 0 0 54.8734 73.3731 245000 0 0
33 4 1 85.4381 0.60203 -1 1.09604 33.0048 535 0 0 53.1174 69.7396 245000 0 0
34 5 0 84.2705 1.52791 1.5708 1.28658 42.1828 2634 0 0 62.3826 96.0043 245000 0 0
35 5 0 65.0272 1.59033 -1 1.36727 42.6366 694 0 0 61.0938 92.581 245000 0 0
36 5 0 66.9793 1.51874 -1 1.29918 43.4454 1135 0 0 58.5512 86.6021 245000 0 0
37 5 0 87.2018 1.53477 1.5708 1.50654 42.492 1476 0 0 57.5029 83.3341 245000 0 0
38 5 1 81.4449 2.67808 -1 1.05001 43.707 1280 0 0 53.4384 75.925 245000 0 0
39 5 1 80.6228 1.60565 -1 1.08813 42.4128 1786 0 0 51.9893 72.586 245000 0 0
40 6 0 56.0882 1.47744 -1 1.39289 51.7059 3161 0 0 53.833 82.6667 245000 0 0
41 6 0 90.8426 1.5185 0 1.22684 53.4421 3494 0 0 51.8148 78.9375 245000 0 0
42 6 0 94.7023 1.5836 1.5708 1.20066 52.9987 4453 0 0 51.376 77.5946 245000 0 0
43 6 1 85.0022 2.8773 -1 1.097 52.8847 2987 0 0 49.5416 73.4308 245000 0 0
44 6 1 88.0357 0.159584 -1 1.0245 52.6098 2150 0 0 48.0337 70.2111 245000 0 0
45 7 0 94.7454 1.57444 -1 1.48619 63.0588 2737 0 0 45.0468 68.6889 245000 0 0
46 7 0 90.0371 1.65924 1.5708 1.40314 64.1169 3995 0 0 43.9338 66.7125 245000 0 0
47 7 0 96.7776 1.46284 1.5708 1.23811 63.5394 825 0 0 43.728 66.0371 245000 0 0
48 7 1 79.9686 1.56756 -1 1.09511 62.2635 1310 0 0 43.6644 65.4137 245000 0 0
49 7 1 63.097 1.64076 -1 1.11158 61.6717 2365 0 0 42.8675 63.5909 245000 0 0
