0 1 0 112.001 2.59112 0 1.42856 1.71211 46 0 0 57.7978 0 740000 0 0
1 1 0 106.022 2.97409 0 1.35971 0 646695920 0 0 57.1759 0 740000 0 0
2 1 0 73.0806 2.28837 -1 1.23285 7.15282 647276880 0 0 56.2082 0 740000 0 0
3 1 0 91.6917 3.12959 -1 1.27901 2.52533 15 0 0 54.5993 0 740000 0 0
4 1 0 76.2106 2.38127 -1 1.15832 12.5438 -1033510839 0 0 51.9698 0 740000 0 0
5 1 0 106.564 0.49231 0 1.38738 5.48148 4 0 0 48.1997 0 740000 0 0
6 1 0 101.139 2.9371 0 1.22321 17.6977 15 0 0 46.0142 0 740000 0 0
7 1 0 88.3705 0.983364 -1 1.43889 12.8267 103 0 0 43.6515 0 740000 0 0
8 1 1 83.7397 1.89801 -1 1.22218 25.1379 220 0 0 41.0177 0 740000 0 0
9 1 1 84.5442 1.11409 -1 1.20212 21.0653 648282896 0 0 39.4288 0 740000 0 0
10 2 0 94.5477 1.52194 0 1.25848 9.51727 648284336 0 0 66.9588 0 740000 0 0
11 2 0 97.4618 1.24317 0 1.10202 12.3108 15 0 0 65.5032 0 740000 0 0
12 2 0 95.9884 0.61136 0 1.15594 9.64417 103 0 0 64.0707 0 740000 0 0
13 2 0 91.8939 2.22616 0 1.13375 17.5669 220 0 0 60.0661 0 740000 0 0
14 2 0 96.4968 2.89881 0 1.32786 11.7103 9504 0 0 56.9004 0 740000 0 0
15 2 0 72.6322 2.19411 -1 1.1489 22.7519 9556 0 0 52.8008 0 740000 0 0
16 2 0 95.4599 0.85291 0 1.27484 16.0228 9618 0 0 50.3991 0 740000 0 0
17 2 1 79.4573 2.02568 -1 1.39669 28.642 979 0 0 46.0026 0 740000 0 0
18 2 1 78.3377 1.16626 -1 1.46981 24.0342 861 0 0 44.5113 0 740000 0 0
19 3 0 76.8149 1.44607 -1 1.52045 21.6031 739 0 0 77.7317 85.4996 740000 0 0
20 3 0 91.4201 1.48545 1.5708 1.462 20.2901 240 0 0 76.9181 83.8659 740000 0 0
21 3 0 73.7606 1.32537 -1 1.22414 24.1799 35 0 0 69.1774 82.4089 740000 0 0
22 3 0 91.2517 1.69403 0 1.09271 19.9319 356 0 0 66.5713 76.8256 740000 0 0
23 3 0 72.0749 2.21226 -1 1.15252 28.1573 465 0 0 59.5715 74.956 740000 0 0
24 3 0 94.8713 0.764844 0 1.11341 22.6617 663 0 0 57.6505 69.7006 740000 0 0
25 3 1 77.748 2.12574 -1 1.21269 33.0142 773 0 0 51.4355 66.6775 740000 0 0
26 3 1 71.0439 1.02943 -1 1.36223 27.2442 553 0 0 50.1233 62.7278 740000 0 0
27 4 0 91.1542 1.42637 1.5708 1.37535 31.9075 123 0 0 74.883 101.688 740000 0 0
28 4 0 67.707 1.43439 -1 1.55474 33.122 4182 0 0 71.0836 97.3458 740000 0 0
29 4 0 88.9159 1.51224 1.5708 1.53962 31.3923 3384 0 0 69.6745 91.5028 740000 0 0
30 4 0 84.7461 1.31224 0 1.25936 35.1599 833 0 0 63.2594 86.0202 740000 0 0
31 4 0 89.5024 1.36229 1.5708 1.60186 31.3554 3814 0 0 61.5228 79.9417 740000 0 0
32 4 1 56.5638 2.3831 -1 1.24752 38.2 1149 0 0 54.9842 74.6235 740000 0 0
33 4 1 80.1816 0.498456 -1 1.23869 33.6205 535 0 0 53.5927 70.1999 740000 0 0
34 5 0 84.8466 1.4869 1.5708 1.43185 42.8597 2634 0 0 63.2274 98.6611 740000 0 0
35 5 0 64.5462 1.45147 -1 1.54666 43.0364 694 0 0 61.7023 93.3406 740000 0 0
36 5 0 68.3249 1.37913 -1 1.35435 44.3904 1135 0 0 59.6856 89.6971 740000 0 0
37 5 0 85.1063 1.47524 1.5708 1.5531 42.6949 1476 0 0 57.9658 83.5506 740000 0 0
38 5 1 80.7357 2.56485 -1 1.11875 45.5109 1280 0 0 54.3116 78.3193 740000 0 0
39 5 1 77.4098 0.316858 -1 1.13013 42.3952 1786 0 0 52.2621 72.591 740000 0 0
40 6 0 57.1481 1.43664 -1 1.38113 52.6924 3161 0 0 53.9398 83.3966 740000 0 0
41 6 0 94.199 1.46383 1.5708 1.33976 54.8484 3494 0 0 52.1522 80.5856 740000 0 0
42 6 0 94.9503 1.46586 1.5708 1.35663 54.1005 4453 0 0 50.9347 77.006 740000 0 0
43 6 1 85.0388 2.7604 -1 1.12379 54.1841 2987 0 0 50.4912 76.0935 740000 0 0
44 6 1 86.9317 0.167985 -1 1.07202 52.2465 2150 0 0 48.3703 70.4667 740000 0 0
45 7 0 106.67 1.46759 -1 1.39657 64.4127 2737 0 0 44.8187 68.8507 740000 0 0
46 7 0 93.5042 1.68299 0 1.25111 65.9907 3995 0 0 43.784 67.2856 740000 0 0
47 7 0 94.3161 1.34032 1.5708 1.27747 65.2844 825 0 0 42.6435 64.5047 740000 0 0
48 7 1 80.7044 1.60002 -1 1.11085 63.7519 1310 0 0 44.2199 67.257 740000 0 0
49 7 1 64.3401 1.37195 -1 1.18077 61.7121 2365 0 0 42.7383 63.3366 740000 0 0
