0 1 0 112.935 3.06706 0 1.31598 1.53384 46 0 0 58.156 0 450000 0 0
1 1 0 106.433 2.97751 0 1.28068 0 646695920 0 0 57.4103 0 450000 0 0
2 1 0 72.9383 2.36119 -1 1.2176 6.32469 647276880 0 0 56.1116 0 450000 0 0
3 1 0 88.2053 3.079 -1 1.25402 2.11321 15 0 0 54.5814 0 450000 0 0
4 1 0 76.7369 2.37229 -1 1.20018 11.507 -1033510839 0 0 51.647 0 450000 0 0
5 1 0 106.639 0.496911 0 1.33149 4.59061 4 0 0 48.1396 0 450000 0 0
6 1 0 103.379 2.32687 0 1.07533 16.478 15 0 0 45.9725 0 450000 0 0
7 1 0 79.2721 0.920984 -1 1.28993 10.8782 103 0 0 43.4591 0 450000 0 0
8 1 1 83.8701 1.9119 -1 1.20203 23.7002 220 0 0 40.8984 0 450000 0 0
9 1 1 83.8017 1.03139 -1 1.24268 18.3246 648282896 0 0 39.6103 0 450000 0 0
10 2 0 95.5891 1.54103 0 1.3007 9.94315 648284336 0 0 67.7389 0 450000 0 0
11 2 0 99.5926 1.28815 0 1.11281 12.2953 15 0 0 65.9107 0 450000 0 0
12 2 0 96.2927 1.67355 0 1.08324 9.80699 103 0 0 64.3475 0 450000 0 0
13 2 0 93.621 2.26849 0 1.11426 16.8044 220 0 0 59.8025 0 450000 0 0
14 2 0 94.1201 2.90226 0 1.24762 11.3794 9504 0 0 57.0647 0 450000 0 0
15 2 0 73.164 2.2229 -1 1.18261 21.8942 9556 0 0 52.6487 0 450000 0 0
16 2 0 93.6562 0.889513 0 1.24011 15.1359 9618 0 0 50.2769 0 450000 0 0
17 2 1 79.635 2.05114 -1 1.3624 27.7569 979 0 0 45.9347 0 450000 0 0
18 2 1 78.3837 1.02989 -1 1.47814 22.2411 861 0 0 44.4874 0 450000 0 0
19 3 0 76.4162 1.46322 -1 1.49003 21.8548 739 0 0 77.8386 86.3312 450000 0 0
20 3 0 91.5606 1.51601 0 1.27528 20.583 240 0 0 77.2408 84.7102 450000 0 0
21 3 0 74.3679 1.36239 -1 1.25789 24.057 35 0 0 68.8403 82.3857 450000 0 0
22 3 0 88.7301 1.69297 0 1.14192 19.9781 356 0 0 66.6717 77.3662 450000 0 0
23 3 0 72.3435 2.25879 -1 1.16635 27.4516 465 0 0 59.478 74.5595 450000 0 0
24 3 0 94.1291 0.576857 0 1.10003 22.2816 663 0 0 57.4987 69.7191 450000 0 0
25 3 1 77.2115 2.15041 -1 1.22703 32.1643 773 0 0 51.4717 66.366 450000 0 0
26 3 1 70.9262 0.969223 -1 1.33887 26.5381 553 0 0 49.7607 62.1553 450000 0 0
27 4 0 95.5611 1.45283 0 1.40528 32.1836 123 0 0 74.402 103.028 450000 0 0
28 4 0 68.3238 1.38768 -1 1.51354 33.13 4182 0 0 70.3438 96.7168 450000 0 0
29 4 0 94.382 1.48479 1.5708 1.57103 31.7283 3384 0 0 69.6915 92.5949 450000 0 0
30 4 0 85.6664 1.34778 0 1.31449 35.206 833 0 0 62.5398 85.2955 450000 0 0
31 4 0 95.9528 1.45952 1.5708 1.56638 31.3058 3814 0 0 61.319 80.0541 450000 0 0
32 4 1 56.6246 2.41521 -1 1.23022 37.6212 1149 0 0 54.8968 74.2069 450000 0 0
33 4 1 83.7635 0.605606 -1 1.15703 33.1387 535 0 0 53.1928 69.6047 450000 0 0
34 5 0 85.8119 1.5118 1.5708 1.40562 43.1657 2634 0 0 62.6169 97.2785 450000 0 0
35 5 0 68.307 1.49964 -1 1.63988 43.9233 694 0 0 60.9832 92.7569 450000 0 0
36 5 0 68.5273 1.48827 -1 1.36852 44.5083 1135 0 0 58.8633 88.0273 450000 0 0
37 5 0 90.9944 1.46702 1.5708 1.59585 43.2815 1476 0 0 57.6782 83.6192 450000 0 0
38 5 1 80.5345 2.59971 -1 1.10911 45.3086 1280 0 0 53.6579 77.0357 450000 0 0
39 5 1 80.3874 0.367426 -1 1.05881 42.4379 1786 0 0 52.3418 72.8863 450000 0 0
40 6 0 56.1641 1.49505 -1 1.45351 53.2696 3161 0 0 53.4947 82.6681 450000 0 0
41 6 0 92.8794 1.56431 1.5708 1.36404 55.0167 3494 0 0 51.6353 79.4068 450000 0 0
42 6 0 95.6386 1.47332 0 1.05469 54.7061 4453 0 0 50.6974 76.8329 450000 0 0
43 6 1 85.5605 2.79818 -1 1.10736 54.2721 2987 0 0 49.7407 74.5004 450000 0 0
44 6 1 86.529 0.141897 -1 1.02552 52.7343 2150 0 0 48.2099 70.4558 450000 0 0
45 7 0 106.11 1.53132 -1 1.33796 64.8023 2737 0 0 44.5399 68.3432 450000 0 0
46 7 0 88.9977 1.63941 1.5708 1.37822 66.0817 3995 0 0 43.5089 66.6103 450000 0 0
47 7 0 97.2809 1.41541 1.5708 1.25475 65.4333 825 0 0 42.8607 64.9371 450000 0 0
48 7 1 80.8817 1.59947 -1 1.10514 63.8298 1310 0 0 43.648 66.0076 450000 0 0
49 7 1 64.3498 1.47202 -1 1.15595 62.1507 2365 0 0 42.673 63.3847 450000 0 0
