0 1 0 111.617 3.09457 0 1.21773 1.07081 46 0 0 58.2774 0 305000 0 0
1 1 0 103.792 0.177073 0 1.14774 0 646695920 0 0 58.0559 0 305000 0 0
2 1 0 72.0678 2.54074 -1 1.10526 4.94612 647276880 0 0 55.9075 0 305000 0 0
3 1 0 88.3197 3.10175 -1 1.18706 2.02161 15 0 0 55.4373 0 305000 0 0
4 1 0 78.6222 2.50636 -1 1.12064 9.14815 -1033510839 0 0 51.3399 0 305000 0 0
5 1 0 109.24 0.396275 0 1.35392 4.00841 4 0 0 48.7651 0 305000 0 0
6 1 0 103.548 2.36677 0 1.01985 13.4824 15 0 0 45.8817 0 305000 0 0
7 1 0 80.8321 0.9195 -1 1.33379 10.0195 103 0 0 43.6795 0 305000 0 0
8 1 1 83.7141 2.03326 -1 1.18077 20.346 220 0 0 40.9571 0 305000 0 0
9 1 1 84.5073 1.01564 -1 1.23212 17.2702 648282896 0 0 39.5527 0 305000 0 0
10 2 0 93.7547 1.54986 0 1.35832 10.0585 648284336 0 0 68.4965 0 305000 0 0
11 2 0 96.5982 1.33613 0 1.1102 11.6803 15 0 0 65.8683 0 305000 0 0
12 2 0 95.6887 1.6313 0 1.0979 10.0102 103 0 0 65.33 0 305000 0 0
13 2 0 90.5484 1.18696 0 1.06825 15.2232 220 0 0 59.5229 0 305000 0 0
14 2 0 93.7348 2.84661 0 1.20996 11.3062 9504 0 0 57.77 0 305000 0 0
15 2 0 74.4743 2.23575 -1 1.14125 19.6342 9556 0 0 52.5368 0 305000 0 0
16 2 0 95.426 0.818548 0 1.24673 14.608 9618 0 0 50.425 0 305000 0 0
17 2 1 80.001 2.1446 -1 1.3229 24.9248 979 0 0 46.0659 0 305000 0 0
18 2 1 78.8941 0.980195 -1 1.4603 21.3824 861 0 0 44.2276 0 305000 0 0
19 3 0 77.0176 1.46551 -1 1.48692 21.774 739 0 0 77.647 86.9499 305000 0 0
20 3 0 90.1599 1.5018 0 1.22404 20.7718 240 0 0 78.0829 86.2381 305000 0 0
21 3 0 76.1712 1.39586 -1 1.34635 23.1027 35 0 0 68.5399 82.0369 305000 0 0
22 3 0 84.5667 1.76746 0 1.09163 19.9494 356 0 0 67.2217 78.5183 305000 0 0
23 3 0 75.3102 1.24691 -1 1.17875 26.0058 465 0 0 59.298 73.9457 305000 0 0
24 3 0 88.7217 0.52597 0 1.09597 21.8951 663 0 0 57.3406 69.665 305000 0 0
25 3 1 79.0829 2.22625 -1 1.15834 30.1049 773 0 0 51.379 65.7744 305000 0 0
26 3 1 72.1616 0.910617 -1 1.29752 25.8984 553 0 0 49.4044 61.6743 305000 0 0
27 4 0 95.0894 1.48659 1.5708 1.34801 32.0743 123 0 0 73.903 104.359 305000 0 0
28 4 0 69.5967 1.41104 -1 1.52817 32.898 4182 0 0 69.7255 96.3265 305000 0 0
29 4 0 94.0822 1.52167 1.5708 1.45843 31.4037 3384 0 0 69.7407 93.1215 305000 0 0
30 4 0 85.1533 1.45219 1.5708 1.51561 34.6699 833 0 0 62.3158 84.6488 305000 0 0
31 4 0 95.5687 1.5213 1.5708 1.51714 30.969 3814 0 0 61.4279 80.2376 305000 0 0
32 4 1 59.4066 2.49538 -1 1.16213 36.3003 1149 0 0 54.959 73.7762 305000 0 0
33 4 1 85.5649 0.646314 -1 1.12157 32.7282 535 0 0 53.5857 69.9353 305000 0 0
34 5 0 86.0583 1.49806 1.5708 1.33316 42.8802 2634 0 0 62.1475 96.0455 305000 0 0
35 5 0 66.7561 1.55007 -1 1.44372 43.034 694 0 0 61.3192 93.1076 305000 0 0
36 5 0 67.378 1.49152 -1 1.34132 44.3275 1135 0 0 58.3707 86.7982 305000 0 0
37 5 0 88.4968 1.51927 1.5708 1.56471 42.5095 1476 0 0 57.9647 83.9089 305000 0 0
38 5 1 81.0039 2.68831 -1 1.0539 44.7215 1280 0 0 53.423 76.3411 305000 0 0
39 5 1 80.7819 1.59586 -1 1.09776 42.1731 1786 0 0 52.4511 73.049 305000 0 0
40 6 0 58.2302 1.54545 -1 1.39793 52.5758 3161 0 0 53.5205 82.4633 305000 0 0
41 6 0 92.9046 1.5694 1.5708 1.26658 54.527 3494 0 0 51.4378 78.6943 305000 0 0
42 6 0 99.8315 1.57196 1.5708 1.28895 53.8125 4453 0 0 51.1691 77.4796 305000 0 0
43 6 1 85.986 2.83898 -1 1.10565 53.9113 2987 0 0 49.2457 73.3653 305000 0 0
44 6 1 89.9782 1.58801 -1 1.07497 52.6494 2150 0 0 48.3187 70.7457 305000 0 0
45 7 0 99.1028 1.56286 -1 1.46725 64.1976 2737 0 0 44.5761 68.1947 305000 0 0
46 7 0 89.6566 1.68074 1.5708 1.40549 65.261 3995 0 0 43.5968 66.4616 305000 0 0
47 7 0 96.2182 1.42673 1.5708 1.26744 64.8364 825 0 0 43.1063 65.2609 305000 0 0
48 7 1 80.6441 1.63168 -1 1.09673 63.4482 1310 0 0 43.2615 65.0715 305000 0 0
49 7 1 64.1418 1.56006 -1 1.15798 62.2674 2365 0 0 42.6772 63.4414 305000 0 0
