0 1 0 112.62 3.0375 0 1.36612 1.66294 46 0 0 58.0285 0 600000 0 0
1 1 0 107.272 2.98056 0 1.27108 0 646695920 0 0 57.435 0 600000 0 0
2 1 0 72.6178 2.30205 -1 1.20972 6.9234 647276880 0 0 56.1367 0 600000 0 0
3 1 0 93.4411 0.428542 -1 1.29622 2.54684 15 0 0 55.0282 0 600000 0 0
4 1 0 77.6721 2.3597 -1 1.22234 12.3457 -1033510839 0 0 51.5639 0 600000 0 0
5 1 0 108.929 0.085995 0 1.56065 5.6234 4 0 0 48.5067 0 600000 0 0
6 1 0 102.389 2.92875 0 1.20718 17.6856 15 0 0 45.6715 0 600000 0 0
7 1 0 84.8641 0.953206 -1 1.38903 12.5239 103 0 0 43.2719 0 600000 0 0
8 1 1 83.6386 1.91754 -1 1.19983 25.2743 220 0 0 40.7056 0 600000 0 0
9 1 1 85.5471 1.13834 -1 1.22039 20.4957 648282896 0 0 39.0692 0 600000 0 0
10 2 0 96.5582 1.49675 0 1.29455 9.79863 648284336 0 0 67.4607 0 600000 0 0
11 2 0 99.05 1.25474 0 1.09398 12.4453 15 0 0 65.6499 0 600000 0 0
12 2 0 98.2889 0.552071 0 1.12119 9.81047 103 0 0 64.4596 0 600000 0 0
13 2 0 91.3479 2.31433 0 1.13886 17.2807 220 0 0 59.7762 0 600000 0 0
14 2 0 95.7801 2.94882 0 1.26433 11.7809 9504 0 0 57.2557 0 600000 0 0
15 2 0 72.8787 2.17578 -1 1.18121 22.5398 9556 0 0 52.4364 0 600000 0 0
16 2 0 94.3662 0.867969 0 1.28507 15.9197 9618 0 0 49.958 0 600000 0 0
17 2 1 79.7773 2.05289 -1 1.36624 28.5997 979 0 0 45.8354 0 600000 0 0
18 2 1 77.4682 1.12482 -1 1.51306 23.6702 861 0 0 43.8862 0 600000 0 0
19 3 0 76.4636 1.39328 -1 1.46511 21.7817 739 0 0 77.5885 85.9876 600000 0 0
20 3 0 91.5976 1.46459 0 1.21834 20.3957 240 0 0 77.2619 84.4668 600000 0 0
21 3 0 74.7917 1.29825 -1 1.22255 24.1082 35 0 0 68.8184 82.2732 600000 0 0
22 3 0 88.8986 1.74222 0 1.13362 20.2554 356 0 0 66.9859 77.7883 600000 0 0
23 3 0 73.4818 2.21169 -1 1.16674 27.7522 465 0 0 59.2894 74.4568 600000 0 0
24 3 0 88.1588 0.515853 0 1.11882 22.4728 663 0 0 57.0361 69.3181 600000 0 0
25 3 1 76.5084 2.09775 -1 1.25857 32.8801 773 0 0 51.1351 66.2011 600000 0 0
26 3 1 70.1148 1.07081 -1 1.39369 26.8697 553 0 0 49.0986 61.5362 600000 0 0
27 4 0 93.8323 1.49623 1.5708 1.365 31.8745 123 0 0 74.7045 102.544 600000 0 0
28 4 0 68.3871 1.44925 -1 1.56282 33.2317 4182 0 0 70.5576 96.9469 600000 0 0
29 4 0 93.1785 1.49597 0 1.42768 31.2017 3384 0 0 69.9129 92.3729 600000 0 0
30 4 0 86.2093 1.34388 0 1.30324 35.2492 833 0 0 62.8001 85.4391 600000 0 0
31 4 0 90.9774 1.3593 0 1.38484 31.0787 3814 0 0 61.521 80.0727 600000 0 0
32 4 1 57.3764 2.3438 -1 1.229 37.7698 1149 0 0 54.9322 74.3026 600000 0 0
33 4 1 82.3174 0.685178 -1 1.18494 32.8649 535 0 0 53.3879 69.748 600000 0 0
34 5 0 86.2079 1.46994 1.5708 1.39133 43.1101 2634 0 0 62.736 97.5577 600000 0 0
35 5 0 67.4046 1.46599 -1 1.5018 42.912 694 0 0 61.2954 93.0479 600000 0 0
36 5 0 68.8633 1.45817 -1 1.35313 44.6506 1135 0 0 59.1043 88.4685 600000 0 0
37 5 0 89.1586 1.46194 1.5708 1.54816 42.39 1476 0 0 57.8177 83.6242 600000 0 0
38 5 1 80.6655 2.57991 -1 1.11184 45.4653 1280 0 0 53.9819 77.6034 600000 0 0
39 5 1 79.3759 0.395354 -1 1.08046 42.0964 1786 0 0 52.2538 72.6281 600000 0 0
40 6 0 57.7824 1.4922 -1 1.43574 52.6904 3161 0 0 53.7133 83.0039 600000 0 0
41 6 0 95.9982 1.50457 0 1.28875 54.9545 3494 0 0 51.7601 79.6858 600000 0 0
42 6 0 101.673 1.48478 1.5708 1.33483 54.1865 4453 0 0 50.7357 76.8408 600000 0 0
43 6 1 83.4636 2.79362 -1 1.11796 54.3917 2987 0 0 49.9312 74.9069 600000 0 0
44 6 1 89.4939 1.43931 -1 1.05019 52.314 2150 0 0 48.3179 70.546 600000 0 0
45 7 0 107.166 1.51054 -1 1.3754 64.4824 2737 0 0 44.6756 68.5557 600000 0 0
46 7 0 92.4959 1.64798 0 1.3101 66.3086 3995 0 0 43.4015 66.4911 600000 0 0
47 7 0 98.3245 1.40497 0 1.11772 65.3323 825 0 0 42.7451 64.6991 600000 0 0
48 7 1 80.4139 1.58091 -1 1.11348 63.73 1310 0 0 43.9237 66.5406 600000 0 0
49 7 1 62.5898 1.3718 -1 1.16621 61.8771 2365 0 0 42.6643 63.2936 600000 0 0
