0 1 0 112.917 3.02817 0 1.29453 1.94835 46 0 0 58.4702 0 400000 0 0
1 1 0 105.454 3.00053 0 1.22698 0 646695920 0 0 57.5539 0 400000 0 0
2 1 0 71.4372 2.35683 -1 1.14747 6.85877 647276880 0 0 56.5362 0 400000 0 0
3 1 0 94.8112 0.433357 -1 1.29506 2.10049 15 0 0 54.8439 0 400000 0 0
4 1 0 78.0253 2.42783 -1 1.19469 11.8237 -1033510839 0 0 51.8104 0 400000 0 0
5 1 0 108.826 0.0559011 0 1.49752 4.90048 4 0 0 48.4069 0 400000 0 0
6 1 0 101.529 2.32836 0 1.03181 16.5432 15 0 0 45.9788 0 400000 0 0
7 1 0 82.1663 0.87981 -1 1.26085 11.4557 103 0 0 43.3938 0 400000 0 0
8 1 1 83.6783 1.97586 -1 1.19709 23.6802 220 0 0 40.903 0 400000 0 0
9 1 1 84.7035 1.09956 -1 1.20725 18.8475 648282896 0 0 39.4174 0 400000 0 0
10 2 0 96.9629 1.51636 0 1.35745 10.3654 648284336 0 0 68.1976 0 400000 0 0
11 2 0 99.5732 1.27925 0 1.1087 12.917 15 0 0 66.4425 0 400000 0 0
12 2 0 101.061 1.64548 0 1.15461 9.97729 103 0 0 64.5492 0 400000 0 0
13 2 0 91.345 2.32005 0 1.11055 17.2502 220 0 0 60.127 0 400000 0 0
14 2 0 94.9548 2.87611 0 1.23496 11.4642 9504 0 0 57.3887 0 400000 0 0
15 2 0 73.1358 2.25289 -1 1.14674 21.943 9556 0 0 52.669 0 400000 0 0
16 2 0 98.5599 0.86642 0 1.1709 15.4367 9618 0 0 50.2334 0 400000 0 0
17 2 1 80.1323 2.0578 -1 1.33496 27.6286 979 0 0 45.9598 0 400000 0 0
18 2 1 78.9863 1.0505 -1 1.45691 22.673 861 0 0 44.2393 0 400000 0 0
19 3 0 77.6781 1.41476 -1 1.44946 22.4855 739 0 0 78.2359 87.3372 400000 0 0
20 3 0 93.4792 1.51177 0 1.24604 21.1661 240 0 0 77.4588 85.5666 400000 0 0
21 3 0 75.3419 1.34087 -1 1.27625 24.5669 35 0 0 68.8962 83.0177 400000 0 0
22 3 0 94.6894 1.63276 0 1.17336 20.7666 356 0 0 67.0205 78.3445 400000 0 0
23 3 0 73.2139 2.29067 -1 1.12939 27.6911 465 0 0 59.3141 74.6042 400000 0 0
24 3 0 93.0905 1.77083 1.5708 1.25857 23.119 663 0 0 57.4204 69.839 400000 0 0
25 3 1 77.1103 2.15485 -1 1.22907 32.2832 773 0 0 51.186 66.1075 400000 0 0
26 3 1 72.3854 0.870806 -1 1.34159 26.9136 553 0 0 49.4496 61.7966 400000 0 0
27 4 0 96.1193 1.50216 1.5708 1.37639 32.7126 123 0 0 73.7452 104.03 400000 0 0
28 4 0 69.2898 1.44006 -1 1.4968 33.9725 4182 0 0 69.6954 97.0908 400000 0 0
29 4 0 95.2558 1.51358 1.5708 1.50042 32.2451 3384 0 0 69.0952 92.8417 400000 0 0
30 4 0 85.7457 1.39454 1.5708 1.44338 35.8079 833 0 0 62.1891 85.0087 400000 0 0
31 4 0 93.2029 1.48838 0 1.42049 32.323 3814 0 0 60.9153 80.0429 400000 0 0
32 4 1 58.7293 2.34622 -1 1.20115 37.7384 1149 0 0 54.6387 73.8672 400000 0 0
33 4 1 80.6455 0.569911 -1 1.10611 34.1029 535 0 0 53.2744 69.7555 400000 0 0
34 5 0 86.1935 1.48421 1.5708 1.38233 43.832 2634 0 0 61.9182 96.028 400000 0 0
35 5 0 67.9479 1.49337 -1 1.55301 44.0836 694 0 0 60.9 92.4992 400000 0 0
36 5 0 67.9426 1.4613 -1 1.32953 45.3099 1135 0 0 58.3399 87.196 400000 0 0
37 5 0 90.6754 1.49001 1.5708 1.53832 43.6665 1476 0 0 57.3627 83.1776 400000 0 0
38 5 1 80.7059 2.64099 -1 1.07394 45.9583 1280 0 0 53.3474 76.6063 400000 0 0
39 5 1 79.5062 0.35982 -1 1.07203 43.2721 1786 0 0 51.9067 72.4317 400000 0 0
40 6 0 56.6634 1.50574 -1 1.47275 53.6398 3161 0 0 53.0921 81.8931 400000 0 0
41 6 0 93.3091 1.52043 1.5708 1.328 55.5694 3494 0 0 51.1796 78.573 400000 0 0
42 6 0 99.385 1.48871 0 1.16357 54.9482 4453 0 0 50.5583 76.5634 400000 0 0
43 6 1 85.2976 2.81438 -1 1.11895 55.0409 2987 0 0 49.2284 73.6785 400000 0 0
44 6 1 88.0987 1.51768 -1 1.05485 53.4675 2150 0 0 47.9328 70.1843 400000 0 0
45 7 0 102.272 1.53782 -1 1.43349 65.2641 2737 0 0 44.1847 67.6889 400000 0 0
46 7 0 92.0611 1.67658 1.5708 1.33824 66.5904 3995 0 0 43.1112 65.889 400000 0 0
47 7 0 98.8308 1.40448 1.5708 1.19422 65.9675 825 0 0 42.4585 64.2751 400000 0 0
48 7 1 80.7102 1.64505 -1 1.10186 64.5383 1310 0 0 43.1235 65.1069 400000 0 0
49 7 1 63.4174 1.43524 -1 1.13687 62.9216 2365 0 0 42.295 62.8285 400000 0 0
