0 1 0 60.4171 1.8843 -1 1.27631 0 0 0 0 62.3785 0 60000 0 1.147
1 1 0 58.3939 1.82189 -1 1.2885 0.914807 1 0 0 62.5236 0 60000 0 2.33372
2 1 0 97.6761 0.227551 0 1.10431 -2.51739 2 0 0 58.5059 0 60000 0 0.61159
3 1 0 63.3095 2.79604 0 1.00708 -0.0984977 3 0 0 59.3918 0 60000 0 2.69406
4 1 0 87.0458 2.73385 0 1.08773 -1.2239 4 0 0 53.7543 0 60000 0 0.287176
5 1 0 71.7856 0.37026 0 1.06168 0.406426 5 0 0 54.8751 0 60000 0 2.90623
6 1 0 66.2679 1.26943 -1 1.0752 2.3426 6 0 0 49.1103 0 60000 0 0.0957351
7 1 0 70.2953 0.560754 -1 1.30049 2.77857 7 0 0 49.8798 0 60000 0 3.05527
8 1 1 61.4974 2.25929 -1 1.20682 5.72574 8 0 0 44.6517 0 60000 0 0.00924967
9 1 1 52.6665 0.645239 -1 1.18966 5.29619 9 0 0 45.3675 0 60000 0 3.13984
10 2 0 67.6744 2.95479 0 1.14007 9.33729 10 0 0 71.9649 0 60000 0 0
11 2 0 59.3596 1.77322 -1 1.56137 7.1602 11 0 0 67.7512 0 60000 0 0
12 2 0 59.55 1.60997 -1 1.50454 9.62167 12 0 0 69.0557 0 60000 0 0
13 2 0 74.0437 1.58381 0 1.09051 6.66706 13 0 0 61.9054 0 60000 0 0
14 2 0 63.949 1.6382 0 1.40146 8.31778 14 0 0 62.1536 0 60000 0 0
15 2 0 63.2102 2.4567 0 1.29766 8.76249 15 0 0 55.2257 0 60000 0 0
16 2 0 81.817 0.520766 0 1.20777 9.76752 16 0 0 56.0582 0 60000 0 0
17 2 1 54.3261 2.4014 -1 1.25753 11.6638 17 0 0 49.0749 0 60000 0 0
18 2 1 68.0502 0.646685 -1 1.23061 12.0641 18 0 0 49.0966 0 60000 0 0
19 3 0 59.6723 1.61701 0 1.04788 17.1152 19 0 0 77.7171 88.5573 60000 0 0
20 3 0 51.0109 0.0712742 0 1.16277 17.3594 20 0 0 78.3884 89.9546 60000 0 0
21 3 0 59.5959 1.51914 1.5708 2.25386 17.0361 21 0 0 68.8604 82.0923 60000 0 0
22 3 0 59.0904 1.66445 0 1.12453 17.8977 22 0 0 69.3747 83.5254 60000 0 0
23 3 0 83.175 1.50704 1.5708 1.57801 17.2933 23 0 0 60.9809 74.0421 60000 0 0
24 3 0 70.609 1.63666 0 1.0583 18.1611 24 0 0 62.0232 75.9723 60000 0 0
25 3 1 61.791 2.56042 -1 1.09042 17.845 25 0 0 53.5693 65.7885 60000 0 0
26 3 1 67.688 0.706979 -1 1.08512 19.0799 26 0 0 54.4033 67.2682 60000 0 0
27 4 0 63.2988 1.4173 1.5708 1.98508 26.1124 27 0 0 77.0906 103.338 60000 0 0
28 4 0 69.973 1.4913 0 1.11206 26.5554 28 0 0 72.4263 94.6396 60000 0 0
29 4 0 74.1039 1.49437 1.5708 1.44494 26.5277 29 0 0 72.6248 97.332 60000 0 0
30 4 0 57.134 1.54194 -1 1.30714 27.1819 30 0 0 64.4059 83.2151 60000 0 0
31 4 0 77.1326 1.57334 1.5708 1.36414 27.0266 31 0 0 64.3247 84.5679 60000 0 0
32 4 1 76.8075 1.5121 -1 1.09214 26.9538 32 0 0 56.5426 72.6027 60000 0 0
33 4 1 66.9631 1.79489 -1 1.11448 27.455 33 0 0 56.9917 74.0707 60000 0 0
34 5 0 61.9227 0.26257 0 1.21128 35.2274 34 0 0 66.3058 98.333 60000 0 0
35 5 0 52.5978 1.4413 -1 1.18304 35.6177 35 0 0 66.2054 98.5198 60000 0 0
36 5 0 59.5915 1.42385 -1 1.32177 36.0343 36 0 0 62.5046 88.465 60000 0 0
37 5 0 51.3226 1.51783 1.5708 1.62084 36.1307 37 0 0 62.7768 88.92 60000 0 0
38 5 1 77.5212 2.6823 -1 1.06122 35.8937 38 0 0 56.8521 77.4817 60000 0 0
39 5 1 67.8976 2.38274 -1 1.08255 36.364 39 0 0 57.0709 78.2798 60000 0 0
40 6 0 61.0226 0.360114 -1 1.12593 43.2465 40 0 0 59.2875 88.8214 60000 0 0
41 6 0 76.1058 1.47031 1.5708 1.23072 43.8679 41 0 0 57.531 84.7464 60000 0 0
42 6 0 61.5201 1.5803 1.5708 1.11352 44.2263 42 0 0 57.4697 84.4394 60000 0 0
43 6 1 64.9384 2.86101 -1 1.16816 44.212 43 0 0 54.4723 77.8403 60000 0 0
44 6 1 64.7922 0.134607 -1 1.12472 44.8456 44 0 0 54.4191 77.9704 60000 0 0
45 7 0 86.1593 1.52992 1.5708 1.60857 53.2605 45 0 0 51.8887 77.3244 60000 0 0
46 7 0 80.6203 1.69433 1.5708 1.49104 53.5953 46 0 0 50.891 75.2869 60000 0 0
47 7 0 77.5325 1.56508 1.5708 1.36219 53.3591 47 0 0 51.054 75.4692 60000 0 0
48 7 1 70.5584 1.6672 1.5708 1.07163 52.7536 48 0 0 49.0696 71.2819 60000 0 0
49 7 1 54.9924 1.67171 1.5708 1.07329 52.8602 49 0 0 49.0605 71.2036 60000 0 0
