0 1 0 83.165 3.13563 -1 1.21548 0 0 0 0 58.2519 0 380000 0 1.41999
1 1 0 76.5389 1.79929 -1 1.07692 1.72802 1 0 0 59.1192 0 380000 0 1.90453
2 1 0 109.082 0.190314 0 1.46795 -3.05721 2 0 0 52.5168 0 380000 0 0.972774
3 1 0 89.2558 2.92104 0 1.17194 2.31007 3 0 0 55.9613 0 380000 0 2.31926
4 1 0 101.721 2.60955 0 1.33011 -0.680453 4 0 0 47.7978 0 380000 0 0.599781
5 1 0 88.1153 0.615131 0 1.05129 4.97125 5 0 0 51.262 0 380000 0 2.65921
6 1 0 69.9532 2.30335 -1 1.2509 5.00672 6 0 0 44.3881 0 380000 0 0.336039
7 1 0 77.5222 0.610706 -1 1.29287 8.98801 7 0 0 46.6971 0 380000 0 2.88027
8 1 1 71.5003 2.16322 -1 1.24562 10.2465 8 0 0 40.9575 0 380000 0 0.171971
9 1 1 50.6353 0.716898 -1 1.20771 12.5574 9 0 0 42.2387 0 380000 0 3.01069
10 2 0 85.3528 2.93487 0 1.16234 9.73028 10 0 0 68.2114 0 380000 0 0
11 2 0 71.8422 1.68582 -1 1.3869 6.55642 11 0 0 62.2782 0 380000 0 0
12 2 0 69.3402 1.72578 -1 1.25693 11.1061 12 0 0 66.1161 0 380000 0 0
13 2 0 95.1913 2.64109 0 1.04878 6.34537 13 0 0 56.2983 0 380000 0 0
14 2 0 84.0785 1.75575 0 1.22096 12.058 14 0 0 59.8709 0 380000 0 0
15 2 0 90.348 2.30272 0 1.30368 10.1001 15 0 0 50.6282 0 380000 0 0
16 2 0 83.8563 0.567675 0 1.23641 15.2781 16 0 0 52.9888 0 380000 0 0
17 2 1 57.5821 2.26403 -1 1.35085 15.1683 17 0 0 45.4456 0 380000 0 0
18 2 1 78.0429 0.728426 -1 1.2591 19.154 18 0 0 45.73 0 380000 0 0
19 3 0 87.6993 1.66694 1.5708 1.53861 18.6559 19 0 0 75.0429 83.0581 380000 0 0
20 3 0 83.7675 1.70308 0 1.08353 19.7716 20 0 0 77.9141 84.9257 380000 0 0
21 3 0 89.6116 1.65108 0 1.67485 17.2925 21 0 0 65.8421 75.6237 380000 0 0
22 3 0 82.0229 1.71229 1.5708 1.52291 21.5524 22 0 0 68.9503 80.5606 380000 0 0
23 3 0 95.7054 1.44546 0 1.23953 18.062 23 0 0 57.9542 68.4921 380000 0 0
24 3 0 86.7971 0.35801 0 1.01638 23.3051 24 0 0 59.7316 72.7491 380000 0 0
25 3 1 63.0399 2.35136 -1 1.14645 20.3383 25 0 0 50.533 61.2695 380000 0 0
26 3 1 76.6937 0.736674 -1 1.18892 25.1868 26 0 0 51.1362 63.5369 380000 0 0
27 4 0 93.4905 1.57482 0 1.24194 30.3155 27 0 0 76.0463 101.429 380000 0 0
28 4 0 93.4335 1.53977 1.5708 1.88646 30.4411 28 0 0 69.6137 91.3241 380000 0 0
29 4 0 82.766 1.56676 1.5708 1.83258 31.1289 29 0 0 71.4111 95.157 380000 0 0
30 4 0 87.9551 1.58148 -1 1.64553 29.6718 30 0 0 61.609 79.3904 380000 0 0
31 4 0 87.5479 1.60041 0 1.08522 32.7759 31 0 0 62.5414 83.2253 380000 0 0
32 4 1 90.6622 1.42944 -1 1.22134 29.3612 32 0 0 54.1682 69.195 380000 0 0
33 4 1 82.8772 1.80212 -1 1.0982 33.4451 33 0 0 54.467 71.6791 380000 0 0
34 5 0 86.407 1.53224 1.5708 1.73437 41.904 34 0 0 62.8806 95.7291 380000 0 0
35 5 0 84.4308 1.60269 -1 1.36189 41.9689 35 0 0 63.0935 97.2554 380000 0 0
36 5 0 85.6172 1.52029 -1 1.4227 42.2571 36 0 0 58.4809 84.607 380000 0 0
37 5 0 82.2639 1.59409 1.5708 1.58087 42.738 37 0 0 59.1722 87.2025 380000 0 0
38 5 1 92.3495 1.46564 -1 1.24926 40.2439 38 0 0 53.784 74.2611 380000 0 0
39 5 1 88.2879 1.78882 -1 1.21587 43.1301 39 0 0 53.683 76.1197 380000 0 0
40 6 0 72.8552 1.61216 -1 1.23243 52.618 40 0 0 53.619 82.6903 380000 0 0
41 6 0 95.9478 1.5734 1.5708 1.37059 53.0962 41 0 0 51.8753 78.6691 380000 0 0
42 6 0 89.4225 1.64607 1.5708 1.26428 53.1727 42 0 0 52.2887 79.8308 380000 0 0
43 6 1 86.4319 1.46696 -1 1.13951 51.4072 43 0 0 49.6513 72.7952 380000 0 0
44 6 1 90.9876 2.74326 -1 1.12629 53.5645 44 0 0 49.5744 73.8706 380000 0 0
45 7 0 107.348 1.54604 1.5708 1.78201 64.8765 45 0 0 44.299 67.7929 380000 0 0
46 7 0 104.047 1.6728 1.5708 1.46487 64.6764 46 0 0 43.7378 66.5521 380000 0 0
47 7 0 99.4795 1.51828 1.5708 1.46753 64.7594 47 0 0 43.5356 66.1673 380000 0 0
48 7 1 87.2213 1.57332 1.5708 1.20119 62.3177 48 0 0 43.3944 64.9356 380000 0 0
49 7 1 61.0756 1.62493 1.5708 1.20806 63.0987 49 0 0 42.9769 64.3152 380000 0 0
