0 1 0 69.4521 1.92769 -1 1.16519 0 0 0 0 59.7446 0 100000 0 1.23559
1 1 0 64.7975 1.73086 -1 1.23139 1.25899 1 0 0 60.5581 0 100000 0 2.03657
2 1 0 99.7836 3.01729 0 1.25538 -2.5209 2 0 0 54.9531 0 100000 0 0.729402
3 1 0 70.5088 2.83382 0 1.08619 0.379072 3 0 0 57.1355 0 100000 0 2.49438
4 1 0 96.2603 2.53235 0 1.2252 -0.528337 4 0 0 50.5469 0 100000 0 0.376883
5 1 0 82.7093 0.445091 0 1.12578 1.04489 5 0 0 52.1219 0 100000 0 2.78363
6 1 0 68.7143 2.36167 -1 1.1621 4.19845 6 0 0 46.8821 0 100000 0 0.147027
7 1 0 76.3688 0.721578 -1 1.44473 4.42278 7 0 0 47.4674 0 100000 0 2.99023
8 1 1 66.9481 2.26326 -1 1.21085 8.5625 8 0 0 43.0688 0 100000 0 0.0166469
9 1 1 55.0386 0.758228 -1 1.2219 8.19146 9 0 0 43.2077 0 100000 0 3.11482
10 2 0 77.5108 1.74038 0 1.06078 9.92672 10 0 0 69.9004 0 100000 0 0
11 2 0 65.7561 1.68511 -1 1.54281 7.30555 11 0 0 64.4441 0 100000 0 0
12 2 0 65.1607 1.6019 -1 1.42651 10.2863 12 0 0 67.4187 0 100000 0 0
13 2 0 82.9475 1.46513 0 1.1243 7.20768 13 0 0 58.9972 0 100000 0 0
14 2 0 71.7421 1.67483 0 1.2974 8.95361 14 0 0 60.4324 0 100000 0 0
15 2 0 75.5034 2.40955 0 1.18099 10.1669 15 0 0 53.346 0 100000 0 0
16 2 0 85.8092 0.596753 0 1.13969 10.9192 16 0 0 54.206 0 100000 0 0
17 2 1 56.8267 2.32269 -1 1.29474 13.9982 17 0 0 47.8103 0 100000 0 0
18 2 1 74.6692 0.744028 -1 1.28037 14.466 18 0 0 47.4908 0 100000 0 0
19 3 0 74.0347 1.57348 1.5708 1.40012 18.6009 19 0 0 75.2556 84.3052 100000 0 0
20 3 0 62.3955 2.85688 0 1.13165 18.8525 20 0 0 78.1075 86.3837 100000 0 0
21 3 0 63.4392 1.59485 1.5708 2.29716 17.7304 21 0 0 67.469 78.5088 100000 0 0
22 3 0 62.8635 1.75201 0 1.19353 18.7062 22 0 0 68.7537 80.4957 100000 0 0
23 3 0 83.4598 1.54094 0 1.21876 18.2213 23 0 0 60.4618 72.3269 100000 0 0
24 3 0 78.3098 1.69855 0 1.17574 19.3713 24 0 0 61.0805 73.6288 100000 0 0
25 3 1 60.6869 2.42773 -1 1.18117 19.657 25 0 0 52.8449 64.4741 100000 0 0
26 3 1 75.4743 0.738456 -1 1.09147 21.037 26 0 0 53.3977 65.619 100000 0 0
27 4 0 64.041 1.47271 0 1.26381 27.9981 27 0 0 77.8805 100.393 100000 0 0
28 4 0 72.5789 1.47218 0 1.20924 28.4711 28 0 0 71.4063 92.8297 100000 0 0
29 4 0 75.1664 1.53601 0 1.27236 28.0398 29 0 0 72.407 95.2091 100000 0 0
30 4 0 67.7109 1.57397 -1 1.55628 28.4505 30 0 0 63.482 82.3033 100000 0 0
31 4 0 76.3243 1.59143 1.5708 1.82306 28.8397 31 0 0 64.4907 84.4857 100000 0 0
32 4 1 85.2498 1.4549 -1 1.17565 28.4912 32 0 0 55.8302 71.7988 100000 0 0
33 4 1 72.4419 1.78743 -1 1.08589 29.6068 33 0 0 56.6869 73.6726 100000 0 0
34 5 0 72.9581 1.4226 0 1.04963 37.2915 34 0 0 65.6474 99.0928 100000 0 0
35 5 0 63.2919 1.52564 -1 1.39662 37.4241 35 0 0 65.6474 99.1283 100000 0 0
36 5 0 68.4495 1.39909 -1 1.41928 38.6249 36 0 0 60.8463 87.4826 100000 0 0
37 5 0 61.849 1.51141 1.5708 1.71286 38.486 37 0 0 61.1001 88.1038 100000 0 0
38 5 1 84.9494 1.44688 -1 1.12856 38.3073 38 0 0 55.5461 76.5839 100000 0 0
39 5 1 75.3397 1.64028 -1 1.09379 39.0085 39 0 0 55.7592 77.3896 100000 0 0
40 6 0 69.7188 1.60131 -1 1.10559 46.4549 40 0 0 57.7339 88.1107 100000 0 0
41 6 0 84.8256 1.51009 1.5708 1.26107 47.2179 41 0 0 55.8367 83.9084 100000 0 0
42 6 0 67.8741 1.59309 1.5708 1.21649 47.5011 42 0 0 55.7894 83.5938 100000 0 0
43 6 1 73.0502 2.88304 -1 1.09619 47.5289 43 0 0 52.5029 76.3346 100000 0 0
44 6 1 74.2909 2.8839 -1 1.11614 48.2303 44 0 0 52.5164 76.6524 100000 0 0
45 7 0 92.095 1.57285 1.5708 1.72909 57.3066 45 0 0 49.139 74.5251 100000 0 0
46 7 0 89.628 1.70955 1.5708 1.53966 57.504 46 0 0 48.4248 73.0063 100000 0 0
47 7 0 85.8253 1.49389 1.5708 1.40503 57.4279 47 0 0 48.2156 72.4929 100000 0 0
48 7 1 78.0277 1.58353 1.5708 1.06034 56.7418 48 0 0 46.9124 69.4384 100000 0 0
49 7 1 59.1405 1.6533 1.5708 1.09629 56.7117 49 0 0 46.5183 68.6144 100000 0 0
