0 1 0 84.9847 3.08627 -1 1.26055 0 0 0 0 58.3276 0 405000 0 1.44773
1 1 0 77.6159 2.90314 -1 1.12052 2.04228 1 0 0 59.225 0 405000 0 1.93615
2 1 0 100.187 3.04577 0 1.42744 -3.25942 2 0 0 52.7952 0 405000 0 1.00778
3 1 0 90.5559 2.98597 0 1.1893 2.84154 3 0 0 56.1284 0 405000 0 2.34914
4 1 0 103.418 2.5955 0 1.52118 -0.848301 4 0 0 47.8717 0 405000 0 0.625068
5 1 0 88.2536 0.642398 0 1.0315 5.74977 5 0 0 51.4845 0 405000 0 2.68327
6 1 0 72.8669 2.3313 -1 1.2478 4.87575 6 0 0 44.1267 0 405000 0 0.348709
7 1 0 72.6578 0.617168 -1 1.22247 9.62491 7 0 0 46.9323 0 405000 0 2.89166
8 1 1 71.3306 2.14657 -1 1.23005 9.94608 8 0 0 40.6108 0 405000 0 0.185964
9 1 1 49.8207 0.755866 -1 1.26396 13.3209 9 0 0 42.4102 0 405000 0 3.02173
10 2 0 86.9303 2.91223 0 1.20426 9.85628 10 0 0 68.0869 0 405000 0 0
11 2 0 74.3364 1.68435 -1 1.42554 6.50367 11 0 0 62.1587 0 405000 0 0
12 2 0 71.097 1.73311 -1 1.2874 11.637 12 0 0 66.3218 0 405000 0 0
13 2 0 96.0372 2.57868 0 1.13078 5.97252 13 0 0 56.2837 0 405000 0 0
14 2 0 85.2717 1.81777 0 1.19554 12.7662 14 0 0 60.0847 0 405000 0 0
15 2 0 90.8507 2.31647 0 1.30562 9.89102 15 0 0 50.3567 0 405000 0 0
16 2 0 81.0039 0.586794 0 1.25492 15.9485 16 0 0 53.1916 0 405000 0 0
17 2 1 58.5081 2.27046 -1 1.34714 15.0601 17 0 0 45.068 0 405000 0 0
18 2 1 77.5097 0.712256 -1 1.26951 19.7251 18 0 0 45.8962 0 405000 0 0
19 3 0 85.6018 1.65161 0 1.294 18.5151 19 0 0 74.4863 82.3541 405000 0 0
20 3 0 83.2697 1.69632 0 1.17414 20.002 20 0 0 78.1911 85.1703 405000 0 0
21 3 0 86.4948 1.61262 1.5708 1.98295 17.2775 21 0 0 65.5799 75.1535 405000 0 0
22 3 0 83.2153 1.68438 0 1.2488 22.1586 22 0 0 69.1712 81.2924 405000 0 0
23 3 0 98.8316 1.45339 0 1.22752 17.9378 23 0 0 57.6674 68.1548 405000 0 0
24 3 0 83.7979 1.71708 0 1.05908 23.6778 24 0 0 59.8369 73.1452 405000 0 0
25 3 1 62.0337 2.43153 -1 1.14508 20.3605 25 0 0 50.1944 60.8112 405000 0 0
26 3 1 76.8427 0.74566 -1 1.17028 25.5747 26 0 0 51.2308 63.7549 405000 0 0
27 4 0 92.8442 1.56868 1.5708 1.72178 30.3009 27 0 0 75.7975 101.335 405000 0 0
28 4 0 92.3771 1.56648 1.5708 1.87143 30.41 28 0 0 69.247 90.8335 405000 0 0
29 4 0 90.3757 1.60861 0 1.23421 31.3999 29 0 0 71.6231 96.0115 405000 0 0
30 4 0 88.8785 1.55867 -1 1.60328 29.7562 30 0 0 61.5791 79.2666 405000 0 0
31 4 0 83.439 1.67652 0 1.14108 32.8128 31 0 0 62.6767 83.5498 405000 0 0
32 4 1 90.1621 1.43106 -1 1.21143 29.2943 32 0 0 53.9892 68.9216 405000 0 0
33 4 1 82.3276 1.84753 -1 1.08046 33.8987 33 0 0 54.3461 71.4484 405000 0 0
34 5 0 83.1251 1.50423 1.5708 1.8239 42.2324 34 0 0 62.5191 95.1858 405000 0 0
35 5 0 82.7995 1.52418 -1 1.33042 42.313 35 0 0 63.02 97.1458 405000 0 0
36 5 0 86.3284 1.54412 -1 1.42991 42.4077 36 0 0 58.3264 84.4839 405000 0 0
37 5 0 86.387 1.58257 1.5708 1.56591 42.5024 37 0 0 59.2919 87.2451 405000 0 0
38 5 1 92.8101 1.42512 -1 1.22837 40.2317 38 0 0 53.7459 74.1576 405000 0 0
39 5 1 88.4234 1.75676 -1 1.18837 43.3758 39 0 0 53.849 76.129 405000 0 0
40 6 0 69.9311 1.57523 -1 1.21394 52.8894 40 0 0 53.5121 82.498 405000 0 0
41 6 0 96.7552 1.55962 0 1.27596 53.1458 41 0 0 51.7394 78.4105 405000 0 0
42 6 0 90.9056 1.62511 1.5708 1.2828 53.2063 42 0 0 52.3298 79.8963 405000 0 0
43 6 1 85.6561 1.4892 -1 1.15011 51.4533 43 0 0 49.6098 72.6563 405000 0 0
44 6 1 91.0108 2.7464 -1 1.11994 53.657 44 0 0 49.685 74.0334 405000 0 0
45 7 0 106.197 1.54572 1.5708 1.788 65.0548 45 0 0 44.1236 67.5004 405000 0 0
46 7 0 103.706 1.70782 1.5708 1.50581 64.7714 46 0 0 43.6632 66.3881 405000 0 0
47 7 0 99.4328 1.49381 1.5708 1.48483 64.8851 47 0 0 43.617 66.3208 405000 0 0
48 7 1 86.7588 1.58495 1.5708 1.20362 62.3339 48 0 0 43.3459 64.7846 405000 0 0
49 7 1 61.0453 1.54758 1.5708 1.20346 63.1869 49 0 0 43.0191 64.4206 405000 0 0
