0 1 1 86.139 0.134697 -1 1.10737 0.333597 426 0 0 58.7 0 425000 0 1.60033
1 1 1 108.617 0.371653 -1 1.11238 0 1977 0 0 58.5 0 425000 0 1.54126
2 1 1 110.116 2.66573 -1 1.15535 2.08203 15 0 0 55.3 0 425000 0 1.68002
3 1 1 111.465 0.294498 -1 1.07974 0.709956 2176 0 0 55.1 0 425000 0 1.60273
4 1 1 85.9867 2.76444 -1 1.04564 4.45131 -511849632 0 0 50.2 0 425000 0 1.71941
5 1 1 87.4707 0.476447 -1 1.29105 3.14032 24 0 0 49.7 0 425000 0 1.67371
6 1 1 105.541 2.65233 -1 1.00652 7.18845 2346 0 0 44.6 0 425000 0 1.74681
7 1 1 102.398 1.93473 -1 1.01702 5.79117 1504 0 0 44.1 0 425000 0 1.71045
8 1 1 83.0595 2.24187 -1 1.19222 11.8755 239 0 0 39.9 0 425000 0 1.80705
9 1 1 61.0947 0.804343 -1 1.15851 9.79453 903 0 0 39.6 0 425000 0 1.76593
10 2 0 79.9416 2.71651 0 1.24605 8.33916 2507 0 0 68.1 0 425000 0 0
11 2 0 77.7711 2.64036 0 1.31027 9.30778 2156 0 0 64.9 0 425000 0 0
12 2 0 78.5177 0.407646 0 1.30291 8.91427 1116 0 0 64.7 0 425000 0 0
13 2 0 75.5051 0.12928 0 1.25982 11.5305 4158 0 0 57.9 0 425000 0 0
14 2 0 77.2179 0.473203 0 1.23155 9.83181 5369 0 0 57.2 0 425000 0 0
15 2 0 79.0934 2.5593 0 1.4122 13.9878 6656 0 0 50.3 0 425000 0 0
16 2 0 76.0042 0.565364 0 1.43484 12.7222 4302 0 0 49.7 0 425000 0 0
17 2 1 58.449 2.37852 -1 1.36633 17.6594 123 0 0 43.5 0 425000 0 0
18 2 1 58.4816 0.71015 -1 1.30008 15.6914 961 0 0 42.9 0 425000 0 0
19 3 0 80.8674 2.62861 0 1.2419 17.2343 1071 0 0 76.3 84.5 425000 0 0
20 3 0 77.7918 0.0365724 0 1.18199 16.4769 439 0 0 75.9 83.7 425000 0 0
21 3 0 73.9087 2.4703 -1 1.16108 18.8594 35 0 0 66.2 78.3 425000 0 0
22 3 0 84.0126 0.427496 0 1.29805 17.3186 233 0 0 65.2 76.6 425000 0 0
23 3 0 86.6099 2.61904 0 1.32141 20.9765 851 0 0 56.4 69.3 425000 0 0
24 3 0 73.4706 0.585005 -1 1.34228 19.1392 645 0 0 55.3 67.4 425000 0 0
25 3 1 79.7848 2.42177 -1 1.28812 23.5203 557 0 0 48 60 425000 0 0
26 3 1 79.9121 0.707537 -1 1.2518 21.8089 351 0 0 47.2 58.5 425000 0 0
27 4 0 69.114 2.40391 -1 1.13344 25.0867 763 0 0 94.2 97.9 425000 0 0
28 4 0 76.2223 2.58678 -1 1.11958 26.8175 35 0 0 85.8 91.2 425000 0 0
29 4 0 80.1575 0.496233 0 1.37082 24.8234 851 0 0 85.5 89.5 425000 0 0
30 4 0 85.1343 2.67321 0 1.38529 28.5718 1365 0 0 75.4 78.9 425000 0 0
31 4 0 80.4267 0.493819 0 1.26021 26.3 1799 0 0 74.4 76.6 425000 0 0
32 4 1 78.0632 2.49084 -1 1.29499 30.5264 2123 0 0 66.4 67.2 425000 0 0
33 4 1 80.0731 0.730447 -1 1.20791 28.8043 233 0 0 65.9 65.9 425000 0 0
34 5 0 83.7738 2.59623 0 1.32663 34.578 1483 0 0 82.4 101.6 425000 0 0
35 5 0 75.8088 1.51386 1.5708 1.48787 33.3804 123 0 0 81.7 98.6 425000 0 0
36 5 0 76.5979 2.57743 -1 1.26023 36.2837 1159 0 0 75.4 85.8 425000 0 0
37 5 0 84.1847 0.343541 0 1.35268 33.7447 1277 0 0 75 84.1 425000 0 0
38 5 1 80.3451 2.54247 -1 1.26484 37.8843 961 0 0 67.7 72.8 425000 0 0
39 5 1 59.4415 0.702855 -1 1.20871 35.2551 351 0 0 67.6 71.8 425000 0 0
40 6 0 83.2327 1.4447 1.5708 1.21066 43.0078 1601 0 0 73.5 90.1 425000 0 0
41 6 0 96.9039 0.162418 1.5708 1.21902 44.2403 439 0 0 71.7 85.9 425000 0 0
42 6 0 77.5058 0.282216 -1 1.11948 42.5988 1887 0 0 70.9 83.5 425000 0 0
43 6 1 81.181 2.6916 -1 1.36085 45.4234 1071 0 0 66.7 75.1 425000 0 0
44 6 1 60.3541 0.500864 -1 1.17819 42.2379 557 0 0 66.5 73.9 425000 0 0
45 7 0 82.7715 1.47722 -1 1.201 52.6896 645 0 0 65.2 76.9 425000 0 0
46 7 0 94.5281 1.54133 0 1.21631 53.7684 763 0 0 64 74.4 425000 0 0
47 7 0 78.7982 1.48607 -1 1.20261 51.8551 1689 0 0 64.6 75.3 425000 0 0
48 7 1 76.8128 3.02545 -1 1.10265 53.2784 2005 0 0 62 69.9 425000 0 0
49 7 1 84.564 1.80154 -1 1.09947 50.8778 2211 0 0 62.6 70.4 425000 0 0
