# CellID	NodeIndex	X	Y	R	Theta
8	0	54.3406	-9.67779	52.1808	0.0723931
8	1	54.5231	-9.4895	52.3768	0.0757265
8	2	54.6946	-9.28949	52.5632	0.079274
8	3	54.8529	-9.07941	52.738	0.0830071
8	4	54.998	-8.86182	52.9011	0.0868787
8	5	55.1314	-8.63839	53.0538	0.0908562
8	6	55.2545	-8.40921	53.1976	0.0949365
8	7	55.3676	-8.17327	53.333	0.0991394
8	8	55.4691	-7.92963	53.4586	0.103487
8	9	55.5569	-7.67862	53.5724	0.107978
8	10	55.6296	-7.42221	53.6729	0.112581
8	11	55.6878	-7.1627	53.7605	0.117256
8	12	55.7334	-6.90112	53.837	0.121983
8	13	55.7677	-6.63705	53.9038	0.126768
8	14	55.7907	-6.36941	53.9611	0.131634
8	15	55.8005	-6.09774	54.0071	0.136597
8	16	55.7951	-5.8232	54.0399	0.141643
8	17	55.7741	-5.5482	54.0586	0.146734
8	18	55.7391	-5.27456	54.0647	0.151836
8	19	55.6922	-5.00224	54.0602	0.156947
8	20	55.6341	-4.72992	54.0461	0.162091
8	21	55.5631	-4.45658	54.0208	0.167297
8	22	55.4762	-4.18301	53.9815	0.172562
8	23	55.3717	-3.91235	53.9258	0.17784
8	24	55.2512	-3.64787	53.8547	0.183069
8	25	55.1183	-3.39001	53.7717	0.188234
8	26	54.9751	-3.13693	53.6791	0.193365
8	27	54.8211	-2.88688	53.5767	0.198498
8	28	54.654	-2.6401	53.4622	0.203639
8	29	54.4724	-2.39916	53.3338	0.208752
8	30	54.2777	-2.16678	53.1921	0.213785
8	31	54.073	-1.943	53.0402	0.218726
8	32	53.8597	-1.72571	52.8798	0.223613
8	33	53.6366	-1.51351	52.71	0.228477
8	34	53.4014	-1.30756	52.5281	0.23331
8	35	53.1537	-1.1111	52.3331	0.238057
8	36	52.8962	-0.925951	52.1272	0.242673
8	37	52.6317	-0.750478	51.913	0.247179
8	38	52.3595	-0.582367	51.6908	0.251621
8	39	52.0771	-0.422058	51.4576	0.256004
8	40	51.783	-0.273412	51.2113	0.260266
8	41	51.4804	-0.140293	50.9535	0.264319
8	42	51.1967	-0.0348634	50.7075	0.267788
8	43	50.9434	0.0391966	50.483	0.27053
8	44	50.7106	0.0891349	50.2722	0.272725
8	45	50.4898	0.120307	50.068	0.274512
8	46	50.2742	0.134915	49.8645	0.275966
8	47	50.0604	0.128311	49.6571	0.277012
8	48	49.8592	0.0794863	49.4501	0.277175
8	49	49.6642	-0.0131938	49.2372	0.276448
8	50	49.4685	-0.102695	49.0245	0.275781
8	51	49.2789	-0.200078	48.8156	0.27492
8	52	49.0944	-0.300526	48.6108	0.273961
8	53	48.9144	-0.401866	48.4101	0.272952
8	54	48.7378	-0.506684	48.2118	0.271845
8	55	48.5638	-0.614379	48.0154	0.270658
8	56	48.3927	-0.725654	47.8207	0.269372
8	57	48.2241	-0.839477	47.628	0.26801
8	58	48.0605	-0.956911	47.4391	0.266537
8	59	47.9006	-1.08005	47.2526	0.264914
8	60	47.7472	-1.20868	47.0709	0.26313
8	61	47.599	-1.33902	46.894	0.261268
8	62	47.4567	-1.47102	46.7225	0.259326
8	63	47.3179	-1.60175	46.5549	0.257376
8	64	47.1827	-1.73808	46.3895	0.255276
8	65	47.0482	-1.8765	46.2245	0.253113
8	66	46.9186	-2.02029	46.0633	0.250795
8	67	46.7897	-2.16392	45.9028	0.248462
8	68	46.6687	-2.31187	45.7493	0.245977
8	69	46.5496	-2.46234	45.5973	0.243412
8	70	46.4401	-2.61813	45.4536	0.240667
8	71	46.3355	-2.77352	45.3152	0.237887
8	72	46.2382	-2.92918	45.1842	0.235046
8	73	46.1458	-3.08358	45.0585	0.232191
8	74	46.0593	-3.24004	44.9385	0.229246
8	75	45.9743	-3.39702	44.8203	0.226266
8	76	45.9037	-3.56175	44.7148	0.22303
8	77	45.8381	-3.73431	44.6129	0.219583
8	78	45.7987	-3.92399	44.5334	0.215619
8	79	45.7669	-4.12433	44.4599	0.21137
8	80	45.7615	-4.33032	44.4118	0.206861
8	81	45.7676	-4.5323	44.3768	0.202378
8	82	45.7992	-4.73057	44.3684	0.197858
8	83	45.8473	-4.92849	44.3771	0.193271
8	84	45.9132	-5.12424	44.4046	0.18866
8	85	45.9827	-5.31814	44.437	0.184081
8	86	46.0564	-5.51004	44.4748	0.179536
8	87	46.1305	-5.70152	44.5139	0.175006
8	88	46.2058	-5.89225	44.5553	0.170496
8	89	46.2816	-6.08374	44.5981	0.165976
8	90	46.3615	-6.27557	44.6456	0.161443
8	91	46.4447	-6.46629	44.6976	0.156932
8	92	46.529	-6.65519	44.7517	0.152469
8	93	46.612	-6.8423	44.8058	0.14806
8	94	46.6972	-7.02583	44.8634	0.143733
8	95	46.7812	-7.20756	44.9209	0.139462
8	96	46.8616	-7.38879	44.9757	0.135223
8	97	46.9482	-7.57097	45.0374	0.130955
8	98	47.0371	-7.75436	45.102	0.126667
8	99	47.1279	-7.93733	45.1694	0.122395
8	100	47.2164	-8.12054	45.2352	0.118136
8	101	47.306	-8.30146	45.3033	0.113937
8	102	47.3978	-8.47942	45.3746	0.10981
8	103	47.49	-8.65578	45.4474	0.105731
8	104	47.5812	-8.83167	45.5198	0.101677
8	105	47.6728	-9.0063	45.5936	0.0976627
8	106	47.765	-9.17908	45.6689	0.0937005
8	107	47.8596	-9.35173	45.7472	0.0897496
8	108	47.9562	-9.52217	45.8286	0.0858565
8	109	48.053	-9.68945	45.911	0.0820456
8	110	48.1486	-9.85311	45.9932	0.0783288
8	111	48.2437	-10.0123	46.0758	0.0747222
8	112	48.3399	-10.1664	46.1606	0.0712391
8	113	48.4359	-10.3167	46.2458	0.0678479
8	114	48.5376	-10.4599	46.3379	0.0646175
8	115	48.6353	-10.6014	46.4264	0.0614397
8	116	48.7378	-10.733	46.5209	0.0584796
8	117	48.8862	-10.8121	46.6645	0.0566022
8	118	49.0471	-10.8817	46.8212	0.0549245
8	119	49.2197	-10.9524	46.9898	0.0532203
8	120	49.4147	-11.0109	47.1814	0.051762
8	121	49.638	-11.0584	47.4021	0.0505177
8	122	49.8949	-11.0994	47.6565	0.049386
8	123	50.1728	-11.1287	47.9326	0.0484886
8	124	50.4493	-11.1474	48.208	0.0478235
8	125	50.7255	-11.1557	48.4835	0.0473813
8	126	51.0022	-11.1514	48.7601	0.0471998
8	127	51.2787	-11.1318	49.0372	0.047334
8	128	51.5523	-11.0951	49.3122	0.0478139
8	129	51.8201	-11.0426	49.5823	0.0486136
8	130	52.0813	-10.977	49.8464	0.0496731
8	131	52.3368	-10.9004	50.1053	0.0509463
8	132	52.5878	-10.813	50.3605	0.0524258
8	133	52.8347	-10.7133	50.6124	0.0541382
8	134	53.076	-10.5995	50.8596	0.0561161
8	135	53.3093	-10.4714	51.0999	0.0583632
8	136	53.5327	-10.3308	51.3312	0.0608422
8	137	53.7463	-10.1805	51.5538	0.0635018
8	138	53.9515	-10.0218	51.7688	0.0663095
8	139	54.1496	-9.85468	51.9777	0.0692647
9	0	-42.1359	0.979645	46.7173	2.82754
9	1	-42.2547	1.13384	46.878	2.8252
9	2	-42.3801	1.28296	47.0438	2.82301
9	3	-42.5048	1.43009	47.2083	2.82088
9	4	-42.6336	1.57471	47.3763	2.81884
9	5	-42.7635	1.71699	47.5447	2.81687
9	6	-42.8941	1.85569	47.7128	2.81499
9	7	-43.0289	1.99434	47.885	2.81315
9	8	-43.1668	2.13175	48.0599	2.81137
9	9	-43.3048	2.26845	48.2349	2.80961
9	10	-43.4454	2.39889	48.4104	2.80801
9	11	-43.5885	2.52914	48.5883	2.80644
9	12	-43.7371	2.65198	48.7691	2.80507
9	13	-43.884	2.77313	48.9478	2.80372
9	14	-44.0326	2.88689	49.1258	2.80254
9	15	-44.179	2.99785	49.3008	2.80141
9	16	-44.3248	3.10492	49.474	2.80035
9	17	-44.4736	3.2075	49.6485	2.7994
9	18	-44.6231	3.30934	49.8236	2.79849
9	19	-44.7829	3.39354	50.0024	2.79798
9	20	-44.958	3.4537	50.1875	2.79802
9	21	-45.161	3.47987	50.3874	2.79889
9	22	-45.3772	3.48782	50.5939	2.80018
9	23	-45.613	3.47658	50.8123	2.80194
9	24	-45.8763	3.44724	51.0509	2.8042
9	25	-46.1767	3.39423	51.3171	2.80711
9	26	-46.4758	3.33123	51.5792	2.81017
9	27	-46.7745	3.25758	51.8379	2.81339
9	28	-47.0716	3.17062	52.0915	2.81681
9	29	-47.3643	3.06945	52.3369	2.82042
9	30	-47.6506	2.95633	52.5732	2.82419
9	31	-47.9313	2.83376	52.802	2.82805
9	32	-48.2083	2.70195	53.0253	2.83203
9	33	-48.4801	2.56007	53.2414	2.83612
9	34	-48.7444	2.40614	53.4477	2.84035
9	35	-48.9984	2.24101	53.6417	2.8447
9	36	-49.2413	2.06763	53.8238	2.8491
9	37	-49.4748	1.88787	53.9961	2.85353
9	38	-49.7004	1.70141	54.16	2.85802
9	39	-49.9178	1.50685	54.3148	2.86258
9	40	-50.125	1.30381	54.4587	2.86721
9	41	-50.3206	1.09385	54.5907	2.87188
9	42	-50.5052	0.878903	54.7118	2.87657
9	43	-50.6799	0.659575	54.8237	2.88126
9	44	-50.8455	0.435001	54.9265	2.88599
9	45	-51.0008	0.204059	55.019	2.89076
9	46	-51.1439	-0.0330657	55.0994	2.89558
9	47	-51.2736	-0.274553	55.167	2.9004
9	48	-51.3908	-0.518429	55.2232	2.90519
9	49	-51.497	-0.764013	55.2695	2.90996
9	50	-51.593	-1.012	55.3067	2.91472
9	51	-51.6783	-1.26355	55.3338	2.9195
9	52	-51.7506	-1.51901	55.3487	2.92429
9	53	-51.8081	-1.77707	55.3498	2.92907
9	54	-51.8505	-2.03538	55.3374	2.93379
9	55	-51.8793	-2.29226	55.3132	2.93844
9	56	-51.8964	-2.54744	55.2791	2.94303
9	57	-51.9026	-2.80166	55.2356	2.94756
9	58	-51.8974	-3.05565	55.1821	2.95206
9	59	-51.8793	-3.30919	55.1171	2.95651
9	60	-51.8471	-3.5609	55.0397	2.9609
9	61	-51.801	-3.80882	54.9502	2.96519
9	62	-51.7424	-4.05173	54.8504	2.96936
9	63	-51.6729	-4.28961	54.7416	2.97343
9	64	-51.5933	-4.52321	54.6245	2.9774
9	65	-51.5032	-4.75317	54.4984	2.98129
9	66	-51.4014	-4.97932	54.3621	2.9851
9	67	-51.2865	-5.20036	54.2146	2.9888
9	68	-51.1585	-5.41433	54.0559	2.99235
9	69	-51.0188	-5.6197	53.8875	2.99573
9	70	-50.8692	-5.81624	53.7112	2.99895
9	71	-50.7111	-6.00474	53.5281	3.00201
9	72	-50.5448	-6.18612	53.3384	3.00495
9	73	-50.3695	-6.36053	53.1413	3.00775
9	74	-50.1845	-6.52708	52.9359	3.0104
9	75	-49.9896	-6.68421	52.7223	3.01287
9	76	-49.7859	-6.83061	52.5016	3.01514
9	77	-49.5751	-6.9661	52.2755	3.0172
9	78	-49.3584	-7.09155	52.045	3.01908
9	79	-49.1359	-7.20789	51.81	3.02078
9	80	-48.907	-7.31532	51.5699	3.02231
9	81	-48.671	-7.41285	51.324	3.02365
9	82	-48.428	-7.49882	51.0726	3.02476
9	83	-48.1792	-7.57199	50.817	3.02562
9	84	-47.9265	-7.63246	50.559	3.02623
9	85	-47.6708	-7.68147	50.2993	3.02662
9	86	-47.4119	-7.72006	50.0377	3.02679
9	87	-47.1488	-7.74802	49.7732	3.02674
9	88	-46.8811	-7.7636	49.5055	3.02643
9	89	-46.6098	-7.76459	49.2358	3.02582
9	90	-46.3372	-7.75019	48.9668	3.02489
9	91	-46.0658	-7.72196	48.7005	3.02366
9	92	-45.7959	-7.68252	48.4372	3.0222
9	93	-45.527	-7.63328	48.1761	3.02052
9	94	-45.2925	-7.57792	47.9501	3.01878
9	95	-45.082	-7.51551	47.7489	3.01694
9	96	-44.8882	-7.44266	47.5658	3.01492
9	97	-44.7075	-7.35415	47.3979	3.01258
9	98	-44.5538	-7.2343	47.261	3.00965
9	99	-44.4242	-7.07216	47.1542	3.00588
9	100	-44.3089	-6.8848	47.0658	3.0016
9	101	-44.1975	-6.69706	46.9821	2.99732
9	102	-44.0889	-6.51125	46.9018	2.99306
9	103	-43.9813	-6.32893	46.8227	2.98887
9	104	-43.8765	-6.14874	46.747	2.98472
9	105	-43.7739	-5.97051	46.6739	2.9806
9	106	-43.6756	-5.79275	46.6058	2.9765
9	107	-43.5758	-5.61896	46.5362	2.97247
9	108	-43.4756	-5.44753	46.4667	2.96847
9	109	-43.3798	-5.27385	46.4026	2.96442
9	110	-43.2842	-5.10124	46.3394	2.96039
9	111	-43.19	-4.92955	46.278	2.95638
9	112	-43.098	-4.75817	46.2195	2.95237
9	113	-43.0069	-4.58756	46.1625	2.94837
9	114	-42.9152	-4.41851	46.1053	2.94438
9	115	-42.8273	-4.24932	46.0526	2.94041
9	116	-42.7399	-4.0829	46.0006	2.93648
9	117	-42.6507	-3.92132	45.9465	2.93265
9	118	-42.5659	-3.75622	45.8981	2.92874
9	119	-42.4827	-3.59023	45.8523	2.92482
9	120	-42.4016	-3.42363	45.8092	2.92089
9	121	-42.3205	-3.25749	45.7668	2.91696
9	122	-42.241	-3.09127	45.7267	2.91303
9	123	-42.1634	-2.92554	45.689	2.90911
9	124	-42.0872	-2.76152	45.653	2.90523
9	125	-42.0135	-2.60027	45.6194	2.90141
9	126	-41.9422	-2.43735	45.5893	2.89757
9	127	-41.8727	-2.2748	45.5614	2.89374
9	128	-41.8072	-2.11273	45.538	2.88994
9	129	-41.7433	-1.95276	45.5163	2.88618
9	130	-41.6834	-1.79419	45.4987	2.88248
9	131	-41.6292	-1.63673	45.487	2.87883
9	132	-41.5756	-1.48212	45.4757	2.87524
9	133	-41.5344	-1.32672	45.4771	2.8717
9	134	-41.495	-1.17204	45.4807	2.8682
9	135	-41.4677	-1.0156	45.4969	2.86472
9	136	-41.4372	-0.859657	45.5105	2.86124
9	137	-41.4336	-0.698199	45.5519	2.85781
9	138	-41.4439	-0.531555	45.6087	2.85437
9	139	-41.4636	-0.35383	45.6783	2.85076
9	140	-41.5011	-0.166193	45.7683	2.84707
9	141	-41.5613	0.0102204	45.8774	2.84377
9	142	-41.626	0.182423	45.99	2.8406
9	143	-41.709	0.347013	46.1183	2.83773
9	144	-41.8019	0.510208	46.2559	2.83496
9	145	-41.9084	0.668158	46.4053	2.83241
9	146	-42.018	0.826386	46.5579	2.82989
17	0	47.8832	-11.6428	45.6227	0.0396664
17	1	47.9292	-11.4345	45.6773	0.044184
17	2	47.9601	-11.2311	45.7176	0.0485984
17	3	47.97	-11.0279	45.7378	0.0530253
17	4	47.9285	-10.8231	45.7077	0.0575478
17	5	47.8434	-10.6083	45.6356	0.0623537
17	6	47.7469	-10.395	45.5531	0.0671596
17	7	47.6477	-10.1837	45.4689	0.0719414
17	8	47.5499	-9.97479	45.3868	0.0766883
17	9	47.4516	-9.77011	45.305	0.0813591
17	10	47.355	-9.56826	45.2256	0.0859811
17	11	47.2562	-9.36947	45.1447	0.0905561
17	12	47.1604	-9.16946	45.0679	0.0951681
17	13	47.0669	-8.96728	44.9945	0.0998389
17	14	46.9667	-8.7675	44.9152	0.104487
17	15	46.8686	-8.56647	44.8391	0.109174
17	16	46.7726	-8.36412	44.7662	0.113901
17	17	46.6726	-8.16679	44.6898	0.118542
17	18	46.5775	-7.96856	44.6192	0.123206
17	19	46.4863	-7.76789	44.5539	0.127927
17	20	46.3885	-7.56935	44.4827	0.132635
17	21	46.2925	-7.36943	44.4145	0.137382
17	22	46.1984	-7.16892	44.3493	0.142151
17	23	46.0977	-6.97253	44.2779	0.146864
17	24	46.0002	-6.77749	44.2104	0.151551
17	25	45.9045	-6.58231	44.1458	0.156249
17	26	45.807	-6.3904	44.0798	0.160894
17	27	45.7082	-6.20047	44.0133	0.165513
17	28	45.6076	-6.0131	43.9453	0.170096
17	29	45.5041	-5.82989	43.8748	0.174611
17	30	45.4009	-5.6525	43.8044	0.179008
17	31	45.295	-5.48205	43.731	0.183274
17	32	45.186	-5.31714	43.6542	0.187444
17	33	45.076	-5.15736	43.5763	0.191517
17	34	44.962	-5.00201	43.4942	0.195522
17	35	44.8345	-4.85595	43.3979	0.199394
17	36	44.6911	-4.7167	43.2852	0.203204
17	37	44.5264	-4.58687	43.1504	0.206921
17	38	44.3406	-4.4634	42.9942	0.210619
17	39	44.1505	-4.36166	42.8298	0.21387
17	40	43.9555	-4.27939	42.657	0.216725
17	41	43.7543	-4.21441	42.4746	0.219238
17	42	43.5494	-4.16141	42.2862	0.221515
17	43	43.3418	-4.11709	42.0935	0.223626
17	44	43.1318	-4.07993	41.8971	0.225602
17	45	42.9194	-4.04962	41.6968	0.22745
17	46	42.7047	-4.02687	41.4929	0.229151
17	47	42.4891	-4.01213	41.2863	0.230685
17	48	42.2738	-4.00555	41.0783	0.232039
17	49	42.0604	-4.00586	40.8705	0.233233
17	50	41.8492	-4.01322	40.6634	0.234257
17	51	41.6397	-4.02753	40.4563	0.235115
17	52	41.4315	-4.05197	40.2482	0.235729
17	53	41.2244	-4.09203	40.0374	0.235965
17	54	41.0189	-4.15415	39.8231	0.235655
17	55	40.8121	-4.2376	39.6025	0.234825
17	56	40.6046	-4.34597	39.3755	0.233374
17	57	40.4158	-4.46982	39.1633	0.231412
17	58	40.2457	-4.61047	38.9656	0.2289
17	59	40.0911	-4.76665	38.7798	0.225883
17	60	39.9468	-4.93268	38.6022	0.222528
17	61	39.8085	-5.10421	38.4297	0.218969
17	62	39.6746	-5.27946	38.2611	0.215258
17	63	39.5438	-5.45749	38.0956	0.211426
17	64	39.4162	-5.63855	37.9332	0.207465
17	65	39.2936	-5.82251	37.7756	0.203368
17	66	39.176	-6.00676	37.6236	0.199203
17	67	39.0628	-6.18903	37.4769	0.195033
17	68	38.9531	-6.37253	37.334	0.190781
17	69	38.8462	-6.5563	37.1946	0.186475
17	70	38.7417	-6.73976	37.0582	0.182133
17	71	38.6407	-6.92276	36.9261	0.177754
17	72	38.5452	-7.11015	36.7993	0.173201
17	73	38.4571	-7.29987	36.6803	0.16852
17	74	38.3774	-7.48952	36.5703	0.163773
17	75	38.3047	-7.67694	36.4684	0.159028
17	76	38.2388	-7.86197	36.3744	0.154292
17	77	38.1779	-8.04701	36.2863	0.149511
17	78	38.1245	-8.23371	36.2061	0.144632
17	79	38.0808	-8.42364	36.1359	0.139605
17	80	38.0504	-8.61911	36.0791	0.134357
17	81	38.035	-8.82317	36.037	0.128803
17	82	38.038	-9.037	36.0132	0.122904
17	83	38.0613	-9.24093	36.0119	0.117204
17	84	38.1053	-9.43407	36.0335	0.111738
17	85	38.1665	-9.61931	36.0742	0.106446
17	86	38.2358	-9.80144	36.1242	0.101229
17	87	38.3112	-9.98301	36.1815	0.0960254
17	88	38.3896	-10.1674	36.2423	0.0907537
17	89	38.4732	-10.3558	36.309	0.0853783
17	90	38.5622	-10.5474	36.3818	0.079922
17	91	38.6572	-10.7394	36.4617	0.0744639
17	92	38.7565	-10.9323	36.547	0.068998
17	93	38.8589	-11.123	36.6366	0.0636133
17	94	38.9625	-11.3123	36.7284	0.0582912
17	95	39.0667	-11.5012	36.8219	0.0530053
17	96	39.1714	-11.6907	36.917	0.0477283
17	97	39.2776	-11.8809	37.0145	0.0424579
17	98	39.385	-12.0717	37.1142	0.0371993
17	99	39.4934	-12.2618	37.216	0.0319878
17	100	39.6026	-12.4499	37.3196	0.026856
17	101	39.711	-12.6367	37.4234	0.0217875
17	102	39.8201	-12.8219	37.5289	0.016791
17	103	39.9305	-13.0059	37.6367	0.0118531
17	104	40.0426	-13.1892	37.7471	0.00696299
17	105	40.154	-13.3726	37.8576	0.00209777
17	106	40.2676	-13.5529	37.9713	-0.00265606
17	107	40.3834	-13.7336	38.088	-0.00739223
17	108	40.5005	-13.9141	38.2069	-0.0120953
17	109	40.6176	-14.0955	38.3265	-0.0167893
17	110	40.7363	-14.277	38.4487	-0.0214579
17	111	40.8565	-14.4604	38.5732	-0.0261439
17	112	40.9823	-14.6416	38.7042	-0.0307399
17	113	41.1217	-14.8068	38.8489	-0.0348798
17	114	41.2886	-14.9285	39.0201	-0.0378473
17	115	41.4897	-15.0125	39.2243	-0.0397945
17	116	41.7074	-15.0751	39.4444	-0.0411611
17	117	41.9447	-15.1236	39.6835	-0.0421359
17	118	42.2098	-15.1603	39.9499	-0.0427745
17	119	42.5121	-15.1852	40.253	-0.0430711
17	120	42.8149	-15.1973	40.556	-0.043046
17	121	43.1188	-15.194	40.8595	-0.042646
17	122	43.4219	-15.1722	41.1614	-0.0418022
17	123	43.7203	-15.1317	41.4579	-0.0405273
17	124	44.0124	-15.0758	41.7475	-0.0389047
17	125	44.299	-15.0067	42.0314	-0.0369972
17	126	44.582	-14.9241	42.3111	-0.0347989
17	127	44.8606	-14.8256	42.5863	-0.0322604
17	128	45.1322	-14.7101	42.8542	-0.0293618
17	129	45.3938	-14.5795	43.1121	-0.0261563
17	130	45.6455	-14.4372	43.3602	-0.022722
17	131	45.8891	-14.2845	43.6006	-0.0190941
17	132	46.126	-14.1203	43.8347	-0.0152465
17	133	46.3552	-13.942	44.0615	-0.0111204
17	134	46.5733	-13.7481	44.2779	-0.00668638
17	135	46.7771	-13.5405	44.4807	-0.0019897
17	136	46.9664	-13.3229	44.6701	0.00289039
17	137	47.1434	-13.0971	44.8484	0.00791303
17	138	47.3098	-12.8627	45.0172	0.0130916
17	139	47.4648	-12.6182	45.176	0.0184584
17	140	47.6058	-12.3638	45.3225	0.0240135
17	141	47.7302	-12.1015	45.4538	0.0297152
17	142	47.8196	-11.8632	45.5508	0.0348883
18	0	-34.5999	-2.45214	38.5011	2.85185
18	1	-34.715	-2.28186	38.6604	2.84848
18	2	-34.836	-2.11617	38.8242	2.8453
18	3	-34.9617	-1.95665	38.9912	2.84233
18	4	-35.0894	-1.80272	39.1587	2.83953
18	5	-35.2183	-1.65436	39.3261	2.8369
18	6	-35.3478	-1.5108	39.4929	2.83442
18	7	-35.4798	-1.3704	39.6612	2.83205
18	8	-35.6157	-1.23471	39.8321	2.82985
18	9	-35.754	-1.10273	40.0043	2.82777
18	10	-35.8961	-0.976544	40.1785	2.82587
18	11	-36.0418	-0.857042	40.3541	2.82418
18	12	-36.1907	-0.743967	40.5309	2.82267
18	13	-36.3494	-0.645922	40.7124	2.82161
18	14	-36.5199	-0.555804	40.9026	2.82083
18	15	-36.7054	-0.481841	41.1019	2.82054
18	16	-36.9084	-0.414942	41.3157	2.82056
18	17	-37.1146	-0.367903	41.5262	2.82105
18	18	-37.3235	-0.334892	41.7349	2.82188
18	19	-37.5376	-0.319183	41.9431	2.82313
18	20	-37.7546	-0.315107	42.1506	2.82465
18	21	-37.9726	-0.322162	42.3555	2.82641
18	22	-38.1889	-0.337554	42.5565	2.82833
18	23	-38.4025	-0.359538	42.753	2.83036
18	24	-38.6139	-0.385826	42.9463	2.83245
18	25	-38.8242	-0.415738	43.1376	2.83459
18	26	-39.0335	-0.450381	43.3268	2.83681
18	27	-39.2423	-0.490865	43.5139	2.83914
18	28	-39.4499	-0.539984	43.6976	2.84163
18	29	-39.6547	-0.601571	43.8752	2.84435
18	30	-39.852	-0.682243	44.0404	2.84741
18	31	-40.0442	-0.785852	44.1946	2.85092
18	32	-40.231	-0.910253	44.3383	2.85481
18	33	-40.3978	-1.04436	44.4606	2.85877
18	34	-40.5493	-1.18841	44.5663	2.86282
18	35	-40.6863	-1.34464	44.6554	2.86703
18	36	-40.81	-1.5167	44.7282	2.87148
18	37	-40.9244	-1.70166	44.7896	2.87614
18	38	-41.0329	-1.89342	44.8445	2.8809
18	39	-41.1379	-2.08854	44.8963	2.8857
18	40	-41.2415	-2.28391	44.9475	2.89049
18	41	-41.3416	-2.47947	44.9964	2.89525
18	42	-41.4409	-2.67241	45.0462	2.89995
18	43	-41.5412	-2.86337	45.0983	2.90459
18	44	-41.6374	-3.05649	45.147	2.90925
18	45	-41.7362	-3.24981	45.1991	2.91391
18	46	-41.8371	-3.44397	45.2541	2.9186
18	47	-41.9321	-3.63975	45.3039	2.92327
18	48	-42.0301	-3.83282	45.3582	2.9279
18	49	-42.1311	-4.02121	45.4175	2.93242
18	50	-42.226	-4.21089	45.4714	2.93694
18	51	-42.325	-4.39827	45.5307	2.94141
18	52	-42.4283	-4.58468	45.5953	2.94587
18	53	-42.525	-4.77594	45.6534	2.95039
18	54	-42.6239	-4.96391	45.7152	2.95484
18	55	-42.7244	-5.14927	45.7801	2.95922
18	56	-42.8177	-5.33411	45.8387	2.96356
18	57	-42.9116	-5.5155	45.8995	2.96781
18	58	-43.0056	-5.69545	45.9613	2.97202
18	59	-43.0968	-5.87642	46.0211	2.97623
18	60	-43.1872	-6.05761	46.0808	2.98043
18	61	-43.2759	-6.23871	46.1397	2.98461
18	62	-43.3612	-6.41629	46.1966	2.9887
18	63	-43.4427	-6.58998	46.251	2.99268
18	64	-43.5209	-6.75969	46.3036	2.99655
18	65	-43.5947	-6.92517	46.353	3.00032
18	66	-43.6659	-7.08652	46.401	3.00397
18	67	-43.7308	-7.24614	46.4437	3.00757
18	68	-43.7862	-7.40426	46.4778	3.0111
18	69	-43.8502	-7.55482	46.5219	3.01449
18	70	-43.8727	-7.70073	46.526	3.01766
18	71	-43.8541	-7.8532	46.4889	3.02087
18	72	-43.8454	-8.01058	46.4616	3.02421
18	73	-43.8212	-8.17503	46.4185	3.02766
18	74	-43.7712	-8.3483	46.3495	3.03126
18	75	-43.7057	-8.53877	46.2638	3.03519
18	76	-43.6103	-8.74619	46.1474	3.03944
18	77	-43.4859	-8.98049	46.0002	3.04423
18	78	-43.3499	-9.20915	45.8431	3.04891
18	79	-43.2025	-9.43299	45.6761	3.05349
18	80	-43.0408	-9.65014	45.4964	3.05793
18	81	-42.8638	-9.85737	45.3031	3.06216
18	82	-42.673	-10.0515	45.0979	3.06612
18	83	-42.4719	-10.2322	44.884	3.06979
18	84	-42.2627	-10.401	44.6635	3.07323
18	85	-42.0455	-10.5598	44.4362	3.07646
18	86	-41.8191	-10.7088	44.2007	3.07949
18	87	-41.5823	-10.8463	43.956	3.08228
18	88	-41.3359	-10.9697	43.703	3.08476
18	89	-41.0827	-11.0782	43.444	3.08692
18	90	-40.8245	-11.173	43.1811	3.08879
18	91	-40.5615	-11.256	42.9141	3.0904
18	92	-40.2922	-11.3271	42.6417	3.09174
18	93	-40.0156	-11.3842	42.3625	3.09276
18	94	-39.7326	-11.4242	42.0779	3.09338
18	95	-39.4466	-11.4458	41.7912	3.09357
18	96	-39.1603	-11.4513	41.505	3.09337
18	97	-38.8735	-11.4434	41.2189	3.09284
18	98	-38.5848	-11.4231	40.9316	3.092
18	99	-38.2934	-11.3891	40.6422	3.09081
18	100	-38.0008	-11.34	40.3525	3.08923
18	101	-37.7479	-11.2821	40.1032	3.08746
18	102	-37.5275	-11.2173	39.8866	3.08554
18	103	-37.331	-11.1438	39.6946	3.08341
18	104	-37.1553	-11.0532	39.5246	3.08086
18	105	-37.0219	-10.9336	39.3989	3.07763
18	106	-36.9183	-10.7771	39.3059	3.07349
18	107	-36.8048	-10.6236	39.2034	3.06938
18	108	-36.6956	-10.4608	39.1066	3.06503
18	109	-36.5856	-10.291	39.0104	3.06047
18	110	-36.4772	-10.1152	38.917	3.05575
18	111	-36.3707	-9.93457	38.8268	3.05088
18	112	-36.2662	-9.75077	38.7398	3.04591
18	113	-36.163	-9.5654	38.6554	3.04088
18	114	-36.059	-9.37987	38.571	3.03582
18	115	-35.9549	-9.19308	38.4877	3.03071
18	116	-35.8522	-9.00331	38.4072	3.0255
18	117	-35.7499	-8.81099	38.3283	3.02021
18	118	-35.6455	-8.61815	38.2486	3.01487
18	119	-35.5428	-8.42457	38.1717	3.0095
18	120	-35.4418	-8.23189	38.0976	3.00414
18	121	-35.345	-8.03984	38.0286	2.99879
18	122	-35.2465	-7.85141	37.9584	2.99351
18	123	-35.1462	-7.6662	37.887	2.98828
18	124	-35.0542	-7.47943	37.8251	2.98303
18	125	-34.9577	-7.29163	37.7601	2.97771
18	126	-34.8582	-7.10385	37.6931	2.97237
18	127	-34.7624	-6.91452	37.6311	2.96698
18	128	-34.6681	-6.7259	37.5715	2.9616
18	129	-34.5747	-6.53837	37.5138	2.95624
18	130	-34.4825	-6.35158	37.458	2.95088
18	131	-34.3902	-6.1604	37.4043	2.9454
18	132	-34.2982	-5.96553	37.3526	2.9398
18	133	-34.2072	-5.7687	37.3035	2.93414
18	134	-34.122	-5.57028	37.2616	2.92846
18	135	-34.0422	-5.37171	37.2262	2.92279
18	136	-33.9712	-5.17323	37.2006	2.91717
18	137	-33.9123	-4.97449	37.1879	2.91161
18	138	-33.8705	-4.77463	37.1934	2.90612
18	139	-33.8443	-4.57107	37.2159	2.90063
18	140	-33.8349	-4.36174	37.2573	2.89512
18	141	-33.8438	-4.14355	37.3197	2.88951
18	142	-33.8738	-3.93391	37.4016	2.88428
18	143	-33.9244	-3.7326	37.5023	2.87943
18	144	-33.9971	-3.53807	37.6232	2.87494
18	145	-34.0832	-3.34862	37.7566	2.8707
18	146	-34.1786	-3.16391	37.8982	2.86668
18	147	-34.2776	-2.98183	38.0432	2.86278
18	148	-34.3813	-2.80298	38.1925	2.85902
18	149	-34.4885	-2.62619	38.3449	2.85537
25	0	40.2771	-16.1022	38.0729	-0.0696648
25	1	40.3405	-15.8907	38.1221	-0.0640145
25	2	40.3811	-15.6916	38.1504	-0.0587387
25	3	40.4007	-15.5003	38.1593	-0.0537024
25	4	40.428	-15.3143	38.177	-0.0488009
25	5	40.4082	-15.136	38.1489	-0.0441578
25	6	40.3411	-14.9518	38.0742	-0.0394021
25	7	40.2598	-14.7669	37.9861	-0.0346212
25	8	40.1705	-14.5801	37.8909	-0.0297774
25	9	40.0778	-14.3919	37.793	-0.0248714
25	10	39.9814	-14.2045	37.6925	-0.0199658
25	11	39.8837	-14.0158	37.5915	-0.0149987
25	12	39.7837	-13.8277	37.4891	-0.0100207
25	13	39.6834	-13.6379	37.3874	-0.00497297
25	14	39.5811	-13.4472	37.2846	0.000129035
25	15	39.4756	-13.257	37.1796	0.00524476
25	16	39.3692	-13.0675	37.0747	0.0103709
25	17	39.2642	-12.8783	36.9722	0.0155187
25	18	39.1567	-12.6914	36.8681	0.0206334
25	19	39.0499	-12.5043	36.7657	0.0257812
25	20	38.9446	-12.3157	36.6658	0.0309975
25	21	38.8357	-12.1286	36.5632	0.0362021
25	22	38.7253	-11.9431	36.4601	0.0413979
25	23	38.6139	-11.76	36.3568	0.0465549
25	24	38.504	-11.5787	36.256	0.0516934
25	25	38.3926	-11.4008	36.1543	0.0567646
25	26	38.2776	-11.2215	36.0502	0.0619118
25	27	38.1595	-11.0403	35.944	0.0671458
25	28	38.0392	-10.8579	35.8368	0.0724518
25	29	37.915	-10.6775	35.7264	0.0777374
25	30	37.7883	-10.4997	35.6144	0.0829909
25	31	37.6586	-10.3267	35.5	0.0881506
25	32	37.5246	-10.1602	35.3816	0.0931726
25	33	37.3845	-10.0023	35.2572	0.0980017
25	34	37.2338	-9.85613	35.1219	0.102563
25	35	37.0693	-9.72101	34.9724	0.106888
25	36	36.8889	-9.59742	34.8065	0.110971
25	37	36.6966	-9.49201	34.6274	0.114611
25	38	36.4992	-9.40868	34.4409	0.117671
25	39	36.2968	-9.34947	34.247	0.120082
25	40	36.0879	-9.3107	34.0443	0.121947
25	41	35.8778	-9.28287	33.8391	0.123519
25	42	35.6678	-9.26199	33.6334	0.124904
25	43	35.4575	-9.24543	33.4268	0.126179
25	44	35.2471	-9.2339	33.2195	0.127321
25	45	35.0368	-9.22688	33.0119	0.128341
25	46	34.8275	-9.22474	32.8046	0.129222
25	47	34.6196	-9.22978	32.5978	0.12989
25	48	34.415	-9.24027	32.3935	0.130387
25	49	34.2146	-9.25591	32.1928	0.130715
25	50	34.0182	-9.27268	31.9958	0.130996
25	51	33.824	-9.29717	31.8002	0.13103
25	52	33.6311	-9.32245	31.6056	0.131034
25	53	33.4407	-9.35921	31.4121	0.130666
25	54	33.2506	-9.39576	31.2188	0.130299
25	55	33.0645	-9.45253	31.0269	0.129264
25	56	32.8788	-9.51378	30.8348	0.12807
25	57	32.7015	-9.60252	30.6478	0.125937
25	58	32.523	-9.70142	30.4584	0.123452
25	59	32.37	-9.81605	30.2925	0.120319
25	60	32.2296	-9.9311	30.1395	0.117088
25	61	32.1071	-10.0574	30.0033	0.113383
25	62	31.995	-10.1901	29.8771	0.109396
25	63	31.8878	-10.3287	29.7557	0.105161
25	64	31.7856	-10.4742	29.6391	0.10064
25	65	31.6822	-10.6231	29.5216	0.0959726
25	66	31.5843	-10.7794	29.4095	0.0909998
25	67	31.4873	-10.9387	29.2988	0.0858878
25	68	31.3956	-11.105	29.1936	0.0804823
25	69	31.3056	-11.2744	29.0908	0.0749252
25	70	31.2209	-11.447	28.9938	0.0692089
25	71	31.1395	-11.6201	28.9011	0.0634276
25	72	31.0578	-11.7975	28.8089	0.0574609
25	73	30.9772	-11.979	28.7185	0.0513139
25	74	30.8986	-12.1632	28.6312	0.0450314
25	75	30.8257	-12.3489	28.5506	0.0386465
25	76	30.7537	-12.5376	28.472	0.0321216
25	77	30.686	-12.7283	28.3987	0.0254872
25	78	30.6206	-12.9188	28.3292	0.0188221
25	79	30.5575	-13.1123	28.2631	0.0120211
25	80	30.4953	-13.308	28.1992	0.00510623
25	81	30.4387	-13.507	28.1423	-0.00195406
25	82	30.3856	-13.7087	28.0903	-0.0091362
25	83	30.3412	-13.9126	28.0485	-0.0164222
25	84	30.3054	-14.1165	28.0168	-0.023721
25	85	30.2856	-14.3204	28.0027	-0.0310145
25	86	30.2849	-14.5246	28.009	-0.0383025
25	87	30.3067	-14.7319	28.0394	-0.0456632
25	88	30.3471	-14.9449	28.0903	-0.053172
25	89	30.4038	-15.149	28.1585	-0.0603022
25	90	30.478	-15.3463	28.2452	-0.0671145
25	91	30.5724	-15.5389	28.3529	-0.0736691
25	92	30.6831	-15.7277	28.4777	-0.0799973
25	93	30.8049	-15.9133	28.6145	-0.0861229
25	94	30.9308	-16.0948	28.756	-0.0920331
25	95	31.0581	-16.2728	28.8996	-0.0977611
25	96	31.1856	-16.4479	29.0441	-0.103332
25	97	31.3128	-16.6213	29.1889	-0.108792
25	98	31.4406	-16.7936	29.3351	-0.114159
25	99	31.5691	-16.9654	29.4828	-0.119451
25	100	31.6975	-17.1367	29.6311	-0.124674
25	101	31.8256	-17.3063	29.7796	-0.129789
25	102	31.9532	-17.473	29.9281	-0.134762
25	103	32.0793	-17.6378	30.0755	-0.13963
25	104	32.2051	-17.8005	30.2231	-0.144381
25	105	32.3321	-17.9613	30.3722	-0.149017
25	106	32.46	-18.1209	30.5228	-0.153566
25	107	32.5866	-18.2808	30.6727	-0.158088
25	108	32.714	-18.4381	30.8235	-0.162475
25	109	32.8419	-18.5912	30.9747	-0.166687
25	110	32.9695	-18.7399	31.1255	-0.170717
25	111	33.0947	-18.8859	31.2739	-0.174637
25	112	33.2204	-19.0275	31.4226	-0.178379
25	113	33.3447	-19.1672	31.5699	-0.182038
25	114	33.4723	-19.3016	31.7199	-0.185474
25	115	33.6014	-19.429	31.8704	-0.188659
25	116	33.7222	-19.5609	32.014	-0.191996
25	117	33.8649	-19.6519	32.1715	-0.193928
25	118	34.0231	-19.7275	32.3413	-0.195278
25	119	34.2105	-19.7563	32.5307	-0.195028
25	120	34.4082	-19.7864	32.7305	-0.194762
25	121	34.627	-19.7949	32.9468	-0.193727
25	122	34.8739	-19.798	33.1898	-0.192386
25	123	35.1603	-19.7862	33.4687	-0.190406
25	124	35.4484	-19.7637	33.7475	-0.188133
25	125	35.7382	-19.7263	34.0252	-0.185461
25	126	36.0267	-19.6718	34.2989	-0.182349
25	127	36.3103	-19.6009	34.5652	-0.178845
25	128	36.5878	-19.5169	34.8235	-0.175053
25	129	36.8607	-19.4217	35.076	-0.171026
25	130	37.1304	-19.3146	35.3238	-0.166737
25	131	37.3961	-19.1932	35.5661	-0.162133
25	132	37.6549	-19.0572	35.8	-0.157217
25	133	37.9047	-18.9089	36.0239	-0.152064
25	134	38.1463	-18.7509	36.2393	-0.146744
25	135	38.3815	-18.5836	36.4481	-0.14126
25	136	38.611	-18.405	36.6508	-0.135553
25	137	38.8325	-18.2127	36.8449	-0.12957
25	138	39.0424	-18.0072	37.0272	-0.123335
25	139	39.2393	-17.792	37.1969	-0.116941
25	140	39.4248	-17.5694	37.356	-0.110445
25	141	39.6011	-17.3394	37.5067	-0.10383
25	142	39.7678	-17.1	37.6485	-0.0970493
25	143	39.9222	-16.851	37.7789	-0.0900929
25	144	40.0618	-16.5947	37.8959	-0.083025
25	145	40.1862	-16.3339	37.9992	-0.0759133
26	0	-27.0171	-8.52435	29.7249	2.97505
26	1	-27.0868	-8.30402	29.8308	2.96815
26	2	-27.1596	-8.08506	29.941	2.96137
26	3	-27.2366	-7.86726	30.0565	2.9547
26	4	-27.3188	-7.65165	30.1779	2.94818
26	5	-27.406	-7.4394	30.3049	2.94186
26	6	-27.4973	-7.23028	30.4365	2.93572
26	7	-27.5905	-7.02439	30.5704	2.92975
26	8	-27.6871	-6.81992	30.7082	2.92391
26	9	-27.7878	-6.61863	30.8505	2.91824
26	10	-27.8944	-6.42137	30.9987	2.9128
26	11	-28.0058	-6.23086	31.1508	2.90765
26	12	-28.1217	-6.04766	31.3063	2.90282
26	13	-28.2423	-5.87128	31.4656	2.89828
26	14	-28.3643	-5.70093	31.6254	2.89398
26	15	-28.4907	-5.53607	31.7885	2.88993
26	16	-28.6254	-5.37719	31.9587	2.88616
26	17	-28.7758	-5.22777	32.1422	2.88284
26	18	-28.9467	-5.08974	32.3429	2.88007
26	19	-29.1414	-4.9644	32.5635	2.8779
26	20	-29.3439	-4.86255	32.7856	2.87651
26	21	-29.5545	-4.78432	33.0093	2.87589
26	22	-29.7725	-4.72671	33.2348	2.87594
26	23	-29.9931	-4.68258	33.4593	2.8764
26	24	-30.2157	-4.64733	33.6833	2.87712
26	25	-30.4405	-4.61905	33.9077	2.87805
26	26	-30.668	-4.59799	34.1328	2.87919
26	27	-30.8975	-4.58601	34.3576	2.88059
26	28	-31.1274	-4.58408	34.5802	2.88225
26	29	-31.3556	-4.59181	34.7989	2.88415
26	30	-31.5813	-4.60814	35.0131	2.88624
26	31	-31.8051	-4.63426	35.2231	2.88856
26	32	-32.0264	-4.67488	35.4274	2.89124
26	33	-32.2448	-4.73591	35.624	2.89441
26	34	-32.4608	-4.82099	35.8129	2.89819
26	35	-32.6746	-4.93239	35.9939	2.90263
26	36	-32.8648	-5.06053	36.1487	2.90732
26	37	-33.0277	-5.20515	36.274	2.91224
26	38	-33.1686	-5.36406	36.3756	2.91737
26	39	-33.2978	-5.53047	36.465	2.92261
26	40	-33.4211	-5.70172	36.5488	2.92792
26	41	-33.5436	-5.87768	36.6316	2.93332
26	42	-33.6652	-6.05931	36.7137	2.93885
26	43	-33.786	-6.24648	36.7949	2.94449
26	44	-33.9066	-6.44044	36.8758	2.95029
26	45	-34.0243	-6.63901	36.9542	2.95617
26	46	-34.14	-6.84034	37.0314	2.96209
26	47	-34.2547	-7.04343	37.1087	2.96802
26	48	-34.3678	-7.24599	37.1857	2.97392
26	49	-34.4813	-7.44943	37.2644	2.97981
26	50	-34.5924	-7.6534	37.3419	2.98568
26	51	-34.7001	-7.85829	37.417	2.99153
26	52	-34.807	-8.06174	37.493	2.99733
26	53	-34.9136	-8.2635	37.57	3.00305
26	54	-35.0173	-8.46627	37.6453	3.00876
26	55	-35.1213	-8.67023	37.722	3.01449
26	56	-35.2273	-8.8754	37.8019	3.02023
26	57	-35.3327	-9.08254	37.882	3.02599
26	58	-35.4368	-9.29024	37.9621	3.03174
26	59	-35.5384	-9.49827	38.0409	3.03747
26	60	-35.6408	-9.70593	38.1218	3.04317
26	61	-35.7427	-9.91583	38.2032	3.0489
26	62	-35.8435	-10.13	38.2844	3.05471
26	63	-35.9418	-10.3489	38.3639	3.06062
26	64	-36.035	-10.5709	38.4396	3.06657
26	65	-36.1184	-10.7957	38.5065	3.07256
26	66	-36.2017	-11.0151	38.5752	3.07838
26	67	-36.2275	-11.2239	38.5883	3.08382
26	68	-36.2008	-11.4318	38.5502	3.08916
26	69	-36.1786	-11.6442	38.5175	3.09464
26	70	-36.131	-11.8616	38.4604	3.10023
26	71	-36.0537	-12.0892	38.3744	3.10607
26	72	-35.9402	-12.3324	38.253	3.11232
26	73	-35.7844	-12.5967	38.0904	3.11914
26	74	-35.6122	-12.85	37.9134	3.12571
26	75	-35.428	-13.093	37.7262	3.13208
26	76	-35.232	-13.3277	37.5286	3.13828
26	77	-35.0211	-13.5532	37.3177	-3.13888
26	78	-34.7943	-13.7654	37.0921	-3.13314
26	79	-34.5553	-13.9608	36.8553	-3.12779
26	80	-34.3086	-14.1409	36.6116	-3.12278
26	81	-34.0549	-14.3091	36.3614	-3.11802
26	82	-33.7916	-14.466	36.1023	-3.1135
26	83	-33.5172	-14.6086	35.8323	-3.10931
26	84	-33.2341	-14.7333	35.5537	-3.10555
26	85	-32.9464	-14.8405	35.2702	-3.10221
26	86	-32.6549	-14.9329	34.9827	-3.09925
26	87	-32.3578	-15.011	34.6893	-3.09664
26	88	-32.0542	-15.0719	34.3889	-3.09447
26	89	-31.7475	-15.1128	34.0845	-3.09285
26	90	-31.4805	-15.1296	33.8186	-3.09197
26	91	-31.2435	-15.128	33.5818	-3.09167
26	92	-31.0267	-15.1099	33.3644	-3.09188
26	93	-30.8236	-15.0695	33.1595	-3.09279
26	94	-30.6481	-14.9885	32.9804	-3.09499
26	95	-30.4862	-14.8623	32.813	-3.0986
26	96	-30.3161	-14.7384	32.6379	-3.10217
26	97	-30.147	-14.6018	32.4639	-3.10617
26	98	-29.98	-14.4562	32.2921	-3.11049
26	99	-29.8146	-14.3036	32.1223	-3.11508
26	100	-29.6528	-14.1463	31.9568	-3.11987
26	101	-29.4926	-13.9854	31.7935	-3.12481
26	102	-29.3318	-13.8212	31.6304	-3.12992
26	103	-29.169	-13.6528	31.4661	-3.13521
26	104	-29.0048	-13.4798	31.3013	-3.14071
26	105	-28.84	-13.303	31.1368	3.13681
26	106	-28.677	-13.1255	30.9751	3.13105
26	107	-28.5137	-12.9476	30.8143	3.12522
26	108	-28.3513	-12.7692	30.6553	3.11932
26	109	-28.1889	-12.5885	30.4975	3.11328
26	110	-28.0273	-12.4048	30.3418	3.10707
26	111	-27.8682	-12.2184	30.1899	3.10072
26	112	-27.7125	-12.0308	30.0426	3.09427
26	113	-27.5597	-11.8423	29.8996	3.08773
26	114	-27.4092	-11.6515	29.7602	3.08105
26	115	-27.2603	-11.4562	29.6241	3.07417
26	116	-27.1208	-11.2544	29.4992	3.06703
26	117	-26.9987	-11.0441	29.3939	3.05958
26	118	-26.9016	-10.8251	29.316	3.05186
26	119	-26.8296	-10.5969	29.2656	3.04388
26	120	-26.779	-10.36	29.2394	3.03565
26	121	-26.7507	-10.129	29.2366	3.02769
26	122	-26.7415	-9.89963	29.2544	3.01986
26	123	-26.7532	-9.66999	29.2949	3.01213
26	124	-26.7855	-9.43746	29.3578	3.00442
26	125	-26.8313	-9.20501	29.4357	2.99681
26	126	-26.8871	-8.97456	29.525	2.98936
26	127	-26.9501	-8.74741	29.6226	2.9821
32	0	33.1023	-20.6668	31.6395	-0.230057
32	1	33.1249	-20.4629	31.6156	-0.223612
32	2	33.1294	-20.2658	31.5769	-0.217495
32	3	33.116	-20.0721	31.5225	-0.211586
32	4	33.0552	-19.8876	31.4247	-0.206252
32	5	32.9482	-19.6999	31.2821	-0.201081
32	6	32.8245	-19.5184	31.1249	-0.196159
32	7	32.6994	-19.3384	30.9675	-0.191245
32	8	32.5723	-19.1608	30.8093	-0.186371
32	9	32.4451	-18.9859	30.6524	-0.181533
32	10	32.3192	-18.8131	30.4977	-0.176705
32	11	32.1932	-18.6426	30.344	-0.171904
32	12	32.066	-18.4739	30.1901	-0.167119
32	13	31.9381	-18.306	30.0364	-0.162314
32	14	31.811	-18.1381	29.8843	-0.157456
32	15	31.6819	-17.9738	29.7313	-0.152679
32	16	31.5544	-17.8112	29.581	-0.147904
32	17	31.4288	-17.6504	29.4333	-0.143129
32	18	31.3034	-17.4919	29.2869	-0.138384
32	19	31.1787	-17.3344	29.142	-0.133619
32	20	31.0518	-17.1795	28.9959	-0.128908
32	21	30.9249	-17.0255	28.8506	-0.124182
32	22	30.797	-16.8747	28.7053	-0.119518
32	23	30.6705	-16.7266	28.5624	-0.114898
32	24	30.5406	-16.5872	28.4176	-0.110551
32	25	30.414	-16.4511	28.277	-0.106259
32	26	30.2833	-16.3246	28.1339	-0.102282
32	27	30.1543	-16.2015	27.9932	-0.0983797
32	28	30.0233	-16.0867	27.8517	-0.09474
32	29	29.8934	-15.9745	27.712	-0.0911512
32	30	29.7567	-15.8724	27.5667	-0.087914
32	31	29.6141	-15.7777	27.4165	-0.0849301
32	32	29.4567	-15.6945	27.2526	-0.0823763
32	33	29.2844	-15.6273	27.0755	-0.0804278
32	34	29.0987	-15.5644	26.8853	-0.0786501
32	35	28.9109	-15.5334	26.6957	-0.0780475
32	36	28.7274	-15.504	26.5105	-0.0774815
32	37	28.5426	-15.501	26.326	-0.0779081
32	38	28.3579	-15.4957	26.1415	-0.0782564
32	39	28.1724	-15.5035	25.9571	-0.0791142
32	40	27.9854	-15.5133	25.7715	-0.0800672
32	41	27.7976	-15.5299	25.5857	-0.0813007
32	42	27.6092	-15.5521	25.3997	-0.0827766
32	43	27.4211	-15.5818	25.2148	-0.0845669
32	44	27.2352	-15.616	25.0324	-0.0865544
32	45	27.0531	-15.6589	24.8548	-0.088908
32	46	26.8736	-15.7037	24.6801	-0.0913611
32	47	26.6988	-15.7572	24.511	-0.0941879
32	48	26.5256	-15.8109	24.3437	-0.0970521
32	49	26.3585	-15.8789	24.1841	-0.100519
32	50	26.1971	-15.9596	24.0319	-0.104534
32	51	26.0398	-16.056	23.8857	-0.109235
32	52	25.8901	-16.1747	23.7502	-0.114892
32	53	25.7529	-16.2919	23.6278	-0.120485
32	54	25.6319	-16.4192	23.5234	-0.126473
32	55	25.5259	-16.5556	23.4359	-0.13282
32	56	25.4344	-16.7017	23.365	-0.139538
32	57	25.3444	-16.8488	23.2969	-0.146327
32	58	25.2659	-17.0024	23.2422	-0.153355
32	59	25.1888	-17.1587	23.1905	-0.160525
32	60	25.117	-17.3201	23.146	-0.167903
32	61	25.0516	-17.4859	23.1099	-0.175449
32	62	24.9872	-17.6549	23.0768	-0.183149
32	63	24.9269	-17.8302	23.0501	-0.191104
32	64	24.8682	-18.0095	23.0272	-0.199232
32	65	24.8175	-18.1925	23.0146	-0.207463
32	66	24.7695	-18.3752	23.006	-0.215663
32	67	24.7277	-18.5619	23.0059	-0.22398
32	68	24.6867	-18.7502	23.0086	-0.232356
32	69	24.6512	-18.9401	23.0185	-0.240739
32	70	24.6185	-19.1302	23.0329	-0.249092
32	71	24.5883	-19.325	23.0525	-0.257604
32	72	24.5606	-19.5236	23.0771	-0.266232
32	73	24.5393	-19.7247	23.1103	-0.27487
32	74	24.5233	-19.9257	23.1504	-0.283417
32	75	24.5138	-20.1288	23.1989	-0.291933
32	76	24.5069	-20.3319	23.2516	-0.300384
32	77	24.5079	-20.5342	23.3133	-0.308662
32	78	24.5092	-20.7374	23.377	-0.316927
32	79	24.5204	-20.9411	23.4518	-0.32503
32	80	24.5332	-21.1449	23.5298	-0.333064
32	81	24.568	-21.3425	23.628	-0.340486
32	82	24.6084	-21.5379	23.7319	-0.347682
32	83	24.6742	-21.7271	23.8588	-0.354197
32	84	24.7447	-21.9178	23.9915	-0.360634
32	85	24.8383	-22.0834	24.1378	-0.365683
32	86	24.9333	-22.2345	24.2808	-0.370094
32	87	25.0435	-22.3643	24.4306	-0.373417
32	88	25.1583	-22.488	24.5828	-0.3764
32	89	25.2805	-22.6067	24.7401	-0.379044
32	90	25.4079	-22.7249	24.9023	-0.38156
32	91	25.5435	-22.8421	25.0719	-0.383885
32	92	25.6872	-22.9563	25.2479	-0.385948
32	93	25.838	-23.0681	25.4298	-0.387789
32	94	25.9952	-23.177	25.6165	-0.389404
32	95	26.1569	-23.2832	25.8065	-0.390833
32	96	26.3219	-23.3869	25.9986	-0.392101
32	97	26.4884	-23.4901	26.1919	-0.393316
32	98	26.657	-23.5922	26.3867	-0.394438
32	99	26.8269	-23.6951	26.5832	-0.395558
32	100	26.9993	-23.7974	26.7816	-0.396602
32	101	27.1735	-23.8991	26.9816	-0.397586
32	102	27.3494	-23.9983	27.1822	-0.398445
32	103	27.5254	-24.0951	27.382	-0.399206
32	104	27.7006	-24.189	27.58	-0.399874
32	105	27.8779	-24.2828	27.7798	-0.400502
32	106	28.0574	-24.3766	27.9817	-0.401086
32	107	28.2397	-24.4698	28.1859	-0.401605
32	108	28.4242	-24.5624	28.3919	-0.402069
32	109	28.6115	-24.6544	28.6002	-0.402465
32	110	28.8025	-24.7382	28.8088	-0.402543
32	111	28.9913	-24.7942	29.0045	-0.401771
32	112	29.1743	-24.8028	29.1764	-0.399591
32	113	29.3586	-24.7705	29.3337	-0.396129
32	114	29.5471	-24.742	29.4968	-0.392775
32	115	29.7408	-24.6933	29.6574	-0.388755
32	116	29.9449	-24.6213	29.8192	-0.383928
32	117	30.1662	-24.5214	29.9875	-0.378076
32	118	30.4131	-24.3874	30.1683	-0.370928
32	119	30.6554	-24.2388	30.3412	-0.363467
32	120	30.8905	-24.0753	30.5037	-0.355717
32	121	31.1148	-23.8985	30.6534	-0.347762
32	122	31.3278	-23.7117	30.7909	-0.339699
32	123	31.5312	-23.5168	30.9188	-0.331564
32	124	31.7265	-23.3135	31.0383	-0.323324
32	125	31.9133	-23.1007	31.149	-0.314941
32	126	32.0897	-22.8783	31.2489	-0.306425
32	127	32.2544	-22.648	31.3376	-0.297833
32	128	32.4081	-22.4116	31.4163	-0.289203
32	129	32.5519	-22.1691	31.4862	-0.280517
32	130	32.686	-21.9189	31.5469	-0.271721
32	131	32.8078	-21.6601	31.5961	-0.262796
32	132	32.9147	-21.3943	31.6316	-0.253804
32	133	33.0047	-21.1248	31.6523	-0.244849
32	134	33.0649	-20.8849	31.6536	-0.237034
33	0	-19.7291	-15.4716	22.118	-3.05016
33	1	-19.7599	-15.2879	22.1326	-3.05855
33	2	-19.8053	-15.1088	22.1638	-3.06677
33	3	-19.8554	-14.9334	22.2014	-3.07482
33	4	-19.9274	-14.7602	22.2624	-3.0828
33	5	-20.0178	-14.5829	22.3429	-3.09096
33	6	-20.14	-14.4009	22.4565	-3.09933
33	7	-20.3194	-14.2025	22.6283	-3.10842
33	8	-20.4569	-13.9765	22.7594	-3.11854
33	9	-20.5478	-13.7577	22.8463	-3.12821
33	10	-20.6407	-13.5475	22.9373	-3.13743
33	11	-20.7333	-13.3392	23.0301	3.13669
33	12	-20.8291	-13.134	23.1277	3.12784
33	13	-20.9289	-12.9333	23.2311	3.11926
33	14	-21.0386	-12.7435	23.3458	3.11124
33	15	-21.1601	-12.5624	23.4734	3.10369
33	16	-21.2931	-12.3874	23.6135	3.09649
33	17	-21.4418	-12.2179	23.7704	3.08965
33	18	-21.599	-12.0681	23.9355	3.08374
33	19	-21.7669	-11.9402	24.1108	3.07885
33	20	-21.9477	-11.8327	24.2982	3.0749
33	21	-22.1384	-11.7419	24.4946	3.07172
33	22	-22.3338	-11.6627	24.6952	3.06907
33	23	-22.5317	-11.5923	24.8977	3.06683
33	24	-22.7305	-11.5279	25.1008	3.06486
33	25	-22.9301	-11.4682	25.3044	3.06311
33	26	-23.1306	-11.4118	25.5088	3.06153
33	27	-23.3328	-11.3591	25.7146	3.06011
33	28	-23.5367	-11.3104	25.9217	3.05888
33	29	-23.7417	-11.2668	26.1297	3.05786
33	30	-23.947	-11.2284	26.3375	3.05707
33	31	-24.1517	-11.1957	26.5443	3.05649
33	32	-24.3556	-11.1677	26.7498	3.05609
33	33	-24.5591	-11.1452	26.9544	3.05591
33	34	-24.763	-11.1286	27.159	3.05594
33	35	-24.9679	-11.1219	27.3638	3.05634
33	36	-25.1743	-11.1291	27.5688	3.05723
33	37	-25.382	-11.1564	27.7735	3.05884
33	38	-25.5916	-11.2057	27.9783	3.06122
33	39	-25.8039	-11.2785	28.1843	3.0644
33	40	-25.9985	-11.3662	28.3717	3.06801
33	41	-26.1725	-11.4694	28.5379	3.07206
33	42	-26.3316	-11.5831	28.689	3.0764
33	43	-26.4832	-11.7054	28.8326	3.08098
33	44	-26.6333	-11.8309	28.9751	3.08561
33	45	-26.7828	-11.9611	29.1174	3.09037
33	46	-26.9353	-12.0946	29.2633	3.09519
33	47	-27.0871	-12.2339	29.4088	3.10016
33	48	-27.2389	-12.3785	29.5549	3.10526
33	49	-27.3893	-12.528	29.7001	3.11048
33	50	-27.5387	-12.6799	29.8451	3.11572
33	51	-27.6864	-12.8329	29.9893	3.12095
33	52	-27.8332	-12.9854	30.1333	3.12611
33	53	-27.9771	-13.1387	30.2752	3.13124
33	54	-28.1235	-13.296	30.4204	3.13646
33	55	-28.2724	-13.457	30.5688	-3.14143
33	56	-28.4234	-13.6205	30.7203	-3.13611
33	57	-28.5756	-13.7855	30.8738	-3.13079
33	58	-28.7272	-13.9523	31.0277	-3.12547
33	59	-28.8781	-14.1208	31.1817	-3.12014
33	60	-29.029	-14.2909	31.3366	-3.11482
33	61	-29.182	-14.4613	31.4946	-3.10954
33	62	-29.3335	-14.6345	31.652	-3.10422
33	63	-29.4857	-14.811	31.8112	-3.09886
33	64	-29.6361	-14.99	31.9696	-3.09347
33	65	-29.7802	-15.1724	32.1228	-3.08801
33	66	-29.9266	-15.348	32.2788	-3.08282
33	67	-30.0192	-15.5305	32.3824	-3.07736
33	68	-30.0661	-15.7266	32.4424	-3.07142
33	69	-30.1199	-15.9243	32.5105	-3.06547
33	70	-30.1553	-16.1338	32.5624	-3.05914
33	71	-30.1709	-16.3606	32.5973	-3.05225
33	72	-30.1635	-16.6118	32.6134	-3.04455
33	73	-30.1309	-16.8952	32.6096	-3.03581
33	74	-30.0832	-17.176	32.5931	-3.02709
33	75	-30.0242	-17.453	32.5673	-3.01843
33	76	-29.9557	-17.7269	32.5342	-3.00982
33	77	-29.8772	-17.9989	32.4934	-3.0012
33	78	-29.787	-18.2688	32.443	-2.99257
33	79	-29.6836	-18.5348	32.3815	-2.98397
33	80	-29.5681	-18.7948	32.3093	-2.97547
33	81	-29.4426	-19.0483	32.2287	-2.96706
33	82	-29.3087	-19.2966	32.141	-2.95873
33	83	-29.1656	-19.5408	32.0458	-2.95043
33	84	-29.0112	-19.7806	31.9409	-2.94214
33	85	-28.8441	-20.0136	31.8243	-2.93392
33	86	-28.6655	-20.2372	31.6967	-2.92586
33	87	-28.478	-20.4508	31.5603	-2.91797
33	88	-28.2834	-20.6562	31.417	-2.91023
33	89	-28.0812	-20.8545	31.2666	-2.90257
33	90	-27.8699	-21.0454	31.1074	-2.895
33	91	-27.6489	-21.2269	30.9382	-2.88757
33	92	-27.4198	-21.397	30.76	-2.88034
33	93	-27.1852	-21.5562	30.5753	-2.87333
33	94	-26.9464	-21.7066	30.3856	-2.86647
33	95	-26.7028	-21.8487	30.1904	-2.85975
33	96	-26.4786	-21.9613	30.0069	-2.85407
33	97	-26.2655	-22.049	29.8278	-2.84922
33	98	-26.0571	-22.1142	29.6472	-2.84509
33	99	-25.8487	-22.1531	29.4594	-2.84176
33	100	-25.6425	-22.1434	29.2597	-2.84
33	101	-25.429	-22.0841	29.0381	-2.83976
33	102	-25.2181	-22.0039	28.8129	-2.84025
33	103	-25.0103	-21.9189	28.5893	-2.84093
33	104	-24.8041	-21.8344	28.3674	-2.84162
33	105	-24.5982	-21.7494	28.1455	-2.84234
33	106	-24.3921	-21.6635	27.9232	-2.8431
33	107	-24.1861	-21.5767	27.7009	-2.84392
33	108	-23.9816	-21.4886	27.4795	-2.8448
33	109	-23.7795	-21.4001	27.2604	-2.84573
33	110	-23.5807	-21.3114	27.0444	-2.84673
33	111	-23.3851	-21.2231	26.8315	-2.84776
33	112	-23.1923	-21.1348	26.6214	-2.84883
33	113	-23.0017	-21.0469	26.4136	-2.84994
33	114	-22.8139	-20.959	26.2085	-2.85109
33	115	-22.6296	-20.8714	26.0068	-2.85229
33	116	-22.448	-20.7823	25.8074	-2.85359
33	117	-22.2703	-20.6922	25.6114	-2.85499
33	118	-22.0963	-20.5979	25.4179	-2.85662
33	119	-21.925	-20.5013	25.2264	-2.85838
33	120	-21.7585	-20.4026	25.0389	-2.86031
33	121	-21.5951	-20.3029	24.8544	-2.86234
33	122	-21.4361	-20.1991	24.673	-2.8646
33	123	-21.2795	-20.0925	24.4933	-2.86704
33	124	-21.1315	-19.9743	24.3189	-2.87007
33	125	-20.9871	-19.849	24.1463	-2.87347
33	126	-20.8584	-19.7008	23.9832	-2.878
33	127	-20.7312	-19.5364	23.8179	-2.88328
33	128	-20.6173	-19.3637	23.664	-2.8891
33	129	-20.5021	-19.1843	23.5082	-2.89527
33	130	-20.386	-18.9871	23.348	-2.90225
33	131	-20.2372	-18.7715	23.153	-2.90977
33	132	-20.0543	-18.5548	22.9258	-2.91713
33	133	-19.9335	-18.3536	22.764	-2.92457
33	134	-19.8477	-18.1605	22.6392	-2.93208
33	135	-19.7884	-17.9702	22.5423	-2.9398
33	136	-19.7427	-17.7816	22.4604	-2.94761
33	137	-19.711	-17.5914	22.3934	-2.95568
33	138	-19.683	-17.4004	22.3313	-2.96385
33	139	-19.6645	-17.2075	22.2798	-2.97222
33	140	-19.6486	-17.0135	22.2322	-2.9807
33	141	-19.6402	-16.8167	22.1932	-2.9894
33	142	-19.6363	-16.6188	22.1602	-2.9982
33	143	-19.6386	-16.4213	22.1351	-3.00704
33	144	-19.647	-16.2265	22.1181	-3.01582
33	145	-19.6591	-16.0333	22.1068	-3.02456
33	146	-19.6788	-15.8431	22.105	-3.03321
33	147	-19.6986	-15.6562	22.1052	-3.04171
38	0	29.198	-28.0533	30.6087	-0.497274
38	1	29.2104	-27.7587	30.4802	-0.488585
38	2	29.2113	-27.4624	30.343	-0.479949
38	3	29.1981	-27.1646	30.1949	-0.471404
38	4	29.1699	-26.8682	30.0363	-0.463034
38	5	29.128	-26.5757	29.8691	-0.454901
38	6	29.0797	-26.3247	29.7162	-0.448027
38	7	29.0231	-26.1041	29.5701	-0.442133
38	8	28.9644	-25.9043	29.4319	-0.436849
38	9	28.8845	-25.7241	29.2836	-0.432429
38	10	28.7828	-25.5744	29.1287	-0.429224
38	11	28.6403	-25.4553	28.9495	-0.427533
38	12	28.4825	-25.3459	28.7606	-0.426347
38	13	28.3208	-25.2326	28.5665	-0.425077
38	14	28.1507	-25.1218	28.3659	-0.423991
38	15	27.9763	-25.0119	28.1618	-0.422984
38	16	27.7999	-24.9042	27.9567	-0.422058
38	17	27.6222	-24.7962	27.7504	-0.421131
38	18	27.4443	-24.6893	27.5443	-0.42023
38	19	27.2654	-24.5819	27.3371	-0.419312
38	20	27.0844	-24.4735	27.1278	-0.418379
38	21	26.9008	-24.3642	26.9156	-0.417442
38	22	26.7143	-24.2551	26.7009	-0.416537
38	23	26.5259	-24.1471	26.4849	-0.415686
38	24	26.3368	-24.0406	26.2689	-0.414884
38	25	26.1477	-23.9351	26.0534	-0.414104
38	26	25.9584	-23.8297	25.8377	-0.413318
38	27	25.7681	-23.7237	25.6208	-0.412514
38	28	25.5756	-23.6172	25.4017	-0.41171
38	29	25.3801	-23.5114	25.1803	-0.410964
38	30	25.1817	-23.4084	24.9573	-0.410358
38	31	24.9812	-23.3099	24.734	-0.409939
38	32	24.7797	-23.2222	24.5144	-0.409937
38	33	24.5764	-23.1512	24.2996	-0.410589
38	34	24.3693	-23.1013	24.0898	-0.412123
38	35	24.1555	-23.0712	23.8819	-0.414555
38	36	23.9333	-23.0587	23.6736	-0.417849
38	37	23.7183	-23.0627	23.479	-0.421722
38	38	23.5062	-23.0814	23.2933	-0.42618
38	39	23.2954	-23.1159	23.1159	-0.431311
38	40	23.085	-23.1654	22.9459	-0.437102
38	41	22.8769	-23.226	22.7834	-0.44338
38	42	22.6717	-23.2933	22.6275	-0.449959
38	43	22.4706	-23.3657	22.4784	-0.456748
38	44	22.2726	-23.4401	22.334	-0.463649
38	45	22.0769	-23.5163	22.1935	-0.470661
38	46	21.8824	-23.5952	22.0566	-0.47785
38	47	21.6899	-23.6785	21.9246	-0.485262
38	48	21.4998	-23.7654	21.7975	-0.492856
38	49	21.3135	-23.8611	21.6794	-0.500812
38	50	21.1322	-23.9626	21.5698	-0.508973
38	51	20.958	-24.0697	21.4707	-0.517284
38	52	20.7899	-24.1791	21.3793	-0.525619
38	53	20.6278	-24.2913	21.2962	-0.533996
38	54	20.4691	-24.4044	21.2179	-0.542391
38	55	20.3161	-24.525	21.1499	-0.551009
38	56	20.1651	-24.6496	21.0872	-0.559792
38	57	20.0289	-24.792	21.0484	-0.568964
38	58	19.8972	-24.9492	21.0231	-0.578638
38	59	19.7823	-25.1287	21.0262	-0.588772
38	60	19.6822	-25.304	21.0413	-0.598343
38	61	19.6093	-25.4846	21.0836	-0.607367
38	62	19.5447	-25.6629	21.1331	-0.616044
38	63	19.4963	-25.8458	21.2	-0.624403
38	64	19.4476	-26.0291	21.2684	-0.632732
38	65	19.4066	-26.2154	21.3463	-0.640905
38	66	19.3672	-26.4032	21.4277	-0.64903
38	67	19.3339	-26.5965	21.5187	-0.657121
38	68	19.3046	-26.7934	21.6164	-0.665162
38	69	19.2838	-26.9915	21.7229	-0.672928
38	70	19.2657	-27.1936	21.8354	-0.680684
38	71	19.253	-27.3972	21.9544	-0.688254
38	72	19.2433	-27.5996	22.0759	-0.695615
38	73	19.2346	-27.8052	22.2016	-0.702975
38	74	19.2266	-28.0131	22.3306	-0.710309
38	75	19.2216	-28.2219	22.4635	-0.717504
38	76	19.2181	-28.4354	22.6019	-0.724722
38	77	19.2188	-28.6511	22.746	-0.731802
38	78	19.2247	-28.8659	22.8944	-0.738608
38	79	19.2338	-29.0811	23.0465	-0.745246
38	80	19.246	-29.2954	23.2013	-0.751678
38	81	19.2628	-29.5079	23.3591	-0.757836
38	82	19.2826	-29.7208	23.5202	-0.76383
38	83	19.3099	-29.9334	23.6874	-0.769515
38	84	19.3472	-30.1442	23.8612	-0.774773
38	85	19.4033	-30.35	24.0456	-0.779256
38	86	19.4774	-30.5522	24.2405	-0.783042
38	87	19.5742	-30.7495	24.4483	-0.78597
38	88	19.6772	-30.9261	24.6461	-0.788076
38	89	19.7973	-31.0771	24.8379	-0.788933
38	90	19.9206	-31.2154	25.0229	-0.789332
38	91	20.0565	-31.3362	25.2044	-0.788883
38	92	20.1943	-31.4531	25.3844	-0.788274
38	93	20.334	-31.5695	25.5655	-0.787608
38	94	20.4808	-31.68	25.7475	-0.786597
38	95	20.6311	-31.7904	25.9317	-0.785498
38	96	20.7882	-31.8967	26.118	-0.784125
38	97	20.9487	-32.0027	26.3065	-0.782668
38	98	21.1123	-32.1069	26.496	-0.781102
38	99	21.2782	-32.2078	26.6849	-0.779411
38	100	21.4437	-32.3071	26.8725	-0.777709
38	101	21.6128	-32.4043	27.0612	-0.775885
38	102	21.7841	-32.5017	27.2518	-0.774034
38	103	21.9572	-32.6009	27.4449	-0.772212
38	104	22.1329	-32.7011	27.6407	-0.77037
38	105	22.3116	-32.8012	27.8388	-0.768481
38	106	22.4927	-32.9003	28.0379	-0.766532
38	107	22.675	-32.9972	28.2365	-0.764528
38	108	22.8572	-33.0912	28.4331	-0.762477
38	109	23.0385	-33.1822	28.6271	-0.760401
38	110	23.2217	-33.2743	28.8234	-0.758336
38	111	23.4075	-33.3674	29.0224	-0.756264
38	112	23.5965	-33.4615	29.2245	-0.754167
38	113	23.7894	-33.5551	29.4293	-0.751997
38	114	23.9855	-33.6475	29.6356	-0.749753
38	115	24.185	-33.7363	29.8422	-0.747378
38	116	24.3876	-33.8096	30.0408	-0.744582
38	117	24.5811	-33.8326	30.1989	-0.740801
38	118	24.7774	-33.8092	30.3283	-0.735864
38	119	24.973	-33.7624	30.4424	-0.73041
38	120	25.1736	-33.6996	30.5504	-0.724499
38	121	25.3857	-33.6176	30.6556	-0.717908
38	122	25.6179	-33.5116	30.7616	-0.710348
38	123	25.8789	-33.3735	30.8707	-0.701445
38	124	26.1357	-33.2218	30.9702	-0.69235
38	125	26.3851	-33.0559	31.0576	-0.683112
38	126	26.6242	-32.8781	31.1322	-0.673834
38	127	26.8535	-32.6914	31.1962	-0.664571
38	128	27.0751	-32.4967	31.2519	-0.655295
38	129	27.2897	-32.2923	31.2989	-0.645937
38	130	27.4957	-32.0762	31.3346	-0.636473
38	131	27.6897	-31.849	31.3571	-0.626971
38	132	27.8708	-31.6142	31.3674	-0.617519
38	133	28.0412	-31.3742	31.3687	-0.608136
38	134	28.2031	-31.1289	31.3628	-0.598768
38	135	28.3568	-30.8764	31.3488	-0.58935
38	136	28.4998	-30.6148	31.3238	-0.579872
38	137	28.6288	-30.3453	31.2854	-0.570406
38	138	28.7432	-30.0712	31.235	-0.561041
38	139	28.8452	-29.7945	31.1755	-0.551785
38	140	28.9371	-29.5146	31.1084	-0.542575
38	141	29.0186	-29.2295	31.0323	-0.533353
38	142	29.0867	-28.9384	30.9442	-0.524131
38	143	29.1386	-28.6433	30.8427	-0.515004
38	144	29.1747	-28.3478	30.7299	-0.506056
39	0	-16.2659	-25.6256	22.1981	-2.56114
39	1	-16.2621	-25.4014	22.0728	-2.56954
39	2	-16.2608	-25.1749	21.9499	-2.57818
39	3	-16.2625	-24.946	21.8299	-2.58709
39	4	-16.2695	-24.7148	21.7151	-2.59631
39	5	-16.2839	-24.4829	21.6081	-2.60583
39	6	-16.3043	-24.2499	21.5077	-2.61563
39	7	-16.331	-24.0178	21.4154	-2.62563
39	8	-16.3647	-23.7877	21.3323	-2.63579
39	9	-16.4066	-23.56	21.2597	-2.64611
39	10	-16.4587	-23.3353	21.1999	-2.65661
39	11	-16.5262	-23.1151	21.1582	-2.6673
39	12	-16.6129	-22.8987	21.1377	-2.67828
39	13	-16.7214	-22.6868	21.1414	-2.68954
39	14	-16.8502	-22.4884	21.1719	-2.70063
39	15	-16.9932	-22.3109	21.2266	-2.71107
39	16	-17.1511	-22.1531	21.3053	-2.72089
39	17	-17.3224	-22.0119	21.4049	-2.73018
39	18	-17.5005	-21.881	21.5167	-2.73907
39	19	-17.6833	-21.7567	21.6369	-2.74766
39	20	-17.8704	-21.6371	21.7646	-2.75604
39	21	-18.0619	-21.5228	21.8998	-2.76416
39	22	-18.2573	-21.4142	22.0421	-2.77201
39	23	-18.4558	-21.3119	22.1908	-2.77954
39	24	-18.6562	-21.2158	22.3448	-2.78674
39	25	-18.8579	-21.1257	22.5031	-2.79361
39	26	-19.0609	-21.0418	22.6659	-2.80014
39	27	-19.2663	-20.9644	22.8339	-2.80635
39	28	-19.4754	-20.895	23.0089	-2.81218
39	29	-19.6894	-20.837	23.193	-2.81753
39	30	-19.9103	-20.7958	23.3895	-2.82221
39	31	-20.1377	-20.7743	23.5988	-2.8261
39	32	-20.3743	-20.7749	23.8242	-2.82916
39	33	-20.6041	-20.7966	24.0495	-2.83124
39	34	-20.8288	-20.8343	24.275	-2.83259
39	35	-21.0505	-20.888	24.5025	-2.83325
39	36	-21.2724	-20.9569	24.7349	-2.83332
39	37	-21.4938	-21.034	24.9692	-2.83307
39	38	-21.715	-21.1163	25.2049	-2.83262
39	39	-21.935	-21.2023	25.4407	-2.83203
39	40	-22.1525	-21.2899	25.6746	-2.83136
39	41	-22.3681	-21.3799	25.9073	-2.83059
39	42	-22.5815	-21.473	26.139	-2.8297
39	43	-22.793	-21.5656	26.3688	-2.82882
39	44	-23.0034	-21.6592	26.5977	-2.82791
39	45	-23.2132	-21.7534	26.8263	-2.82698
39	46	-23.4216	-21.8488	27.0541	-2.82601
39	47	-23.6258	-21.9435	27.2777	-2.82503
39	48	-23.8261	-22.037	27.4971	-2.82407
39	49	-24.0231	-22.1296	27.7132	-2.82312
39	50	-24.2173	-22.2225	27.9267	-2.82213
39	51	-24.4084	-22.317	28.1378	-2.82108
39	52	-24.5951	-22.4147	28.3458	-2.81988
39	53	-24.7765	-22.5154	28.5498	-2.81854
39	54	-24.9519	-22.6196	28.7492	-2.81704
39	55	-25.1221	-22.7226	28.9434	-2.81554
39	56	-25.2857	-22.8294	29.1327	-2.81387
39	57	-25.4425	-22.9421	29.3174	-2.81195
39	58	-25.5703	-23.0817	29.4837	-2.80888
39	59	-25.677	-23.2579	29.6423	-2.80444
39	60	-25.7687	-23.4577	29.7954	-2.79912
39	61	-25.8517	-23.6825	29.9496	-2.79299
39	62	-25.9244	-23.9419	30.1073	-2.78571
39	63	-25.9862	-24.245	30.2721	-2.77704
39	64	-26.0314	-24.5498	30.4241	-2.76821
39	65	-26.0631	-24.8541	30.5659	-2.75932
39	66	-26.0834	-25.1589	30.6996	-2.75035
39	67	-26.0914	-25.4657	30.8253	-2.74125
39	68	-26.0847	-25.7741	30.9406	-2.73199
39	69	-26.0622	-26.0812	31.0437	-2.72262
39	70	-26.026	-26.3851	31.1356	-2.71323
39	71	-25.9781	-26.6865	31.2186	-2.70381
39	72	-25.9178	-26.9872	31.2929	-2.69429
39	73	-25.8419	-27.2869	31.3556	-2.68463
39	74	-25.7488	-27.5823	31.4039	-2.67488
39	75	-25.6407	-27.8703	31.4384	-2.66515
39	76	-25.5212	-28.151	31.4623	-2.65548
39	77	-25.3913	-28.4266	31.4778	-2.64581
39	78	-25.2494	-28.6982	31.4836	-2.63608
39	79	-25.0937	-28.9638	31.4776	-2.6263
39	80	-24.925	-29.2207	31.4589	-2.61655
39	81	-24.7461	-29.4682	31.4296	-2.60688
39	82	-24.558	-29.7083	31.3915	-2.59725
39	83	-24.3593	-29.9416	31.3439	-2.5876
39	84	-24.1478	-30.1666	31.2838	-2.57793
39	85	-23.9242	-30.3797	31.21	-2.56833
39	86	-23.692	-30.5799	31.125	-2.55888
39	87	-23.4542	-30.7693	31.032	-2.54956
39	88	-23.2419	-30.9237	30.943	-2.54159
39	89	-23.0465	-31.0515	30.8546	-2.5346
39	90	-22.8594	-31.1564	30.7614	-2.52833
39	91	-22.6728	-31.2372	30.6558	-2.52267
39	92	-22.4892	-31.2712	30.5262	-2.51827
39	93	-22.3005	-31.2571	30.365	-2.51502
39	94	-22.1074	-31.2111	30.1817	-2.51251
39	95	-21.9104	-31.1674	29.9967	-2.50982
39	96	-21.7129	-31.1157	29.8069	-2.50731
39	97	-21.5131	-31.0611	29.6138	-2.50479
39	98	-21.3093	-31.0054	29.4169	-2.5022
39	99	-21.1027	-30.9469	29.2163	-2.49958
39	100	-20.8923	-30.8849	29.0108	-2.49695
39	101	-20.6781	-30.8187	28.7998	-2.49432
39	102	-20.4632	-30.7487	28.5863	-2.49174
39	103	-20.2477	-30.6765	28.3712	-2.48917
39	104	-20.0341	-30.6032	28.157	-2.48663
39	105	-19.821	-30.5292	27.943	-2.48409
39	106	-19.607	-30.4544	27.728	-2.48151
39	107	-19.3909	-30.3779	27.5105	-2.47889
39	108	-19.1729	-30.2991	27.2902	-2.47625
39	109	-18.954	-30.2173	27.0676	-2.47363
39	110	-18.7358	-30.1325	26.8439	-2.47108
39	111	-18.5207	-30.0451	26.6212	-2.46863
39	112	-18.3085	-29.9546	26.3989	-2.4663
39	113	-18.0994	-29.8588	26.1758	-2.46416
39	114	-17.8954	-29.7532	25.9507	-2.46241
39	115	-17.7047	-29.6325	25.7266	-2.4614
39	116	-17.5269	-29.4931	25.5006	-2.46127
39	117	-17.3608	-29.3359	25.2726	-2.46197
39	118	-17.2067	-29.1593	25.0418	-2.46359
39	119	-17.0771	-28.979	24.8278	-2.46597
39	120	-16.9691	-28.7938	24.6279	-2.46909
39	121	-16.8783	-28.6042	24.4389	-2.47285
39	122	-16.7982	-28.4116	24.2568	-2.47703
39	123	-16.7249	-28.2162	24.0789	-2.48154
39	124	-16.6576	-28.0174	23.9042	-2.48638
39	125	-16.5948	-27.813	23.7301	-2.4916
39	126	-16.5376	-27.6034	23.5581	-2.49722
39	127	-16.4869	-27.3902	23.3899	-2.5032
39	128	-16.443	-27.1754	23.2271	-2.5095
39	129	-16.4053	-26.9602	23.0701	-2.51606
39	130	-16.3731	-26.7457	22.9188	-2.52282
39	131	-16.3426	-26.5271	22.7678	-2.52987
39	132	-16.315	-26.3045	22.618	-2.53722
39	133	-16.2921	-26.0789	22.4716	-2.54491
39	134	-16.2756	-25.8519	22.3311	-2.5529
43	0	24.5684	-37.9667	33.1211	-0.833296
43	1	24.6104	-37.6776	32.9362	-0.826449
43	2	24.6422	-37.3871	32.7448	-0.819724
43	3	24.6626	-37.0939	32.5451	-0.813121
43	4	24.6691	-36.7989	32.3359	-0.806704
43	5	24.6611	-36.5045	32.1185	-0.800543
43	6	24.6407	-36.2129	31.8955	-0.794636
43	7	24.6101	-35.924	31.6684	-0.788934
43	8	24.5709	-35.6366	31.4373	-0.783375
43	9	24.5231	-35.39	31.2298	-0.778862
43	10	24.4726	-35.1727	31.0415	-0.775022
43	11	24.4045	-34.9809	30.8586	-0.772128
43	12	24.3411	-34.7992	30.6867	-0.769326
43	13	24.2422	-34.6444	30.5079	-0.767935
43	14	24.1324	-34.5086	30.3346	-0.767231
43	15	23.9735	-34.4056	30.1487	-0.768429
43	16	23.8123	-34.303	29.9615	-0.769706
43	17	23.6478	-34.1987	29.7709	-0.771037
43	18	23.4782	-34.0964	29.578	-0.772553
43	19	23.3056	-33.9904	29.3804	-0.774068
43	20	23.1286	-33.8842	29.1797	-0.775704
43	21	22.9463	-33.7779	28.9752	-0.777492
43	22	22.7615	-33.6719	28.7692	-0.779373
43	23	22.5759	-33.5648	28.5619	-0.781272
43	24	22.3892	-33.4586	28.3546	-0.78325
43	25	22.2022	-33.3516	28.1466	-0.785245
43	26	22.0134	-33.2452	27.938	-0.787327
43	27	21.8221	-33.1386	27.7275	-0.789501
43	28	21.6302	-33.0336	27.5178	-0.791768
43	29	21.438	-32.9287	27.3083	-0.794077
43	30	21.2453	-32.8249	27.0993	-0.796463
43	31	21.0524	-32.7223	26.8911	-0.798921
43	32	20.8595	-32.62	26.6833	-0.801431
43	33	20.6654	-32.5185	26.4754	-0.804027
43	34	20.47	-32.4168	26.2667	-0.8067
43	35	20.2727	-32.3162	26.0577	-0.809494
43	36	20.0734	-32.2193	25.8502	-0.812489
43	37	19.8726	-32.1296	25.6471	-0.81577
43	38	19.6707	-32.052	25.4523	-0.819457
43	39	19.4696	-31.995	25.2737	-0.823732
43	40	19.2657	-31.9595	25.1094	-0.828732
43	41	19.0579	-31.9381	24.9535	-0.834289
43	42	18.8431	-31.9342	24.8069	-0.840598
43	43	18.6398	-31.9438	24.679	-0.846996
43	44	18.4448	-31.9725	24.5719	-0.853715
43	45	18.2556	-32.0116	24.4776	-0.86059
43	46	18.0692	-32.0656	24.3976	-0.867826
43	47	17.8829	-32.1231	24.3217	-0.875198
43	48	17.6982	-32.1913	24.2564	-0.882845
43	49	17.513	-32.2619	24.1941	-0.890612
43	50	17.3306	-32.3411	24.1417	-0.898548
43	51	17.1496	-32.4227	24.0936	-0.906536
43	52	16.9679	-32.5098	24.051	-0.914718
43	53	16.7846	-32.6	24.0115	-0.923058
43	54	16.6024	-32.6961	23.9791	-0.931535
43	55	16.4187	-32.7963	23.9507	-0.940187
43	56	16.236	-32.9018	23.9292	-0.948951
43	57	16.0561	-33.0114	23.9144	-0.95774
43	58	15.8778	-33.1242	23.905	-0.966555
43	59	15.7012	-33.2396	23.9005	-0.975377
43	60	15.5278	-33.3587	23.9028	-0.984178
43	61	15.36	-33.4839	23.9151	-0.99292
43	62	15.2035	-33.6197	23.9443	-1.00149
43	63	15.0571	-33.7674	23.9906	-1.00995
43	64	14.9218	-33.9297	24.0569	-1.0183
43	65	14.7949	-34.1073	24.1423	-1.02664
43	66	14.6947	-34.2863	24.2443	-1.034
43	67	14.6122	-34.4646	24.3558	-1.04065
43	68	14.5531	-34.6452	24.4822	-1.04647
43	69	14.501	-34.8263	24.6132	-1.05198
43	70	14.4591	-35.0092	24.7516	-1.05711
43	71	14.42	-35.1927	24.8925	-1.06211
43	72	14.3858	-35.38	25.0397	-1.06694
43	73	14.3543	-35.5708	25.1919	-1.07169
43	74	14.3303	-35.7649	25.3511	-1.07619
43	75	14.3118	-35.9601	25.5143	-1.08046
43	76	14.3015	-36.1539	25.6807	-1.08436
43	77	14.2956	-36.3497	25.8512	-1.08811
43	78	14.2933	-36.5457	26.0239	-1.09168
43	79	14.2963	-36.7402	26.1981	-1.095
43	80	14.3006	-36.9378	26.3758	-1.09829
43	81	14.3097	-37.1375	26.5579	-1.10141
43	82	14.3224	-37.3379	26.7424	-1.10437
43	83	14.3424	-37.5364	26.9288	-1.10702
43	84	14.3658	-37.7369	27.1187	-1.10956
43	85	14.3953	-37.9369	27.311	-1.11185
43	86	14.4282	-38.1343	27.5027	-1.11396
43	87	14.4645	-38.3331	27.6971	-1.11595
43	88	14.5034	-38.5326	27.8935	-1.11784
43	89	14.5466	-38.7314	28.0912	-1.11955
43	90	14.5937	-38.9326	28.2928	-1.12115
43	91	14.6464	-39.1342	28.4973	-1.12256
43	92	14.7058	-39.3338	28.7029	-1.12371
43	93	14.7702	-39.5323	28.9097	-1.12467
43	94	14.84	-39.7282	29.1166	-1.12541
43	95	14.9152	-39.9208	29.3228	-1.12593
43	96	14.9958	-40.111	29.5292	-1.12624
43	97	15.0839	-40.298	29.7359	-1.12627
43	98	15.1847	-40.4785	29.9422	-1.12582
43	99	15.3047	-40.6489	30.1477	-1.12466
43	100	15.4477	-40.8092	30.3541	-1.12269
43	101	15.6134	-40.9608	30.5626	-1.11995
43	102	15.7894	-41.0923	30.7578	-1.11666
43	103	15.9782	-41.1996	30.9374	-1.1127
43	104	16.182	-41.2849	31.1043	-1.10804
43	105	16.3922	-41.357	31.263	-1.10305
43	106	16.6036	-41.4226	31.4173	-1.09799
43	107	16.8151	-41.4851	31.5697	-1.09292
43	108	17.0273	-41.5452	31.721	-1.08785
43	109	17.2405	-41.6024	31.8711	-1.08276
43	110	17.4536	-41.6563	32.019	-1.07767
43	111	17.6656	-41.7062	32.1638	-1.0726
43	112	17.8756	-41.7524	32.3051	-1.06758
43	113	18.0831	-41.7956	32.4434	-1.06262
43	114	18.2884	-41.8368	32.5798	-1.05772
43	115	18.4927	-41.8761	32.7146	-1.05287
43	116	18.6964	-41.9135	32.8484	-1.04805
43	117	18.9002	-41.9476	32.98	-1.04321
43	118	19.1032	-41.9786	33.1094	-1.03838
43	119	19.3049	-42.0055	33.2354	-1.03357
43	120	19.5043	-42.0303	33.3591	-1.02881
43	121	19.7015	-42.052	33.4797	-1.0241
43	122	19.8966	-42.0723	33.5989	-1.01945
43	123	20.0905	-42.0887	33.7148	-1.01481
43	124	20.2832	-42.104	33.8299	-1.01021
43	125	20.4748	-42.1142	33.9407	-1.00559
43	126	20.6641	-42.1239	34.0507	-1.00105
43	127	20.8504	-42.1276	34.1546	-0.996511
43	128	21.0327	-42.1305	34.2564	-0.992091
43	129	21.2087	-42.1292	34.3519	-0.987779
43	130	21.3803	-42.1274	34.4452	-0.983593
43	131	21.5475	-42.1213	34.533	-0.979464
43	132	21.7107	-42.1119	34.6165	-0.975398
43	133	21.8692	-42.0913	34.6886	-0.971283
43	134	22.0252	-42.0855	34.7721	-0.967486
43	135	22.1666	-42.035	34.8111	-0.963315
43	136	22.3062	-41.93	34.805	-0.958301
43	137	22.4601	-41.8305	34.8125	-0.953041
43	138	22.6135	-41.7058	34.8003	-0.947374
43	139	22.7717	-41.5531	34.7693	-0.941113
43	140	22.9401	-41.3668	34.7188	-0.934033
43	141	23.1248	-41.1404	34.6478	-0.925862
43	142	23.3009	-40.9083	34.5692	-0.917755
43	143	23.4695	-40.6704	34.4839	-0.909679
43	144	23.6303	-40.4252	34.3902	-0.901611
43	145	23.781	-40.1718	34.2861	-0.89358
43	146	23.9194	-39.9116	34.171	-0.885652
43	147	24.0455	-39.6469	34.0469	-0.877865
43	148	24.1612	-39.379	33.9158	-0.870193
43	149	24.2679	-39.1069	33.7774	-0.862585
43	150	24.3642	-38.8286	33.6297	-0.855027
43	151	24.4473	-38.544	33.4704	-0.847575
43	152	24.5149	-38.2557	33.2999	-0.840322
44	0	-12.8934	-36.5703	27.662	-2.15211
44	1	-12.8648	-36.3697	27.4788	-2.15525
44	2	-12.8404	-36.169	27.2981	-2.15856
44	3	-12.8216	-35.9657	27.1186	-2.16214
44	4	-12.8055	-35.7616	26.9405	-2.16587
44	5	-12.795	-35.5577	26.7659	-2.16982
44	6	-12.7856	-35.3523	26.5911	-2.17388
44	7	-12.7802	-35.1453	26.4179	-2.17815
44	8	-12.7793	-34.9371	26.2467	-2.18265
44	9	-12.7854	-34.7285	26.0797	-2.18744
44	10	-12.8009	-34.5214	25.92	-2.19255
44	11	-12.8281	-34.3188	25.7716	-2.19798
44	12	-12.868	-34.1202	25.6346	-2.20379
44	13	-12.9177	-33.924	25.5063	-2.20991
44	14	-12.9826	-33.7309	25.3906	-2.2165
44	15	-13.06	-33.5367	25.2827	-2.22357
44	16	-13.1511	-33.3613	25.1993	-2.23067
44	17	-13.2466	-33.1956	25.1276	-2.23771
44	18	-13.3577	-33.0446	25.0784	-2.24492
44	19	-13.4718	-32.8946	25.033	-2.25222
44	20	-13.5953	-32.7496	24.9989	-2.25971
44	21	-13.7221	-32.6053	24.9688	-2.2673
44	22	-13.8547	-32.4653	24.9472	-2.27498
44	23	-13.9912	-32.3262	24.9303	-2.28277
44	24	-14.1331	-32.191	24.9214	-2.29062
44	25	-14.2771	-32.0577	24.917	-2.29849
44	26	-14.4244	-31.929	24.9196	-2.30634
44	27	-14.5755	-31.8	24.9261	-2.31431
44	28	-14.7304	-31.6717	24.9374	-2.32237
44	29	-14.8899	-31.547	24.9559	-2.33045
44	30	-15.053	-31.4225	24.9788	-2.33862
44	31	-15.2206	-31.3021	25.0095	-2.34678
44	32	-15.3899	-31.1848	25.0451	-2.35488
44	33	-15.5618	-31.0715	25.0871	-2.36292
44	34	-15.7342	-30.9593	25.1319	-2.37092
44	35	-15.9095	-30.8531	25.1844	-2.3788
44	36	-16.0867	-30.752	25.2434	-2.38654
44	37	-16.2699	-30.6663	25.3189	-2.39396
44	38	-16.4592	-30.5912	25.4072	-2.4012
44	39	-16.6582	-30.5333	25.5157	-2.40813
44	40	-16.867	-30.4878	25.6409	-2.4149
44	41	-17.0668	-30.4685	25.7779	-2.42061
44	42	-17.2575	-30.4639	25.9184	-2.42561
44	43	-17.442	-30.4833	26.0705	-2.42969
44	44	-17.6225	-30.5107	26.2253	-2.43339
44	45	-17.8014	-30.5418	26.3815	-2.43691
44	46	-17.9792	-30.5777	26.5404	-2.44022
44	47	-18.1584	-30.6203	26.7049	-2.44333
44	48	-18.3411	-30.6637	26.8729	-2.44646
44	49	-18.5264	-30.7131	27.0469	-2.44945
44	50	-18.7146	-30.7649	27.225	-2.45239
44	51	-18.9044	-30.821	27.4072	-2.45522
44	52	-19.0951	-30.879	27.5916	-2.45797
44	53	-19.2859	-30.9388	27.7774	-2.46064
44	54	-19.4765	-30.9992	27.9636	-2.46325
44	55	-19.6668	-31.0593	28.1496	-2.46583
44	56	-19.8558	-31.1212	28.3359	-2.4683
44	57	-20.0481	-31.1867	28.5271	-2.47071
44	58	-20.2431	-31.2548	28.7223	-2.47307
44	59	-20.44	-31.324	28.9198	-2.47542
44	60	-20.6373	-31.395	29.1189	-2.47769
44	61	-20.8345	-31.4667	29.3184	-2.47991
44	62	-21.0303	-31.5418	29.5191	-2.48197
44	63	-21.2283	-31.6169	29.7216	-2.48406
44	64	-21.4293	-31.6924	29.9269	-2.48617
44	65	-21.6316	-31.7714	30.1356	-2.48818
44	66	-21.8336	-31.8545	30.3465	-2.49005
44	67	-22.0258	-31.9521	30.5585	-2.49133
44	68	-22.1749	-32.0815	30.7556	-2.49091
44	69	-22.2889	-32.2501	30.9485	-2.48881
44	70	-22.4115	-32.4168	31.1472	-2.48695
44	71	-22.5231	-32.6018	31.3485	-2.48443
44	72	-22.627	-32.8114	31.5589	-2.48119
44	73	-22.724	-33.0536	31.7843	-2.47704
44	74	-22.8165	-33.3395	32.0339	-2.4718
44	75	-22.8978	-33.6318	32.2796	-2.46626
44	76	-22.9661	-33.9296	32.5197	-2.46043
44	77	-23.0198	-34.23	32.7511	-2.45434
44	78	-23.0604	-34.5302	32.9736	-2.44808
44	79	-23.0902	-34.8303	33.1891	-2.4417
44	80	-23.1103	-35.1316	33.3992	-2.43518
44	81	-23.1188	-35.4352	33.6035	-2.42848
44	82	-23.1139	-35.7396	33.7997	-2.42157
44	83	-23.0957	-36.0424	33.9866	-2.41452
44	84	-23.0666	-36.3423	34.1651	-2.4074
44	85	-23.0285	-36.6405	34.3374	-2.40021
44	86	-22.9807	-36.9384	34.5043	-2.3929
44	87	-22.9207	-37.2364	34.6641	-2.38542
44	88	-22.8465	-37.5322	34.8141	-2.37778
44	89	-22.7592	-37.8229	34.9532	-2.37005
44	90	-22.6614	-38.1083	35.0831	-2.36227
44	91	-22.5546	-38.3897	35.206	-2.35446
44	92	-22.438	-38.6684	35.3222	-2.34655
44	93	-22.3097	-38.9436	35.43	-2.33852
44	94	-22.1696	-39.213	35.5277	-2.33042
44	95	-22.02	-39.4753	35.616	-2.3223
44	96	-21.8629	-39.7313	35.697	-2.31419
44	97	-21.698	-39.9817	35.7709	-2.30606
44	98	-21.5418	-40.192	35.823	-2.29889
44	99	-21.3872	-40.3694	35.8533	-2.29237
44	100	-21.229	-40.5197	35.8624	-2.28629
44	101	-21.063	-40.6468	35.8499	-2.28047
44	102	-20.9069	-40.7793	35.8493	-2.27476
44	103	-20.7332	-40.8533	35.7938	-2.26973
44	104	-20.5314	-40.8738	35.6801	-2.26503
44	105	-20.328	-40.9051	35.5744	-2.26007
44	106	-20.1245	-40.9261	35.4616	-2.25526
44	107	-19.9226	-40.9442	35.3484	-2.25051
44	108	-19.7218	-40.9594	35.2344	-2.24581
44	109	-19.5219	-40.9743	35.1215	-2.2411
44	110	-19.3226	-40.9852	35.0065	-2.23645
44	111	-19.1244	-40.9955	34.8926	-2.2318
44	112	-18.9278	-41.0008	34.7765	-2.22724
44	113	-18.7335	-41.0058	34.6622	-2.22271
44	114	-18.5413	-41.0069	34.5468	-2.21827
44	115	-18.3508	-41.008	34.4331	-2.21384
44	116	-18.1613	-41.0054	34.3177	-2.20947
44	117	-17.9723	-41.0016	34.2024	-2.2051
44	118	-17.7836	-40.9937	34.0845	-2.20077
44	119	-17.5952	-40.9854	33.9671	-2.19644
44	120	-17.4079	-40.9728	33.8475	-2.19217
44	121	-17.2221	-40.959	33.7285	-2.18793
44	122	-17.0384	-40.9421	33.6087	-2.18376
44	123	-16.857	-40.9216	33.4878	-2.17968
44	124	-16.677	-40.9009	33.3681	-2.17561
44	125	-16.4989	-40.8738	33.2448	-2.17167
44	126	-16.3214	-40.8474	33.123	-2.1677
44	127	-16.146	-40.8127	32.9959	-2.16389
44	128	-15.9715	-40.7779	32.8698	-2.16008
44	129	-15.802	-40.7363	32.7412	-2.15648
44	130	-15.6361	-40.695	32.6153	-2.15295
44	131	-15.4751	-40.6495	32.489	-2.14957
44	132	-15.3186	-40.5999	32.3619	-2.14637
44	133	-15.1663	-40.5453	32.2334	-2.14332
44	134	-15.016	-40.4889	32.1048	-2.14034
44	135	-14.8678	-40.4256	31.9716	-2.1375
44	136	-14.7233	-40.3477	31.8285	-2.13499
44	137	-14.5781	-40.2572	31.6745	-2.13264
44	138	-14.4385	-40.1463	31.5062	-2.13077
44	139	-14.2926	-40.0217	31.3232	-2.12893
44	140	-14.1697	-39.8829	31.1404	-2.12795
44	141	-14.0539	-39.7425	30.96	-2.12717
44	142	-13.9541	-39.5921	30.7796	-2.127
44	143	-13.8615	-39.437	30.599	-2.12711
44	144	-13.7716	-39.2802	30.4183	-2.12732
44	145	-13.6893	-39.1193	30.2383	-2.12782
44	146	-13.61	-38.9556	30.0574	-2.12846
44	147	-13.532	-38.7896	29.8753	-2.12918
44	148	-13.4603	-38.6195	29.693	-2.13017
44	149	-13.3899	-38.4483	29.5106	-2.13123
44	150	-13.3243	-38.2715	29.326	-2.13254
44	151	-13.259	-38.0917	29.1391	-2.13393
44	152	-13.2005	-37.9081	28.9526	-2.1356
44	153	-13.1458	-37.7239	28.7678	-2.13742
44	154	-13.0956	-37.536	28.5824	-2.13947
44	155	-13.0477	-37.3462	28.3968	-2.14165
44	156	-13.0037	-37.1551	28.2123	-2.14399
44	157	-12.9647	-36.9637	28.0304	-2.14653
44	158	-12.9276	-36.7686	27.8467	-2.14923
48	0	22.6448	-44.3755	37.0178	-0.988801
48	1	22.5632	-44.091	36.7354	-0.986402
48	2	22.4706	-43.8103	36.4503	-0.984272
48	3	22.3748	-43.5711	36.198	-0.982818
48	4	22.2713	-43.3647	35.9689	-0.982028
48	5	22.157	-43.1845	35.7556	-0.981889
48	6	22.0289	-43.0262	35.5528	-0.982412
48	7	21.8821	-42.8909	35.3588	-0.983741
48	8	21.7067	-42.7983	35.1847	-0.986435
48	9	21.4806	-42.773	35.0393	-0.991418
48	10	21.2525	-42.7616	34.9053	-0.996709
48	11	21.0266	-42.7495	34.773	-1.00197
48	12	20.8036	-42.74	34.6454	-1.00725
48	13	20.5852	-42.7219	34.5139	-1.01232
48	14	20.3685	-42.6995	34.3805	-1.01732
48	15	20.1524	-42.6793	34.2501	-1.02238
48	16	19.9377	-42.6573	34.1198	-1.02741
48	17	19.7254	-42.6338	33.9903	-1.0324
48	18	19.5157	-42.6129	33.8653	-1.0374
48	19	19.3091	-42.5889	33.74	-1.04231
48	20	19.1046	-42.5614	33.6135	-1.04715
48	21	18.9007	-42.5361	33.49	-1.05205
48	22	18.6975	-42.5089	33.3661	-1.05693
48	23	18.4957	-42.4781	33.2405	-1.06176
48	24	18.2961	-42.4445	33.1142	-1.06653
48	25	18.0993	-42.4104	32.9897	-1.07125
48	26	17.9047	-42.3804	32.8704	-1.07601
48	27	17.7127	-42.3492	32.7522	-1.08072
48	28	17.5229	-42.3151	32.6332	-1.08536
48	29	17.3347	-42.2813	32.5158	-1.08999
48	30	17.1479	-42.2503	32.4023	-1.09466
48	31	16.9635	-42.2204	32.2915	-1.09931
48	32	16.7825	-42.1914	32.1838	-1.10391
48	33	16.6052	-42.1633	32.0793	-1.10846
48	34	16.4314	-42.1359	31.9775	-1.11294
48	35	16.2604	-42.1092	31.8783	-1.11738
48	36	16.0905	-42.0838	31.7813	-1.12184
48	37	15.9207	-42.0616	31.688	-1.12636
48	38	15.7502	-42.0459	31.6008	-1.13102
48	39	15.5782	-42.043	31.5254	-1.13591
48	40	15.4044	-42.0615	31.4694	-1.14117
48	41	15.2266	-42.1056	31.4359	-1.1469
48	42	15.0462	-42.175	31.4256	-1.15304
48	43	14.8597	-42.2732	31.4403	-1.15973
48	44	14.6859	-42.3876	31.4765	-1.16624
48	45	14.5246	-42.5159	31.5315	-1.17255
48	46	14.3725	-42.6555	31.6019	-1.17869
48	47	14.2273	-42.8019	31.6822	-1.1847
48	48	14.0865	-42.9527	31.7694	-1.19059
48	49	13.9511	-43.1092	31.865	-1.19636
48	50	13.8223	-43.2724	31.9703	-1.20197
48	51	13.7032	-43.4439	32.0878	-1.20736
48	52	13.5981	-43.6264	32.2215	-1.21242
48	53	13.5102	-43.8206	32.3728	-1.21707
48	54	13.4411	-44.0289	32.5446	-1.22128
48	55	13.3952	-44.2363	32.7239	-1.22477
48	56	13.3687	-44.4443	32.9107	-1.22767
48	57	13.36	-44.6537	33.1051	-1.23005
48	58	13.3631	-44.8649	33.3052	-1.23208
48	59	13.3729	-45.0779	33.5094	-1.23391
48	60	13.3868	-45.2928	33.717	-1.23563
48	61	13.4042	-45.5093	33.9272	-1.23725
48	62	13.4269	-45.7258	34.1392	-1.23869
48	63	13.4544	-45.9406	34.3512	-1.23998
48	64	13.4849	-46.1525	34.5616	-1.24113
48	65	13.5167	-46.3616	34.7697	-1.24222
48	66	13.5486	-46.5687	34.9761	-1.24326
48	67	13.5806	-46.7751	35.1818	-1.24429
48	68	13.6128	-46.9818	35.388	-1.2453
48	69	13.6462	-47.1895	35.5954	-1.24628
48	70	13.6819	-47.3975	35.804	-1.24718
48	71	13.7208	-47.6047	36.0128	-1.24799
48	72	13.7622	-47.8099	36.2205	-1.2487
48	73	13.8051	-48.0124	36.4262	-1.24934
48	74	13.8483	-48.2128	36.63	-1.24995
48	75	13.8914	-48.4123	36.8329	-1.25055
48	76	13.9349	-48.6118	37.036	-1.25113
48	77	13.9798	-48.8119	37.2401	-1.25168
48	78	14.027	-49.0121	37.4449	-1.25216
48	79	14.0764	-49.2115	37.6498	-1.25257
48	80	14.1273	-49.4094	37.8537	-1.25293
48	81	14.1786	-49.6058	38.0563	-1.25326
48	82	14.2297	-49.8016	38.2583	-1.25359
48	83	14.2811	-49.9977	38.4606	-1.25391
48	84	14.3337	-50.1947	38.6642	-1.25421
48	85	14.3886	-50.3924	38.8691	-1.25445
48	86	14.4463	-50.5898	39.0747	-1.25462
48	87	14.5063	-50.786	39.2798	-1.25472
48	88	14.5675	-50.9806	39.4838	-1.25477
48	89	14.6294	-51.1741	39.687	-1.25481
48	90	14.6917	-51.3671	39.8898	-1.25483
48	91	14.7551	-51.5603	40.0931	-1.25482
48	92	14.8205	-51.7534	40.2969	-1.25477
48	93	14.8892	-51.9453	40.5007	-1.25463
48	94	14.965	-52.1342	40.7038	-1.2543
48	95	15.0812	-52.2759	40.8748	-1.25268
48	96	15.2454	-52.3713	41.0169	-1.2496
48	97	15.4242	-52.4456	41.1441	-1.24605
48	98	15.6188	-52.5049	41.2627	-1.24204
48	99	15.8342	-52.5477	41.3732	-1.23745
48	100	16.0773	-52.5742	41.4784	-1.23212
48	101	16.3569	-52.586	41.5833	-1.22587
48	102	16.6375	-52.5871	41.6799	-1.21954
48	103	16.9197	-52.5773	41.7687	-1.21312
48	104	17.2037	-52.5544	41.8476	-1.20657
48	105	17.4876	-52.5161	41.9139	-1.19992
48	106	17.7686	-52.4629	41.9671	-1.19321
48	107	18.0459	-52.3974	42.0094	-1.1865
48	108	18.3206	-52.3214	42.0428	-1.17977
48	109	18.5938	-52.2338	42.067	-1.17297
48	110	18.8648	-52.1318	42.0789	-1.16609
48	111	19.1304	-52.014	42.0762	-1.15919
48	112	19.3882	-51.8826	42.0599	-1.15232
48	113	19.6385	-51.7412	42.0334	-1.14551
48	114	19.8836	-51.5916	41.9992	-1.13873
48	115	20.1247	-51.4325	41.9567	-1.13192
48	116	20.3608	-51.2609	41.9026	-1.12508
48	117	20.5882	-51.0754	41.8343	-1.11827
48	118	20.8045	-50.8783	41.7525	-1.11154
48	119	21.0106	-50.673	41.6608	-1.10492
48	120	21.2085	-50.4605	41.5607	-1.09837
48	121	21.399	-50.2391	41.4512	-1.09185
48	122	21.5805	-50.0071	41.3297	-1.08536
48	123	21.7499	-49.7648	41.1953	-1.07898
48	124	21.906	-49.5153	41.0499	-1.07276
48	125	22.0505	-49.261	40.8963	-1.06669
48	126	22.1857	-49.0018	40.7353	-1.06071
48	127	22.3115	-48.7356	40.5652	-1.0548
48	128	22.4254	-48.4615	40.3836	-1.04899
48	129	22.5246	-48.1811	40.1907	-1.04338
48	130	22.6094	-47.898	39.9892	-1.03798
48	131	22.6825	-47.6137	39.7821	-1.03277
48	132	22.7462	-47.3272	39.5692	-1.02768
48	133	22.7998	-47.0364	39.3484	-1.02269
48	134	22.8399	-46.7401	39.1169	-1.01787
48	135	22.8632	-46.4407	38.8748	-1.01331
48	136	22.8701	-46.1421	38.6254	-1.00907
48	137	22.8636	-45.8458	38.3714	-1.0051
48	138	22.8461	-45.5505	38.113	-1.00134
48	139	22.817	-45.2546	37.8483	-0.997769
48	140	22.7739	-44.9584	37.5763	-0.994459
48	141	22.7159	-44.6646	37.2985	-0.991471
49	0	-13.7039	-45.6396	35.9451	-2.03212
49	1	-13.6661	-45.4591	35.7667	-2.03342
49	2	-13.6305	-45.2791	35.5898	-2.03478
49	3	-13.5964	-45.0999	35.4143	-2.03619
49	4	-13.5632	-44.9211	35.2397	-2.03762
49	5	-13.5306	-44.7425	35.0655	-2.03908
49	6	-13.4987	-44.5635	34.8914	-2.04058
49	7	-13.4682	-44.3839	34.7175	-2.04214
49	8	-13.4395	-44.2042	34.5444	-2.04376
49	9	-13.4131	-44.0249	34.3728	-2.04545
49	10	-13.3889	-43.8468	34.2034	-2.04721
49	11	-13.3672	-43.6703	34.0367	-2.04902
49	12	-13.3484	-43.4954	33.8728	-2.0509
49	13	-13.3345	-43.3205	33.7113	-2.05293
49	14	-13.3289	-43.1448	33.5531	-2.05521
49	15	-13.337	-42.9666	33.3993	-2.05791
49	16	-13.3628	-42.7841	33.2503	-2.06116
49	17	-13.4088	-42.5956	33.1059	-2.06507
49	18	-13.4758	-42.4074	32.9724	-2.06957
49	19	-13.5604	-42.2289	32.8565	-2.07443
49	20	-13.6608	-42.0579	32.7556	-2.07963
49	21	-13.7784	-41.8984	32.6741	-2.08515
49	22	-13.9118	-41.7538	32.6144	-2.0909
49	23	-14.063	-41.6305	32.5831	-2.0968
49	24	-14.2335	-41.5291	32.5816	-2.10289
49	25	-14.4212	-41.4457	32.6056	-2.10915
49	26	-14.6101	-41.3861	32.6519	-2.11505
49	27	-14.8015	-41.3573	32.7268	-2.12051
49	28	-14.9971	-41.3555	32.8279	-2.12562
49	29	-15.1943	-41.3653	32.9405	-2.13055
49	30	-15.3926	-41.3808	33.0593	-2.13539
49	31	-15.5921	-41.3983	33.1812	-2.14019
49	32	-15.7925	-41.4168	33.3053	-2.14495
49	33	-15.9929	-41.4352	33.4299	-2.14969
49	34	-16.1921	-41.4547	33.5556	-2.15434
49	35	-16.3891	-41.4739	33.6805	-2.15891
49	36	-16.5846	-41.4969	33.8084	-2.16334
49	37	-16.7797	-41.5176	33.9349	-2.16777
49	38	-16.9752	-41.5328	34.0577	-2.17226
49	39	-17.1717	-41.5426	34.1773	-2.17684
49	40	-17.3688	-41.5501	34.2961	-2.18144
49	41	-17.5654	-41.5613	34.4184	-2.18593
49	42	-17.7607	-41.5704	34.5388	-2.1904
49	43	-17.9541	-41.5769	34.6568	-2.19483
49	44	-18.1453	-41.5855	34.7758	-2.19915
49	45	-18.335	-41.5894	34.8908	-2.20349
49	46	-18.5241	-41.5885	35.0022	-2.20786
49	47	-18.7131	-41.5896	35.1159	-2.21217
49	48	-18.9021	-41.5878	35.2278	-2.21649
49	49	-19.0909	-41.5837	35.3385	-2.22083
49	50	-19.2784	-41.5836	35.4522	-2.22504
49	51	-19.4638	-41.583	35.5649	-2.22919
49	52	-19.6463	-41.582	35.676	-2.23325
49	53	-19.8255	-41.5853	35.7892	-2.23714
49	54	-20.0018	-41.5876	35.9002	-2.24096
49	55	-20.1752	-41.5863	36.0072	-2.24476
49	56	-20.3458	-41.5811	36.1098	-2.24854
49	57	-20.5134	-41.5719	36.2079	-2.25231
49	58	-20.6775	-41.5586	36.3012	-2.25605
49	59	-20.8364	-41.5632	36.4056	-2.25935
49	60	-20.9565	-41.6262	36.5306	-2.26079
49	61	-21.0642	-41.7252	36.6755	-2.26134
49	62	-21.1583	-41.845	36.8278	-2.26124
49	63	-21.2446	-41.9842	36.9901	-2.26064
49	64	-21.3258	-42.1453	37.166	-2.25956
49	65	-21.4048	-42.3343	37.3622	-2.25798
49	66	-21.4838	-42.5583	37.5856	-2.25583
49	67	-21.5654	-42.825	37.8439	-2.25304
49	68	-21.636	-43.094	38.0974	-2.25002
49	69	-21.6968	-43.3646	38.3463	-2.24682
49	70	-21.7477	-43.6379	38.5916	-2.24342
49	71	-21.787	-43.9149	38.833	-2.23977
49	72	-21.812	-44.1949	39.0684	-2.23583
49	73	-21.8215	-44.4752	39.2952	-2.23161
49	74	-21.8171	-44.7532	39.5124	-2.22721
49	75	-21.802	-45.0283	39.7214	-2.22268
49	76	-21.7777	-45.3017	39.9246	-2.21804
49	77	-21.744	-45.5752	40.1228	-2.21326
49	78	-21.6985	-45.849	40.3153	-2.20829
49	79	-21.6387	-46.1215	40.4992	-2.2031
49	80	-21.5642	-46.3899	40.6723	-2.19772
49	81	-21.4771	-46.6523	40.8343	-2.19222
49	82	-21.3799	-46.9093	40.9873	-2.18664
49	83	-21.273	-47.1623	41.1328	-2.18097
49	84	-21.1549	-47.412	41.2704	-2.17516
49	85	-21.0232	-47.6572	41.398	-2.16917
49	86	-20.8774	-47.8947	41.5129	-2.16305
49	87	-20.7197	-48.1224	41.6146	-2.15685
49	88	-20.5533	-48.3406	41.7052	-2.15063
49	89	-20.3798	-48.5512	41.7872	-2.1444
49	90	-20.1988	-48.7557	41.8615	-2.13811
49	91	-20.0091	-48.9546	41.9281	-2.13175
49	92	-19.8088	-49.1451	41.9838	-2.1253
49	93	-19.5986	-49.3246	42.0266	-2.1188
49	94	-19.381	-49.4926	42.0575	-2.1123
49	95	-19.1581	-49.6507	42.079	-2.10582
49	96	-18.9299	-49.8006	42.0925	-2.09934
49	97	-18.6952	-49.9423	42.0974	-2.09283
49	98	-18.4524	-50.0738	42.0912	-2.08627
49	99	-18.2021	-50.1923	42.0718	-2.07971
49	100	-17.9467	-50.2966	42.0394	-2.07319
49	101	-17.6887	-50.3886	41.9966	-2.06676
49	102	-17.4288	-50.4705	41.9459	-2.06038
49	103	-17.1663	-50.5434	41.8876	-2.05403
49	104	-16.9004	-50.606	41.8203	-2.0477
49	105	-16.6693	-50.6445	41.7491	-2.04236
49	106	-16.4655	-50.6639	41.6741	-2.03779
49	107	-16.2817	-50.6607	41.5889	-2.03388
49	108	-16.1127	-50.6383	41.4935	-2.03048
49	109	-15.9535	-50.5996	41.3885	-2.02745
49	110	-15.8009	-50.5467	41.2738	-2.02469
49	111	-15.6554	-50.4762	41.1468	-2.02227
49	112	-15.5365	-50.3637	40.9937	-2.02085
49	113	-15.4424	-50.2061	40.8108	-2.02046
49	114	-15.3556	-50.0458	40.6288	-2.02025
49	115	-15.2715	-49.8855	40.4479	-2.0201
49	116	-15.1885	-49.7255	40.2678	-2.01997
49	117	-15.1058	-49.5659	40.0881	-2.01984
49	118	-15.0232	-49.4064	39.9085	-2.01971
49	119	-14.9413	-49.2467	39.7291	-2.01959
49	120	-14.8613	-49.084	39.5478	-2.01956
49	121	-14.7841	-48.9188	39.3654	-2.01961
49	122	-14.7099	-48.7522	39.1832	-2.01975
49	123	-14.6381	-48.5855	39.0018	-2.01995
49	124	-14.5679	-48.4197	38.8219	-2.02017
49	125	-14.4989	-48.255	38.6437	-2.02041
49	126	-14.4313	-48.0881	38.4639	-2.02072
49	127	-14.3655	-47.9186	38.2827	-2.0211
49	128	-14.3018	-47.7466	38.1001	-2.02156
49	129	-14.2407	-47.5723	37.9167	-2.02211
49	130	-14.1827	-47.3965	37.7331	-2.02276
49	131	-14.1277	-47.2201	37.5504	-2.02349
49	132	-14.0754	-47.0442	37.3694	-2.02429
49	133	-14.0247	-46.8697	37.1904	-2.02512
49	134	-13.975	-46.697	37.0133	-2.02596
49	135	-13.926	-46.5258	36.838	-2.02681
49	136	-13.8782	-46.3523	36.6613	-2.02772
49	137	-13.8318	-46.1767	36.4832	-2.0287
49	138	-13.7869	-45.9991	36.3041	-2.02976
49	139	-13.7441	-45.8198	36.1244	-2.0309
