0 1 1 99.8399 1.46849 -1 1.07561 0.0434483 0 0 0 59.9203 0 303000 0 1.57473
1 1 1 106.676 3.03103 -1 1.02078 0 1 0 0 59.8508 0 303000 0 1.56687
2 1 1 99.2248 1.44547 -1 1.08373 0.892894 2 0 0 56.1217 0 303000 0 1.62359
3 1 1 98.6258 0.398884 -1 1.05655 1.73006 3 0 0 56.5124 0 303000 0 1.67196
4 1 1 107.935 3.11962 -1 1.03383 2.76404 4 0 0 50.0998 0 303000 0 1.66977
5 1 1 81.3343 0.400041 -1 1.17505 4.06698 5 0 0 50.6059 0 303000 0 1.71591
6 1 1 92.4719 1.13312 -1 1.07555 5.80435 6 0 0 44.2187 0 303000 0 1.7206
7 1 1 100.766 0.661466 -1 1.11028 7.62804 7 0 0 44.6631 0 303000 0 1.76639
8 1 1 61.3656 2.25475 -1 1.24186 10.0365 8 0 0 39.7294 0 303000 0 1.78145
9 1 1 58.3492 0.919225 -1 1.16162 12.438 9 0 0 40.1859 0 303000 0 1.8311
10 2 0 71.8718 0.0540281 0 1.30242 8.30607 10 0 0 69.2565 0 303000 0 0
11 2 0 55.3447 1.50723 -1 1.14924 8.97986 11 0 0 65.5717 0 303000 0 0
12 2 0 71.7653 2.87064 0 1.3299 8.99829 12 0 0 65.8661 0 303000 0 0
13 2 0 74.0622 0.0383536 0 1.33789 9.97113 13 0 0 58.6631 0 303000 0 0
14 2 0 75.0833 2.97726 0 1.4618 10.7041 14 0 0 58.1183 0 303000 0 0
15 2 0 72.9407 2.64875 0 1.42286 12.2855 15 0 0 50.106 0 303000 0 0
16 2 0 66.6843 0.725014 -1 1.31757 13.6512 16 0 0 50.6477 0 303000 0 0
17 2 1 59.5611 2.32374 -1 1.2752 15.7592 17 0 0 43.6014 0 303000 0 0
18 2 1 59.2052 0.821135 -1 1.34394 17.6206 18 0 0 44.2832 0 303000 0 0
19 3 0 70.5061 1.55356 1.5708 1.22359 16.6102 19 0 0 76.4582 84.9505 303000 0 0
20 3 0 65.6367 1.58175 -1 1.14834 16.7159 20 0 0 76.584 84.9436 303000 0 0
21 3 0 72.5074 2.84597 0 1.26646 17.3318 21 0 0 66.4913 78.2665 303000 0 0
22 3 0 76.1369 2.90323 0 1.33097 17.2448 22 0 0 66.9802 78.6959 303000 0 0
23 3 0 76.9663 2.62813 0 1.2227 18.5842 23 0 0 57.0324 69.298 303000 0 0
24 3 0 73.2052 2.99148 0 1.2794 19.6605 24 0 0 56.9891 69.6823 303000 0 0
25 3 1 80.1954 2.2931 -1 1.19562 21.3097 25 0 0 48.7965 60.5272 303000 0 0
26 3 1 76.4404 0.850135 -1 1.20593 23.107 26 0 0 48.9921 61.2742 303000 0 0
27 4 0 73.7972 1.58774 0 1.09429 25.6817 27 0 0 79.045 99.1738 303000 0 0
28 4 0 78.4848 2.72874 0 1.16892 25.633 28 0 0 70.9164 90.2724 303000 0 0
29 4 0 77.4832 1.60603 0 1.16986 25.9943 29 0 0 71.6142 91.7329 303000 0 0
30 4 0 71.882 2.58339 -1 1.11015 26.5005 30 0 0 61.4256 78.9016 303000 0 0
31 4 0 79.5996 1.67198 0 1.2271 26.8003 31 0 0 62.5315 80.6452 303000 0 0
32 4 1 79.6347 2.49168 -1 1.29035 27.9449 32 0 0 53.2338 68.5828 303000 0 0
33 4 1 78.5289 0.740979 -1 1.24075 29.1221 33 0 0 53.6968 69.7041 303000 0 0
34 5 0 79.7842 2.66989 1.5708 1.10061 34.3117 34 0 0 67.5806 99.492 303000 0 0
35 5 0 81.3128 0.600028 1.5708 1.12101 35.0371 35 0 0 67.3415 100.371 303000 0 0
36 5 0 60.8547 1.4876 -1 1.15479 34.8604 36 0 0 61.1839 85.1622 303000 0 0
37 5 0 58.5815 1.62294 -1 1.11395 35.6081 37 0 0 61.9603 87.4591 303000 0 0
38 5 1 77.9147 2.60996 -1 1.20258 36.035 38 0 0 54.1264 73.5314 303000 0 0
39 5 1 78.919 0.613439 -1 1.23868 36.7611 39 0 0 55.0141 75.4838 303000 0 0
40 6 0 79.3518 2.85037 1.5708 1.09048 43.4636 40 0 0 59.5276 90.7413 303000 0 0
41 6 0 76.6979 1.62726 1.5708 1.16562 43.6519 41 0 0 57.292 84.9959 303000 0 0
42 6 0 84.4341 1.59966 1.5708 1.10903 45.106 42 0 0 56.9328 85.3386 303000 0 0
43 6 1 73.7558 2.76701 -1 1.2204 43.671 43 0 0 52.9964 75.7543 303000 0 0
44 6 1 75.3004 0.380226 -1 1.25112 44.4151 44 0 0 53.3619 77.0085 303000 0 0
45 7 0 98.0337 1.53458 1.5708 1.49172 54.1893 45 0 0 50.3365 76.2613 303000 0 0
46 7 0 90.9583 1.72124 1.5708 1.48822 53.8042 46 0 0 49.7475 74.6948 303000 0 0
47 7 0 69.1282 1.40247 1.5708 1.25426 54.3371 47 0 0 49.312 74.0131 303000 0 0
48 7 1 79.9094 3.09886 1.5708 1.03309 52.5559 48 0 0 48.1249 70.6423 303000 0 0
49 7 1 59.4333 3.11739 1.5708 1.08473 52.5111 49 0 0 48.3777 71.1263 303000 0 0
