0 1 1 94.6119 1.48463 -1 1.24287 0.380787 0 0 0 61.0759 0 175000 0 1.60823
1 1 1 102.109 1.61822 -1 1.05221 0 1 0 0 60.6185 0 175000 0 1.53336
2 1 1 96.5228 1.41803 -1 1.09646 1.27449 2 0 0 57.6276 0 175000 0 1.64082
3 1 1 98.9504 0.424559 -1 1.06755 1.89175 3 0 0 58.1693 0 175000 0 1.68002
4 1 1 103.443 1.33863 -1 1.0836 3.45235 4 0 0 52.452 0 175000 0 1.69576
5 1 1 79.2537 0.398679 -1 1.0746 4.11353 5 0 0 52.7139 0 175000 0 1.72055
6 1 1 89.9622 1.22408 -1 1.1586 6.83678 6 0 0 46.851 0 175000 0 1.75434
7 1 1 96.9526 1.91951 -1 1.08157 7.1835 7 0 0 46.5028 0 175000 0 1.76148
8 1 1 62.9053 2.24273 -1 1.19052 10.7575 8 0 0 41.62 0 175000 0 1.8053
9 1 1 58.7563 0.897193 -1 1.16048 10.9493 9 0 0 41.8242 0 175000 0 1.80812
10 2 0 73.0892 2.63161 0 1.21737 9.17851 10 0 0 70.4195 0 175000 0 0
11 2 0 54.3364 1.50457 -1 1.23832 9.7121 11 0 0 67.5487 0 175000 0 0
12 2 0 71.0133 0.479852 0 1.17688 9.29015 12 0 0 67.1005 0 175000 0 0
13 2 0 69.8477 2.63972 0 1.28327 10.4619 13 0 0 60.8719 0 175000 0 0
14 2 0 73.9854 0.501446 0 1.22839 11.3974 14 0 0 60.0104 0 175000 0 0
15 2 0 70.1871 2.59211 0 1.34305 13.6349 15 0 0 52.7291 0 175000 0 0
16 2 0 67.054 0.677762 -1 1.26582 13.7871 16 0 0 52.6989 0 175000 0 0
17 2 1 58.8385 2.35774 -1 1.25573 16.7223 17 0 0 45.6024 0 175000 0 0
18 2 1 59.413 0.721588 -1 1.29292 16.9395 18 0 0 46.0461 0 175000 0 0
19 3 0 64.0155 0.0482054 0 1.01294 17.5867 19 0 0 78.2411 87.5624 175000 0 0
20 3 0 60.2282 1.59799 -1 1.34879 17.4667 20 0 0 77.2929 86.9743 175000 0 0
21 3 0 68.9352 2.68637 0 1.16876 17.7838 21 0 0 68.6479 81.7938 175000 0 0
22 3 0 76.803 0.456131 0 1.18811 18.0812 22 0 0 67.8792 81.04 175000 0 0
23 3 0 73.3525 2.57452 0 1.22044 19.6737 23 0 0 59.266 72.902 175000 0 0
24 3 0 74.7108 0.707003 0 1.18769 20.689 24 0 0 58.4224 72.408 175000 0 0
25 3 1 79.6216 2.35196 -1 1.20567 22.6817 25 0 0 50.5746 63.3086 175000 0 0
26 3 1 75.9306 0.725132 -1 1.17151 23.2744 26 0 0 50.4686 63.3696 175000 0 0
27 4 0 76.106 1.57027 0 1.07873 26.4328 27 0 0 76.9758 102.694 175000 0 0
28 4 0 68.8639 1.50489 1.5708 1.46542 26.46 28 0 0 71.4832 94.1221 175000 0 0
29 4 0 73.1235 1.57418 0 1.2055 27.082 29 0 0 71.2055 94.1926 175000 0 0
30 4 0 73.6692 2.53849 -1 1.10494 27.6144 30 0 0 63.1064 82.5879 175000 0 0
31 4 0 80.9198 1.62012 1.5708 1.42037 28.1551 31 0 0 62.7511 82.6515 175000 0 0
32 4 1 77.4251 2.52167 -1 1.34648 29.3043 32 0 0 54.4771 71.0931 175000 0 0
33 4 1 77.4058 0.663644 -1 1.26614 30.1474 33 0 0 53.7838 70.5048 175000 0 0
34 5 0 77.2002 1.57231 1.5708 1.09043 35.593 34 0 0 66.2187 99.0871 175000 0 0
35 5 0 78.0626 0.535 1.5708 1.10665 36.0724 35 0 0 65.3708 97.3717 175000 0 0
36 5 0 58.7525 1.52394 -1 1.21078 36.1991 36 0 0 61.1499 86.6562 175000 0 0
37 5 0 54.9589 0.880976 -1 1.1715 36.9071 37 0 0 60.9416 86.6841 175000 0 0
38 5 1 77.1058 2.61142 -1 1.25257 36.98 38 0 0 54.6982 75.2396 175000 0 0
39 5 1 76.5656 0.5082 -1 1.24451 37.7505 39 0 0 54.4523 75.0523 175000 0 0
40 6 0 72.1586 2.8194 0 1.18322 44.5141 40 0 0 58.2352 88.1255 175000 0 0
41 6 0 73.683 1.58796 1.5708 1.12284 44.8944 41 0 0 56.5187 84.0214 175000 0 0
42 6 0 77.1062 1.65454 1.5708 1.17623 46.0237 42 0 0 55.3634 82.3865 175000 0 0
43 6 1 72.3015 2.73622 -1 1.25286 44.6999 43 0 0 52.9311 76.1442 175000 0 0
44 6 1 73.6634 0.341959 -1 1.24035 45.6872 44 0 0 52.3819 75.503 175000 0 0
45 7 0 95.305 1.52727 1.5708 1.54232 54.8086 45 0 0 49.5208 74.4433 175000 0 0
46 7 0 87.1098 1.70637 1.5708 1.49966 54.605 46 0 0 49.1868 73.4893 175000 0 0
47 7 0 68.5384 1.44798 1.5708 1.23982 54.9559 47 0 0 48.4704 72.2402 175000 0 0
48 7 1 79.9878 1.62328 1.5708 1.04553 53.5881 48 0 0 47.5155 69.6614 175000 0 0
49 7 1 59.7235 3.0584 1.5708 1.07838 53.7355 49 0 0 47.1764 69.0096 175000 0 0
