0 1 1 104.335 1.51988 -1 1.05549 0.360944 0 0 0 59.4055 0 435000 0 1.60376
1 1 1 100.698 1.58757 -1 1.0539 0 1 0 0 59.4705 0 435000 0 1.53784
2 1 1 98.161 1.42408 -1 1.08185 0.761659 2 0 0 55.0439 0 435000 0 1.60558
3 1 1 109.761 0.265334 -1 1.28773 1.43091 3 0 0 55.7666 0 435000 0 1.64397
4 1 1 110.514 0.0534175 -1 1.10918 2.08673 4 0 0 49.0701 0 435000 0 1.63814
5 1 1 79.5774 0.540268 -1 1.24062 4.12332 5 0 0 49.5099 0 435000 0 1.70456
6 1 1 94.4255 1.1732 -1 1.08937 5.04193 6 0 0 43.1182 0 435000 0 1.6934
7 1 1 97.3318 0.719938 -1 1.07765 8.40009 7 0 0 43.8066 0 435000 0 1.77414
8 1 1 60.2932 2.3215 -1 1.20604 8.62201 8 0 0 38.5888 0 435000 0 1.74399
9 1 1 58.125 0.970108 -1 1.14976 13.3288 9 0 0 39.573 0 435000 0 1.83924
10 2 0 71.6008 3.02868 0 1.38022 8.57509 10 0 0 68.5326 0 435000 0 0
11 2 0 56.4618 1.59094 -1 1.07158 8.84867 11 0 0 64.2541 0 435000 0 0
12 2 0 71.4828 2.81946 0 1.45611 8.37727 12 0 0 65.1018 0 435000 0 0
13 2 0 73.1515 0.326965 0 1.31676 9.40051 13 0 0 57.2621 0 435000 0 0
14 2 0 73.5518 2.96784 0 1.39917 9.80279 14 0 0 57.1564 0 435000 0 0
15 2 0 72.829 2.62895 0 1.53772 11.4571 15 0 0 49.0884 0 435000 0 0
16 2 0 69.6431 0.875334 -1 1.3101 13.7017 16 0 0 49.9484 0 435000 0 0
17 2 1 60.5369 2.33519 -1 1.29334 14.7135 17 0 0 42.3448 0 435000 0 0
18 2 1 59.8145 0.834252 -1 1.32668 18.1983 18 0 0 43.7494 0 435000 0 0
19 3 0 74.4511 3.02975 0 1.1389 16.475 19 0 0 74.8111 83.0035 435000 0 0
20 3 0 68.2697 2.68197 -1 1.125 16.2235 20 0 0 75.7608 83.3937 435000 0 0
21 3 0 78.7249 2.78207 0 1.31539 17.0516 21 0 0 65.0024 76.1054 435000 0 0
22 3 0 86.4225 0.611509 1.5708 1.17264 16.6051 22 0 0 65.7048 76.4934 435000 0 0
23 3 0 72.9802 2.64288 0 1.30338 17.718 23 0 0 55.6459 67.0109 435000 0 0
24 3 0 78.979 0.943527 1.5708 1.368 19.5986 24 0 0 56.377 68.5266 435000 0 0
25 3 1 80.1875 2.33565 -1 1.18344 20.2632 25 0 0 47.5251 58.3531 435000 0 0
26 3 1 78.2375 0.850859 -1 1.20994 23.5813 26 0 0 48.7589 60.8517 435000 0 0
27 4 0 80.7744 2.71281 1.5708 1.12708 24.9651 27 0 0 80.2888 97.1316 435000 0 0
28 4 0 83.2487 2.7104 1.5708 1.1427 25.2986 28 0 0 70.1636 88.5674 435000 0 0
29 4 0 77.7002 1.70172 1.5708 1.29066 25.415 29 0 0 72.0758 90.106 435000 0 0
30 4 0 75.2981 0.362711 -1 1.10666 25.9145 30 0 0 60.258 76.6615 435000 0 0
31 4 0 83.8481 1.82222 0 1.13583 26.6348 31 0 0 62.676 79.8641 435000 0 0
32 4 1 79.6489 2.52337 -1 1.26047 26.8678 32 0 0 52.3792 66.6227 435000 0 0
33 4 1 74.7921 0.770674 -1 1.27137 29.4962 33 0 0 53.7421 69.5392 435000 0 0
34 5 0 80.0386 2.70613 1.5708 1.22391 33.6179 34 0 0 68.4171 99.3319 435000 0 0
35 5 0 79.5385 0.650076 1.5708 1.10446 34.2601 35 0 0 68.7993 101.92 435000 0 0
36 5 0 60.9316 2.6166 -1 1.08408 34.0971 36 0 0 61.0685 83.8087 435000 0 0
37 5 0 56.8702 2.73636 -1 1.13139 34.8692 37 0 0 63.2331 88.4997 435000 0 0
38 5 1 78.5574 2.59336 -1 1.20101 35.0996 38 0 0 53.4449 71.7639 435000 0 0
39 5 1 76.7402 0.667109 -1 1.31486 36.2814 39 0 0 55.5468 75.8265 435000 0 0
40 6 0 79.8984 2.81893 1.5708 1.16515 42.4686 40 0 0 61.0255 93.4242 435000 0 0
41 6 0 77.7008 1.60639 1.5708 1.05884 42.4684 41 0 0 58.288 85.8731 435000 0 0
42 6 0 80.5627 1.53308 1.5708 1.04914 43.9534 42 0 0 58.3814 87.6747 435000 0 0
43 6 1 72.6098 2.69205 -1 1.26494 42.5605 43 0 0 53.1331 75.1982 435000 0 0
44 6 1 71.9864 0.388528 -1 1.29848 43.2199 44 0 0 54.8551 78.9804 435000 0 0
45 7 0 100.121 1.52064 1.5708 1.38707 52.8384 45 0 0 51.9288 79.1044 435000 0 0
46 7 0 92.8126 1.73879 1.5708 1.41304 52.3088 46 0 0 51.2461 77.1627 435000 0 0
47 7 0 68.9763 1.39798 1.5708 1.24336 52.9661 47 0 0 50.7854 76.5316 435000 0 0
48 7 1 79.9961 3.10508 1.5708 1.06477 51.0015 48 0 0 49.3391 72.2926 435000 0 0
49 7 1 58.132 3.11416 1.5708 1.10063 51.0428 49 0 0 49.8727 73.3913 435000 0 0
