0 1 1 80.6983 1.49212 -1 1.49603 -0.229635 0 0 0 62.4982 0 68000 0 1.54474
1 1 1 93.6086 1.63052 -1 1.31749 0 1 0 0 62.6009 0 68000 0 1.59685
2 1 1 87.2379 1.45371 -1 1.21036 -0.224496 2 0 0 58.9316 0 68000 0 1.56258
3 1 1 85.6664 1.71857 -1 1.38103 1.69461 3 0 0 60.2119 0 68000 0 1.7043
4 1 1 83.7925 1.36213 -1 1.20895 1.27433 4 0 0 54.1928 0 68000 0 1.63194
5 1 1 75.328 1.63214 -1 1.18603 2.66096 5 0 0 55.1178 0 68000 0 1.69477
6 1 1 73.3771 1.34735 -1 1.393 3.2812 6 0 0 49.1015 0 68000 0 1.6792
7 1 1 85.3709 1.8128 -1 1.29227 3.6155 7 0 0 49.1763 0 68000 0 1.68933
8 1 1 60.7747 2.37262 -1 1.15222 5.59714 8 0 0 44.2684 0 68000 0 1.71535
9 1 1 55.1136 0.708207 -1 1.12638 5.8311 9 0 0 44.2629 0 68000 0 1.72033
10 2 0 59.3731 0.288939 0 1.09448 8.79917 10 0 0 72.5237 0 68000 0 0
11 2 0 48.9095 1.56756 -1 1.38274 8.91452 11 0 0 68.8851 0 68000 0 0
12 2 0 58.0735 0.469088 0 1.16048 9.73879 12 0 0 69.7017 0 68000 0 0
13 2 0 59.6026 0.313864 0 1.28285 8.40941 13 0 0 62.2367 0 68000 0 0
14 2 0 63.9315 2.86102 0 1.14127 11.1008 14 0 0 62.6119 0 68000 0 0
15 2 0 61.0886 3.06684 0 1.30555 10.5322 15 0 0 55.0355 0 68000 0 0
16 2 0 55.9222 0.475098 -1 1.08304 11.4135 16 0 0 54.9464 0 68000 0 0
17 2 1 54.5441 2.56938 -1 1.17871 12.2703 17 0 0 48.1944 0 68000 0 0
18 2 1 54.4258 0.567852 -1 1.2173 12.5084 18 0 0 48.316 0 68000 0 0
19 3 0 51.4507 1.5366 0 1.06211 16.5822 19 0 0 78.4899 89.9973 68000 0 0
20 3 0 48.8761 1.6205 -1 1.33508 16.839 20 0 0 79.1287 90.4675 68000 0 0
21 3 0 72.6594 1.56356 0 1.07286 16.8528 21 0 0 69.346 83.6841 68000 0 0
22 3 0 57.5704 0.483648 0 1.24286 17.6874 22 0 0 69.9464 84.8374 68000 0 0
23 3 0 61.3532 1.46833 1.5708 1.57298 17.4492 23 0 0 61.1349 75.1569 68000 0 0
24 3 0 50.4567 2.86987 0 1.34557 18.7151 24 0 0 60.0627 74.5174 68000 0 0
25 3 1 79.8254 2.54175 -1 1.22257 19.1408 25 0 0 52.8812 65.8838 68000 0 0
26 3 1 65.6416 0.579529 -1 1.10067 19.4694 26 0 0 52.3844 65.3777 68000 0 0
27 4 0 67.4648 1.54895 0 1.08707 25.0437 27 0 0 76.9114 104.22 68000 0 0
28 4 0 58.3132 1.54222 1.5708 1.37079 25.2209 28 0 0 71.7035 95.3239 68000 0 0
29 4 0 53.543 1.48057 1.5708 1.49517 25.7279 29 0 0 71.8086 96.2232 68000 0 0
30 4 0 62.6302 2.57851 -1 1.09642 26.2134 30 0 0 63.9478 84.2055 68000 0 0
31 4 0 68.988 1.51345 1.5708 1.23524 26.0342 31 0 0 64.3022 84.4449 68000 0 0
32 4 1 68.9657 2.62265 -1 1.2895 26.5317 32 0 0 56.2256 73.0553 68000 0 0
33 4 1 67.4057 0.561246 -1 1.24752 26.4905 33 0 0 55.895 72.5783 68000 0 0
34 5 0 69.7406 1.61079 1.5708 1.11543 33.6605 34 0 0 66.6044 98.3561 68000 0 0
35 5 0 65.7024 0.589774 1.5708 1.14744 33.9974 35 0 0 65.8076 97.1658 68000 0 0
36 5 0 49.201 1.5876 -1 1.18423 34.1818 36 0 0 61.9356 87.2332 68000 0 0
37 5 0 46.4936 0.657035 -1 1.12195 34.2256 37 0 0 62.0556 87.5695 68000 0 0
38 5 1 73.6904 2.64417 -1 1.1902 34.4389 38 0 0 56.0383 76.6842 68000 0 0
39 5 1 71.2437 0.460164 -1 1.20852 34.1928 39 0 0 56.3122 76.9103 68000 0 0
40 6 0 60.3523 1.64191 1.5708 1.13948 41.9889 40 0 0 58.8316 87.8448 68000 0 0
41 6 0 59.869 1.37213 1.5708 1.10519 42.319 41 0 0 57.2234 84.0862 68000 0 0
42 6 0 67.6946 1.61292 1.5708 1.13487 42.924 42 0 0 56.7212 83.4139 68000 0 0
43 6 1 62.5987 2.80508 -1 1.23263 41.9678 43 0 0 54.0122 77.0841 68000 0 0
44 6 1 70.0095 0.272853 -1 1.18845 42.3214 44 0 0 53.6525 76.5366 68000 0 0
45 7 0 83.0584 1.5771 1.5708 1.38176 51.2704 45 0 0 50.9262 75.5932 68000 0 0
46 7 0 71.5144 1.64927 1.5708 1.45681 51.1407 46 0 0 50.3219 74.248 68000 0 0
47 7 0 62.6165 1.49212 1.5708 1.24187 51.3192 47 0 0 49.9317 73.5073 68000 0 0
48 7 1 70.967 1.59318 1.5708 1.06482 50.522 48 0 0 48.667 70.6121 68000 0 0
49 7 1 56.8798 1.78478 1.5708 1.062 50.3296 49 0 0 48.4111 70.0417 68000 0 0
