0 1 1 76.2714 1.56848 -1 1.50313 0.330038 0 0 0 63.3803 0 38000 0 1.61082
1 1 1 84.8796 1.56144 -1 1.4927 0 1 0 0 63.0568 0 38000 0 1.53077
2 1 1 78.6482 1.48405 -1 1.34626 0.287659 2 0 0 60.0155 0 38000 0 1.58061
3 1 1 80.2627 1.62514 -1 1.48347 1.29871 3 0 0 60.6887 0 38000 0 1.66128
4 1 1 76.3589 1.49653 -1 1.36275 0.83038 4 0 0 55.0887 0 38000 0 1.60236
5 1 1 71.9689 1.61673 -1 1.24848 1.723 5 0 0 55.5801 0 38000 0 1.64526
6 1 1 68.7902 1.43379 -1 1.27963 2.05646 6 0 0 49.9582 0 38000 0 1.63502
7 1 1 80.6845 1.7381 -1 1.34631 2.3004 7 0 0 49.8229 0 38000 0 1.64258
8 1 1 59.1123 2.44341 -1 1.24293 3.5245 8 0 0 44.8582 0 38000 0 1.65956
9 1 1 54.4165 0.655495 -1 1.14872 3.94607 9 0 0 45.0212 0 38000 0 1.67058
10 2 0 56.3604 3.00405 0 1.15606 9.02163 10 0 0 73.1257 0 38000 0 0
11 2 0 45.4883 1.69718 -1 1.34533 9.00758 11 0 0 69.5582 0 38000 0 0
12 2 0 55.8602 0.414044 0 1.02835 9.5808 12 0 0 69.9514 0 38000 0 0
13 2 0 54.1949 2.60532 0 1.42553 8.72176 13 0 0 63.107 0 38000 0 0
14 2 0 59.8928 0.344318 0 1.10709 10.3424 14 0 0 62.9866 0 38000 0 0
15 2 0 55.2307 3.13727 0 1.23259 9.44235 15 0 0 55.3722 0 38000 0 0
16 2 0 52.7051 0.324494 -1 1.06579 10.3579 16 0 0 55.6562 0 38000 0 0
17 2 1 51.8298 2.57425 -1 1.1996 10.2252 17 0 0 48.7862 0 38000 0 0
18 2 1 51.846 0.510052 -1 1.2416 10.7949 18 0 0 49.0319 0 38000 0 0
19 3 0 46.3686 2.88926 0 1.30856 16.2743 19 0 0 78.825 91.019 38000 0 0
20 3 0 47.4906 1.65542 -1 1.21113 16.7827 20 0 0 79.4002 91.7098 38000 0 0
21 3 0 60.4428 1.46724 1.5708 1.74618 17.04 21 0 0 68.9491 84.0608 38000 0 0
22 3 0 56.4371 0.0821996 0 1.28787 17.2304 22 0 0 70.2936 85.2559 38000 0 0
23 3 0 60.8316 1.53287 0 1.06292 17.0151 23 0 0 61.2978 75.5347 38000 0 0
24 3 0 45.3021 2.83035 0 1.34896 17.5999 24 0 0 60.814 75.1279 38000 0 0
25 3 1 73.6458 2.56444 -1 1.13472 17.3827 25 0 0 53.8045 66.7464 38000 0 0
26 3 1 60.7477 0.560185 -1 1.10775 17.7273 26 0 0 53.0371 65.8802 38000 0 0
27 4 0 61.825 1.58086 1.5708 1.50235 24.186 27 0 0 76.8431 104.634 38000 0 0
28 4 0 48.4179 2.09363 0 1.32056 24.6953 28 0 0 71.2034 95.0175 38000 0 0
29 4 0 54.6487 1.57378 1.5708 1.32733 25.0913 29 0 0 71.9835 96.329 38000 0 0
30 4 0 57.5947 0.616544 -1 1.08932 25.5263 30 0 0 63.8658 84.2472 38000 0 0
31 4 0 65.4847 2.72939 0 1.22262 24.8443 31 0 0 64.6833 84.4926 38000 0 0
32 4 1 69.6665 2.63368 -1 1.21158 25.0411 32 0 0 56.6655 73.4516 38000 0 0
33 4 1 63.0606 0.543174 -1 1.23218 24.7539 33 0 0 56.4733 72.8925 38000 0 0
34 5 0 69.279 1.46768 1.5708 1.18666 32.8555 34 0 0 66.4166 97.726 38000 0 0
35 5 0 63.2159 0.488454 1.5708 1.14905 33.3313 35 0 0 66.3825 97.7539 38000 0 0
36 5 0 49.0157 1.59509 -1 1.20636 33.0287 36 0 0 61.9879 87.0379 38000 0 0
37 5 0 47.1973 1.47554 -1 1.08879 32.7731 37 0 0 62.8022 88.0736 38000 0 0
38 5 1 72.3431 2.66126 -1 1.11618 33.4552 38 0 0 56.3408 76.9449 38000 0 0
39 5 1 72.5973 0.487482 -1 1.14805 32.5217 39 0 0 56.9112 77.3323 38000 0 0
40 6 0 57.7374 1.60062 1.5708 1.10319 41.1494 40 0 0 59.1267 87.8408 38000 0 0
41 6 0 57.3986 1.55745 1.5708 1.15605 41.3608 41 0 0 57.4018 83.8387 38000 0 0
42 6 0 63.2354 1.56362 1.5708 1.18132 41.8467 42 0 0 57.3939 84.0408 38000 0 0
43 6 1 60.5729 2.81326 -1 1.21398 40.9058 43 0 0 54.4854 77.4618 38000 0 0
44 6 1 70.4038 0.27531 -1 1.0931 40.9373 44 0 0 54.4917 77.4787 38000 0 0
45 7 0 76.4471 1.5771 1.5708 1.26449 49.9656 45 0 0 51.7281 76.4374 38000 0 0
46 7 0 63.3799 1.57859 1.5708 1.35325 49.8657 46 0 0 51.0263 74.9119 38000 0 0
47 7 0 59.805 1.50216 1.5708 1.21199 50.0316 47 0 0 50.7449 74.4036 38000 0 0
48 7 1 66.3799 1.55884 1.5708 1.06146 49.3981 48 0 0 49.1491 70.9655 38000 0 0
49 7 1 57.313 1.64528 1.5708 1.02849 49.2573 49 0 0 48.9859 70.6098 38000 0 0
