0 1 1 98.5491 1.43641 -1 1.08213 0.178829 0 0 0 59.9203 0 323000 0 1.58682
1 1 1 108.091 0.239056 -1 1.05716 0 1 0 0 59.8508 0 323000 0 1.55477
2 1 1 96.0818 1.48086 -1 1.14794 0.967663 2 0 0 56.1217 0 323000 0 1.62434
3 1 1 98.2023 0.519883 -1 1.13654 1.95884 3 0 0 56.5124 0 323000 0 1.68131
4 1 1 110.559 2.67847 -1 1.10124 2.77535 4 0 0 50.0998 0 323000 0 1.66808
5 1 1 80.7279 0.452194 -1 1.23683 4.54435 5 0 0 50.6059 0 323000 0 1.72966
6 1 1 92.9496 1.1469 -1 1.06531 5.9913 6 0 0 44.2187 0 323000 0 1.72283
7 1 1 98.5552 0.662368 -1 1.09309 7.90582 7 0 0 44.6631 0 323000 0 1.77015
8 1 1 61.3673 2.25019 -1 1.22803 10.027 8 0 0 39.7294 0 323000 0 1.7783
9 1 1 58.2687 0.923798 -1 1.16846 12.5144 9 0 0 40.1859 0 323000 0 1.82923
10 2 0 72.178 2.9113 0 1.32865 8.27076 10 0 0 69.2565 0 323000 0 0
11 2 0 55.3956 1.49597 -1 1.15555 9.17211 11 0 0 65.5717 0 323000 0 0
12 2 0 71.5918 2.91655 0 1.32443 8.96104 12 0 0 65.8661 0 323000 0 0
13 2 0 74.7405 0.26244 0 1.36701 10.0182 13 0 0 58.6631 0 323000 0 0
14 2 0 75.3914 0.142949 0 1.36693 10.9824 14 0 0 58.1183 0 323000 0 0
15 2 0 73.8956 2.62643 0 1.47292 12.3436 15 0 0 50.106 0 323000 0 0
16 2 0 65.6638 0.696061 -1 1.31081 13.8467 16 0 0 50.6477 0 323000 0 0
17 2 1 59.8213 2.32544 -1 1.26674 15.7657 17 0 0 43.6014 0 323000 0 0
18 2 1 59.2973 0.835017 -1 1.3454 17.6466 18 0 0 44.2832 0 323000 0 0
19 3 0 73.1145 1.53198 1.5708 1.27677 16.875 19 0 0 76.4582 84.9505 323000 0 0
20 3 0 66.029 1.55521 -1 1.20462 16.7634 20 0 0 76.584 84.9436 323000 0 0
21 3 0 74.4171 2.94733 0 1.27479 17.5192 21 0 0 66.4913 78.2665 323000 0 0
22 3 0 76.6431 3.04463 0 1.27783 17.3429 22 0 0 66.9802 78.6959 323000 0 0
23 3 0 76.8643 2.66373 0 1.22327 18.5725 23 0 0 57.0324 69.298 323000 0 0
24 3 0 73.217 2.996 0 1.38923 19.776 24 0 0 56.9891 69.6823 323000 0 0
25 3 1 80.0087 2.3442 -1 1.1917 21.3078 25 0 0 48.7965 60.5272 323000 0 0
26 3 1 76.7736 0.866884 -1 1.19571 23.0701 26 0 0 48.9921 61.2742 323000 0 0
27 4 0 73.1509 1.65538 0 1.11211 25.9656 27 0 0 79.045 99.1738 323000 0 0
28 4 0 78.1354 2.79285 0 1.18 25.8759 28 0 0 70.9164 90.2724 323000 0 0
29 4 0 76.6897 1.63744 0 1.21623 26.1221 29 0 0 71.6142 91.7329 323000 0 0
30 4 0 71.9451 1.54371 -1 1.11075 26.5174 30 0 0 61.4256 78.9016 323000 0 0
31 4 0 81.0716 1.681 0 1.14346 26.7809 31 0 0 62.5315 80.6452 323000 0 0
32 4 1 79.6695 2.51109 -1 1.29242 27.8658 32 0 0 53.2338 68.5828 323000 0 0
33 4 1 78.4456 0.74415 -1 1.25175 28.9367 33 0 0 53.6968 69.7041 323000 0 0
34 5 0 79.3935 2.74625 1.5708 1.09286 34.5083 34 0 0 67.5806 99.492 323000 0 0
35 5 0 80.9462 0.647738 1.5708 1.11618 35.2992 35 0 0 67.3415 100.371 323000 0 0
36 5 0 60.8576 1.48995 -1 1.15128 34.9051 36 0 0 61.1839 85.1622 323000 0 0
37 5 0 58.8135 1.5649 -1 1.07503 35.618 37 0 0 61.9603 87.4591 323000 0 0
38 5 1 78.1255 2.62547 -1 1.19883 36.0157 38 0 0 54.1264 73.5314 323000 0 0
39 5 1 79.5954 0.592973 -1 1.23844 36.4899 39 0 0 55.0141 75.4838 323000 0 0
40 6 0 78.9117 2.79347 1.5708 1.11548 43.6445 40 0 0 59.5276 90.7413 323000 0 0
41 6 0 76.8502 1.60061 1.5708 1.15416 43.6916 41 0 0 57.292 84.9959 323000 0 0
42 6 0 84.3969 1.56619 1.5708 1.08706 45.2292 42 0 0 56.9328 85.3386 323000 0 0
43 6 1 73.5349 2.66334 -1 1.2301 43.6767 43 0 0 52.9964 75.7543 323000 0 0
44 6 1 76.146 0.355528 -1 1.23289 44.2648 44 0 0 53.3619 77.0085 323000 0 0
45 7 0 98.8618 1.52464 1.5708 1.46318 54.2664 45 0 0 50.3365 76.2613 323000 0 0
46 7 0 92.5437 1.74502 1.5708 1.47834 53.8226 46 0 0 49.7475 74.6948 323000 0 0
47 7 0 69.9563 1.38723 1.5708 1.23551 54.4076 47 0 0 49.312 74.0131 323000 0 0
48 7 1 80.8793 1.61664 1.5708 1.04791 52.4897 48 0 0 48.1249 70.6423 323000 0 0
49 7 1 60.1762 3.10146 1.5708 1.05998 52.5102 49 0 0 48.3777 71.1263 323000 0 0
