0 1 1 101.232 1.52145 -1 1.06529 0.282894 0 0 0 59.6027 0 454000 0 1.59601
1 1 1 102.946 2.87858 -1 1.06043 0 1 0 0 59.3272 0 454000 0 1.54558
2 1 1 100.486 1.46453 -1 1.05019 1.07053 2 0 0 55.216 0 454000 0 1.62553
3 1 1 109.614 0.0195935 -1 1.30103 1.17747 3 0 0 55.331 0 454000 0 1.63093
4 1 1 105.392 0.0543228 -1 1.05784 2.16127 4 0 0 48.9843 0 454000 0 1.64162
5 1 1 80.6653 0.521823 -1 1.22187 4.25767 5 0 0 49.1014 0 454000 0 1.70915
6 1 1 96.4697 2.61479 -1 1.03176 4.97169 6 0 0 42.906 0 454000 0 1.69216
7 1 1 97.3404 0.699897 -1 1.03603 8.44293 7 0 0 43.4269 0 454000 0 1.77515
8 1 1 60.511 2.29758 -1 1.19697 8.80443 8 0 0 38.3298 0 454000 0 1.74762
9 1 1 58.6819 0.949899 -1 1.13106 13.2563 9 0 0 39.2195 0 454000 0 1.8377
10 2 0 72.8792 0.307289 0 1.3808 8.41928 10 0 0 68.5273 0 454000 0 0
11 2 0 55.7839 2.53561 -1 1.07906 8.80066 11 0 0 64.7354 0 454000 0 0
12 2 0 74.4355 2.75969 0 1.32526 8.18306 12 0 0 64.3816 0 454000 0 0
13 2 0 73.5412 0.277886 0 1.35031 9.58802 13 0 0 57.3283 0 454000 0 0
14 2 0 73.7611 3.08263 0 1.51292 9.68891 14 0 0 56.6733 0 454000 0 0
15 2 0 73.7752 2.6412 0 1.54421 11.4104 15 0 0 48.8575 0 454000 0 0
16 2 0 70.4371 0.894847 -1 1.3252 13.6901 16 0 0 49.5916 0 454000 0 0
17 2 1 60.1265 2.3507 -1 1.28818 14.8506 17 0 0 42.0463 0 454000 0 0
18 2 1 59.6846 0.8401 -1 1.319 18.2951 18 0 0 43.3702 0 454000 0 0
19 3 0 75.5596 1.55883 1.5708 1.05102 16.475 19 0 0 75.1767 83.1174 454000 0 0
20 3 0 68.8022 2.66273 -1 1.08982 16.1316 20 0 0 74.9258 82.7148 454000 0 0
21 3 0 77.732 2.69419 0 1.46718 16.9635 21 0 0 64.8716 76.0957 454000 0 0
22 3 0 83.7003 0.440604 0 1.27821 16.4843 22 0 0 65.2743 76.1043 454000 0 0
23 3 0 72.0201 2.7351 0 1.31173 17.6418 23 0 0 55.0466 66.3453 454000 0 0
24 3 0 78.6711 1.03408 1.5708 1.34967 19.4738 24 0 0 56.038 68.1732 454000 0 0
25 3 1 80.8717 2.31001 -1 1.20414 20.3237 25 0 0 47.168 57.9785 454000 0 0
26 3 1 78.5167 0.840689 -1 1.23633 23.7169 26 0 0 48.3046 60.2835 454000 0 0
27 4 0 79.0827 2.7035 0 1.21316 24.8471 27 0 0 80.7127 96.6441 454000 0 0
28 4 0 79.6941 2.63609 1.5708 1.11626 25.2171 28 0 0 70.2753 88.105 454000 0 0
29 4 0 82.4894 1.68807 0 1.10138 25.2143 29 0 0 72.2009 90.3946 454000 0 0
30 4 0 75.4349 0.381094 -1 1.13772 25.7937 30 0 0 59.8557 75.8812 454000 0 0
31 4 0 81.7506 1.73965 1.5708 1.33429 26.6236 31 0 0 62.357 79.6059 454000 0 0
32 4 1 78.5962 2.49497 -1 1.29153 26.8946 32 0 0 52.0761 66.2248 454000 0 0
33 4 1 76.4812 0.749628 -1 1.28303 29.4385 33 0 0 53.1191 68.6994 454000 0 0
34 5 0 78.074 2.63926 1.5708 1.18209 33.3987 34 0 0 68.7507 99.2572 454000 0 0
35 5 0 83.3155 0.565044 1.5708 1.10656 34.0354 35 0 0 68.9449 102.224 454000 0 0
36 5 0 61.5415 0.485176 -1 1.10042 33.9997 36 0 0 61.2491 83.7912 454000 0 0
37 5 0 57.8139 2.80858 -1 1.09117 34.8157 37 0 0 63.3035 88.5089 454000 0 0
38 5 1 80.0935 2.57546 -1 1.18426 34.8168 38 0 0 53.4429 71.674 454000 0 0
39 5 1 77.2589 0.643911 -1 1.28772 36.2261 39 0 0 55.3627 75.4275 454000 0 0
40 6 0 80.1278 2.74971 1.5708 1.18903 42.373 40 0 0 61.1661 93.5925 454000 0 0
41 6 0 76.7899 1.57734 1.5708 1.07781 42.3455 41 0 0 58.4437 86.0237 454000 0 0
42 6 0 81.3275 2.93316 1.5708 1.02731 43.7267 42 0 0 58.5527 87.9273 454000 0 0
43 6 1 72.5529 2.69732 -1 1.2766 42.3825 43 0 0 53.2757 75.3261 454000 0 0
44 6 1 71.2181 0.394526 -1 1.32779 43.233 44 0 0 54.9185 78.9783 454000 0 0
45 7 0 99.0436 1.52103 1.5708 1.39918 52.6598 45 0 0 52.0508 79.2767 454000 0 0
46 7 0 91.7841 1.7422 1.5708 1.42664 52.14 46 0 0 51.3952 77.3563 454000 0 0
47 7 0 68.1259 1.34194 1.5708 1.27014 52.7816 47 0 0 50.9823 76.8079 454000 0 0
48 7 1 79.3961 3.0439 1.5708 1.06381 50.8124 48 0 0 49.4264 72.3613 454000 0 0
49 7 1 58.0893 3.12449 1.5708 1.10176 50.8656 49 0 0 49.9403 73.4575 454000 0 0
