0 1 1 104.363 1.52333 -1 1.0563 0.326065 0 0 0 59.4055 0 433000 0 1.6006
1 1 1 100.678 1.59037 -1 1.05663 0 1 0 0 59.4705 0 433000 0 1.54099
2 1 1 98.2976 1.4242 -1 1.08139 0.703028 2 0 0 55.0439 0 433000 0 1.6031
3 1 1 109.626 0.26713 -1 1.27857 1.44243 3 0 0 55.7666 0 433000 0 1.64562
4 1 1 110.567 0.0538758 -1 1.1071 2.03652 4 0 0 49.0701 0 433000 0 1.63698
5 1 1 79.729 0.540474 -1 1.24022 4.11221 5 0 0 49.5099 0 433000 0 1.7049
6 1 1 94.4275 1.17209 -1 1.09057 5.00395 6 0 0 43.1182 0 433000 0 1.69294
7 1 1 97.3256 0.719901 -1 1.07782 8.38678 7 0 0 43.8066 0 433000 0 1.77439
8 1 1 60.3135 2.32144 -1 1.20554 8.58456 8 0 0 38.5888 0 433000 0 1.74367
9 1 1 58.1497 0.969774 -1 1.14956 13.3171 9 0 0 39.573 0 433000 0 1.83955
10 2 0 71.6997 3.03395 0 1.37206 8.57416 10 0 0 68.5326 0 433000 0 0
11 2 0 56.5601 1.5923 -1 1.07638 8.80978 11 0 0 64.2541 0 433000 0 0
12 2 0 71.4755 2.82238 0 1.46145 8.39828 12 0 0 65.1018 0 433000 0 0
13 2 0 73.265 0.325622 0 1.31391 9.3627 13 0 0 57.2621 0 433000 0 0
14 2 0 73.4504 2.9662 0 1.4046 9.81035 14 0 0 57.1564 0 433000 0 0
15 2 0 72.8294 2.62946 0 1.52927 11.4226 15 0 0 49.0884 0 433000 0 0
16 2 0 69.5488 0.875405 -1 1.31107 13.6859 16 0 0 49.9484 0 433000 0 0
17 2 1 60.6369 2.39162 -1 1.28998 14.6815 17 0 0 42.3448 0 433000 0 0
18 2 1 59.7817 0.83386 -1 1.3272 18.1859 18 0 0 43.7494 0 433000 0 0
19 3 0 74.5872 3.03019 0 1.13279 16.4816 19 0 0 74.8111 83.0035 433000 0 0
20 3 0 68.0666 2.73058 -1 1.11701 16.2408 20 0 0 75.7608 83.3937 433000 0 0
21 3 0 78.1196 2.7847 0 1.30799 17.0309 21 0 0 65.0024 76.1054 433000 0 0
22 3 0 86.2269 0.612228 1.5708 1.17884 16.5989 22 0 0 65.7048 76.4934 433000 0 0
23 3 0 73.3064 2.64196 0 1.29033 17.7104 23 0 0 55.6459 67.0109 433000 0 0
24 3 0 78.6913 0.943282 1.5708 1.36628 19.5783 24 0 0 56.377 68.5266 433000 0 0
25 3 1 80.3114 2.33599 -1 1.18219 20.2404 25 0 0 47.5251 58.3531 433000 0 0
26 3 1 78.0854 0.851476 -1 1.21032 23.5657 26 0 0 48.7589 60.8517 433000 0 0
27 4 0 80.6926 2.70775 1.5708 1.12692 24.9764 27 0 0 80.2888 97.1316 433000 0 0
28 4 0 83.3131 2.70858 1.5708 1.14304 25.3133 28 0 0 70.1636 88.5674 433000 0 0
29 4 0 77.6063 1.69852 1.5708 1.28902 25.3976 29 0 0 72.0758 90.106 433000 0 0
30 4 0 75.3062 0.365251 -1 1.10183 25.9269 30 0 0 60.258 76.6615 433000 0 0
31 4 0 83.6067 1.82495 0 1.14013 26.6045 31 0 0 62.676 79.8641 433000 0 0
32 4 1 79.7258 2.52608 -1 1.26367 26.8626 32 0 0 52.3792 66.6227 433000 0 0
33 4 1 74.7313 0.795041 -1 1.27255 29.474 33 0 0 53.7421 69.5392 433000 0 0
34 5 0 79.9673 2.70524 1.5708 1.22678 33.6291 34 0 0 68.4171 99.3319 433000 0 0
35 5 0 79.552 0.646617 1.5708 1.10095 34.2513 35 0 0 68.7993 101.92 433000 0 0
36 5 0 60.8452 2.61682 -1 1.08582 34.1132 36 0 0 61.0685 83.8087 433000 0 0
37 5 0 56.8277 2.73916 -1 1.12454 34.8528 37 0 0 63.2331 88.4997 433000 0 0
38 5 1 78.5845 2.59571 -1 1.19919 35.1088 38 0 0 53.4449 71.7639 433000 0 0
39 5 1 76.7547 0.663675 -1 1.31434 36.2676 39 0 0 55.5468 75.8265 433000 0 0
40 6 0 79.8219 2.8188 1.5708 1.16443 42.4653 40 0 0 61.0255 93.4242 433000 0 0
41 6 0 77.597 1.60618 1.5708 1.05666 42.4716 41 0 0 58.288 85.8731 433000 0 0
42 6 0 80.5791 1.53362 1.5708 1.05136 43.9482 42 0 0 58.3814 87.6747 433000 0 0
43 6 1 72.5221 2.69146 -1 1.26486 42.5697 43 0 0 53.1331 75.1982 433000 0 0
44 6 1 72.0294 0.387767 -1 1.29859 43.2154 44 0 0 54.8551 78.9804 433000 0 0
45 7 0 100.155 1.52082 1.5708 1.389 52.8356 45 0 0 51.9288 79.1044 433000 0 0
46 7 0 92.8174 1.73858 1.5708 1.41541 52.3083 46 0 0 51.2461 77.1627 433000 0 0
47 7 0 68.9445 1.40193 1.5708 1.24294 52.9722 47 0 0 50.7854 76.5316 433000 0 0
48 7 1 79.9853 3.05519 1.5708 1.06226 51.001 48 0 0 49.3391 72.2926 433000 0 0
49 7 1 58.0796 3.11343 1.5708 1.1003 51.0353 49 0 0 49.8727 73.3913 433000 0 0
