0 1 1 81.082 1.48041 -1 1.48075 -0.257394 0 0 0 62.4982 0 69000 0 1.54168
1 1 1 93.6985 1.63292 -1 1.30915 0 1 0 0 62.6009 0 69000 0 1.59992
2 1 1 87.5353 1.45511 -1 1.19532 -0.18225 2 0 0 58.9316 0 69000 0 1.56677
3 1 1 85.8343 1.71936 -1 1.3794 1.70849 3 0 0 60.2119 0 69000 0 1.70594
4 1 1 83.9963 1.35901 -1 1.20514 1.30172 4 0 0 54.1928 0 69000 0 1.63358
5 1 1 75.9605 1.67954 -1 1.17925 2.6916 5 0 0 55.1178 0 69000 0 1.69638
6 1 1 73.4853 1.34248 -1 1.39677 3.34264 6 0 0 49.1015 0 69000 0 1.68136
7 1 1 85.4618 1.77013 -1 1.31038 3.66074 7 0 0 49.1763 0 69000 0 1.69092
8 1 1 60.8722 2.36836 -1 1.15321 5.69618 8 0 0 44.2684 0 69000 0 1.71795
9 1 1 55.2333 0.709047 -1 1.125 5.9003 9 0 0 44.2629 0 69000 0 1.72218
10 2 0 59.3388 0.351461 0 1.10183 8.80585 10 0 0 72.5237 0 69000 0 0
11 2 0 49.084 1.48221 -1 1.4067 8.92532 11 0 0 68.8851 0 69000 0 0
12 2 0 59.1118 0.472611 0 1.16487 9.73975 12 0 0 69.7017 0 69000 0 0
13 2 0 59.695 0.310529 0 1.28754 8.41563 13 0 0 62.2367 0 69000 0 0
14 2 0 63.8372 0.0167975 0 1.051 11.1329 14 0 0 62.6119 0 69000 0 0
15 2 0 61.457 3.06178 0 1.30497 10.5841 15 0 0 55.0355 0 69000 0 0
16 2 0 55.9457 0.478504 -1 1.08286 11.4604 16 0 0 54.9464 0 69000 0 0
17 2 1 54.6553 2.56582 -1 1.17635 12.3628 17 0 0 48.1944 0 69000 0 0
18 2 1 54.4524 0.570803 -1 1.21843 12.5764 18 0 0 48.316 0 69000 0 0
19 3 0 51.7343 1.54047 0 1.06419 16.6049 19 0 0 78.4899 89.9973 69000 0 0
20 3 0 48.8149 1.61581 -1 1.33846 16.8542 20 0 0 79.1287 90.4675 69000 0 0
21 3 0 72.8339 1.56232 0 1.07083 16.8668 21 0 0 69.346 83.6841 69000 0 0
22 3 0 57.5096 0.48318 0 1.24809 17.7106 22 0 0 69.9464 84.8374 69000 0 0
23 3 0 61.4494 1.46166 1.5708 1.55897 17.4876 23 0 0 61.1349 75.1569 69000 0 0
24 3 0 50.772 2.87248 0 1.34529 18.7657 24 0 0 60.0627 74.5174 69000 0 0
25 3 1 79.7228 2.58498 -1 1.2242 19.2147 25 0 0 52.8812 65.8838 69000 0 0
26 3 1 65.716 0.581135 -1 1.10125 19.531 26 0 0 52.3844 65.3777 69000 0 0
27 4 0 67.6787 1.54685 0 1.07561 25.0728 27 0 0 76.9114 104.22 69000 0 0
28 4 0 58.4649 1.54291 1.5708 1.37442 25.2518 28 0 0 71.7035 95.3239 69000 0 0
29 4 0 53.596 1.48105 1.5708 1.49864 25.7503 29 0 0 71.8086 96.2232 69000 0 0
30 4 0 62.5824 2.57822 -1 1.0991 26.252 30 0 0 63.9478 84.2055 69000 0 0
31 4 0 68.9725 1.51852 1.5708 1.23894 26.0858 31 0 0 64.3022 84.4449 69000 0 0
32 4 1 68.9185 2.62553 -1 1.29306 26.5881 32 0 0 56.2256 73.0553 69000 0 0
33 4 1 67.4066 0.561594 -1 1.2464 26.5566 33 0 0 55.895 72.5783 69000 0 0
34 5 0 69.8771 1.66122 1.5708 1.11069 33.6931 34 0 0 66.6044 98.3561 69000 0 0
35 5 0 65.6821 0.589704 1.5708 1.15086 34.0182 35 0 0 65.8076 97.1658 69000 0 0
36 5 0 49.2968 1.58828 -1 1.1859 34.2343 36 0 0 61.9356 87.2332 69000 0 0
37 5 0 46.5018 0.659101 -1 1.12525 34.2751 37 0 0 62.0556 87.5695 69000 0 0
38 5 1 74.0636 2.64439 -1 1.19226 34.4968 38 0 0 56.0383 76.6842 69000 0 0
39 5 1 71.3066 0.459292 -1 1.2098 34.2597 39 0 0 56.3122 76.9103 69000 0 0
40 6 0 60.4993 1.64056 1.5708 1.14421 42.0194 40 0 0 58.8316 87.8448 69000 0 0
41 6 0 59.9473 1.37057 1.5708 1.10079 42.3616 41 0 0 57.2234 84.0862 69000 0 0
42 6 0 67.723 1.61468 1.5708 1.13833 42.9683 42 0 0 56.7212 83.4139 69000 0 0
43 6 1 62.5398 2.80443 -1 1.2365 42.0254 43 0 0 54.0122 77.0841 69000 0 0
44 6 1 69.9475 0.273877 -1 1.19299 42.377 44 0 0 53.6525 76.5366 69000 0 0
45 7 0 83.2412 1.57967 1.5708 1.38473 51.3213 45 0 0 50.9262 75.5932 69000 0 0
46 7 0 71.7817 1.65244 1.5708 1.45583 51.1825 46 0 0 50.3219 74.248 69000 0 0
47 7 0 62.6759 1.49221 1.5708 1.24155 51.365 47 0 0 49.9317 73.5073 69000 0 0
48 7 1 71.1056 1.5947 1.5708 1.06343 50.5699 48 0 0 48.667 70.6121 69000 0 0
49 7 1 57.0251 1.78463 1.5708 1.06036 50.3753 49 0 0 48.4111 70.0417 69000 0 0
