0 1 1 90.8167 1.5241 -1 1.23896 0.362612 0 0 0 61.3349 0 138000 0 1.60891
1 1 1 92.4207 1.57512 -1 1.25935 0 1 0 0 61.1636 0 138000 0 1.53268
2 1 1 93.5996 1.51245 -1 1.22765 0.963864 2 0 0 57.7702 0 138000 0 1.6247
3 1 1 93.8078 1.64206 -1 1.15607 1.89079 3 0 0 58.7488 0 138000 0 1.68779
4 1 1 103.146 1.47693 -1 1.15513 3.06006 4 0 0 52.6818 0 138000 0 1.68671
5 1 1 83.686 0.399905 -1 1.14929 3.91526 5 0 0 53.3281 0 138000 0 1.72036
6 1 1 88.2585 1.26042 -1 1.09928 6.40377 6 0 0 47.4056 0 138000 0 1.74927
7 1 1 93.8409 1.92047 -1 1.16189 6.14819 7 0 0 47.1709 0 138000 0 1.7404
8 1 1 62.9767 2.29096 -1 1.24594 9.6468 8 0 0 42.4014 0 138000 0 1.78585
9 1 1 58.9635 0.82644 -1 1.13 9.90502 9 0 0 42.4857 0 138000 0 1.79257
10 2 0 67.2949 0.207923 0 1.14594 8.97403 10 0 0 71.4296 0 138000 0 0
11 2 0 52.2249 1.51546 -1 1.30597 9.73105 11 0 0 68.0978 0 138000 0 0
12 2 0 64.5316 0.370292 0 1.19223 9.35404 12 0 0 68.0866 0 138000 0 0
13 2 0 68.9017 0.193703 0 1.25952 10.404 13 0 0 60.9102 0 138000 0 0
14 2 0 66.0405 0.0867831 0 1.26798 10.9782 14 0 0 60.7308 0 138000 0 0
15 2 0 67.9569 2.74847 0 1.40295 13.194 15 0 0 53.4034 0 138000 0 0
16 2 0 64.4657 0.762103 -1 1.18942 13.2622 16 0 0 53.2332 0 138000 0 0
17 2 1 58.8447 2.40235 -1 1.24489 15.7959 17 0 0 46.5503 0 138000 0 0
18 2 1 57.6293 0.679128 -1 1.2731 15.9174 18 0 0 46.6717 0 138000 0 0
19 3 0 61.599 1.51263 1.5708 1.36099 17.3642 19 0 0 78.5131 88.5891 138000 0 0
20 3 0 61.2475 1.51989 -1 1.18603 17.2083 20 0 0 77.9657 88.3938 138000 0 0
21 3 0 69.6038 3.11361 0 1.15951 18.0818 21 0 0 68.0646 81.566 138000 0 0
22 3 0 79.7788 0.665623 1.5708 1.249 18.0892 22 0 0 68.3969 81.7521 138000 0 0
23 3 0 74.4633 2.53062 0 1.22299 19.4705 23 0 0 59.8399 73.4949 138000 0 0
24 3 0 68.4544 1.64937 1.5708 1.27803 20.5298 24 0 0 58.856 72.8213 138000 0 0
25 3 1 78.8105 2.38813 -1 1.21203 21.9089 25 0 0 51.9038 64.8543 138000 0 0
26 3 1 76.6787 0.64462 -1 1.21169 22.4499 26 0 0 51.0261 63.9129 138000 0 0
27 4 0 72.6265 1.60583 1.5708 1.16668 26.4637 27 0 0 76.968 103.011 138000 0 0
28 4 0 65.5304 1.53417 1.5708 1.33721 26.7057 28 0 0 71.528 94.2382 138000 0 0
29 4 0 64.3189 1.65069 1.5708 1.48944 26.9817 29 0 0 71.1504 93.8111 138000 0 0
30 4 0 72.7155 2.56756 -1 1.11145 27.3902 30 0 0 63.4198 83.2024 138000 0 0
31 4 0 76.5961 1.66465 0 1.05599 28.1061 31 0 0 63.301 83.1317 138000 0 0
32 4 1 77.8454 2.57308 -1 1.31696 28.8347 32 0 0 55.3932 72.2916 138000 0 0
33 4 1 72.5349 0.569264 -1 1.26891 29.7005 33 0 0 54.6146 71.444 138000 0 0
34 5 0 73.8412 2.60698 1.5708 1.09404 35.3186 34 0 0 66.778 99.7483 138000 0 0
35 5 0 71.898 0.888929 1.5708 1.20292 35.8439 35 0 0 65.7074 97.272 138000 0 0
36 5 0 55.9381 1.50226 -1 1.17152 35.896 36 0 0 61.6012 87.2162 138000 0 0
37 5 0 52.1073 1.46869 -1 1.12241 36.2892 37 0 0 61.0677 86.6834 138000 0 0
38 5 1 76.8528 2.62088 -1 1.26545 36.6694 38 0 0 55.2078 75.9124 138000 0 0
39 5 1 76.6247 0.540887 -1 1.29858 37.012 39 0 0 54.7948 75.4126 138000 0 0
40 6 0 66.3977 1.93272 1.5708 1.18527 43.9575 40 0 0 58.8904 88.8747 138000 0 0
41 6 0 71.2642 0.0214477 1.5708 1.0085 44.3041 41 0 0 57.1333 84.7321 138000 0 0
42 6 0 74.6275 1.62806 1.5708 1.16662 45.6201 42 0 0 55.8642 82.8637 138000 0 0
43 6 1 71.6508 2.81226 -1 1.27736 44.1796 43 0 0 53.4923 76.8451 138000 0 0
44 6 1 74.2394 0.339367 -1 1.20621 44.9179 44 0 0 52.6924 75.7202 138000 0 0
45 7 0 92.4117 1.57203 1.5708 1.47076 54.1524 45 0 0 50.2039 75.2722 138000 0 0
46 7 0 82.7904 1.73804 1.5708 1.54493 53.7612 46 0 0 49.7843 74.1846 138000 0 0
47 7 0 66.5322 1.42821 1.5708 1.2181 54.3422 47 0 0 49.0981 72.9617 138000 0 0
48 7 1 79.5752 1.55835 1.5708 1.03349 53.0437 48 0 0 48.0952 70.3567 138000 0 0
49 7 1 59.495 3.05323 1.5708 1.07304 53.0893 49 0 0 47.6624 69.5075 138000 0 0
