0 1 1 102.168 1.55138 -1 1.08474 -0.131585 0 0 0 59.447 0 363000 0 1.55881
1 1 1 102.976 1.68715 -1 1.03238 0 1 0 0 59.5382 0 363000 0 1.58278
2 1 1 101.399 1.46792 -1 1.05668 0.703301 2 0 0 55.5415 0 363000 0 1.61692
3 1 1 101.854 3.09113 -1 1.15258 1.94485 3 0 0 56.2546 0 363000 0 1.68921
4 1 1 105.307 0.0662019 -1 1.09215 2.24094 4 0 0 49.56 0 363000 0 1.65308
5 1 1 82.1701 0.459328 -1 1.21146 4.53221 5 0 0 50.339 0 363000 0 1.7319
6 1 1 93.5862 2.53318 -1 1.02413 5.37766 6 0 0 43.7128 0 363000 0 1.71029
7 1 1 96.0736 2.00255 -1 1.05869 8.21018 7 0 0 44.2911 0 363000 0 1.7804
8 1 1 61.5738 2.30247 -1 1.19797 9.75466 8 0 0 39.2808 0 363000 0 1.77538
9 1 1 58.4376 0.913712 -1 1.12164 12.6303 9 0 0 39.9437 0 363000 0 1.83555
10 2 0 73.9925 2.77596 0 1.33966 8.51722 10 0 0 68.7643 0 363000 0 0
11 2 0 56.395 1.52579 -1 1.1502 8.69665 11 0 0 64.6969 0 363000 0 0
12 2 0 72.8733 2.80943 0 1.28586 8.78162 12 0 0 65.4289 0 363000 0 0
13 2 0 73.3679 2.68327 0 1.27271 9.52077 13 0 0 57.8832 0 363000 0 0
14 2 0 73.5279 0.148744 0 1.43073 10.5709 14 0 0 57.8642 0 363000 0 0
15 2 0 74.4671 2.62574 0 1.45345 11.668 15 0 0 49.7028 0 363000 0 0
16 2 0 67.5245 0.860166 -1 1.29435 13.919 16 0 0 50.4854 0 363000 0 0
17 2 1 59.6565 2.32493 -1 1.27952 15.4477 17 0 0 43.1522 0 363000 0 0
18 2 1 59.8271 0.782937 -1 1.29237 17.9796 18 0 0 44.1396 0 363000 0 0
19 3 0 74.5679 0.373878 0 1.13207 16.7223 19 0 0 75.5309 83.8022 363000 0 0
20 3 0 63.0316 1.59181 -1 1.11214 16.4179 20 0 0 76.0232 83.7385 363000 0 0
21 3 0 80.1411 2.69803 0 1.17916 17.459 21 0 0 65.5472 77.106 363000 0 0
22 3 0 80.5648 0.451643 0 1.35951 17.1172 22 0 0 66.6064 77.8076 363000 0 0
23 3 0 79.04 2.69015 0 1.10042 18.4608 23 0 0 56.4511 68.34 363000 0 0
24 3 0 75.7584 1.00754 1.5708 1.28981 20.0338 24 0 0 56.8303 69.3988 363000 0 0
25 3 1 82.2716 2.34761 -1 1.2173 21.0369 25 0 0 48.4129 59.7684 363000 0 0
26 3 1 78.1335 0.801042 -1 1.19674 23.7676 26 0 0 48.8773 61.1264 363000 0 0
27 4 0 77.0069 1.59323 1.5708 1.20315 25.3675 27 0 0 79.7378 97.9093 363000 0 0
28 4 0 82.1712 2.62985 0 1.30958 25.8851 28 0 0 70.4572 89.5982 363000 0 0
29 4 0 83.1886 1.59478 0 1.17366 25.8757 29 0 0 72.1295 91.4345 363000 0 0
30 4 0 71.1841 2.68366 -1 1.06317 27.0935 30 0 0 60.4378 77.7426 363000 0 0
31 4 0 79.3547 1.72661 1.5708 1.43113 27.2149 31 0 0 62.753 80.7535 363000 0 0
32 4 1 78.4527 2.52581 -1 1.28222 28.1464 32 0 0 52.5526 67.509 363000 0 0
33 4 1 76.1909 0.714573 -1 1.27596 29.7484 33 0 0 53.7561 69.7905 363000 0 0
34 5 0 77.6315 2.65846 1.5708 1.12109 34.2061 34 0 0 67.9632 99.5001 363000 0 0
35 5 0 80.1725 2.74021 0 1.07932 34.9467 35 0 0 67.7963 101.343 363000 0 0
36 5 0 60.2196 2.61624 -1 1.11157 34.9837 36 0 0 61.0594 84.6368 363000 0 0
37 5 0 57.6533 1.64563 -1 1.08935 35.6701 37 0 0 62.595 88.4794 363000 0 0
38 5 1 78.5486 2.60289 -1 1.20564 36.0515 38 0 0 53.6399 72.6342 363000 0 0
39 5 1 77.4488 0.595881 -1 1.28258 36.8419 39 0 0 55.3642 75.9027 363000 0 0
40 6 0 79.6608 2.82109 1.5708 1.14466 43.3493 40 0 0 59.9713 91.6934 363000 0 0
41 6 0 75.2972 1.64101 1.5708 1.16555 43.3842 41 0 0 57.6082 85.2984 363000 0 0
42 6 0 83.1358 1.60039 1.5708 1.07203 44.8133 42 0 0 57.5031 86.5163 363000 0 0
43 6 1 71.5252 2.70088 -1 1.27739 43.4872 43 0 0 53.0002 75.5559 363000 0 0
44 6 1 72.3579 0.367453 -1 1.31878 44.2172 44 0 0 53.9394 77.87 363000 0 0
45 7 0 98.922 1.50001 1.5708 1.4573 53.8662 45 0 0 50.9036 77.4355 363000 0 0
46 7 0 91.6543 1.71327 1.5708 1.47608 53.4018 46 0 0 50.3199 75.7801 363000 0 0
47 7 0 69.1909 1.37899 1.5708 1.2479 53.9927 47 0 0 49.8685 75.1051 363000 0 0
48 7 1 79.371 3.07337 1.5708 1.04106 52.0375 48 0 0 48.6416 71.4501 363000 0 0
49 7 1 59.2893 3.02837 1.5708 1.09688 51.979 49 0 0 49.0062 72.1771 363000 0 0
