# CellID	NodeIndex	X	Y	R	Theta
8	0	54.3763	-10.7864	51.1314	0.0313681
8	1	54.562	-10.6051	51.323	0.0347852
8	2	54.7387	-10.4158	51.5065	0.0383376
8	3	54.9068	-10.2179	51.6824	0.0420397
8	4	55.0652	-10.0103	51.8499	0.0459115
8	5	55.2121	-9.79309	52.007	0.0499545
8	6	55.346	-9.5677	52.1525	0.0541427
8	7	55.4671	-9.33611	52.2864	0.05844
8	8	55.5767	-9.09944	52.4101	0.0628261
8	9	55.6757	-8.85748	52.5247	0.0673052
8	10	55.7641	-8.60932	52.63	0.0718967
8	11	55.8401	-8.35447	52.7248	0.0766142
8	12	55.9021	-8.09384	52.8071	0.0814456
8	13	55.9492	-7.82951	52.8763	0.0863553
8	14	55.9828	-7.56324	52.9333	0.0913124
8	15	56.0042	-7.29525	52.9797	0.0963128
8	16	56.0139	-7.02459	53.0162	0.101377
8	17	56.0106	-6.75043	53.0412	0.106525
8	18	55.9916	-6.47344	53.0526	0.111755
8	19	55.9558	-6.1962	53.0487	0.117024
8	20	55.9046	-5.92129	53.0306	0.122285
8	21	55.8406	-5.64932	53.0011	0.127525
8	22	55.7657	-5.37905	52.9618	0.132767
8	23	55.6793	-5.10909	52.9127	0.13804
8	24	55.5792	-4.83938	52.8514	0.143356
8	25	55.4634	-4.57202	52.7757	0.148683
8	26	55.3323	-4.30999	52.6856	0.15397
8	27	55.1885	-4.05435	52.5834	0.159194
8	28	55.034	-3.80388	52.4713	0.164374
8	29	54.8683	-3.55714	52.3489	0.169541
8	30	54.6895	-3.31461	52.2143	0.174698
8	31	54.4968	-3.07879	52.0661	0.179801
8	32	54.2921	-2.85179	51.906	0.18481
8	33	54.078	-2.63295	51.7364	0.189728
8	34	53.8551	-2.42034	51.5582	0.194593
8	35	53.6218	-2.21344	51.3699	0.199423
8	36	53.3767	-2.01424	51.1697	0.204187
8	37	53.121	-1.82525	50.9582	0.208836
8	38	52.8574	-1.64632	50.7379	0.213364
8	39	52.5865	-1.47536	50.5098	0.217807
8	40	52.3064	-1.31173	50.2723	0.222189
8	41	52.0155	-1.15813	50.0228	0.226466
8	42	51.7171	-1.02043	49.7633	0.230508
8	43	51.4542	-0.920887	49.5304	0.233678
8	44	51.2181	-0.85239	49.3167	0.236137
8	45	51.0003	-0.809201	49.1152	0.23803
8	46	50.7931	-0.788197	48.9188	0.239446
8	47	50.5952	-0.763164	48.7325	0.240908
8	48	50.4153	-0.782582	48.5532	0.241404
8	49	50.2419	-0.843523	48.3703	0.241037
8	50	50.0627	-0.898245	48.1832	0.240822
8	51	49.8843	-0.965768	47.9938	0.240343
8	52	49.707	-1.04311	47.8033	0.239654
8	53	49.5306	-1.12587	47.6122	0.238845
8	54	49.3571	-1.21626	47.4223	0.237858
8	55	49.1852	-1.30942	47.2333	0.236799
8	56	49.0178	-1.40974	47.0471	0.235561
8	57	48.8523	-1.51175	46.8624	0.234268
8	58	48.6931	-1.62074	46.6822	0.232789
8	59	48.5313	-1.73213	46.4992	0.231261
8	60	48.3725	-1.85153	46.3173	0.229538
8	61	48.2145	-1.97336	46.1359	0.227745
8	62	48.0626	-2.10098	45.9591	0.225787
8	63	47.915	-2.22931	45.7867	0.223777
8	64	47.7694	-2.36203	45.6153	0.221648
8	65	47.6239	-2.49662	45.4439	0.219462
8	66	47.4814	-2.63562	45.2747	0.217151
8	67	47.3397	-2.77598	45.1062	0.214789
8	68	47.2044	-2.92154	44.9431	0.212267
8	69	47.0673	-3.06939	44.7781	0.209684
8	70	46.9367	-3.22407	44.6183	0.206903
8	71	46.8084	-3.37921	44.461	0.204081
8	72	46.6855	-3.53921	44.3085	0.201106
8	73	46.5643	-3.69991	44.1578	0.198089
8	74	46.4498	-3.86454	44.0134	0.194934
8	75	46.3419	-4.03232	43.8753	0.191658
8	76	46.2436	-4.20423	43.7462	0.188229
8	77	46.1646	-4.38304	43.6355	0.184542
8	78	46.0957	-4.56692	43.5343	0.18068
8	79	46.049	-4.76091	43.454	0.176482
8	80	46.0085	-4.96313	43.379	0.172056
8	81	45.9978	-5.15534	43.336	0.167729
8	82	45.9981	-5.33772	43.3062	0.163575
8	83	46.0211	-5.51177	43.3009	0.159523
8	84	46.0524	-5.68124	43.3052	0.155545
8	85	46.0922	-5.84787	43.3191	0.151602
8	86	46.135	-6.01673	43.3362	0.147601
8	87	46.1837	-6.1877	43.3596	0.143535
8	88	46.2402	-6.36066	43.3912	0.139404
8	89	46.3005	-6.53723	43.4267	0.135185
8	90	46.3667	-6.71639	43.4685	0.130895
8	91	46.4377	-6.89752	43.5157	0.126556
8	92	46.5122	-7.07979	43.567	0.12219
8	93	46.5898	-7.26223	43.6223	0.117822
8	94	46.6689	-7.44498	43.6797	0.113454
8	95	46.7495	-7.62804	43.7395	0.109087
8	96	46.8318	-7.81152	43.8017	0.104718
8	97	46.9146	-7.99594	43.8653	0.10034
8	98	46.9995	-8.18	43.9317	0.0959777
8	99	47.0867	-8.36247	44.0014	0.0916599
8	100	47.1743	-8.54285	44.0726	0.0874024
8	101	47.2602	-8.72106	44.143	0.0832107
8	102	47.3488	-8.89732	44.217	0.0790717
8	103	47.4369	-9.07675	44.2911	0.0748762
8	104	47.523	-9.2605	44.3636	0.0706006
8	105	47.6141	-9.44499	44.4418	0.066315
8	106	47.7075	-9.63054	44.5231	0.0620176
8	107	47.8032	-9.81607	44.6075	0.0577336
8	108	47.8989	-10.0016	44.6928	0.0534665
8	109	47.9959	-10.1861	44.7802	0.0492355
8	110	48.0942	-10.3698	44.8697	0.0450385
8	111	48.194	-10.5531	44.9615	0.0408661
8	112	48.2958	-10.7386	45.0561	0.0366605
8	113	48.4008	-10.9268	45.1545	0.0324108
8	114	48.51	-11.1153	45.258	0.0281698
8	115	48.6279	-11.2991	45.371	0.0240468
8	116	48.7395	-11.4837	45.4785	0.0199286
8	117	48.8762	-11.6228	45.6127	0.0168207
8	118	49.0412	-11.7264	45.7761	0.0144974
8	119	49.2197	-11.8125	45.9534	0.0125673
8	120	49.4117	-11.889	46.1444	0.0108583
8	121	49.6239	-11.9576	46.3559	0.00932792
8	122	49.863	-12.0157	46.5945	0.00803399
8	123	50.1397	-12.0617	46.8709	0.00700477
8	124	50.419	-12.0929	47.15	0.00630059
8	125	50.6987	-12.1086	47.4295	0.00593202
8	126	50.976	-12.1091	47.7068	0.0058886
8	127	51.2496	-12.096	47.9806	0.00612647
8	128	51.52	-12.0711	48.2511	0.00660832
8	129	51.7881	-12.0343	48.5194	0.00733162
8	130	52.054	-11.9839	48.7857	0.0083231
8	131	52.3162	-11.9188	49.0484	0.00960709
8	132	52.5723	-11.8391	49.3054	0.0111731
8	133	52.8212	-11.7469	49.5554	0.0129782
8	134	53.0632	-11.6441	49.7988	0.0149795
8	135	53.2994	-11.5313	50.0368	0.0171616
8	136	53.5306	-11.4077	50.2702	0.0195414
8	137	53.7559	-11.2715	50.4983	0.0221514
8	138	53.9732	-11.1217	50.7191	0.0250095
8	139	54.1803	-10.9592	50.9304	0.0280968
9	0	-39.1169	2.16285	44.8155	2.81087
9	1	-39.1876	2.30094	44.9274	2.80847
9	2	-39.2662	2.43809	45.0467	2.80617
9	3	-39.3472	2.57569	45.1686	2.80388
9	4	-39.4394	2.71156	45.3006	2.80172
9	5	-39.5337	2.84955	45.4357	2.79955
9	6	-39.6334	2.98546	45.5752	2.79748
9	7	-39.7365	3.11807	45.7171	2.79551
9	8	-39.8441	3.2514	45.8637	2.79357
9	9	-39.9554	3.38529	46.014	2.79166
9	10	-40.0696	3.51929	46.1673	2.78978
9	11	-40.186	3.65284	46.3227	2.78794
9	12	-40.3075	3.78817	46.4837	2.78611
9	13	-40.4323	3.92521	46.6485	2.78429
9	14	-40.5614	4.06081	46.8169	2.78254
9	15	-40.6926	4.19478	46.9868	2.78085
9	16	-40.8263	4.32509	47.158	2.77927
9	17	-40.9614	4.45571	47.3307	2.7777
9	18	-41.0992	4.58487	47.5055	2.77619
9	19	-41.2395	4.7127	47.6823	2.77474
9	20	-41.3841	4.83733	47.8619	2.77339
9	21	-41.5352	4.95456	48.0452	2.77225
9	22	-41.6822	5.07413	48.2255	2.77104
9	23	-41.8485	5.14521	48.4062	2.77091
9	24	-42.0457	5.16996	48.599	2.77191
9	25	-42.2515	5.20235	48.8026	2.77281
9	26	-42.4746	5.21207	49.0143	2.77427
9	27	-42.7214	5.19825	49.2398	2.77633
9	28	-43.0002	5.16051	49.4869	2.77905
9	29	-43.3221	5.09843	49.7661	2.78251
9	30	-43.6444	5.02441	50.0422	2.78616
9	31	-43.9665	4.93653	50.3139	2.79003
9	32	-44.2846	4.83331	50.5775	2.79411
9	33	-44.5937	4.71857	50.8295	2.7983
9	34	-44.895	4.59555	51.0722	2.80256
9	35	-45.1907	4.46426	51.3079	2.80689
9	36	-45.4812	4.32173	51.536	2.81135
9	37	-45.7635	4.16573	51.753	2.81597
9	38	-46.0343	3.9981	51.9565	2.82069
9	39	-46.2937	3.82236	52.1478	2.82546
9	40	-46.5441	3.63977	52.3297	2.83027
9	41	-46.7867	3.44892	52.5028	2.83514
9	42	-47.0198	3.24815	52.6651	2.84011
9	43	-47.2408	3.0383	52.8145	2.84515
9	44	-47.4493	2.82203	52.9514	2.8502
9	45	-47.6469	2.60095	53.0779	2.85526
9	46	-47.8351	2.3744	53.195	2.86035
9	47	-48.013	2.14071	53.3018	2.86549
9	48	-48.1782	1.89949	53.3957	2.87068
9	49	-48.3289	1.65274	53.4757	2.87588
9	50	-48.4659	1.40296	53.543	2.88105
9	51	-48.5912	1.15107	53.5998	2.88619
9	52	-48.7057	0.896188	53.647	2.89133
9	53	-48.8087	0.636909	53.6833	2.89648
9	54	-48.8978	0.373063	53.7063	2.90165
9	55	-48.971	0.106546	53.7148	2.9068
9	56	-49.0289	-0.160059	53.7098	2.91187
9	57	-49.0734	-0.425513	53.6934	2.91688
9	58	-49.1063	-0.69026	53.6671	2.92182
9	59	-49.1273	-0.955397	53.6304	2.92673
9	60	-49.1348	-1.22129	53.5817	2.93161
9	61	-49.1269	-1.48668	53.5193	2.93643
9	62	-49.1032	-1.74917	53.4432	2.94115
9	63	-49.0654	-2.00693	53.3554	2.94574
9	64	-49.0155	-2.25975	53.2578	2.95022
9	65	-48.9548	-2.50852	53.1514	2.95459
9	66	-48.8829	-2.75412	53.0355	2.95889
9	67	-48.7983	-2.99647	52.9089	2.9631
9	68	-48.6998	-3.23413	52.7702	2.96721
9	69	-48.5874	-3.46494	52.6198	2.97115
9	70	-48.4625	-3.68744	52.4594	2.97493
9	71	-48.3272	-3.90164	52.2908	2.97854
9	72	-48.1825	-4.10848	52.1147	2.98201
9	73	-48.0281	-4.3087	51.9307	2.98534
9	74	-47.8629	-4.50198	51.7377	2.98853
9	75	-47.6861	-4.6868	51.535	2.99156
9	76	-47.4982	-4.86125	51.3234	2.99437
9	77	-47.301	-5.02432	51.1046	2.99696
9	78	-47.0962	-5.17645	50.8801	2.99934
9	79	-46.8845	-5.31874	50.6505	3.00153
9	80	-46.6655	-5.45179	50.4152	3.00353
9	81	-46.4383	-5.57499	50.1733	3.00534
9	82	-46.2025	-5.68669	49.9245	3.00692
9	83	-45.959	-5.78528	49.6701	3.00823
9	84	-45.71	-5.87046	49.412	3.00926
9	85	-45.4569	-5.94336	49.1515	3.01006
9	86	-45.1997	-6.00532	48.8884	3.01062
9	87	-44.9375	-6.05642	48.6217	3.01096
9	88	-44.6692	-6.09491	48.3507	3.01103
9	89	-44.3955	-6.11814	48.0764	3.01076
9	90	-44.1192	-6.12443	47.8016	3.01014
9	91	-43.8432	-6.11511	47.5293	3.00918
9	92	-43.5688	-6.09284	47.2602	3.00795
9	93	-43.3333	-6.05958	47.0312	3.00658
9	94	-43.1275	-6.01887	46.8328	3.00513
9	95	-42.94	-5.97798	46.6527	3.00371
9	96	-42.7696	-5.91619	46.4925	3.00189
9	97	-42.6113	-5.85356	46.3445	3.00008
9	98	-42.4931	-5.73938	46.2438	2.99728
9	99	-42.3844	-5.60924	46.1552	2.99415
9	100	-42.2694	-5.47686	46.0611	2.99094
9	101	-42.1594	-5.33334	45.9741	2.98749
9	102	-42.0487	-5.18593	45.8877	2.98395
9	103	-41.9418	-5.03498	45.8061	2.98033
9	104	-41.8356	-4.88304	45.726	2.97667
9	105	-41.7316	-4.72951	45.6489	2.97298
9	106	-41.6276	-4.57543	45.5726	2.96927
9	107	-41.5257	-4.41954	45.4992	2.96551
9	108	-41.4262	-4.26166	45.4293	2.9617
9	109	-41.329	-4.10261	45.3624	2.95787
9	110	-41.2288	-3.94217	45.2936	2.95398
9	111	-41.1293	-3.77936	45.2265	2.95003
9	112	-41.031	-3.61521	45.1616	2.94605
9	113	-40.936	-3.4492	45.101	2.94203
9	114	-40.8391	-3.2848	45.0391	2.93803
9	115	-40.7406	-3.1218	44.9759	2.93404
9	116	-40.6448	-2.95744	44.9164	2.93002
9	117	-40.5496	-2.79366	44.8581	2.926
9	118	-40.459	-2.62945	44.8051	2.92199
9	119	-40.3688	-2.46886	44.7524	2.91805
9	120	-40.2757	-2.30818	44.6975	2.91408
9	121	-40.187	-2.14446	44.6484	2.91006
9	122	-40.0969	-1.98163	44.5984	2.90604
9	123	-40.0069	-1.81903	44.5492	2.90202
9	124	-39.9191	-1.65576	44.503	2.89799
9	125	-39.8332	-1.49276	44.4593	2.89396
9	126	-39.746	-1.3265	44.4159	2.88985
9	127	-39.661	-1.15647	44.3764	2.88567
9	128	-39.5744	-0.986446	44.336	2.88146
9	129	-39.4884	-0.816635	44.297	2.87726
9	130	-39.4062	-0.646299	44.2625	2.87306
9	131	-39.3229	-0.475978	44.2278	2.86885
9	132	-39.2422	-0.304496	44.1967	2.86462
9	133	-39.1618	-0.130967	44.1672	2.86034
9	134	-39.0849	0.0452533	44.1426	2.85602
9	135	-39.0139	0.224589	44.1255	2.85167
9	136	-38.9483	0.404955	44.1146	2.84733
9	137	-38.9048	0.585369	44.1257	2.84313
9	138	-38.872	0.765043	44.1475	2.83902
9	139	-38.8596	0.94675	44.1902	2.83501
9	140	-38.8509	1.13053	44.2377	2.83099
9	141	-38.8671	1.29822	44.3046	2.8275
9	142	-38.8769	1.45759	44.3634	2.82415
9	143	-38.9181	1.60333	44.4482	2.82132
9	144	-38.9506	1.7476	44.5247	2.81848
9	145	-39.001	1.88623	44.6167	2.81589
9	146	-39.0576	2.02327	44.7143	2.81339
17	0	48.1015	-12.4254	44.8315	-0.000790114
17	1	48.1458	-12.236	44.8761	0.0034323
17	2	48.1429	-12.0561	44.8742	0.00744057
17	3	48.1081	-11.8774	44.841	0.011431
17	4	48.0424	-11.6985	44.7777	0.0154435
17	5	47.9782	-11.5135	44.7168	0.0196029
17	6	47.9053	-11.3273	44.648	0.0238039
17	7	47.8263	-11.1391	44.5738	0.0280661
17	8	47.7436	-10.9486	44.497	0.0323991
17	9	47.6593	-10.7583	44.4192	0.036743
17	10	47.5729	-10.5682	44.3403	0.041098
17	11	47.4848	-10.3774	44.2606	0.0454877
17	12	47.3948	-10.1846	44.1799	0.0499391
17	13	47.3034	-9.98874	44.0988	0.0544787
17	14	47.2107	-9.78944	44.0176	0.0591143
17	15	47.1175	-9.59061	43.9368	0.0637569
17	16	47.0215	-9.39363	43.854	0.0683791
17	17	46.9262	-9.19604	43.7729	0.0730312
17	18	46.831	-9	43.6927	0.0776651
17	19	46.7338	-8.80483	43.6114	0.0823
17	20	46.6399	-8.60688	43.5346	0.0870088
17	21	46.5451	-8.40822	43.4579	0.0917523
17	22	46.4503	-8.20928	43.3822	0.0965191
17	23	46.3545	-8.01144	43.3064	0.101279
17	24	46.2564	-7.81532	43.2292	0.106022
17	25	46.1601	-7.61801	43.1548	0.110805
17	26	46.0633	-7.41894	43.0811	0.115646
17	27	45.9627	-7.21861	43.0048	0.120543
17	28	45.8606	-7.01602	42.9283	0.125514
17	29	45.7568	-6.81264	42.8513	0.130526
17	30	45.6512	-6.61045	42.7735	0.135534
17	31	45.5435	-6.41249	42.694	0.140469
17	32	45.4318	-6.2197	42.6109	0.145317
17	33	45.3134	-6.0335	42.5212	0.150052
17	34	45.1825	-5.86183	42.4179	0.154515
17	35	45.0349	-5.70346	42.2968	0.158752
17	36	44.872	-5.55548	42.1597	0.162829
17	37	44.6904	-5.41918	42.0029	0.166732
17	38	44.5059	-5.30658	41.8399	0.170117
17	39	44.317	-5.21682	41.6691	0.173008
17	40	44.1242	-5.14607	41.4915	0.175488
17	41	43.9281	-5.08776	41.3086	0.177707
17	42	43.7298	-5.03698	41.1225	0.179774
17	43	43.5288	-4.99279	40.9327	0.181714
17	44	43.3248	-4.95332	40.7393	0.183572
17	45	43.1172	-4.91992	40.5413	0.185317
17	46	42.9064	-4.89322	40.3392	0.18693
17	47	42.6938	-4.87496	40.1336	0.188362
17	48	42.4808	-4.86464	39.9264	0.189615
17	49	42.2687	-4.86215	39.7186	0.190683
17	50	42.058	-4.86481	39.5113	0.191627
17	51	41.848	-4.87327	39.3035	0.192434
17	52	41.6381	-4.88828	39.0946	0.193083
17	53	41.4287	-4.9144	38.8841	0.193458
17	54	41.2231	-4.95631	38.6743	0.193416
17	55	41.0213	-5.01733	38.4645	0.192868
17	56	40.8222	-5.09633	38.254	0.191839
17	57	40.6272	-5.19753	38.0433	0.190205
17	58	40.4512	-5.30876	37.8496	0.188198
17	59	40.2961	-5.43152	37.6743	0.185767
17	60	40.1521	-5.56209	37.5089	0.183055
17	61	40.018	-5.70174	37.3517	0.180033
17	62	39.8858	-5.84462	37.1962	0.17689
17	63	39.7591	-5.99485	37.0453	0.1735
17	64	39.6343	-6.14905	36.896	0.169967
17	65	39.5134	-6.31128	36.7496	0.166173
17	66	39.395	-6.4785	36.6055	0.162202
17	67	39.2819	-6.6502	36.4664	0.158057
17	68	39.173	-6.82373	36.332	0.153811
17	69	39.069	-6.99793	36.2028	0.149497
17	70	38.9641	-7.175	36.0731	0.145076
17	71	38.8595	-7.35542	35.9438	0.14053
17	72	38.7563	-7.5394	35.8163	0.135847
17	73	38.6535	-7.72853	35.6892	0.130987
17	74	38.5534	-7.92193	35.5652	0.125963
17	75	38.4591	-8.11851	35.4474	0.120796
17	76	38.3716	-8.31691	35.3372	0.11552
17	77	38.292	-8.51638	35.2356	0.110157
17	78	38.2236	-8.71752	35.146	0.104683
17	79	38.1717	-8.92132	35.0737	0.0990588
17	80	38.1375	-9.13079	35.0195	0.093203
17	81	38.1209	-9.34759	34.9834	0.087077
17	82	38.1242	-9.57539	34.9677	0.0805786
17	83	38.1488	-9.79667	34.9751	0.0742159
17	84	38.1994	-10.0108	35.0104	0.0680081
17	85	38.2742	-10.2213	35.0713	0.061877
17	86	38.3608	-10.4283	35.1456	0.0558459
17	87	38.4539	-10.6329	35.2278	0.0498988
17	88	38.5503	-10.8368	35.3144	0.043997
17	89	38.6481	-11.0408	35.4039	0.0381176
17	90	38.7461	-11.2451	35.4946	0.0322606
17	91	38.8461	-11.4492	35.5886	0.0264372
17	92	38.9471	-11.652	35.6847	0.0206813
17	93	39.0481	-11.8532	35.7822	0.0150023
17	94	39.1502	-12.0528	35.8818	0.00939762
17	95	39.2543	-12.2516	35.9846	0.00384457
17	96	39.3599	-12.4511	36.09	-0.00169371
17	97	39.4642	-12.6527	36.1952	-0.00725826
17	98	39.57	-12.8538	36.303	-0.012775
17	99	39.6783	-13.0529	36.4144	-0.0182044
17	100	39.7877	-13.2511	36.5279	-0.0235751
17	101	39.8943	-13.4489	36.6396	-0.0289037
17	102	40.0018	-13.6463	36.7533	-0.0341892
17	103	40.1106	-13.8408	36.8691	-0.0393596
17	104	40.2198	-14.0324	36.9863	-0.0444204
17	105	40.3278	-14.221	37.103	-0.0493687
17	106	40.4352	-14.4054	37.2198	-0.0541762
17	107	40.5421	-14.586	37.3368	-0.0588499
17	108	40.6494	-14.7634	37.4547	-0.0634096
17	109	40.7561	-14.9369	37.5726	-0.067838
17	110	40.8658	-15.1059	37.6938	-0.0721139
17	111	40.9844	-15.2669	37.824	-0.0761328
17	112	41.0937	-15.433	37.9459	-0.0802783
17	113	41.2372	-15.5578	38.0991	-0.0832417
17	114	41.4275	-15.6468	38.2962	-0.0851444
17	115	41.6388	-15.7132	38.5124	-0.0863965
17	116	41.8724	-15.7666	38.7498	-0.0872489
17	117	42.1357	-15.8112	39.016	-0.0878004
17	118	42.439	-15.8495	39.3215	-0.0880937
17	119	42.7428	-15.8765	39.6265	-0.0880985
17	120	43.048	-15.8897	39.9316	-0.087756
17	121	43.3533	-15.8857	40.2355	-0.0869898
17	122	43.6554	-15.8635	40.5345	-0.0857968
17	123	43.9521	-15.8256	40.827	-0.0842496
17	124	44.2444	-15.7743	41.114	-0.0824082
17	125	44.534	-15.709	41.3973	-0.0802615
17	126	44.8205	-15.6269	41.6764	-0.0777457
17	127	45.1009	-15.5258	41.9483	-0.074825
17	128	45.3714	-15.4077	42.2094	-0.071554
17	129	45.6315	-15.2763	42.4597	-0.0680301
17	130	45.8831	-15.1342	42.7014	-0.0643092
17	131	46.1281	-14.9809	42.9364	-0.0603806
17	132	46.3662	-14.8144	43.1644	-0.0561955
17	133	46.5948	-14.633	43.3828	-0.0517253
17	134	46.8108	-14.4381	43.589	-0.0470051
17	135	47.0139	-14.2328	43.7827	-0.0421013
17	136	47.2056	-14.0184	43.9658	-0.0370456
17	137	47.3871	-13.7942	44.1394	-0.0318176
17	138	47.5574	-13.5586	44.3028	-0.0263815
17	139	47.7136	-13.3118	44.4532	-0.0207387
17	140	47.8545	-13.0568	44.5895	-0.0149554
17	141	47.9605	-12.8289	44.6927	-0.00981982
17	142	48.0436	-12.6219	44.7742	-0.00517921
18	0	-32.2692	-0.892667	37.3527	2.82871
18	1	-32.3746	-0.73453	37.5018	2.82556
18	2	-32.4821	-0.573619	37.6542	2.82239
18	3	-32.5995	-0.416958	37.8149	2.81943
18	4	-32.7188	-0.260799	37.9777	2.81652
18	5	-32.8446	-0.11048	38.1451	2.81384
18	6	-32.9719	0.0370278	38.3132	2.81126
18	7	-33.104	0.182446	38.4855	2.8088
18	8	-33.2383	0.32814	38.6601	2.80638
18	9	-33.3791	0.469792	38.8398	2.80413
18	10	-33.5234	0.609311	39.0223	2.80198
18	11	-33.6763	0.739231	39.2097	2.80015
18	12	-33.8333	0.86146	39.3986	2.79856
18	13	-34.0011	0.963667	39.5911	2.79756
18	14	-34.1763	1.05413	39.7865	2.7969
18	15	-34.3634	1.12594	39.9869	2.79679
18	16	-34.5631	1.18672	40.1954	2.79705
18	17	-34.7624	1.22682	40.3966	2.79778
18	18	-34.9623	1.25442	40.594	2.7988
18	19	-35.1653	1.26386	40.7885	2.80025
18	20	-35.3709	1.26461	40.9825	2.80192
18	21	-35.578	1.25348	41.1742	2.80385
18	22	-35.7854	1.23612	41.3641	2.80591
18	23	-35.9904	1.2094	41.549	2.80814
18	24	-36.1925	1.17752	41.7297	2.81045
18	25	-36.3916	1.14016	41.9059	2.81283
18	26	-36.5885	1.09896	42.0791	2.81527
18	27	-36.7837	1.05345	42.2496	2.81777
18	28	-36.9771	1.00017	42.4161	2.82041
18	29	-37.1678	0.936516	42.5771	2.82325
18	30	-37.3535	0.853786	42.7278	2.82644
18	31	-37.5352	0.752289	42.8694	2.83001
18	32	-37.712	0.627589	42.9998	2.83403
18	33	-37.869	0.498246	43.1106	2.83799
18	34	-38.0063	0.35929	43.2004	2.84201
18	35	-38.1314	0.215169	43.2777	2.84605
18	36	-38.2486	0.0649546	43.3465	2.85015
18	37	-38.3645	-0.0898347	43.4134	2.85433
18	38	-38.478	-0.24952	43.4774	2.85859
18	39	-38.5894	-0.41444	43.5388	2.86295
18	40	-38.6986	-0.585812	43.5971	2.86741
18	41	-38.8084	-0.761911	43.6555	2.87198
18	42	-38.9155	-0.941234	43.7114	2.87658
18	43	-39.0231	-1.12181	43.7684	2.88121
18	44	-39.1289	-1.30296	43.8246	2.88583
18	45	-39.2348	-1.48615	43.8811	2.89048
18	46	-39.3375	-1.67212	43.9348	2.89516
18	47	-39.4432	-1.85847	43.9924	2.89985
18	48	-39.5525	-2.04532	44.0543	2.90456
18	49	-39.6546	-2.23438	44.1096	2.90927
18	50	-39.7595	-2.42018	44.1694	2.91391
18	51	-39.8664	-2.60193	44.2329	2.91846
18	52	-39.9669	-2.78585	44.2907	2.92301
18	53	-40.0709	-2.96766	44.3533	2.92752
18	54	-40.1787	-3.14813	44.4208	2.93201
18	55	-40.2803	-3.33252	44.4822	2.93654
18	56	-40.3847	-3.51442	44.5478	2.94101
18	57	-40.4925	-3.6936	44.6182	2.94543
18	58	-40.5922	-3.87333	44.6814	2.94981
18	59	-40.6949	-4.0488	44.7492	2.9541
18	60	-40.7999	-4.22269	44.8203	2.95835
18	61	-40.9026	-4.39905	44.8896	2.96263
18	62	-41.007	-4.57576	44.9612	2.96691
18	63	-41.1104	-4.75318	45.0327	2.97119
18	64	-41.2115	-4.93067	45.1026	2.97544
18	65	-41.3095	-5.11	45.17	2.97972
18	66	-41.4095	-5.28804	45.2404	2.98396
18	67	-41.5116	-5.46521	45.3138	2.98817
18	68	-41.6061	-5.64711	45.3798	2.99245
18	69	-41.7042	-5.82841	45.4504	2.99672
18	70	-41.7814	-6.0165	45.5	3.00105
18	71	-41.8065	-6.2005	45.4995	3.00514
18	72	-41.7816	-6.39063	45.4493	3.0092
18	73	-41.7652	-6.58516	45.4078	3.0134
18	74	-41.7258	-6.78416	45.3436	3.01765
18	75	-41.6606	-6.99125	45.2537	3.02201
18	76	-41.5661	-7.21274	45.134	3.02663
18	77	-41.437	-7.45615	44.9784	3.03168
18	78	-41.2947	-7.69312	44.8115	3.03659
18	79	-41.1389	-7.92418	44.6328	3.04137
18	80	-40.9672	-8.14724	44.4402	3.04598
18	81	-40.7793	-8.35845	44.2334	3.05032
18	82	-40.5781	-8.55519	44.0155	3.05436
18	83	-40.3672	-8.73813	43.7897	3.0581
18	84	-40.148	-8.90959	43.5573	3.0616
18	85	-39.9196	-9.07087	43.3169	3.06489
18	86	-39.6804	-9.22081	43.0671	3.06794
18	87	-39.4302	-9.35664	42.8078	3.07067
18	88	-39.1716	-9.47655	42.5415	3.07305
18	89	-38.9073	-9.58146	42.2707	3.0751
18	90	-38.6379	-9.67352	41.9959	3.07686
18	91	-38.362	-9.75336	41.7154	3.07835
18	92	-38.078	-9.81884	41.4279	3.07949
18	93	-37.7868	-9.86636	41.1342	3.0802
18	94	-37.492	-9.8945	40.8383	3.08045
18	95	-37.1966	-9.90552	40.5428	3.08027
18	96	-36.9006	-9.90243	40.2475	3.07975
18	97	-36.6022	-9.88577	39.9507	3.07887
18	98	-36.301	-9.85326	39.6523	3.07757
18	99	-36.0001	-9.80156	39.3553	3.07577
18	100	-35.7411	-9.7334	39.1015	3.0736
18	101	-35.5149	-9.64987	38.8816	3.07106
18	102	-35.3143	-9.55282	38.6885	3.06819
18	103	-35.1325	-9.44085	38.5155	3.06495
18	104	-34.9487	-9.33956	38.3402	3.06195
18	105	-34.8044	-9.19134	38.2085	3.05778
18	106	-34.6871	-8.99719	38.1084	3.05244
18	107	-34.5643	-8.80215	38.0041	3.04705
18	108	-34.4475	-8.60238	37.9072	3.04151
18	109	-34.335	-8.40169	37.8159	3.03593
18	110	-34.2261	-8.2034	37.7291	3.0304
18	111	-34.1202	-8.00627	37.6463	3.02488
18	112	-34.0141	-7.81124	37.5641	3.0194
18	113	-33.9106	-7.61544	37.4859	3.01388
18	114	-33.8064	-7.4197	37.408	3.00833
18	115	-33.7001	-7.22456	37.3292	3.00277
18	116	-33.5975	-7.02835	37.2553	2.99717
18	117	-33.4965	-6.83413	37.1839	2.99162
18	118	-33.4001	-6.64158	37.1179	2.9861
18	119	-33.3016	-6.45413	37.0502	2.98069
18	120	-33.2015	-6.27063	36.9813	2.97536
18	121	-33.1021	-6.08246	36.9149	2.96988
18	122	-33.0014	-5.89174	36.8489	2.96432
18	123	-32.9001	-5.70026	36.7835	2.95871
18	124	-32.8012	-5.50886	36.7217	2.95309
18	125	-32.7058	-5.31858	36.6641	2.94751
18	126	-32.6128	-5.13024	36.6098	2.94197
18	127	-32.5194	-4.94479	36.5556	2.93649
18	128	-32.4278	-4.76044	36.504	2.93103
18	129	-32.3394	-4.57602	36.4567	2.92558
18	130	-32.2534	-4.39228	36.4125	2.92015
18	131	-32.1685	-4.21099	36.37	2.91477
18	132	-32.089	-4.02891	36.3341	2.9094
18	133	-32.0135	-3.84895	36.3025	2.90409
18	134	-31.9449	-3.67104	36.2782	2.89888
18	135	-31.8809	-3.49628	36.2586	2.89378
18	136	-31.824	-3.32304	36.2464	2.88876
18	137	-31.7673	-3.15206	36.2346	2.8838
18	138	-31.726	-2.97714	36.2397	2.87884
18	139	-31.6923	-2.80029	36.2536	2.87389
18	140	-31.679	-2.61614	36.2899	2.8689
18	141	-31.6731	-2.42382	36.3365	2.86376
18	142	-31.6898	-2.22227	36.4083	2.85856
18	143	-31.7155	-2.03147	36.4867	2.85374
18	144	-31.775	-1.8571	36.5936	2.84963
18	145	-31.8353	-1.68678	36.7006	2.84566
18	146	-31.9166	-1.52716	36.8252	2.84215
18	147	-31.9956	-1.36694	36.9482	2.83864
18	148	-32.0819	-1.20993	37.0776	2.83529
18	149	-32.1744	-1.05284	37.2134	2.83202
25	0	40.2125	-16.3955	37.159	-0.108004
25	1	40.2753	-16.1908	37.2	-0.102352
25	2	40.3197	-15.9899	37.2242	-0.0968605
25	3	40.3411	-15.7885	37.2266	-0.0914207
25	4	40.3164	-15.5877	37.1841	-0.086104
25	5	40.2435	-15.3781	37.094	-0.0806418
25	6	40.1543	-15.1724	36.9891	-0.0752927
25	7	40.06	-14.9694	36.8803	-0.0699983
25	8	39.9664	-14.769	36.7734	-0.0647388
25	9	39.8744	-14.5717	36.6694	-0.0595322
25	10	39.7799	-14.3769	36.5639	-0.0543684
25	11	39.6842	-14.183	36.4584	-0.0491998
25	12	39.5895	-13.9882	36.3547	-0.0439767
25	13	39.4928	-13.7945	36.25	-0.0387542
25	14	39.3938	-13.6032	36.1442	-0.0335713
25	15	39.2942	-13.4151	36.0388	-0.0284493
25	16	39.1979	-13.2292	35.9377	-0.0233541
25	17	39.1024	-13.0467	35.8384	-0.0183253
25	18	39.0068	-12.8677	35.74	-0.0133677
25	19	38.9077	-12.6873	35.639	-0.00834098
25	20	38.8076	-12.5049	35.5378	-0.00323258
25	21	38.7053	-12.3227	35.4354	0.00189935
25	22	38.602	-12.1416	35.3329	0.00703041
25	23	38.4987	-11.9619	35.2313	0.0121514
25	24	38.395	-11.7838	35.1302	0.0172563
25	25	38.2912	-11.6065	35.03	0.0223673
25	26	38.1843	-11.4317	34.9275	0.0274412
25	27	38.0749	-11.2592	34.8233	0.0324777
25	28	37.96	-11.0924	34.7143	0.0373877
25	29	37.8448	-10.9319	34.6056	0.0421477
25	30	37.7272	-10.7796	34.4948	0.0467025
25	31	37.6099	-10.6324	34.3848	0.0511363
25	32	37.488	-10.493	34.2706	0.0553831
25	33	37.3639	-10.356	34.1546	0.0595882
25	34	37.2233	-10.2322	34.0218	0.0634654
25	35	37.0697	-10.1128	33.8764	0.0672715
25	36	36.8955	-10.0079	33.7098	0.0707244
25	37	36.7006	-9.90874	33.5225	0.0740851
25	38	36.5005	-9.83139	33.3289	0.0768438
25	39	36.2964	-9.77095	33.1301	0.0791358
25	40	36.0875	-9.72787	32.9253	0.080942
25	41	35.8768	-9.69543	32.718	0.0824508
25	42	35.6661	-9.67118	32.51	0.0837276
25	43	35.4558	-9.65156	32.3021	0.0848776
25	44	35.2455	-9.63524	32.0939	0.0859398
25	45	35.0348	-9.62402	31.885	0.0868577
25	46	34.8247	-9.61774	31.6763	0.0876303
25	47	34.6167	-9.61652	31.4692	0.0882474
25	48	34.4111	-9.62205	31.2639	0.0886509
25	49	34.2094	-9.63249	31.062	0.0888912
25	50	34.0119	-9.64638	30.8641	0.0890109
25	51	33.818	-9.66341	30.6694	0.0890198
25	52	33.6253	-9.68335	30.4758	0.0889302
25	53	33.4347	-9.7127	30.2833	0.088524
25	54	33.2443	-9.74267	30.091	0.0880912
25	55	33.0578	-9.79102	29.901	0.0870289
25	56	32.8719	-9.84476	29.7112	0.085771
25	57	32.6937	-9.92593	29.5267	0.0835491
25	58	32.5141	-10.0172	29.3402	0.0809597
25	59	32.3412	-10.1369	29.1584	0.0773486
25	60	32.18	-10.2617	28.9883	0.0734867
25	61	32.0374	-10.4026	28.836	0.0689743
25	62	31.902	-10.5522	28.691	0.064099
25	63	31.7772	-10.7141	28.5565	0.0587215
25	64	31.6539	-10.8796	28.424	0.0531632
25	65	31.5366	-11.0513	28.2983	0.0473239
25	66	31.4218	-11.2246	28.1759	0.0413733
25	67	31.3135	-11.4	28.061	0.0352864
25	68	31.2095	-11.5767	27.9513	0.0291003
25	69	31.11	-11.7533	27.8473	0.0228646
25	70	31.0134	-11.9281	27.7473	0.0166459
25	71	30.9192	-12.1054	27.6506	0.0102922
25	72	30.8273	-12.2841	27.5575	0.00384253
25	73	30.7384	-12.4627	27.4685	-0.00264659
25	74	30.6533	-12.6393	27.3844	-0.00910312
25	75	30.5727	-12.8176	27.3061	-0.0156614
25	76	30.4976	-12.9955	27.2343	-0.0222362
25	77	30.4268	-13.1709	27.1681	-0.0287481
25	78	30.3604	-13.3431	27.1071	-0.0351665
25	79	30.2997	-13.5171	27.0532	-0.0416756
25	80	30.2446	-13.6918	27.006	-0.0482235
25	81	30.1951	-13.8663	26.9656	-0.0547759
25	82	30.1559	-14.0412	26.9366	-0.0613398
25	83	30.1168	-14.2161	26.9089	-0.0679163
25	84	30.0996	-14.3943	26.9044	-0.0745674
25	85	30.085	-14.5739	26.9038	-0.0812641
25	86	30.0995	-14.7575	26.9337	-0.088013
25	87	30.1207	-14.9475	26.9722	-0.0949613
25	88	30.1606	-15.1235	27.0292	-0.101306
25	89	30.2122	-15.2895	27.0978	-0.107207
25	90	30.2758	-15.4483	27.1785	-0.112765
25	91	30.3519	-15.6025	27.2717	-0.118069
25	92	30.4314	-15.7586	27.3695	-0.123393
25	93	30.5215	-15.9142	27.4784	-0.128608
25	94	30.6154	-16.0738	27.5924	-0.133907
25	95	30.7189	-16.2338	27.7167	-0.13913
25	96	30.8256	-16.3947	27.845	-0.144321
25	97	30.938	-16.554	27.9796	-0.149379
25	98	31.0524	-16.7146	28.117	-0.154421
25	99	31.1694	-16.8768	28.2579	-0.159455
25	100	31.2915	-17.04	28.4047	-0.164446
25	101	31.4131	-17.2094	28.5528	-0.169601
25	102	31.5397	-17.3776	28.7064	-0.174633
25	103	31.6664	-17.5482	28.8611	-0.179689
25	104	31.7935	-17.7167	29.0166	-0.18462
25	105	31.9223	-17.8823	29.174	-0.189391
25	106	32.0505	-18.0478	29.3314	-0.194109
25	107	32.18	-18.213	29.4907	-0.19876
25	108	32.3097	-18.3798	29.651	-0.20341
25	109	32.4397	-18.5481	29.8127	-0.208059
25	110	32.571	-18.716	29.9761	-0.212634
25	111	32.702	-18.8829	30.1397	-0.217131
25	112	32.8346	-19.0498	30.3055	-0.221563
25	113	32.9684	-19.217	30.473	-0.225953
25	114	33.1026	-19.3858	30.6419	-0.230339
25	115	33.2402	-19.5541	30.8146	-0.234638
25	116	33.3881	-19.7115	30.9953	-0.238468
25	117	33.5507	-19.826	31.1803	-0.240803
25	118	33.7383	-19.9013	31.3805	-0.241708
25	119	33.9373	-19.9561	31.5869	-0.241885
25	120	34.1492	-19.9954	31.802	-0.241488
25	121	34.3797	-20.0204	32.0318	-0.240525
25	122	34.6371	-20.0304	32.2842	-0.238928
25	123	34.9323	-20.0249	32.5698	-0.236619
25	124	35.229	-20.0074	32.8543	-0.233983
25	125	35.5275	-19.9752	33.1373	-0.230951
25	126	35.825	-19.9256	33.4158	-0.227466
25	127	36.1177	-19.859	33.6861	-0.223582
25	128	36.4044	-19.7789	33.9483	-0.219408
25	129	36.6869	-19.6871	34.2043	-0.214991
25	130	36.9664	-19.5824	34.4555	-0.210291
25	131	37.2417	-19.4624	34.7001	-0.205254
25	132	37.5096	-19.3271	34.9353	-0.1999
25	133	37.7682	-19.1795	35.16	-0.194325
25	134	38.0191	-19.0222	35.3763	-0.188591
25	135	38.2641	-18.8547	35.5862	-0.182678
25	136	38.5032	-18.6746	35.7893	-0.176515
25	137	38.7333	-18.48	35.9825	-0.170067
25	138	38.951	-18.2727	36.1627	-0.163399
25	139	39.156	-18.0563	36.3306	-0.156603
25	140	39.3507	-17.8321	36.4889	-0.149704
25	141	39.5363	-17.5991	36.6385	-0.142658
25	142	39.7112	-17.3554	36.7779	-0.135425
25	143	39.8723	-17.1026	36.9044	-0.128047
25	144	40.0182	-16.8435	37.0171	-0.120603
25	145	40.1289	-16.6106	37.0998	-0.114011
26	0	-24.8909	-6.47377	28.7757	2.93452
26	1	-24.97	-6.27222	28.895	2.92825
26	2	-25.054	-6.07174	29.0201	2.92212
26	3	-25.1424	-5.87046	29.1507	2.91604
26	4	-25.2359	-5.66992	29.2872	2.91008
26	5	-25.335	-5.47	29.4301	2.90424
26	6	-25.4393	-5.27112	29.5788	2.89853
26	7	-25.5478	-5.07352	29.7321	2.89296
26	8	-25.6595	-4.87646	29.8892	2.88749
26	9	-25.7736	-4.68072	30.0493	2.88214
26	10	-25.891	-4.48453	30.2135	2.87686
26	11	-26.013	-4.28751	30.3833	2.87165
26	12	-26.1409	-4.09328	30.5587	2.86664
26	13	-26.2746	-3.90322	30.7393	2.86187
26	14	-26.4132	-3.71775	30.9241	2.85734
26	15	-26.5564	-3.53604	31.1128	2.85303
26	16	-26.7075	-3.36303	31.3071	2.8491
26	17	-26.8716	-3.20354	31.5104	2.84576
26	18	-27.0515	-3.05866	31.7249	2.84304
26	19	-27.2485	-2.93005	31.951	2.84101
26	20	-27.4589	-2.82427	32.1833	2.83981
26	21	-27.6751	-2.74562	32.4131	2.83947
26	22	-27.8968	-2.69073	32.6411	2.83989
26	23	-28.1222	-2.65293	32.8676	2.84083
26	24	-28.3499	-2.62632	33.093	2.8421
26	25	-28.5803	-2.60883	33.3183	2.84364
26	26	-28.8132	-2.60084	33.5434	2.84545
26	27	-29.0473	-2.6036	33.7665	2.84755
26	28	-29.2801	-2.61806	33.9852	2.84994
26	29	-29.5096	-2.64391	34.1977	2.85259
26	30	-29.735	-2.68178	34.4031	2.85552
26	31	-29.956	-2.73563	34.6002	2.85881
26	32	-30.1714	-2.81555	34.785	2.86275
26	33	-30.3839	-2.92691	34.959	2.86748
26	34	-30.593	-3.06758	35.1228	2.87295
26	35	-30.7824	-3.22494	35.2642	2.87868
26	36	-30.9517	-3.40009	35.3828	2.8847
26	37	-31.1026	-3.59261	35.4805	2.89103
26	38	-31.24	-3.79651	35.5638	2.89754
26	39	-31.37	-4.00442	35.6405	2.90408
26	40	-31.497	-4.21408	35.7153	2.91063
26	41	-31.6224	-4.42477	35.7899	2.91716
26	42	-31.7453	-4.63572	35.8636	2.92366
26	43	-31.8662	-4.84497	35.9371	2.93007
26	44	-31.9842	-5.05286	36.0096	2.9364
26	45	-32.0998	-5.26085	36.0811	2.9427
26	46	-32.2144	-5.47053	36.1527	2.94901
26	47	-32.3298	-5.67865	36.2269	2.95526
26	48	-32.4428	-5.88625	36.3001	2.96145
26	49	-32.5523	-6.09308	36.3715	2.96759
26	50	-32.66	-6.29856	36.4426	2.97365
26	51	-32.7696	-6.50242	36.5173	2.97966
26	52	-32.8789	-6.70762	36.5928	2.98567
26	53	-32.9863	-6.91567	36.6672	2.99173
26	54	-33.0915	-7.12605	36.7406	2.99782
26	55	-33.1969	-7.33349	36.8158	3.00381
26	56	-33.3001	-7.53996	36.8903	3.00974
26	57	-33.3996	-7.74444	36.9627	3.01558
26	58	-33.4975	-7.94758	37.0349	3.02135
26	59	-33.5946	-8.1492	37.1077	3.02706
26	60	-33.6878	-8.34957	37.1779	3.0327
26	61	-33.7761	-8.54766	37.2448	3.03824
26	62	-33.8592	-8.74309	37.3079	3.04368
26	63	-33.9376	-8.93647	37.3675	3.04904
26	64	-34.0122	-9.12598	37.4248	3.05427
26	65	-34.081	-9.31389	37.4774	3.05942
26	66	-34.1378	-9.50292	37.519	3.06457
26	67	-34.2031	-9.68706	37.5704	3.06959
26	68	-34.2151	-9.86793	37.5698	3.07441
26	69	-34.1731	-10.0599	37.5156	3.07944
26	70	-34.1014	-10.2525	37.4325	3.08446
26	71	-34.007	-10.4523	37.3273	3.08966
26	72	-33.8878	-10.6662	37.1978	3.09524
26	73	-33.739	-10.9031	37.0388	3.10144
26	74	-33.5649	-11.1523	36.8556	3.108
26	75	-33.3765	-11.3942	36.66	3.11443
26	76	-33.1728	-11.6251	36.4508	3.12061
26	77	-32.9564	-11.8421	36.2306	3.12647
26	78	-32.7302	-12.046	36.0018	3.13204
26	79	-32.4936	-12.2388	35.7639	3.13736
26	80	-32.2441	-12.4193	35.5141	-3.14077
26	81	-31.9815	-12.5833	35.252	-3.13611
26	82	-31.71	-12.7284	34.9816	-3.13192
26	83	-31.4335	-12.8567	34.7066	-3.12814
26	84	-31.1519	-12.9715	34.4268	-3.1247
26	85	-30.863	-13.0725	34.1398	-3.1216
26	86	-30.5665	-13.1565	33.8452	-3.11894
26	87	-30.2661	-13.2212	33.5463	-3.11681
26	88	-29.9649	-13.2688	33.2465	-3.11516
26	89	-29.663	-13.3012	32.9456	-3.11393
26	90	-29.3932	-13.3113	32.6761	-3.11339
26	91	-29.145	-13.2998	32.4278	-3.11353
26	92	-28.9115	-13.2664	32.1934	-3.11437
26	93	-28.69	-13.2061	31.9704	-3.11606
26	94	-28.4917	-13.0961	31.7695	-3.11937
26	95	-28.3066	-12.9322	31.5812	-3.12442
26	96	-28.132	-12.7543	31.4041	-3.12999
26	97	-27.9606	-12.5747	31.2311	-3.13568
26	98	-27.7899	-12.3953	31.0599	-3.14142
26	99	-27.6204	-12.2144	30.8909	3.13591
26	100	-27.4544	-12.0319	30.7265	3.12994
26	101	-27.293	-11.8493	30.5678	3.1239
26	102	-27.1351	-11.6681	30.4137	3.11785
26	103	-26.9786	-11.4882	30.2621	3.11179
26	104	-26.8222	-11.308	30.1116	3.10565
26	105	-26.666	-11.1256	29.9627	3.09938
26	106	-26.5112	-10.9405	29.8165	3.09296
26	107	-26.3599	-10.7569	29.6749	3.08653
26	108	-26.2112	-10.5756	29.5369	3.08012
26	109	-26.0638	-10.3957	29.4015	3.07371
26	110	-25.9176	-10.2156	29.2685	3.06723
26	111	-25.7738	-10.0341	29.1392	3.06065
26	112	-25.6343	-9.85059	29.0156	3.05396
26	113	-25.5	-9.66571	28.8987	3.04718
26	114	-25.3711	-9.48267	28.7882	3.04043
26	115	-25.2469	-9.29999	28.6838	3.03366
26	116	-25.128	-9.11507	28.5862	3.02678
26	117	-25.0159	-8.9279	28.497	3.0198
26	118	-24.9122	-8.73849	28.4178	3.01274
26	119	-24.8194	-8.54549	28.3512	3.00557
26	120	-24.7433	-8.34619	28.3037	2.99823
26	121	-24.6856	-8.13752	28.2772	2.99063
26	122	-24.6459	-7.91937	28.2716	2.98279
26	123	-24.6264	-7.70045	28.2878	2.97504
26	124	-24.6273	-7.48861	28.3246	2.96767
26	125	-24.6515	-7.28464	28.3844	2.96074
26	126	-24.6963	-7.08299	28.4654	2.95406
26	127	-24.7528	-6.881	28.5592	2.94748
26	128	-24.8184	-6.67804	28.6633	2.94097
32	0	32.8726	-20.7461	30.7594	-0.275119
32	1	32.8768	-20.573	30.7169	-0.269656
32	2	32.8939	-20.4096	30.6903	-0.264377
32	3	32.8629	-20.2637	30.6225	-0.260042
32	4	32.7822	-20.1215	30.5081	-0.256217
32	5	32.7124	-19.9687	30.4021	-0.251938
32	6	32.6294	-19.8169	30.2842	-0.247768
32	7	32.5396	-19.6627	30.1597	-0.243542
32	8	32.4438	-19.505	30.0289	-0.239215
32	9	32.3431	-19.343	29.893	-0.234748
32	10	32.2363	-19.1821	29.7519	-0.230321
32	11	32.1272	-19.0214	29.6093	-0.225878
32	12	32.0145	-18.8633	29.4644	-0.221506
32	13	31.9021	-18.7059	29.3204	-0.217111
32	14	31.7877	-18.5508	29.1756	-0.212765
32	15	31.673	-18.3964	29.0312	-0.208401
32	16	31.5584	-18.2428	28.8875	-0.204018
32	17	31.4428	-18.0913	28.7439	-0.199672
32	18	31.3227	-17.9389	28.5962	-0.195284
32	19	31.2007	-17.7848	28.447	-0.190801
32	20	31.0786	-17.6283	28.2977	-0.186188
32	21	30.954	-17.4713	28.1465	-0.181527
32	22	30.8261	-17.3136	27.9925	-0.176812
32	23	30.6943	-17.1551	27.8352	-0.172038
32	24	30.5595	-16.9955	27.6754	-0.167189
32	25	30.4215	-16.8365	27.5132	-0.162327
32	26	30.2816	-16.6796	27.3501	-0.15749
32	27	30.1403	-16.5245	27.1865	-0.152673
32	28	29.9988	-16.3714	27.0237	-0.147868
32	29	29.8541	-16.2233	26.8591	-0.143207
32	30	29.7051	-16.0814	26.6916	-0.138745
32	31	29.548	-15.9542	26.5187	-0.134812
32	32	29.3804	-15.8403	26.3374	-0.131383
32	33	29.2014	-15.7389	26.1468	-0.128434
32	34	29.0083	-15.6523	25.9442	-0.126078
32	35	28.8158	-15.5873	25.7452	-0.124513
32	36	28.6243	-15.5469	25.5501	-0.123874
32	37	28.4328	-15.5199	25.3567	-0.12375
32	38	28.2409	-15.5096	25.1651	-0.124284
32	39	28.0489	-15.5017	24.9735	-0.124925
32	40	27.8558	-15.5052	24.7823	-0.126037
32	41	27.6608	-15.5094	24.5894	-0.127202
32	42	27.4644	-15.5237	24.3965	-0.128806
32	43	27.2661	-15.5395	24.202	-0.130506
32	44	27.0674	-15.5657	24.0084	-0.132662
32	45	26.8691	-15.5964	23.8159	-0.135042
32	46	26.6731	-15.6346	23.6269	-0.137763
32	47	26.4789	-15.6762	23.4404	-0.140659
32	48	26.2884	-15.7269	23.259	-0.143965
32	49	26.1007	-15.7832	23.0815	-0.147543
32	50	25.921	-15.8594	22.9151	-0.151986
32	51	25.7434	-15.9475	22.7533	-0.156994
32	52	25.5722	-16.0596	22.6021	-0.163081
32	53	25.4088	-16.184	22.4616	-0.169725
32	54	25.2661	-16.3243	22.3452	-0.176991
32	55	25.1362	-16.4731	22.2441	-0.184605
32	56	25.0266	-16.6379	22.1675	-0.192823
32	57	24.9232	-16.8067	22.0991	-0.201214
32	58	24.8346	-16.9827	22.0483	-0.209837
32	59	24.7474	-17.1581	22.0003	-0.218462
32	60	24.6711	-17.339	21.9659	-0.227257
32	61	24.596	-17.5206	21.9345	-0.236095
32	62	24.5288	-17.705	21.9132	-0.244992
32	63	24.4649	-17.8924	21.8975	-0.254003
32	64	24.4091	-18.0823	21.8921	-0.263039
32	65	24.3574	-18.271	21.8921	-0.271975
32	66	24.3128	-18.4623	21.9014	-0.280937
32	67	24.2725	-18.6537	21.9167	-0.289838
32	68	24.2359	-18.844	21.9368	-0.298626
32	69	24.2029	-19.0324	21.9615	-0.307271
32	70	24.1729	-19.224	21.9917	-0.315984
32	71	24.1501	-19.4175	22.031	-0.324658
32	72	24.1297	-19.6106	22.0741	-0.333241
32	73	24.1186	-19.8016	22.1268	-0.341563
32	74	24.1107	-19.9938	22.1845	-0.349845
32	75	24.1151	-20.1851	22.255	-0.357852
32	76	24.1202	-20.3742	22.3267	-0.365706
32	77	24.136	-20.5602	22.4086	-0.373205
32	78	24.1538	-20.7436	22.4926	-0.38051
32	79	24.1799	-20.9246	22.5846	-0.387521
32	80	24.211	-21.1066	22.6827	-0.394434
32	81	24.2606	-21.2871	22.7983	-0.400905
32	82	24.3226	-21.4687	22.9267	-0.407143
32	83	24.4151	-21.6453	23.0819	-0.412581
32	84	24.523	-21.8256	23.2534	-0.417827
32	85	24.6467	-21.9881	23.4326	-0.422021
32	86	24.7774	-22.1416	23.6149	-0.425683
32	87	24.9233	-22.2814	23.8056	-0.428499
32	88	25.0821	-22.4145	24.0054	-0.430797
32	89	25.2478	-22.5425	24.2095	-0.43274
32	90	25.4177	-22.6677	24.4163	-0.434479
32	91	25.5908	-22.79	24.6248	-0.436023
32	92	25.7654	-22.9089	24.8332	-0.437395
32	93	25.9418	-23.0235	25.0416	-0.438557
32	94	26.1184	-23.134	25.2485	-0.439548
32	95	26.294	-23.2417	25.4532	-0.440443
32	96	26.4688	-23.347	25.6562	-0.441252
32	97	26.6427	-23.4511	25.8579	-0.442018
32	98	26.8166	-23.5531	26.0587	-0.442701
32	99	26.9892	-23.6538	26.2578	-0.443351
32	100	27.1603	-23.7511	26.4541	-0.443901
32	101	27.3274	-23.846	26.6459	-0.444423
32	102	27.496	-23.9373	26.8372	-0.444793
32	103	27.6644	-24.026	27.0275	-0.445074
32	104	27.8329	-24.1115	27.2164	-0.445244
32	105	28.0022	-24.1923	27.4039	-0.445245
32	106	28.1708	-24.271	27.59	-0.445188
32	107	28.3407	-24.3417	27.7738	-0.444851
32	108	28.5091	-24.409	27.9548	-0.444431
32	109	28.6741	-24.47	28.13	-0.443868
32	110	28.837	-24.5214	28.2992	-0.443035
32	111	28.9951	-24.5692	28.4625	-0.442172
32	112	29.152	-24.6077	28.6208	-0.441042
32	113	29.3142	-24.5798	28.7557	-0.437756
32	114	29.4854	-24.5557	28.9008	-0.434491
32	115	29.6616	-24.4987	29.0368	-0.430154
32	116	29.8559	-24.4334	29.1865	-0.425346
32	117	30.0697	-24.3422	29.3442	-0.41951
32	118	30.3104	-24.2179	29.5141	-0.41234
32	119	30.5466	-24.0783	29.6754	-0.404839
32	120	30.7748	-23.9233	29.825	-0.397048
32	121	30.9921	-23.7551	29.9613	-0.389066
32	122	31.1985	-23.5771	30.0858	-0.380991
32	123	31.3958	-23.3911	30.2008	-0.372844
32	124	31.5853	-23.1966	30.3074	-0.36459
32	125	31.7663	-22.9924	30.4048	-0.356191
32	126	31.9368	-22.7782	30.491	-0.347659
32	127	32.0952	-22.5559	30.5653	-0.339054
32	128	32.2419	-22.3274	30.6288	-0.330426
32	129	32.3782	-22.0934	30.683	-0.321771
32	130	32.5048	-21.8532	30.7283	-0.313052
32	131	32.6208	-21.6062	30.7637	-0.304252
32	132	32.7235	-21.3531	30.7872	-0.29541
32	133	32.7972	-21.13	30.7936	-0.287781
32	134	32.8459	-20.9299	30.7842	-0.2811
33	0	-18.1453	-12.6609	21.417	-3.12895
33	1	-18.2635	-12.4448	21.5335	-3.13905
33	2	-18.4469	-12.2202	21.7176	3.13378
33	3	-18.5582	-12.0018	21.8316	3.12381
33	4	-18.6281	-11.7971	21.9061	3.11453
33	5	-18.6807	-11.5996	21.9649	3.1056
33	6	-18.7405	-11.4091	22.0323	3.09706
33	7	-18.8053	-11.2163	22.1065	3.08848
33	8	-18.8744	-11.0253	22.1864	3.08004
33	9	-18.9476	-10.8358	22.2719	3.07175
33	10	-19.0264	-10.6476	22.3643	3.0636
33	11	-19.1078	-10.4605	22.4609	3.05558
33	12	-19.1929	-10.273	22.5624	3.04762
33	13	-19.2834	-10.0879	22.6706	3.03987
33	14	-19.388	-9.90884	22.7934	3.03252
33	15	-19.5127	-9.73602	22.9368	3.02562
33	16	-19.6558	-9.5689	23.0987	3.01916
33	17	-19.8087	-9.42615	23.2683	3.01387
33	18	-19.9685	-9.30526	23.4423	3.00962
33	19	-20.1398	-9.20881	23.6249	3.00653
33	20	-20.3153	-9.1233	23.8105	3.00396
33	21	-20.4962	-9.05247	23.9994	3.00207
33	22	-20.6772	-8.98262	24.1883	3.00025
33	23	-20.8623	-8.9227	24.3801	2.99889
33	24	-21.0488	-8.86229	24.5733	2.99754
33	25	-21.2398	-8.81086	24.7697	2.99659
33	26	-21.4324	-8.76012	24.9677	2.99569
33	27	-21.6282	-8.7187	25.1674	2.9952
33	28	-21.8241	-8.67853	25.367	2.99476
33	29	-22.0209	-8.64721	25.5664	2.99467
33	30	-22.2173	-8.61669	25.7651	2.99461
33	31	-22.4144	-8.59489	25.9632	2.99489
33	32	-22.6119	-8.57659	26.1613	2.99531
33	33	-22.8107	-8.57098	26.3588	2.9962
33	34	-23.0105	-8.57845	26.5554	2.99756
33	35	-23.2089	-8.61195	26.7471	2.99987
33	36	-23.4096	-8.67322	26.9372	3.00317
33	37	-23.6104	-8.76049	27.1243	3.00738
33	38	-23.8153	-8.87468	27.3125	3.01253
33	39	-24.0058	-9.00235	27.4854	3.01803
33	40	-24.1828	-9.14592	27.6437	3.02397
33	41	-24.3514	-9.30087	27.7936	3.03022
33	42	-24.5154	-9.46271	27.9392	3.03663
33	43	-24.6776	-9.62889	28.0836	3.04312
33	44	-24.8375	-9.79963	28.2266	3.04969
33	45	-24.9948	-9.97364	28.3679	3.05631
33	46	-25.1488	-10.1484	28.507	3.06288
33	47	-25.3004	-10.3201	28.6453	3.06927
33	48	-25.4504	-10.4898	28.7832	3.07553
33	49	-25.5982	-10.6616	28.9199	3.08179
33	50	-25.7461	-10.8341	29.0577	3.08802
33	51	-25.8951	-11.0066	29.1979	3.0942
33	52	-26.0412	-11.1815	29.3361	3.10039
33	53	-26.1867	-11.355	29.4748	3.10647
33	54	-26.3323	-11.5258	29.6149	3.11241
33	55	-26.4715	-11.6987	29.7496	3.11835
33	56	-26.6108	-11.8687	29.8854	3.12415
33	57	-26.7491	-12.037	30.0212	3.12983
33	58	-26.8837	-12.2051	30.1542	3.13546
33	59	-27.0178	-12.3735	30.2878	3.14105
33	60	-27.15	-12.5409	30.4204	-3.13663
33	61	-27.2796	-12.7063	30.5512	-3.13124
33	62	-27.4061	-12.8693	30.6798	-3.12597
33	63	-27.5298	-13.03	30.8064	-3.12082
33	64	-27.6499	-13.1894	30.9302	-3.11574
33	65	-27.7646	-13.3491	31.0495	-3.1107
33	66	-27.8687	-13.5126	31.1589	-3.10556
33	67	-27.9785	-13.6682	31.2746	-3.10071
33	68	-28.043	-13.833	31.3462	-3.09554
33	69	-28.0656	-14.0164	31.3778	-3.08974
33	70	-28.0961	-14.206	31.4186	-3.08376
33	71	-28.1072	-14.4076	31.442	-3.07738
33	72	-28.0994	-14.6271	31.4491	-3.0704
33	73	-28.0723	-14.8727	31.4404	-3.06255
33	74	-28.0248	-15.1545	31.4166	-3.05348
33	75	-27.9663	-15.4361	31.3844	-3.04438
33	76	-27.8954	-15.7173	31.3425	-3.03523
33	77	-27.8105	-15.9957	31.289	-3.0261
33	78	-27.7122	-16.2686	31.224	-3.01705
33	79	-27.6028	-16.5353	31.1498	-3.00812
33	80	-27.484	-16.797	31.0681	-2.99926
33	81	-27.3549	-17.0551	30.9782	-2.99042
33	82	-27.213	-17.3092	30.8774	-2.9816
33	83	-27.0569	-17.5563	30.7638	-2.97286
33	84	-26.8882	-17.7935	30.6384	-2.9643
33	85	-26.71	-18.0206	30.5042	-2.95594
33	86	-26.5244	-18.2396	30.3631	-2.94772
33	87	-26.3305	-18.452	30.2149	-2.93959
33	88	-26.1268	-18.6572	30.0574	-2.93154
33	89	-25.9126	-18.853	29.8897	-2.92364
33	90	-25.6896	-19.0375	29.7128	-2.91596
33	91	-25.4607	-19.2114	29.5294	-2.90848
33	92	-25.2272	-19.3767	29.3412	-2.90116
33	93	-24.9884	-19.5339	29.1474	-2.89398
33	94	-24.7754	-19.6573	28.9716	-2.88804
33	95	-24.5798	-19.7511	28.8062	-2.88319
33	96	-24.3953	-19.8182	28.6451	-2.87928
33	97	-24.2168	-19.86	28.4838	-2.87623
33	98	-24.0507	-19.9103	28.3368	-2.87299
33	99	-23.8924	-19.9106	28.1843	-2.87148
33	100	-23.7301	-19.8619	28.0149	-2.87161
33	101	-23.5624	-19.8205	27.8422	-2.87144
33	102	-23.3936	-19.7701	27.6661	-2.87157
33	103	-23.2236	-19.7124	27.4868	-2.87194
33	104	-23.0502	-19.6516	27.3036	-2.8724
33	105	-22.874	-19.5847	27.1159	-2.87305
33	106	-22.6934	-19.5146	26.9231	-2.87378
33	107	-22.5094	-19.4388	26.7257	-2.87469
33	108	-22.3221	-19.3596	26.5241	-2.87571
33	109	-22.1332	-19.2754	26.3198	-2.87691
33	110	-21.9432	-19.1887	26.1138	-2.87821
33	111	-21.7527	-19.0996	25.9066	-2.87962
33	112	-21.5608	-19.0095	25.6979	-2.88107
33	113	-21.3671	-18.9179	25.4872	-2.88258
33	114	-21.1713	-18.8244	25.274	-2.88417
33	115	-20.9742	-18.7278	25.0589	-2.8859
33	116	-20.7774	-18.6278	24.8433	-2.88779
33	117	-20.5824	-18.5248	24.6286	-2.88985
33	118	-20.3896	-18.4199	24.4159	-2.89205
33	119	-20.1968	-18.3143	24.2031	-2.8943
33	120	-20.0044	-18.2073	23.9904	-2.89666
33	121	-19.8136	-18.0967	23.7785	-2.89923
33	122	-19.6272	-17.9793	23.5695	-2.90217
33	123	-19.449	-17.8526	23.3665	-2.90563
33	124	-19.2845	-17.7119	23.1738	-2.90987
33	125	-19.1369	-17.5526	22.9939	-2.91514
33	126	-19.0005	-17.3782	22.8223	-2.92124
33	127	-18.877	-17.1998	22.6633	-2.92774
33	128	-18.7591	-17.0133	22.509	-2.93472
33	129	-18.6452	-16.81	22.3564	-2.94258
33	130	-18.5038	-16.5909	22.1754	-2.951
33	131	-18.307	-16.3541	21.9381	-2.9599
33	132	-18.1749	-16.1325	21.769	-2.96881
33	133	-18.0867	-15.9196	21.6463	-2.97781
33	134	-18.0253	-15.708	21.5523	-2.98703
33	135	-17.9822	-15.4975	21.4782	-2.9964
33	136	-17.9504	-15.2866	21.4172	-3.00593
33	137	-17.9266	-15.0747	21.366	-3.01561
33	138	-17.9091	-14.86	21.3226	-3.02549
33	139	-17.8983	-14.6428	21.2878	-3.03557
33	140	-17.895	-14.4243	21.2625	-3.04577
33	141	-17.8987	-14.2042	21.2463	-3.0561
33	142	-17.909	-13.9844	21.2389	-3.06645
33	143	-17.9244	-13.7636	21.2388	-3.07687
33	144	-17.9454	-13.5426	21.2467	-3.08732
33	145	-17.9742	-13.3214	21.2646	-3.09778
33	146	-18.0129	-13.0996	21.2947	-3.10826
33	147	-18.0676	-12.879	21.3432	-3.11868
38	0	29.1445	-27.7445	30.0874	-0.535568
38	1	29.1494	-27.4487	29.9418	-0.526991
38	2	29.1387	-27.1553	29.7859	-0.518655
38	3	29.116	-26.8652	29.6234	-0.510531
38	4	29.0837	-26.5773	29.4555	-0.502538
38	5	29.0405	-26.2903	29.2804	-0.494659
38	6	28.984	-26.0385	29.1118	-0.487969
38	7	28.9142	-25.8131	28.9448	-0.482221
38	8	28.8298	-25.6072	28.775	-0.477241
38	9	28.7272	-25.4179	28.5971	-0.473008
38	10	28.5941	-25.2563	28.4052	-0.470079
38	11	28.4219	-25.1208	28.1903	-0.46856
38	12	28.2289	-24.9986	27.9629	-0.467778
38	13	28.0344	-24.882	27.7367	-0.467188
38	14	27.8412	-24.7664	27.5122	-0.466598
38	15	27.6467	-24.6524	27.2872	-0.466075
38	16	27.4524	-24.5369	27.0617	-0.465489
38	17	27.2573	-24.4228	26.8362	-0.464951
38	18	27.0621	-24.312	26.612	-0.46452
38	19	26.8692	-24.202	26.3903	-0.464069
38	20	26.6778	-24.094	26.1707	-0.463651
38	21	26.4872	-23.9864	25.9522	-0.463228
38	22	26.2986	-23.8789	25.7354	-0.462764
38	23	26.1087	-23.7739	25.5186	-0.462407
38	24	25.9209	-23.67	25.3042	-0.46204
38	25	25.7352	-23.5683	25.0927	-0.46171
38	26	25.5524	-23.4701	24.8853	-0.46145
38	27	25.3732	-23.3757	24.6827	-0.46126
38	28	25.1969	-23.2855	24.4848	-0.461166
38	29	25.0229	-23.1995	24.2906	-0.461181
38	30	24.8513	-23.1183	24.1008	-0.461334
38	31	24.6809	-23.0411	23.9138	-0.461616
38	32	24.5114	-22.9658	23.7286	-0.461955
38	33	24.338	-22.9015	23.5448	-0.462794
38	34	24.162	-22.8427	23.361	-0.463903
38	35	23.9746	-22.8124	23.1799	-0.466353
38	36	23.7814	-22.786	22.9956	-0.469104
38	37	23.5757	-22.79	22.8141	-0.473335
38	38	23.3784	-22.7981	22.6424	-0.477628
38	39	23.1909	-22.8333	22.4923	-0.482851
38	40	23.0071	-22.878	22.3507	-0.488439
38	41	22.8233	-22.9249	22.2108	-0.494188
38	42	22.6408	-22.9813	22.0772	-0.500356
38	43	22.4559	-23.0424	21.9448	-0.506841
38	44	22.2689	-23.1096	21.8144	-0.513696
38	45	22.0808	-23.1838	21.6876	-0.520938
38	46	21.8925	-23.2634	21.5646	-0.528486
38	47	21.7069	-23.3504	21.4488	-0.536353
38	48	21.5244	-23.4418	21.3393	-0.544405
38	49	21.3416	-23.5368	21.2329	-0.552691
38	50	21.1582	-23.6349	21.129	-0.5612
38	51	20.9749	-23.7377	21.0294	-0.569978
38	52	20.793	-23.8468	20.936	-0.579052
38	53	20.6121	-23.9621	20.8485	-0.58843
38	54	20.4354	-24.0852	20.7709	-0.598082
38	55	20.2667	-24.2172	20.7068	-0.607939
38	56	20.1141	-24.3603	20.6643	-0.61784
38	57	19.9758	-24.5153	20.6423	-0.627842
38	58	19.8492	-24.6819	20.6388	-0.637978
38	59	19.7319	-24.8628	20.6535	-0.648395
38	60	19.6329	-25.0473	20.687	-0.658395
38	61	19.5518	-25.2381	20.7406	-0.668065
38	62	19.4875	-25.4378	20.8148	-0.677512
38	63	19.4341	-25.6438	20.9031	-0.686788
38	64	19.39	-25.853	21.0025	-0.695823
38	65	19.3527	-26.0644	21.1103	-0.704641
38	66	19.322	-26.2756	21.2245	-0.713158
38	67	19.2952	-26.4846	21.3417	-0.721388
38	68	19.2726	-26.6941	21.4637	-0.729415
38	69	19.2523	-26.9031	21.5886	-0.737258
38	70	19.2337	-27.1107	21.7149	-0.74491
38	71	19.2189	-27.3202	21.8467	-0.752421
38	72	19.2075	-27.5288	21.9815	-0.759703
38	73	19.1989	-27.7334	22.1167	-0.766676
38	74	19.1936	-27.9375	22.255	-0.773447
38	75	19.1915	-28.1388	22.3946	-0.779945
38	76	19.1898	-28.3359	22.5325	-0.786217
38	77	19.1939	-28.5341	22.676	-0.792264
38	78	19.1999	-28.7313	22.8211	-0.798143
38	79	19.2129	-28.9255	22.9695	-0.803641
38	80	19.2287	-29.1184	23.1197	-0.808939
38	81	19.2546	-29.3086	23.2754	-0.813776
38	82	19.2837	-29.4951	23.4312	-0.818338
38	83	19.3222	-29.6763	23.5901	-0.822397
38	84	19.362	-29.8569	23.7497	-0.826343
38	85	19.4178	-30.034	23.9178	-0.829646
38	86	19.4804	-30.212	24.0915	-0.832717
38	87	19.568	-30.3902	24.2823	-0.834988
38	88	19.6732	-30.5756	24.4904	-0.836884
38	89	19.7949	-30.7461	24.6985	-0.837849
38	90	19.9312	-30.9037	24.9069	-0.838017
38	91	20.0859	-31.0472	25.117	-0.837259
38	92	20.253	-31.1803	25.3278	-0.835874
38	93	20.4276	-31.305	25.5375	-0.834078
38	94	20.6059	-31.4235	25.745	-0.832041
38	95	20.7851	-31.5383	25.9507	-0.829914
38	96	20.9642	-31.6514	26.1551	-0.82778
38	97	21.1431	-31.7643	26.3593	-0.825681
38	98	21.3226	-31.8761	26.5632	-0.823567
38	99	21.505	-31.9864	26.7681	-0.821367
38	100	21.6893	-32.0944	26.9729	-0.819094
38	101	21.8736	-32.2003	27.1761	-0.816799
38	102	22.0566	-32.3039	27.377	-0.814518
38	103	22.2383	-32.405	27.5753	-0.812241
38	104	22.4191	-32.5039	27.7716	-0.809967
38	105	22.5997	-32.6012	27.9666	-0.807689
38	106	22.7804	-32.6975	28.1612	-0.805413
38	107	22.9615	-32.7922	28.355	-0.803123
38	108	23.1424	-32.8844	28.547	-0.800807
38	109	23.3222	-32.9726	28.7356	-0.798452
38	110	23.4996	-33.0565	28.9196	-0.79608
38	111	23.6741	-33.1359	29.0985	-0.793704
38	112	23.8457	-33.2107	29.2722	-0.791315
38	113	24.0143	-33.2827	29.442	-0.788964
38	114	24.1821	-33.3481	29.6068	-0.786496
38	115	24.3493	-33.4086	29.7677	-0.783955
38	116	24.515	-33.4716	29.9296	-0.781536
38	117	24.6835	-33.4736	30.0509	-0.777636
38	118	24.858	-33.4446	30.1553	-0.77289
38	119	25.0416	-33.4108	30.2635	-0.767855
38	120	25.2347	-33.3535	30.3631	-0.76208
38	121	25.4409	-33.2676	30.4536	-0.755362
38	122	25.6684	-33.16	30.5464	-0.747694
38	123	25.9221	-33.0186	30.6375	-0.738681
38	124	26.1705	-32.869	30.7217	-0.729634
38	125	26.4148	-32.7104	30.7994	-0.72051
38	126	26.6548	-32.5403	30.8689	-0.711239
38	127	26.8876	-32.3557	30.9261	-0.7018
38	128	27.1088	-32.1568	30.968	-0.692284
38	129	27.3166	-31.9476	30.9958	-0.68281
38	130	27.513	-31.7314	31.0131	-0.673407
38	131	27.7006	-31.5086	31.0222	-0.664023
38	132	27.88	-31.2776	31.0225	-0.654593
38	133	28.0493	-31.0369	31.0116	-0.645113
38	134	28.2057	-30.7879	30.9883	-0.635655
38	135	28.3492	-30.5334	30.954	-0.626289
38	136	28.4818	-30.2754	30.9115	-0.61701
38	137	28.6055	-30.0131	30.862	-0.607759
38	138	28.72	-29.7445	30.8039	-0.598479
38	139	28.8223	-29.4684	30.7342	-0.58918
38	140	28.9093	-29.1863	30.6511	-0.579951
38	141	28.9807	-28.9016	30.5561	-0.570878
38	142	29.0391	-28.6163	30.4523	-0.561957
38	143	29.0867	-28.3294	30.3409	-0.553119
38	144	29.1228	-28.0389	30.2202	-0.544312
39	0	-14.6406	-23.5006	21.0768	-2.58635
39	1	-14.6434	-23.2691	20.9581	-2.59581
39	2	-14.648	-23.0396	20.8439	-2.60533
39	3	-14.6549	-22.8121	20.7345	-2.61494
39	4	-14.669	-22.5819	20.6321	-2.62493
39	5	-14.6919	-22.3517	20.5394	-2.63522
39	6	-14.7232	-22.1244	20.4576	-2.64568
39	7	-14.7612	-21.9018	20.3863	-2.65617
39	8	-14.804	-21.6841	20.3236	-2.66663
39	9	-14.8505	-21.4702	20.2682	-2.67706
39	10	-14.9014	-21.259	20.2203	-2.68753
39	11	-14.9608	-21.0484	20.1824	-2.6982
39	12	-15.034	-20.8401	20.1604	-2.70909
39	13	-15.1247	-20.6349	20.158	-2.72022
39	14	-15.236	-20.4312	20.1775	-2.73169
39	15	-15.3649	-20.2403	20.221	-2.74289
39	16	-15.5046	-20.0698	20.2846	-2.75331
39	17	-15.6561	-19.9174	20.3681	-2.76305
39	18	-15.8184	-19.7798	20.4689	-2.77222
39	19	-15.9874	-19.6508	20.5808	-2.78104
39	20	-16.162	-19.5275	20.7014	-2.78958
39	21	-16.3421	-19.4092	20.8304	-2.79789
39	22	-16.5271	-19.2962	20.9671	-2.80594
39	23	-16.7162	-19.189	21.111	-2.81369
39	24	-16.9083	-19.0881	21.261	-2.82109
39	25	-17.1024	-18.9934	21.4159	-2.82814
39	26	-17.2973	-18.904	21.5742	-2.83487
39	27	-17.4935	-18.8203	21.7364	-2.84127
39	28	-17.6924	-18.7434	21.904	-2.84731
39	29	-17.8953	-18.6785	22.0797	-2.85279
39	30	-18.1039	-18.627	22.2653	-2.85767
39	31	-18.319	-18.5923	22.4623	-2.86183
39	32	-18.5331	-18.5767	22.6638	-2.86511
39	33	-18.7385	-18.5834	22.8634	-2.86728
39	34	-18.9344	-18.6075	23.0585	-2.86857
39	35	-19.1229	-18.6511	23.2517	-2.86895
39	36	-19.3086	-18.7003	23.4438	-2.86907
39	37	-19.4925	-18.7581	23.6365	-2.86881
39	38	-19.6779	-18.8182	23.8313	-2.86847
39	39	-19.8651	-18.8849	24.0295	-2.8679
39	40	-20.0563	-18.9555	24.2326	-2.86723
39	41	-20.2483	-19.0326	24.4383	-2.86632
39	42	-20.4412	-19.1146	24.6464	-2.86524
39	43	-20.6347	-19.2005	24.8559	-2.86404
39	44	-20.8289	-19.2882	25.0667	-2.8628
39	45	-21.0238	-19.3782	25.279	-2.8615
39	46	-21.2214	-19.4686	25.4938	-2.86024
39	47	-21.4212	-19.5616	25.7116	-2.85892
39	48	-21.6231	-19.6586	25.9326	-2.8575
39	49	-21.8271	-19.758	26.1563	-2.85604
39	50	-22.033	-19.8579	26.382	-2.8546
39	51	-22.2396	-19.9593	26.6089	-2.85314
39	52	-22.4476	-20.0618	26.8375	-2.85169
39	53	-22.6582	-20.1656	27.069	-2.85024
39	54	-22.8719	-20.2713	27.3041	-2.84878
39	55	-23.0866	-20.3805	27.5412	-2.84723
39	56	-23.2989	-20.4958	27.7779	-2.84547
39	57	-23.4976	-20.6253	28.0058	-2.84312
39	58	-23.6485	-20.7874	28.1979	-2.8392
39	59	-23.76	-20.9917	28.3656	-2.8335
39	60	-23.8523	-21.2144	28.5217	-2.82704
39	61	-23.9336	-21.4579	28.6751	-2.81984
39	62	-24.0066	-21.7323	28.8321	-2.81161
39	63	-24.0713	-22.0509	28.9979	-2.80194
39	64	-24.1209	-22.3752	29.1542	-2.79202
39	65	-24.1532	-22.7023	29.298	-2.78191
39	66	-24.1691	-23.0281	29.4292	-2.77173
39	67	-24.1721	-23.3526	29.5508	-2.76153
39	68	-24.1628	-23.6778	29.6644	-2.75124
39	69	-24.1386	-24.0046	29.7679	-2.74078
39	70	-24.0973	-24.3299	29.8584	-2.7302
39	71	-24.0409	-24.6504	29.9366	-2.71964
39	72	-23.973	-24.9664	30.0058	-2.7091
39	73	-23.8945	-25.2803	30.0677	-2.69853
39	74	-23.8025	-25.5931	30.1205	-2.68784
39	75	-23.6943	-25.9024	30.1605	-2.67705
39	76	-23.5709	-26.2044	30.1872	-2.66627
39	77	-23.4358	-26.4986	30.2035	-2.65556
39	78	-23.2906	-26.7873	30.2117	-2.64487
39	79	-23.1333	-27.0715	30.2106	-2.63412
39	80	-22.962	-27.3493	30.1976	-2.62332
39	81	-22.778	-27.6174	30.1723	-2.61258
39	82	-22.5842	-27.8759	30.1372	-2.60193
39	83	-22.3816	-28.1269	30.0941	-2.59132
39	84	-22.1684	-28.3709	30.0417	-2.58068
39	85	-21.9436	-28.6058	29.9779	-2.57006
39	86	-21.7092	-28.8293	29.9033	-2.55953
39	87	-21.4679	-29.0415	29.8201	-2.54914
39	88	-21.2487	-29.2148	29.7361	-2.54019
39	89	-21.0428	-29.358	29.6484	-2.53227
39	90	-20.8426	-29.4772	29.5531	-2.52509
39	91	-20.6404	-29.5721	29.4437	-2.51849
39	92	-20.4338	-29.6253	29.3074	-2.5129
39	93	-20.2184	-29.619	29.1297	-2.50873
39	94	-19.9914	-29.5632	28.9139	-2.50564
39	95	-19.7638	-29.5111	28.7	-2.50239
39	96	-19.5406	-29.4506	28.4849	-2.49942
39	97	-19.3207	-29.3879	28.2713	-2.49654
39	98	-19.1028	-29.325	28.0595	-2.49366
39	99	-18.8858	-29.2619	27.8485	-2.49077
39	100	-18.6692	-29.1977	27.6374	-2.48786
39	101	-18.4534	-29.1314	27.426	-2.485
39	102	-18.2396	-29.0628	27.2148	-2.4822
39	103	-18.0284	-28.9921	27.0046	-2.47947
39	104	-17.8192	-28.9201	26.7955	-2.4768
39	105	-17.613	-28.8482	26.5889	-2.47414
39	106	-17.408	-28.7754	26.383	-2.4715
39	107	-17.2067	-28.7003	26.1786	-2.46897
39	108	-17.0089	-28.622	25.9752	-2.46658
39	109	-16.8163	-28.538	25.7724	-2.46446
39	110	-16.6294	-28.4522	25.573	-2.4625
39	111	-16.4487	-28.3613	25.3754	-2.46081
39	112	-16.2716	-28.2671	25.1785	-2.45929
39	113	-16.0989	-28.1641	24.9795	-2.45813
39	114	-15.9312	-28.0512	24.7782	-2.45739
39	115	-15.7729	-27.9159	24.5701	-2.45758
39	116	-15.6224	-27.7534	24.3507	-2.45885
39	117	-15.479	-27.5641	24.1201	-2.46119
39	118	-15.355	-27.3669	23.8997	-2.46434
39	119	-15.2489	-27.1614	23.6885	-2.46829
39	120	-15.1617	-26.9457	23.4861	-2.47316
39	121	-15.0886	-26.724	23.2916	-2.47868
39	122	-15.0241	-26.4993	23.103	-2.48463
39	123	-14.966	-26.2729	22.9192	-2.4909
39	124	-14.9124	-26.0454	22.7391	-2.49744
39	125	-14.8633	-25.8153	22.5623	-2.50428
39	126	-14.8208	-25.5834	22.3907	-2.51148
39	127	-14.784	-25.352	22.2252	-2.51891
39	128	-14.7513	-25.1233	22.0659	-2.52647
39	129	-14.7235	-24.8932	21.9111	-2.53431
39	130	-14.6992	-24.6626	21.7602	-2.54238
39	131	-14.6774	-24.4319	21.6129	-2.55062
39	132	-14.6586	-24.2021	21.47	-2.55903
39	133	-14.6464	-23.9686	21.3321	-2.56785
39	134	-14.6409	-23.734	21.2011	-2.57701
43	0	24.5933	-37.2462	32.7492	-0.861754
43	1	24.6222	-36.9526	32.546	-0.855205
43	2	24.6391	-36.6565	32.3343	-0.848803
43	3	24.6421	-36.3595	32.1139	-0.842622
43	4	24.6318	-36.0642	31.8872	-0.8367
43	5	24.6105	-35.7713	31.656	-0.831
43	6	24.5798	-35.4798	31.4205	-0.825468
43	7	24.5385	-35.1889	31.1792	-0.820113
43	8	24.4861	-34.934	30.9573	-0.815733
43	9	24.4213	-34.7059	30.747	-0.812184
43	10	24.3436	-34.4976	30.5424	-0.809339
43	11	24.2482	-34.3055	30.3377	-0.807247
43	12	24.1213	-34.1432	30.1327	-0.806564
43	13	23.9531	-34.0079	29.9186	-0.807494
43	14	23.7621	-33.8871	29.6993	-0.809328
43	15	23.5669	-33.7731	29.4822	-0.811454
43	16	23.3722	-33.6599	29.2661	-0.813613
43	17	23.1769	-33.5481	29.0508	-0.815856
43	18	22.982	-33.4356	28.8354	-0.818106
43	19	22.7871	-33.3244	28.6211	-0.820422
43	20	22.5935	-33.2146	28.4088	-0.82277
43	21	22.4015	-33.1071	28.1995	-0.825166
43	22	22.212	-33.0003	27.9926	-0.827554
43	23	22.0237	-32.8951	27.7878	-0.829981
43	24	21.8356	-32.7917	27.5846	-0.832484
43	25	21.6475	-32.6898	27.3828	-0.835058
43	26	21.4611	-32.5875	27.1819	-0.837614
43	27	21.2754	-32.4878	26.9836	-0.840259
43	28	21.0905	-32.3914	26.7886	-0.842997
43	29	20.9067	-32.2976	26.5964	-0.845812
43	30	20.7242	-32.2049	26.4061	-0.848655
43	31	20.5417	-32.1148	26.218	-0.851609
43	32	20.3617	-32.0266	26.0331	-0.854577
43	33	20.1826	-31.9437	25.8531	-0.857697
43	34	20.0056	-31.8639	25.6771	-0.860879
43	35	19.8276	-31.7943	25.5084	-0.864391
43	36	19.653	-31.7243	25.3421	-0.867838
43	37	19.4751	-31.6679	25.1842	-0.87178
43	38	19.2953	-31.6138	25.0273	-0.875892
43	39	19.1047	-31.5815	24.8807	-0.880942
43	40	18.9038	-31.559	24.7359	-0.886628
43	41	18.6901	-31.5569	24.5999	-0.893306
43	42	18.4815	-31.5693	24.4793	-0.900265
43	43	18.2762	-31.5992	24.3758	-0.907623
43	44	18.0731	-31.6447	24.2874	-0.915367
43	45	17.8716	-31.7079	24.2154	-0.923556
43	46	17.6727	-31.7817	24.1552	-0.931968
43	47	17.477	-31.8623	24.1041	-0.940478
43	48	17.2847	-31.9461	24.0594	-0.94899
43	49	17.0954	-32.0327	24.0204	-0.957494
43	50	16.9081	-32.1222	23.9866	-0.966027
43	51	16.7235	-32.2153	23.9592	-0.974574
43	52	16.5415	-32.3105	23.9366	-0.983098
43	53	16.3631	-32.411	23.9222	-0.991636
43	54	16.1894	-32.5151	23.9151	-1.0001
43	55	16.0204	-32.6207	23.9135	-1.00843
43	56	15.8552	-32.7287	23.9176	-1.01668
43	57	15.6939	-32.8395	23.9278	-1.02485
43	58	15.5361	-32.9534	23.944	-1.03295
43	59	15.3832	-33.0733	23.9694	-1.04099
43	60	15.2335	-33.2006	24.0043	-1.04906
43	61	15.0932	-33.3427	24.0584	-1.05706
43	62	14.9589	-33.5021	24.132	-1.06515
43	63	14.8368	-33.6824	24.2314	-1.07316
43	64	14.7334	-33.8655	24.3435	-1.08048
43	65	14.6489	-34.0539	24.4705	-1.08716
43	66	14.5804	-34.2475	24.6105	-1.09328
43	67	14.5247	-34.4452	24.7609	-1.09894
43	68	14.4757	-34.6444	24.9163	-1.10433
43	69	14.4334	-34.8462	25.078	-1.10946
43	70	14.3961	-35.0498	25.244	-1.11437
43	71	14.364	-35.2547	25.414	-1.11906
43	72	14.3361	-35.4601	25.5869	-1.12354
43	73	14.3142	-35.6658	25.7631	-1.12776
43	74	14.298	-35.8698	25.9407	-1.1317
43	75	14.2874	-36.074	26.1212	-1.13539
43	76	14.2817	-36.2767	26.3027	-1.13884
43	77	14.2777	-36.4771	26.4831	-1.14214
43	78	14.2786	-36.6791	26.6674	-1.14526
43	79	14.2829	-36.8812	26.8534	-1.14822
43	80	14.2916	-37.082	27.0402	-1.15097
43	81	14.3069	-37.2847	27.2316	-1.15349
43	82	14.3279	-37.4865	27.4247	-1.15577
43	83	14.3536	-37.6854	27.6171	-1.15782
43	84	14.3804	-37.8803	27.8064	-1.15976
43	85	14.4132	-38.0749	27.998	-1.16146
43	86	14.447	-38.2685	28.1891	-1.16309
43	87	14.4869	-38.4593	28.38	-1.16447
43	88	14.5297	-38.652	28.574	-1.16576
43	89	14.5827	-38.8424	28.7699	-1.16667
43	90	14.6361	-39.0306	28.964	-1.16753
43	91	14.697	-39.2127	29.1554	-1.16806
43	92	14.7609	-39.3932	29.3464	-1.16847
43	93	14.8319	-39.5689	29.536	-1.16859
43	94	14.9046	-39.7418	29.7235	-1.16861
43	95	14.9826	-39.9107	29.9094	-1.16842
43	96	15.0636	-40.0795	30.0965	-1.16814
43	97	15.1553	-40.2444	30.2842	-1.16749
43	98	15.2569	-40.4058	30.4725	-1.1665
43	99	15.3812	-40.5595	30.6627	-1.16475
43	100	15.5283	-40.7061	30.8556	-1.16225
43	101	15.6907	-40.8384	31.0417	-1.15914
43	102	15.8604	-40.9533	31.2151	-1.15563
43	103	16.0398	-41.0482	31.3745	-1.15162
43	104	16.2307	-41.1258	31.5235	-1.14709
43	105	16.426	-41.1934	31.6657	-1.14234
43	106	16.6236	-41.2552	31.8044	-1.1375
43	107	16.8225	-41.314	31.9417	-1.13262
43	108	17.0226	-41.3702	32.0778	-1.12772
43	109	17.2248	-41.4225	32.2121	-1.12274
43	110	17.4286	-41.4698	32.3435	-1.11769
43	111	17.6328	-41.5124	32.4716	-1.11261
43	112	17.8363	-41.5509	32.5966	-1.10754
43	113	18.0386	-41.5862	32.7189	-1.10249
43	114	18.2401	-41.6193	32.8399	-1.09747
43	115	18.4416	-41.6503	32.9597	-1.09245
43	116	18.6439	-41.6795	33.0792	-1.08743
43	117	18.8472	-41.7055	33.1971	-1.08237
43	118	19.0508	-41.7287	33.3136	-1.0773
43	119	19.2541	-41.7478	33.4271	-1.07222
43	120	19.4563	-41.7646	33.539	-1.06716
43	121	19.6573	-41.7787	33.6488	-1.06213
43	122	19.8577	-41.7923	33.7587	-1.05714
43	123	20.0583	-41.8039	33.8677	-1.05215
43	124	20.2594	-41.8145	33.9771	-1.04717
43	125	20.4612	-41.8215	34.0845	-1.04214
43	126	20.663	-41.8257	34.1903	-1.03711
43	127	20.8642	-41.825	34.2925	-1.03205
43	128	21.0642	-41.8213	34.3923	-1.027
43	129	21.2609	-41.815	34.4892	-1.02202
43	130	21.4552	-41.807	34.5841	-1.01711
43	131	21.6457	-41.7944	34.674	-1.01225
43	132	21.8318	-41.7709	34.7531	-1.00735
43	133	22.0147	-41.7609	34.8427	-1.00276
43	134	22.1756	-41.7036	34.8814	-0.997985
43	135	22.3269	-41.591	34.8692	-0.992588
43	136	22.4913	-41.4832	34.8694	-0.986949
43	137	22.652	-41.3511	34.8484	-0.981012
43	138	22.8137	-41.1915	34.8064	-0.9746
43	139	22.9817	-40.9991	34.7423	-0.967491
43	140	23.1626	-40.7672	34.6552	-0.959395
43	141	23.3353	-40.5296	34.5609	-0.951358
43	142	23.5007	-40.2858	34.4595	-0.943341
43	143	23.6576	-40.0343	34.3491	-0.935344
43	144	23.8034	-39.7749	34.228	-0.927418
43	145	23.9367	-39.51	34.097	-0.919629
43	146	24.0587	-39.2415	33.9584	-0.911979
43	147	24.1712	-38.9694	33.8131	-0.904423
43	148	24.2744	-38.6922	33.6599	-0.896923
43	149	24.3659	-38.4085	33.4963	-0.889502
43	150	24.4429	-38.1196	33.3212	-0.882247
43	151	24.5048	-37.8286	33.1367	-0.875224
43	152	24.5541	-37.5377	32.9457	-0.868415
44	0	-10.8796	-35.7204	27.2859	-2.11597
44	1	-10.8678	-35.5011	27.0924	-2.1198
44	2	-10.8606	-35.2817	26.9017	-2.12383
44	3	-10.8583	-35.0636	26.7152	-2.12804
44	4	-10.8584	-34.8438	26.5289	-2.13243
44	5	-10.8608	-34.6231	26.3437	-2.13696
44	6	-10.8662	-34.4023	26.1605	-2.14166
44	7	-10.875	-34.1816	25.9799	-2.14654
44	8	-10.8858	-33.9583	25.7988	-2.1516
44	9	-10.9002	-33.733	25.6187	-2.1569
44	10	-10.9202	-33.5068	25.4417	-2.16247
44	11	-10.9475	-33.2815	25.2704	-2.16834
44	12	-10.9822	-33.0589	25.1064	-2.17447
44	13	-11.0262	-32.8407	24.9522	-2.18089
44	14	-11.0821	-32.6281	24.8106	-2.18765
44	15	-11.1511	-32.4193	24.6808	-2.19482
44	16	-11.2339	-32.2131	24.5626	-2.20246
44	17	-11.3344	-32.0077	24.4569	-2.21073
44	18	-11.4466	-31.8185	24.373	-2.21906
44	19	-11.57	-31.6423	24.3079	-2.22749
44	20	-11.7059	-31.4776	24.2614	-2.23607
44	21	-11.8536	-31.3228	24.2316	-2.24481
44	22	-12.0085	-31.1746	24.2135	-2.25362
44	23	-12.167	-31.0309	24.2029	-2.26245
44	24	-12.3271	-30.8906	24.198	-2.27125
44	25	-12.4882	-30.7523	24.197	-2.28002
44	26	-12.6505	-30.6151	24.1996	-2.2888
44	27	-12.8144	-30.4802	24.2066	-2.29757
44	28	-12.9798	-30.3477	24.2185	-2.30631
44	29	-13.1467	-30.2182	24.2353	-2.315
44	30	-13.3151	-30.0937	24.2587	-2.32358
44	31	-13.4836	-29.9736	24.2872	-2.33203
44	32	-13.6518	-29.8575	24.32	-2.34033
44	33	-13.819	-29.7434	24.3552	-2.34852
44	34	-13.9867	-29.6316	24.394	-2.35663
44	35	-14.1547	-29.5206	24.4351	-2.3647
44	36	-14.3255	-29.4133	24.4826	-2.37272
44	37	-14.4994	-29.3109	24.5371	-2.38065
44	38	-14.6807	-29.2217	24.6076	-2.38835
44	39	-14.87	-29.1483	24.6961	-2.39577
44	40	-15.0697	-29.0903	24.8041	-2.40294
44	41	-15.2804	-29.0461	24.9308	-2.40995
44	42	-15.4851	-29.0228	25.068	-2.4161
44	43	-15.6863	-29.0155	25.214	-2.4216
44	44	-15.8853	-29.0303	25.3737	-2.42634
44	45	-16.0859	-29.0622	25.5463	-2.43055
44	46	-16.2858	-29.1047	25.7257	-2.43437
44	47	-16.4858	-29.1513	25.9082	-2.43802
44	48	-16.6855	-29.2019	26.0934	-2.44149
44	49	-16.8862	-29.2548	26.2811	-2.44487
44	50	-17.0862	-29.3102	26.4701	-2.44811
44	51	-17.2857	-29.3672	26.6601	-2.45125
44	52	-17.4836	-29.4255	26.85	-2.45427
44	53	-17.6794	-29.4842	27.0387	-2.45718
44	54	-17.8731	-29.5422	27.2255	-2.46003
44	55	-18.0641	-29.6011	27.4111	-2.46275
44	56	-18.252	-29.6612	27.5952	-2.46534
44	57	-18.4407	-29.7241	27.7818	-2.46782
44	58	-18.6294	-29.7885	27.9695	-2.47023
44	59	-18.817	-29.8533	28.1568	-2.47257
44	60	-19.0019	-29.9202	28.3433	-2.47477
44	61	-19.1841	-29.9865	28.5275	-2.47689
44	62	-19.3623	-30.0549	28.7101	-2.47885
44	63	-19.538	-30.1221	28.89	-2.48075
44	64	-19.7099	-30.1918	29.0685	-2.48249
44	65	-19.879	-30.2626	29.2457	-2.48412
44	66	-20.0416	-30.3408	29.4222	-2.48539
44	67	-20.2074	-30.4063	29.5935	-2.48705
44	68	-20.3398	-30.5068	29.7597	-2.48708
44	69	-20.4475	-30.6555	29.9357	-2.48533
44	70	-20.5417	-30.8235	30.113	-2.48282
44	71	-20.6292	-31.0115	30.2974	-2.47968
44	72	-20.7168	-31.224	30.4973	-2.47595
44	73	-20.8058	-31.4701	30.7196	-2.47144
44	74	-20.8964	-31.7597	30.971	-2.46593
44	75	-20.9798	-32.0522	31.2195	-2.46029
44	76	-21.0556	-32.3487	31.4655	-2.45449
44	77	-21.1211	-32.6497	31.7077	-2.44846
44	78	-21.1739	-32.9536	31.9432	-2.4422
44	79	-21.2144	-33.2578	32.1707	-2.43577
44	80	-21.2449	-33.5612	32.3914	-2.42925
44	81	-21.2671	-33.8646	32.6071	-2.42265
44	82	-21.2806	-34.1694	32.8188	-2.41594
44	83	-21.2837	-34.4757	33.0252	-2.40906
44	84	-21.2751	-34.7819	33.2244	-2.40204
44	85	-21.2558	-35.0862	33.4161	-2.39492
44	86	-21.2279	-35.3884	33.6017	-2.38775
44	87	-21.1921	-35.6897	33.7827	-2.38053
44	88	-21.1474	-35.9913	33.9592	-2.37319
44	89	-21.0913	-36.2928	34.1294	-2.36569
44	90	-21.0224	-36.5921	34.2908	-2.35806
44	91	-20.9422	-36.8869	34.4431	-2.35035
44	92	-20.8531	-37.1774	34.5881	-2.34261
44	93	-20.7563	-37.4649	34.7277	-2.33484
44	94	-20.651	-37.7505	34.8621	-2.32699
44	95	-20.5356	-38.0332	34.9897	-2.31905
44	96	-20.4092	-38.3106	35.1081	-2.31103
44	97	-20.2853	-38.5433	35.1972	-2.30398
44	98	-20.1623	-38.7421	35.2634	-2.29761
44	99	-20.0387	-38.917	35.3126	-2.2917
44	100	-19.9133	-39.0773	35.3508	-2.28605
44	101	-19.7822	-39.2272	35.3785	-2.28047
44	102	-19.6387	-39.3646	35.3898	-2.27487
44	103	-19.4687	-39.4587	35.352	-2.26948
44	104	-19.2613	-39.5173	35.264	-2.26391
44	105	-19.0529	-39.5663	35.169	-2.25846
44	106	-18.8453	-39.6147	35.0752	-2.25301
44	107	-18.6383	-39.6622	34.982	-2.24756
44	108	-18.432	-39.7085	34.8895	-2.24212
44	109	-18.2284	-39.7552	34.7999	-2.2367
44	110	-18.0261	-39.8011	34.7116	-2.2313
44	111	-17.8254	-39.8439	34.6227	-2.22597
44	112	-17.6255	-39.8859	34.5347	-2.22063
44	113	-17.4259	-39.9284	34.4482	-2.21527
44	114	-17.2253	-39.9687	34.3605	-2.2099
44	115	-17.0235	-40.0064	34.2708	-2.20452
44	116	-16.8219	-40.0416	34.1804	-2.19916
44	117	-16.6197	-40.0748	34.0888	-2.19379
44	118	-16.4188	-40.1061	33.9975	-2.18845
44	119	-16.218	-40.1361	33.9062	-2.18311
44	120	-16.0172	-40.1651	33.8149	-2.17776
44	121	-15.8143	-40.1926	33.7224	-2.17235
44	122	-15.611	-40.2181	33.6288	-2.16694
44	123	-15.4083	-40.241	33.5344	-2.16155
44	124	-15.2054	-40.2606	33.4382	-2.15619
44	125	-15.0045	-40.2762	33.3406	-2.1509
44	126	-14.8068	-40.2895	33.2438	-2.14571
44	127	-14.6109	-40.2993	33.1459	-2.14059
44	128	-14.4188	-40.3086	33.0506	-2.13555
44	129	-14.2287	-40.3136	32.9535	-2.13059
44	130	-14.0397	-40.3186	32.8577	-2.12564
44	131	-13.8516	-40.3145	32.7556	-2.12082
44	132	-13.6635	-40.3058	32.6502	-2.11605
44	133	-13.4745	-40.274	32.5253	-2.11159
44	134	-13.2797	-40.2225	32.3812	-2.10725
44	135	-13.0828	-40.148	32.2168	-2.10318
44	136	-12.8787	-40.0531	32.0317	-2.09919
44	137	-12.685	-39.9452	31.841	-2.09565
44	138	-12.4982	-39.8273	31.6456	-2.0924
44	139	-12.3178	-39.698	31.4437	-2.08948
44	140	-12.1425	-39.5595	31.2366	-2.0868
44	141	-11.9752	-39.4102	31.0243	-2.08449
44	142	-11.8159	-39.2462	30.8032	-2.0826
44	143	-11.6661	-39.0665	30.5733	-2.08121
44	144	-11.5267	-38.8661	30.3303	-2.08042
44	145	-11.4128	-38.6644	30.0987	-2.08039
44	146	-11.3272	-38.4634	29.8815	-2.08117
44	147	-11.262	-38.2594	29.6716	-2.08261
44	148	-11.2086	-38.0543	29.4667	-2.08444
44	149	-11.1618	-37.8488	29.2648	-2.0865
44	150	-11.119	-37.6423	29.0641	-2.08872
44	151	-11.0789	-37.4343	28.8636	-2.09108
44	152	-11.0415	-37.2241	28.6627	-2.09359
44	153	-11.0074	-37.0118	28.4619	-2.09628
44	154	-10.9776	-36.7981	28.2621	-2.09916
44	155	-10.9523	-36.584	28.0646	-2.10223
44	156	-10.9311	-36.3707	27.8701	-2.10545
44	157	-10.912	-36.1555	27.6754	-2.10882
44	158	-10.8947	-35.9387	27.4805	-2.11232
48	0	22.894	-44.3341	37.4904	-1.01991
48	1	22.8141	-44.0459	37.203	-1.01769
48	2	22.7236	-43.7626	36.9145	-1.01574
48	3	22.6231	-43.4834	36.6244	-1.01405
48	4	22.5236	-43.2463	36.3706	-1.01293
48	5	22.4207	-43.0424	36.143	-1.01236
48	6	22.311	-42.8643	35.9339	-1.01233
48	7	22.1918	-42.7061	35.7366	-1.01281
48	8	22.0597	-42.5649	35.5468	-1.01386
48	9	21.8911	-42.4844	35.3895	-1.0167
48	10	21.685	-42.4595	35.2603	-1.0213
48	11	21.4751	-42.4474	35.1407	-1.02621
48	12	21.2658	-42.44	35.0264	-1.03121
48	13	21.0583	-42.4323	34.9137	-1.0362
48	14	20.8532	-42.4233	34.8019	-1.04114
48	15	20.6501	-42.4161	34.6935	-1.04609
48	16	20.4489	-42.4048	34.5833	-1.05096
48	17	20.2456	-42.3901	34.4699	-1.05586
48	18	20.0406	-42.3747	34.356	-1.06084
48	19	19.8349	-42.363	34.2459	-1.06591
48	20	19.6299	-42.3497	34.1355	-1.07098
48	21	19.4261	-42.334	34.0244	-1.07602
48	22	19.2226	-42.3202	33.9162	-1.0811
48	23	19.0194	-42.3029	33.8057	-1.08617
48	24	18.816	-42.2799	33.691	-1.09119
48	25	18.6123	-42.2549	33.5753	-1.09623
48	26	18.4087	-42.234	33.4641	-1.10136
48	27	18.2066	-42.2123	33.3538	-1.10647
48	28	18.0068	-42.1869	33.242	-1.1115
48	29	17.8091	-42.1572	33.1281	-1.11645
48	30	17.6126	-42.1238	33.0123	-1.12135
48	31	17.4166	-42.0903	32.8973	-1.12628
48	32	17.2206	-42.0594	32.7856	-1.13127
48	33	17.0258	-42.0297	32.6762	-1.13628
48	34	16.8329	-42.002	32.5702	-1.14129
48	35	16.6422	-41.9766	32.4682	-1.14631
48	36	16.4538	-41.9539	32.3703	-1.15132
48	37	16.2684	-41.9317	32.2749	-1.15629
48	38	16.0848	-41.911	32.1824	-1.16125
48	39	15.9013	-41.8942	32.0944	-1.16629
48	40	15.7168	-41.8858	32.0145	-1.17148
48	41	15.5303	-41.8967	31.9525	-1.17699
48	42	15.3405	-41.9376	31.918	-1.18297
48	43	15.1491	-42.0031	31.9069	-1.1893
48	44	14.9527	-42.0962	31.9209	-1.1961
48	45	14.7712	-42.208	31.9592	-1.20267
48	46	14.6048	-42.3364	32.0198	-1.20896
48	47	14.4502	-42.4793	32.0993	-1.21504
48	48	14.3041	-42.6304	32.1906	-1.22093
48	49	14.1638	-42.7865	32.2897	-1.22667
48	50	14.0283	-42.9469	32.3954	-1.23227
48	51	13.9002	-43.1138	32.5108	-1.2377
48	52	13.7829	-43.2883	32.6378	-1.24284
48	53	13.6796	-43.4735	32.7803	-1.24764
48	54	13.5955	-43.6711	32.9412	-1.25197
48	55	13.5305	-43.8825	33.1219	-1.25583
48	56	13.4891	-44.0895	33.306	-1.25894
48	57	13.4687	-44.2912	33.4918	-1.26137
48	58	13.4635	-44.4915	33.6811	-1.26333
48	59	13.4668	-44.6919	33.8731	-1.26502
48	60	13.4748	-44.8935	34.0678	-1.26658
48	61	13.4855	-45.0976	34.2658	-1.26807
48	62	13.4991	-45.3051	34.4679	-1.26948
48	63	13.5178	-45.5144	34.6734	-1.27076
48	64	13.5418	-45.7246	34.8813	-1.27189
48	65	13.5699	-45.9346	35.0903	-1.27288
48	66	13.6005	-46.1441	35.2995	-1.2738
48	67	13.6322	-46.3533	35.5089	-1.27467
48	68	13.6644	-46.5634	35.7193	-1.27552
48	69	13.697	-46.7757	35.9319	-1.27637
48	70	13.731	-46.9887	36.1456	-1.27718
48	71	13.7678	-47.2031	36.3615	-1.27792
48	72	13.8093	-47.4164	36.5777	-1.27852
48	73	13.8555	-47.6274	36.7931	-1.27897
48	74	13.9048	-47.8356	37.0066	-1.27931
48	75	13.9558	-48.0409	37.2179	-1.27958
48	76	14.0074	-48.2442	37.4275	-1.27982
48	77	14.0597	-48.4464	37.6362	-1.28003
48	78	14.1137	-48.6476	37.8444	-1.28019
48	79	14.1704	-48.8471	38.0518	-1.28026
48	80	14.23	-49.0435	38.2571	-1.28024
48	81	14.291	-49.2408	38.4636	-1.28019
48	82	14.3524	-49.4382	38.6703	-1.28013
48	83	14.4138	-49.6356	38.877	-1.28007
48	84	14.4757	-49.8336	39.0844	-1.28001
48	85	14.5389	-50.0325	39.2931	-1.27992
48	86	14.6047	-50.2322	39.5033	-1.27978
48	87	14.674	-50.4318	39.7143	-1.27955
48	88	14.7469	-50.6299	39.925	-1.27922
48	89	14.8228	-50.8255	40.1343	-1.27881
48	90	14.9006	-51.0186	40.3415	-1.27834
48	91	14.9791	-51.2128	40.5502	-1.27787
48	92	15.0584	-51.4088	40.7607	-1.27739
48	93	15.1397	-51.6066	40.9735	-1.27689
48	94	15.2244	-51.8053	41.1883	-1.27632
48	95	15.3176	-52.0023	41.4039	-1.27555
48	96	15.4473	-52.1477	41.5808	-1.27358
48	97	15.6148	-52.2452	41.7233	-1.27043
48	98	15.7916	-52.3239	41.851	-1.26695
48	99	15.9784	-52.3864	41.9669	-1.26315
48	100	16.1796	-52.4314	42.071	-1.25891
48	101	16.4014	-52.4579	42.1648	-1.2541
48	102	16.6512	-52.4664	42.2513	-1.24854
48	103	16.9391	-52.4581	42.3355	-1.24203
48	104	17.2278	-52.4392	42.4118	-1.23544
48	105	17.5179	-52.408	42.4788	-1.22875
48	106	17.8076	-52.3618	42.5334	-1.22197
48	107	18.0941	-52.3002	42.5744	-1.21515
48	108	18.3758	-52.2258	42.6037	-1.20835
48	109	18.6537	-52.1408	42.6238	-1.20154
48	110	18.9292	-52.045	42.6348	-1.19471
48	111	19.2021	-51.9355	42.6342	-1.18781
48	112	19.4696	-51.8103	42.6191	-1.18089
48	113	19.7286	-51.6711	42.5898	-1.17402
48	114	19.9792	-51.5216	42.5498	-1.16723
48	115	20.2236	-51.364	42.5018	-1.16049
48	116	20.4634	-51.1976	42.4458	-1.15374
48	117	20.6979	-51.0194	42.3788	-1.14698
48	118	20.9237	-50.8276	42.2978	-1.14025
48	119	21.1381	-50.6239	42.2031	-1.13362
48	120	21.3412	-50.4118	42.0979	-1.12712
48	121	21.5358	-50.1931	41.9847	-1.12069
48	122	21.7224	-49.966	41.8622	-1.11432
48	123	21.8997	-49.7287	41.7282	-1.108
48	124	22.0649	-49.4812	41.5813	-1.10178
48	125	22.2163	-49.2263	41.4231	-1.09574
48	126	22.3554	-48.9667	41.2566	-1.08987
48	127	22.4844	-48.7025	41.0828	-1.08411
48	128	22.6038	-48.4321	40.9003	-1.07844
48	129	22.7113	-48.154	40.7066	-1.07288
48	130	22.8039	-47.8698	40.5017	-1.06752
48	131	22.8814	-47.5827	40.2882	-1.0624
48	132	22.9467	-47.2948	40.069	-1.05748
48	133	23.002	-47.0053	39.8444	-1.0527
48	134	23.0472	-46.712	39.6124	-1.04804
48	135	23.079	-46.4139	39.3703	-1.04356
48	136	23.0942	-46.1127	39.1181	-1.03935
48	137	23.0925	-45.8125	38.8587	-1.03547
48	138	23.0772	-45.515	38.5953	-1.03188
48	139	23.0507	-45.2192	38.3279	-1.02852
48	140	23.0125	-44.9232	38.055	-1.02536
48	141	22.9607	-44.6274	37.7753	-1.02247
49	0	-13.5202	-45.0425	36.7164	-2.04575
49	1	-13.4875	-44.8597	36.5389	-2.04724
49	2	-13.457	-44.6774	36.363	-2.04879
49	3	-13.4278	-44.4961	36.1886	-2.05038
49	4	-13.4	-44.3158	36.0159	-2.052
49	5	-13.3754	-44.1326	35.8421	-2.05376
49	6	-13.355	-43.947	35.6684	-2.05567
49	7	-13.3394	-43.7603	35.496	-2.05773
49	8	-13.3284	-43.5737	35.326	-2.05993
49	9	-13.3216	-43.3884	35.1594	-2.06224
49	10	-13.3178	-43.2054	34.9964	-2.06461
49	11	-13.3166	-43.0251	34.8371	-2.06703
49	12	-13.3195	-42.8448	34.6801	-2.06958
49	13	-13.3263	-42.6649	34.5255	-2.07225
49	14	-13.3368	-42.4855	34.3733	-2.07502
49	15	-13.3502	-42.3066	34.2232	-2.07789
49	16	-13.368	-42.1282	34.0761	-2.08089
49	17	-13.3929	-41.9512	33.934	-2.08408
49	18	-13.4348	-41.7794	33.8051	-2.08765
49	19	-13.5041	-41.6165	33.6981	-2.09183
49	20	-13.6008	-41.4627	33.6132	-2.0966
49	21	-13.7123	-41.3319	33.5564	-2.10143
49	22	-13.8409	-41.2289	33.533	-2.1063
49	23	-13.9874	-41.1545	33.5442	-2.11118
49	24	-14.1458	-41.1001	33.5795	-2.11606
49	25	-14.3105	-41.0583	33.6296	-2.12089
49	26	-14.478	-41.0227	33.6871	-2.12568
49	27	-14.6458	-40.9889	33.7472	-2.13044
49	28	-14.8138	-40.959	33.8114	-2.13512
49	29	-14.9809	-40.9292	33.876	-2.13976
49	30	-15.1476	-40.8984	33.9401	-2.14438
49	31	-15.3158	-40.8732	34.0107	-2.14894
49	32	-15.4836	-40.8469	34.0807	-2.15348
49	33	-15.6503	-40.8194	34.1498	-2.158
49	34	-15.8187	-40.7943	34.2225	-2.16251
49	35	-15.9868	-40.7697	34.2963	-2.16698
49	36	-16.1534	-40.7454	34.37	-2.17138
49	37	-16.3173	-40.722	34.4437	-2.17569
49	38	-16.4822	-40.6978	34.5179	-2.18002
49	39	-16.6468	-40.6686	34.5884	-2.18441
49	40	-16.8106	-40.6365	34.6568	-2.1888
49	41	-16.9737	-40.6066	34.7273	-2.19313
49	42	-17.1393	-40.5761	34.7994	-2.19751
49	43	-17.3058	-40.5443	34.8716	-2.20191
49	44	-17.4727	-40.5162	34.9477	-2.20624
49	45	-17.6374	-40.4843	35.0202	-2.21057
49	46	-17.7995	-40.4477	35.0878	-2.21489
49	47	-17.9652	-40.4156	35.162	-2.21921
49	48	-18.1327	-40.3815	35.2363	-2.22359
49	49	-18.3017	-40.3463	35.3113	-2.22799
49	50	-18.4718	-40.3129	35.3892	-2.23237
49	51	-18.6416	-40.2797	35.4677	-2.23673
49	52	-18.8096	-40.2471	35.5461	-2.24101
49	53	-18.974	-40.2155	35.6238	-2.24518
49	54	-19.1336	-40.1848	35.6997	-2.24921
49	55	-19.2917	-40.1571	35.7776	-2.25313
49	56	-19.4476	-40.1344	35.8586	-2.25691
49	57	-19.5998	-40.1096	35.9361	-2.26062
49	58	-19.744	-40.0727	35.9997	-2.26436
49	59	-19.8822	-40.0731	36.0885	-2.2673
49	60	-19.998	-40.1109	36.1918	-2.26908
49	61	-20.1116	-40.1994	36.3327	-2.26991
49	62	-20.2118	-40.3136	36.4845	-2.27
49	63	-20.3065	-40.4471	36.6477	-2.26963
49	64	-20.4035	-40.6016	36.8284	-2.26895
49	65	-20.509	-40.7824	37.0347	-2.268
49	66	-20.6275	-40.9977	37.2759	-2.26672
49	67	-20.7613	-41.2586	37.5619	-2.26501
49	68	-20.8821	-41.5279	37.8463	-2.26291
49	69	-20.9865	-41.8027	38.1246	-2.26041
49	70	-21.0756	-42.0794	38.3949	-2.25762
49	71	-21.1526	-42.3569	38.6585	-2.25461
49	72	-21.2193	-42.6364	38.9175	-2.2514
49	73	-21.2745	-42.9194	39.1724	-2.24795
49	74	-21.3163	-43.2053	39.4217	-2.24423
49	75	-21.3436	-43.4918	39.6629	-2.24026
49	76	-21.3581	-43.7766	39.8957	-2.23612
49	77	-21.3621	-44.0601	40.1215	-2.23184
49	78	-21.356	-44.3437	40.342	-2.2274
49	79	-21.3373	-44.629	40.557	-2.22274
49	80	-21.3024	-44.915	40.7637	-2.2178
49	81	-21.2493	-45.1981	40.9581	-2.2126
49	82	-21.1803	-45.4747	41.139	-2.20723
49	83	-21.099	-45.7445	41.3082	-2.20177
49	84	-21.0077	-46.0092	41.4688	-2.19623
49	85	-20.906	-46.2706	41.6218	-2.19057
49	86	-20.7918	-46.5283	41.766	-2.18476
49	87	-20.6637	-46.7802	41.8988	-2.1788
49	88	-20.5228	-47.0235	42.0188	-2.17273
49	89	-20.3718	-47.2579	42.1272	-2.16663
49	90	-20.2123	-47.4845	42.2261	-2.16049
49	91	-20.0447	-47.7053	42.3172	-2.1543
49	92	-19.8668	-47.9199	42.3991	-2.14801
49	93	-19.6771	-48.1257	42.4689	-2.14162
49	94	-19.4763	-48.3201	42.5249	-2.13518
49	95	-19.2674	-48.5027	42.5683	-2.12874
49	96	-19.0523	-48.6752	42.6016	-2.12231
49	97	-18.8308	-48.8393	42.6263	-2.11587
49	98	-18.6012	-48.9946	42.6409	-2.10937
49	99	-18.362	-49.1384	42.6426	-2.10283
49	100	-18.1143	-49.2676	42.6292	-2.09629
49	101	-17.8612	-49.3816	42.6017	-2.0898
49	102	-17.605	-49.4828	42.5634	-2.0834
49	103	-17.346	-49.5735	42.5163	-2.07704
49	104	-17.0827	-49.6543	42.4601	-2.0707
49	105	-16.8142	-49.7229	42.3924	-2.06436
49	106	-16.5412	-49.776	42.3107	-2.05808
49	107	-16.304	-49.8042	42.2252	-2.05281
49	108	-16.0953	-49.8098	42.1338	-2.04836
49	109	-15.9082	-49.7956	42.0355	-2.04456
49	110	-15.7363	-49.7647	41.9298	-2.04125
49	111	-15.5741	-49.7186	41.8154	-2.03829
49	112	-15.4208	-49.6527	41.6876	-2.03572
49	113	-15.301	-49.5443	41.537	-2.03431
49	114	-15.2104	-49.3923	41.3606	-2.03399
49	115	-15.1129	-49.2448	41.1851	-2.03348
49	116	-15.0196	-49.0949	41.0093	-2.03307
49	117	-14.9282	-48.9442	40.8336	-2.03272
49	118	-14.8385	-48.7902	40.6558	-2.03243
49	119	-14.751	-48.6329	40.476	-2.03222
49	120	-14.6665	-48.473	40.2951	-2.03211
49	121	-14.5852	-48.3114	40.1143	-2.03209
49	122	-14.5079	-48.1495	39.9349	-2.03216
49	123	-14.4346	-47.9849	39.7548	-2.03236
49	124	-14.365	-47.8188	39.5752	-2.03265
49	125	-14.2978	-47.6526	39.3965	-2.033
49	126	-14.232	-47.487	39.2189	-2.03338
49	127	-14.1674	-47.3221	39.0425	-2.03379
49	128	-14.1044	-47.1536	38.8636	-2.03427
49	129	-14.0438	-46.9824	38.6834	-2.03485
49	130	-13.9859	-46.8096	38.5029	-2.03551
49	131	-13.9304	-46.6367	38.3235	-2.03624
49	132	-13.8773	-46.4649	38.1461	-2.03702
49	133	-13.8267	-46.2906	37.9677	-2.03789
49	134	-13.7783	-46.1148	37.7889	-2.03884
49	135	-13.7313	-45.938	37.6099	-2.03985
49	136	-13.6852	-45.7605	37.4309	-2.04089
49	137	-13.6399	-45.5829	37.252	-2.04197
49	138	-13.5964	-45.4055	37.0743	-2.0431
49	139	-13.5563	-45.2249	36.8952	-2.04436
