# CellID	NodeIndex	X	Y	R	Theta
8	0	55.5906	-11.8771	51.2446	0.0157556
8	1	55.7858	-11.7032	51.4428	0.0190772
8	2	55.9723	-11.5208	51.633	0.0225398
8	3	56.1504	-11.3292	51.8158	0.0261588
8	4	56.3191	-11.1274	51.9901	0.0299542
8	5	56.4765	-10.9155	52.1541	0.033925
8	6	56.6212	-10.6951	52.3067	0.0380425
8	7	56.7536	-10.4681	52.4481	0.0422704
8	8	56.875	-10.2356	52.5797	0.046591
8	9	56.9863	-9.99716	52.7025	0.0510127
8	10	57.0869	-9.75165	52.816	0.0555579
8	11	57.175	-9.49863	52.9186	0.0602393
8	12	57.2486	-9.23924	53.0082	0.0650403
8	13	57.3071	-8.97576	53.0844	0.0699215
8	14	57.352	-8.70988	53.1485	0.0748529
8	15	57.3849	-8.44166	53.2019	0.0798343
8	16	57.4059	-8.17007	53.2452	0.0848874
8	17	57.4134	-7.89438	53.2768	0.0900314
8	18	57.4052	-7.61558	53.2944	0.0952555
8	19	57.3803	-7.33633	53.2969	0.100516
8	20	57.3405	-7.05892	53.2859	0.10577
8	21	57.2885	-6.7835	53.264	0.111015
8	22	57.2254	-6.50874	53.2325	0.116276
8	23	57.1502	-6.23337	53.1904	0.121583
8	24	57.06	-5.95783	53.1351	0.126936
8	25	56.9532	-5.68476	53.0645	0.132295
8	26	56.8311	-5.4171	52.9795	0.137607
8	27	56.6964	-5.15536	52.8827	0.14286
8	28	56.5507	-4.89797	52.7759	0.14808
8	29	56.3932	-4.64373	52.6583	0.153297
8	30	56.2217	-4.39366	52.5277	0.1585
8	31	56.0362	-4.15053	52.3836	0.163642
8	32	55.8389	-3.9159	52.2279	0.16869
8	33	55.6324	-3.6886	52.063	0.17366
8	34	55.4163	-3.46682	51.8892	0.178589
8	35	55.1888	-3.2507	51.7043	0.183484
8	36	54.9489	-3.04276	51.507	0.188303
8	37	54.6985	-2.84518	51.2986	0.193001
8	38	54.4401	-2.65718	51.0815	0.197583
8	39	54.1736	-2.47674	50.8561	0.202091
8	40	53.8966	-2.30408	50.62	0.20653
8	41	53.6081	-2.14264	50.3712	0.210842
8	42	53.3124	-1.99781	50.1127	0.214903
8	43	53.0505	-1.89225	49.8797	0.21809
8	44	52.8137	-1.81718	49.6649	0.220598
8	45	52.5934	-1.76503	49.4614	0.222601
8	46	52.3822	-1.73034	49.2631	0.224235
8	47	52.1742	-1.71068	49.0647	0.225568
8	48	51.9665	-1.71029	48.8624	0.226526
8	49	51.7672	-1.7492	48.6595	0.226667
8	50	51.5709	-1.82956	48.4501	0.225961
8	51	51.3743	-1.90725	48.2412	0.225305
8	52	51.1832	-1.99331	48.0357	0.224447
8	53	50.9967	-2.08293	47.8339	0.223488
8	54	50.8144	-2.17448	47.6359	0.222463
8	55	50.6347	-2.2698	47.4396	0.221338
8	56	50.4577	-2.36886	47.2452	0.220115
8	57	50.2831	-2.47074	47.0526	0.218812
8	58	50.1123	-2.57602	46.8631	0.217411
8	59	49.9439	-2.68766	46.6746	0.215854
8	60	49.7803	-2.80571	46.4896	0.214127
8	61	49.6208	-2.92659	46.3082	0.212308
8	62	49.4658	-3.04913	46.1309	0.210419
8	63	49.315	-3.17242	45.9578	0.208481
8	64	49.1689	-3.29662	45.7892	0.206488
8	65	49.0239	-3.42469	45.6211	0.204392
8	66	48.8829	-3.55837	45.456	0.202142
8	67	48.7438	-3.69374	45.2927	0.19983
8	68	48.6109	-3.83304	45.135	0.19739
8	69	48.4827	-3.97252	44.982	0.194908
8	70	48.3615	-4.11811	44.835	0.192246
8	71	48.2441	-4.26478	44.692	0.189527
8	72	48.1359	-4.41518	44.5576	0.186669
8	73	48.0297	-4.56366	44.4258	0.183829
8	74	47.9319	-4.71529	44.3021	0.180867
8	75	47.8355	-4.86843	44.18	0.17785
8	76	47.7491	-5.02839	44.0669	0.174624
8	77	47.669	-5.19338	43.9596	0.171245
8	78	47.6086	-5.36999	43.8702	0.167513
8	79	47.5609	-5.55962	43.792	0.163424
8	80	47.5326	-5.76318	43.7314	0.158937
8	81	47.5198	-5.96116	43.6878	0.154509
8	82	47.5239	-6.15598	43.6623	0.150085
8	83	47.5445	-6.34887	43.6543	0.145646
8	84	47.5816	-6.54269	43.6634	0.14113
8	85	47.6325	-6.73725	43.6868	0.136558
8	86	47.6866	-6.93206	43.7143	0.131974
8	87	47.7477	-7.12791	43.7496	0.127353
8	88	47.8118	-7.32504	43.7886	0.122701
8	89	47.8798	-7.52162	43.8325	0.11806
8	90	47.9481	-7.7169	43.8778	0.113457
8	91	48.0193	-7.91054	43.9271	0.108894
8	92	48.093	-8.10206	43.98	0.104383
8	93	48.1679	-8.29188	44.0351	0.0999186
8	94	48.241	-8.48151	44.0894	0.0954734
8	95	48.3155	-8.6699	44.146	0.0910647
8	96	48.3921	-8.85631	44.2058	0.0867076
8	97	48.4692	-9.04042	44.2671	0.0824134
8	98	48.5432	-9.22248	44.3262	0.0781825
8	99	48.62	-9.40537	44.3889	0.0739397
8	100	48.6998	-9.58849	44.4554	0.0696992
8	101	48.7814	-9.77221	44.5243	0.0654554
8	102	48.8615	-9.95799	44.5925	0.0611807
8	103	48.9435	-10.1442	44.6634	0.0569073
8	104	49.0282	-10.3297	44.7378	0.0526588
8	105	49.1146	-10.5139	44.8148	0.0484529
8	106	49.1995	-10.6972	44.8911	0.0442831
8	107	49.2856	-10.8778	44.9695	0.0401862
8	108	49.373	-11.0556	45.0501	0.0361641
8	109	49.4614	-11.2312	45.1324	0.032207
8	110	49.5478	-11.406	45.2134	0.0282795
8	111	49.6356	-11.5783	45.2967	0.0244234
8	112	49.7254	-11.7467	45.3827	0.0206663
8	113	49.8168	-11.9101	45.471	0.017031
8	114	49.9075	-12.0684	45.5593	0.0135226
8	115	49.9962	-12.2219	45.6462	0.0101336
8	116	50.0913	-12.3657	45.7401	0.00697044
8	117	50.1883	-12.5031	45.8362	0.00395808
8	118	50.3143	-12.6001	45.962	0.00183692
8	119	50.4725	-12.672	46.1201	0.000270877
8	120	50.6334	-12.7551	46.281	-0.00152622
8	121	50.814	-12.8266	46.4618	-0.00305847
8	122	51.0181	-12.8902	46.6662	-0.0044072
8	123	51.255	-12.9455	46.9033	-0.00556464
8	124	51.5345	-12.9925	47.1832	-0.00652809
8	125	51.8158	-13.0235	47.4646	-0.00714181
8	126	52.0958	-13.0387	47.7448	-0.00742
8	127	52.3729	-13.04	48.0218	-0.00740359
8	128	52.6471	-13.0289	48.2959	-0.00713206
8	129	52.9194	-13.0056	48.5681	-0.00661117
8	130	53.1901	-12.9685	48.8385	-0.00581564
8	131	53.4577	-12.9163	49.1058	-0.00472025
8	132	53.7199	-12.8491	49.3678	-0.00333428
8	133	53.9755	-12.7689	49.6231	-0.00170117
8	134	54.2247	-12.6777	49.8723	0.000135154
8	135	54.4688	-12.5763	50.1165	0.00215961
8	136	54.7083	-12.4633	50.3564	0.00439156
8	137	54.9426	-12.3371	50.5914	0.00686714
8	138	55.1691	-12.1963	50.819	0.00960562
8	139	55.3854	-12.0422	51.037	0.0125849
9	0	-38.6493	0.527558	44.9856	2.8435
9	1	-38.7627	0.672988	45.1369	2.84116
9	2	-38.8837	0.815016	45.2946	2.83896
9	3	-39.0085	0.954294	45.4553	2.83685
9	4	-39.135	1.08997	45.6168	2.83484
9	5	-39.2653	1.22292	45.7812	2.83294
9	6	-39.397	1.35247	45.9461	2.83112
9	7	-39.5274	1.47948	46.1091	2.82936
9	8	-39.6611	1.60546	46.2752	2.82766
9	9	-39.7958	1.73135	46.4422	2.82597
9	10	-39.9316	1.85525	46.6098	2.82435
9	11	-40.0723	1.98018	46.7825	2.82275
9	12	-40.217	2.10403	46.9588	2.82121
9	13	-40.3631	2.22603	47.1359	2.81973
9	14	-40.5096	2.3441	47.3124	2.81835
9	15	-40.6542	2.45897	47.486	2.81702
9	16	-40.8004	2.57068	47.6602	2.81578
9	17	-40.9476	2.68247	47.8355	2.81455
9	18	-41.0975	2.79095	48.0123	2.81341
9	19	-41.2459	2.89648	48.1868	2.81233
9	20	-41.397	2.99114	48.3604	2.81149
9	21	-41.5384	3.09255	48.5271	2.81046
9	22	-41.691	3.14791	48.6895	2.8104
9	23	-41.8691	3.15818	48.8612	2.81139
9	24	-42.0495	3.17984	49.0389	2.81216
9	25	-42.2397	3.18278	49.2198	2.81335
9	26	-42.4454	3.16893	49.4102	2.81496
9	27	-42.6743	3.13817	49.6172	2.81703
9	28	-42.9361	3.08907	49.8498	2.81964
9	29	-43.2424	3.01825	50.1183	2.82291
9	30	-43.5487	2.93383	50.383	2.82641
9	31	-43.8523	2.83272	50.6407	2.83017
9	32	-44.1491	2.71547	50.8876	2.83415
9	33	-44.4356	2.58734	51.1224	2.83823
9	34	-44.7143	2.45115	51.3481	2.84238
9	35	-44.987	2.30623	51.5664	2.84663
9	36	-45.2535	2.14999	51.7765	2.85101
9	37	-45.5106	1.98121	51.975	2.85554
9	38	-45.756	1.80204	52.1605	2.86016
9	39	-45.9902	1.61544	52.3342	2.86483
9	40	-46.2153	1.42225	52.4985	2.86954
9	41	-46.432	1.22111	52.6538	2.87433
9	42	-46.6387	1.01057	52.7981	2.87921
9	43	-46.8329	0.791314	52.9295	2.88416
9	44	-47.0139	0.565879	53.0478	2.88914
9	45	-47.1832	0.336058	53.155	2.89412
9	46	-47.3423	0.101686	53.2525	2.89912
9	47	-47.491	-0.138541	53.3399	2.90416
9	48	-47.6274	-0.385224	53.4151	2.90925
9	49	-47.7497	-0.637012	53.4768	2.91436
9	50	-47.8578	-0.891547	53.5255	2.91945
9	51	-47.9534	-1.14747	53.563	2.9245
9	52	-48.0378	-1.40504	53.5907	2.92953
9	53	-48.111	-1.66536	53.6081	2.93457
9	54	-48.1712	-1.92888	53.6135	2.93961
9	55	-48.2167	-2.1945	53.6055	2.94463
9	56	-48.247	-2.46	53.5839	2.9496
9	57	-48.2636	-2.72382	53.5505	2.9545
9	58	-48.268	-2.98585	53.5067	2.95932
9	59	-48.2607	-3.24697	53.4528	2.9641
9	60	-48.2406	-3.50783	53.3875	2.96885
9	61	-48.2056	-3.76781	53.309	2.97354
9	62	-48.1549	-4.0248	53.2166	2.97814
9	63	-48.0892	-4.27649	53.1114	2.98261
9	64	-48.011	-4.52191	52.9957	2.98695
9	65	-47.922	-4.76163	52.8714	2.99117
9	66	-47.823	-4.99677	52.7387	2.9953
9	67	-47.7129	-5.22783	52.5965	2.99934
9	68	-47.5901	-5.45403	52.4433	3.00328
9	69	-47.454	-5.67344	52.2786	3.00708
9	70	-47.3053	-5.88411	52.1034	3.0107
9	71	-47.1461	-6.08537	51.9196	3.01415
9	72	-46.9779	-6.27792	51.7286	3.01742
9	73	-46.8011	-6.46276	51.5305	3.02056
9	74	-46.6147	-6.64011	51.3242	3.02355
9	75	-46.4177	-6.80886	51.1089	3.02637
9	76	-46.21	-6.96706	50.8846	3.02899
9	77	-45.9932	-7.11328	50.6529	3.03138
9	78	-45.7693	-7.24765	50.4157	3.03354
9	79	-45.5394	-7.37145	50.1739	3.0355
9	80	-45.3035	-7.48571	49.9273	3.03728
9	81	-45.0604	-7.59022	49.6747	3.03886
9	82	-44.8097	-7.68336	49.4158	3.04021
9	83	-44.5521	-7.7632	49.1514	3.0413
9	84	-44.2896	-7.82913	48.8837	3.0421
9	85	-44.0239	-7.88232	48.6141	3.04265
9	86	-43.7552	-7.92437	48.3426	3.04297
9	87	-43.4823	-7.95556	48.0679	3.04305
9	88	-43.204	-7.9741	47.7891	3.04287
9	89	-42.9208	-7.97689	47.507	3.04234
9	90	-42.6357	-7.96221	47.2248	3.04143
9	91	-42.3522	-7.93163	46.9458	3.04018
9	92	-42.0717	-7.88818	46.6712	3.03864
9	93	-41.8339	-7.8395	46.4397	3.03707
9	94	-41.63	-7.78588	46.2426	3.03546
9	95	-41.4515	-7.72505	46.0716	3.03374
9	96	-41.2929	-7.6525	45.9218	3.03179
9	97	-41.1369	-7.59458	45.7732	3.03016
9	98	-41.024	-7.50705	45.6708	3.02798
9	99	-40.9377	-7.38565	45.599	3.02512
9	100	-40.8369	-7.26993	45.5125	3.02234
9	101	-40.7454	-7.14138	45.4372	3.01929
9	102	-40.6564	-7.00693	45.3654	3.01611
9	103	-40.5666	-6.86906	45.2939	3.01284
9	104	-40.4815	-6.72528	45.2282	3.00945
9	105	-40.3976	-6.57883	45.1646	3.00599
9	106	-40.3154	-6.43017	45.1036	3.00248
9	107	-40.2342	-6.2773	45.0446	2.99887
9	108	-40.1503	-6.12233	44.9839	2.99519
9	109	-40.0676	-5.96372	44.9256	2.99143
9	110	-39.9871	-5.80195	44.8705	2.9876
9	111	-39.9073	-5.63877	44.817	2.98373
9	112	-39.8269	-5.47613	44.7635	2.97986
9	113	-39.7488	-5.31412	44.7128	2.976
9	114	-39.6717	-5.15429	44.6635	2.97218
9	115	-39.5942	-4.99192	44.6148	2.9683
9	116	-39.5188	-4.82618	44.5694	2.96435
9	117	-39.4439	-4.65796	44.5258	2.96033
9	118	-39.3667	-4.48869	44.4807	2.95628
9	119	-39.2901	-4.31748	44.4374	2.95217
9	120	-39.2157	-4.14455	44.3971	2.94803
9	121	-39.142	-3.97114	44.3586	2.94388
9	122	-39.0676	-3.79855	44.3199	2.93973
9	123	-38.9964	-3.62553	44.2852	2.93558
9	124	-38.9251	-3.45352	44.251	2.93144
9	125	-38.8512	-3.28324	44.2146	2.92733
9	126	-38.7821	-3.11189	44.184	2.92321
9	127	-38.7143	-2.93924	44.1555	2.91906
9	128	-38.6473	-2.76385	44.1293	2.91485
9	129	-38.5783	-2.58816	44.1019	2.91061
9	130	-38.5113	-2.41156	44.0775	2.90636
9	131	-38.4474	-2.23422	44.0572	2.90211
9	132	-38.384	-2.05716	44.0379	2.89786
9	133	-38.3218	-1.88008	44.0207	2.89362
9	134	-38.2616	-1.70123	44.0067	2.88934
9	135	-38.2074	-1.52013	43.9998	2.88505
9	136	-38.1595	-1.33822	44	2.88078
9	137	-38.1145	-1.15746	44.0035	2.87654
9	138	-38.0958	-0.974711	44.0337	2.87243
9	139	-38.0919	-0.792505	44.0787	2.86842
9	140	-38.1167	-0.608708	44.1526	2.86456
9	141	-38.1527	-0.421401	44.2387	2.86071
9	142	-38.205	-0.246524	44.3378	2.85725
9	143	-38.2691	-0.0798176	44.4463	2.85405
9	144	-38.3491	0.0781298	44.568	2.85116
9	145	-38.4415	0.230911	44.7004	2.84848
9	146	-38.5404	0.381951	44.8388	2.84589
17	0	49.4305	-13.038	45.0795	-0.00784296
17	1	49.4585	-12.834	45.1063	-0.00331412
17	2	49.4368	-12.6292	45.0845	0.00122587
17	3	49.3639	-12.411	45.0123	0.00607527
17	4	49.2772	-12.1957	44.9274	0.0108792
17	5	49.1876	-11.9817	44.8408	0.0156744
17	6	49.0987	-11.7692	44.7556	0.0204529
17	7	49.009	-11.5611	44.6707	0.0251499
17	8	48.9213	-11.3558	44.5888	0.0298039
17	9	48.8366	-11.1511	44.5107	0.0344571
17	10	48.7464	-10.9496	44.4279	0.0390597
17	11	48.658	-10.7478	44.3479	0.0436851
17	12	48.5702	-10.5467	44.2694	0.0483086
17	13	48.4827	-10.3475	44.1922	0.0529063
17	14	48.3958	-10.1503	44.1163	0.0574739
17	15	48.3112	-9.95354	44.0435	0.0620453
17	16	48.2299	-9.75503	43.9752	0.0666654
17	17	48.1456	-9.55635	43.9048	0.0713085
17	18	48.0602	-9.3564	43.8343	0.0759974
17	19	47.9731	-9.15611	43.7632	0.0807118
17	20	47.8879	-8.95514	43.6949	0.0854536
17	21	47.801	-8.7553	43.626	0.0901876
17	22	47.7142	-8.55796	43.5577	0.0948793
17	23	47.6263	-8.36166	43.4893	0.0995642
17	24	47.5401	-8.16716	43.4233	0.104219
17	25	47.4533	-7.97447	43.3575	0.108847
17	26	47.3653	-7.78415	43.2911	0.113438
17	27	47.2765	-7.59679	43.2246	0.117977
17	28	47.1851	-7.41403	43.1557	0.122432
17	29	47.0951	-7.23648	43.0885	0.126777
17	30	47.0035	-7.06437	43.0198	0.131015
17	31	46.9115	-6.89521	42.951	0.135199
17	32	46.815	-6.73022	42.8781	0.139315
17	33	46.7133	-6.56771	42.8003	0.143405
17	34	46.5976	-6.41102	42.7085	0.147424
17	35	46.4638	-6.26368	42.5981	0.151307
17	36	46.3035	-6.12548	42.4607	0.155093
17	37	46.1207	-5.99591	42.3005	0.158787
17	38	45.9342	-5.88771	42.1336	0.162023
17	39	45.7425	-5.79917	41.9589	0.164842
17	40	45.5444	-5.72678	41.7755	0.16733
17	41	45.3419	-5.66604	41.5861	0.169581
17	42	45.1359	-5.614	41.3919	0.17166
17	43	44.9266	-5.56943	41.1934	0.173594
17	44	44.7144	-5.5321	40.9909	0.175385
17	45	44.5003	-5.50295	40.7851	0.177005
17	46	44.2859	-5.48357	40.5776	0.178405
17	47	44.0733	-5.47323	40.3701	0.179592
17	48	43.8633	-5.46981	40.1642	0.18061
17	49	43.6559	-5.47184	39.9598	0.181492
17	50	43.4501	-5.47849	39.7563	0.182262
17	51	43.2447	-5.49096	39.5519	0.182893
17	52	43.0392	-5.5108	39.3463	0.183347
17	53	42.8342	-5.54084	39.1393	0.183547
17	54	42.6311	-5.58423	38.9316	0.183404
17	55	42.4314	-5.64495	38.7242	0.182803
17	56	42.2331	-5.72634	38.5144	0.181661
17	57	42.0365	-5.82855	38.3027	0.179963
17	58	41.8562	-5.94166	38.1052	0.17789
17	59	41.6874	-6.06594	37.9172	0.175452
17	60	41.5292	-6.20365	37.7375	0.17259
17	61	41.379	-6.3561	37.5636	0.169279
17	62	41.2357	-6.51955	37.3949	0.165616
17	63	41.0983	-6.69044	37.2316	0.161697
17	64	40.9681	-6.86646	37.075	0.157577
17	65	40.8445	-7.04425	36.9254	0.153347
17	66	40.7258	-7.22074	36.7815	0.149098
17	67	40.6106	-7.39445	36.6421	0.144877
17	68	40.4983	-7.56901	36.5061	0.140589
17	69	40.3884	-7.74409	36.3731	0.136247
17	70	40.2818	-7.9196	36.244	0.131849
17	71	40.1792	-8.09456	36.1196	0.12742
17	72	40.0833	-8.27359	36.0022	0.122826
17	73	39.9941	-8.45373	35.8919	0.11815
17	74	39.9139	-8.63424	35.7914	0.113405
17	75	39.8378	-8.81212	35.696	0.108696
17	76	39.7688	-8.9892	35.6087	0.103962
17	77	39.7046	-9.16539	35.5269	0.099217
17	78	39.6454	-9.34208	35.4509	0.094423
17	79	39.5926	-9.52243	35.3818	0.089489
17	80	39.5694	-9.71189	35.3422	0.0842085
17	81	39.5473	-9.90825	35.3042	0.0787188
17	82	39.558	-10.1149	35.2993	0.0728601
17	83	39.5724	-10.3137	35.2997	0.0672133
17	84	39.6163	-10.5011	35.3315	0.0618364
17	85	39.6689	-10.6833	35.3732	0.0566036
17	86	39.7267	-10.8643	35.4211	0.0514105
17	87	39.791	-11.0453	35.4765	0.0462227
17	88	39.8623	-11.2277	35.5398	0.0410004
17	89	39.9364	-11.415	35.6066	0.0356604
17	90	40.0178	-11.6034	35.6817	0.0303029
17	91	40.1037	-11.7937	35.7624	0.0249114
17	92	40.1945	-11.9848	35.8489	0.0195177
17	93	40.2861	-12.178	35.9373	0.0140934
17	94	40.3801	-12.3727	36.0291	0.00865261
17	95	40.4781	-12.5694	36.1259	0.00318537
17	96	40.5783	-12.7672	36.226	-0.00228266
17	97	40.6783	-12.9684	36.3271	-0.00781686
17	98	40.7804	-13.1687	36.4312	-0.0132924
17	99	40.8836	-13.3676	36.5375	-0.0186966
17	100	40.9892	-13.5637	36.6474	-0.0239938
17	101	41.0916	-13.7608	36.755	-0.0292872
17	102	41.1928	-13.9594	36.8625	-0.0345936
17	103	41.2974	-14.1587	36.9744	-0.0398816
17	104	41.4023	-14.3603	37.0878	-0.0452016
17	105	41.5081	-14.5631	37.2032	-0.0505177
17	106	41.6146	-14.7661	37.3203	-0.0558064
17	107	41.7241	-14.9679	37.4414	-0.0610253
17	108	41.8333	-15.1712	37.5633	-0.0662488
17	109	41.9431	-15.3767	37.687	-0.0714968
17	110	42.0577	-15.5826	37.8165	-0.0767123
17	111	42.1786	-15.7868	37.9532	-0.0818328
17	112	42.3146	-15.9748	38.1046	-0.0864564
17	113	42.4811	-16.1177	38.283	-0.0898002
17	114	42.6837	-16.2226	38.4942	-0.092044
17	115	42.9036	-16.3066	38.721	-0.0936802
17	116	43.1435	-16.3754	38.9663	-0.0948621
17	117	43.412	-16.4313	39.2389	-0.0956325
17	118	43.7209	-16.4752	39.5506	-0.0959928
17	119	44.032	-16.5048	39.863	-0.0959822
17	120	44.3444	-16.5173	40.1752	-0.0955481
17	121	44.6548	-16.5114	40.4837	-0.0946718
17	122	44.9607	-16.4892	40.7861	-0.0934207
17	123	45.2625	-16.4532	41.0834	-0.0918624
17	124	45.5623	-16.403	41.3773	-0.0899901
17	125	45.86	-16.3356	41.6678	-0.0877374
17	126	46.1522	-16.2488	41.9515	-0.0850657
17	127	46.4352	-16.1445	42.2248	-0.0820338
17	128	46.7086	-16.0265	42.4878	-0.0787404
17	129	46.9743	-15.8972	42.7428	-0.0752341
17	130	47.2341	-15.7555	42.9916	-0.0714934
17	131	47.4873	-15.5989	43.2333	-0.0674627
17	132	47.7308	-15.4263	43.465	-0.0631228
17	133	47.9617	-15.2397	43.6841	-0.0585263
17	134	48.1805	-15.0422	43.8914	-0.0537428
17	135	48.3889	-14.8348	44.089	-0.0487911
17	136	48.5877	-14.616	44.2775	-0.0436363
17	137	48.775	-14.3841	44.4551	-0.0382418
17	138	48.9473	-14.1402	44.6187	-0.0326314
17	139	49.1029	-13.8875	44.7667	-0.0268758
17	140	49.2212	-13.6583	44.8794	-0.0216995
17	141	49.3112	-13.4451	44.9653	-0.0169155
17	142	49.3798	-13.2405	45.0309	-0.0123482
18	0	-30.882	-2.3778	36.7109	2.85701
18	1	-31.0108	-2.20854	36.8823	2.85359
18	2	-31.1436	-2.04473	37.0563	2.85037
18	3	-31.2774	-1.88637	37.2301	2.84733
18	4	-31.411	-1.73361	37.4024	2.84445
18	5	-31.5481	-1.58417	37.5774	2.84172
18	6	-31.6886	-1.43867	37.7548	2.83914
18	7	-31.8324	-1.29734	37.9342	2.83671
18	8	-31.9795	-1.16095	38.1156	2.83446
18	9	-32.13	-1.03075	38.2985	2.8324
18	10	-32.2826	-0.90666	38.4817	2.83054
18	11	-32.4374	-0.789756	38.6649	2.82888
18	12	-32.5942	-0.679618	38.848	2.82743
18	13	-32.7587	-0.580303	39.0352	2.82631
18	14	-32.9322	-0.490311	39.228	2.8255
18	15	-33.1199	-0.411554	39.4309	2.82508
18	16	-33.3246	-0.343639	39.6466	2.82506
18	17	-33.5292	-0.294694	39.8563	2.82549
18	18	-33.736	-0.26349	40.0625	2.82636
18	19	-33.9466	-0.250145	40.267	2.82766
18	20	-34.1591	-0.249933	40.4692	2.82928
18	21	-34.3715	-0.260284	40.6682	2.83113
18	22	-34.5825	-0.27741	40.8639	2.8331
18	23	-34.7913	-0.300047	41.0561	2.83517
18	24	-34.999	-0.326477	41.2462	2.8373
18	25	-35.2066	-0.356355	41.4355	2.83949
18	26	-35.4151	-0.391167	41.6243	2.84178
18	27	-35.6246	-0.431268	41.8127	2.84418
18	28	-35.8329	-0.47982	41.9978	2.84674
18	29	-36.0387	-0.535219	42.1788	2.84941
18	30	-36.2379	-0.604813	42.3496	2.85234
18	31	-36.4308	-0.683887	42.5122	2.85542
18	32	-36.6148	-0.782317	42.6611	2.85885
18	33	-36.7985	-0.889073	42.808	2.86244
18	34	-36.9541	-1.01066	42.9244	2.86616
18	35	-37.0971	-1.12832	43.0303	2.8697
18	36	-37.2095	-1.26354	43.1026	2.87342
18	37	-37.3134	-1.40076	43.1667	2.87712
18	38	-37.4136	-1.54191	43.2267	2.88088
18	39	-37.5101	-1.68945	43.2823	2.88475
18	40	-37.5973	-1.84615	43.3272	2.88876
18	41	-37.6861	-2.00612	43.3735	2.89284
18	42	-37.7695	-2.17113	43.4141	2.897
18	43	-37.8529	-2.33856	43.4549	2.9012
18	44	-37.9357	-2.50959	43.495	2.90547
18	45	-38.0159	-2.68341	43.5327	2.90979
18	46	-38.0969	-2.85992	43.5714	2.91416
18	47	-38.1782	-3.04036	43.6103	2.91861
18	48	-38.2595	-3.22214	43.6499	2.92308
18	49	-38.3413	-3.40453	43.6906	2.92756
18	50	-38.4209	-3.58778	43.7299	2.93204
18	51	-38.4985	-3.7714	43.768	2.93651
18	52	-38.5774	-3.95439	43.8085	2.94097
18	53	-38.6599	-4.13713	43.8534	2.94543
18	54	-38.7371	-4.32453	43.8929	2.94996
18	55	-38.8191	-4.51266	43.9381	2.95452
18	56	-38.9064	-4.70168	43.9891	2.95911
18	57	-38.9865	-4.8937	44.0336	2.96373
18	58	-39.0714	-5.08355	44.0841	2.96831
18	59	-39.1599	-5.27023	44.1395	2.97282
18	60	-39.2426	-5.45948	44.1897	2.97736
18	61	-39.33	-5.64792	44.2455	2.98188
18	62	-39.4225	-5.83694	44.3072	2.98642
18	63	-39.513	-6.03021	44.3672	2.99104
18	64	-39.6016	-6.22415	44.4262	2.99566
18	65	-39.6883	-6.41847	44.4843	3.00026
18	66	-39.7768	-6.61193	44.5451	3.00484
18	67	-39.8647	-6.80655	44.6061	3.00943
18	68	-39.9517	-7.0037	44.6668	3.01407
18	69	-40.0392	-7.20361	44.7287	3.01875
18	70	-40.1233	-7.40757	44.7877	3.0235
18	71	-40.215	-7.60791	44.8556	3.02817
18	72	-40.2466	-7.79953	44.8658	3.0325
18	73	-40.2239	-7.993	44.8225	3.03673
18	74	-40.1756	-8.18634	44.7546	3.04092
18	75	-40.1065	-8.38058	44.6667	3.04509
18	76	-40.0164	-8.58119	44.5581	3.04937
18	77	-39.8999	-8.79431	44.423	3.05391
18	78	-39.7512	-9.0284	44.2549	3.05888
18	79	-39.5907	-9.2568	44.0765	3.06375
18	80	-39.4163	-9.47868	43.886	3.06848
18	81	-39.2263	-9.69048	43.6814	3.073
18	82	-39.0219	-9.88845	43.4643	3.07722
18	83	-38.8065	-10.0717	43.238	3.08113
18	84	-38.5829	-10.2422	43.0047	3.08477
18	85	-38.3511	-10.4022	42.7644	3.0882
18	86	-38.1097	-10.5519	42.5156	3.09141
18	87	-37.8576	-10.6894	42.2571	3.09436
18	88	-37.5961	-10.8118	41.9902	3.09698
18	89	-37.3282	-10.919	41.7179	3.09926
18	90	-37.0556	-11.0126	41.4417	3.10124
18	91	-36.7778	-11.0945	41.161	3.10296
18	92	-36.4932	-11.164	40.8739	3.10439
18	93	-36.2012	-11.2182	40.5801	3.10545
18	94	-35.9042	-11.2545	40.282	3.10609
18	95	-35.6055	-11.2737	39.9828	3.1063
18	96	-35.3063	-11.2786	39.6836	3.10616
18	97	-35.0051	-11.2708	39.3829	3.10569
18	98	-34.7009	-11.2495	39.0796	3.10486
18	99	-34.395	-11.2121	38.7753	3.10361
18	100	-34.1307	-11.1614	38.5132	3.10204
18	101	-33.8983	-11.0992	38.2835	3.10017
18	102	-33.6924	-11.0296	38.0808	3.09812
18	103	-33.5074	-10.9461	37.8997	3.09571
18	104	-33.3545	-10.839	37.7521	3.09269
18	105	-33.2299	-10.7018	37.6345	3.08889
18	106	-33.1192	-10.5455	37.5326	3.08457
18	107	-33.0037	-10.3867	37.4267	3.08016
18	108	-32.8915	-10.2201	37.3254	3.07552
18	109	-32.7794	-10.0479	37.2253	3.07071
18	110	-32.6669	-9.87107	37.126	3.06574
18	111	-32.5554	-9.6932	37.0288	3.06072
18	112	-32.446	-9.51464	36.9347	3.05566
18	113	-32.3392	-9.33514	36.8441	3.05056
18	114	-32.2336	-9.15477	36.7559	3.04541
18	115	-32.1261	-8.97469	36.6667	3.04024
18	116	-32.02	-8.79297	36.58	3.03501
18	117	-31.9163	-8.61011	36.4969	3.02972
18	118	-31.8154	-8.42795	36.4174	3.02444
18	119	-31.7161	-8.24919	36.3402	3.01924
18	120	-31.6184	-8.06791	36.2658	3.01395
18	121	-31.5184	-7.88642	36.1903	3.00862
18	122	-31.4145	-7.70509	36.1119	3.00326
18	123	-31.3125	-7.52051	36.0368	2.9978
18	124	-31.2111	-7.33413	35.9637	2.99227
18	125	-31.1095	-7.14798	35.8915	2.98672
18	126	-31.0082	-6.96359	35.8204	2.9812
18	127	-30.9109	-6.7802	35.7542	2.9757
18	128	-30.817	-6.59869	35.6921	2.97025
18	129	-30.7212	-6.41546	35.6295	2.96472
18	130	-30.6245	-6.22969	35.5675	2.9591
18	131	-30.5286	-6.04096	35.5081	2.95338
18	132	-30.4349	-5.85014	35.4523	2.9476
18	133	-30.3441	-5.65758	35.4009	2.94177
18	134	-30.2584	-5.46498	35.3557	2.93595
18	135	-30.178	-5.272	35.317	2.93014
18	136	-30.1045	-5.07865	35.2863	2.92434
18	137	-30.0433	-4.88327	35.2693	2.91856
18	138	-30.0058	-4.68587	35.2769	2.91287
18	139	-29.9931	-4.48157	35.3114	2.90715
18	140	-30.0003	-4.26989	35.3683	2.90138
18	141	-30.0275	-4.05752	35.4457	2.89574
18	142	-30.0728	-3.85214	35.5401	2.89044
18	143	-30.1374	-3.65344	35.6526	2.8855
18	144	-30.221	-3.45997	35.7829	2.88086
18	145	-30.3171	-3.27138	35.9247	2.87647
18	146	-30.4209	-3.08693	36.0735	2.87229
18	147	-30.5299	-2.90574	36.2271	2.86827
18	148	-30.6429	-2.72722	36.3843	2.86439
18	149	-30.7589	-2.55119	36.5444	2.86062
25	0	41.5053	-17.0444	37.4078	-0.116816
25	1	41.5606	-16.846	37.4402	-0.11138
25	2	41.6204	-16.6644	37.4799	-0.106389
25	3	41.6274	-16.4972	37.4694	-0.101931
25	4	41.5867	-16.3313	37.4125	-0.0976306
25	5	41.5534	-16.1596	37.3629	-0.0931432
25	6	41.5063	-15.9856	37.3003	-0.0886174
25	7	41.4519	-15.8088	37.2309	-0.0840168
25	8	41.3867	-15.6307	37.1513	-0.0793873
25	9	41.3166	-15.4502	37.0675	-0.0746824
25	10	41.2398	-15.2694	36.9778	-0.0699606
25	11	41.1608	-15.0875	36.8868	-0.0651926
25	12	41.0785	-14.9058	36.7932	-0.0604089
25	13	40.9954	-14.7227	36.6997	-0.0555653
25	14	40.9095	-14.5388	36.6041	-0.0506799
25	15	40.8204	-14.3541	36.5062	-0.0457511
25	16	40.7286	-14.1688	36.4064	-0.0407826
25	17	40.6372	-13.9829	36.308	-0.0357692
25	18	40.544	-13.7992	36.2088	-0.030791
25	19	40.4491	-13.619	36.1088	-0.0258833
25	20	40.3536	-13.4423	36.0092	-0.0210452
25	21	40.2589	-13.2615	35.9112	-0.0160697
25	22	40.1622	-13.0783	35.8119	-0.0109956
25	23	40.0619	-12.8935	35.7101	-0.00585407
25	24	39.9588	-12.7079	35.6065	-0.000657835
25	25	39.8563	-12.5209	35.5043	0.00460702
25	26	39.752	-12.3344	35.4013	0.00988899
25	27	39.6448	-12.1488	35.2965	0.0151768
25	28	39.536	-11.9628	35.191	0.0205095
25	29	39.4257	-11.7758	35.085	0.0259028
25	30	39.3115	-11.5883	34.9762	0.0313473
25	31	39.192	-11.4037	34.8631	0.0367455
25	32	39.0657	-11.2263	34.744	0.0419816
25	33	38.9317	-11.0594	34.6175	0.0469619
25	34	38.7892	-10.9051	34.4827	0.0516247
25	35	38.6362	-10.7624	34.3376	0.0560067
25	36	38.472	-10.629	34.1815	0.0601722
25	37	38.2998	-10.5117	34.0168	0.0639168
25	38	38.125	-10.4129	33.8489	0.0671602
25	39	37.9475	-10.336	33.6771	0.0697912
25	40	37.7657	-10.2717	33.5003	0.0720865
25	41	37.58	-10.2189	33.319	0.0740668
25	42	37.3924	-10.1728	33.1354	0.0758737
25	43	37.2033	-10.1348	32.9497	0.0774574
25	44	37.0115	-10.1009	32.7611	0.0789438
25	45	36.8169	-10.0725	32.5694	0.0802834
25	46	36.6199	-10.0491	32.3749	0.0814922
25	47	36.4213	-10.0321	32.1784	0.0825206
25	48	36.2182	-10.0195	31.9771	0.0834387
25	49	36.0124	-10.0128	31.7725	0.0841865
25	50	35.8062	-10.0128	31.5671	0.0847368
25	51	35.5992	-10.0177	31.3604	0.0851392
25	52	35.3924	-10.0266	31.1536	0.0854201
25	53	35.1866	-10.0414	30.9473	0.0855109
25	54	34.9803	-10.059	30.7403	0.0855121
25	55	34.7741	-10.0851	30.5325	0.0852375
25	56	34.5688	-10.119	30.3251	0.0847014
25	57	34.368	-10.1715	30.1206	0.0835293
25	58	34.1696	-10.238	29.9174	0.0818652
25	59	33.977	-10.3286	29.7181	0.0793581
25	60	33.8025	-10.4229	29.5368	0.0766444
25	61	33.6501	-10.5361	29.3763	0.0731977
25	62	33.5116	-10.6537	29.2298	0.069533
25	63	33.3875	-10.7847	29.0972	0.0653384
25	64	33.2672	-10.9192	28.9687	0.0609762
25	65	33.1501	-11.0585	28.8436	0.0564038
25	66	33.0352	-11.2025	28.721	0.0516229
25	67	32.9241	-11.3521	28.6027	0.0465993
25	68	32.8142	-11.5079	28.4861	0.041317
25	69	32.7073	-11.6692	28.3731	0.0357923
25	70	32.6062	-11.8353	28.2666	0.0300461
25	71	32.509	-12.0025	28.1649	0.0242166
25	72	32.4134	-12.174	28.0657	0.018189
25	73	32.3172	-12.3479	27.9669	0.0120367
25	74	32.2236	-12.5248	27.8717	0.0057291
25	75	32.1327	-12.7035	27.7803	-0.000682797
25	76	32.0438	-12.8874	27.6922	-0.00732674
25	77	31.9581	-13.0746	27.6085	-0.0141312
25	78	31.879	-13.264	27.5327	-0.0210481
25	79	31.8024	-13.4549	27.4608	-0.028059
25	80	31.7301	-13.6473	27.3947	-0.0351546
25	81	31.6599	-13.8403	27.3319	-0.042302
25	82	31.5969	-14.0354	27.278	-0.0495459
25	83	31.5445	-14.2326	27.2362	-0.0568707
25	84	31.5109	-14.4317	27.2146	-0.0642464
25	85	31.4954	-14.6342	27.2129	-0.0717072
25	86	31.4992	-14.8404	27.2323	-0.0792523
25	87	31.5217	-15.0528	27.2723	-0.0869496
25	88	31.5624	-15.2558	27.3312	-0.09422
25	89	31.6191	-15.4518	27.4067	-0.101146
25	90	31.6981	-15.6421	27.5052	-0.107737
25	91	31.7935	-15.8295	27.6208	-0.114112
25	92	31.8974	-16.015	27.7456	-0.120327
25	93	32.0047	-16.2007	27.875	-0.126481
25	94	32.1142	-16.3864	28.0076	-0.132563
25	95	32.2266	-16.5711	28.1438	-0.13854
25	96	32.3401	-16.7538	28.282	-0.144385
25	97	32.454	-16.9341	28.4211	-0.150088
25	98	32.5676	-17.1127	28.5606	-0.155676
25	99	32.6802	-17.2914	28.7	-0.161218
25	100	32.7938	-17.4701	28.8412	-0.1667
25	101	32.9088	-17.6486	28.9847	-0.172117
25	102	33.0269	-17.8251	29.1316	-0.17739
25	103	33.1423	-18.0021	29.2768	-0.182645
25	104	33.2563	-18.1785	29.4214	-0.187839
25	105	33.3721	-18.3529	29.5682	-0.192901
25	106	33.4868	-18.5284	29.7148	-0.197958
25	107	33.6032	-18.7045	29.8639	-0.202974
25	108	33.7209	-18.8792	30.0147	-0.207882
25	109	33.8403	-19.052	30.1676	-0.212672
25	110	33.9582	-19.2209	30.3188	-0.217294
25	111	34.075	-19.3848	30.4685	-0.221721
25	112	34.1909	-19.5437	30.6168	-0.225952
25	113	34.3062	-19.6985	30.764	-0.230017
25	114	34.4212	-19.847	30.9102	-0.233847
25	115	34.5423	-19.985	31.0601	-0.237266
25	116	34.6494	-20.1286	31.1981	-0.240931
25	117	34.782	-20.2231	31.3495	-0.24285
25	118	34.9546	-20.2759	31.5298	-0.243158
25	119	35.1308	-20.3433	31.717	-0.243884
25	120	35.3269	-20.3934	31.9193	-0.243922
25	121	35.5481	-20.4284	32.1425	-0.243318
25	122	35.8018	-20.4497	32.3938	-0.242068
25	123	36.0958	-20.4564	32.681	-0.240112
25	124	36.3909	-20.4513	32.9665	-0.237832
25	125	36.688	-20.4335	33.2511	-0.235208
25	126	36.9867	-20.3996	33.5338	-0.232149
25	127	37.2835	-20.3474	33.8109	-0.228626
25	128	37.5749	-20.2787	34.0794	-0.224724
25	129	37.8606	-20.197	34.34	-0.220554
25	130	38.1426	-20.1038	34.5952	-0.21614
25	131	38.4221	-19.9971	34.8457	-0.211429
25	132	38.697	-19.8747	35.0892	-0.206373
25	133	38.9639	-19.7371	35.3228	-0.201013
25	134	39.2216	-19.5879	35.546	-0.195452
25	135	39.4719	-19.4293	35.7613	-0.189742
25	136	39.7168	-19.2605	35.9706	-0.18385
25	137	39.9558	-19.0784	36.173	-0.177692
25	138	40.1852	-18.881	36.3646	-0.171234
25	139	40.4012	-18.6705	36.5424	-0.164551
25	140	40.6039	-18.4508	36.7072	-0.157743
25	141	40.7959	-18.2234	36.862	-0.150833
25	142	40.9783	-17.9872	37.0078	-0.143781
25	143	41.1494	-17.7407	37.1428	-0.136553
25	144	41.3052	-17.485	37.2633	-0.129186
25	145	41.4217	-17.2551	37.35	-0.122681
26	0	-22.7204	-8.45857	27.4007	2.98675
26	1	-22.7695	-8.22932	27.4854	2.97878
26	2	-22.823	-8.00342	27.5756	2.97101
26	3	-22.8803	-7.77973	27.6708	2.9634
26	4	-22.9425	-7.55741	27.7723	2.95592
26	5	-23.0114	-7.33672	27.8814	2.94859
26	6	-23.0879	-7.11868	27.9991	2.94147
26	7	-23.1703	-6.90542	28.1229	2.93462
26	8	-23.2583	-6.69638	28.2526	2.92802
26	9	-23.3507	-6.49217	28.3867	2.92168
26	10	-23.4464	-6.29223	28.5242	2.91557
26	11	-23.5475	-6.09577	28.6674	2.90969
26	12	-23.6555	-5.903	28.8172	2.90404
26	13	-23.7715	-5.71661	28.9742	2.89873
26	14	-23.8985	-5.53844	29.1406	2.89384
26	15	-24.042	-5.37144	29.321	2.88952
26	16	-24.2067	-5.2188	29.5188	2.8859
26	17	-24.3959	-5.07956	29.7372	2.88298
26	18	-24.6108	-4.95081	29.978	2.88066
26	19	-24.8324	-4.84244	30.2201	2.87909
26	20	-25.0637	-4.75545	30.4659	2.8783
26	21	-25.305	-4.69026	30.7159	2.8783
26	22	-25.5521	-4.64315	30.9668	2.87891
26	23	-25.7995	-4.60928	31.2145	2.87992
26	24	-26.0458	-4.58456	31.4588	2.88118
26	25	-26.2916	-4.56652	31.701	2.88263
26	26	-26.5379	-4.55474	31.9422	2.88425
26	27	-26.7848	-4.55026	32.1821	2.88606
26	28	-27.0308	-4.55411	32.4193	2.8881
26	29	-27.2745	-4.56614	32.6523	2.89033
26	30	-27.5155	-4.58558	32.8809	2.89272
26	31	-27.7544	-4.61249	33.106	2.89529
26	32	-27.9921	-4.6491	33.3277	2.89809
26	33	-28.2274	-4.70053	33.5438	2.90127
26	34	-28.4586	-4.77407	33.7511	2.90502
26	35	-28.6849	-4.87274	33.9482	2.9094
26	36	-28.884	-4.98541	34.1164	2.91396
26	37	-29.0618	-5.11208	34.2615	2.91873
26	38	-29.2156	-5.25367	34.3806	2.92374
26	39	-29.3552	-5.40678	34.4843	2.92895
26	40	-29.487	-5.56634	34.5799	2.93426
26	41	-29.6159	-5.73198	34.6725	2.9397
26	42	-29.7424	-5.90479	34.7623	2.9453
26	43	-29.8672	-6.08514	34.8501	2.95108
26	44	-29.9886	-6.27128	34.9347	2.95697
26	45	-30.1065	-6.45981	35.0166	2.96288
26	46	-30.2236	-6.65041	35.0985	2.96882
26	47	-30.3399	-6.84187	35.1808	2.97475
26	48	-30.4559	-7.03543	35.2637	2.9807
26	49	-30.5711	-7.23153	35.3467	2.9867
26	50	-30.6864	-7.42902	35.4307	2.99271
26	51	-30.8005	-7.62794	35.5147	2.99873
26	52	-30.914	-7.82874	35.5991	3.00477
26	53	-31.0265	-8.02944	35.6838	3.01077
26	54	-31.1417	-8.23017	35.7725	3.01675
26	55	-31.2547	-8.43136	35.8602	3.02271
26	56	-31.3643	-8.633	35.9458	3.02864
26	57	-31.4716	-8.83364	36.0303	3.03451
26	58	-31.5795	-9.03188	36.1171	3.04029
26	59	-31.6861	-9.23027	36.2037	3.04604
26	60	-31.7902	-9.43089	36.2888	3.05181
26	61	-31.8935	-9.63327	36.3741	3.05761
26	62	-31.9963	-9.83605	36.4601	3.06339
26	63	-32.098	-10.0379	36.5464	3.06911
26	64	-32.1993	-10.2401	36.6334	3.07482
26	65	-32.299	-10.4445	36.7198	3.08055
26	66	-32.3977	-10.6514	36.8063	3.08633
26	67	-32.4901	-10.8619	36.8876	3.09216
26	68	-32.5529	-11.0722	36.9405	3.09793
26	69	-32.5625	-11.2794	36.9416	3.10355
26	70	-32.5254	-11.4909	36.8971	3.10924
26	71	-32.4609	-11.7039	36.8263	3.11496
26	72	-32.3716	-11.9238	36.7319	3.12088
26	73	-32.2533	-12.156	36.6095	3.12716
26	74	-32.1008	-12.409	36.4542	3.13403
26	75	-31.9357	-12.656	36.2881	3.14081
26	76	-31.7566	-12.8965	36.1096	-3.13572
26	77	-31.5624	-13.1269	35.9175	-3.12927
26	78	-31.3555	-13.3442	35.714	-3.12312
26	79	-31.1392	-13.5491	35.5021	-3.11724
26	80	-30.9141	-13.7437	35.2824	-3.11157
26	81	-30.6782	-13.9285	35.0527	-3.1061
26	82	-30.4302	-14.1007	34.8114	-3.1009
26	83	-30.1721	-14.257	34.5603	-3.09608
26	84	-29.9074	-14.3975	34.3026	-3.09163
26	85	-29.6373	-14.5246	34.0394	-3.08751
26	86	-29.3603	-14.6391	33.7693	-3.08368
26	87	-29.0758	-14.739	33.4912	-3.08021
26	88	-28.7857	-14.8221	33.2069	-3.07718
26	89	-28.4935	-14.8894	32.9198	-3.07456
26	90	-28.2004	-14.9437	32.6311	-3.0723
26	91	-27.9428	-14.9779	32.3766	-3.0707
26	92	-27.7098	-14.9948	32.1453	-3.06966
26	93	-27.4926	-14.9928	31.9285	-3.06923
26	94	-27.2887	-14.9678	31.7233	-3.06956
26	95	-27.1104	-14.8983	31.5406	-3.07135
26	96	-26.9436	-14.787	31.3665	-3.07451
26	97	-26.7841	-14.6597	31.199	-3.07824
26	98	-26.625	-14.5274	31.0321	-3.08217
26	99	-26.4651	-14.3901	30.8647	-3.0863
26	100	-26.3041	-14.2498	30.6964	-3.09058
26	101	-26.1415	-14.1045	30.5269	-3.09506
26	102	-25.9774	-13.9563	30.3565	-3.09968
26	103	-25.8117	-13.8045	30.1849	-3.10448
26	104	-25.6476	-13.6504	30.0155	-3.10941
26	105	-25.4842	-13.4959	29.8477	-3.1144
26	106	-25.322	-13.3401	29.6816	-3.1195
26	107	-25.1602	-13.1819	29.5168	-3.12474
26	108	-24.998	-13.0208	29.3523	-3.13013
26	109	-24.8331	-12.8587	29.1861	-3.13562
26	110	-24.6685	-12.6938	29.0209	-3.14127
26	111	-24.5046	-12.5266	28.8575	3.13612
26	112	-24.3431	-12.3589	28.6974	3.13025
26	113	-24.1812	-12.1909	28.5379	3.12429
26	114	-24.0186	-12.0203	28.3787	3.11819
26	115	-23.8552	-11.8471	28.22	3.11191
26	116	-23.6925	-11.6715	28.0632	3.10549
26	117	-23.5321	-11.494	27.9099	3.09892
26	118	-23.3743	-11.3147	27.7605	3.09223
26	119	-23.2202	-11.1321	27.6162	3.08535
26	120	-23.0735	-10.9428	27.4812	3.07817
26	121	-22.9435	-10.7436	27.3648	3.07061
26	122	-22.8326	-10.532	27.2701	3.06258
26	123	-22.7412	-10.3086	27.1976	3.05412
26	124	-22.6739	-10.0795	27.1516	3.0455
26	125	-22.6301	-9.85138	27.1308	3.03698
26	126	-22.609	-9.62268	27.1347	3.02851
26	127	-22.6084	-9.391	27.1612	3.02004
26	128	-22.6213	-9.15804	27.2033	3.01159
26	129	-22.645	-8.92411	27.258	3.0032
26	130	-22.6784	-8.69041	27.3242	2.99489
32	0	33.9682	-20.8627	30.7243	-0.269429
32	1	33.9869	-20.6788	30.6939	-0.263492
32	2	33.9729	-20.4997	30.6341	-0.257967
32	3	33.9224	-20.318	30.5394	-0.252634
32	4	33.8269	-20.1349	30.4016	-0.247589
32	5	33.7279	-19.9526	30.2613	-0.242551
32	6	33.6254	-19.7711	30.1186	-0.237519
32	7	33.5209	-19.5914	29.9751	-0.232512
32	8	33.4158	-19.4129	29.8321	-0.2275
32	9	33.3102	-19.2372	29.69	-0.222536
32	10	33.2049	-19.0646	29.5495	-0.217628
32	11	33.1001	-18.8949	29.4109	-0.212763
32	12	32.9967	-18.7269	29.2747	-0.207899
32	13	32.893	-18.5614	29.1394	-0.203076
32	14	32.7889	-18.399	29.005	-0.198315
32	15	32.6817	-18.2358	28.8681	-0.193506
32	16	32.5739	-18.0718	28.7312	-0.188624
32	17	32.4666	-17.907	28.5951	-0.183668
32	18	32.3582	-17.7427	28.4589	-0.178688
32	19	32.2463	-17.5804	28.3204	-0.173749
32	20	32.1331	-17.4183	28.1812	-0.168779
32	21	32.02	-17.256	28.0427	-0.16375
32	22	31.9056	-17.0955	27.9041	-0.158742
32	23	31.7898	-16.9389	27.7653	-0.153834
32	24	31.6729	-16.7875	27.6269	-0.149068
32	25	31.5552	-16.6417	27.4892	-0.144459
32	26	31.4358	-16.5024	27.3512	-0.140046
32	27	31.316	-16.3674	27.214	-0.135748
32	28	31.1944	-16.2395	27.0764	-0.131676
32	29	31.0721	-16.1157	26.9391	-0.127715
32	30	30.9446	-15.9984	26.7979	-0.123982
32	31	30.8105	-15.8876	26.6513	-0.120479
32	32	30.6632	-15.7891	26.4933	-0.117453
32	33	30.4997	-15.7019	26.3208	-0.114893
32	34	30.3184	-15.6286	26.1324	-0.1129
32	35	30.1283	-15.5699	25.9369	-0.111477
32	36	29.9392	-15.5279	25.7443	-0.110674
32	37	29.7496	-15.5021	25.553	-0.110489
32	38	29.5587	-15.4851	25.3614	-0.110653
32	39	29.3665	-15.4804	25.1699	-0.111311
32	40	29.1737	-15.4771	24.9779	-0.112037
32	41	28.9797	-15.4833	24.7858	-0.113162
32	42	28.7842	-15.4916	24.5926	-0.114392
32	43	28.5895	-15.5081	24.401	-0.115977
32	44	28.3961	-15.5292	24.2114	-0.117769
32	45	28.2046	-15.5562	24.0245	-0.119819
32	46	28.0166	-15.5893	23.8418	-0.122141
32	47	27.831	-15.625	23.662	-0.124593
32	48	27.649	-15.6715	23.4873	-0.127522
32	49	27.467	-15.7177	23.3128	-0.13048
32	50	27.293	-15.7892	23.1498	-0.13452
32	51	27.1162	-15.8643	22.9849	-0.13879
32	52	26.9514	-15.9733	22.8371	-0.144514
32	53	26.805	-16.0885	22.7092	-0.150462
32	54	26.668	-16.2042	22.5915	-0.156436
32	55	26.5524	-16.3358	22.4982	-0.163013
32	56	26.4437	-16.4698	22.4132	-0.169701
32	57	26.3416	-16.6093	22.3368	-0.176629
32	58	26.249	-16.7557	22.2719	-0.183831
32	59	26.157	-16.9037	22.209	-0.191141
32	60	26.0679	-17.0555	22.151	-0.19863
32	61	25.9821	-17.2134	22.0987	-0.206404
32	62	25.8988	-17.3773	22.0516	-0.21445
32	63	25.8208	-17.5471	22.0122	-0.222744
32	64	25.75	-17.7215	21.9825	-0.231192
32	65	25.6818	-17.901	21.9581	-0.239862
32	66	25.6197	-18.0849	21.9422	-0.248674
32	67	25.5605	-18.2703	21.9314	-0.257531
32	68	25.5087	-18.4573	21.9297	-0.266379
32	69	25.4605	-18.644	21.9333	-0.275168
32	70	25.4168	-18.8351	21.944	-0.284093
32	71	25.3751	-19.0297	21.9595	-0.293133
32	72	25.3407	-19.2276	21.9846	-0.302201
32	73	25.3114	-19.4262	22.0166	-0.311211
32	74	25.2892	-19.6275	22.058	-0.320207
32	75	25.2708	-19.8293	22.105	-0.329131
32	76	25.2611	-20.0305	22.1616	-0.337867
32	77	25.2532	-20.232	22.2218	-0.346541
32	78	25.2546	-20.434	22.2925	-0.355042
32	79	25.2578	-20.6362	22.3666	-0.363466
32	80	25.2793	-20.8369	22.4588	-0.371481
32	81	25.3074	-21.0362	22.558	-0.379261
32	82	25.3647	-21.2305	22.6838	-0.386281
32	83	25.4258	-21.4276	22.8151	-0.393276
32	84	25.5154	-21.5989	22.9638	-0.398669
32	85	25.6064	-21.7547	23.1084	-0.403356
32	86	25.7133	-21.8897	23.2599	-0.406887
32	87	25.8274	-22.0153	23.4145	-0.409885
32	88	25.9428	-22.1404	23.5703	-0.412805
32	89	26.0682	-22.259	23.7328	-0.415263
32	90	26.1984	-22.3786	23.9003	-0.417642
32	91	26.3353	-22.4959	24.0731	-0.419788
32	92	26.4792	-22.6109	24.2514	-0.421703
32	93	26.6293	-22.724	24.4347	-0.423409
32	94	26.7844	-22.8351	24.6217	-0.424937
32	95	26.9438	-22.943	24.8114	-0.42625
32	96	27.1048	-23.05	25.0023	-0.427484
32	97	27.2678	-23.1551	25.1943	-0.428596
32	98	27.4316	-23.2603	25.387	-0.429685
32	99	27.597	-23.3648	25.5808	-0.430706
32	100	27.7638	-23.4682	25.7756	-0.431648
32	101	27.9317	-23.5692	25.9704	-0.432478
32	102	28.1033	-23.6712	26.1689	-0.433265
32	103	28.2774	-23.7731	26.3697	-0.434004
32	104	28.4532	-23.8746	26.5719	-0.434686
32	105	28.6309	-23.9756	26.7756	-0.435312
32	106	28.8108	-24.0762	26.9812	-0.435882
32	107	28.9938	-24.1758	27.1891	-0.436362
32	108	29.1791	-24.2746	27.3988	-0.436768
32	109	29.3668	-24.3697	27.6092	-0.437014
32	110	29.5572	-24.4599	27.8198	-0.437055
32	111	29.7475	-24.5479	28.0295	-0.437026
32	112	29.9364	-24.6096	28.2267	-0.436175
32	113	30.1211	-24.625	28.4008	-0.433919
32	114	30.3091	-24.6096	28.565	-0.430663
32	115	30.4997	-24.5777	28.725	-0.426882
32	116	30.6982	-24.5304	28.8864	-0.422547
32	117	30.9101	-24.4616	29.0519	-0.417396
32	118	31.1414	-24.3617	29.2234	-0.411063
32	119	31.3984	-24.2238	29.4048	-0.403271
32	120	31.6472	-24.0692	29.574	-0.39516
32	121	31.8851	-23.901	29.7298	-0.386861
32	122	32.1128	-23.7231	29.8746	-0.37847
32	123	32.3326	-23.5362	30.0108	-0.369975
32	124	32.545	-23.3386	30.1385	-0.361314
32	125	32.7482	-23.1289	30.2557	-0.352457
32	126	32.9395	-22.9081	30.3602	-0.343456
32	127	33.1181	-22.679	30.4526	-0.334395
32	128	33.2858	-22.4432	30.5348	-0.325299
32	129	33.4437	-22.2001	30.608	-0.316125
32	130	33.591	-21.9486	30.6712	-0.306839
32	131	33.7236	-21.6885	30.7204	-0.297463
32	132	33.8227	-21.4569	30.7482	-0.289319
32	133	33.8917	-21.246	30.755	-0.282105
32	134	33.9368	-21.0498	30.7444	-0.275568
33	0	-16.1785	-14.6963	20.6292	-3.04391
33	1	-16.2383	-14.4989	20.6705	-3.0537
33	2	-16.315	-14.3052	20.7308	-3.06333
33	3	-16.4152	-14.1161	20.8169	-3.07276
33	4	-16.5522	-13.9254	20.9414	-3.0823
33	5	-16.7411	-13.7106	21.1184	-3.09299
33	6	-16.8517	-13.5114	21.2202	-3.10261
33	7	-16.9247	-13.3284	21.2869	-3.11134
33	8	-16.9973	-13.1627	21.355	-3.1192
33	9	-17.0733	-13.0059	21.4281	-3.12659
33	10	-17.1494	-12.8559	21.5024	-3.13362
33	11	-17.2276	-12.7111	21.58	-3.14036
33	12	-17.3108	-12.5708	21.6635	3.13635
33	13	-17.4039	-12.4339	21.7577	3.13008
33	14	-17.5178	-12.3023	21.8736	3.12412
33	15	-17.6509	-12.1725	22.0092	3.11833
33	16	-17.8075	-12.0493	22.169	3.11294
33	17	-17.9679	-11.932	22.333	3.10789
33	18	-18.1427	-11.8338	22.5111	3.1038
33	19	-18.3255	-11.7413	22.6975	3.10003
33	20	-18.5197	-11.6646	22.8948	3.09703
33	21	-18.7162	-11.593	23.0944	3.09431
33	22	-18.915	-11.5321	23.2959	3.09211
33	23	-19.1125	-11.4756	23.496	3.09012
33	24	-19.3087	-11.4247	23.6946	3.0884
33	25	-19.5031	-11.3767	23.8913	3.08683
33	26	-19.6961	-11.332	24.0865	3.08541
33	27	-19.8881	-11.2917	24.2805	3.0842
33	28	-20.0804	-11.2554	24.4745	3.08317
33	29	-20.2722	-11.2261	24.6677	3.08244
33	30	-20.4621	-11.201	24.8588	3.08188
33	31	-20.6499	-11.1836	25.0473	3.08163
33	32	-20.8351	-11.1689	25.233	3.08149
33	33	-21.0185	-11.1603	25.4166	3.08159
33	34	-21.2	-11.1551	25.5981	3.08181
33	35	-21.3809	-11.1582	25.7785	3.08235
33	36	-21.5637	-11.176	25.9599	3.08345
33	37	-21.75	-11.201	26.1446	3.08482
33	38	-21.9406	-11.251	26.332	3.08713
33	39	-22.1183	-11.3131	26.5062	3.08983
33	40	-22.2837	-11.3929	26.6674	3.09314
33	41	-22.4385	-11.4876	26.8176	3.09695
33	42	-22.5919	-11.5834	26.9667	3.10075
33	43	-22.7376	-11.6913	27.1082	3.10495
33	44	-22.8839	-11.8004	27.2507	3.10915
33	45	-23.0281	-11.916	27.3912	3.11353
33	46	-23.1731	-12.0353	27.5332	3.11801
33	47	-23.3197	-12.1584	27.6771	3.12258
33	48	-23.4665	-12.2867	27.8218	3.12729
33	49	-23.6143	-12.4179	27.968	3.13206
33	50	-23.7636	-12.5545	28.1163	3.13697
33	51	-23.9155	-12.6928	28.2679	-3.1413
33	52	-24.0676	-12.8336	28.4204	-3.13634
33	53	-24.2186	-12.9778	28.5725	-3.13133
33	54	-24.37	-13.124	28.7258	-3.12629
33	55	-24.5237	-13.2705	28.882	-3.1213
33	56	-24.6777	-13.4191	29.0394	-3.11629
33	57	-24.8301	-13.5701	29.1959	-3.11125
33	58	-24.9801	-13.7222	29.3509	-3.10623
33	59	-25.1292	-13.8724	29.5055	-3.10132
33	60	-25.2745	-14.0229	29.6571	-3.09645
33	61	-25.4208	-14.1767	29.8105	-3.09151
33	62	-25.5689	-14.3336	29.9667	-3.08653
33	63	-25.7194	-14.4927	30.1261	-3.08153
33	64	-25.8686	-14.6553	30.2852	-3.07647
33	65	-26.0147	-14.8203	30.4422	-3.07138
33	66	-26.1582	-14.9867	30.5973	-3.06628
33	67	-26.2952	-15.156	30.7471	-3.06112
33	68	-26.4292	-15.3203	30.8943	-3.05617
33	69	-26.5144	-15.4931	30.9943	-3.05085
33	70	-26.5574	-15.6823	31.0548	-3.04491
33	71	-26.6084	-15.8744	31.1247	-3.03892
33	72	-26.6396	-16.08	31.1775	-3.03247
33	73	-26.6491	-16.3046	31.2121	-3.02535
33	74	-26.634	-16.5545	31.2272	-3.01734
33	75	-26.5925	-16.8372	31.2223	-3.00819
33	76	-26.5363	-17.1167	31.205	-2.99907
33	77	-26.4687	-17.3929	31.1787	-2.99
33	78	-26.3902	-17.6669	31.1437	-2.98092
33	79	-26.2988	-17.9388	31.0983	-2.97182
33	80	-26.1927	-18.2068	31.0403	-2.96273
33	81	-26.0725	-18.468	30.9698	-2.95374
33	82	-25.9409	-18.7215	30.889	-2.94489
33	83	-25.7999	-18.9683	30.8001	-2.93613
33	84	-25.649	-19.2102	30.7029	-2.92741
33	85	-25.4861	-19.4469	30.5952	-2.91872
33	86	-25.3098	-19.6758	30.475	-2.91012
33	87	-25.1214	-19.8942	30.3428	-2.90169
33	88	-24.9238	-20.1016	30.2011	-2.89346
33	89	-24.7183	-20.2999	30.0516	-2.88539
33	90	-24.5039	-20.4899	29.8933	-2.87742
33	91	-24.279	-20.6707	29.7244	-2.86957
33	92	-24.0438	-20.8395	29.544	-2.86193
33	93	-23.8011	-20.9948	29.3544	-2.85456
33	94	-23.5535	-21.137	29.1579	-2.84748
33	95	-23.328	-21.2475	28.9746	-2.84158
33	96	-23.1179	-21.3344	28.8	-2.83654
33	97	-22.9155	-21.4018	28.6274	-2.83217
33	98	-22.7134	-21.4468	28.4488	-2.8285
33	99	-22.5115	-21.4505	28.2579	-2.82617
33	100	-22.3018	-21.4058	28.0447	-2.82537
33	101	-22.0876	-21.3345	27.8189	-2.82541
33	102	-21.8761	-21.2552	27.5934	-2.82576
33	103	-21.6677	-21.1746	27.3702	-2.82619
33	104	-21.4624	-21.0955	27.1505	-2.82662
33	105	-21.2596	-21.0152	26.9328	-2.82712
33	106	-21.0589	-20.9333	26.7166	-2.82771
33	107	-20.8593	-20.8511	26.5014	-2.82834
33	108	-20.6606	-20.771	26.2877	-2.82891
33	109	-20.4611	-20.6873	26.0721	-2.82961
33	110	-20.2626	-20.6005	25.8565	-2.83044
33	111	-20.0654	-20.5124	25.6418	-2.83136
33	112	-19.8682	-20.4262	25.4277	-2.83222
33	113	-19.6716	-20.3391	25.214	-2.83314
33	114	-19.4756	-20.2499	25.0002	-2.83416
33	115	-19.2801	-20.159	24.7864	-2.83527
33	116	-19.0856	-20.0677	24.5734	-2.83642
33	117	-18.8938	-19.9754	24.3628	-2.83767
33	118	-18.7054	-19.8831	24.1554	-2.83898
33	119	-18.5203	-19.7913	23.9514	-2.84034
33	120	-18.3383	-19.6997	23.7503	-2.84175
33	121	-18.1599	-19.6057	23.5523	-2.84332
33	122	-17.9851	-19.5094	23.3568	-2.84507
33	123	-17.8159	-19.4069	23.1651	-2.84716
33	124	-17.6516	-19.3029	22.9778	-2.84942
33	125	-17.4952	-19.1924	22.7963	-2.85208
33	126	-17.3444	-19.0774	22.619	-2.85505
33	127	-17.2038	-18.949	22.448	-2.85877
33	128	-17.0675	-18.8042	22.2769	-2.86331
33	129	-16.9372	-18.641	22.1072	-2.86878
33	130	-16.8113	-18.4706	21.9404	-2.87471
33	131	-16.683	-18.2872	21.7687	-2.88129
33	132	-16.5447	-18.0796	21.5823	-2.88893
33	133	-16.3631	-17.8468	21.349	-2.89737
33	134	-16.2358	-17.6317	21.1742	-2.90577
33	135	-16.1524	-17.4344	21.0478	-2.91396
33	136	-16.094	-17.2448	20.9488	-2.92215
33	137	-16.0544	-17.058	20.8702	-2.93047
33	138	-16.0264	-16.872	20.8046	-2.93893
33	139	-16.008	-16.6821	20.7491	-2.94772
33	140	-15.994	-16.4884	20.6989	-2.95677
33	141	-15.9885	-16.2912	20.6582	-2.9661
33	142	-15.988	-16.092	20.6239	-2.97561
33	143	-15.9972	-15.8924	20.6008	-2.98524
33	144	-16.0103	-15.6917	20.5835	-2.99497
33	145	-16.032	-15.4918	20.5768	-3.00473
33	146	-16.0572	-15.2928	20.5756	-3.01448
33	147	-16.0907	-15.094	20.5846	-3.02427
33	148	-16.1294	-14.895	20.6007	-3.03408
38	0	30.0321	-27.5978	29.6961	-0.526139
38	1	30.0428	-27.2982	29.556	-0.517193
38	2	30.0401	-27.0014	29.4081	-0.508466
38	3	30.0276	-26.7068	29.2547	-0.499876
38	4	30.0056	-26.4127	29.0956	-0.491366
38	5	29.9752	-26.157	28.9489	-0.484074
38	6	29.9336	-25.9299	28.8069	-0.47777
38	7	29.8839	-25.7249	28.669	-0.472216
38	8	29.8125	-25.5401	28.5217	-0.467585
38	9	29.714	-25.3899	28.3661	-0.464423
38	10	29.576	-25.2699	28.189	-0.462812
38	11	29.4228	-25.163	28.0042	-0.461836
38	12	29.2684	-25.0532	27.8171	-0.460778
38	13	29.1083	-24.9458	27.626	-0.45987
38	14	28.9457	-24.8378	27.4323	-0.458974
38	15	28.7794	-24.7287	27.2349	-0.458086
38	16	28.6091	-24.6171	27.0328	-0.457173
38	17	28.4337	-24.5039	26.8255	-0.456273
38	18	28.2537	-24.3891	26.6133	-0.455379
38	19	28.0717	-24.2752	26.3999	-0.454536
38	20	27.8895	-24.1604	26.1857	-0.45365
38	21	27.708	-24.0476	25.9732	-0.452811
38	22	27.5255	-23.9376	25.761	-0.45207
38	23	27.342	-23.8279	25.548	-0.451343
38	24	27.158	-23.715	25.3332	-0.450503
38	25	26.9712	-23.6019	25.1157	-0.449689
38	26	26.7816	-23.4894	24.8961	-0.44893
38	27	26.591	-23.378	24.676	-0.448212
38	28	26.4004	-23.2684	24.4568	-0.447551
38	29	26.2103	-23.1608	24.2389	-0.446944
38	30	26.021	-23.0535	24.0218	-0.446322
38	31	25.8308	-22.9474	23.8044	-0.445752
38	32	25.6382	-22.8425	23.5854	-0.445259
38	33	25.4424	-22.746	23.3671	-0.445142
38	34	25.2407	-22.6666	23.1509	-0.445795
38	35	25.0328	-22.6103	22.9391	-0.447491
38	36	24.8167	-22.5784	22.7306	-0.450338
38	37	24.593	-22.5692	22.5253	-0.454293
38	38	24.3764	-22.5815	22.3363	-0.459043
38	39	24.166	-22.612	22.1615	-0.464483
38	40	23.9588	-22.6572	21.997	-0.470539
38	41	23.7532	-22.7116	21.8388	-0.477027
38	42	23.5486	-22.7728	21.6857	-0.483866
38	43	23.3446	-22.8392	21.5366	-0.491005
38	44	23.1419	-22.911	21.3922	-0.498433
38	45	22.9418	-22.9893	21.2546	-0.506165
38	46	22.7462	-23.0728	21.1246	-0.514112
38	47	22.5554	-23.1586	21.0013	-0.522141
38	48	22.3693	-23.2459	20.8843	-0.530204
38	49	22.1864	-23.3363	20.7729	-0.538416
38	50	22.0067	-23.4307	20.6678	-0.546795
38	51	21.8302	-23.5286	20.5687	-0.555321
38	52	21.6577	-23.6307	20.4766	-0.564001
38	53	21.4898	-23.737	20.3924	-0.572805
38	54	21.3274	-23.8468	20.3162	-0.581684
38	55	21.172	-23.963	20.2511	-0.590692
38	56	21.024	-24.0848	20.1968	-0.599782
38	57	20.8912	-24.2215	20.1652	-0.609097
38	58	20.7648	-24.3685	20.1465	-0.618668
38	59	20.654	-24.5355	20.1541	-0.628609
38	60	20.5519	-24.6962	20.1669	-0.638029
38	61	20.4772	-24.865	20.2083	-0.64694
38	62	20.4076	-25.0321	20.2542	-0.655595
38	63	20.3535	-25.2063	20.3182	-0.664016
38	64	20.3009	-25.3829	20.3864	-0.672429
38	65	20.2564	-25.5634	20.4647	-0.680682
38	66	20.2141	-25.7477	20.5485	-0.688947
38	67	20.1809	-25.936	20.6433	-0.697011
38	68	20.1494	-26.1253	20.7412	-0.704984
38	69	20.1262	-26.3145	20.8468	-0.712619
38	70	20.1034	-26.5078	20.9566	-0.720306
38	71	20.0848	-26.7042	21.0727	-0.727896
38	72	20.0689	-26.9014	21.1927	-0.735342
38	73	20.0557	-27.1036	21.3191	-0.742791
38	74	20.045	-27.3078	21.45	-0.75014
38	75	20.0388	-27.5109	21.5844	-0.757221
38	76	20.0332	-27.7161	21.7218	-0.764264
38	77	20.0295	-27.922	21.8621	-0.771181
38	78	20.028	-28.1274	22.0047	-0.77792
38	79	20.0282	-28.3361	22.1518	-0.784628
38	80	20.0326	-28.5469	22.3044	-0.791174
38	81	20.0436	-28.7576	22.4624	-0.797421
38	82	20.0618	-28.9685	22.6264	-0.803355
38	83	20.0867	-29.1773	22.7944	-0.808929
38	84	20.1229	-29.3813	22.9672	-0.813922
38	85	20.1685	-29.5796	23.1429	-0.818372
38	86	20.2316	-29.772	23.3267	-0.822032
38	87	20.3021	-29.9643	23.5156	-0.825403
38	88	20.3975	-30.1517	23.7181	-0.827807
38	89	20.4933	-30.3261	23.9114	-0.829793
38	90	20.6105	-30.4748	24.1003	-0.830369
38	91	20.7327	-30.6143	24.2856	-0.83053
38	92	20.8696	-30.7395	24.4704	-0.82985
38	93	21.0103	-30.8621	24.6559	-0.828995
38	94	21.1569	-30.9805	24.8422	-0.827866
38	95	21.3084	-31.0962	25.03	-0.826534
38	96	21.4647	-31.2072	25.2175	-0.824957
38	97	21.6242	-31.3166	25.4061	-0.82327
38	98	21.788	-31.4244	25.5966	-0.821438
38	99	21.9562	-31.5318	25.7899	-0.8195
38	100	22.1288	-31.6393	25.9863	-0.817467
38	101	22.305	-31.7469	26.1854	-0.815371
38	102	22.4836	-31.8543	26.386	-0.813235
38	103	22.6632	-31.9604	26.5866	-0.811068
38	104	22.8427	-32.0661	26.7869	-0.80893
38	105	23.0229	-32.1702	26.9867	-0.806761
38	106	23.205	-32.2719	27.1862	-0.804509
38	107	23.3889	-32.3734	27.3869	-0.802242
38	108	23.5743	-32.4761	27.5897	-0.8
38	109	23.7618	-32.578	27.7935	-0.797714
38	110	23.9506	-32.6776	27.9967	-0.795373
38	111	24.1395	-32.7743	28.1981	-0.79299
38	112	24.3284	-32.8702	28.399	-0.790619
38	113	24.5168	-32.9657	28.5995	-0.788285
38	114	24.7064	-33.0613	28.801	-0.78596
38	115	24.8983	-33.1551	29.0031	-0.783561
38	116	25.0942	-33.2388	29.201	-0.780857
38	117	25.2929	-33.2967	29.3831	-0.777498
38	118	25.493	-33.3087	29.5345	-0.773034
38	119	25.7015	-33.2781	29.6628	-0.767387
38	120	25.914	-33.2211	29.7767	-0.761056
38	121	26.1352	-33.1401	29.8818	-0.753985
38	122	26.3718	-33.0321	29.9813	-0.74596
38	123	26.6323	-32.8935	30.0799	-0.736699
38	124	26.8877	-32.7465	30.1716	-0.7274
38	125	27.1396	-32.5902	30.2572	-0.718008
38	126	27.3872	-32.4215	30.334	-0.708448
38	127	27.6267	-32.2375	30.3976	-0.698725
38	128	27.8541	-32.0399	30.4461	-0.688952
38	129	28.0687	-31.8329	30.4815	-0.679233
38	130	28.2732	-31.6188	30.5076	-0.669561
38	131	28.4698	-31.3971	30.5256	-0.659869
38	132	28.658	-31.1658	30.5339	-0.650106
38	133	28.835	-30.9243	30.5301	-0.6403
38	134	28.999	-30.6751	30.5142	-0.630541
38	135	29.151	-30.421	30.4886	-0.62087
38	136	29.2935	-30.1628	30.4557	-0.61125
38	137	29.4276	-29.8987	30.4153	-0.601611
38	138	29.5513	-29.6267	30.3648	-0.591919
38	139	29.6611	-29.3467	30.3011	-0.582229
38	140	29.7551	-29.0619	30.2244	-0.572649
38	141	29.8349	-28.7752	30.1375	-0.56322
38	142	29.9032	-28.4869	30.0427	-0.553889
38	143	29.9607	-28.1949	29.9393	-0.544585
38	144	30.0047	-27.898	29.8244	-0.535305
39	0	-13.1029	-24.4614	21.0567	-2.54805
39	1	-13.1002	-24.2501	20.9369	-2.55635
39	2	-13.1011	-24.039	20.8219	-2.56483
39	3	-13.1064	-23.8287	20.7124	-2.57347
39	4	-13.1153	-23.6149	20.6057	-2.58245
39	5	-13.1297	-23.399	20.5042	-2.59175
39	6	-13.1513	-23.1834	20.4109	-2.60131
39	7	-13.1787	-22.9689	20.3251	-2.61106
39	8	-13.2116	-22.7556	20.2465	-2.62096
39	9	-13.2504	-22.544	20.1759	-2.63102
39	10	-13.2969	-22.3346	20.1152	-2.64123
39	11	-13.3535	-22.1282	20.0669	-2.65161
39	12	-13.4245	-21.927	20.036	-2.66214
39	13	-13.5127	-21.7308	20.025	-2.67286
39	14	-13.6195	-21.5396	20.035	-2.68378
39	15	-13.7486	-21.3549	20.0704	-2.69488
39	16	-13.8911	-21.1901	20.1289	-2.70532
39	17	-14.048	-21.0452	20.2108	-2.7151
39	18	-14.2183	-20.9162	20.3133	-2.72435
39	19	-14.3947	-20.7964	20.4269	-2.73322
39	20	-14.575	-20.6822	20.5477	-2.7418
39	21	-14.7588	-20.5721	20.6749	-2.75016
39	22	-14.9465	-20.4664	20.8088	-2.75831
39	23	-15.1379	-20.3673	20.9499	-2.76611
39	24	-15.3317	-20.2758	21.0972	-2.77351
39	25	-15.5269	-20.1921	21.2497	-2.78049
39	26	-15.7227	-20.1158	21.4064	-2.78706
39	27	-15.92	-20.0481	21.5683	-2.79317
39	28	-16.1213	-19.9927	21.7389	-2.79873
39	29	-16.3294	-19.9521	21.9216	-2.80367
39	30	-16.548	-19.9282	22.12	-2.80797
39	31	-16.7797	-19.9252	22.3382	-2.81149
39	32	-17.0091	-19.9432	22.5611	-2.81403
39	33	-17.2355	-19.9832	22.7884	-2.81556
39	34	-17.4598	-20.0433	23.0201	-2.81621
39	35	-17.682	-20.1157	23.2538	-2.81631
39	36	-17.9013	-20.1921	23.486	-2.81622
39	37	-18.1195	-20.2712	23.718	-2.816
39	38	-18.3375	-20.3529	23.9507	-2.81568
39	39	-18.5553	-20.4375	24.1841	-2.81525
39	40	-18.7719	-20.5249	24.4174	-2.8147
39	41	-18.9861	-20.614	24.6488	-2.81407
39	42	-19.1973	-20.7034	24.8775	-2.8134
39	43	-19.4062	-20.7925	25.1041	-2.81272
39	44	-19.614	-20.8823	25.3296	-2.81201
39	45	-19.8215	-20.9726	25.5553	-2.8113
39	46	-20.0287	-21.0638	25.7809	-2.81056
39	47	-20.2347	-21.1556	26.0055	-2.8098
39	48	-20.4387	-21.2479	26.2284	-2.809
39	49	-20.641	-21.3405	26.4499	-2.80819
39	50	-20.8422	-21.4342	26.6707	-2.80734
39	51	-21.043	-21.5302	26.8919	-2.80641
39	52	-21.2411	-21.6281	27.1112	-2.80541
39	53	-21.4358	-21.7289	27.3283	-2.80428
39	54	-21.6241	-21.8316	27.5399	-2.80302
39	55	-21.8056	-21.9319	27.7445	-2.80178
39	56	-21.9799	-22.0334	27.9426	-2.80044
39	57	-22.1492	-22.1348	28.1362	-2.79905
39	58	-22.2931	-22.255	28.3122	-2.79676
39	59	-22.4152	-22.3979	28.4756	-2.79349
39	60	-22.5144	-22.5697	28.6276	-2.78903
39	61	-22.6066	-22.7602	28.7803	-2.78393
39	62	-22.6885	-22.9792	28.9342	-2.77783
39	63	-22.7607	-23.2316	29.0923	-2.7706
39	64	-22.8206	-23.5268	29.2562	-2.76194
39	65	-22.8647	-23.8234	29.4083	-2.75313
39	66	-22.8959	-24.1204	29.5508	-2.74422
39	67	-22.9149	-24.4191	29.6851	-2.73519
39	68	-22.9198	-24.7204	29.81	-2.72598
39	69	-22.9082	-25.0225	29.9226	-2.71658
39	70	-22.8805	-25.3222	30.0224	-2.70711
39	71	-22.8393	-25.6186	30.1111	-2.6976
39	72	-22.7858	-25.9132	30.1907	-2.68803
39	73	-22.7181	-26.2073	30.2601	-2.67831
39	74	-22.6328	-26.4993	30.3158	-2.66844
39	75	-22.5294	-26.7852	30.3556	-2.6585
39	76	-22.4115	-27.0624	30.3814	-2.64862
39	77	-22.2821	-27.3321	30.3965	-2.63879
39	78	-22.1416	-27.5966	30.4023	-2.62894
39	79	-21.9878	-27.8559	30.397	-2.61902
39	80	-21.8195	-28.1073	30.3781	-2.60909
39	81	-21.6385	-28.3483	30.346	-2.59921
39	82	-21.4475	-28.5794	30.3032	-2.58943
39	83	-21.2468	-28.8023	30.2507	-2.57968
39	84	-21.0344	-29.0174	30.187	-2.5699
39	85	-20.8085	-29.2219	30.1091	-2.56013
39	86	-20.5715	-29.4125	30.0171	-2.55048
39	87	-20.3275	-29.5889	29.9142	-2.54104
39	88	-20.1073	-29.7307	29.8136	-2.53294
39	89	-19.902	-29.8457	29.7117	-2.52582
39	90	-19.7025	-29.9363	29.6017	-2.51943
39	91	-19.5072	-29.9882	29.4737	-2.51413
39	92	-19.3124	-29.9937	29.3195	-2.51008
39	93	-19.1105	-29.9648	29.1396	-2.50679
39	94	-18.9058	-29.9256	28.9517	-2.50369
39	95	-18.6979	-29.8802	28.7577	-2.50065
39	96	-18.4898	-29.8305	28.5613	-2.49769
39	97	-18.2807	-29.7769	28.3621	-2.49477
39	98	-18.0686	-29.7212	28.1594	-2.49181
39	99	-17.8547	-29.6622	27.9535	-2.48887
39	100	-17.6375	-29.5997	27.7431	-2.4859
39	101	-17.4167	-29.5332	27.5277	-2.48292
39	102	-17.1959	-29.4635	27.3105	-2.47999
39	103	-16.9752	-29.3919	27.0925	-2.47707
39	104	-16.7566	-29.3193	26.8758	-2.47419
39	105	-16.5387	-29.2463	26.6595	-2.47128
39	106	-16.3196	-29.1725	26.4421	-2.46832
39	107	-16.099	-29.0965	26.2224	-2.46534
39	108	-15.8776	-29.0173	26.0002	-2.46238
39	109	-15.6568	-28.9347	25.7767	-2.45949
39	110	-15.4374	-28.8498	25.5529	-2.45666
39	111	-15.2194	-28.7623	25.3288	-2.45389
39	112	-15.0048	-28.67	25.1045	-2.45131
39	113	-14.7949	-28.5686	24.8782	-2.44908
39	114	-14.5973	-28.4537	24.6528	-2.44755
39	115	-14.4114	-28.3216	24.4254	-2.44684
39	116	-14.2366	-28.1727	24.1958	-2.44694
39	117	-14.0742	-28.0058	23.9641	-2.44795
39	118	-13.9377	-27.8353	23.7502	-2.4498
39	119	-13.8242	-27.6602	23.5512	-2.45245
39	120	-13.7288	-27.4814	23.3641	-2.45576
39	121	-13.6457	-27.2999	23.1849	-2.45954
39	122	-13.5704	-27.1162	23.0109	-2.46368
39	123	-13.5007	-26.9273	22.8384	-2.46821
39	124	-13.4355	-26.733	22.6666	-2.47311
39	125	-13.377	-26.5336	22.4973	-2.47846
39	126	-13.325	-26.3306	22.3317	-2.48419
39	127	-13.2809	-26.1259	22.1722	-2.49028
39	128	-13.2432	-25.9217	22.0188	-2.49662
39	129	-13.212	-25.7192	21.8726	-2.50316
39	130	-13.1823	-25.5135	21.7267	-2.50995
39	131	-13.1559	-25.3047	21.5826	-2.51703
39	132	-13.1335	-25.0936	21.4416	-2.52441
39	133	-13.1178	-24.882	21.307	-2.53208
39	134	-13.1085	-24.6725	21.18	-2.53994
43	0	25.2509	-37.12	32.1535	-0.863261
43	1	25.2949	-36.8268	31.96	-0.856252
43	2	25.3252	-36.5306	31.7569	-0.84942
43	3	25.3412	-36.2341	31.5455	-0.842831
43	4	25.3448	-35.9391	31.3283	-0.83648
43	5	25.3382	-35.6452	31.1062	-0.830306
43	6	25.3216	-35.351	30.8784	-0.824274
43	7	25.293	-35.0565	30.6433	-0.818435
43	8	25.2511	-34.8002	30.428	-0.813684
43	9	25.1966	-34.5735	30.226	-0.809845
43	10	25.1305	-34.3704	30.0335	-0.806773
43	11	25.0458	-34.1879	29.8431	-0.804592
43	12	24.93	-34.0478	29.6619	-0.804129
43	13	24.7765	-33.9367	29.4754	-0.805264
43	14	24.6292	-33.8155	29.286	-0.806025
43	15	24.4746	-33.7021	29.0971	-0.807158
43	16	24.3149	-33.5914	28.9068	-0.808502
43	17	24.1511	-33.4795	28.7127	-0.809935
43	18	23.9816	-33.3672	28.5145	-0.811526
43	19	23.8086	-33.2559	28.3148	-0.813252
43	20	23.632	-33.1472	28.1145	-0.815158
43	21	23.4539	-33.0398	27.9142	-0.817163
43	22	23.2747	-32.9334	27.7141	-0.819253
43	23	23.0946	-32.8268	27.5134	-0.821389
43	24	22.9132	-32.7198	27.3115	-0.823582
43	25	22.7299	-32.6123	27.1081	-0.82585
43	26	22.5444	-32.5051	26.9036	-0.828217
43	27	22.3571	-32.3991	26.6989	-0.830699
43	28	22.1688	-32.2943	26.4947	-0.83328
43	29	21.9798	-32.1905	26.2909	-0.835945
43	30	21.7902	-32.0868	26.0869	-0.838674
43	31	21.5991	-31.983	25.8821	-0.841482
43	32	21.4061	-31.8795	25.6764	-0.844401
43	33	21.2111	-31.7777	25.4709	-0.847472
43	34	21.0148	-31.6792	25.2673	-0.850714
43	35	20.8183	-31.5834	25.0658	-0.854087
43	36	20.6212	-31.4934	24.8687	-0.857684
43	37	20.4246	-31.416	24.6817	-0.861659
43	38	20.2272	-31.3564	24.5081	-0.866187
43	39	20.0259	-31.3112	24.3437	-0.871285
43	40	19.8185	-31.281	24.1874	-0.877042
43	41	19.6022	-31.2657	24.0379	-0.883555
43	42	19.3958	-31.2716	23.912	-0.890383
43	43	19.1965	-31.2935	23.8043	-0.897469
43	44	19.0049	-31.3355	23.7183	-0.904891
43	45	18.8156	-31.3847	23.6407	-0.912472
43	46	18.6303	-31.4447	23.5755	-0.920246
43	47	18.4464	-31.5062	23.5138	-0.928051
43	48	18.2638	-31.575	23.4602	-0.936042
43	49	18.0802	-31.6461	23.4093	-0.944159
43	50	17.8978	-31.7243	23.3665	-0.952442
43	51	17.7127	-31.8054	23.3261	-0.960925
43	52	17.5273	-31.8932	23.2928	-0.969607
43	53	17.343	-31.9856	23.2656	-0.978391
43	54	17.1592	-32.0828	23.2446	-0.987281
43	55	16.9767	-32.1833	23.2288	-0.996222
43	56	16.7965	-32.2875	23.2193	-1.00518
43	57	16.6172	-32.3949	23.2148	-1.01418
43	58	16.4391	-32.5061	23.216	-1.02322
43	59	16.2653	-32.6243	23.2274	-1.03226
43	60	16.0988	-32.7514	23.2521	-1.04121
43	61	15.947	-32.8933	23.2988	-1.04991
43	62	15.8046	-33.0467	23.3618	-1.05846
43	63	15.6765	-33.2171	23.4483	-1.06679
43	64	15.5669	-33.3867	23.5446	-1.07434
43	65	15.4835	-33.5596	23.6574	-1.08093
43	66	15.4077	-33.7321	23.7744	-1.08715
43	67	15.3471	-33.9087	23.9029	-1.09283
43	68	15.2907	-34.0861	24.0348	-1.09831
43	69	15.2381	-34.2672	24.1725	-1.10366
43	70	15.1891	-34.4526	24.3163	-1.10889
43	71	15.1486	-34.6424	24.4686	-1.11383
43	72	15.1124	-34.834	24.6247	-1.11858
43	73	15.0859	-35.0256	24.7857	-1.12292
43	74	15.0625	-35.2196	24.9507	-1.12713
43	75	15.045	-35.4147	25.1196	-1.1311
43	76	15.0298	-35.609	25.2891	-1.13491
43	77	15.0224	-35.8011	25.4603	-1.13836
43	78	15.0144	-35.9957	25.6338	-1.14183
43	79	15.0132	-36.1918	25.8117	-1.14503
43	80	15.0156	-36.3869	25.9905	-1.14804
43	81	15.0229	-36.5845	26.1739	-1.15089
43	82	15.035	-36.7826	26.3597	-1.15353
43	83	15.0515	-36.9787	26.5459	-1.15596
43	84	15.0743	-37.1709	26.7309	-1.15807
43	85	15.0986	-37.3644	26.918	-1.16013
43	86	15.1285	-37.5577	27.1073	-1.16196
43	87	15.1609	-37.7498	27.2964	-1.16367
43	88	15.1997	-37.9439	27.4901	-1.16517
43	89	15.242	-38.1385	27.6856	-1.16654
43	90	15.2918	-38.3297	27.881	-1.1676
43	91	15.3453	-38.5208	28.0777	-1.16852
43	92	15.4029	-38.7098	28.2742	-1.16926
43	93	15.4647	-38.8982	28.4718	-1.16985
43	94	15.5276	-39.0868	28.6699	-1.1704
43	95	15.5984	-39.2723	28.8684	-1.17064
43	96	15.6711	-39.4582	29.0679	-1.17083
43	97	15.7597	-39.637	29.2671	-1.17042
43	98	15.8569	-39.8095	29.4639	-1.16966
43	99	15.9739	-39.9703	29.6576	-1.16815
43	100	16.1039	-40.1237	29.8498	-1.16616
43	101	16.2387	-40.2537	30.0224	-1.16373
43	102	16.3764	-40.3599	30.1745	-1.16093
43	103	16.5174	-40.4486	30.3123	-1.15784
43	104	16.6629	-40.5223	30.4383	-1.15443
43	105	16.8095	-40.5901	30.5598	-1.15094
43	106	16.9595	-40.6528	30.6784	-1.14731
43	107	17.1132	-40.7121	30.7958	-1.14355
43	108	17.2713	-40.7681	30.9126	-1.13965
43	109	17.4352	-40.8205	31.029	-1.13555
43	110	17.6041	-40.8733	31.1483	-1.13135
43	111	17.779	-40.9223	31.2673	-1.12695
43	112	17.9578	-40.9727	31.39	-1.1225
43	113	18.1418	-41.0191	31.5119	-1.11788
43	114	18.3273	-41.0652	31.6349	-1.11324
43	115	18.5158	-41.1062	31.7552	-1.10849
43	116	18.7062	-41.1474	31.8774	-1.10372
43	117	18.8999	-41.1847	31.9984	-1.09884
43	118	19.0966	-41.2213	32.1207	-1.0939
43	119	19.2963	-41.2538	32.2417	-1.08886
43	120	19.498	-41.284	32.3623	-1.08377
43	121	19.701	-41.3104	32.4811	-1.07862
43	122	19.9047	-41.3346	32.5992	-1.07347
43	123	20.1094	-41.3563	32.7163	-1.06829
43	124	20.3158	-41.3762	32.8336	-1.06307
43	125	20.5245	-41.3935	32.9506	-1.05779
43	126	20.7358	-41.4079	33.0674	-1.05244
43	127	20.9509	-41.4216	33.1863	-1.04701
43	128	21.1688	-41.434	33.3066	-1.04153
43	129	21.3888	-41.445	33.4276	-1.03602
43	130	21.6105	-41.4547	33.5495	-1.03048
43	131	21.8344	-41.4647	33.6738	-1.02493
43	132	22.0609	-41.474	33.7998	-1.01935
43	133	22.2891	-41.4739	33.9199	-1.01361
43	134	22.4949	-41.4326	33.9942	-1.00783
43	135	22.6882	-41.3454	34.0242	-1.00166
43	136	22.8739	-41.2365	34.0332	-0.99534
43	137	23.0563	-41.1088	34.0261	-0.988802
43	138	23.239	-40.9581	34.0015	-0.981875
43	139	23.4253	-40.7771	33.9554	-0.974352
43	140	23.6217	-40.5582	33.8858	-0.965928
43	141	23.8102	-40.3321	33.8082	-0.95754
43	142	23.9916	-40.0982	33.7225	-0.949149
43	143	24.1638	-39.8553	33.6266	-0.940778
43	144	24.3243	-39.6044	33.5195	-0.932499
43	145	24.4727	-39.348	33.4031	-0.924358
43	146	24.6107	-39.0874	33.2793	-0.916329
43	147	24.7398	-38.8216	33.148	-0.90836
43	148	24.8586	-38.5486	33.007	-0.900435
43	149	24.9642	-38.2684	32.8539	-0.892617
43	150	25.0544	-37.9834	32.6896	-0.885
43	151	25.1306	-37.697	32.5171	-0.877606
43	152	25.1957	-37.4097	32.3385	-0.87038
44	0	-9.56254	-35.2329	26.4963	-2.12371
44	1	-9.55022	-35.0207	26.3095	-2.12754
44	2	-9.54055	-34.8105	26.1261	-2.13148
44	3	-9.53569	-34.5999	25.9454	-2.13564
44	4	-9.53688	-34.3901	25.7691	-2.14003
44	5	-9.54165	-34.1823	25.5969	-2.14457
44	6	-9.5516	-33.9768	25.43	-2.14928
44	7	-9.56276	-33.7733	25.266	-2.15405
44	8	-9.57869	-33.572	25.107	-2.159
44	9	-9.59664	-33.3724	24.9513	-2.16404
44	10	-9.61999	-33.1752	24.8012	-2.16926
44	11	-9.64648	-32.9803	24.6554	-2.1746
44	12	-9.68094	-32.7876	24.5167	-2.18022
44	13	-9.7193	-32.5967	24.3826	-2.186
44	14	-9.76945	-32.4093	24.2589	-2.19214
44	15	-9.82955	-32.2248	24.1444	-2.19862
44	16	-9.90426	-32.0426	24.0414	-2.20558
44	17	-9.99531	-31.8607	23.9496	-2.21315
44	18	-10.09	-31.6943	23.8737	-2.2205
44	19	-10.1968	-31.5422	23.8179	-2.22793
44	20	-10.3091	-31.397	23.7722	-2.2354
44	21	-10.4334	-31.2618	23.7431	-2.24303
44	22	-10.5622	-31.1304	23.7212	-2.25073
44	23	-10.6965	-31.002	23.7065	-2.25854
44	24	-10.8364	-30.8775	23.6999	-2.26644
44	25	-10.9793	-30.7553	23.6984	-2.27437
44	26	-11.1265	-30.6382	23.7051	-2.2823
44	27	-11.2767	-30.5209	23.7151	-2.29033
44	28	-11.4304	-30.4039	23.7292	-2.29846
44	29	-11.5886	-30.2892	23.7495	-2.30664
44	30	-11.7494	-30.1761	23.7744	-2.31485
44	31	-11.9153	-30.0654	23.8062	-2.32312
44	32	-12.0837	-29.9556	23.8419	-2.33142
44	33	-12.2555	-29.8512	23.8855	-2.33965
44	34	-12.428	-29.7477	23.9319	-2.34784
44	35	-12.6033	-29.6498	23.9857	-2.35591
44	36	-12.779	-29.5537	24.0427	-2.3639
44	37	-12.9593	-29.4691	24.1126	-2.37165
44	38	-13.1409	-29.3904	24.1889	-2.37921
44	39	-13.3314	-29.3311	24.2864	-2.3864
44	40	-13.5281	-29.2778	24.3936	-2.39352
44	41	-13.7374	-29.2478	24.5272	-2.40022
44	42	-13.9366	-29.2293	24.6621	-2.40622
44	43	-14.1283	-29.2375	24.81	-2.41116
44	44	-14.3149	-29.254	24.9603	-2.41566
44	45	-14.4972	-29.2852	25.1175	-2.41955
44	46	-14.6802	-29.3173	25.2763	-2.42338
44	47	-14.8634	-29.3558	25.4397	-2.42698
44	48	-15.0481	-29.3975	25.6067	-2.43047
44	49	-15.2348	-29.4436	25.7784	-2.43385
44	50	-15.4242	-29.4927	25.9543	-2.43715
44	51	-15.6159	-29.5453	26.1347	-2.44037
44	52	-15.8096	-29.6001	26.3181	-2.44353
44	53	-16.0038	-29.6574	26.5039	-2.44658
44	54	-16.1975	-29.7158	26.6902	-2.44955
44	55	-16.39	-29.774	26.8756	-2.45245
44	56	-16.5799	-29.8334	27.06	-2.45522
44	57	-16.7724	-29.8957	27.2485	-2.45793
44	58	-16.9673	-29.9604	27.4406	-2.46059
44	59	-17.1647	-30.0259	27.6352	-2.46324
44	60	-17.3632	-30.093	27.832	-2.46584
44	61	-17.5616	-30.1613	28.0296	-2.46837
44	62	-17.7576	-30.2331	28.2277	-2.47071
44	63	-17.954	-30.3041	28.4258	-2.47305
44	64	-18.1521	-30.3748	28.6252	-2.4754
44	65	-18.3507	-30.4485	28.827	-2.47765
44	66	-18.5502	-30.5234	29.0302	-2.47985
44	67	-18.7507	-30.5997	29.2354	-2.482
44	68	-18.9422	-30.6889	29.4414	-2.4836
44	69	-19.1015	-30.8	29.6354	-2.48392
44	70	-19.2341	-30.941	29.8265	-2.48289
44	71	-19.356	-31.0954	30.0174	-2.48131
44	72	-19.4684	-31.2656	30.2107	-2.47914
44	73	-19.577	-31.4547	30.4127	-2.47644
44	74	-19.6813	-31.6718	30.6291	-2.47296
44	75	-19.7834	-31.926	30.867	-2.46855
44	76	-19.8768	-32.185	31.1018	-2.46391
44	77	-19.9619	-32.4491	31.3341	-2.45905
44	78	-20.0362	-32.7183	31.562	-2.45391
44	79	-20.0978	-32.9909	31.783	-2.44851
44	80	-20.1467	-33.2646	31.9961	-2.44291
44	81	-20.1852	-33.5381	32.2019	-2.43718
44	82	-20.2148	-33.8119	32.4023	-2.43133
44	83	-20.2356	-34.087	32.5982	-2.42535
44	84	-20.2465	-34.3641	32.7889	-2.41919
44	85	-20.2461	-34.642	32.973	-2.41286
44	86	-20.2343	-34.919	33.1494	-2.40639
44	87	-20.2126	-35.1942	33.3186	-2.39983
44	88	-20.1823	-35.468	33.4819	-2.39319
44	89	-20.1433	-35.7415	33.6402	-2.38644
44	90	-20.094	-36.0153	33.7927	-2.37954
44	91	-20.0323	-36.2882	33.9374	-2.37247
44	92	-19.9576	-36.558	34.0723	-2.36525
44	93	-19.872	-36.8228	34.1976	-2.35798
44	94	-19.7782	-37.0825	34.3154	-2.35068
44	95	-19.6766	-37.3377	34.4263	-2.34337
44	96	-19.5811	-37.5519	34.5137	-2.33706
44	97	-19.4846	-37.7326	34.5776	-2.33143
44	98	-19.3914	-37.8917	34.629	-2.32631
44	99	-19.2889	-38.029	34.6591	-2.32144
44	100	-19.1871	-38.156	34.6829	-2.31679
44	101	-19.0718	-38.2663	34.6861	-2.31219
44	102	-18.9684	-38.3877	34.7061	-2.30763
44	103	-18.8356	-38.4721	34.6797	-2.30316
44	104	-18.6608	-38.5231	34.6011	-2.29842
44	105	-18.4859	-38.5915	34.5364	-2.29332
44	106	-18.3041	-38.6537	34.4633	-2.28817
44	107	-18.1195	-38.7149	34.3885	-2.28296
44	108	-17.9319	-38.7769	34.3133	-2.27764
44	109	-17.7419	-38.8393	34.2379	-2.27223
44	110	-17.5481	-38.9022	34.1613	-2.26671
44	111	-17.3517	-38.9637	34.0832	-2.26113
44	112	-17.1525	-39.0238	34.0032	-2.25549
44	113	-16.9524	-39.0821	33.9224	-2.24984
44	114	-16.7509	-39.1396	33.8412	-2.24413
44	115	-16.5487	-39.196	33.7597	-2.23841
44	116	-16.3443	-39.2519	33.6776	-2.23262
44	117	-16.138	-39.307	33.5949	-2.22676
44	118	-15.9282	-39.3615	33.5107	-2.22081
44	119	-15.7159	-39.4134	33.4241	-2.21481
44	120	-15.5013	-39.4629	33.3354	-2.20877
44	121	-15.2859	-39.5103	33.2458	-2.20272
44	122	-15.0693	-39.5569	33.1562	-2.19662
44	123	-14.8517	-39.6023	33.0661	-2.19048
44	124	-14.6318	-39.6467	32.9752	-2.18427
44	125	-14.4092	-39.6893	32.8825	-2.17799
44	126	-14.1834	-39.7293	32.7871	-2.17164
44	127	-13.9553	-39.7652	32.6885	-2.16526
44	128	-13.7272	-39.7942	32.5854	-2.15896
44	129	-13.5004	-39.8129	32.4758	-2.15283
44	130	-13.2767	-39.8141	32.3543	-2.14704
44	131	-13.0529	-39.7965	32.2181	-2.14151
44	132	-12.8268	-39.7634	32.0685	-2.13614
44	133	-12.5946	-39.7116	31.9009	-2.13086
44	134	-12.3714	-39.6448	31.7261	-2.12602
44	135	-12.1541	-39.5634	31.5427	-2.12152
44	136	-11.9426	-39.4678	31.3508	-2.11737
44	137	-11.7358	-39.359	31.1506	-2.11352
44	138	-11.534	-39.2427	30.947	-2.10987
44	139	-11.3363	-39.1213	30.7415	-2.10638
44	140	-11.1422	-38.9949	30.534	-2.10303
44	141	-10.9515	-38.8629	30.3235	-2.09982
44	142	-10.766	-38.7222	30.1086	-2.09685
44	143	-10.5885	-38.5671	29.8854	-2.09432
44	144	-10.4207	-38.3947	29.6523	-2.09233
44	145	-10.2623	-38.2021	29.4064	-2.09092
44	146	-10.1315	-38.0082	29.1731	-2.09033
44	147	-10.0237	-37.8106	28.9481	-2.09049
44	148	-9.93886	-37.6077	28.7298	-2.09144
44	149	-9.87362	-37.3981	28.5156	-2.09311
44	150	-9.81987	-37.1853	28.3045	-2.09521
44	151	-9.77296	-36.97	28.0947	-2.0976
44	152	-9.73152	-36.7526	27.886	-2.10024
44	153	-9.69474	-36.5337	27.6786	-2.10309
44	154	-9.66224	-36.3144	27.4733	-2.10612
44	155	-9.63403	-36.0956	27.2709	-2.10932
44	156	-9.61108	-35.8777	27.0722	-2.11272
44	157	-9.59234	-35.6613	26.8773	-2.11628
44	158	-9.57641	-35.4464	26.6855	-2.11995
48	0	23.3079	-43.9745	36.5839	-1.02612
48	1	23.2307	-43.6917	36.3021	-1.0239
48	2	23.1437	-43.4142	36.0198	-1.02196
48	3	23.0481	-43.141	35.7369	-1.02025
48	4	22.9577	-42.9088	35.4918	-1.019
48	5	22.8679	-42.709	35.2745	-1.0182
48	6	22.7733	-42.5351	35.0769	-1.0179
48	7	22.6669	-42.3846	34.893	-1.01823
48	8	22.5469	-42.2721	34.7342	-1.01947
48	9	22.3907	-42.2192	34.6075	-1.02251
48	10	22.2192	-42.1938	34.4967	-1.02637
48	11	22.0435	-42.174	34.3891	-1.03044
48	12	21.8648	-42.1564	34.2823	-1.03465
48	13	21.6837	-42.1384	34.1747	-1.03893
48	14	21.5007	-42.1198	34.0661	-1.04329
48	15	21.3151	-42.1044	33.9598	-1.04778
48	16	21.1271	-42.0857	33.85	-1.05232
48	17	20.936	-42.0607	33.7339	-1.05687
48	18	20.7408	-42.0318	33.6132	-1.0615
48	19	20.5424	-42.0062	33.4945	-1.0663
48	20	20.3418	-41.9813	33.3762	-1.0712
48	21	20.1402	-41.9564	33.2581	-1.07617
48	22	19.938	-41.9334	33.1423	-1.08121
48	23	19.7357	-41.9085	33.0256	-1.08626
48	24	19.5332	-41.8784	32.905	-1.09128
48	25	19.3293	-41.8453	32.782	-1.09633
48	26	19.1228	-41.815	32.6612	-1.10153
48	27	18.9148	-41.7835	32.5394	-1.10679
48	28	18.7067	-41.7485	32.4155	-1.11205
48	29	18.4987	-41.7122	32.2912	-1.11733
48	30	18.29	-41.6786	32.1701	-1.1227
48	31	18.0808	-41.643	32.0478	-1.12811
48	32	17.8688	-41.6026	31.921	-1.13356
48	33	17.6532	-41.5622	31.7937	-1.13917
48	34	17.4352	-41.5214	31.6659	-1.14488
48	35	17.2163	-41.4813	31.5395	-1.15068
48	36	16.9982	-41.4413	31.4145	-1.1565
48	37	16.7815	-41.4072	31.2966	-1.1624
48	38	16.5658	-41.3816	31.188	-1.16842
48	39	16.3529	-41.3747	31.0989	-1.17463
48	40	16.1421	-41.3976	31.0393	-1.18118
48	41	15.9316	-41.4501	31.0087	-1.18811
48	42	15.7204	-41.5307	31.0054	-1.19539
48	43	15.5258	-41.6302	31.0274	-1.20241
48	44	15.3466	-41.7498	31.0752	-1.20917
48	45	15.1823	-41.8872	31.1462	-1.21567
48	46	15.028	-42.0352	31.2319	-1.22195
48	47	14.8809	-42.1886	31.3264	-1.22803
48	48	14.7388	-42.3449	31.4263	-1.23396
48	49	14.6002	-42.5035	31.5308	-1.23977
48	50	14.4655	-42.6651	31.6403	-1.24546
48	51	14.3368	-42.8314	31.7572	-1.25098
48	52	14.2178	-43.0047	31.8849	-1.25623
48	53	14.1138	-43.1868	32.0261	-1.26107
48	54	14.0271	-43.3804	32.1845	-1.26547
48	55	13.9597	-43.5856	32.3601	-1.26936
48	56	13.9162	-43.7855	32.5383	-1.27246
48	57	13.8929	-43.981	32.7184	-1.2749
48	58	13.888	-44.1744	32.902	-1.27676
48	59	13.8954	-44.3667	33.0882	-1.27823
48	60	13.9096	-44.5595	33.277	-1.27949
48	61	13.9274	-44.7535	33.468	-1.28065
48	62	13.9481	-44.9491	33.6613	-1.28172
48	63	13.9716	-45.1457	33.8565	-1.28271
48	64	13.9983	-45.3422	34.0525	-1.2836
48	65	14.0275	-45.5376	34.2482	-1.2844
48	66	14.0582	-45.7315	34.4428	-1.28513
48	67	14.0892	-45.9242	34.6365	-1.28584
48	68	14.1203	-46.1168	34.83	-1.28654
48	69	14.1517	-46.3104	35.0246	-1.28723
48	70	14.1836	-46.506	35.2214	-1.28791
48	71	14.2166	-46.7043	35.421	-1.28858
48	72	14.252	-46.9052	35.6239	-1.2892
48	73	14.2909	-47.1078	35.8293	-1.28972
48	74	14.3337	-47.3108	36.0362	-1.29015
48	75	14.3795	-47.5132	36.2433	-1.29048
48	76	14.427	-47.7148	36.4502	-1.29076
48	77	14.4753	-47.9163	36.6572	-1.29101
48	78	14.5242	-48.1186	36.8652	-1.29125
48	79	14.5743	-48.3225	37.075	-1.29147
48	80	14.6266	-48.5281	37.287	-1.29164
48	81	14.6818	-48.7346	37.5008	-1.29174
48	82	14.7398	-48.9412	37.7153	-1.29177
48	83	14.7997	-49.1472	37.9298	-1.29175
48	84	14.8606	-49.3527	38.1442	-1.2917
48	85	14.922	-49.5587	38.3591	-1.29164
48	86	14.9844	-49.7659	38.5755	-1.29157
48	87	15.049	-49.9746	38.7939	-1.29145
48	88	15.1167	-50.1841	39.0139	-1.29126
48	89	15.1878	-50.3933	39.2346	-1.29099
48	90	15.2616	-50.6014	39.4551	-1.29065
48	91	15.3374	-50.8085	39.675	-1.29026
48	92	15.4148	-51.0151	39.895	-1.28983
48	93	15.4947	-51.2215	40.1155	-1.28934
48	94	15.5786	-51.4275	40.3366	-1.28876
48	95	15.6687	-51.6313	40.5575	-1.28802
48	96	15.7723	-51.8272	40.7746	-1.28692
48	97	15.9155	-51.9671	40.9491	-1.28453
48	98	16.1014	-52.0534	41.0847	-1.28078
48	99	16.3005	-52.1162	41.2021	-1.27658
48	100	16.5134	-52.1592	41.3055	-1.27195
48	101	16.7456	-52.1813	41.3955	-1.26675
48	102	17.0042	-52.1821	41.4744	-1.2608
48	103	17.2986	-52.1627	41.5467	-1.25391
48	104	17.5923	-52.1327	41.6108	-1.24698
48	105	17.886	-52.092	41.6667	-1.23999
48	106	18.1793	-52.0378	41.7118	-1.23292
48	107	18.4697	-51.969	41.7441	-1.22581
48	108	18.755	-51.8872	41.7647	-1.21872
48	109	19.0357	-51.7951	41.7761	-1.21165
48	110	19.3134	-51.6928	41.779	-1.20457
48	111	19.5883	-51.578	41.7713	-1.19744
48	112	19.8579	-51.4481	41.7498	-1.19029
48	113	20.1191	-51.3041	41.7141	-1.18319
48	114	20.3714	-51.1497	41.6675	-1.17619
48	115	20.6168	-50.9874	41.613	-1.16924
48	116	20.8572	-50.8167	41.5509	-1.16231
48	117	21.0921	-50.635	41.4784	-1.15537
48	118	21.3185	-50.4401	41.3925	-1.14847
48	119	21.5334	-50.2337	41.2932	-1.14167
48	120	21.7369	-50.0191	41.1836	-1.13501
48	121	21.9317	-49.7982	41.0665	-1.12844
48	122	22.1183	-49.5692	40.9403	-1.12193
48	123	22.2956	-49.3304	40.803	-1.11547
48	124	22.4607	-49.0819	40.6532	-1.10914
48	125	22.6121	-48.8264	40.4927	-1.10298
48	126	22.7512	-48.5665	40.3242	-1.09699
48	127	22.8804	-48.3024	40.1487	-1.09113
48	128	22.9998	-48.0322	39.9648	-1.08536
48	129	23.1072	-47.7549	39.7703	-1.07972
48	130	23.2	-47.472	39.5652	-1.07427
48	131	23.2783	-47.1867	39.3522	-1.06907
48	132	23.3446	-46.9007	39.1338	-1.06407
48	133	23.4011	-46.6131	38.9102	-1.05922
48	134	23.4471	-46.3219	38.6792	-1.05449
48	135	23.4794	-46.0262	38.4385	-1.04997
48	136	23.4953	-45.7285	38.1884	-1.04572
48	137	23.4952	-45.4322	37.9323	-1.04181
48	138	23.4822	-45.1386	37.6725	-1.03818
48	139	23.4581	-44.8465	37.4088	-1.03477
48	140	23.4222	-44.5544	37.1396	-1.03158
48	141	23.3724	-44.2628	36.864	-1.02868
49	0	-13.3728	-44.7499	36.6384	-2.07577
49	1	-13.3312	-44.5817	36.4711	-2.07701
49	2	-13.2915	-44.412	36.3035	-2.07832
49	3	-13.2546	-44.2423	36.1373	-2.07971
49	4	-13.221	-44.074	35.9739	-2.08117
49	5	-13.1882	-43.9041	35.8098	-2.08269
49	6	-13.1564	-43.7333	35.6453	-2.08426
49	7	-13.1269	-43.5618	35.4814	-2.08591
49	8	-13.1005	-43.3901	35.3191	-2.08765
49	9	-13.0765	-43.2152	35.1553	-2.08952
49	10	-13.0561	-43.0382	34.9915	-2.09152
49	11	-13.0408	-42.8607	34.83	-2.09367
49	12	-13.0292	-42.6818	34.6692	-2.09596
49	13	-13.0216	-42.5029	34.5108	-2.09837
49	14	-13.0182	-42.3255	34.3559	-2.10088
49	15	-13.0176	-42.1485	34.203	-2.10348
49	16	-13.0204	-41.9724	34.0528	-2.10618
49	17	-13.0284	-41.7974	33.9066	-2.10902
49	18	-13.0425	-41.6246	33.7655	-2.112
49	19	-13.0697	-41.4561	33.6353	-2.11527
49	20	-13.1173	-41.2959	33.5232	-2.11896
49	21	-13.1869	-41.1435	33.4297	-2.12312
49	22	-13.2755	-40.9972	33.352	-2.12768
49	23	-13.3748	-40.8718	33.2983	-2.1322
49	24	-13.4878	-40.7699	33.2725	-2.13671
49	25	-13.6144	-40.6921	33.2751	-2.14117
49	26	-13.7499	-40.631	33.2972	-2.14559
49	27	-13.8906	-40.5778	33.3293	-2.15
49	28	-14.0346	-40.5286	33.3673	-2.15442
49	29	-14.1809	-40.4818	33.4091	-2.15884
49	30	-14.3283	-40.4365	33.4536	-2.16326
49	31	-14.4769	-40.3912	33.4994	-2.1677
49	32	-14.6265	-40.346	33.5464	-2.17214
49	33	-14.7767	-40.3006	33.5942	-2.17659
49	34	-14.9277	-40.2555	33.6435	-2.18104
49	35	-15.0796	-40.2138	33.6967	-2.18545
49	36	-15.2345	-40.1701	33.7506	-2.18994
49	37	-15.3922	-40.1254	33.8061	-2.19451
49	38	-15.5525	-40.0818	33.8647	-2.1991
49	39	-15.7134	-40.0381	33.9242	-2.2037
49	40	-15.8744	-39.9979	33.9874	-2.20822
49	41	-16.0367	-39.955	34.0499	-2.2128
49	42	-16.1998	-39.9096	34.1116	-2.21742
49	43	-16.3645	-39.8679	34.1779	-2.22201
49	44	-16.529	-39.8246	34.2435	-2.22659
49	45	-16.6919	-39.7779	34.3062	-2.23119
49	46	-16.8571	-39.7269	34.3677	-2.23589
49	47	-17.0256	-39.679	34.4344	-2.2406
49	48	-17.1947	-39.6297	34.501	-2.24533
49	49	-17.3629	-39.5794	34.5672	-2.25004
49	50	-17.5311	-39.5349	34.6386	-2.25463
49	51	-17.6991	-39.4847	34.7062	-2.25929
49	52	-17.8675	-39.4297	34.7711	-2.26404
49	53	-18.0382	-39.3758	34.8391	-2.26879
49	54	-18.2108	-39.3213	34.9087	-2.27359
49	55	-18.3857	-39.2696	34.9827	-2.27836
49	56	-18.5633	-39.2168	35.0584	-2.28318
49	57	-18.7436	-39.1682	35.1399	-2.28797
49	58	-18.9219	-39.11	35.2137	-2.29287
49	59	-19.1004	-39.0884	35.3157	-2.29707
49	60	-19.2531	-39.1149	35.4371	-2.2998
49	61	-19.3947	-39.1916	35.5887	-2.30133
49	62	-19.5232	-39.2959	35.7521	-2.30206
49	63	-19.6448	-39.4216	35.9269	-2.30224
49	64	-19.7658	-39.5697	36.1179	-2.302
49	65	-19.8918	-39.7443	36.332	-2.30137
49	66	-20.0288	-39.9511	36.5774	-2.30038
49	67	-20.1826	-40.1983	36.8643	-2.29903
49	68	-20.3286	-40.4515	37.1505	-2.29742
49	69	-20.4646	-40.713	37.4363	-2.2955
49	70	-20.5865	-40.9835	37.7198	-2.29316
49	71	-20.6913	-41.2603	37.9969	-2.29042
49	72	-20.7795	-41.5397	38.2653	-2.28734
49	73	-20.8544	-41.82	38.5261	-2.28402
49	74	-20.9178	-42.1023	38.7813	-2.2805
49	75	-20.969	-42.3883	39.0319	-2.27672
49	76	-21.0053	-42.6779	39.2761	-2.27264
49	77	-21.025	-42.9684	39.5111	-2.26827
49	78	-21.0298	-43.2567	39.7356	-2.2637
49	79	-21.0225	-43.5426	39.9513	-2.25899
49	80	-21.0047	-43.8275	40.1605	-2.25414
49	81	-20.9747	-44.113	40.3635	-2.2491
49	82	-20.9293	-44.3987	40.558	-2.24381
49	83	-20.8662	-44.6816	40.7406	-2.23827
49	84	-20.7869	-44.9581	40.9093	-2.23257
49	85	-20.6948	-45.2275	41.0659	-2.22677
49	86	-20.592	-45.4913	41.213	-2.22088
49	87	-20.4778	-45.751	41.3514	-2.21488
49	88	-20.3503	-46.0061	41.4796	-2.20873
49	89	-20.2087	-46.2541	41.5953	-2.20245
49	90	-20.0549	-46.4926	41.6978	-2.19609
49	91	-19.891	-46.7216	41.7883	-2.18971
49	92	-19.7189	-46.9431	41.8698	-2.18329
49	93	-19.5377	-47.158	41.9424	-2.17681
49	94	-19.3456	-47.3651	42.0041	-2.17024
49	95	-19.1421	-47.5617	42.0525	-2.16361
49	96	-18.9294	-47.7463	42.0876	-2.15696
49	97	-18.7099	-47.9199	42.1118	-2.15034
49	98	-18.4842	-48.0843	42.1267	-2.14372
49	99	-18.2507	-48.2398	42.1317	-2.13707
49	100	-18.0078	-48.384	42.124	-2.13036
49	101	-17.7558	-48.5135	42.1009	-2.12366
49	102	-17.4977	-48.6271	42.063	-2.11702
49	103	-17.2365	-48.7268	42.0134	-2.11047
49	104	-16.9728	-48.8152	41.9546	-2.10399
49	105	-16.7055	-48.8933	41.8869	-2.09755
49	106	-16.4341	-48.9597	41.8087	-2.09114
49	107	-16.1999	-49.0057	41.7328	-2.08573
49	108	-15.9949	-49.0325	41.6556	-2.08113
49	109	-15.8121	-49.0415	41.5745	-2.07718
49	110	-15.6452	-49.0342	41.4874	-2.07375
49	111	-15.4887	-49.0103	41.3913	-2.07072
49	112	-15.3427	-48.9638	41.2806	-2.06815
49	113	-15.2302	-48.8765	41.1502	-2.06676
49	114	-15.1453	-48.7487	40.9974	-2.06642
49	115	-15.0507	-48.623	40.8418	-2.06585
49	116	-14.9587	-48.492	40.6828	-2.06539
49	117	-14.8679	-48.3579	40.5217	-2.06499
49	118	-14.7784	-48.2216	40.3593	-2.06464
49	119	-14.6908	-48.0832	40.196	-2.06435
49	120	-14.6056	-47.9431	40.0322	-2.06413
49	121	-14.5204	-47.7993	39.8652	-2.06396
49	122	-14.4362	-47.6517	39.6953	-2.06385
49	123	-14.3544	-47.5007	39.5235	-2.06384
49	124	-14.2765	-47.3467	39.3511	-2.06395
49	125	-14.2035	-47.1911	39.1794	-2.06418
49	126	-14.1354	-47.0354	39.01	-2.06454
49	127	-14.069	-46.8779	38.8399	-2.06496
49	128	-14.0038	-46.7192	38.6693	-2.06542
49	129	-13.9403	-46.5595	38.4986	-2.06593
49	130	-13.879	-46.3991	38.3283	-2.06651
49	131	-13.8206	-46.2385	38.1593	-2.06717
49	132	-13.7628	-46.0751	37.9881	-2.06788
49	133	-13.7064	-45.9097	37.8159	-2.06866
49	134	-13.6525	-45.7435	37.644	-2.06951
49	135	-13.6017	-45.5776	37.4741	-2.07043
49	136	-13.5541	-45.4135	37.3073	-2.07142
49	137	-13.5069	-45.2482	37.1396	-2.07244
49	138	-13.4602	-45.0821	36.9716	-2.0735
49	139	-13.4152	-44.9158	36.8041	-2.0746
