0 1 1 74.799 1.39087 -1 1.39529 3.27136 0 0 0 62.4645 0 105000 0 0.681994
1 1 0 85.6633 1.87094 1.79287 1.58485 0 1 0 0 59.3669 0 105000 1 1.78487
2 1 1 69.3333 1.59494 -1 1.12939 4.53601 2 0 0 59.5051 0 105000 0 0.239277
3 1 0 74.9061 1.74702 2.39646 1.4512 -1.94885 3 0 0 55.4996 0 105000 1 2.35616
4 1 1 90.8529 1.55254 -1 1.16072 4.76382 4 0 0 53.9332 0 105000 0 0.138412
5 1 0 98.7733 2.77871 2.67823 1.29654 -3.37972 5 0 0 49.6227 0 105000 1 2.6353
6 1 1 90.8725 1.32383 -1 1.11097 6.69798 6 0 0 48.2981 0 105000 0 0.0418495
7 1 0 80.2817 0.266811 2.8733 1.09094 -1.76817 7 0 0 44.5557 0 105000 1 2.83653
8 1 1 78.0114 2.28832 -1 1.2458 9.54081 8 0 0 43.0972 0 105000 0 0.0330833
9 1 0 43.6152 0.430068 2.97797 1.12265 -0.438862 9 0 0 40.3131 0 105000 1 2.93266
10 2 0 51.8129 1.40997 -1 1.33671 10.9399 10 0 0 70.852 0 105000 0 0
11 2 0 71.5275 0.236828 0 1.13942 12.7055 11 0 0 69.7902 0 105000 0 0
12 2 0 67.3188 1.30843 -1 1.40449 8.77953 12 0 0 65.8553 0 105000 0 0
13 2 0 64.5467 2.76218 0 1.06976 13.0941 13 0 0 62.1562 0 105000 0 0
14 2 0 85.4238 1.38434 0 1.12077 6.23056 14 0 0 58.5592 0 105000 0 0
15 2 0 72.0905 2.67933 0 1.31822 14.0593 15 0 0 54.33 0 105000 0 0
16 2 0 88.2748 0.406837 0 1.17905 6.19109 16 0 0 51.3309 0 105000 0 0
17 2 1 60.8963 2.42161 -1 1.29316 16.397 17 0 0 47.2531 0 105000 0 0
18 2 1 94.7174 1.8182 -1 1.10479 7.34736 18 0 0 44.8612 0 105000 0 0
19 3 0 68.686 1.51744 1.5708 1.54097 21.1275 19 0 0 80.2535 90.4538 105000 0 0
20 3 0 70.5563 1.39835 0 1.15033 19.4435 20 0 0 76.6049 87.1016 105000 0 0
21 3 0 77.9455 0.203955 0 1.10712 21.5126 21 0 0 69.863 83.374 105000 0 0
22 3 0 70.955 2.52661 0 1.10674 16.4407 22 0 0 66.4694 77.3581 105000 0 0
23 3 0 65.8697 1.56876 0 1.04857 21.486 23 0 0 60.9319 74.2609 105000 0 0
24 3 0 73.8917 1.56097 0 1.31711 15.7032 24 0 0 57.9296 68.7424 105000 0 0
25 3 1 75.5614 2.4761 -1 1.24967 22.5745 25 0 0 52.5126 64.9379 105000 0 0
26 3 1 67.5997 1.74338 -1 1.18513 16.0254 26 0 0 51.2831 61.7677 105000 0 0
27 4 0 56.5977 1.55728 -1 1.18723 29.6746 27 0 0 75.456 103.329 105000 0 0
28 4 0 58.3965 2.83517 0 1.26783 29.85 28 0 0 71.532 96.2723 105000 0 0
29 4 0 79.5251 1.5002 1.5708 1.5139 27.8499 29 0 0 70.1956 90.9733 105000 0 0
30 4 0 65.9674 0.228279 0 1.13554 29.7394 30 0 0 64.3005 84.5661 105000 0 0
31 4 0 82.5631 1.60265 0 1.55829 26.0636 31 0 0 62.8861 79.7056 105000 0 0
32 4 1 78.6965 2.53185 -1 1.15594 30.488 32 0 0 56.2067 73.0665 105000 0 0
33 4 1 80.2311 1.80288 -1 1.25619 25.7559 33 0 0 55.2546 69.8944 105000 0 0
34 5 0 61.9556 1.63398 1.5708 1.30134 37.8831 34 0 0 66.5469 100.522 105000 0 0
35 5 0 63.6485 2.67067 -1 1.17396 38.2528 35 0 0 65.5274 97.776 105000 0 0
36 5 0 64.2125 1.60481 -1 1.15613 38.0084 36 0 0 62.1156 88.9428 105000 0 0
37 5 0 67.7292 1.59917 1.5708 1.3219 37.4814 37 0 0 61.451 86.7627 105000 0 0
38 5 1 76.8029 2.57252 -1 1.22334 38.4302 38 0 0 56.2299 77.674 105000 0 0
39 5 1 74.559 1.68672 -1 1.16374 35.779 39 0 0 56.0839 75.9603 105000 0 0
40 6 0 64.9779 1.70743 1.5708 1.4576 47.1933 40 0 0 58.1946 88.3733 105000 0 0
41 6 0 55.9995 1.69892 -1 1.24819 46.3461 41 0 0 57.3264 85.4606 105000 0 0
42 6 0 79.1474 2.83244 1.5708 1.07569 46.9875 42 0 0 56.6658 84.6631 105000 0 0
43 6 1 72.5137 2.72796 -1 1.1596 46.7239 43 0 0 53.5553 77.457 105000 0 0
44 6 1 89.0878 2.78757 -1 1.12476 45.9911 44 0 0 53.036 76.1636 105000 0 0
45 7 0 81.0589 1.54483 1.5708 1.57812 56.6674 45 0 0 49.9424 75.3683 105000 0 0
46 7 0 77.3812 1.60597 1.5708 1.57417 56.1643 46 0 0 49.7933 74.7624 105000 0 0
47 7 0 82.6104 1.50138 1.5708 1.44537 56.4645 47 0 0 49.0358 73.2714 105000 0 0
48 7 1 82.4787 1.33779 1.5708 1.06217 55.7371 48 0 0 47.9907 70.752 105000 0 0
49 7 1 83.0972 1.68166 1.5708 1.12067 55.5406 49 0 0 47.0984 68.9296 105000 0 0
