0 1 1 85.0379 1.30993 -1 1.35012 3.84991 0 0 0 61.4771 0 190000 0 0.794631
1 1 0 83.0599 1.31654 1.6475 1.54195 0 1 0 0 57.98 0 190000 1 1.63365
2 1 1 78.8378 1.47283 -1 1.05789 5.41558 2 0 0 59.0653 0 190000 0 0.320467
3 1 0 85.4353 1.5438 2.19393 1.25495 -2.43584 3 0 0 53.706 0 190000 1 2.17663
4 1 1 91.9365 1.41784 -1 1.14159 6.66831 4 0 0 53.7273 0 190000 0 0.159829
5 1 0 102.357 2.68135 2.48972 1.27507 -4.9173 5 0 0 47.4718 0 190000 1 2.47539
6 1 1 91.3494 1.33508 -1 1.0992 9.09378 6 0 0 47.811 0 190000 0 0.0497569
7 1 0 90.029 2.78041 2.6936 1.22378 -4.51758 7 0 0 42.2646 0 190000 1 2.68167
8 1 1 77.8072 2.40717 -1 1.20282 12.2438 8 0 0 42.42 0 190000 0 0.0298275
9 1 0 45.974 0.317852 2.80297 1.0599 -3.83455 9 0 0 37.9017 0 190000 1 2.79064
10 2 0 56.7445 1.33524 -1 1.30119 11.1682 10 0 0 69.208 0 190000 0 0
11 2 0 76.5223 0.259844 0 1.20721 13.5793 11 0 0 69.554 0 190000 0 0
12 2 0 71.592 1.28862 -1 1.3321 8.64964 12 0 0 63.8765 0 190000 0 0
13 2 0 73.7172 2.63251 0 1.14708 14.4284 13 0 0 62.2014 0 190000 0 0
14 2 0 89.5537 1.34864 0 1.10463 5.27016 14 0 0 56.0326 0 190000 0 0
15 2 0 74.0179 2.65156 0 1.44846 16.4087 15 0 0 53.5089 0 190000 0 0
16 2 0 92.3304 0.407961 0 1.18614 4.34996 16 0 0 48.7634 0 190000 0 0
17 2 1 60.193 2.4637 -1 1.29651 19.2374 17 0 0 46.2103 0 190000 0 0
18 2 1 97.3428 1.7072 -1 1.18525 4.56184 18 0 0 42.4293 0 190000 0 0
19 3 0 69.2431 1.52926 0 1.1505 21.4342 19 0 0 80.9349 88.359 190000 0 0
20 3 0 72.8951 1.35347 0 1.20967 19.6755 20 0 0 74.3921 83.7787 190000 0 0
21 3 0 78.2573 2.61622 0 1.20562 22.2491 21 0 0 70.5688 83.386 190000 0 0
22 3 0 83.5563 1.33796 0 1.08886 16.3208 22 0 0 64.1831 73.9422 190000 0 0
23 3 0 77.3133 2.56443 0 1.18499 23.3356 23 0 0 59.9991 73.4305 190000 0 0
24 3 0 86.1883 1.56553 0 1.45846 14.7254 24 0 0 55.491 64.9867 190000 0 0
25 3 1 79.619 2.46125 -1 1.18038 25.1006 25 0 0 51.1376 63.5908 190000 0 0
26 3 1 71.8215 1.79693 -1 1.27903 14.3834 26 0 0 48.8794 57.8768 190000 0 0
27 4 0 66.1419 1.57876 -1 1.23081 30.0913 27 0 0 75.7812 100.177 190000 0 0
28 4 0 74.6793 1.55916 1.5708 1.2404 30.7332 28 0 0 73.2362 97.553 190000 0 0
29 4 0 88.035 1.53525 1.5708 1.44765 28.4753 29 0 0 69.0627 88.1071 190000 0 0
30 4 0 83.4254 1.51082 1.5708 1.12319 31.8077 30 0 0 63.9884 84.2097 190000 0 0
31 4 0 89.2368 1.52092 1.5708 1.60434 26.2394 31 0 0 60.9081 76.327 190000 0 0
32 4 1 83.502 2.54309 -1 1.15762 32.9845 32 0 0 54.6653 71.397 190000 0 0
33 4 1 90.4031 1.83183 -1 1.28955 25.2985 33 0 0 53.1409 66.2987 190000 0 0
34 5 0 69.3981 1.62285 1.5708 1.38907 39.6346 34 0 0 65.93 101.125 190000 0 0
35 5 0 72.2227 1.59824 -1 1.2549 39.5777 35 0 0 64.8717 96.1527 190000 0 0
36 5 0 70.8482 2.63555 -1 1.17453 40.4145 36 0 0 62.0919 89.967 190000 0 0
37 5 0 81.445 1.5503 0 1.28486 38.6094 37 0 0 60.1863 84.11 190000 0 0
38 5 1 76.8067 2.64627 -1 1.22073 41.0343 38 0 0 55.5486 77.174 190000 0 0
39 5 1 85.0021 1.68849 -1 1.20368 36.4843 39 0 0 54.3081 72.8181 190000 0 0
40 6 0 77.9227 1.69753 1.5708 1.40354 49.3662 40 0 0 56.7915 86.8968 190000 0 0
41 6 0 64.1976 1.70158 -1 1.23407 48.858 41 0 0 56.1648 84.7585 190000 0 0
42 6 0 91.5766 2.7859 0 1.15837 49.0668 42 0 0 55.1183 82.2687 190000 0 0
43 6 1 74.7498 2.82663 -1 1.15695 49.0717 43 0 0 52.8249 77.1504 190000 0 0
44 6 1 88.4944 2.20645 -1 1.17858 47.4593 44 0 0 51.4529 73.5965 190000 0 0
45 7 0 93.8801 1.6301 1.5708 1.5549 59.7954 45 0 0 48.1324 73.1196 190000 0 0
46 7 0 91.0206 1.64715 1.5708 1.52386 59.1132 46 0 0 48.3441 73.2593 190000 0 0
47 7 0 91.0754 1.54577 1.5708 1.44133 59.3565 47 0 0 47.0687 70.6054 190000 0 0
48 7 1 86.0122 1.44715 1.5708 1.07572 58.4362 48 0 0 46.9812 69.9533 190000 0 0
49 7 1 85.2463 1.66086 1.5708 1.19088 57.3901 49 0 0 45.882 67.3072 190000 0 0
