0 1 1 84.3525 1.57248 -1 1.51962 0 0 0 0 63.321 0 65000 0 1.60588
1 1 1 81.7593 1.58145 -1 1.45184 -0.29179 1 0 0 62.9921 0 65000 0 1.53572
2 1 1 92.5984 1.50315 -1 1.31917 0.301106 2 0 0 59.9798 0 65000 0 1.60485
3 1 1 65.4319 1.59573 -1 1.24855 0.459196 3 0 0 60.1113 0 65000 0 1.61677
4 1 1 80.314 1.48945 -1 1.41423 1.27572 4 0 0 54.9378 0 65000 0 1.63558
5 1 1 81.7815 1.55411 -1 1.49402 1.01278 5 0 0 55.2206 0 65000 0 1.6249
6 1 1 82.5799 1.4112 -1 1.20947 2.63181 6 0 0 49.4973 0 65000 0 1.66103
7 1 1 94.2298 1.73929 -1 1.2082 1.66594 7 0 0 49.2574 0 65000 0 1.63017
8 1 1 57.5442 2.51225 -1 1.13449 4.48574 8 0 0 44.287 0 65000 0 1.68856
9 1 1 72.6225 0.719141 -1 1.17228 4.05003 9 0 0 44.0025 0 65000 0 1.67704
10 2 0 47.8897 2.87027 0 1.42933 8.46293 10 0 0 73.0663 0 65000 0 0
11 2 0 48.7042 1.53173 -1 1.13614 8.73549 11 0 0 69.2894 0 65000 0 0
12 2 0 46.3196 1.61998 -1 1.31193 8.71409 12 0 0 69.6108 0 65000 0 0
13 2 0 55.004 2.75026 0 1.15925 9.15039 13 0 0 62.6232 0 65000 0 0
14 2 0 49.0653 2.88034 0 1.22106 8.86987 14 0 0 63.19 0 65000 0 0
15 2 0 61.3597 2.69836 0 1.31311 10.2621 15 0 0 55.0651 0 65000 0 0
16 2 0 60.3556 0.264577 0 1.32832 9.61989 16 0 0 55.178 0 65000 0 0
17 2 1 59.3357 2.5622 -1 1.06154 11.8277 17 0 0 48.3409 0 65000 0 0
18 2 1 55.6401 0.601458 -1 1.23067 10.9145 18 0 0 48.2863 0 65000 0 0
19 3 0 45.6441 1.54663 -1 1.202 15.8067 19 0 0 78.0681 90.1724 65000 0 0
20 3 0 62.4393 1.53216 1.5708 1.25916 16.1286 20 0 0 78.9806 90.9634 65000 0 0
21 3 0 51.0493 1.48769 -1 1.09701 16.3359 21 0 0 69.8269 84.2957 65000 0 0
22 3 0 57.4576 1.50577 -1 1.23558 16.7708 22 0 0 69.6657 84.692 65000 0 0
23 3 0 60.5333 1.47284 1.5708 1.1578 17.2537 23 0 0 61.1189 75.5537 65000 0 0
24 3 0 69.5575 0.370148 0 1.1042 16.8157 24 0 0 61.386 75.7978 65000 0 0
25 3 1 60.7631 2.57523 -1 1.22231 18.3432 25 0 0 53.2794 66.5248 65000 0 0
26 3 1 77.6463 0.571788 -1 1.19705 17.9303 26 0 0 53.2496 66.3649 65000 0 0
27 4 0 63.8095 1.50586 1.5708 1.36021 24.3221 27 0 0 77.1334 104.396 65000 0 0
28 4 0 51.8496 1.52009 1.5708 1.53393 24.2141 28 0 0 72.2316 95.5161 65000 0 0
29 4 0 49.871 0.399636 -1 1.11163 24.4045 29 0 0 72.231 95.9015 65000 0 0
30 4 0 60.566 2.62379 0 1.25607 24.8101 30 0 0 64.3432 84.3209 65000 0 0
31 4 0 59.9841 1.56023 1.5708 1.09502 24.9105 31 0 0 64.097 84.346 65000 0 0
32 4 1 68.1952 2.65086 -1 1.22025 25.5982 32 0 0 56.3716 73.3129 65000 0 0
33 4 1 74.7239 0.520899 -1 1.25486 25.904 33 0 0 55.5073 72.3053 65000 0 0
34 5 0 62.4169 2.91906 0 1.23314 32.4819 34 0 0 67.0261 98.781 65000 0 0
35 5 0 53.0263 1.55183 -1 1.11344 32.4575 35 0 0 66.7877 97.9927 65000 0 0
36 5 0 62.6818 1.62898 1.5708 1.62675 32.9757 36 0 0 62.7668 88.7114 65000 0 0
37 5 0 60.4289 0.800783 1.5708 1.23871 32.6835 37 0 0 62.5568 87.9109 65000 0 0
38 5 1 75.1388 2.65752 -1 1.16649 33.4682 38 0 0 56.2211 76.8607 65000 0 0
39 5 1 70.1951 0.490573 -1 1.25257 33.7103 39 0 0 55.8125 76.1745 65000 0 0
40 6 0 65.5481 1.50293 1.5708 1.14024 40.1049 40 0 0 59.7441 88.8175 65000 0 0
41 6 0 69.1563 1.56955 1.5708 1.06486 41.2185 41 0 0 57.5249 84.273 65000 0 0
42 6 0 65.9328 1.61807 1.5708 1.31844 41.0775 42 0 0 57.5284 84.0588 65000 0 0
43 6 1 58.6165 2.88571 -1 1.2161 41.6587 43 0 0 53.5647 76.2129 65000 0 0
44 6 1 69.1244 0.357158 -1 1.17554 41.5463 44 0 0 53.5719 76.1076 65000 0 0
45 7 0 82.4713 1.56831 1.5708 1.51884 49.8832 45 0 0 51.3875 75.9356 65000 0 0
46 7 0 76.612 1.6701 1.5708 1.25616 50.2603 46 0 0 50.1249 73.4767 65000 0 0
47 7 0 80.6846 1.43851 1.5708 1.29422 50.2379 47 0 0 50.2789 73.7829 65000 0 0
48 7 1 53.7245 0.12335 1.5708 1.0507 49.2141 48 0 0 48.6301 70.0655 65000 0 0
49 7 1 50.6312 1.55223 1.5708 1.11745 49.4405 49 0 0 48.7643 70.4181 65000 0 0
