0 1 0 67.4052 1.77688 -1 1.36597 0 0 0 0 58.7075 0 160000 0 1.60555
1 1 0 91.1096 1.62654 0 1.19328 -0.319278 1 0 0 58.6645 0 160000 0 1.53604
2 1 0 95.8492 2.89707 0 1.12177 -1.95139 2 0 0 54.4687 0 160000 0 1.43834
3 1 0 75.0714 1.48381 -1 1.30429 1.11724 3 0 0 56.489 0 160000 0 1.66325
4 1 0 90.2501 2.5776 0 1.02279 -0.642707 4 0 0 50.0916 0 160000 0 1.55046
5 1 0 100.739 0.250962 0 1.03686 -0.014602 5 0 0 50.6199 0 160000 0 1.57679
6 1 0 94.4353 2.60988 0 1.16564 3.01643 6 0 0 46.0985 0 160000 0 1.66539
7 1 0 88.7026 2.04089 0 1.10194 2.22856 7 0 0 45.2998 0 160000 0 1.64064
8 1 1 89.3631 2.12245 -1 1.24801 8.66498 8 0 0 41.6237 0 160000 0 1.77373
9 1 1 62.9123 0.771348 -1 1.2183 6.35381 9 0 0 41.5578 0 160000 0 1.72372
10 2 0 77.2241 1.5921 0 1.16182 9.48816 10 0 0 68.6533 0 160000 0 0
11 2 0 82.0101 1.52596 -1 1.54267 8.9611 11 0 0 65.5654 0 160000 0 0
12 2 0 78.2008 1.57824 0 1.09866 9.86961 12 0 0 65.7728 0 160000 0 0
13 2 0 80.7235 1.49055 0 1.37028 8.03437 13 0 0 59.0391 0 160000 0 0
14 2 0 78.6101 1.62088 0 1.15341 9.75544 14 0 0 58.9608 0 160000 0 0
15 2 0 88.5374 1.29381 0 1.07308 10.4165 15 0 0 53.0882 0 160000 0 0
16 2 0 81.9109 1.60896 -1 1.43227 10.788 16 0 0 52.3158 0 160000 0 0
17 2 1 87.7376 2.21424 -1 1.27077 14.7231 17 0 0 47.3096 0 160000 0 0
18 2 1 89.255 0.728213 -1 1.22347 13.343 18 0 0 46.2531 0 160000 0 0
19 3 0 71.908 1.51189 -1 1.56675 20.0106 19 0 0 78.5287 86.4717 160000 0 0
20 3 0 84.8021 1.55374 0 1.18327 19.2974 20 0 0 77.5755 85.7355 160000 0 0
21 3 0 75.0927 1.50896 1.5708 1.66384 19.7139 21 0 0 69.7815 81.0878 160000 0 0
22 3 0 84.4306 1.61767 0 1.14451 19.6159 22 0 0 67.6814 79.5005 160000 0 0
23 3 0 91.9905 1.59411 0 1.52893 19.727 23 0 0 61.3931 73.2859 160000 0 0
24 3 0 78.8331 1.6229 1.5708 1.71069 20.8262 24 0 0 59.0845 71.3164 160000 0 0
25 3 1 93.5265 1.38367 -1 1.14708 21.8991 25 0 0 53.5748 65.6339 160000 0 0
26 3 1 82.6404 1.8165 -1 1.11246 21.8923 26 0 0 51.4579 63.1596 160000 0 0
27 4 0 82.5926 1.53531 1.5708 1.55397 30.6511 27 0 0 74.3073 103.997 160000 0 0
28 4 0 82.1013 1.51077 1.5708 1.79885 31.0562 28 0 0 71.1789 95.9906 160000 0 0
29 4 0 88.7188 1.55119 1.5708 1.54489 30.0278 29 0 0 69.6883 92.8579 160000 0 0
30 4 0 82.9042 1.46819 1.5708 1.91455 31.6868 30 0 0 64.2987 85.4296 160000 0 0
31 4 0 86.817 1.57393 1.5708 1.57741 31.0261 31 0 0 61.747 81.1084 160000 0 0
32 4 1 87.3392 1.34215 -1 1.17079 31.6522 32 0 0 57.001 74.697 160000 0 0
33 4 1 67.1745 1.78618 -1 1.0523 30.9675 33 0 0 54.2578 70.2579 160000 0 0
34 5 0 80.5406 1.54013 1.5708 1.35159 41.6338 34 0 0 62.7716 96.6212 160000 0 0
35 5 0 81.9874 1.42834 1.5708 1.30651 41.3155 35 0 0 62.4041 94.3731 160000 0 0
36 5 0 59.5902 1.62184 -1 1.35352 42.243 36 0 0 59.6538 88.0738 160000 0 0
37 5 0 75.1846 1.4959 -1 1.28229 41.3756 37 0 0 58.3224 84.101 160000 0 0
38 5 1 66.2431 1.49157 -1 1.10506 41.5096 38 0 0 55.5268 78.5501 160000 0 0
39 5 1 89.782 1.64375 -1 1.15604 40.863 39 0 0 53.1613 73.7039 160000 0 0
40 6 0 82.4206 1.61226 1.5708 1.08478 51.4311 40 0 0 54.1263 83.2194 160000 0 0
41 6 0 74.3445 0.212485 -1 1.02265 51.656 41 0 0 53.4131 81.4562 160000 0 0
42 6 0 73.4678 1.51331 1.5708 1.34467 51.7735 42 0 0 52.1798 78.6807 160000 0 0
43 6 1 82.0732 2.94224 -1 1.02308 50.8725 43 0 0 51.0463 75.6116 160000 0 0
44 6 1 79.2413 1.63092 -1 1.06232 51.0229 44 0 0 49.5304 72.3941 160000 0 0
45 7 0 102.768 1.61394 1.5708 1.41744 61.8464 45 0 0 46.0745 70.4163 160000 0 0
46 7 0 70.7031 1.58108 1.5708 1.61019 61.4984 46 0 0 45.8632 69.7929 160000 0 0
47 7 0 73.0786 1.55725 1.5708 1.55341 61.9445 47 0 0 45.061 68.248 160000 0 0
48 7 1 85.4617 1.36118 1.5708 1.14266 60.7554 48 0 0 44.7206 67.0434 160000 0 0
49 7 1 81.7273 1.74987 1.5708 1.13675 60.8162 49 0 0 43.7844 65.1473 160000 0 0
