# CellID	Layer	Boundary	Stem	Area	Perimeter	CenterX	CenterY	WUS	CK	Neighbors	IsDividing	Volume	Circularity	WallNodeCount	CytNodeCount	CenterDist	CenterAngle	IsBuffer	ThetaLocal
# Units	-	-	-	-	um^2	um	um	um	-	-	count	-	um^3	-	count	count	um	rad	-	rad
0	1	1	0	86.1885	33.8693	5.21323	1.63122	58.7	0	0	0	86.1885	0.944166	143	22	24.2476	1.30931	0	1.60137
1	1	1	0	108.821	38.0847	-6.11497	1.97775	58.5	0	0	0	108.821	0.942803	157	30	24.3025	1.78053	0	1.54022
2	1	1	0	110.31	38.432	16.8573	-0.185086	55.3	0	0	0	110.31	0.93851	158	30	28.0664	0.878616	0	1.68379
3	1	1	0	111.097	38.5356	-18.0169	1.26048	55.1	0	0	0	111.097	0.940132	156	30	28.6204	2.20514	0	1.60285
4	1	1	0	86.1916	33.9773	27.9907	-2.57838	50.2	0	0	0	86.1916	0.938206	139	22	34.8257	0.584417	0	1.7224
5	1	1	0	87.8939	34.793	-29.7103	-1.18165	49.7	0	0	0	87.8939	0.912397	143	22	35.2975	2.51806	0	1.6739
6	1	1	0	105.774	38.1183	38.8812	-5.23411	44.6	0	0	0	105.774	0.91479	153	30	43.2329	0.393038	0	1.74676
7	1	1	0	103.127	37.8401	-41.0449	-3.87608	44.1	0	0	0	103.127	0.905058	158	30	43.8197	2.72039	0	1.71111
8	1	1	0	82.9939	32.852	48.0719	-9.89111	39.9	0	0	0	82.9939	0.966345	148	30	50.548	0.237672	0	1.80606
9	1	1	0	61.0353	28.0619	-49.7185	-7.97178	39.6	0	0	0	61.0353	0.973995	140	22	50.5878	2.86488	0	1.76807
10	2	0	0	80.178	32.5279	-0.472046	-6.3448	68.1	0	0	0	80.178	0.952256	156	30	15.4584	1.53307	0	0
11	2	0	0	77.7009	32.0958	10.5993	-7.34759	64.9	0	0	0	77.7009	0.947849	146	30	18.56	0.891898	0	0
12	2	0	0	78.8194	32.4263	-12.0374	-6.93984	64.7	0	0	0	78.8194	0.941992	154	30	18.4717	2.2075	0	0
13	2	0	0	76.107	31.7314	21.4786	-9.66665	57.9	0	0	0	76.107	0.94985	154	30	25.589	0.493664	0	0
14	2	0	0	77.3707	32.1368	-23.6201	-7.8403	57.2	0	0	0	77.3707	0.941414	148	30	26.5299	2.58783	0	0
15	2	0	0	79.1729	32.8734	32.4693	-12.0782	50.3	0	0	0	79.1729	0.920655	149	30	34.9034	0.282034	0	0
16	2	0	0	76.0336	32.3469	-34.6349	-10.7563	49.7	0	0	0	76.0336	0.913166	151	30	35.3468	2.82407	0	0
17	2	1	0	58.3264	27.8783	42.7429	-15.6607	43.5	0	0	0	58.3264	0.943069	142	22	44.2251	0.139089	0	0
18	2	1	0	58.4707	27.8033	-45.0061	-13.7976	42.9	0	0	0	58.4707	0.95051	138	22	44.6721	2.96166	0	0
19	3	0	0	80.7857	32.6372	4.87353	-15.2268	76.3	84.5	0	0	80.7857	0.953059	152	30	8.84607	0.836315	0	0
20	3	0	0	78.0523	32.0572	-5.95064	-14.5067	75.9	83.7	0	0	78.0523	0.954428	143	30	8.77742	2.16246	0	0
21	3	0	0	72.6811	30.7477	14.9809	-16.8723	66.2	78.3	0	0	72.6811	0.966061	147	22	16.7737	0.297683	0	0
22	3	0	0	84.1075	33.531	-17.5134	-15.3404	65.2	76.6	0	0	84.1075	0.940051	155	30	17.6777	2.76799	0	0
23	3	0	0	86.2549	34.165	25.7515	-18.9551	56.4	69.3	0	0	86.2549	0.928607	153	30	26.9564	0.105441	0	0
24	3	0	0	73.5354	31.3391	-28.6762	-17.1587	55.3	67.4	0	0	73.5354	0.940877	141	22	28.007	2.97539	0	0
25	3	1	0	79.6323	32.3353	36.7086	-21.5155	48	60	0	0	79.6323	0.957077	156	30	37.7648	0.00732446	0	0
26	3	1	0	79.8902	32.3536	-38.9348	-19.8743	47.2	58.5	0	0	79.8902	0.959089	152	30	37.9281	3.091	0	0
27	4	0	0	68.411	29.7042	-0.659256	-23.0453	94.2	97.9	0	0	68.411	0.974319	140	21	1.31417	-1.26481	0	0
28	4	0	0	74.5547	31.1378	9.31943	-24.691	85.8	91.2	0	0	74.5547	0.966293	141	22	10.7719	-0.272469	0	0
29	4	0	0	79.7949	32.7961	-11.2304	-22.84	85.5	89.5	0	0	79.7949	0.932269	148	30	10.2291	-3.03898	0	0
30	4	0	0	84.4476	33.699	20.1016	-26.401	75.4	78.9	0	0	84.4476	0.934463	146	30	21.6529	-0.214493	0	0
31	4	0	0	80.321	32.6706	-22.9012	-24.3041	74.4	76.6	0	0	80.321	0.945637	142	30	21.99	-3.02711	0	0
32	4	1	0	78.4652	32.1263	30.8641	-28.3746	66.4	67.2	0	0	78.4652	0.955356	151	30	32.5909	-0.203371	0	0
33	4	1	0	79.9194	32.3203	-33.0046	-26.8502	65.9	65.9	0	0	79.9194	0.961418	158	30	32.3473	-2.98458	0	0
34	5	0	0	84.2284	33.5408	3.62136	-32.3539	82.4	101.6	0	0	84.2284	0.940855	151	30	11.5508	-1.15397	0	0
35	5	0	0	74.4186	31.7273	-6.61512	-31.3441	81.7	98.6	0	0	74.4186	0.929018	155	30	11.0523	-2.09793	0	0
36	5	0	0	75.9194	31.5066	14.6504	-34.067	75.4	85.8	0	0	75.9194	0.961077	142	22	19.9333	-0.663398	0	0
37	5	0	0	84.1291	33.7241	-16.7411	-31.7054	75	84.1	0	0	84.1291	0.929554	151	30	18.5559	-2.57799	0	0
38	5	1	0	80.6907	32.4706	25.2015	-35.6905	67.7	72.8	0	0	80.6907	0.961732	152	30	29.7081	-0.486833	0	0
39	5	1	0	59.0938	27.7194	-27.0174	-33.2239	67.6	71.8	0	0	59.0938	0.96646	140	22	28.3676	-2.72682	0	0
40	6	0	0	83.6348	33.2714	-2.56094	-40.8901	73.5	90.1	0	0	83.6348	0.949414	147	30	19.1572	-1.64948	0	0
41	6	0	0	97.8551	36.5429	8.18117	-42.1283	71.7	85.9	0	0	97.8551	0.920849	159	30	22.3353	-1.14447	0	0
42	6	0	0	77.359	31.6728	-12.5316	-40.4911	70.9	83.5	0	0	77.359	0.969051	143	22	21.9399	-2.12127	0	0
43	6	1	0	81.5095	32.9895	19.688	-43.2785	66.7	75.1	0	0	81.5095	0.941169	155	30	29.8654	-0.802998	0	0
44	6	1	0	60.0457	27.933	-22.234	-40.1233	66.5	73.9	0	0	60.0457	0.967067	140	22	28.0103	-2.42814	0	0
45	7	0	0	82.6718	33.6849	-0.813989	-50.5762	65.2	76.9	0	0	82.6718	0.915581	142	22	28.785	-1.56242	0	0
46	7	0	0	93.1714	36.3917	8.59745	-51.7252	64	74.4	0	0	93.1714	0.884071	147	30	31.4509	-1.25885	0	0
47	7	0	0	79.0314	32.6791	-10.1504	-49.696	64.6	75.3	0	0	79.0314	0.929972	138	22	29.3487	-1.88589	0	0
48	7	1	0	76.1447	32.4424	17.4403	-51.1717	62	69.9	0	0	76.1447	0.909126	142	30	34.7166	-1.00894	0	0
49	7	1	0	84.5588	33.6489	-19.1294	-48.7058	62.6	70.4	0	0	84.5588	0.938486	156	30	32.4195	-2.16218	0	0
