0 1 0 89.4132 1.79338 0 1.09049 0 0 0 0 57.8822 0 140000 0 0
1 1 0 63.8184 1.58549 -1 1.49338 3.16847 1 0 0 60.4362 0 140000 0 0
2 1 0 89.5841 1.90011 0 1.28528 1.0212 2 0 0 56.0291 0 140000 0 0
3 1 0 95.5418 1.48295 0 1.24337 1.50984 3 0 0 56.9498 0 140000 0 0
4 1 0 72.4408 1.55931 -1 1.41372 3.88373 4 0 0 53.7635 0 140000 0 0
5 1 0 85.2007 1.84706 0 1.23943 0.936434 5 0 0 51.6899 0 140000 0 0
6 1 0 85.5483 0.885937 0 1.16957 4.24602 6 0 0 48.4622 0 140000 0 0
7 1 0 87.3243 2.05356 0 1.28538 2.94202 7 0 0 47.4473 0 140000 0 0
8 1 1 80.5213 2.31347 -1 1.13447 7.35491 8 0 0 44.2995 0 140000 0 0
9 1 1 57.1411 0.963148 -1 1.0792 6.98478 9 0 0 44.2038 0 140000 0 0
10 2 0 69.2613 1.77991 0 1.15962 10.8217 10 0 0 68.5276 0 140000 0 0
11 2 0 66.9255 1.56036 0 1.2683 9.46785 11 0 0 65.2142 0 140000 0 0
12 2 0 65.1248 1.71226 0 1.21745 12.5681 12 0 0 67.8519 0 140000 0 0
13 2 0 74.5949 1.41817 0 1.10856 12.6369 13 0 0 61.836 0 140000 0 0
14 2 0 80.8575 1.57099 -1 1.66552 11.9428 14 0 0 61.6869 0 140000 0 0
15 2 0 76.3063 1.48339 0 1.36819 13.5329 15 0 0 54.8081 0 140000 0 0
16 2 0 88.0535 1.69877 0 1.37111 12.0703 16 0 0 55.067 0 140000 0 0
17 2 1 60.6073 1.46439 -1 1.15158 14.8993 17 0 0 48.9062 0 140000 0 0
18 2 1 66.3438 1.70248 -1 1.23025 13.8231 18 0 0 49.1819 0 140000 0 0
19 3 0 64.0383 1.5154 0 1.26545 19.5084 19 0 0 76.7257 84.5292 140000 0 0
20 3 0 67.8786 0.355087 0 1.01387 21.1508 20 0 0 78.6606 86.5521 140000 0 0
21 3 0 74.3272 1.44063 0 1.29747 22.046 21 0 0 70.0872 82.2416 140000 0 0
22 3 0 71.0935 1.69522 -1 1.47905 22.4532 22 0 0 69.8793 83.2367 140000 0 0
23 3 0 88.4379 1.53851 1.5708 1.90795 23.755 23 0 0 60.8442 74.4469 140000 0 0
24 3 0 83.4006 1.62756 0 1.41338 23.0613 24 0 0 61.2619 74.8581 140000 0 0
25 3 1 92.1949 1.40885 -1 1.20427 24.5567 25 0 0 52.778 65.3513 140000 0 0
26 3 1 69.6809 1.68982 -1 1.43983 22.8873 26 0 0 54.1007 66.431 140000 0 0
27 4 0 89.1559 1.56777 0 1.73917 31.5774 27 0 0 74.5039 104.481 140000 0 0
28 4 0 99.8693 1.51614 1.5708 1.94554 32.1851 28 0 0 70.9662 95.986 140000 0 0
29 4 0 80.9441 1.56665 1.5708 1.90098 32.5264 29 0 0 70.5642 97.03 140000 0 0
30 4 0 80.6175 1.55944 -1 1.39352 34.1733 30 0 0 62.1864 83.0857 140000 0 0
31 4 0 78.6572 1.53067 1.5708 1.52291 33.2383 31 0 0 62.8074 84.2717 140000 0 0
32 4 1 62.6684 1.4594 -1 1.14711 34.3648 32 0 0 55.0546 72.4326 140000 0 0
33 4 1 69.7765 1.70816 -1 1.45246 33.3327 33 0 0 55.9703 73.6817 140000 0 0
34 5 0 87.7095 1.58782 1.5708 1.67859 44.3809 34 0 0 61.4508 93.9806 140000 0 0
35 5 0 80.7584 1.523 -1 1.665 44.1512 35 0 0 60.6003 92.5754 140000 0 0
36 5 0 74.4508 1.63467 -1 1.35097 44.3817 36 0 0 58.5317 85.3995 140000 0 0
37 5 0 78.8018 1.46369 1.5708 1.79743 44.4675 37 0 0 58.15 85.4027 140000 0 0
38 5 1 87.0124 1.48758 -1 1.15102 44.1228 38 0 0 53.2652 74.9023 140000 0 0
39 5 1 65.9012 1.67019 -1 1.1995 42.4253 39 0 0 54.9998 77.0736 140000 0 0
40 6 0 67.1532 1.59347 -1 1.26145 54.5194 40 0 0 52.6793 80.7093 140000 0 0
41 6 0 81.2214 1.46717 1.5708 1.37936 54.7938 41 0 0 51.9275 78.6107 140000 0 0
42 6 0 87.7547 1.53273 1.5708 1.27333 55.8819 42 0 0 50.6654 76.6608 140000 0 0
43 6 1 93.0338 1.4159 -1 1.08979 54.5257 43 0 0 49.0074 72.2162 140000 0 0
44 6 1 94.5863 1.51886 -1 1.16109 53.7084 44 0 0 49.2537 72.2767 140000 0 0
45 7 0 101.022 1.54312 1.5708 1.75634 65.8729 45 0 0 44.5511 67.7905 140000 0 0
46 7 0 97.7002 1.59851 1.5708 1.55014 65.8924 46 0 0 43.9763 66.5787 140000 0 0
47 7 0 91.0606 1.47521 1.5708 1.35944 66.7404 47 0 0 43.3042 65.4375 140000 0 0
48 7 1 84.4339 1.47146 1.5708 1.16978 64.7547 48 0 0 42.8852 63.9897 140000 0 0
49 7 1 86.5778 1.64626 1.5708 1.22593 64.6182 49 0 0 42.7058 63.53 140000 0 0
