0 1 0 88.6963 1.85301 0 1.12742 -3.03262 0 0 0 55.3383 0 325000 0 0
1 1 0 67.4039 1.64339 -1 1.46211 0 1 0 0 58.1053 0 325000 0 0
2 1 0 86.003 1.94958 0 1.31736 -2.3407 2 0 0 53.3822 0 325000 0 0
3 1 0 98.3132 1.42649 0 1.20512 -2.7958 3 0 0 53.5091 0 325000 0 0
4 1 0 87.9341 1.31072 -1 1.64534 3.06096 4 0 0 53.3207 0 325000 0 0
5 1 0 89.8314 2.42874 0 1.3048 -4.2087 5 0 0 48.6449 0 325000 0 0
6 1 0 87.2976 1.22855 0 1.25551 2.88141 6 0 0 48.0281 0 325000 0 0
7 1 0 90.0396 2.18552 0 1.25625 -1.11156 7 0 0 45.6556 0 325000 0 0
8 1 1 80.2653 2.34226 -1 1.09022 6.3411 8 0 0 44.3025 0 325000 0 0
9 1 1 54.375 0.910441 -1 1.08635 4.15316 9 0 0 43.6266 0 325000 0 0
10 2 0 87.0436 1.75307 0 1.31813 9.0371 10 0 0 66.9243 0 325000 0 0
11 2 0 79.9021 2.20229 0 1.11007 6.4935 11 0 0 62.172 0 325000 0 0
12 2 0 87.3494 1.62329 0 1.51869 9.97205 12 0 0 65.9798 0 325000 0 0
13 2 0 80.4822 0.478556 0 1.11983 14.0455 13 0 0 62.6939 0 325000 0 0
14 2 0 90.9424 1.56237 -1 1.81736 8.15068 14 0 0 59.5992 0 325000 0 0
15 2 0 86.2769 1.56596 0 1.48606 13.5063 15 0 0 55.0966 0 325000 0 0
16 2 0 89.3806 1.80788 0 1.34668 7.44572 16 0 0 53.484 0 325000 0 0
17 2 1 61.5154 1.61605 -1 1.22109 14.0589 17 0 0 49.2446 0 325000 0 0
18 2 1 63.8154 1.86676 -1 1.09277 10.6989 18 0 0 48.7572 0 325000 0 0
19 3 0 92.2824 1.29891 0 1.92617 19.9499 19 0 0 75.8233 82.7381 325000 0 0
20 3 0 93.5103 1.61381 0 1.38834 21.4922 20 0 0 80.2312 86.6854 325000 0 0
21 3 0 76.1115 1.58515 0 1.37005 25.1245 21 0 0 69.6395 83.1851 325000 0 0
22 3 0 83.0172 1.63168 -1 1.74635 21.5438 22 0 0 70.4522 81.2716 325000 0 0
23 3 0 85.7902 1.63453 0 1.48019 24.6099 23 0 0 60.922 74.1013 325000 0 0
24 3 0 91.2862 1.54236 0 1.6735 19.9794 24 0 0 61.381 71.9978 325000 0 0
25 3 1 90.1916 1.49219 -1 1.3117 24.3781 25 0 0 53.2374 65.3084 325000 0 0
26 3 1 71.5834 1.63996 -1 1.53887 19.5454 26 0 0 54.3908 64.7758 325000 0 0
27 4 0 103.858 1.54121 1.5708 2.36093 34.8497 27 0 0 70.4068 108.121 325000 0 0
28 4 0 104.414 1.55509 1.5708 1.9656 35.9842 28 0 0 67.1404 95.8217 325000 0 0
29 4 0 91.8591 1.57419 1.5708 2.16603 34.502 29 0 0 68.6232 97.3733 325000 0 0
30 4 0 90.6602 1.55084 -1 1.58797 36.4432 30 0 0 60.7496 83.0498 325000 0 0
31 4 0 91.7603 1.62421 0 1.47074 32.6404 31 0 0 63.542 84.2592 325000 0 0
32 4 1 72.1138 1.43017 -1 1.37806 35.1211 32 0 0 54.8307 72.664 325000 0 0
33 4 1 76.2602 1.7284 -1 1.72946 31.383 33 0 0 57.2548 74.1042 325000 0 0
34 5 0 97.6849 1.51392 1.5708 1.7457 49.5818 34 0 0 56.648 88.4006 325000 0 0
35 5 0 88.668 1.51793 -1 1.74382 48.8769 35 0 0 57.1466 89.1498 325000 0 0
36 5 0 86.2089 1.56231 -1 1.54134 48.7753 36 0 0 54.5501 82.063 325000 0 0
37 5 0 96.3987 1.33794 1.5708 1.80379 46.6443 37 0 0 56.2062 84.4407 325000 0 0
38 5 1 95.33 1.49507 -1 1.40083 47.0592 38 0 0 51.6282 74.3067 325000 0 0
39 5 1 78.3118 1.52659 -1 1.54439 42.5132 39 0 0 54.6537 77.76 325000 0 0
40 6 0 76.0826 1.53545 -1 1.38672 60.5342 40 0 0 48.0161 74.8441 325000 0 0
41 6 0 105.876 1.58581 1.5708 1.48174 61.5569 41 0 0 46.644 72.0769 325000 0 0
42 6 0 108.732 1.44195 1.5708 1.54567 61.5762 42 0 0 46.4665 71.6641 325000 0 0
43 6 1 101.787 1.49796 -1 1.26753 59.5386 43 0 0 45.5532 68.6659 325000 0 0
44 6 1 107.736 1.54866 -1 1.4856 56.897 44 0 0 46.946 70.4797 325000 0 0
45 7 0 115.671 1.60875 1.5708 1.86815 73.6597 45 0 0 39.2458 60.6734 325000 0 0
46 7 0 101.769 1.70266 1.5708 1.43995 73.9213 46 0 0 38.768 59.7127 325000 0 0
47 7 0 98.759 1.45795 1.5708 1.39996 74.5708 47 0 0 38.0791 58.4825 325000 0 0
48 7 1 88.7053 1.5436 1.5708 1.22922 71.1976 48 0 0 38.9633 59.3072 325000 0 0
49 7 1 95.2924 1.50604 1.5708 1.41637 70.2673 49 0 0 38.9882 59.1037 325000 0 0
