0 1 0 89.6576 1.74707 0 1.10832 -3.23943 0 0 0 56.079 0 275000 0 0
1 1 0 66.4161 1.63317 -1 1.47457 0 1 0 0 59.0997 0 275000 0 0
2 1 0 86.6258 2.56528 0 1.09108 -2.74557 2 0 0 53.8207 0 275000 0 0
3 1 0 97.0273 1.44921 0 1.23045 -2.80954 3 0 0 54.4319 0 275000 0 0
4 1 0 86.262 1.31989 -1 1.49261 2.10705 4 0 0 53.4806 0 275000 0 0
5 1 0 89.0163 2.3961 0 1.26492 -3.68637 5 0 0 49.4641 0 275000 0 0
6 1 0 87.6317 1.20647 0 1.21519 2.44099 6 0 0 48.1916 0 275000 0 0
7 1 0 89.3557 2.16729 0 1.26026 -0.679272 7 0 0 46.2686 0 275000 0 0
8 1 1 79.6485 2.32656 -1 1.10207 5.73146 8 0 0 44.3981 0 275000 0 0
9 1 1 54.6036 0.858668 -1 1.07497 4.0182 9 0 0 44.0118 0 275000 0 0
10 2 0 80.4124 1.82179 0 1.26486 8.58781 10 0 0 67.9932 0 275000 0 0
11 2 0 76.5608 2.16982 0 1.05611 6.08499 11 0 0 62.9912 0 275000 0 0
12 2 0 84.1113 1.65238 0 1.52734 9.72196 12 0 0 66.6899 0 275000 0 0
13 2 0 85.221 0.575423 0 1.14264 12.632 13 0 0 62.7715 0 275000 0 0
14 2 0 89.23 1.5808 -1 1.82897 8.22857 14 0 0 60.2735 0 275000 0 0
15 2 0 84.9509 1.51082 0 1.41283 12.5964 15 0 0 55.1834 0 275000 0 0
16 2 0 91.5836 1.78691 0 1.31189 7.97464 16 0 0 54.027 0 275000 0 0
17 2 1 62.4529 1.54371 -1 1.22361 13.4239 17 0 0 49.2606 0 275000 0 0
18 2 1 63.742 1.8038 -1 1.11857 10.8854 18 0 0 49.0259 0 275000 0 0
19 3 0 92.0963 1.22193 1.5708 2.04113 19.0364 19 0 0 76.1048 83.8576 275000 0 0
20 3 0 96.3272 1.57279 1.5708 1.71172 21.1127 20 0 0 80.1371 87.5803 275000 0 0
21 3 0 80.2804 1.51302 0 1.41515 23.9809 21 0 0 69.483 84.2703 275000 0 0
22 3 0 82.8028 1.59502 -1 1.60138 21.245 22 0 0 70.4999 82.5049 275000 0 0
23 3 0 90.3698 1.59011 0 1.4719 23.7463 23 0 0 60.7663 74.7416 275000 0 0
24 3 0 87.141 1.57337 0 1.50947 19.752 24 0 0 61.4792 73.1972 275000 0 0
25 3 1 91.284 1.46466 -1 1.32604 23.6582 25 0 0 53.0263 65.5561 275000 0 0
26 3 1 71.2897 1.66876 -1 1.4844 19.6968 26 0 0 54.366 65.544 275000 0 0
27 4 0 94.0653 1.55124 1.5708 2.21576 34.1099 27 0 0 70.8465 108.455 275000 0 0
28 4 0 98.4793 1.5442 1.5708 1.77933 34.6122 28 0 0 67.6536 96.3069 275000 0 0
29 4 0 90.108 1.52829 0 1.7826 33.8396 29 0 0 68.6739 97.8376 275000 0 0
30 4 0 87.9324 1.54647 -1 1.49411 35.3143 30 0 0 60.3237 82.8355 275000 0 0
31 4 0 90.3376 1.58571 1.5708 1.77188 31.8447 31 0 0 63.5975 84.7102 275000 0 0
32 4 1 69.8191 1.52569 -1 1.33264 34.24 32 0 0 54.3318 72.3318 275000 0 0
33 4 1 75.6981 1.74154 -1 1.64271 30.904 33 0 0 56.9171 74.1839 275000 0 0
34 5 0 96.4802 1.55208 1.5708 1.69693 47.5284 34 0 0 57.0125 88.27 275000 0 0
35 5 0 86.7431 1.48452 -1 1.62709 47.1468 35 0 0 57.2134 88.5996 275000 0 0
36 5 0 82.6753 1.61418 -1 1.55126 47.1245 36 0 0 54.6669 81.6383 275000 0 0
37 5 0 88.5912 1.35741 1.5708 1.70493 45.3381 37 0 0 56.5489 84.4101 275000 0 0
38 5 1 94.7429 1.53145 -1 1.3625 45.6635 38 0 0 51.2343 73.489 275000 0 0
39 5 1 74.1497 1.62085 -1 1.46636 41.8139 39 0 0 54.8605 77.7585 275000 0 0
40 6 0 74.4005 1.58167 -1 1.37875 58.5033 40 0 0 48.164 74.4914 275000 0 0
41 6 0 103.838 1.52465 1.5708 1.41253 59.3675 41 0 0 46.7794 71.7133 275000 0 0
42 6 0 106.302 1.47675 1.5708 1.51924 59.4417 42 0 0 46.616 71.384 275000 0 0
43 6 1 99.6595 1.48785 -1 1.23095 57.7795 43 0 0 45.4124 67.9619 275000 0 0
44 6 1 105.943 1.52827 -1 1.43741 55.3303 44 0 0 47.0872 70.2944 275000 0 0
45 7 0 113.349 1.60471 1.5708 1.84794 71.2161 45 0 0 39.4599 60.5363 275000 0 0
46 7 0 102.502 1.64774 1.5708 1.47308 71.3986 46 0 0 38.9634 59.5439 275000 0 0
47 7 0 98.6079 1.44765 1.5708 1.37538 72.2047 47 0 0 38.2686 58.3499 275000 0 0
48 7 1 88.4764 1.52893 1.5708 1.20025 69.0806 48 0 0 38.97 58.8595 275000 0 0
49 7 1 94.1676 1.57432 1.5708 1.40884 68.3205 49 0 0 39.095 58.8833 275000 0 0
