0 1 1 76.7716 1.52566 -1 1.11641 0 0 0 0 62.955 0 68000 0 1.55082
1 1 1 63.8659 1.59774 -1 1.27981 0.146942 1 0 0 63.1939 0 68000 0 1.59077
2 1 1 71.3666 1.5095 -1 1.20709 0.102268 2 0 0 59.6999 0 68000 0 1.57353
3 1 1 80.2729 1.58827 -1 1.36908 -0.380452 3 0 0 59.5077 0 68000 0 1.53467
4 1 1 73.4227 1.60419 -1 1.13484 0.352461 4 0 0 54.4572 0 68000 0 1.58405
5 1 1 92.3879 1.562 -1 1.21135 -0.572934 5 0 0 54.0026 0 68000 0 1.54082
6 1 1 83.1954 1.52566 -1 1.24921 0.648829 6 0 0 48.6359 0 68000 0 1.58976
7 1 1 74.5247 1.73335 -1 1.21758 -0.0889288 7 0 0 48.1024 0 68000 0 1.56572
8 1 1 84.915 2.51011 -1 1.22985 1.8558 8 0 0 42.9753 0 68000 0 1.61539
9 1 1 54.143 0.553544 -1 1.16682 1.56442 9 0 0 43.5632 0 68000 0 1.6091
10 2 0 59.3843 2.764 0 1.23213 8.55917 10 0 0 72.187 0 68000 0 0
11 2 0 52.3452 2.8261 0 1.16302 7.96029 11 0 0 68.0892 0 68000 0 0
12 2 0 45.3805 2.62487 0 1.11439 7.74766 12 0 0 68.7786 0 68000 0 0
13 2 0 55.0131 2.79405 0 1.19445 8.2189 13 0 0 61.726 0 68000 0 0
14 2 0 48.8887 3.03172 0 1.20031 7.61778 14 0 0 62.0488 0 68000 0 0
15 2 0 67.6086 2.79249 0 1.38706 8.73163 15 0 0 54.3223 0 68000 0 0
16 2 0 63.2155 0.433844 0 1.23046 7.62551 16 0 0 54.3647 0 68000 0 0
17 2 1 65.6688 2.58432 -1 1.23982 9.60739 17 0 0 47.0507 0 68000 0 0
18 2 1 61.1286 0.580648 -1 1.12944 8.73712 18 0 0 47.6359 0 68000 0 0
19 3 0 60.3112 0.482621 0 1.27241 15.993 19 0 0 77.8 89.3863 68000 0 0
20 3 0 49.982 1.51718 -1 1.08636 15.776 20 0 0 78.4827 89.3396 68000 0 0
21 3 0 54.2967 1.55963 0 1.03132 15.6533 21 0 0 68.7558 82.7824 68000 0 0
22 3 0 64.6438 1.52447 1.5708 1.25714 15.4096 22 0 0 68.9906 82.4131 68000 0 0
23 3 0 62.7555 2.81148 0 1.22917 15.9772 23 0 0 59.867 73.4403 68000 0 0
24 3 0 64.8895 1.579 -1 1.08152 15.378 24 0 0 60.5174 73.724 68000 0 0
25 3 1 77.403 2.57163 -1 1.12687 17.306 25 0 0 51.5893 63.9364 68000 0 0
26 3 1 75.2857 0.570559 -1 1.14326 16.0784 26 0 0 52.7717 65.048 68000 0 0
27 4 0 58.0105 0.413852 0 1.23045 23.5591 27 0 0 77.9791 102.872 68000 0 0
28 4 0 48.2548 0.500375 -1 1.19084 23.5145 28 0 0 73.5153 96.092 68000 0 0
29 4 0 41.383 1.55923 -1 1.33233 22.9712 29 0 0 73.3472 94.2719 68000 0 0
30 4 0 66.7262 1.5127 1.5708 1.14544 23.1596 30 0 0 63.8862 82.4225 68000 0 0
31 4 0 63.9934 0.310114 0 1.2171 23.469 31 0 0 64.2793 82.7579 68000 0 0
32 4 1 78.4989 2.54833 -1 1.19542 24.9324 32 0 0 55.2084 71.2319 68000 0 0
33 4 1 62.9106 0.522739 -1 1.10858 23.8228 33 0 0 56.1753 72.1045 68000 0 0
34 5 0 54.1164 0.595478 1.5708 1.15078 30.7433 34 0 0 69.1821 101.872 68000 0 0
35 5 0 65.2491 1.62908 1.5708 1.30616 31.8127 35 0 0 67.6066 99.0112 68000 0 0
36 5 0 57.4792 1.61358 1.5708 1.18239 31.0611 36 0 0 64.3076 89.5113 68000 0 0
37 5 0 70.3887 1.77987 1.5708 1.11586 31.5928 37 0 0 63.7454 88.9883 68000 0 0
38 5 1 73.3129 2.55401 -1 1.25858 32.215 38 0 0 56.9907 77.2376 68000 0 0
39 5 1 76.8143 0.464995 -1 1.17852 31.9016 39 0 0 57.1061 77.2705 68000 0 0
40 6 0 51.072 2.97524 -1 1.06778 39.0463 40 0 0 61.2129 91.2367 68000 0 0
41 6 0 59.9147 1.41041 1.5708 1.26352 38.9481 41 0 0 60.0979 88.2111 68000 0 0
42 6 0 64.7808 0.243966 1.5708 1.2964 40.0938 42 0 0 58.6176 85.7115 68000 0 0
43 6 1 65.2449 2.84438 -1 1.33501 39.2021 43 0 0 56.0392 79.5782 68000 0 0
44 6 1 51.0347 0.285856 -1 1.25002 39.4496 44 0 0 54.9742 77.6362 68000 0 0
45 7 0 84.2936 1.58787 1.5708 1.46606 47.998 45 0 0 53.3057 79.0156 68000 0 0
46 7 0 71.9981 1.64505 1.5708 1.45817 47.9274 46 0 0 52.3354 76.9227 68000 0 0
47 7 0 69.4971 1.50765 1.5708 1.37252 48.335 47 0 0 52.0989 76.5827 68000 0 0
48 7 1 72.3575 1.56384 1.5708 1.03642 47.2579 48 0 0 50.4281 72.698 68000 0 0
49 7 1 80.7038 1.65759 1.5708 1.04219 47.5961 49 0 0 50.0253 72.028 68000 0 0
