0 1 1 80.7148 0.444736 -1 1.07654 0 0 0 0 61.7714 0 132000 0 1.48372
1 1 1 73.1634 1.69128 -1 1.24159 0.689918 1 0 0 62.0223 0 132000 0 1.65787
2 1 1 80.8907 1.55022 -1 1.0459 -0.387234 2 0 0 58.1002 0 132000 0 1.51966
3 1 1 90.6508 1.6301 -1 1.30201 -0.113984 3 0 0 57.6665 0 132000 0 1.54211
4 1 1 83.119 2.678 -1 1.23694 1.00514 4 0 0 52.8195 0 132000 0 1.60139
5 1 1 98.2779 1.74923 -1 1.17958 -0.108959 5 0 0 52.0805 0 132000 0 1.5541
6 1 1 94.447 1.45514 -1 1.12175 2.58658 6 0 0 46.6649 0 132000 0 1.63871
7 1 1 84.3658 1.77436 -1 1.21393 1.41079 7 0 0 46.368 0 132000 0 1.60425
8 1 1 87.7748 2.51256 -1 1.2408 4.62018 8 0 0 40.9708 0 132000 0 1.66947
9 1 1 59.036 0.764042 -1 1.20195 3.74887 9 0 0 41.9607 0 132000 0 1.65342
10 2 0 63.123 0.431441 0 1.16526 9.06111 10 0 0 71.3767 0 132000 0 0
11 2 0 58.6939 2.73043 0 1.28607 7.47069 11 0 0 66.9005 0 132000 0 0
12 2 0 54.2547 1.5644 0 1.05038 8.70707 12 0 0 67.0811 0 132000 0 0
13 2 0 68.1109 2.61461 0 1.25018 8.37517 13 0 0 60.1579 0 132000 0 0
14 2 0 60.7164 2.76858 0 1.19538 8.50551 14 0 0 60.3068 0 132000 0 0
15 2 0 75.1818 2.75337 0 1.39295 10.2434 15 0 0 52.3778 0 132000 0 0
16 2 0 70.7715 0.466931 0 1.23241 8.95723 16 0 0 52.6496 0 132000 0 0
17 2 1 74.8298 2.5417 -1 1.23337 12.236 17 0 0 45.0499 0 132000 0 0
18 2 1 61.3315 0.63746 -1 1.18496 10.75 18 0 0 45.9388 0 132000 0 0
19 3 0 71.8719 1.48073 1.5708 1.23904 16.4552 19 0 0 77.0768 86.9615 132000 0 0
20 3 0 53.7878 1.49063 -1 1.03646 16.8776 20 0 0 77.2795 87.4095 132000 0 0
21 3 0 65.9666 1.52092 1.5708 1.37969 15.9933 21 0 0 67.694 79.9111 132000 0 0
22 3 0 71.0327 2.61323 0 1.24612 16.5444 22 0 0 67.7216 80.364 132000 0 0
23 3 0 77.5274 2.62656 0 1.45508 17.0959 23 0 0 58.4961 71.104 132000 0 0
24 3 0 68.3286 1.65633 -1 1.20189 16.5994 24 0 0 58.9312 71.3753 132000 0 0
25 3 1 80.8036 2.46647 -1 1.14162 19.4243 25 0 0 50.0107 61.8978 132000 0 0
26 3 1 81.7853 0.622555 -1 1.10432 17.8703 26 0 0 51.1844 62.9009 132000 0 0
27 4 0 62.7326 0.319458 0 1.28378 24.4642 27 0 0 79.1782 100.346 132000 0 0
28 4 0 50.8747 0.463979 -1 1.09498 24.7232 28 0 0 73.3701 93.0842 132000 0 0
29 4 0 49.2956 1.55652 -1 1.14186 24.7193 29 0 0 72.2729 92.9642 132000 0 0
30 4 0 69.3438 1.53349 1.5708 1.26115 24.5793 30 0 0 63.7399 81.1535 132000 0 0
31 4 0 72.5684 1.59934 1.5708 1.38321 25.3243 31 0 0 63.1364 81.1114 132000 0 0
32 4 1 81.3431 2.47891 -1 1.26476 26.6708 32 0 0 54.6837 70.4093 132000 0 0
33 4 1 75.0355 0.53948 -1 1.1188 26.1794 33 0 0 54.9352 70.5169 132000 0 0
34 5 0 59.2577 1.48354 1.5708 1.18382 31.9529 34 0 0 69.6915 102.07 132000 0 0
35 5 0 74.8714 1.59421 1.5708 1.21702 33.2641 35 0 0 68.0097 100.034 132000 0 0
36 5 0 66.7053 2.56148 0 1.20145 32.7971 36 0 0 64.2365 89.3318 132000 0 0
37 5 0 73.946 1.4131 1.5708 1.13763 33.8712 37 0 0 63.0948 88.1935 132000 0 0
38 5 1 74.9608 2.51231 -1 1.24276 33.8625 38 0 0 56.7972 76.9751 132000 0 0
39 5 1 77.8041 0.479071 -1 1.12643 34.5183 39 0 0 56.0329 76.0659 132000 0 0
40 6 0 52.7927 1.68383 -1 1.07365 40.7565 40 0 0 61.5571 92.6784 132000 0 0
41 6 0 68.1897 1.44799 1.5708 1.17391 40.6365 41 0 0 60.1552 88.9776 132000 0 0
42 6 0 70.37 0.302901 1.5708 1.26749 42.3515 42 0 0 58.7195 86.6975 132000 0 0
43 6 1 71.9844 2.88179 -1 1.29723 41.3195 43 0 0 55.4997 79.1715 132000 0 0
44 6 1 53.2195 0.275858 -1 1.29756 41.8066 44 0 0 54.7637 77.885 132000 0 0
45 7 0 91.5801 1.58365 1.5708 1.6271 50.4652 45 0 0 52.8503 79.0902 132000 0 0
46 7 0 84.0287 1.66804 1.5708 1.53199 50.2728 46 0 0 51.9515 76.9851 132000 0 0
47 7 0 81.6601 1.43158 1.5708 1.31944 51.1415 47 0 0 51.4921 76.3945 132000 0 0
48 7 1 76.8019 0.247217 1.5708 1.07874 49.5796 48 0 0 49.9109 72.3848 132000 0 0
49 7 1 82.5271 1.61241 1.5708 1.04292 49.9526 49 0 0 49.6546 72.0377 132000 0 0
