0 1 1 81.4011 2.99653 -1 1.0933 0 0 0 0 61.1269 0 197000 0 1.47384
1 1 1 79.8151 1.73128 -1 1.05412 0.850134 1 0 0 61.4328 0 197000 0 1.66775
2 1 1 95.331 2.8344 -1 1.22881 0.368639 2 0 0 57.2556 0 197000 0 1.5736
3 1 1 92.3576 1.68872 -1 1.25791 0.807347 3 0 0 57.0926 0 197000 0 1.60233
4 1 1 84.9791 2.69033 -1 1.12773 2.55291 4 0 0 51.5358 0 197000 0 1.65682
5 1 1 100.816 1.75233 -1 1.10425 1.84139 5 0 0 51.5878 0 197000 0 1.63076
6 1 1 96.1671 1.31003 -1 1.14219 5.24219 6 0 0 45.9081 0 197000 0 1.7072
7 1 1 86.1113 1.85596 -1 1.21401 3.76851 7 0 0 45.7169 0 197000 0 1.66772
8 1 1 87.8061 2.32066 -1 1.22746 8.5645 8 0 0 40.4805 0 197000 0 1.75026
9 1 1 59.8189 0.776642 -1 1.19174 6.50692 9 0 0 41.2269 0 197000 0 1.71152
10 2 0 69.6175 0.486511 0 1.1539 9.05191 10 0 0 71.0077 0 197000 0 0
11 2 0 66.4426 2.70139 0 1.28458 7.73105 11 0 0 65.9712 0 197000 0 0
12 2 0 64.257 1.62294 0 1.10486 9.52591 12 0 0 67.0874 0 197000 0 0
13 2 0 74.0224 2.54191 0 1.26673 9.45281 13 0 0 59.077 0 197000 0 0
14 2 0 68.2902 0.358166 0 1.1342 9.95784 14 0 0 59.8123 0 197000 0 0
15 2 0 78.0325 2.54657 0 1.35109 12.5208 15 0 0 52.1239 0 197000 0 0
16 2 0 72.8699 0.533032 0 1.25475 11.2117 16 0 0 52.0281 0 197000 0 0
17 2 1 78.1976 2.39706 -1 1.20571 15.6815 17 0 0 44.9289 0 197000 0 0
18 2 1 62.6684 0.657703 -1 1.14833 13.3433 18 0 0 45.2961 0 197000 0 0
19 3 0 71.5596 1.58555 1.5708 1.29617 16.8752 19 0 0 77.0285 86.8535 197000 0 0
20 3 0 56.534 0.580918 -1 1.12165 17.5324 20 0 0 77.7095 87.7472 197000 0 0
21 3 0 71.0339 1.46876 0 1.09306 16.9305 21 0 0 67.2628 79.6369 197000 0 0
22 3 0 74.9323 0.342102 0 1.16999 17.9449 22 0 0 67.5837 80.3057 197000 0 0
23 3 0 78.6226 2.47627 0 1.31016 19.0226 23 0 0 58.5249 71.5948 197000 0 0
24 3 0 70.6436 1.63879 -1 1.13448 18.7699 24 0 0 58.3195 71.1159 197000 0 0
25 3 1 81.1271 2.35288 -1 1.13435 22.432 25 0 0 50.445 63.0388 197000 0 0
26 3 1 80.7964 0.660404 -1 1.15251 20.3284 26 0 0 50.3792 62.2959 197000 0 0
27 4 0 69.8863 1.41136 1.5708 1.27571 25.5519 27 0 0 78.6152 100.546 197000 0 0
28 4 0 56.5716 1.37799 -1 1.19132 25.6508 28 0 0 72.7186 93.5163 197000 0 0
29 4 0 54.5961 1.51556 -1 1.27618 25.8386 29 0 0 71.8149 92.3935 197000 0 0
30 4 0 75.2305 1.3818 1.5708 1.20891 26.1752 30 0 0 63.4717 81.9705 197000 0 0
31 4 0 77.465 0.484953 0 1.16516 26.8488 31 0 0 62.4246 80.7456 197000 0 0
32 4 1 80.266 2.4253 -1 1.30922 29.1239 32 0 0 54.5902 71.1196 197000 0 0
33 4 1 76.5341 0.590351 -1 1.10478 28.1795 33 0 0 53.9155 69.6695 197000 0 0
34 5 0 65.7143 1.58813 1.5708 1.19149 34.0199 34 0 0 68.8721 102.938 197000 0 0
35 5 0 73.7914 1.66066 1.5708 1.39224 35.2658 35 0 0 66.7533 98.4912 197000 0 0
36 5 0 70.9481 1.51341 1.5708 1.23039 34.6573 36 0 0 63.4082 89.3374 197000 0 0
37 5 0 77.1483 1.79518 0 1.11879 35.456 37 0 0 61.9401 87.2948 197000 0 0
38 5 1 74.7063 2.52188 -1 1.32736 36.151 38 0 0 55.8654 76.4782 197000 0 0
39 5 1 82.0425 0.593392 -1 1.14063 36.3058 39 0 0 55.0475 75.3092 197000 0 0
40 6 0 55.1707 1.75447 -1 1.07851 43.1276 40 0 0 59.9431 90.6095 197000 0 0
41 6 0 67.6336 1.33034 1.5708 1.16239 42.9301 41 0 0 58.9887 87.7708 197000 0 0
42 6 0 76.1016 3.12077 1.5708 1.21439 44.5368 42 0 0 57.0057 84.5483 197000 0 0
43 6 1 73.1699 2.86423 -1 1.33696 43.651 43 0 0 54.3412 77.979 197000 0 0
44 6 1 54.3916 0.316706 -1 1.20153 43.9741 44 0 0 53.2697 76.2063 197000 0 0
45 7 0 95.6292 1.61126 1.5708 1.64974 53.1614 45 0 0 51.1874 76.8832 197000 0 0
46 7 0 89.7059 1.67257 1.5708 1.5114 52.7243 46 0 0 50.5039 75.1324 197000 0 0
47 7 0 87.097 1.4582 1.5708 1.29495 53.5829 47 0 0 50.0235 74.5535 197000 0 0
48 7 1 77.5388 0.199611 1.5708 1.07263 51.938 48 0 0 48.5285 70.6677 197000 0 0
49 7 1 84.8689 1.55295 1.5708 1.05123 52.3818 49 0 0 48.3675 70.5368 197000 0 0
