0 1 1 88.6612 2.93506 -1 1.18553 0 0 0 0 60.5135 0 238000 0 1.49497
1 1 1 85.0472 0.318635 -1 1.08685 0.717496 1 0 0 61.0305 0 238000 0 1.64662
2 1 1 99.3049 2.74626 -1 1.14829 1.02922 2 0 0 56.806 0 238000 0 1.61719
3 1 1 101.036 1.73184 -1 1.05536 1.44963 3 0 0 56.9546 0 238000 0 1.64063
4 1 1 85.8124 2.57034 -1 1.18768 4.05729 4 0 0 51.5793 0 238000 0 1.71104
5 1 1 99.7814 1.89469 -1 1.16056 3.1135 5 0 0 51.2975 0 238000 0 1.67555
6 1 1 97.2468 1.32177 -1 1.09639 7.08099 6 0 0 45.7967 0 238000 0 1.75301
7 1 1 85.2737 1.90187 -1 1.25841 5.71127 7 0 0 45.5304 0 238000 0 1.71736
8 1 1 86.8882 2.41028 -1 1.23877 10.4032 8 0 0 40.2609 0 238000 0 1.78423
9 1 1 59.4825 0.830455 -1 1.17777 8.7111 9 0 0 41.0604 0 238000 0 1.75727
10 2 0 70.8549 0.443128 0 1.17147 8.85427 10 0 0 70.081 0 238000 0 0
11 2 0 73.023 2.52873 0 1.27799 8.5412 11 0 0 65.7318 0 238000 0 0
12 2 0 69.0309 1.65496 0 1.08801 9.59698 12 0 0 66.8549 0 238000 0 0
13 2 0 78.9903 2.49911 0 1.21097 10.9031 13 0 0 59.2592 0 238000 0 0
14 2 0 72.0156 0.56906 0 1.14204 10.9041 14 0 0 59.7089 0 238000 0 0
15 2 0 79.1178 2.64158 0 1.41415 14.1364 15 0 0 51.9154 0 238000 0 0
16 2 0 73.1803 0.576809 0 1.22955 12.7845 16 0 0 51.7146 0 238000 0 0
17 2 1 77.9882 2.42738 -1 1.24933 17.3138 17 0 0 44.5235 0 238000 0 0
18 2 1 61.6809 0.715312 -1 1.17154 15.3337 18 0 0 44.8177 0 238000 0 0
19 3 0 74.3572 1.49629 1.5708 1.41322 17.3211 19 0 0 77.0044 86.1281 238000 0 0
20 3 0 59.4819 1.52112 -1 1.24022 17.7274 20 0 0 77.5316 87.021 238000 0 0
21 3 0 77.4449 1.38999 0 1.06482 18.132 21 0 0 68.1029 80.179 238000 0 0
22 3 0 77.6388 2.73742 0 1.17255 18.6443 22 0 0 67.4353 80.4038 238000 0 0
23 3 0 81.94 2.5729 0 1.44773 20.5122 23 0 0 58.6782 71.9398 238000 0 0
24 3 0 72.2547 1.73008 -1 1.09679 19.9965 24 0 0 58.002 71.011 238000 0 0
25 3 1 80.7461 2.36445 -1 1.20338 23.6824 25 0 0 49.8671 62.475 238000 0 0
26 3 1 82.0726 0.700934 -1 1.12896 21.8733 26 0 0 49.8672 61.8545 238000 0 0
27 4 0 71.9121 1.57468 1.5708 1.43123 26.472 27 0 0 78.0803 100.89 238000 0 0
28 4 0 59.1713 1.64737 -1 1.10175 26.6425 28 0 0 72.7511 93.8176 238000 0 0
29 4 0 57.3231 1.59741 -1 1.35104 27.258 29 0 0 71.4742 92.9764 238000 0 0
30 4 0 80.0289 2.5858 0 1.38051 27.3029 30 0 0 63.7187 82.4292 238000 0 0
31 4 0 81.2952 1.59766 1.5708 1.29047 28.3267 31 0 0 62.1356 80.5919 238000 0 0
32 4 1 79.0946 2.41573 -1 1.25698 30.3217 32 0 0 54.4299 71.057 238000 0 0
33 4 1 80.3415 0.594709 -1 1.16459 29.6884 33 0 0 53.4546 69.2879 238000 0 0
34 5 0 71.5595 1.49565 1.5708 1.2233 35.3199 34 0 0 67.84 101.962 238000 0 0
35 5 0 76.9984 1.61945 1.5708 1.39987 36.8415 35 0 0 65.9507 97.9593 238000 0 0
36 5 0 76.4357 1.48053 1.5708 1.26316 35.6417 36 0 0 62.9962 89.2822 238000 0 0
37 5 0 77.0841 0.419586 0 1.08911 37.2054 37 0 0 61.7391 87.2667 238000 0 0
38 5 1 78.1201 2.50295 -1 1.26852 37.0862 38 0 0 55.7028 76.624 238000 0 0
39 5 1 77.8393 0.557008 -1 1.16456 37.8046 39 0 0 54.8816 75.1667 238000 0 0
40 6 0 55.325 1.68695 -1 1.07571 44.5836 40 0 0 59.162 89.7433 238000 0 0
41 6 0 70.9191 1.42514 1.5708 1.21973 44.346 41 0 0 58.2581 87.1242 238000 0 0
42 6 0 76.8485 0.168478 0 1.29637 46.1781 42 0 0 56.466 84.1122 238000 0 0
43 6 1 76.6287 3.03043 -1 1.22122 45.0033 43 0 0 53.8664 77.7851 238000 0 0
44 6 1 53.8664 0.306802 -1 1.21666 45.2071 44 0 0 53.2542 76.4948 238000 0 0
45 7 0 97.5856 1.61493 1.5708 1.62698 54.6497 45 0 0 50.5275 76.1542 238000 0 0
46 7 0 92.7402 1.68894 1.5708 1.4799 54.3337 46 0 0 49.8131 74.3685 238000 0 0
47 7 0 88.2582 1.44643 1.5708 1.28186 55.3551 47 0 0 49.2661 73.6788 238000 0 0
48 7 1 77.7662 0.26231 1.5708 1.06955 53.5161 48 0 0 47.8783 69.9669 238000 0 0
49 7 1 85.5032 1.61152 1.5708 1.07423 53.722 49 0 0 47.8611 70.059 238000 0 0
