0 1 1 73.531 1.64289 -1 1.05485 0 0 0 0 63.1926 0 53000 0 1.50169
1 1 1 65.9046 1.65917 -1 1.2397 0.51907 1 0 0 63.5798 0 53000 0 1.6399
2 1 1 69.0087 1.53853 -1 1.22957 -0.116812 2 0 0 59.9538 0 53000 0 1.54156
3 1 1 75.8212 1.58205 -1 1.48012 -0.244088 3 0 0 59.8575 0 53000 0 1.53168
4 1 1 71.3257 1.60908 -1 1.14343 0.0455669 4 0 0 54.9908 0 53000 0 1.56161
5 1 1 87.3863 1.59284 -1 1.24329 -0.673475 5 0 0 54.826 0 53000 0 1.52747
6 1 1 80.2927 1.55941 -1 1.31896 0.316083 6 0 0 49.1643 0 53000 0 1.57336
7 1 1 71.2867 1.69997 -1 1.25198 -0.274161 7 0 0 49.0913 0 53000 0 1.55388
8 1 1 82.6613 2.59278 -1 1.21422 1.25518 8 0 0 43.7918 0 53000 0 1.59667
9 1 1 53.5654 0.664487 -1 1.18366 1.26028 9 0 0 44.4992 0 53000 0 1.59753
10 2 0 60.2536 2.75242 0 1.41341 8.27531 10 0 0 71.801 0 53000 0 0
11 2 0 50.017 2.16035 0 1.22937 7.85314 11 0 0 68.3214 0 53000 0 0
12 2 0 43.448 1.635 0 1.02202 8.27894 12 0 0 69.3016 0 53000 0 0
13 2 0 54.5651 1.63021 0 1.0265 7.95277 13 0 0 62.0793 0 53000 0 0
14 2 0 48.0015 2.74796 0 1.34293 7.38226 14 0 0 62.868 0 53000 0 0
15 2 0 65.1705 2.83293 0 1.32926 8.43728 15 0 0 54.8891 0 53000 0 0
16 2 0 59.9547 2.7968 0 1.30771 7.36587 16 0 0 55.2568 0 53000 0 0
17 2 1 63.2007 2.64772 -1 1.21834 8.97153 17 0 0 47.9828 0 53000 0 0
18 2 1 57.8485 0.566354 -1 1.17323 8.29611 18 0 0 48.3133 0 53000 0 0
19 3 0 60.8074 0.359975 0 1.17079 15.7487 19 0 0 77.644 89.6698 53000 0 0
20 3 0 44.1815 1.40493 -1 1.09799 15.3358 20 0 0 79.9588 90.6768 53000 0 0
21 3 0 54.2961 1.55136 0 1.09996 15.9782 21 0 0 69.2551 83.7316 53000 0 0
22 3 0 63.7032 2.84737 0 1.16045 15.2736 22 0 0 70.0088 84.073 53000 0 0
23 3 0 62.6964 2.84446 0 1.18016 15.9171 23 0 0 60.7544 74.4874 53000 0 0
24 3 0 62.5797 1.57805 -1 1.22762 15.0302 24 0 0 61.3635 74.924 53000 0 0
25 3 1 74.8896 2.62505 -1 1.1303 16.7019 25 0 0 52.5907 64.9609 53000 0 0
26 3 1 73.5745 0.553573 -1 1.12071 15.6054 26 0 0 53.4235 65.9085 53000 0 0
27 4 0 53.7927 1.5961 1.5708 1.53151 23.4988 27 0 0 77.3006 104.311 53000 0 0
28 4 0 49.0422 0.44712 -1 1.19164 23.6677 28 0 0 72.2748 96.327 53000 0 0
29 4 0 44.7058 1.64365 -1 1.24043 22.6962 29 0 0 73.3717 95.5423 53000 0 0
30 4 0 62.7763 0.283316 0 1.25179 23.2738 30 0 0 64.389 83.2434 53000 0 0
31 4 0 63.769 0.151083 0 1.18391 23.1828 31 0 0 64.676 83.6246 53000 0 0
32 4 1 73.3162 2.60043 -1 1.1912 24.4101 32 0 0 56.0387 72.1178 53000 0 0
33 4 1 62.301 0.505233 -1 1.09562 23.5071 33 0 0 56.5734 72.7761 53000 0 0
34 5 0 53.4938 0.613981 1.5708 1.19469 30.8009 34 0 0 68.0121 100.393 53000 0 0
35 5 0 65.7385 1.56417 1.5708 1.35824 31.8115 35 0 0 67.1898 98.1916 53000 0 0
36 5 0 55.9411 1.63642 1.5708 1.15053 30.8997 36 0 0 63.8501 89.3853 53000 0 0
37 5 0 71.6596 1.73292 1.5708 1.09558 31.3971 37 0 0 63.8539 89.0827 53000 0 0
38 5 1 73.29 2.52953 -1 1.23321 31.7251 38 0 0 57.5131 77.8232 53000 0 0
39 5 1 75.9536 0.473746 -1 1.15854 31.5652 39 0 0 57.3056 77.6553 53000 0 0
40 6 0 51.4906 2.90331 -1 1.07555 39.0087 40 0 0 60.8398 90.4102 53000 0 0
41 6 0 61.2881 1.4077 1.5708 1.20063 38.8374 41 0 0 59.592 87.2807 53000 0 0
42 6 0 61.486 0.163013 0 1.43224 39.8661 42 0 0 58.7239 85.7303 53000 0 0
43 6 1 63.5315 2.83657 -1 1.2977 38.9141 43 0 0 55.9167 79.3312 53000 0 0
44 6 1 49.7972 0.279102 -1 1.22589 39.1124 44 0 0 55.5165 78.5887 53000 0 0
45 7 0 79.3065 1.58514 1.5708 1.38876 47.6147 45 0 0 53.4287 78.9795 53000 0 0
46 7 0 67.674 1.62568 1.5708 1.42133 47.739 46 0 0 52.3484 76.7506 53000 0 0
47 7 0 66.7887 1.49794 1.5708 1.41397 47.9751 47 0 0 52.3122 76.7155 53000 0 0
48 7 1 69.7122 1.55164 1.5708 1.04375 46.9751 48 0 0 50.3629 72.4872 53000 0 0
49 7 1 79.3095 1.71799 1.5708 1.0571 47.2317 49 0 0 50.2072 72.2147 53000 0 0
