0 1 1 75.8267 1.63221 -1 1.06395 0 0 0 0 63.1926 0 57000 0 1.5191
1 1 1 63.732 1.63871 -1 1.28041 0.384164 1 0 0 63.5798 0 57000 0 1.62249
2 1 1 69.8364 1.52701 -1 1.20766 -0.0479791 2 0 0 59.9538 0 57000 0 1.55255
3 1 1 77.916 1.58993 -1 1.42327 -0.218911 3 0 0 59.8575 0 57000 0 1.5388
4 1 1 71.0948 1.59749 -1 1.14218 0.13577 4 0 0 54.9908 0 57000 0 1.56894
5 1 1 89.1432 1.5838 -1 1.23678 -0.637072 5 0 0 54.826 0 57000 0 1.53242
6 1 1 81.1316 1.54465 -1 1.29413 0.415475 6 0 0 49.1643 0 57000 0 1.57876
7 1 1 72.2838 1.71317 -1 1.24827 -0.199624 7 0 0 49.0913 0 57000 0 1.55852
8 1 1 82.6952 2.51827 -1 1.22764 1.4573 8 0 0 43.7918 0 57000 0 1.60327
9 1 1 52.5366 0.55089 -1 1.1737 1.33388 9 0 0 44.4992 0 57000 0 1.60096
10 2 0 57.7058 2.85737 0 1.30075 8.37676 10 0 0 71.801 0 57000 0 0
11 2 0 50.459 2.21689 0 1.24781 7.89487 11 0 0 68.3214 0 57000 0 0
12 2 0 44.8588 1.53317 0 1.05309 8.227 12 0 0 69.3016 0 57000 0 0
13 2 0 55.4989 2.82529 0 1.07399 8.08735 13 0 0 62.0793 0 57000 0 0
14 2 0 47.8459 2.73843 0 1.34077 7.41629 14 0 0 62.868 0 57000 0 0
15 2 0 66.3802 2.82166 0 1.33133 8.53666 15 0 0 54.8891 0 57000 0 0
16 2 0 61.6895 2.80413 0 1.30059 7.47246 16 0 0 55.2568 0 57000 0 0
17 2 1 63.9176 2.64635 -1 1.22281 9.17856 17 0 0 47.9828 0 57000 0 0
18 2 1 60.2377 0.529208 -1 1.12992 8.43296 18 0 0 48.3133 0 57000 0 0
19 3 0 61.4654 0.370393 0 1.19052 15.7894 19 0 0 77.644 89.6698 57000 0 0
20 3 0 44.9145 1.49759 -1 1.03876 15.4265 20 0 0 79.9588 90.6768 57000 0 0
21 3 0 54.6128 1.55996 0 1.09631 16.0054 21 0 0 69.2551 83.7316 57000 0 0
22 3 0 62.8953 2.82478 0 1.15478 15.2345 22 0 0 70.0088 84.073 57000 0 0
23 3 0 64.0865 2.87516 0 1.1601 16.0614 23 0 0 60.7544 74.4874 57000 0 0
24 3 0 61.7255 1.55526 -1 1.23214 15.1141 24 0 0 61.3635 74.924 57000 0 0
25 3 1 75.389 2.57823 -1 1.13231 16.8906 25 0 0 52.5907 64.9609 57000 0 0
26 3 1 74.491 0.546262 -1 1.13671 15.8194 26 0 0 53.4235 65.9085 57000 0 0
27 4 0 53.7125 1.5501 1.5708 1.51553 23.5591 27 0 0 77.3006 104.311 57000 0 0
28 4 0 49.4196 0.436997 -1 1.18379 23.6645 28 0 0 72.2748 96.327 57000 0 0
29 4 0 44.5486 1.61128 -1 1.27915 22.6717 29 0 0 73.3717 95.5423 57000 0 0
30 4 0 63.4231 0.289273 0 1.27082 23.3828 30 0 0 64.389 83.2434 57000 0 0
31 4 0 64.1429 0.163919 0 1.16781 23.1694 31 0 0 64.676 83.6246 57000 0 0
32 4 1 73.5834 2.54929 -1 1.183 24.6201 32 0 0 56.0387 72.1178 57000 0 0
33 4 1 61.9072 0.521398 -1 1.10647 23.5996 33 0 0 56.5734 72.7761 57000 0 0
34 5 0 53.5661 0.622522 1.5708 1.18258 30.7793 34 0 0 68.0121 100.393 57000 0 0
35 5 0 65.896 1.60138 1.5708 1.35197 31.8384 35 0 0 67.1898 98.1916 57000 0 0
36 5 0 56.6015 1.62103 1.5708 1.14717 30.9494 36 0 0 63.8501 89.3853 57000 0 0
37 5 0 73.271 1.77302 1.5708 1.12071 31.5014 37 0 0 63.8539 89.0827 57000 0 0
38 5 1 73.5122 2.56561 -1 1.24442 31.8933 38 0 0 57.5131 77.8232 57000 0 0
39 5 1 75.8115 0.480238 -1 1.16715 31.6409 39 0 0 57.3056 77.6553 57000 0 0
40 6 0 51.3209 2.97936 -1 1.05873 39.0098 40 0 0 60.8398 90.4102 57000 0 0
41 6 0 60.8951 1.46801 1.5708 1.2359 38.8785 41 0 0 59.592 87.2807 57000 0 0
42 6 0 62.5819 0.190068 0 1.47374 39.9943 42 0 0 58.7239 85.7303 57000 0 0
43 6 1 64.9458 2.8524 -1 1.30605 39.0384 43 0 0 55.9167 79.3312 57000 0 0
44 6 1 49.196 0.237079 -1 1.21809 39.2222 44 0 0 55.5165 78.5887 57000 0 0
45 7 0 80.9421 1.58619 1.5708 1.41592 47.7293 45 0 0 53.4287 78.9795 57000 0 0
46 7 0 68.94 1.632 1.5708 1.43018 47.818 46 0 0 52.3484 76.7506 57000 0 0
47 7 0 67.5284 1.55204 1.5708 1.40849 48.1007 47 0 0 52.3122 76.7155 57000 0 0
48 7 1 70.064 1.55987 1.5708 1.04113 47.0823 48 0 0 50.3629 72.4872 57000 0 0
49 7 1 79.9586 1.71067 1.5708 1.06126 47.338 49 0 0 50.2072 72.2147 57000 0 0
