0 1 1 71.6907 3.00253 -1 1.02345 0 0 0 0 64.1918 0 21000 0 1.5135
1 1 1 62.2935 1.64618 -1 1.16314 0.446336 1 0 0 64.4022 0 21000 0 1.62809
2 1 1 61.8487 1.59599 -1 1.42571 -0.108718 2 0 0 60.3562 0 21000 0 1.54364
3 1 1 72.7491 1.58428 -1 1.5193 -0.0926649 3 0 0 61.1209 0 21000 0 1.54555
4 1 1 71.3325 1.64847 -1 1.16928 0.000435774 4 0 0 56.2848 0 21000 0 1.56027
5 1 1 80.6705 1.58313 -1 1.31968 0.0950239 5 0 0 55.7308 0 21000 0 1.56499
6 1 1 71.8086 1.55166 -1 1.41928 -0.295725 6 0 0 50.0235 0 21000 0 1.55309
7 1 1 62.2668 1.63002 -1 1.40165 0.212559 7 0 0 50.3468 0 21000 0 1.57077
8 1 1 77.3807 2.56192 -1 1.18766 0.700339 8 0 0 45.1047 0 21000 0 1.5838
9 1 1 50.7831 0.545864 -1 1.20436 1.04054 9 0 0 45.5829 0 21000 0 1.59349
10 2 0 55.7292 2.89463 0 1.25478 7.64934 10 0 0 73.1271 0 21000 0 0
11 2 0 46.0656 1.61859 0 1.09852 7.73457 11 0 0 69.6632 0 21000 0 0
12 2 0 41.2773 1.70627 0 1.13959 8.31214 12 0 0 70.7038 0 21000 0 0
13 2 0 51.9681 1.58212 0 1.07836 7.99196 13 0 0 63.4524 0 21000 0 0
14 2 0 42.6468 2.81619 0 1.32208 7.94623 14 0 0 63.4083 0 21000 0 0
15 2 0 57.5714 0.130179 0 1.18036 7.8484 15 0 0 56.3518 0 21000 0 0
16 2 0 57.612 2.79638 0 1.36986 7.89611 16 0 0 56.1435 0 21000 0 0
17 2 1 56.6229 2.65866 -1 1.17921 8.19986 17 0 0 49.4246 0 21000 0 0
18 2 1 57.5242 0.458426 -1 1.12582 8.20267 18 0 0 49.3357 0 21000 0 0
19 3 0 59.5452 1.56252 1.5708 1.49761 15.5381 19 0 0 78.6097 92.3003 21000 0 0
20 3 0 49.3061 1.4841 -1 1.15102 15.5952 20 0 0 78.9927 92.6558 21000 0 0
21 3 0 54.6517 1.56084 0 1.22397 16.1386 21 0 0 70.2431 86.0968 21000 0 0
22 3 0 66.1088 2.77035 0 1.07683 15.8375 22 0 0 70.8335 86.4212 21000 0 0
23 3 0 59.634 0.414938 0 1.11722 15.7796 23 0 0 61.6398 76.3942 21000 0 0
24 3 0 60.3458 1.52238 -1 1.20446 15.346 24 0 0 61.946 76.6307 21000 0 0
25 3 1 70.0135 2.63466 -1 1.10529 15.8475 25 0 0 53.7225 66.8958 21000 0 0
26 3 1 69.5091 0.533873 -1 1.10551 15.7508 26 0 0 54.001 67.2139 21000 0 0
27 4 0 58.6366 1.45423 1.5708 1.4184 23.9096 27 0 0 75.4617 107.719 21000 0 0
28 4 0 46.8771 1.56835 -1 1.1596 24.5068 28 0 0 71.4774 95.2197 21000 0 0
29 4 0 42.7297 1.60764 -1 1.09807 23.2362 29 0 0 71.088 96.3399 21000 0 0
30 4 0 58.3126 0.375008 0 1.27548 23.2992 30 0 0 64.5331 84.7806 21000 0 0
31 4 0 57.9205 0.322588 0 1.23288 23.4003 31 0 0 64.1321 84.0664 21000 0 0
32 4 1 71.1176 2.59968 -1 1.114 23.8623 32 0 0 56.4889 73.3847 21000 0 0
33 4 1 58.4689 0.457362 -1 1.05099 23.704 33 0 0 56.4907 73.3252 21000 0 0
34 5 0 49.7345 0.405181 0 1.31403 31.6529 34 0 0 65.9899 96.8332 21000 0 0
35 5 0 62.6343 1.57228 1.5708 1.4218 32.0079 35 0 0 66.3527 97.1471 21000 0 0
36 5 0 51.4593 1.60902 1.5708 1.36286 31.6842 36 0 0 62.6099 88.2909 21000 0 0
37 5 0 67.3151 1.63163 1.5708 1.17183 31.3714 37 0 0 62.564 87.8588 21000 0 0
38 5 1 74.4311 2.6147 -1 1.20108 31.3414 38 0 0 57.1735 77.9967 21000 0 0
39 5 1 72.8647 0.460147 -1 1.13185 31.7258 39 0 0 56.591 77.2078 21000 0 0
40 6 0 52.4699 2.99659 -1 1.14207 39.2772 40 0 0 59.1864 87.2291 21000 0 0
41 6 0 56.4729 1.4428 1.5708 1.15939 39.4333 41 0 0 57.8304 84.2464 21000 0 0
42 6 0 54.4992 0.225971 1.5708 1.12849 39.8748 42 0 0 57.6243 83.764 21000 0 0
43 6 1 63.8077 2.96785 -1 1.25083 39.33 43 0 0 54.5201 77.4662 21000 0 0
44 6 1 49.9628 0.231035 -1 1.18638 39.2791 44 0 0 54.3089 76.9546 21000 0 0
45 7 0 70.4909 1.5956 1.5708 1.26442 47.5516 45 0 0 52.1666 76.4926 21000 0 0
46 7 0 58.2985 1.58084 1.5708 1.26618 47.7053 46 0 0 51.2754 74.6928 21000 0 0
47 7 0 58.5241 1.52572 1.5708 1.31553 47.7156 47 0 0 51.2737 74.6713 21000 0 0
48 7 1 63.5927 0.240482 1.5708 1.05468 47.3346 48 0 0 49.1652 70.4951 21000 0 0
49 7 1 71.8609 1.66003 1.5708 1.03825 47.3118 49 0 0 49.089 70.338 21000 0 0
