0 1 1 89.5325 2.93125 -1 1.1912 0 0 0 0 59.9078 0 247000 0 1.5048
1 1 1 85.9715 0.325282 -1 1.09069 0.629662 1 0 0 60.2889 0 247000 0 1.63679
2 1 1 99.6106 2.73904 -1 1.15033 1.10191 2 0 0 56.4625 0 247000 0 1.62398
3 1 1 101.198 1.744 -1 1.05462 1.39567 3 0 0 56.2954 0 247000 0 1.63913
4 1 1 85.8253 2.56348 -1 1.19924 4.16365 4 0 0 51.3054 0 247000 0 1.71568
5 1 1 101.116 1.86294 -1 1.13854 3.18372 5 0 0 50.7964 0 247000 0 1.67892
6 1 1 97.5752 1.31974 -1 1.08262 7.21617 6 0 0 45.4352 0 247000 0 1.75663
7 1 1 85.3344 1.917 -1 1.25039 5.93927 7 0 0 45.1697 0 247000 0 1.72367
8 1 1 86.9063 2.40974 -1 1.24097 10.5671 8 0 0 39.8088 0 247000 0 1.78736
9 1 1 59.4786 0.763835 -1 1.16168 9.0748 9 0 0 40.7988 0 247000 0 1.76525
10 2 0 73.627 0.394266 0 1.13216 8.95268 10 0 0 69.2678 0 247000 0 0
11 2 0 74.769 2.50542 0 1.24759 8.69894 11 0 0 65.5072 0 247000 0 0
12 2 0 69.5473 1.65996 0 1.09472 9.51247 12 0 0 66.2108 0 247000 0 0
13 2 0 79.2598 2.45489 0 1.24389 10.9812 13 0 0 59.1338 0 247000 0 0
14 2 0 72.7526 0.633338 0 1.14532 10.9487 14 0 0 59.3862 0 247000 0 0
15 2 0 79.5476 2.64129 0 1.41679 14.2369 15 0 0 51.4796 0 247000 0 0
16 2 0 72.8674 2.87367 0 1.26489 12.8932 16 0 0 51.5388 0 247000 0 0
17 2 1 78.0063 2.42281 -1 1.24594 17.464 17 0 0 43.9361 0 247000 0 0
18 2 1 61.9375 0.74163 -1 1.18823 15.5753 18 0 0 44.6941 0 247000 0 0
19 3 0 78.8418 1.5093 0 1.16846 17.531 19 0 0 77.1048 85.4849 247000 0 0
20 3 0 59.203 1.53168 -1 1.32658 17.8073 20 0 0 77.0004 85.8129 247000 0 0
21 3 0 74.5484 1.44289 0 1.10965 18.2471 21 0 0 68.2851 80.2714 247000 0 0
22 3 0 78.9299 2.80142 0 1.11959 18.7344 22 0 0 67.4263 79.8502 247000 0 0
23 3 0 81.2588 2.52224 0 1.42842 20.5828 23 0 0 57.996 71.1029 247000 0 0
24 3 0 72.078 0.538555 -1 1.07828 20.1348 24 0 0 58.2423 71.1414 247000 0 0
25 3 1 81.4356 2.35352 -1 1.18361 23.8275 25 0 0 49.0621 61.4271 247000 0 0
26 3 1 81.2072 0.688193 -1 1.15686 22.0055 26 0 0 50.0168 62.0778 247000 0 0
27 4 0 74.8075 1.55709 1.5708 1.42538 26.6632 27 0 0 78.1448 100.087 247000 0 0
28 4 0 60.9743 2.61612 -1 1.15043 26.7226 28 0 0 73.0708 94.1107 247000 0 0
29 4 0 56.4898 1.60335 -1 1.37943 27.3534 29 0 0 71.3438 92.7478 247000 0 0
30 4 0 78.9491 2.44693 1.5708 1.22134 27.5643 30 0 0 62.9476 81.2203 247000 0 0
31 4 0 79.5843 0.502546 0 1.18613 28.0923 31 0 0 62.4414 81.2971 247000 0 0
32 4 1 81.9229 2.41068 -1 1.29681 30.4888 32 0 0 53.298 69.4616 247000 0 0
33 4 1 76.8799 0.642174 -1 1.12436 29.7836 33 0 0 53.8974 70.0333 247000 0 0
34 5 0 70.8112 1.52836 1.5708 1.29266 35.4152 34 0 0 67.6281 101.84 247000 0 0
35 5 0 77.2939 1.60706 0 1.08134 36.897 35 0 0 65.5573 97.9878 247000 0 0
36 5 0 74.0317 1.42669 1.5708 1.25208 35.9365 36 0 0 62.7571 88.6734 247000 0 0
37 5 0 79.775 1.8408 1.5708 1.12861 36.9578 37 0 0 61.2332 87.1905 247000 0 0
38 5 1 76.6298 2.51982 -1 1.2626 37.4122 38 0 0 55.1894 75.74 247000 0 0
39 5 1 81.3639 0.590976 -1 1.14988 37.7271 39 0 0 54.6091 75.1676 247000 0 0
40 6 0 56.4149 1.76134 -1 1.07955 44.6496 40 0 0 58.8412 89.7025 247000 0 0
41 6 0 70.9484 1.4532 1.5708 1.22002 44.5245 41 0 0 57.931 86.9096 247000 0 0
42 6 0 79.4558 0.234389 1.5708 1.20182 46.1903 42 0 0 56.0719 83.9649 247000 0 0
43 6 1 75.8397 2.98583 -1 1.23989 45.1979 43 0 0 53.5651 77.4891 247000 0 0
44 6 1 55.0159 0.310808 -1 1.21098 45.4024 44 0 0 52.9153 76.3095 247000 0 0
45 7 0 98.3266 1.5864 1.5708 1.62246 54.8329 45 0 0 50.2211 76.0721 247000 0 0
46 7 0 93.2923 1.7189 1.5708 1.47393 54.5142 46 0 0 49.448 74.1437 247000 0 0
47 7 0 88.2196 1.4427 1.5708 1.27743 55.5519 47 0 0 48.9299 73.5381 247000 0 0
48 7 1 77.8593 0.260292 1.5708 1.07019 53.6801 48 0 0 47.5058 69.6656 247000 0 0
49 7 1 85.3328 1.61098 1.5708 1.07099 53.8991 49 0 0 47.6859 70.1207 247000 0 0
