0 1 1 82.709 0.460749 -1 1.11054 0 0 0 0 61.7714 0 148000 0 1.47136
1 1 1 74.7231 1.71525 -1 1.2114 0.809706 1 0 0 62.0223 0 148000 0 1.67024
2 1 1 83.8352 2.84539 -1 1.05515 -0.22729 2 0 0 58.1002 0 148000 0 1.52889
3 1 1 94.3179 1.65842 -1 1.2807 0.279586 3 0 0 57.6665 0 148000 0 1.56671
4 1 1 84.2844 2.70473 -1 1.20709 1.51757 4 0 0 52.8195 0 148000 0 1.61989
5 1 1 99.1639 1.76337 -1 1.16541 0.498267 5 0 0 52.0805 0 148000 0 1.57747
6 1 1 95.3219 1.4317 -1 1.10981 3.41988 6 0 0 46.6649 0 148000 0 1.66018
7 1 1 85.2939 1.84395 -1 1.19702 2.20226 7 0 0 46.368 0 148000 0 1.62522
8 1 1 88.1111 2.48972 -1 1.24048 5.66582 8 0 0 40.9708 0 148000 0 1.69026
9 1 1 59.8092 0.782208 -1 1.1939 4.70496 9 0 0 41.9607 0 148000 0 1.67338
10 2 0 65.188 0.449871 0 1.13989 9.17088 10 0 0 71.3767 0 148000 0 0
11 2 0 61.196 2.63949 0 1.27621 7.63251 11 0 0 66.9005 0 148000 0 0
12 2 0 57.6443 1.58395 0 1.05438 9.08851 12 0 0 67.0811 0 148000 0 0
13 2 0 69.0147 2.56449 0 1.27857 8.83797 13 0 0 60.1579 0 148000 0 0
14 2 0 63.3961 2.71725 0 1.21565 9.08674 14 0 0 60.3068 0 148000 0 0
15 2 0 77.826 2.72515 0 1.40023 10.9632 15 0 0 52.3778 0 148000 0 0
16 2 0 71.5774 0.538239 0 1.21433 9.68828 16 0 0 52.6496 0 148000 0 0
17 2 1 77.0272 2.48656 -1 1.23731 13.2277 17 0 0 45.0499 0 148000 0 0
18 2 1 61.7871 0.660977 -1 1.17862 11.6805 18 0 0 45.9388 0 148000 0 0
19 3 0 75.0206 1.55772 1.5708 1.24605 16.8598 19 0 0 77.0768 86.9615 148000 0 0
20 3 0 54.934 1.45257 -1 1.04601 17.2352 20 0 0 77.2795 87.4095 148000 0 0
21 3 0 68.8083 1.50447 1.5708 1.44915 16.6212 21 0 0 67.694 79.9111 148000 0 0
22 3 0 72.5202 2.71673 0 1.20912 17.1047 22 0 0 67.7216 80.364 148000 0 0
23 3 0 78.2133 2.60095 0 1.45239 17.8123 23 0 0 58.4961 71.104 148000 0 0
24 3 0 69.2393 1.6639 -1 1.19378 17.3149 24 0 0 58.9312 71.3753 148000 0 0
25 3 1 80.9346 2.45792 -1 1.15522 20.318 25 0 0 50.0107 61.8978 148000 0 0
26 3 1 82.1844 0.661833 -1 1.10933 18.7006 26 0 0 51.1844 62.9009 148000 0 0
27 4 0 65.3789 0.359771 0 1.27152 24.9922 27 0 0 79.1782 100.346 148000 0 0
28 4 0 53.8863 0.43089 -1 1.11549 25.5376 28 0 0 73.3701 93.0842 148000 0 0
29 4 0 51.5898 1.57918 -1 1.14943 25.2696 29 0 0 72.2729 92.9642 148000 0 0
30 4 0 69.6858 1.541 1.5708 1.29893 25.4599 30 0 0 63.7399 81.1535 148000 0 0
31 4 0 73.4516 1.62004 1.5708 1.40198 26.0413 31 0 0 63.1364 81.1114 148000 0 0
32 4 1 81.4772 2.47331 -1 1.27332 27.5132 32 0 0 54.6837 70.4093 148000 0 0
33 4 1 77.9463 0.547913 -1 1.115 27.0306 33 0 0 54.9352 70.5169 148000 0 0
34 5 0 61.8127 1.56128 1.5708 1.16212 32.7824 34 0 0 69.6915 102.07 148000 0 0
35 5 0 75.579 1.59806 1.5708 1.27513 34.0256 35 0 0 68.0097 100.034 148000 0 0
36 5 0 69.3175 2.54508 0 1.21933 33.751 36 0 0 64.2365 89.3318 148000 0 0
37 5 0 74.373 1.41322 1.5708 1.16095 34.6501 37 0 0 63.0948 88.1935 148000 0 0
38 5 1 74.7357 2.56946 -1 1.23556 34.7916 38 0 0 56.7972 76.9751 148000 0 0
39 5 1 77.6813 0.491666 -1 1.12787 35.3946 39 0 0 56.0329 76.0659 148000 0 0
40 6 0 53.2139 1.69343 -1 1.06968 41.6411 40 0 0 61.5571 92.6784 148000 0 0
41 6 0 69.1711 1.44393 1.5708 1.12575 41.5379 41 0 0 60.1552 88.9776 148000 0 0
42 6 0 70.6733 0.369399 1.5708 1.23673 43.2804 42 0 0 58.7195 86.6975 148000 0 0
43 6 1 71.5086 2.96864 -1 1.31818 42.2348 43 0 0 55.4997 79.1715 148000 0 0
44 6 1 53.613 0.292713 -1 1.28297 42.704 44 0 0 54.7637 77.885 148000 0 0
45 7 0 92.4826 1.56011 1.5708 1.64686 51.4228 45 0 0 52.8503 79.0902 148000 0 0
46 7 0 86.748 1.68616 1.5708 1.51915 51.1587 46 0 0 51.9515 76.9851 148000 0 0
47 7 0 82.8473 1.42971 1.5708 1.3034 52.142 47 0 0 51.4921 76.3945 148000 0 0
48 7 1 76.9571 0.180986 1.5708 1.06686 50.4792 48 0 0 49.9109 72.3848 148000 0 0
49 7 1 82.6434 1.59613 1.5708 1.04369 50.8793 49 0 0 49.6546 72.0377 148000 0 0
