0 1 1 77.5365 1.51965 -1 1.12109 0 0 0 0 62.955 0 84000 0 1.57417
1 1 1 65.0856 1.58067 -1 1.33096 -0.0247695 1 0 0 63.1939 0 84000 0 1.56742
2 1 1 73.6537 1.49593 -1 1.12898 0.0220364 2 0 0 59.6999 0 84000 0 1.57346
3 1 1 82.2678 1.56542 -1 1.29254 -0.720444 3 0 0 59.5077 0 84000 0 1.5144
4 1 1 74.0645 1.55464 -1 1.07276 0.270001 4 0 0 54.4572 0 84000 0 1.58361
5 1 1 95.7009 1.61652 -1 1.19782 -0.647556 5 0 0 54.0026 0 84000 0 1.5417
6 1 1 86.683 1.51657 -1 1.20109 0.799948 6 0 0 48.6359 0 84000 0 1.59659
7 1 1 77.1186 1.72724 -1 1.19486 0.0125742 7 0 0 48.1024 0 84000 0 1.57154
8 1 1 87.3546 2.57086 -1 1.21338 2.32135 8 0 0 42.9753 0 84000 0 1.62753
9 1 1 55.2673 0.681136 -1 1.18475 1.84437 9 0 0 43.5632 0 84000 0 1.61724
10 2 0 60.3723 2.73317 0 1.24273 8.6334 10 0 0 72.187 0 84000 0 0
11 2 0 54.9667 2.7555 0 1.23285 7.8768 11 0 0 68.0892 0 84000 0 0
12 2 0 47.2166 1.53623 0 1.05446 7.53101 12 0 0 68.7786 0 84000 0 0
13 2 0 57.9126 2.81367 0 1.24259 8.00392 13 0 0 61.726 0 84000 0 0
14 2 0 51.8191 0.376766 0 1.26079 7.60337 14 0 0 62.0488 0 84000 0 0
15 2 0 70.7862 2.7298 0 1.44463 8.77175 15 0 0 54.3223 0 84000 0 0
16 2 0 67.5831 0.412182 0 1.22618 7.77245 16 0 0 54.3647 0 84000 0 0
17 2 1 68.1994 2.58141 -1 1.22345 10.1134 17 0 0 47.0507 0 84000 0 0
18 2 1 61.8941 0.573512 -1 1.13939 8.99992 18 0 0 47.6359 0 84000 0 0
19 3 0 60.8859 0.459349 0 1.30615 15.9221 19 0 0 77.8 89.3863 84000 0 0
20 3 0 50.2941 2.51527 -1 1.18907 15.8721 20 0 0 78.4827 89.3396 84000 0 0
21 3 0 54.4785 0.263274 0 1.07132 15.3697 21 0 0 68.7558 82.7824 84000 0 0
22 3 0 68.2099 1.57032 1.5708 1.2955 15.5668 22 0 0 68.9906 82.4131 84000 0 0
23 3 0 65.8551 2.73827 0 1.24244 15.9264 23 0 0 59.867 73.4403 84000 0 0
24 3 0 68.1187 1.58169 -1 1.08458 15.6327 24 0 0 60.5174 73.724 84000 0 0
25 3 1 78.3112 2.48597 -1 1.11469 17.741 25 0 0 51.5893 63.9364 84000 0 0
26 3 1 77.6731 0.59208 -1 1.15218 16.3708 26 0 0 52.7717 65.048 84000 0 0
27 4 0 61.2342 0.390006 0 1.26759 23.5872 27 0 0 77.9791 102.872 84000 0 0
28 4 0 48.3065 0.546152 -1 1.23655 23.3508 28 0 0 73.5153 96.092 84000 0 0
29 4 0 43.5783 1.53951 -1 1.29773 23.2296 29 0 0 73.3472 94.2719 84000 0 0
30 4 0 69.4525 1.42075 1.5708 1.18693 23.0518 30 0 0 63.8862 82.4225 84000 0 0
31 4 0 64.8396 0.366002 0 1.23166 23.8357 31 0 0 64.2793 82.7579 84000 0 0
32 4 1 80.1099 2.48446 -1 1.21192 25.2103 32 0 0 55.2084 71.2319 84000 0 0
33 4 1 65.2916 0.5265 -1 1.11041 24.2351 33 0 0 56.1753 72.1045 84000 0 0
34 5 0 54.8796 0.537739 1.5708 1.15496 30.7995 34 0 0 69.1821 101.872 84000 0 0
35 5 0 65.8519 1.71276 1.5708 1.28378 31.9855 35 0 0 67.6066 99.0112 84000 0 0
36 5 0 59.9528 1.52639 1.5708 1.25345 31.1579 36 0 0 64.3076 89.5113 84000 0 0
37 5 0 70.2453 1.79496 1.5708 1.10251 31.8841 37 0 0 63.7454 88.9883 84000 0 0
38 5 1 74.5704 2.53053 -1 1.28669 32.3999 38 0 0 56.9907 77.2376 84000 0 0
39 5 1 77.2062 0.494731 -1 1.16606 32.3346 39 0 0 57.1061 77.2705 84000 0 0
40 6 0 51.1761 2.92988 -1 1.06783 39.1974 40 0 0 61.2129 91.2367 84000 0 0
41 6 0 62.7512 1.39392 1.5708 1.19245 39.0392 41 0 0 60.0979 88.2111 84000 0 0
42 6 0 66.9819 0.237753 1.5708 1.25835 40.3467 42 0 0 58.6176 85.7115 84000 0 0
43 6 1 64.2281 2.88231 -1 1.35124 39.5356 43 0 0 56.0392 79.5782 84000 0 0
44 6 1 51.0598 0.253225 -1 1.25054 39.7943 44 0 0 54.9742 77.6362 84000 0 0
45 7 0 87.4464 1.56072 1.5708 1.48995 48.4026 45 0 0 53.3057 79.0156 84000 0 0
46 7 0 74.5062 1.65494 1.5708 1.49213 48.1585 46 0 0 52.3354 76.9227 84000 0 0
47 7 0 72.1666 1.46725 1.5708 1.35353 48.6694 47 0 0 52.0989 76.5827 84000 0 0
48 7 1 73.294 0.14185 1.5708 1.03903 47.4968 48 0 0 50.4281 72.698 84000 0 0
49 7 1 81.1219 3.03639 1.5708 1.04215 47.9224 49 0 0 50.0253 72.028 84000 0 0
