0 1 1 87.4682 1.63292 -1 1.26506 0 0 0 0 61.8024 0 170000 0 1.47637
1 1 1 66.312 1.50424 -1 1.5931 0.843913 1 0 0 62.0844 0 170000 0 1.66522
2 1 1 63.6054 1.66917 -1 1.3053 -0.626574 2 0 0 58.4131 0 170000 0 1.49174
3 1 1 84.5786 1.44423 -1 1.78697 0.668876 3 0 0 58.9787 0 170000 0 1.59528
4 1 1 62.0737 1.67654 -1 1.14612 -1.37164 4 0 0 53.2968 0 170000 0 1.48667
5 1 1 85.4368 1.49582 -1 1.60722 -0.22402 5 0 0 53.8552 0 170000 0 1.54211
6 1 1 63.1678 1.71365 -1 1.12359 -2.75917 6 0 0 47.2728 0 170000 0 1.46511
7 1 1 90.0901 1.56315 -1 1.58021 -0.776024 7 0 0 48.5531 0 170000 0 1.53138
8 1 1 77.8618 2.67173 -1 1.14712 -2.8055 8 0 0 42.3773 0 170000 0 1.48745
9 1 1 81.3334 1.36152 -1 1.15005 -0.446326 9 0 0 43.3673 0 170000 0 1.54913
10 2 0 63.1277 2.87416 0 1.27705 8.76886 10 0 0 70.903 0 170000 0 0
11 2 0 61.2951 1.70421 0 1.21741 8.44869 11 0 0 67.4663 0 170000 0 0
12 2 0 59.2343 0.385344 0 1.18542 10.119 12 0 0 68.4001 0 170000 0 0
13 2 0 65.4336 2.87066 0 1.29486 7.61077 13 0 0 60.5256 0 170000 0 0
14 2 0 51.9233 1.44965 -1 1.3929 9.74194 14 0 0 61.318 0 170000 0 0
15 2 0 65.7559 2.58259 0 1.27535 5.44026 15 0 0 52.8914 0 170000 0 0
16 2 0 66.0233 0.225562 0 1.17356 8.79015 16 0 0 54.3127 0 170000 0 0
17 2 1 80.2248 2.72962 -1 1.15707 5.84727 17 0 0 46.3107 0 170000 0 0
18 2 1 56.8757 0.385938 -1 1.09344 8.02984 18 0 0 47.518 0 170000 0 0
19 3 0 65.2826 2.65296 0 1.26301 16.6444 19 0 0 76.7823 87.5047 170000 0 0
20 3 0 57.3905 0.455352 0 1.28234 16.5461 20 0 0 78.106 88.3093 170000 0 0
21 3 0 71.4661 1.62792 1.5708 1.21063 16.7484 21 0 0 66.9162 80.1123 170000 0 0
22 3 0 66.43 0.355442 0 1.26814 17.8689 22 0 0 68.343 82.2202 170000 0 0
23 3 0 64.6147 1.60047 -1 1.38616 15.2457 23 0 0 57.8672 70.0329 170000 0 0
24 3 0 58.2281 1.50218 -1 1.28888 17.8369 24 0 0 59.011 72.0649 170000 0 0
25 3 1 83.3506 2.68647 -1 1.10614 14.6191 25 0 0 50.763 61.6653 170000 0 0
26 3 1 83.3181 1.6567 -1 1.12022 16.8949 26 0 0 51.5585 63.1929 170000 0 0
27 4 0 64.7519 1.53576 1.5708 1.23667 24.1981 27 0 0 78.9566 100.868 170000 0 0
28 4 0 71.3757 2.68769 0 1.29944 25.2948 28 0 0 71.0679 91.7462 170000 0 0
29 4 0 72.4543 0.525289 1.5708 1.17266 25.2143 29 0 0 72.3959 93.9624 170000 0 0
30 4 0 64.8517 1.54531 -1 1.23711 24.9842 30 0 0 61.839 79.2987 170000 0 0
31 4 0 61.6575 2.74044 -1 1.09944 26.0632 31 0 0 62.64 81.1829 170000 0 0
32 4 1 85.0293 1.53146 -1 1.11464 24.3771 32 0 0 53.9401 68.6473 170000 0 0
33 4 1 61.2568 0.464352 -1 1.03279 25.7646 33 0 0 54.9228 70.3437 170000 0 0
34 5 0 64.038 1.57159 1.5708 1.24459 33.1729 34 0 0 67.8415 99.291 170000 0 0
35 5 0 68.75 0.58919 1.5708 1.08965 33.3215 35 0 0 68.3244 100.786 170000 0 0
36 5 0 79.6675 0.399113 0 1.19416 33.5601 36 0 0 62.6569 86.9489 170000 0 0
37 5 0 66.2764 1.69885 1.5708 1.24612 34.4709 37 0 0 62.7373 87.9761 170000 0 0
38 5 1 79.6768 2.6365 -1 1.03834 33.6776 38 0 0 55.2717 74.53 170000 0 0
39 5 1 81.5313 0.438872 -1 1.04892 34.3676 39 0 0 55.9205 75.8175 170000 0 0
40 6 0 72.3095 1.90637 1.5708 1.14849 41.9354 40 0 0 60.2939 90.5404 170000 0 0
41 6 0 78.667 2.98504 0 1.19274 42.3798 41 0 0 57.9453 85.1692 170000 0 0
42 6 0 69.2626 1.62129 1.5708 1.42181 42.6 42 0 0 58.4211 86.2255 170000 0 0
43 6 1 70.3015 2.8572 -1 1.21396 42.0655 43 0 0 53.9493 76.5273 170000 0 0
44 6 1 76.1054 0.172037 -1 1.22665 42.9077 44 0 0 54.0653 77.2052 170000 0 0
45 7 0 68.5484 1.65468 1.5708 1.46475 51.2681 45 0 0 52.2194 77.9597 170000 0 0
46 7 0 69.7646 1.6387 1.5708 1.30566 51.2276 46 0 0 50.8453 75.1621 170000 0 0
47 7 0 95.4269 1.53257 1.5708 1.20739 51.4214 47 0 0 51.0772 75.7252 170000 0 0
48 7 1 82.9725 0.0847576 1.5708 1.13339 50.528 48 0 0 48.7303 70.4698 170000 0 0
49 7 1 75.3906 2.95096 1.5708 1.12787 51.2143 49 0 0 48.8361 70.911 170000 0 0
