0 1 0 102.45 2.87431 0 1.11783 0 0 0 0 56.7083 0 295000 0 1.51072
1 1 0 100.007 0.310015 0 1.00713 0.639452 1 0 0 57.2 0 295000 0 1.63087
2 1 0 109.882 2.58201 0 1.31314 2.82473 2 0 0 54.6635 0 295000 0 1.71954
3 1 0 101.214 3.05593 0 1.33589 1.4203 3 0 0 54.0654 0 295000 0 1.64067
4 1 0 89.7857 1.18933 -1 1.07452 8.16516 4 0 0 50.4408 0 295000 0 1.84296
5 1 0 107.839 0.686841 0 1.35618 5.54716 5 0 0 49.697 0 295000 0 1.75956
6 1 0 93.1716 2.48078 0 1.05902 11.2746 6 0 0 45.6827 0 295000 0 1.86285
7 1 0 86.3583 0.963452 -1 1.40458 13.8189 7 0 0 45.704 0 295000 0 1.91918
8 1 1 62.0164 2.24314 -1 1.21946 16.174 8 0 0 41.0073 0 295000 0 1.91005
9 1 1 54.715 0.930011 -1 1.24533 20.2652 9 0 0 41.1062 0 295000 0 1.98521
10 2 0 92.7419 1.54055 -1 1.33527 10.5517 10 0 0 67.4452 0 295000 0 0
11 2 0 99.5016 1.44164 0 1.12419 10.8196 11 0 0 64.4893 0 295000 0 0
12 2 0 81.3634 1.60433 -1 1.36637 10.4063 12 0 0 64.1988 0 295000 0 0
13 2 0 94.5163 1.2973 -1 1.30125 14.6836 13 0 0 59.551 0 295000 0 0
14 2 0 100.796 0.597447 0 1.14198 11.8129 14 0 0 58.0378 0 295000 0 0
15 2 0 89.501 1.23143 0 1.06045 18.9165 15 0 0 52.7625 0 295000 0 0
16 2 0 86.4658 1.05447 -1 1.58633 18.155 16 0 0 51.7067 0 295000 0 0
17 2 1 89.3448 2.34658 -1 1.1962 22.5802 17 0 0 45.5749 0 295000 0 0
18 2 1 84.2651 0.903818 -1 1.36905 25.1105 18 0 0 45.308 0 295000 0 0
19 3 0 102.694 1.47661 0 1.52706 21.678 19 0 0 77.2463 84.2188 295000 0 0
20 3 0 89.2314 1.58464 0 1.42587 21.6487 20 0 0 76.9867 83.9706 295000 0 0
21 3 0 95.7796 1.4009 -1 1.47329 24.2216 21 0 0 68.2477 80.7409 295000 0 0
22 3 0 96.5245 1.67701 0 1.60192 22.226 22 0 0 67.5719 78.3214 295000 0 0
23 3 0 84.9806 1.39913 -1 1.28481 27.2643 23 0 0 59.0269 73.1848 295000 0 0
24 3 0 109.812 1.79521 1.5708 1.5799 24.8307 24 0 0 58.8405 71.3736 295000 0 0
25 3 1 87.995 2.37255 -1 1.15675 29.7026 25 0 0 50.7324 64.0421 295000 0 0
26 3 1 82.9651 0.863095 -1 1.23502 29.9803 26 0 0 50.8346 64.1671 295000 0 0
27 4 0 93.7384 1.50225 1.5708 1.76147 33.805 27 0 0 73.7754 103.475 295000 0 0
28 4 0 94.3741 1.47179 0 1.45037 35.059 28 0 0 69.1746 95.8841 295000 0 0
29 4 0 98.2527 1.6133 1.5708 1.91197 34.5847 29 0 0 69.3336 93.9934 295000 0 0
30 4 0 79.269 1.53129 -1 1.41993 36.6419 30 0 0 61.2696 83.2906 295000 0 0
31 4 0 83.7986 1.65289 -1 1.47601 35.6107 31 0 0 61.7782 82.2505 295000 0 0
32 4 1 81.9736 2.53761 -1 1.07435 37.9158 32 0 0 53.4043 71.5309 295000 0 0
33 4 1 60.7856 0.651054 -1 1.10441 37.13 33 0 0 54.3408 72.1769 295000 0 0
34 5 0 93.5831 1.52731 1.5708 1.54704 46.6464 34 0 0 60.2724 94.1483 295000 0 0
35 5 0 71.6665 1.53022 -1 1.6292 46.3476 35 0 0 60.1768 93.3204 295000 0 0
36 5 0 94.7522 1.55203 1.5708 1.53559 47.0772 36 0 0 57.2104 85.7232 295000 0 0
37 5 0 92.3276 1.49874 0 1.26081 46.5587 37 0 0 57.3856 85.1753 295000 0 0
38 5 1 89.0798 1.45995 -1 1.13034 47.4069 38 0 0 52.1934 74.9977 295000 0 0
39 5 1 64.76 1.59378 -1 1.16505 45.665 39 0 0 53.3045 75.7 295000 0 0
40 6 0 55.8286 1.57988 -1 1.33168 56.7541 40 0 0 51.6295 80.41 295000 0 0
41 6 0 99.8375 1.50476 1.5708 1.25992 58.4388 41 0 0 49.7541 76.8936 295000 0 0
42 6 0 97.2358 1.55166 1.5708 1.41334 58.1013 42 0 0 49.2652 75.6256 295000 0 0
43 6 1 86.5918 1.53522 -1 1.04781 57.5232 43 0 0 47.7104 71.6727 295000 0 0
44 6 1 91.0864 1.54897 -1 1.11223 56.2082 44 0 0 47.8262 71.1789 295000 0 0
45 7 0 116.611 1.53269 1.5708 1.68197 68.7217 45 0 0 42.8666 66.2719 295000 0 0
46 7 0 94.7103 1.67415 1.5708 1.31776 69.8856 46 0 0 41.7371 64.2644 295000 0 0
47 7 0 74.446 1.44726 1.5708 1.40444 69.3424 47 0 0 41.5395 63.6433 295000 0 0
48 7 1 86.0759 1.46749 1.5708 1.15835 67.6636 48 0 0 41.671 63.2988 295000 0 0
49 7 1 87.7329 1.6138 1.5708 1.18598 66.764 49 0 0 41.3154 62.2671 295000 0 0
