0 1 0 109.97 0.158046 0 1.16576 -0.901109 0 0 0 55.9298 0 440000 0 1.4878
1 1 0 98.5702 0.330144 0 1.00865 0 1 0 0 56.8082 0 440000 0 1.65379
2 1 0 110.466 2.41878 0 1.23469 2.25532 2 0 0 54.01 0 440000 0 1.72325
3 1 0 103.564 3.04557 0 1.39229 1.07106 3 0 0 54.0693 0 440000 0 1.66633
4 1 0 85.6577 1.22952 -1 1.13746 7.6863 4 0 0 50.4795 0 440000 0 1.85182
5 1 0 113.214 0.79139 0 1.55256 5.9566 5 0 0 50.0658 0 440000 0 1.79929
6 1 0 88.6757 1.10153 0 1.01827 10.2289 6 0 0 45.8749 0 440000 0 1.85698
7 1 0 84.8659 0.858001 -1 1.4056 14.3722 7 0 0 45.8822 0 440000 0 1.94629
8 1 1 60.2912 2.25142 -1 1.22142 14.8075 8 0 0 41.5 0 440000 0 1.90222
9 1 1 54.1614 1.01476 -1 1.24331 20.5479 9 0 0 41.1123 0 440000 0 1.99988
10 2 0 96.9402 1.52651 -1 1.3828 9.76338 10 0 0 66.7272 0 440000 0 0
11 2 0 102.636 1.41021 0 1.16917 10.2055 11 0 0 63.9461 0 440000 0 0
12 2 0 84.4832 1.60383 -1 1.42839 10.0728 12 0 0 64.1473 0 440000 0 0
13 2 0 92.9862 1.30771 -1 1.29754 14.3791 13 0 0 59.5374 0 440000 0 0
14 2 0 107.703 0.651922 0 1.22709 11.8179 14 0 0 58.2733 0 440000 0 0
15 2 0 92.2143 1.26908 0 1.10154 18.3544 15 0 0 52.8354 0 440000 0 0
16 2 0 82.4514 1.03485 -1 1.56566 18.3734 16 0 0 51.9749 0 440000 0 0
17 2 1 89.2641 2.35011 -1 1.20552 21.6632 17 0 0 45.6906 0 440000 0 0
18 2 1 86.0652 0.928445 -1 1.37659 25.3633 18 0 0 45.4484 0 440000 0 0
19 3 0 106.025 1.53044 0 1.60674 21.5013 19 0 0 77.2035 83.7222 440000 0 0
20 3 0 96.978 1.57818 0 1.56069 21.8529 20 0 0 77.2948 83.9684 440000 0 0
21 3 0 97.8599 1.39616 -1 1.51875 23.8408 21 0 0 68.3815 80.3545 440000 0 0
22 3 0 94.8565 1.68404 0 1.67442 22.2308 22 0 0 67.7748 78.2912 440000 0 0
23 3 0 91.1044 1.37526 -1 1.28749 27.2017 23 0 0 59.1961 73.3177 440000 0 0
24 3 0 107.391 1.36468 0 1.34945 24.5258 24 0 0 59.0069 71.4395 440000 0 0
25 3 1 89.9642 2.40828 -1 1.06803 29.1898 25 0 0 50.7597 63.883 440000 0 0
26 3 1 79.3925 0.911415 -1 1.28123 29.8592 26 0 0 50.8775 64.275 440000 0 0
27 4 0 95.0145 1.48636 1.5708 1.89957 34.4549 27 0 0 72.7811 104.5 440000 0 0
28 4 0 98.3449 1.42968 1.5708 1.70889 35.6289 28 0 0 68.5162 96.0021 440000 0 0
29 4 0 98.9486 1.60341 0 1.58283 34.5719 29 0 0 68.8809 94.3438 440000 0 0
30 4 0 83.3625 1.49787 -1 1.49653 36.9998 30 0 0 61.0933 83.5603 440000 0 0
31 4 0 87.0732 1.61692 -1 1.53756 35.3007 31 0 0 61.43 82.2375 440000 0 0
32 4 1 85.7799 1.29618 -1 1.11288 37.9547 32 0 0 53.5064 71.8645 440000 0 0
33 4 1 64.753 1.74065 -1 1.15757 36.3616 33 0 0 54.2585 72.1304 440000 0 0
34 5 0 96.2831 1.50141 1.5708 1.6303 48.0801 34 0 0 58.7268 92.2215 440000 0 0
35 5 0 75.3269 1.52333 -1 1.75144 47.3174 35 0 0 58.8063 91.6977 440000 0 0
36 5 0 96.9645 1.49788 1.5708 1.63435 48.2764 36 0 0 56.2345 85.1083 440000 0 0
37 5 0 98.6259 1.54034 0 1.35262 46.6125 37 0 0 56.4595 84.4025 440000 0 0
38 5 1 91.7397 1.40587 -1 1.18474 48.0846 38 0 0 51.8316 75.063 440000 0 0
39 5 1 69.7377 1.60553 -1 1.28739 45.7479 39 0 0 52.729 75.3717 440000 0 0
40 6 0 57.7792 1.49081 -1 1.41087 58.5906 40 0 0 49.8758 77.9792 440000 0 0
41 6 0 106.008 1.57878 1.5708 1.38667 60.6189 41 0 0 47.9447 74.5068 440000 0 0
42 6 0 105.764 1.4739 1.5708 1.63117 59.7374 42 0 0 47.6081 73.4348 440000 0 0
43 6 1 90.7618 1.40166 -1 1.1036 58.8502 43 0 0 46.913 71.0952 440000 0 0
44 6 1 96.8344 1.48569 -1 1.21983 57.0056 44 0 0 46.8195 70.1573 440000 0 0
45 7 0 121.961 1.50703 1.5708 1.72743 71.2297 45 0 0 40.9344 63.4962 440000 0 0
46 7 0 95.877 1.63141 1.5708 1.33715 72.9502 46 0 0 39.6781 61.3493 440000 0 0
47 7 0 74.358 1.43173 1.5708 1.43032 72.1241 47 0 0 39.5224 60.7582 440000 0 0
48 7 1 89.6941 1.56505 1.5708 1.21812 69.6509 48 0 0 40.3842 61.7449 440000 0 0
49 7 1 90.98 1.49473 1.5708 1.22997 68.4513 49 0 0 40.0394 60.6339 440000 0 0
