0 1 0 100.877 1.56447 0 1.02538 0 0 0 0 58.0896 0 125000 0 1.52439
1 1 0 100.601 3.00006 0 1.22969 0.520347 1 0 0 58.4667 0 125000 0 1.6172
2 1 0 102.904 3.12976 0 1.35004 1.093 2 0 0 54.5956 0 125000 0 1.6215
3 1 0 71.813 0.661604 -1 1.1273 3.80739 3 0 0 56.7901 0 125000 0 1.78816
4 1 0 95.3676 2.43601 0 1.21406 5.63239 4 0 0 51.3613 0 125000 0 1.77253
5 1 0 94.9123 0.531476 0 1.11948 7.85983 5 0 0 52.5871 0 125000 0 1.85671
6 1 0 71.603 2.18599 -1 1.19544 12.2682 6 0 0 47.2239 0 125000 0 1.89783
7 1 0 83.7798 0.926236 -1 1.24642 13.8728 7 0 0 47.7103 0 125000 0 1.93997
8 1 1 59.4427 2.15422 -1 1.1884 17.6523 8 0 0 43.2321 0 125000 0 1.96059
9 1 1 59.9901 0.955115 -1 1.3169 19.0932 9 0 0 42.9591 0 125000 0 1.98503
10 2 0 85.9566 1.59754 0 1.40631 10.13 10 0 0 68.9118 0 125000 0 0
11 2 0 73.7574 1.51462 0 1.09319 9.58606 11 0 0 64.7688 0 125000 0 0
12 2 0 82.5816 1.20379 0 1.01911 10.0362 12 0 0 66.1536 0 125000 0 0
13 2 0 80.3408 2.39727 0 1.25487 11.7106 13 0 0 59.1504 0 125000 0 0
14 2 0 83.9753 0.657439 0 1.06166 14.0415 14 0 0 60.987 0 125000 0 0
15 2 0 76.6695 2.14584 -1 1.4316 16.9708 15 0 0 53.4197 0 125000 0 0
16 2 0 84.188 0.937532 0 1.18881 18.9184 16 0 0 54.4357 0 125000 0 0
17 2 1 60.8906 2.27613 -1 1.39545 22.5996 17 0 0 47.4331 0 125000 0 0
18 2 1 84.0827 0.918876 -1 1.29742 24.6761 18 0 0 47.3106 0 125000 0 0
19 3 0 72.0284 1.52183 -1 1.62662 20.5541 19 0 0 76.8538 85.5894 125000 0 0
20 3 0 97.5146 1.56328 1.5708 1.64295 20.2717 20 0 0 78.7715 86.1934 125000 0 0
21 3 0 82.0107 1.46449 0 1.20233 19.879 21 0 0 67.8376 78.9242 125000 0 0
22 3 0 96.3523 1.68569 1.5708 1.81541 22.4669 22 0 0 70.4554 83.1205 125000 0 0
23 3 0 77.1566 2.32032 0 1.25594 23.4177 23 0 0 59.3356 72.6912 125000 0 0
24 3 0 93.9225 1.82505 0 1.22773 25.6559 24 0 0 61.2597 76.1277 125000 0 0
25 3 1 56.5861 2.32689 -1 1.28922 27.6862 25 0 0 51.6832 65.2491 125000 0 0
26 3 1 72.6977 0.875844 -1 1.27975 29.7317 26 0 0 52.6678 67.3393 125000 0 0
27 4 0 88.975 1.6179 1.5708 1.69172 32.3297 27 0 0 74.1636 104.283 125000 0 0
28 4 0 92.8926 1.53085 1.5708 2.12938 31.6418 28 0 0 70.0224 94.015 125000 0 0
29 4 0 68.3239 1.56729 -1 1.91276 34.5364 29 0 0 69.3771 98.0177 125000 0 0
30 4 0 89.7535 1.52377 0 1.45921 32.0192 30 0 0 62.6605 82.9102 125000 0 0
31 4 0 82.371 1.56523 1.5708 1.69519 35.6254 31 0 0 62.5768 86.0301 125000 0 0
32 4 1 77.0876 2.51167 -1 1.14985 34.6498 32 0 0 54.2382 71.9367 125000 0 0
33 4 1 83.6715 0.550193 -1 1.27145 36.9153 33 0 0 54.9044 74.2167 125000 0 0
34 5 0 76.2429 1.53026 0 1.39663 44.0696 34 0 0 61.0341 93.6884 125000 0 0
35 5 0 86.8345 1.57041 0 1.53155 44.7316 35 0 0 60.3914 92.9432 125000 0 0
36 5 0 88.1213 1.52443 1.5708 1.82187 43.7513 36 0 0 58.1547 85.5688 125000 0 0
37 5 0 62.7678 1.43051 -1 1.48895 45.5813 37 0 0 57.1698 84.9544 125000 0 0
38 5 1 86.2328 1.60123 -1 1.25541 43.8577 38 0 0 52.9865 74.9649 125000 0 0
39 5 1 80.1659 0.435484 -1 1.16003 45.7291 39 0 0 52.4648 75.0594 125000 0 0
40 6 0 93.4946 1.49645 1.5708 1.33702 55.4943 40 0 0 51.099 78.6034 125000 0 0
41 6 0 82.9218 1.62929 1.5708 1.44638 55.1748 41 0 0 50.5563 76.9313 125000 0 0
42 6 0 67.0603 1.3321 -1 1.20961 54.6628 42 0 0 50.6697 76.9177 125000 0 0
43 6 1 83.5275 1.51124 -1 1.08453 54.1053 43 0 0 48.7161 72.1677 125000 0 0
44 6 1 61.3055 0.278807 -1 1.06353 54.4991 44 0 0 48.2758 71.445 125000 0 0
45 7 0 62.0875 1.54325 1.5708 1.46645 65.8379 45 0 0 43.6955 66.7862 125000 0 0
46 7 0 91.4456 1.61869 1.5708 1.37917 65.5982 46 0 0 43.3735 66.0008 125000 0 0
47 7 0 89.6222 1.52362 1.5708 1.53321 64.9288 47 0 0 43.6917 66.4194 125000 0 0
48 7 1 87.1818 1.43363 1.5708 1.13152 64.3498 48 0 0 42.4897 63.6931 125000 0 0
49 7 1 85.0378 1.69975 1.5708 1.13995 63.9223 49 0 0 42.571 63.7023 125000 0 0
