0 1 1 85.5765 0.172489 -1 1.13997 0.364428 426 0 0 58.7 0 755000 0 1.60077
1 1 1 113.786 0.290292 -1 1.22886 0 1977 0 0 58.5 0 755000 0 1.54082
2 1 1 112.852 2.70424 -1 1.24538 1.79452 15 0 0 55.3 0 755000 0 1.65857
3 1 1 116.8 0.32385 -1 1.30104 1.21468 2176 0 0 55.1 0 755000 0 1.62646
4 1 1 86.1596 2.62411 -1 1.24593 4.78654 987352048 0 0 50.2 0 755000 0 1.72068
5 1 1 81.022 0.493073 -1 1.21312 4.10536 6 0 0 49.7 0 755000 0 1.69636
6 1 1 106.542 2.57554 -1 1.14233 8.9646 2346 0 0 44.6 0 755000 0 1.77723
7 1 1 103.832 0.504196 -1 1.10561 8.12303 1504 0 0 44.1 0 755000 0 1.75674
8 1 1 83.318 2.15485 -1 1.22411 14.7357 239 0 0 39.9 0 755000 0 1.84835
9 1 1 61.1558 0.926957 -1 1.18281 13.051 903 0 0 39.6 0 755000 0 1.81932
10 2 0 89.1077 0.36733 0 1.24078 8.25113 2507 0 0 68.1 0 755000 0 0
11 2 0 88.3452 2.55034 0 1.2394 9.30139 2156 0 0 64.9 0 755000 0 0
12 2 0 89.9053 0.493461 0 1.28939 8.64035 1116 0 0 64.7 0 755000 0 0
13 2 0 89.5845 0.217548 0 1.21886 11.345 4158 0 0 57.9 0 755000 0 0
14 2 0 87.5134 0.6757 0 1.30704 10.5559 5369 0 0 57.2 0 755000 0 0
15 2 0 87.5945 2.41315 0 1.47692 14.7693 6656 0 0 50.3 0 755000 0 0
16 2 0 86.3984 0.706906 0 1.44579 14.1592 4302 0 0 49.7 0 755000 0 0
17 2 1 57.9288 2.25892 -1 1.46071 19.3676 123 0 0 43.5 0 755000 0 0
18 2 1 57.1459 0.756292 -1 1.42271 18.2622 233 0 0 42.9 0 755000 0 0
19 3 0 90.3917 2.59755 0 1.23181 17.6661 645 0 0 76.3 84.5 755000 0 0
20 3 0 90.268 0.428831 0 1.15219 17.0677 763 0 0 75.9 83.7 755000 0 0
21 3 0 74.1714 2.50219 -1 1.1294 18.8023 961 0 0 66.2 78.3 755000 0 0
22 3 0 92.698 0.530624 0 1.35305 17.9134 439 0 0 65.2 76.6 755000 0 0
23 3 0 90.8326 2.49804 0 1.47904 21.1753 851 0 0 56.4 69.3 755000 0 0
24 3 0 73.1045 0.645727 -1 1.46573 20.6119 351 0 0 55.3 67.4 755000 0 0
25 3 1 78.1863 2.35711 -1 1.34358 24.7136 1071 0 0 48 60 755000 0 0
26 3 1 77.8391 0.742674 -1 1.38579 23.7891 557 0 0 47.2 58.5 755000 0 0
27 4 0 74.5211 2.64443 -1 1.181 25.8078 35 0 0 129.2 97.9 755000 0 0
28 4 0 76.0479 2.52448 -1 1.19673 26.7742 1601 0 0 120.8 91.2 755000 0 0
29 4 0 87.8926 0.401037 0 1.33342 25.8109 439 0 0 120.5 89.5 755000 0 0
30 4 0 89.3585 2.60023 0 1.41065 28.3967 1689 0 0 110.4 78.9 755000 0 0
31 4 0 84.3682 0.569437 0 1.46212 27.4472 1365 0 0 109.4 76.6 755000 0 0
32 4 1 78.0091 2.39831 -1 1.31051 31.1494 2211 0 0 101.4 67.2 755000 0 0
33 4 1 79.444 0.715913 -1 1.29441 30.4674 557 0 0 100.9 65.9 755000 0 0
34 5 0 91.6782 2.57632 0 1.1897 34.8394 1277 0 0 117.4 101.6 755000 0 0
35 5 0 87.4048 0.346873 0 1.3466 34.1587 1799 0 0 116.7 98.6 755000 0 0
36 5 0 77.8218 2.61794 -1 1.22567 36.1364 35 0 0 110.4 85.8 755000 0 0
37 5 0 84.2317 0.526053 0 1.42574 34.4783 1887 0 0 110 84.1 755000 0 0
38 5 1 79.9734 2.45754 -1 1.30734 38.0173 763 0 0 102.7 72.8 755000 0 0
39 5 1 56.7103 0.728868 -1 1.32523 36.586 1483 0 0 102.6 71.8 755000 0 0
40 6 0 87.5882 0.290623 0 1.43837 42.9024 2005 0 0 108.5 90.1 755000 0 0
41 6 0 95.1121 0.14819 0 1.45779 44.1457 2123 0 0 106.7 85.9 755000 0 0
42 6 0 70.8572 0.382287 -1 1.29231 42.2875 645 0 0 105.9 83.5 755000 0 0
43 6 1 75.9136 2.61634 -1 1.37615 45.1337 851 0 0 101.7 75.1 755000 0 0
44 6 1 57.4616 0.568802 -1 1.29503 42.7179 2329 0 0 101.5 73.9 755000 0 0
45 7 0 82.3705 1.36681 -1 1.09243 51.5134 123 0 0 100.2 76.9 755000 0 0
46 7 0 93.6207 1.56804 0 1.08595 53.0154 1159 0 0 99 74.4 755000 0 0
47 7 0 78.2415 1.5047 -1 1.10739 50.4957 233 0 0 99.6 75.3 755000 0 0
48 7 1 74.7211 2.90417 -1 1.1369 52.6068 351 0 0 97 69.9 755000 0 0
49 7 1 80.5992 0.265022 -1 1.10035 50.052 961 0 0 97.6 70.4 755000 0 0
