0 1 1 84.2289 2.86232 -1 1.09333 0.555697 426 0 0 58.7 0 390000 0 1.61829
1 1 1 111.216 0.2432 -1 1.13144 0 1977 0 0 58.5 0 390000 0 1.5233
2 1 1 109.9 2.65533 -1 1.16574 1.90742 15 0 0 55.3 0 390000 0 1.66443
3 1 1 110.307 0.422691 -1 1.13487 1.34945 2176 0 0 55.1 0 390000 0 1.63129
4 1 1 87.1152 2.67295 -1 1.17602 4.55472 987352048 0 0 50.2 0 390000 0 1.71811
5 1 1 82.1446 0.43783 -1 1.12801 3.70749 6 0 0 49.7 0 390000 0 1.68815
6 1 1 106.402 2.4662 -1 1.07354 8.37692 2346 0 0 44.6 0 390000 0 1.7715
7 1 1 101.478 0.507135 -1 1.06699 7.23474 1504 0 0 44.1 0 390000 0 1.74431
8 1 1 83.8023 2.21862 -1 1.18328 13.6239 239 0 0 39.9 0 390000 0 1.83846
9 1 1 62.0473 0.847319 -1 1.17628 11.5842 903 0 0 39.6 0 390000 0 1.80033
10 2 0 90.8621 0.395405 0 1.16836 8.89518 2507 0 0 68.1 0 390000 0 0
11 2 0 89.4124 2.57548 0 1.14986 10.0238 2156 0 0 64.9 0 390000 0 0
12 2 0 87.9362 0.517668 0 1.21976 9.27997 1116 0 0 64.7 0 390000 0 0
13 2 0 90.242 0.231838 0 1.16309 12.0117 4158 0 0 57.9 0 390000 0 0
14 2 0 85.367 0.596277 0 1.20704 11.1311 5369 0 0 57.2 0 390000 0 0
15 2 0 89.1362 2.44696 0 1.41423 15.0164 6656 0 0 50.3 0 390000 0 0
16 2 0 85.4459 0.627938 0 1.34454 14.0958 4302 0 0 49.7 0 390000 0 0
17 2 1 59.3919 2.34755 -1 1.38541 19.3719 123 0 0 43.5 0 390000 0 0
18 2 1 58.4403 0.695389 -1 1.33325 17.3988 233 0 0 42.9 0 390000 0 0
19 3 0 92.6267 2.6261 0 1.16704 18.7927 645 0 0 76.3 84.5 390000 0 0
20 3 0 86.0465 1.64906 1.5708 1.15173 18.2081 763 0 0 75.9 83.7 390000 0 0
21 3 0 76.9062 1.43561 -1 1.12799 19.9806 961 0 0 66.2 78.3 390000 0 0
22 3 0 91.3827 0.596078 1.5708 1.22542 18.9693 439 0 0 65.2 76.6 390000 0 0
23 3 0 93.1719 2.55614 0 1.35873 22.2478 851 0 0 56.4 69.3 390000 0 0
24 3 0 79.2844 0.597824 -1 1.3776 21.2894 351 0 0 55.3 67.4 390000 0 0
25 3 1 80.8291 2.38652 -1 1.26664 25.3024 1071 0 0 48 60 390000 0 0
26 3 1 80.2941 0.714361 -1 1.25733 23.7923 557 0 0 47.2 58.5 390000 0 0
27 4 0 68.9801 2.59779 -1 1.14226 27.3837 35 0 0 129.2 97.9 390000 0 0
28 4 0 75.335 2.52928 -1 1.16513 28.358 1601 0 0 120.8 91.2 390000 0 0
29 4 0 86.1874 0.453726 0 1.26314 27.3744 439 0 0 120.5 89.5 390000 0 0
30 4 0 90.3313 2.56909 0 1.30858 30.0762 1689 0 0 110.4 78.9 390000 0 0
31 4 0 85.9799 0.604476 0 1.33268 29.0047 1365 0 0 109.4 76.6 390000 0 0
32 4 1 78.5446 2.42536 -1 1.27543 32.2728 2211 0 0 101.4 67.2 390000 0 0
33 4 1 81.5676 0.681393 -1 1.17582 31.2994 557 0 0 100.9 65.9 390000 0 0
34 5 0 92.6538 2.58981 0 1.12537 36.8876 1277 0 0 117.4 101.6 390000 0 0
35 5 0 90.1613 0.402228 0 1.14334 36.3968 1799 0 0 116.7 98.6 390000 0 0
36 5 0 77.5213 2.56853 -1 1.18895 38.2225 35 0 0 110.4 85.8 390000 0 0
37 5 0 85.1164 0.47739 0 1.26393 36.8328 1887 0 0 110 84.1 390000 0 0
38 5 1 80.2581 2.49511 -1 1.24307 39.7017 763 0 0 102.7 72.8 390000 0 0
39 5 1 59.4432 0.727939 -1 1.16716 38.4195 1483 0 0 102.6 71.8 390000 0 0
40 6 0 88.8082 0.283501 0 1.17552 45.9604 2005 0 0 108.5 90.1 390000 0 0
41 6 0 98.8441 0.198695 0 1.26349 46.8834 2123 0 0 106.7 85.9 390000 0 0
42 6 0 74.5561 0.363158 -1 1.08844 45.4943 645 0 0 105.9 83.5 390000 0 0
43 6 1 77.6811 2.72557 -1 1.28462 47.4111 851 0 0 101.7 75.1 390000 0 0
44 6 1 60.1978 0.491715 -1 1.12322 45.5153 2329 0 0 101.5 73.9 390000 0 0
45 7 0 81.6289 1.47836 -1 1.22526 55.5098 123 0 0 100.2 76.9 390000 0 0
46 7 0 94.032 1.60293 0 1.19172 56.2945 1159 0 0 99 74.4 390000 0 0
47 7 0 78.8604 1.50248 -1 1.24607 54.8012 233 0 0 99.6 75.3 390000 0 0
48 7 1 77.265 3.09192 -1 1.05841 55.613 351 0 0 97 69.9 390000 0 0
49 7 1 84.1929 1.75085 -1 1.09557 53.9465 961 0 0 97.6 70.4 390000 0 0
