0 1 0 112.339 2.96148 0 1.41177 1.87162 46 0 0 58.1033 0 740000 0 0
1 1 0 108.23 2.94371 0 1.4132 0 -1127689792 0 0 57.2039 0 740000 0 0
2 1 0 72.6243 2.32528 -1 1.20266 7.06388 -1127111280 0 0 55.9429 0 740000 0 0
3 1 0 85.1334 0.446996 -1 1.21096 2.63575 15 0 0 54.5952 0 740000 0 0
4 1 0 75.4833 2.34262 -1 1.14969 12.4555 -1176400454 0 0 51.646 0 740000 0 0
5 1 0 106.816 0.628758 0 1.41188 5.59542 4 0 0 48.2731 0 740000 0 0
6 1 0 102.329 2.9037 0 1.18222 17.7882 15 0 0 45.9877 0 740000 0 0
7 1 0 81.7779 0.971728 -1 1.33496 12.9032 103 0 0 43.8147 0 740000 0 0
8 1 1 83.7887 1.90187 -1 1.21277 25.3555 220 0 0 41.0454 0 740000 0 0
9 1 1 85.4786 1.16125 -1 1.25337 20.7931 -1126105792 0 0 39.855 0 740000 0 0
10 2 0 93.346 1.51256 0 1.24024 9.52412 -1126103152 0 0 67.0035 0 740000 0 0
11 2 0 97.5589 1.2422 0 1.05278 12.2349 15 0 0 65.396 0 740000 0 0
12 2 0 93.5393 2.79653 0 1.08355 9.42637 103 0 0 63.9459 0 740000 0 0
13 2 0 90.7125 2.20251 0 1.11067 17.3301 220 0 0 59.8304 0 740000 0 0
14 2 0 94.0458 2.93223 0 1.30514 11.6672 9504 0 0 56.7858 0 740000 0 0
15 2 0 72.422 2.14971 -1 1.17134 22.7601 9556 0 0 52.734 0 740000 0 0
16 2 0 89.2412 0.924965 0 1.23721 16.3649 9618 0 0 50.4527 0 740000 0 0
17 2 1 79.0528 2.03359 -1 1.38502 28.8382 123 0 0 46.085 0 740000 0 0
18 2 1 75.6985 1.07884 -1 1.54301 23.9696 773 0 0 44.7843 0 740000 0 0
19 3 0 74.5072 1.45408 -1 1.4423 21.3041 739 0 0 77.3289 85.1682 740000 0 0
20 3 0 92.7131 1.49274 0 1.22452 19.91 465 0 0 76.6283 83.4706 740000 0 0
21 3 0 72.8998 1.32927 -1 1.25865 23.9454 35 0 0 68.9939 82.1307 740000 0 0
22 3 0 91.2664 1.63077 1.5708 1.49424 20.1362 240 0 0 66.4322 76.8378 740000 0 0
23 3 0 73.1103 2.12231 -1 1.16886 27.9209 356 0 0 59.7406 75.0038 740000 0 0
24 3 0 96.4336 0.758848 0 1.20472 22.875 553 0 0 57.6131 69.8346 740000 0 0
25 3 1 77.8266 2.10391 -1 1.22667 32.9918 663 0 0 51.6352 66.8914 740000 0 0
26 3 1 70.6805 1.00177 -1 1.4196 27.7908 861 0 0 50.0812 62.9253 740000 0 0
27 4 0 88.7955 1.44392 0 1.4265 31.2709 979 0 0 75.8167 101.253 740000 0 0
28 4 0 66.9294 1.42115 -1 1.59223 33.0171 1310 0 0 71.0037 96.9063 740000 0 0
29 4 0 88.9693 1.57407 1.5708 1.41984 31.235 1786 0 0 70.713 92.2075 740000 0 0
30 4 0 83.4235 1.37316 1.5708 1.46796 35.5039 3814 0 0 63.1255 86.0542 740000 0 0
31 4 0 86.417 1.33629 1.5708 1.3864 31.6432 1280 0 0 61.932 80.4379 740000 0 0
32 4 1 56.9649 2.40587 -1 1.26278 38.1575 2365 0 0 55.2387 74.9112 740000 0 0
33 4 1 80.156 0.672606 -1 1.23375 33.9408 694 0 0 53.7836 70.6081 740000 0 0
34 5 0 82.3455 1.50291 1.5708 1.52172 42.6687 3960 0 0 63.37 98.5458 740000 0 0
35 5 0 62.751 1.49933 -1 1.55759 42.4001 1135 0 0 62.7436 95.2283 740000 0 0
36 5 0 66.9385 1.4588 -1 1.36411 44.794 2150 0 0 59.3148 88.9563 740000 0 0
37 5 0 84.317 1.53701 1.5708 1.54204 42.339 3494 0 0 59.003 85.2102 740000 0 0
38 5 1 80.1296 2.62785 -1 1.10659 45.7841 2987 0 0 54.1206 77.9505 740000 0 0
39 5 1 77.4412 0.358085 -1 1.11793 42.5778 1476 0 0 53.0696 74.0039 740000 0 0
40 6 0 55.3307 1.53563 -1 1.56167 52.6253 4182 0 0 54.136 83.6874 740000 0 0
41 6 0 92.4393 1.4647 0 1.3799 55.1149 2634 0 0 51.9015 79.984 740000 0 0
42 6 0 86.1849 1.56466 1.5708 1.53139 53.1275 3995 0 0 52.3223 79.4113 740000 0 0
43 6 1 83.7626 2.76942 -1 1.10193 54.5498 3384 0 0 50.2157 75.5095 740000 0 0
44 6 1 90.5816 0.0400731 -1 1.05692 52.4992 833 0 0 48.9799 71.7105 740000 0 0
45 7 0 105.895 1.4776 -1 1.40146 64.6224 3161 0 0 44.7501 68.6461 740000 0 0
46 7 0 89.5158 1.60567 1.5708 1.4387 66.628 4453 0 0 43.3788 66.5076 740000 0 0
47 7 0 107.116 1.34682 0 1.28616 63.9014 535 0 0 43.6359 65.921 740000 0 0
48 7 1 81.8731 1.56003 -1 1.13841 64.17 1149 0 0 43.9889 66.7807 740000 0 0
49 7 1 58.4858 1.5368 -1 1.16271 61.3918 2737 0 0 42.7785 63.24 740000 0 0
