0 1 0 112.737 3.02011 0 1.37917 1.85354 46 0 0 58.229 0 630000 0 0
1 1 0 110.334 2.9298 0 1.3843 0 -1127689792 0 0 57.1475 0 630000 0 0
2 1 0 71.7396 2.44684 -1 1.15427 7.03772 -1127111280 0 0 56.1217 0 630000 0 0
3 1 0 84.9287 0.398679 -1 1.20089 2.41048 15 0 0 54.6526 0 630000 0 0
4 1 0 75.614 2.35287 -1 1.16936 12.383 -1176400454 0 0 51.7518 0 630000 0 0
5 1 0 107.642 0.574994 0 1.39345 4.97214 4 0 0 48.1863 0 630000 0 0
6 1 0 102.466 2.90644 0 1.18493 17.7335 15 0 0 46.0249 0 630000 0 0
7 1 0 81.3392 0.93211 -1 1.33686 11.8468 103 0 0 43.5573 0 630000 0 0
8 1 1 83.5631 1.90872 -1 1.21335 25.3177 220 0 0 41.0591 0 630000 0 0
9 1 1 84.5065 1.1385 -1 1.27145 19.506 -1126105792 0 0 39.4368 0 630000 0 0
10 2 0 95.0485 1.48609 0 1.26346 9.80376 -1126103152 0 0 67.5224 0 630000 0 0
11 2 0 98.1595 1.25263 0 1.08216 12.4051 15 0 0 65.7838 0 630000 0 0
12 2 0 94.5425 2.76423 0 1.07739 9.5006 103 0 0 64.1908 0 630000 0 0
13 2 0 91.3987 2.2176 0 1.11831 17.3708 220 0 0 59.8736 0 630000 0 0
14 2 0 93.1953 2.9127 0 1.26706 11.4229 9504 0 0 56.8612 0 630000 0 0
15 2 0 71.8427 2.16321 -1 1.19196 22.719 9556 0 0 52.7969 0 630000 0 0
16 2 0 89.9113 0.889176 0 1.22548 15.7125 9618 0 0 50.4516 0 630000 0 0
17 2 1 78.6632 2.06519 -1 1.39846 28.828 123 0 0 46.1772 0 630000 0 0
18 2 1 76.526 1.09939 -1 1.52364 23.0413 773 0 0 44.5302 0 630000 0 0
19 3 0 74.9162 1.46791 -1 1.4544 21.6366 739 0 0 77.6553 85.9493 630000 0 0
20 3 0 94.1279 1.49971 0 1.19937 20.2188 465 0 0 77.1206 84.2265 630000 0 0
21 3 0 73.9702 1.37427 -1 1.26264 24.161 35 0 0 68.9953 82.508 630000 0 0
22 3 0 93.4903 1.68074 1.5708 1.49764 20.117 240 0 0 66.7461 77.2644 630000 0 0
23 3 0 72.0774 2.22515 -1 1.18267 27.9718 356 0 0 59.6364 75.0591 630000 0 0
24 3 0 96.1085 0.605486 0 1.14838 22.4915 553 0 0 57.7108 69.865 630000 0 0
25 3 1 76.8301 2.12162 -1 1.25404 33.0245 663 0 0 51.4588 66.7907 630000 0 0
26 3 1 70.3448 0.946707 -1 1.36411 27.0778 861 0 0 49.9882 62.524 630000 0 0
27 4 0 90.6856 1.45206 1.5708 1.46709 31.7406 979 0 0 74.9449 102.439 630000 0 0
28 4 0 67.6774 1.377 -1 1.56207 33.259 1310 0 0 70.4758 97.2392 630000 0 0
29 4 0 91.6371 1.57068 1.5708 1.4392 31.5779 1786 0 0 70.2798 92.6702 630000 0 0
30 4 0 85.203 1.32764 0 1.32712 35.4995 3814 0 0 62.8644 86.0489 630000 0 0
31 4 0 90.0582 1.26836 1.5708 1.33047 31.5988 1280 0 0 61.5708 80.3765 630000 0 0
32 4 1 56.5824 2.39185 -1 1.23763 38.2133 2365 0 0 55.1865 74.9557 630000 0 0
33 4 1 82.3272 0.652415 -1 1.18247 33.4767 694 0 0 53.7005 70.2773 630000 0 0
34 5 0 83.2399 1.4564 1.5708 1.50227 43.1149 3960 0 0 62.5383 97.2916 630000 0 0
35 5 0 63.7262 1.55282 -1 1.52015 42.9658 1135 0 0 62.0513 94.3402 630000 0 0
36 5 0 67.7462 1.47525 -1 1.42768 44.8895 2150 0 0 58.7174 88.2858 630000 0 0
37 5 0 85.5419 1.5269 1.5708 1.56285 42.6842 3494 0 0 58.3185 84.361 630000 0 0
38 5 1 81.2283 2.56466 -1 1.10538 45.7909 2987 0 0 53.8242 77.7496 630000 0 0
39 5 1 79.4862 0.398147 -1 1.05595 42.5647 1476 0 0 52.572 73.31 630000 0 0
40 6 0 55.7304 1.44924 -1 1.5455 53.1697 4182 0 0 53.6156 82.908 630000 0 0
41 6 0 92.2452 1.55584 1.5708 1.45718 55.5297 2634 0 0 51.2007 78.8925 630000 0 0
42 6 0 86.8572 1.57665 1.5708 1.50049 53.5671 3995 0 0 51.6336 78.4134 630000 0 0
43 6 1 86.2732 2.77337 -1 1.08615 54.7907 3384 0 0 49.6475 74.6888 630000 0 0
44 6 1 94.2372 0.0536372 -1 1.03065 52.8771 833 0 0 48.4803 71.0328 630000 0 0
45 7 0 107.516 1.52283 -1 1.38145 65.1705 3161 0 0 44.2545 67.9103 630000 0 0
46 7 0 89.776 1.64719 1.5708 1.37227 67.0374 4453 0 0 43.0128 65.9388 630000 0 0
47 7 0 106.922 1.40099 1.5708 1.3729 64.5906 535 0 0 43.1054 65.2203 630000 0 0
48 7 1 81.3894 1.64093 -1 1.13139 64.5042 1149 0 0 43.4279 65.8963 630000 0 0
49 7 1 59.765 1.52853 -1 1.17745 62.1066 2737 0 0 42.3329 62.7531 630000 0 0
