0 1 0 112.527 3.06219 0 1.43902 1.8316 46 0 0 58.1033 0 730000 0 0
1 1 0 108.283 2.94376 0 1.40748 0 -1127689792 0 0 57.2039 0 730000 0 0
2 1 0 72.7286 2.44803 -1 1.18504 6.97373 -1127111280 0 0 55.9429 0 730000 0 0
3 1 0 85.3239 0.441186 -1 1.21033 2.58044 15 0 0 54.5952 0 730000 0 0
4 1 0 75.6868 2.34136 -1 1.15484 12.3633 -1176400454 0 0 51.646 0 730000 0 0
5 1 0 108.033 0.586213 0 1.40615 5.55138 4 0 0 48.2731 0 730000 0 0
6 1 0 102.42 2.90328 0 1.19041 17.7199 15 0 0 45.9877 0 730000 0 0
7 1 0 82.0103 0.970136 -1 1.31797 12.8673 103 0 0 43.8147 0 730000 0 0
8 1 1 83.7699 1.97456 -1 1.20525 25.3076 220 0 0 41.0454 0 730000 0 0
9 1 1 85.5621 1.16692 -1 1.25943 20.7703 -1126105792 0 0 39.855 0 730000 0 0
10 2 0 93.5825 1.51868 0 1.2334 9.5155 -1126103152 0 0 67.0035 0 730000 0 0
11 2 0 97.8785 1.24724 0 1.0525 12.1825 15 0 0 65.396 0 730000 0 0
12 2 0 93.8094 2.78699 0 1.08782 9.42102 103 0 0 63.9459 0 730000 0 0
13 2 0 90.803 2.20332 0 1.1092 17.2403 220 0 0 59.8304 0 730000 0 0
14 2 0 93.6969 2.91802 0 1.30269 11.5832 9504 0 0 56.7858 0 730000 0 0
15 2 0 72.5158 2.11827 -1 1.18064 22.6718 9556 0 0 52.734 0 730000 0 0
16 2 0 88.8323 0.974055 0 1.25394 16.4061 9618 0 0 50.4527 0 730000 0 0
17 2 1 79.2644 2.03056 -1 1.38526 28.773 123 0 0 46.085 0 730000 0 0
18 2 1 75.6695 1.06695 -1 1.52631 23.9925 773 0 0 44.7843 0 730000 0 0
19 3 0 74.7794 1.4551 -1 1.43899 21.274 739 0 0 77.3289 85.1682 730000 0 0
20 3 0 92.9083 1.49098 0 1.20432 19.8676 465 0 0 76.6283 83.4706 730000 0 0
21 3 0 73.0726 1.33436 -1 1.26077 23.8889 35 0 0 68.9939 82.1307 730000 0 0
22 3 0 91.3517 1.61794 1.5708 1.46129 20.0139 240 0 0 66.4322 76.8378 730000 0 0
23 3 0 73.3938 2.12213 -1 1.16349 27.8354 356 0 0 59.7406 75.0038 730000 0 0
24 3 0 96.6708 0.796202 0 1.21033 22.8552 553 0 0 57.6131 69.8346 730000 0 0
25 3 1 77.9642 2.10175 -1 1.22382 32.9111 663 0 0 51.6352 66.8914 730000 0 0
26 3 1 70.6636 0.996217 -1 1.41485 27.8887 861 0 0 50.0812 62.9253 730000 0 0
27 4 0 89.09 1.43873 0 1.4165 31.2124 979 0 0 75.8167 101.253 730000 0 0
28 4 0 67.1215 1.42444 -1 1.58558 32.9748 1310 0 0 71.0037 96.9063 730000 0 0
29 4 0 89.4373 1.55984 1.5708 1.40586 31.0889 1786 0 0 70.713 92.2075 730000 0 0
30 4 0 83.5418 1.37722 1.5708 1.46533 35.4368 3814 0 0 63.1255 86.0542 730000 0 0
31 4 0 86.0008 1.36404 1.5708 1.41679 31.5763 1280 0 0 61.932 80.4379 730000 0 0
32 4 1 57.0023 2.40484 -1 1.25941 38.0744 2365 0 0 55.2387 74.9112 730000 0 0
33 4 1 79.7852 0.677471 -1 1.23625 34.038 694 0 0 53.7836 70.6081 730000 0 0
34 5 0 82.3918 1.50142 1.5708 1.51908 42.6151 3960 0 0 63.37 98.5458 730000 0 0
35 5 0 62.8186 1.53518 -1 1.55347 42.3002 1135 0 0 62.7436 95.2283 730000 0 0
36 5 0 67.038 1.4614 -1 1.36395 44.7341 2150 0 0 59.3148 88.9563 730000 0 0
37 5 0 84.3644 1.54853 1.5708 1.55583 42.247 3494 0 0 59.003 85.2102 730000 0 0
38 5 1 80.1117 2.62678 -1 1.1055 45.7072 2987 0 0 54.1206 77.9505 730000 0 0
39 5 1 77.2877 0.366204 -1 1.11932 42.6085 1476 0 0 53.0696 74.0039 730000 0 0
40 6 0 55.3023 1.43132 -1 1.56595 52.5708 4182 0 0 54.136 83.6874 730000 0 0
41 6 0 92.6171 1.46573 0 1.38314 55.074 2634 0 0 51.9015 79.984 730000 0 0
42 6 0 85.9415 1.56294 1.5708 1.54333 53.0515 3995 0 0 52.3223 79.4113 730000 0 0
43 6 1 83.8782 2.81531 -1 1.09684 54.4859 3384 0 0 50.2157 75.5095 730000 0 0
44 6 1 90.4051 0.0417703 -1 1.06065 52.4708 833 0 0 48.9799 71.7105 730000 0 0
45 7 0 105.524 1.45599 -1 1.41545 64.5756 3161 0 0 44.7501 68.6461 730000 0 0
46 7 0 90.0173 1.5823 1.5708 1.43184 66.6051 4453 0 0 43.3788 66.5076 730000 0 0
47 7 0 106.896 1.33233 0 1.3021 63.8569 535 0 0 43.6359 65.921 730000 0 0
48 7 1 81.9844 1.48645 -1 1.14402 64.1235 1149 0 0 43.9889 66.7807 730000 0 0
49 7 1 58.4527 1.46828 -1 1.15356 61.3905 2737 0 0 42.7785 63.24 730000 0 0
