0 1 0 112.587 3.07061 0 1.44121 1.76825 46 0 0 58.1207 0 715000 0 0
1 1 0 108.443 2.94588 0 1.38697 0 -1127689792 0 0 57.1797 0 715000 0 0
2 1 0 72.914 2.45429 -1 1.19182 6.82051 -1127111280 0 0 55.8005 0 715000 0 0
3 1 0 85.5609 3.0217 -1 1.23222 2.54089 15 0 0 54.7019 0 715000 0 0
4 1 0 75.7505 2.33921 -1 1.16722 12.2001 -1176400454 0 0 51.4696 0 715000 0 0
5 1 0 106.619 0.610255 0 1.4198 5.20339 4 0 0 48.2121 0 715000 0 0
6 1 0 102.881 2.90406 0 1.19226 17.628 15 0 0 45.7612 0 715000 0 0
7 1 0 84.3472 0.959348 -1 1.35331 12.6273 103 0 0 43.5321 0 715000 0 0
8 1 1 83.9182 1.89745 -1 1.21346 25.2583 220 0 0 40.858 0 715000 0 0
9 1 1 86.2542 1.18387 -1 1.25419 20.7253 -1126105792 0 0 39.4048 0 715000 0 0
10 2 0 93.7293 1.49372 0 1.20688 9.4932 -1126103152 0 0 67.1547 0 715000 0 0
11 2 0 98.3766 1.21012 0 1.05446 12.1017 15 0 0 65.3958 0 715000 0 0
12 2 0 95.7947 0.602138 0 1.11141 9.54593 103 0 0 64.0494 0 715000 0 0
13 2 0 91.5293 2.20727 0 1.10544 17.0961 220 0 0 59.5658 0 715000 0 0
14 2 0 91.5483 2.84864 0 1.37811 11.3635 9504 0 0 56.7819 0 715000 0 0
15 2 0 72.7413 2.116 -1 1.18769 22.5433 9556 0 0 52.5489 0 715000 0 0
16 2 0 94.9838 1.06519 0 1.23414 16.1367 9618 0 0 50.4227 0 715000 0 0
17 2 1 79.381 2.02508 -1 1.38475 28.6991 123 0 0 45.9686 0 715000 0 0
18 2 1 77.5306 1.12012 -1 1.47787 23.8669 773 0 0 44.5513 0 715000 0 0
19 3 0 74.8498 1.456 -1 1.44388 21.2296 739 0 0 77.2517 85.2577 715000 0 0
20 3 0 91.1815 1.51724 0 1.2069 19.8232 465 0 0 76.7937 83.6492 715000 0 0
21 3 0 73.4309 1.27837 -1 1.24946 23.8071 35 0 0 68.7908 81.9561 715000 0 0
22 3 0 93.2052 1.64689 0 1.13635 19.8206 240 0 0 66.5838 76.9425 715000 0 0
23 3 0 73.7966 2.12223 -1 1.15554 27.7067 356 0 0 59.4848 74.6413 715000 0 0
24 3 0 87.4072 1.42453 1.5708 1.45468 22.7745 553 0 0 57.8274 70.0174 715000 0 0
25 3 1 78.1449 2.09689 -1 1.22276 32.799 663 0 0 51.3245 66.4978 715000 0 0
26 3 1 72.5435 0.93429 -1 1.39965 27.8797 861 0 0 50.1115 62.8542 715000 0 0
27 4 0 89.6817 1.38921 1.5708 1.43825 31.1666 979 0 0 75.6911 101.491 715000 0 0
28 4 0 67.6218 1.43008 -1 1.5821 32.9102 1310 0 0 70.8671 96.828 715000 0 0
29 4 0 91.4194 1.54588 1.5708 1.40882 30.7687 1786 0 0 70.7895 92.3385 715000 0 0
30 4 0 83.7141 1.38374 1.5708 1.46575 35.3326 3814 0 0 63.031 85.7813 715000 0 0
31 4 0 88.2103 1.47636 1.5708 1.54457 31.3351 1280 0 0 62.1009 80.8104 715000 0 0
32 4 1 57.0771 2.40074 -1 1.25312 37.9489 2365 0 0 55.2178 74.7627 715000 0 0
33 4 1 76.9139 0.636693 -1 1.22924 34.1994 694 0 0 54.1074 70.9258 715000 0 0
34 5 0 82.1391 1.46514 1.5708 1.51308 42.5796 3960 0 0 63.1069 98.1318 715000 0 0
35 5 0 62.8082 1.56338 -1 1.55895 42.2039 1135 0 0 62.7342 95.243 715000 0 0
36 5 0 67.1033 1.46653 -1 1.38606 44.6508 2150 0 0 59.1903 88.7572 715000 0 0
37 5 0 84.7 1.55123 1.5708 1.59437 42.1127 3494 0 0 58.8597 85.0965 715000 0 0
38 5 1 80.3744 2.62503 -1 1.09887 45.596 2987 0 0 54.0887 77.9049 715000 0 0
39 5 1 76.8306 0.368875 -1 1.13968 42.5695 1476 0 0 53.0113 73.9855 715000 0 0
40 6 0 55.0553 1.42329 -1 1.56754 52.5121 4182 0 0 54.1791 83.7778 715000 0 0
41 6 0 92.7166 1.53924 0 1.37581 55.0248 2634 0 0 51.7043 79.6695 715000 0 0
42 6 0 85.7611 1.59333 1.5708 1.53605 52.9469 3995 0 0 52.195 79.2666 715000 0 0
43 6 1 83.9536 2.78016 -1 1.10104 54.4031 3384 0 0 50.1695 75.4449 715000 0 0
44 6 1 90.7559 0.0485735 -1 1.05732 52.3947 833 0 0 49.005 71.7747 715000 0 0
45 7 0 106.358 1.45224 -1 1.40738 64.4912 3161 0 0 44.677 68.5484 715000 0 0
46 7 0 89.6125 1.57933 1.5708 1.42956 66.5923 4453 0 0 43.2349 66.2805 715000 0 0
47 7 0 106.014 1.36364 1.5708 1.37513 63.8244 535 0 0 43.5551 65.8441 715000 0 0
48 7 1 82.1449 1.48793 -1 1.1381 64.0563 1149 0 0 43.9287 66.6667 715000 0 0
49 7 1 58.726 1.39232 -1 1.15301 61.3924 2737 0 0 42.7378 63.2431 715000 0 0
