# CellID	Layer	Boundary	Stem	Area	Perimeter	CenterX	CenterY	WUS	CK	Neighbors	IsDividing	Volume	Circularity	WallNodeCount	CytNodeCount	CenterDist	CenterAngle	IsBuffer	ThetaLocal
# Units	-	-	-	-	um^2	um	um	um	-	-	count	-	um^3	-	count	count	um	rad	-	rad
0	1	1	0	74.1329	31.1986	4.05078	7.43033	59.2189	0	0	0	74.1329	0.957087	112	22	27.7426	1.3659	0	1.49327
1	1	1	0	75.1283	31.405	-6.78904	6.58823	59.7372	0	0	0	75.1283	0.95723	118	22	26.8281	1.76568	0	1.64833
2	1	1	0	110.57	39.1302	15.9899	4.813	56.5096	0	0	0	110.57	0.907455	151	30	30.1934	0.94916	0	1.70349
3	1	1	0	102.476	37.2097	-17.6375	4.49538	56.732	0	0	0	102.476	0.930083	137	30	29.058	2.15571	0	1.72156
4	1	1	0	104.222	37.6341	27.9853	-0.826031	51.3486	0	0	0	104.222	0.924718	154	30	35.1049	0.568723	0	1.83801
5	1	1	0	110.298	38.3481	-28.5318	0.448085	51.4282	0	0	0	110.298	0.942515	159	30	33.6585	2.49865	0	1.80462
6	1	1	0	74.4026	31.2601	37.6175	-5.99722	45.5836	0	0	0	74.4026	0.956793	121	22	41.5472	0.336922	0	1.8983
7	1	1	0	102.878	37.4861	-39.305	-4.91988	45.3958	0	0	0	102.878	0.920003	146	30	40.5159	2.76733	0	1.87226
8	1	1	0	83.0285	32.864	46.2024	-11.2949	40.2293	0	0	0	83.0285	0.966045	143	30	48.5351	0.174723	0	1.943
9	1	1	0	57.821	27.4129	-47.559	-10.9065	40.6895	0	0	0	57.821	0.966908	124	22	46.8048	2.9519	0	1.9375
10	2	0	0	76.5071	31.5184	-1.40851	-0.900599	67.7705	0	0	0	76.5071	0.967795	124	30	18.8323	1.56096	0	0
11	2	0	0	75.5426	31.5218	8.70919	-1.08683	65.2553	0	0	0	75.5426	0.955388	139	30	21.3025	1.06597	0	0
12	2	0	0	75.1886	31.2845	-11.3114	-2.48659	66.0221	0	0	0	75.1886	0.965393	127	30	19.7949	2.08394	0	0
13	2	0	0	73.9029	32.0731	19.6625	-4.73584	59.1947	0	0	0	73.9029	0.902796	146	30	26.0137	0.614405	0	0
14	2	0	0	75.5882	31.6887	-21.4406	-5.92774	59.476	0	0	0	75.5882	0.945923	139	30	24.1755	2.53387	0	0
15	2	0	0	77.9107	32.4257	30.0928	-10.9477	51.4756	0	0	0	77.9107	0.931167	139	30	32.8816	0.270436	0	0
16	2	0	0	74.5791	31.9332	-32.1306	-10.091	51.5237	0	0	0	74.5791	0.919057	128	30	32.0226	2.83578	0	0
17	2	1	0	82.8931	32.9055	39.1384	-16.4406	44.9123	0	0	0	82.8931	0.962037	151	30	40.865	0.0806308	0	0
18	2	1	0	57.9841	27.6447	-41.5993	-15.2136	44.883	0	0	0	57.9841	0.953445	136	22	40.2599	3.02912	0	0
19	3	0	0	80.2039	32.303	3.20062	-9.88306	76.4138	84.0385	0	0	80.2039	0.965871	120	30	10.9539	1.11777	0	0
20	3	0	0	63.3911	28.5463	-5.9508	-10.4697	76.6817	85.003	0	0	63.3911	0.977545	124	21	10.236	2.01049	0	0
21	3	0	0	87.9249	34.2807	12.7026	-11.2621	67.7332	79.3992	0	0	87.9249	0.940204	153	30	16.6171	0.534851	0	0
22	3	0	0	78.6151	32.3944	-15.5005	-12.7007	67.2144	79.9159	0	0	78.6151	0.941404	121	30	15.5832	2.67347	0	0
23	3	0	0	78.9787	32.9404	21.9991	-15.3809	58.313	71.9434	0	0	78.9787	0.914662	156	30	23.9908	0.182376	0	0
24	3	0	0	70.2948	30.2467	-25.3607	-15.7624	57.4665	71.2448	0	0	70.2948	0.965553	137	22	24.0962	2.9761	0	0
25	3	1	0	59.4918	28.0762	30.8274	-20.2259	50.5715	64.3259	0	0	59.4918	0.948401	139	22	32.425	-0.0152307	0	0
26	3	1	0	53.9317	26.7194	-34.8307	-18.7395	49.7638	62.8603	0	0	53.9317	0.949295	135	22	33.2518	3.11174	0	0
27	4	0	0	75.4004	31.7111	-1.98348	-19.5952	78.1845	99.8273	0	0	75.4004	0.94224	106	30	0.413025	2.80399	0	0
28	4	0	0	79.7388	32.3152	7.06619	-20.4158	72.3929	93.544	0	0	79.7388	0.959549	119	30	8.68692	-0.0787955	0	0
29	4	0	0	76.5917	32.0391	-10.8554	-20.633	70.8272	91.3552	0	0	76.5917	0.937628	123	30	9.3053	-3.04462	0	0
30	4	0	0	77.0853	32.5127	15.8236	-22.8281	62.919	82.3702	0	0	77.0853	0.916378	147	30	17.6904	-0.175919	0	0
31	4	0	0	68.7774	29.9913	-20.2021	-22.7831	61.0773	80.113	0	0	68.7774	0.960872	140	22	18.8568	-2.97908	0	0
32	4	1	0	78.9263	32.053	24.6708	-25.914	54.0721	71.5968	0	0	78.9263	0.96537	160	30	26.9823	-0.231166	0	0
33	4	1	0	75.742	31.6389	-29.8475	-25.0223	52.4169	68.8539	0	0	75.742	0.950832	153	30	28.7447	-2.9565	0	0
34	5	0	0	78.6158	32.4622	1.56877	-30.0598	66.3168	101.102	0	0	78.6158	0.937482	129	30	10.8012	-1.27365	0	0
35	5	0	0	77.1397	32.0652	-7.31581	-30.3416	65.5234	97.4918	0	0	77.1397	0.942801	112	30	12.0543	-2.06541	0	0
36	5	0	0	66.6092	29.4168	10.4354	-30.6927	61.9853	89.3106	0	0	66.6092	0.967283	130	22	16.2738	-0.738953	0	0
37	5	0	0	77.7479	32.6918	-15.889	-31.2226	59.8051	85.0073	0	0	77.7479	0.914158	152	30	18.3408	-2.46454	0	0
38	5	1	0	55.575	26.9419	19.2411	-32.4961	55.4645	77.4047	0	0	55.575	0.962131	143	22	24.4338	-0.549653	0	0
39	5	1	0	81.3352	32.6654	-25.3189	-32.5873	52.591	72.7391	0	0	81.3352	0.957883	157	30	26.9841	-2.64504	0	0
40	6	0	0	79.3395	32.2545	-3.33816	-40.3503	56.6338	86.428	0	0	79.3395	0.958338	130	30	20.6919	-1.6552	0	0
41	6	0	0	78.1263	32.272	6.01389	-39.6956	56.0848	84.7759	0	0	78.1263	0.942659	134	30	21.364	-1.20671	0	0
42	6	0	0	73.8704	31.7148	-12.1758	-40.8112	54.1895	80.866	0	0	73.8704	0.922902	121	30	23.5862	-2.03605	0	0
43	6	1	0	59.3145	27.9352	15.477	-39.2681	53.0997	77.4067	0	0	59.3145	0.955142	139	22	25.9436	-0.852642	0	0
44	6	1	0	73.0458	30.7436	-21.054	-41.0882	50.1118	72.4019	0	0	73.0458	0.971168	136	30	28.8926	-2.30978	0	0
45	7	0	1	103.147	38.5536	0.0143121	-50.8494	47.8933	72.7023	0	0	103.147	0.872039	158	30	31.1589	-1.51916	0	0
46	7	0	1	99.42	37.9391	9.2316	-49.4375	47.8559	71.9277	0	0	99.42	0.867981	150	30	31.6165	-1.22133	0	0
47	7	0	1	98.4234	37.1763	-9.27228	-50.9423	47.0942	70.9906	0	0	98.4234	0.894902	153	30	32.141	-1.81203	0	0
48	7	1	1	76.6747	31.9908	17.7509	-47.3792	46.8163	68.7967	0	0	76.6747	0.94148	141	30	33.7429	-0.960273	0	0
49	7	1	1	79.2928	32.5258	-18.5529	-49.7642	45.7272	67.5379	0	0	79.2928	0.941865	141	30	34.4897	-2.08485	0	0
