# CellID	Layer	Boundary	Stem	Area	Perimeter	CenterX	CenterY	WUS	CK	Neighbors	IsDividing	Volume	Circularity	WallNodeCount	CytNodeCount	CenterDist	CenterAngle	IsBuffer	ThetaLocal
# Units	-	-	-	-	um^2	um	um	um	-	-	count	-	um^3	-	count	count	um	rad	-	rad
0	1	1	0	84.8471	33.4842	5.54997	-0.199032	58.7	0	0	0	84.8471	0.950973	144	22	25.0387	1.32133	0	1.57544
1	1	1	0	110.661	38.3671	-6.23772	-0.144357	58.5	0	0	0	110.661	0.944686	157	30	24.9561	1.79736	0	1.56616
2	1	1	0	112.402	38.8404	17.6517	-1.38373	55.3	0	0	0	112.402	0.936306	158	30	29.4435	0.900822	0	1.63834
3	1	1	0	106.59	37.584	-18.1987	-1.73079	55.1	0	0	0	106.59	0.948244	156	30	28.7287	2.22872	0	1.65747
4	1	1	0	86.0904	33.986	29.5521	-4.01574	50.2	0	0	0	86.0904	0.936622	140	22	36.4574	0.595406	0	1.69901
5	1	1	0	83.044	33.1882	-29.82	-4.15789	49.7	0	0	0	83.044	0.947439	157	22	35.5561	2.53379	0	1.70483
6	1	1	0	107.099	38.7211	40.8569	-7.96448	44.6	0	0	0	107.099	0.897632	154	30	44.6486	0.378484	0	1.75809
7	1	1	0	104.642	37.8516	-41.2042	-8.01697	44.1	0	0	0	104.642	0.917799	152	30	43.7788	2.75649	0	1.76011
8	1	1	0	83.726	33.0627	49.7476	-13.244	39.9	0	0	0	83.726	0.962484	148	30	51.6134	0.219109	0	1.82647
9	1	1	0	63.5048	28.786	-50.5072	-13.2662	39.6	0	0	0	63.5048	0.963058	140	22	51.1168	2.92077	0	1.82572
10	2	0	0	86.9391	33.8445	0.0805583	-8.33022	68.1	0	0	0	86.9391	0.95378	156	30	16.1482	1.52667	0	0
11	2	0	0	86.4785	33.7499	11.3734	-8.92808	64.9	0	0	0	86.4785	0.954053	146	30	19.6328	0.912864	0	0
12	2	0	0	86.8372	33.9333	-11.8127	-9.2633	64.7	0	0	0	86.8372	0.947682	154	30	18.8689	2.20503	0	0
13	2	0	0	89.5776	34.352	22.8687	-10.9161	57.9	0	0	0	89.5776	0.953906	154	30	27.1253	0.522914	0	0
14	2	0	0	84.8286	33.6058	-23.7147	-11.0935	57.2	0	0	0	84.8286	0.943893	148	30	26.675	2.61662	0	0
15	2	0	0	88.4181	34.7829	34.2817	-14.2526	50.3	0	0	0	88.4181	0.918376	149	30	36.3757	0.284508	0	0
16	2	0	0	84.2638	34.0297	-35.1714	-14.2488	49.7	0	0	0	84.2638	0.914398	151	30	36.0182	2.85407	0	0
17	2	1	0	59.1653	28.2281	44.4054	-18.7728	43.5	0	0	0	59.1653	0.933066	142	22	45.3951	0.125672	0	0
18	2	1	0	56.2282	27.517	-45.3235	-18.1981	42.9	0	0	0	56.2282	0.933173	138	22	45.1287	3.00233	0	0
19	3	0	0	88.4735	34.0527	5.70504	-17.4599	76.3	84.5	0	0	88.4735	0.95878	152	30	9.44424	0.835285	0	0
20	3	0	0	86.5004	33.6478	-5.63512	-17.3289	75.9	83.7	0	0	86.5004	0.960098	143	30	8.71352	2.18244	0	0
21	3	0	0	75.4807	31.2026	16.2614	-18.575	66.2	78.3	0	0	75.4807	0.974234	145	22	17.8897	0.335361	0	0
22	3	0	0	87.238	34.3897	-17.6421	-18.2988	65.2	76.6	0	0	87.238	0.926956	155	30	18.0927	2.79395	0	0
23	3	0	0	91.8628	35.169	27.2731	-21.0793	56.4	69.3	0	0	91.8628	0.933315	153	30	28.1092	0.120659	0	0
24	3	0	0	71.7418	30.9196	-29.3587	-20.8454	55.3	67.4	0	0	71.7418	0.943007	141	22	28.9538	3.01633	0	0
25	3	1	0	79.0413	32.275	38.1701	-24.3435	48	60	0	0	79.0413	0.953524	155	30	38.8021	0.00307257	0	0
26	3	1	0	76.3713	31.8497	-39.6623	-23.9764	47.2	58.5	0	0	76.3713	0.946084	152	30	39.0336	3.12913	0	0
27	4	0	0	73.4653	30.8219	-0.00436948	-25.6731	94.2	97.9	0	0	73.4653	0.971794	139	22	1.36338	-1.09263	0	0
28	4	0	0	73.9539	30.9444	10.5912	-26.6463	85.8	91.2	0	0	73.9539	0.970526	140	22	11.4334	-0.192164	0	0
29	4	0	0	87.947	34.2655	-11.6344	-25.9201	85.5	89.5	0	0	87.947	0.941277	148	30	11.0988	-3.0099	0	0
30	4	0	0	89.4008	34.6185	21.3754	-28.4927	75.4	78.9	0	0	89.4008	0.937419	146	30	22.3731	-0.181116	0	0
31	4	0	0	83.7648	33.5143	-23.484	-27.5829	74.4	76.6	0	0	83.7648	0.937152	142	30	23.0643	-3.0059	0	0
32	4	1	0	78.4976	32.1394	32.3464	-31.1454	66.4	67.2	0	0	78.4976	0.954973	150	30	33.6485	-0.199933	0	0
33	4	1	0	80.1845	32.4773	-33.9021	-30.5392	65.9	65.9	0	0	80.1845	0.955301	158	30	33.8207	-2.96094	0	0
34	5	0	0	89.9071	34.3627	4.94005	-34.6525	82.4	101.6	0	0	89.9071	0.956819	151	30	11.6136	-1.07041	0	0
35	5	0	0	88.7207	34.1686	-6.50723	-34.3264	81.7	98.6	0	0	88.7207	0.954949	155	30	11.481	-2.10803	0	0
36	5	0	0	76.1337	31.5075	15.9632	-36.1542	75.4	85.8	0	0	76.1337	0.963735	142	22	20.2998	-0.613756	0	0
37	5	0	0	87.2541	34.0235	-17.8608	-35.0003	75	84.1	0	0	87.2541	0.94719	151	30	20.1961	-2.59267	0	0
38	5	1	0	80.1354	32.3949	26.1708	-38.0256	67.7	72.8	0	0	80.1354	0.959578	152	30	30.0388	-0.468463	0	0
39	5	1	0	57.7886	27.501	-27.9986	-36.7499	67.6	71.8	0	0	57.7886	0.960186	140	22	29.9986	-2.71959	0	0
40	6	0	0	94.4795	35.4212	-2.04606	-43.3867	73.5	90.1	0	0	94.4795	0.946284	148	30	18.9768	-1.64539	0	0
41	6	0	0	99.138	36.5625	9.46471	-44.6531	71.7	85.9	0	0	99.138	0.931921	162	30	22.5741	-1.1071	0	0
42	6	0	0	72.5087	30.7809	-13.1944	-43.1584	70.9	83.5	0	0	72.5087	0.961693	141	22	22.5245	-2.16245	0	0
43	6	1	0	76.6486	31.846	20.6479	-45.3296	66.7	75.1	0	0	76.6486	0.949741	154	30	29.8035	-0.775607	0	0
44	6	1	0	57.7523	27.4572	-23.1095	-43.3272	66.5	73.9	0	0	57.7523	0.962645	140	22	29.3448	-2.44337	0	0
45	7	0	0	83.9137	33.9932	-0.272135	-52.5938	65.2	76.9	0	0	83.9137	0.912553	142	22	28.1334	-1.55801	0	0
46	7	0	0	91.6997	35.6066	9.15621	-54.0553	64	74.4	0	0	91.6997	0.908903	147	30	31.1693	-1.25137	0	0
47	7	0	0	79.6875	32.7662	-10.2019	-51.5865	64.6	75.3	0	0	79.6875	0.932715	138	22	28.7627	-1.90999	0	0
48	7	1	0	76.161	32.246	18.2324	-53.2294	62	69.9	0	0	76.161	0.920429	142	30	34.4003	-0.990381	0	0
49	7	1	0	81.5012	33.0254	-19.749	-50.8717	62.6	70.4	0	0	81.5012	0.939027	156	30	32.6022	-2.19738	0	0
