# CellID	Layer	Boundary	Stem	Area	Perimeter	CenterX	CenterY	WUS	CK	Neighbors	IsDividing	Volume	Circularity	WallNodeCount	CytNodeCount	CenterDist	CenterAngle	IsBuffer	ThetaLocal
# Units	-	-	-	-	um^2	um	um	um	-	-	count	-	um^3	-	count	count	um	rad	-	rad
0	1	1	0	85.423	33.621	5.60371	0.0208457	58.7	0	0	0	85.423	0.949651	144	22	25.1189	1.32035	0	1.57747
1	1	1	0	110.896	38.4289	-6.24621	0.0998554	58.5	0	0	0	110.896	0.943648	157	30	25.0538	1.79723	0	1.56413
2	1	1	0	112.327	38.8362	17.7318	-1.17251	55.3	0	0	0	112.327	0.935878	158	30	29.5364	0.900287	0	1.63937
3	1	1	0	106.219	37.5224	-18.2053	-1.48112	55.1	0	0	0	106.219	0.948053	156	30	28.8192	2.22703	0	1.6562
4	1	1	0	85.938	33.9547	29.6389	-3.84201	50.2	0	0	0	85.938	0.936691	140	22	36.5352	0.594805	0	1.70078
5	1	1	0	83.9438	33.4596	-29.7796	-3.94611	49.7	0	0	0	83.9438	0.942229	157	22	35.5676	2.53184	0	1.70544
6	1	1	0	107.009	38.6527	40.9189	-7.82885	44.6	0	0	0	107.009	0.90006	154	30	44.6922	0.377792	0	1.7603
7	1	1	0	104.164	37.7107	-41.1171	-7.83803	44.1	0	0	0	104.164	0.920448	152	30	43.719	2.75518	0	1.76151
8	1	1	0	83.8917	33.0972	49.77	-13.1265	39.9	0	0	0	83.8917	0.962381	148	30	51.6187	0.218475	0	1.82875
9	1	1	0	63.5012	28.7857	-50.4051	-12.9639	39.6	0	0	0	63.5012	0.963027	140	22	51.061	2.91743	0	1.82465
10	2	0	0	87.4743	33.9486	0.0849681	-8.10742	68.1	0	0	0	87.4743	0.953776	156	30	16.2224	1.52723	0	0
11	2	0	0	86.6692	33.7689	11.4089	-8.73487	64.9	0	0	0	86.6692	0.955081	146	30	19.6839	0.913236	0	0
12	2	0	0	87.2715	34.0172	-11.841	-9.02438	64.7	0	0	0	87.2715	0.947734	154	30	18.9647	2.20383	0	0
13	2	0	0	89.7849	34.3989	22.9015	-10.694	57.9	0	0	0	89.7849	0.953506	154	30	27.1819	0.524852	0	0
14	2	0	0	84.7257	33.5668	-23.7267	-10.9104	57.2	0	0	0	84.7257	0.944942	148	30	26.7116	2.61591	0	0
15	2	0	0	88.3858	34.7724	34.2823	-14.0739	50.3	0	0	0	88.3858	0.918591	149	30	36.3752	0.285384	0	0
16	2	0	0	84.1767	34.0523	-35.1377	-14.1026	49.7	0	0	0	84.1767	0.912242	151	30	35.995	2.85394	0	0
17	2	1	0	59.3681	28.2394	44.3693	-18.6532	43.5	0	0	0	59.3681	0.93552	142	22	45.3457	0.125171	0	0
18	2	1	0	56.2879	27.497	-45.2927	-18.0001	42.9	0	0	0	56.2879	0.935524	138	22	45.1151	3.00117	0	0
19	3	0	0	89.2791	34.2023	5.69844	-17.2805	76.3	84.5	0	0	89.2791	0.959065	152	30	9.45612	0.838799	0	0
20	3	0	0	86.8625	33.7009	-5.64378	-17.1302	75.9	83.7	0	0	86.8625	0.961079	143	30	8.76552	2.18089	0	0
21	3	0	0	75.9108	31.284	16.2937	-18.4117	66.2	78.3	0	0	75.9108	0.974696	145	22	17.9156	0.335743	0	0
22	3	0	0	87.6124	34.4762	-17.6378	-18.1095	65.2	76.6	0	0	87.6124	0.926267	155	30	18.1121	2.79193	0	0
23	3	0	0	91.9403	35.0857	27.2406	-20.913	56.4	69.3	0	0	91.9403	0.938547	153	30	28.0691	0.121478	0	0
24	3	0	0	71.7303	30.9114	-29.3382	-20.7065	55.3	67.4	0	0	71.7303	0.943353	141	22	28.9423	3.01661	0	0
25	3	1	0	79.0528	32.2823	38.0753	-24.1956	48	60	0	0	79.0528	0.95323	155	30	38.6971	0.00306907	0	0
26	3	1	0	76.6328	31.9003	-39.6309	-23.8315	47.2	58.5	0	0	76.6328	0.946314	152	30	39.0123	3.12922	0	0
27	4	0	0	74.1424	30.9517	-0.0493219	-25.5639	94.2	97.9	0	0	74.1424	0.972542	139	22	1.37432	-1.14128	0	0
28	4	0	0	74.6062	31.0714	10.552	-26.5085	85.8	91.2	0	0	74.6062	0.971098	140	22	11.387	-0.193896	0	0
29	4	0	0	87.929	34.2277	-11.6309	-25.7638	85.5	89.5	0	0	87.929	0.943162	148	30	11.1043	-3.01069	0	0
30	4	0	0	89.7132	34.6772	21.3556	-28.3862	75.4	78.9	0	0	89.7132	0.937516	146	30	22.3513	-0.183197	0	0
31	4	0	0	84.0125	33.5364	-23.4188	-27.4298	74.4	76.6	0	0	84.0125	0.938688	142	30	23.0091	-3.00578	0	0
32	4	1	0	78.523	32.175	32.3102	-31.0304	66.4	67.2	0	0	78.523	0.953166	150	30	33.6097	-0.201178	0	0
33	4	1	0	80.3661	32.4796	-33.812	-30.4153	65.9	65.9	0	0	80.3661	0.95733	158	30	33.7464	-2.95981	0	0
34	5	0	0	90.4112	34.4571	4.88693	-34.5904	82.4	101.6	0	0	90.4112	0.956918	151	30	11.6593	-1.07872	0	0
35	5	0	0	88.7632	34.1636	-6.57181	-34.2614	81.7	98.6	0	0	88.7632	0.955686	155	30	11.5908	-2.10988	0	0
36	5	0	0	76.292	31.5574	15.9328	-36.034	75.4	85.8	0	0	76.292	0.962687	142	22	20.2829	-0.616038	0	0
37	5	0	0	86.5879	33.8658	-17.8077	-34.8831	75	84.1	0	0	86.5879	0.948733	151	30	20.1757	-2.59025	0	0
38	5	1	0	80.0825	32.3972	26.1856	-37.9275	67.7	72.8	0	0	80.0825	0.958811	152	30	30.0657	-0.46988	0	0
39	5	1	0	57.8746	27.513	-27.8571	-36.6449	67.6	71.8	0	0	57.8746	0.960779	140	22	29.8967	-2.71647	0	0
40	6	0	0	94.0083	35.3609	-2.117	-43.3206	73.5	90.1	0	0	94.0083	0.944776	148	30	19.065	-1.64931	0	0
41	6	0	0	99.6098	36.6139	9.45031	-44.5639	71.7	85.9	0	0	99.6098	0.933727	162	30	22.616	-1.10924	0	0
42	6	0	0	71.8281	30.6101	-13.2319	-43.0902	70.9	83.5	0	0	71.8281	0.96333	141	22	22.6174	-2.16222	0	0
43	6	1	0	76.6506	31.8587	20.6581	-45.1977	66.7	75.1	0	0	76.6506	0.949008	154	30	29.8151	-0.775997	0	0
44	6	1	0	57.5789	27.4062	-23.03	-43.2568	66.5	73.9	0	0	57.5789	0.963331	140	22	29.3419	-2.43982	0	0
45	7	0	0	84.2029	34.0566	-0.323373	-52.4834	65.2	76.9	0	0	84.2029	0.912293	142	22	28.1706	-1.56021	0	0
46	7	0	0	91.7887	35.6666	9.15363	-54.0021	64	74.4	0	0	91.7887	0.906725	147	30	31.2557	-1.25271	0	0
47	7	0	0	79.4494	32.702	-10.246	-51.5019	64.6	75.3	0	0	79.4494	0.933583	138	22	28.8408	-1.91103	0	0
48	7	1	0	75.801	32.1934	18.2543	-53.0953	62	69.9	0	0	75.801	0.919075	142	30	34.4186	-0.990319	0	0
49	7	1	0	80.9974	32.9364	-19.7415	-50.811	62.6	70.4	0	0	80.9974	0.938272	156	30	32.6748	-2.19587	0	0
