# CellID	NodeIndex	X	Y	R	Theta
8	0	55.0455	-11.3496	52.0742	0.0383606
8	1	55.2362	-11.1677	52.2721	0.0416974
8	2	55.4166	-10.9738	52.4606	0.0452464
8	3	55.5842	-10.7694	52.6377	0.0489824
8	4	55.7387	-10.5568	52.8028	0.0528597
8	5	55.8814	-10.3379	52.9573	0.0568454
8	6	56.0136	-10.1128	53.1026	0.0609362
8	7	56.1358	-9.88051	53.2391	0.0651514
8	8	56.2465	-9.64004	53.3657	0.0695129
8	9	56.3436	-9.39165	53.4804	0.0740202
8	10	56.4257	-9.1373	53.5817	0.0786408
8	11	56.4934	-8.87938	53.6701	0.0833324
8	12	56.5487	-8.61906	53.7474	0.0880735
8	13	56.5928	-8.35596	53.8151	0.0928713
8	14	56.6257	-8.08898	53.8733	0.0977492
8	15	56.6455	-7.81755	53.9202	0.102723
8	16	56.6502	-7.54274	53.9537	0.107781
8	17	56.6392	-7.26698	53.9731	0.112882
8	18	56.614	-6.99212	53.9797	0.117995
8	19	56.5767	-6.71819	53.9756	0.123116
8	20	56.528	-6.44391	53.9617	0.128271
8	21	56.4662	-6.16822	53.9364	0.133487
8	22	56.3882	-5.89186	53.8967	0.138761
8	23	56.2923	-5.61796	53.8403	0.144046
8	24	56.1801	-5.34984	53.7685	0.149281
8	25	56.0551	-5.08804	53.6845	0.15445
8	26	55.9195	-4.83073	53.5909	0.159583
8	27	55.773	-4.57615	53.4874	0.164717
8	28	55.6132	-4.32448	53.3717	0.16986
8	29	55.4387	-4.0783	53.242	0.174971
8	30	55.2508	-3.84038	53.099	0.18
8	31	55.0525	-3.61084	52.9457	0.184936
8	32	54.8453	-3.38762	52.7837	0.189814
8	33	54.628	-3.16934	52.6122	0.194668
8	34	54.3983	-2.95714	52.4284	0.199486
8	35	54.1555	-2.7543	52.2313	0.204214
8	36	53.9027	-2.56265	52.0231	0.208807
8	37	53.6423	-2.38057	51.8066	0.213287
8	38	53.374	-2.2057	51.5819	0.217701
8	39	53.0951	-2.03846	51.3462	0.222055
8	40	52.8042	-1.88269	51.0972	0.226282
8	41	52.5044	-1.74214	50.837	0.2303
8	42	52.223	-1.62945	50.589	0.233738
8	43	51.9714	-1.54865	50.3632	0.236456
8	44	51.7397	-1.49246	50.1513	0.238627
8	45	51.5196	-1.45556	49.9461	0.240387
8	46	51.3042	-1.43571	49.7417	0.241805
8	47	51.0902	-1.43748	49.5336	0.242805
8	48	50.888	-1.48175	49.3266	0.24292
8	49	50.6913	-1.56974	49.1145	0.242144
8	50	50.494	-1.65462	48.9027	0.241426
8	51	50.3027	-1.74778	48.6947	0.240508
8	52	50.1166	-1.84445	48.4909	0.239486
8	53	49.9349	-1.94259	48.2911	0.238405
8	54	49.7564	-2.04427	48.0937	0.237227
8	55	49.5804	-2.14897	47.898	0.235965
8	56	49.4068	-2.25694	47.7041	0.234615
8	57	49.2363	-2.36789	47.5126	0.233178
8	58	49.0688	-2.48661	47.3222	0.231555
8	59	48.9056	-2.61135	47.1348	0.229774
8	60	48.7483	-2.74105	46.9522	0.227848
8	61	48.5955	-2.87189	46.7739	0.22586
8	62	48.4481	-3.00387	46.6007	0.223809
8	63	48.3032	-3.13364	46.4308	0.221776
8	64	48.1615	-3.26889	46.2629	0.219598
8	65	48.0199	-3.40569	46.095	0.217371
8	66	47.8828	-3.54765	45.9306	0.214996
8	67	47.7465	-3.68938	45.7674	0.212606
8	68	47.6178	-3.83482	45.611	0.210085
8	69	47.4916	-3.98288	45.4568	0.207478
8	70	47.375	-4.13631	45.3113	0.204695
8	71	47.2623	-4.28867	45.1702	0.201899
8	72	47.1584	-4.44294	45.0377	0.199006
8	73	47.0587	-4.59619	44.9098	0.1961
8	74	46.964	-4.75229	44.7867	0.193093
8	75	46.8703	-4.90987	44.6647	0.190033
8	76	46.792	-5.07738	44.5564	0.186673
8	77	46.7186	-5.25027	44.4526	0.183158
8	78	46.6704	-5.44214	44.3705	0.179104
8	79	46.6311	-5.64571	44.296	0.17474
8	80	46.6194	-5.84586	44.2501	0.170332
8	81	46.6199	-6.04268	44.2177	0.165943
8	82	46.6486	-6.23658	44.2144	0.16151
8	83	46.6939	-6.43177	44.2282	0.15699
8	84	46.7536	-6.62372	44.2576	0.152495
8	85	46.8166	-6.81441	44.2914	0.148024
8	86	46.8831	-7.00353	44.3296	0.143583
8	87	46.9512	-7.19256	44.3705	0.139147
8	88	47.0211	-7.38142	44.4139	0.134717
8	89	47.0911	-7.5701	44.4583	0.1303
8	90	47.1631	-7.7586	44.5057	0.125891
8	91	47.2374	-7.94731	44.5561	0.12148
8	92	47.3143	-8.1345	44.6102	0.117105
8	93	47.3901	-8.32065	44.6642	0.112768
8	94	47.4666	-8.50486	44.7199	0.108482
8	95	47.5456	-8.68658	44.7791	0.104257
8	96	47.625	-8.86672	44.8398	0.100077
8	97	47.702	-9.04596	44.8989	0.0959335
8	98	47.783	-9.22656	44.9626	0.0917627
8	99	47.8677	-9.40663	45.0308	0.0876084
8	100	47.9538	-9.58547	45.1013	0.0834913
8	101	48.0392	-9.76323	45.172	0.0794122
8	102	48.1272	-9.93803	45.2462	0.0754066
8	103	48.2143	-10.1119	45.3203	0.0714352
8	104	48.2988	-10.2863	45.3925	0.0674716
8	105	48.3865	-10.4581	45.4687	0.0635712
8	106	48.4747	-10.628	45.5463	0.0597249
8	107	48.5669	-10.7995	45.6285	0.055852
8	108	48.6606	-10.9717	45.7127	0.0519776
8	109	48.7568	-11.1416	45.8003	0.0481633
8	110	48.8543	-11.3084	45.89	0.0444308
8	111	48.9516	-11.4692	45.9803	0.040844
8	112	49.0466	-11.6253	46.0692	0.0373729
8	113	49.1428	-11.7756	46.16	0.0340426
8	114	49.2399	-11.9208	46.2522	0.0308338
8	115	49.3446	-12.0561	46.353	0.0278447
8	116	49.4387	-12.1956	46.4434	0.0247868
8	117	49.5594	-12.2978	46.5616	0.0225278
8	118	49.7167	-12.3687	46.7173	0.0209358
8	119	49.8776	-12.4518	46.8766	0.01909
8	120	50.0601	-12.5218	47.0577	0.0175288
8	121	50.2692	-12.5809	47.2658	0.0162011
8	122	50.51	-12.6296	47.5059	0.0150957
8	123	50.7898	-12.6671	47.785	0.014221
8	124	51.0684	-12.693	48.0633	0.0136002
8	125	51.3466	-12.7086	48.3412	0.0131994
8	126	51.6254	-12.7126	48.6199	0.0130421
8	127	51.9046	-12.7021	48.8993	0.0131821
8	128	52.1821	-12.6749	49.1771	0.0136603
8	129	52.4548	-12.6314	49.4503	0.0144641
8	130	52.7211	-12.5742	49.7175	0.0155369
8	131	52.9816	-12.5057	49.9791	0.0168265
8	132	53.2378	-12.4265	50.2366	0.0183183
8	133	53.4901	-12.3351	50.4906	0.0200353
8	134	53.7375	-12.2298	50.7402	0.0220133
8	135	53.9776	-12.1098	50.983	0.024263
8	136	54.2082	-11.9767	51.2169	0.0267523
8	137	54.429	-11.833	51.4417	0.0294284
8	138	54.6414	-11.6808	51.6587	0.0322539
8	139	54.8468	-11.52	51.8694	0.0352236
9	0	-40.3793	0.801134	45.6372	2.82639
9	1	-40.4832	0.953338	45.7833	2.82394
9	2	-40.5899	1.10557	45.9323	2.82151
9	3	-40.7037	1.25394	46.0872	2.81923
9	4	-40.82	1.39952	46.2437	2.81705
9	5	-40.9383	1.54027	46.4009	2.81498
9	6	-41.0596	1.67793	46.56	2.81302
9	7	-41.1824	1.81194	46.7196	2.81115
9	8	-41.3046	1.94295	46.8778	2.80936
9	9	-41.4304	2.073	47.0392	2.80761
9	10	-41.5572	2.20286	47.2016	2.8059
9	11	-41.6858	2.33004	47.365	2.80425
9	12	-41.8185	2.45846	47.5327	2.80263
9	13	-41.9557	2.58418	47.704	2.8011
9	14	-42.093	2.70811	47.8749	2.79962
9	15	-42.2307	2.82697	48.0445	2.79825
9	16	-42.3714	2.94518	48.2168	2.79692
9	17	-42.5155	3.05968	48.3911	2.7957
9	18	-42.6602	3.17224	48.5655	2.79453
9	19	-42.8068	3.28029	48.7401	2.79347
9	20	-42.9537	3.38488	48.9139	2.79248
9	21	-43.1028	3.48301	49.0876	2.79164
9	22	-43.2536	3.57178	49.2597	2.791
9	23	-43.3977	3.66651	49.4276	2.7902
9	24	-43.5593	3.72218	49.5985	2.79027
9	25	-43.7495	3.74254	49.7841	2.7912
9	26	-43.9491	3.73904	49.9704	2.79264
9	27	-44.163	3.72201	50.1657	2.79441
9	28	-44.3992	3.6895	50.3769	2.79662
9	29	-44.6679	3.64039	50.6133	2.79932
9	30	-44.9811	3.56924	50.8847	2.80271
9	31	-45.2944	3.48403	51.1522	2.80631
9	32	-45.6046	3.38163	51.4118	2.81018
9	33	-45.9053	3.26463	51.6586	2.81422
9	34	-46.1961	3.13744	51.8934	2.81834
9	35	-46.4795	3.0023	52.1197	2.82253
9	36	-46.7572	2.85798	52.3386	2.82681
9	37	-47.0283	2.70193	52.5486	2.83123
9	38	-47.2896	2.53385	52.7466	2.83578
9	39	-47.5394	2.35645	52.9319	2.84039
9	40	-47.779	2.17213	53.1067	2.84505
9	41	-48.0104	1.9808	53.2726	2.84975
9	42	-48.2334	1.78062	53.4292	2.85454
9	43	-48.4457	1.5706	53.574	2.85942
9	44	-48.6451	1.35237	53.7054	2.86436
9	45	-48.8319	1.12854	53.8244	2.86931
9	46	-49.0077	0.900156	53.933	2.87426
9	47	-49.1737	0.666337	54.032	2.87925
9	48	-49.3287	0.425728	54.12	2.88428
9	49	-49.4704	0.178518	54.1949	2.88936
9	50	-49.5977	-0.0731339	54.256	2.89444
9	51	-49.7115	-0.327018	54.305	2.89948
9	52	-49.8137	-0.58255	54.3435	2.9045
9	53	-49.9049	-0.84059	54.3723	2.90951
9	54	-49.9843	-1.10214	54.3901	2.91452
9	55	-50.0498	-1.36693	54.3949	2.91954
9	56	-50.1002	-1.6331	54.3862	2.92451
9	57	-50.1363	-1.89858	54.3649	2.92943
9	58	-50.1599	-2.16264	54.333	2.93427
9	59	-50.1721	-2.42592	54.2914	2.93906
9	60	-50.1723	-2.6894	54.2392	2.94382
9	61	-50.1587	-2.95312	54.1746	2.94854
9	62	-50.1293	-3.21545	54.0961	2.9532
9	63	-50.0842	-3.47386	54.0039	2.95774
9	64	-50.0253	-3.72668	53.9003	2.96215
9	65	-49.9547	-3.97392	53.7873	2.96644
9	66	-49.8737	-4.21659	53.6657	2.97063
9	67	-49.7817	-4.4555	53.5348	2.97474
9	68	-49.6775	-4.69035	53.3934	2.97875
9	69	-49.5598	-4.9196	53.2405	2.98264
9	70	-49.429	-5.14124	53.0767	2.98637
9	71	-49.2868	-5.3542	52.9036	2.98994
9	72	-49.1349	-5.55879	52.7229	2.99334
9	73	-48.9739	-5.75597	52.5348	2.9966
9	74	-48.8032	-5.94621	52.3387	2.99972
9	75	-48.6217	-6.12878	52.1334	3.0027
9	76	-48.429	-6.3019	51.9188	3.00548
9	77	-48.2261	-6.46382	51.696	3.00806
9	78	-48.015	-6.61413	51.4668	3.0104
9	79	-47.7971	-6.75374	51.2327	3.01255
9	80	-47.5728	-6.8838	50.9936	3.01451
9	81	-47.3411	-7.00449	50.7486	3.01629
9	82	-47.1012	-7.11457	50.4969	3.01786
9	83	-46.8534	-7.2121	50.239	3.01918
9	84	-46.5995	-7.2959	49.9768	3.02022
9	85	-46.3415	-7.36657	49.7121	3.02101
9	86	-46.08	-7.42575	49.4454	3.02156
9	87	-45.8144	-7.47438	49.1759	3.02189
9	88	-45.5432	-7.51155	48.9022	3.02199
9	89	-45.266	-7.53462	48.6243	3.02178
9	90	-44.9849	-7.5409	48.3444	3.02121
9	91	-44.7032	-7.5306	48.066	3.02029
9	92	-44.4235	-7.50449	47.7915	3.01904
9	93	-44.181	-7.46649	47.5555	3.01763
9	94	-43.9674	-7.41522	47.35	3.01599
9	95	-43.7717	-7.36189	47.1626	3.01435
9	96	-43.5909	-7.29101	46.9924	3.01237
9	97	-43.4166	-7.21187	46.8298	3.01021
9	98	-43.2744	-7.08748	46.7053	3.00717
9	99	-43.146	-6.92325	46.6004	3.00331
9	100	-43.0321	-6.74626	46.5124	2.99921
9	101	-42.9165	-6.57173	46.4231	2.99513
9	102	-42.806	-6.39614	46.3398	2.99103
9	103	-42.6989	-6.22233	46.2603	2.98697
9	104	-42.5949	-6.05124	46.1844	2.98297
9	105	-42.4904	-5.885	46.1078	2.97905
9	106	-42.3879	-5.72017	46.0337	2.97515
9	107	-42.287	-5.55659	45.9616	2.97128
9	108	-42.1866	-5.3919	45.8909	2.96737
9	109	-42.0862	-5.22726	45.821	2.96345
9	110	-41.9894	-5.06149	45.7554	2.95951
9	111	-41.8939	-4.89665	45.6917	2.95559
9	112	-41.7977	-4.73436	45.6275	2.9517
9	113	-41.7052	-4.57212	45.5677	2.94782
9	114	-41.6117	-4.41262	45.5069	2.94399
9	115	-41.5169	-4.25576	45.4451	2.94019
9	116	-41.4262	-4.09918	45.3878	2.93641
9	117	-41.3341	-3.94091	45.3302	2.93258
9	118	-41.2431	-3.781	45.2748	2.92871
9	119	-41.1546	-3.62001	45.2226	2.92482
9	120	-41.0684	-3.45893	45.1734	2.92092
9	121	-40.9809	-3.29998	45.1231	2.91706
9	122	-40.8954	-3.14155	45.0754	2.91321
9	123	-40.8137	-2.98307	45.032	2.90937
9	124	-40.7323	-2.82681	44.9891	2.90558
9	125	-40.6498	-2.66852	44.9463	2.90172
9	126	-40.5703	-2.50779	44.9076	2.89783
9	127	-40.4939	-2.34641	44.8727	2.89392
9	128	-40.419	-2.18666	44.8396	2.89006
9	129	-40.3467	-2.02902	44.8092	2.88625
9	130	-40.2778	-1.8737	44.782	2.88251
9	131	-40.2127	-1.72086	44.7585	2.87883
9	132	-40.1517	-1.5703	44.7391	2.87523
9	133	-40.0989	-1.42068	44.7278	2.87169
9	134	-40.0492	-1.27196	44.7197	2.86819
9	135	-40.0046	-1.12343	44.7172	2.86472
9	136	-39.972	-0.973599	44.727	2.8613
9	137	-39.9373	-0.82568	44.7349	2.85791
9	138	-39.9233	-0.674744	44.7639	2.85459
9	139	-39.9101	-0.52113	44.7951	2.85121
9	140	-39.9196	-0.357749	44.8512	2.84778
9	141	-39.9433	-0.187729	44.9234	2.84431
9	142	-39.9843	-0.00815853	45.0155	2.84077
9	143	-40.0394	0.163532	45.1192	2.83749
9	144	-40.1112	0.326875	45.2368	2.83452
9	145	-40.1894	0.489265	45.3606	2.83163
9	146	-40.2845	0.64431	45.4986	2.82902
17	0	48.5979	-13.1285	45.5888	0.00478476
17	1	48.6539	-12.9193	45.6463	0.00936366
17	2	48.6903	-12.7126	45.6851	0.0138786
17	3	48.6937	-12.5075	45.6918	0.0183663
17	4	48.6469	-12.2982	45.6494	0.02297
17	5	48.5594	-12.0803	45.5674	0.0277942
17	6	48.4638	-11.8651	45.4783	0.0325832
17	7	48.3668	-11.6523	45.3888	0.0373395
17	8	48.2714	-11.4428	45.3018	0.0420382
17	9	48.1769	-11.238	45.2165	0.0466507
17	10	48.0832	-11.0371	45.1327	0.0511943
17	11	47.9877	-10.8369	45.0481	0.0557416
17	12	47.8931	-10.6347	44.9654	0.0603498
17	13	47.7962	-10.4313	44.8814	0.0650018
17	14	47.6966	-10.2276	44.7957	0.0696859
17	15	47.5942	-10.0268	44.708	0.0743247
17	16	47.4953	-9.82536	44.6248	0.078991
17	17	47.404	-9.62314	44.5503	0.0836778
17	18	47.3171	-9.41964	44.4812	0.0884
17	19	47.2251	-9.21776	44.4079	0.0931113
17	20	47.1339	-9.01465	44.3365	0.0978637
17	21	47.0435	-8.81102	44.2669	0.102641
17	22	46.9482	-8.61028	44.1931	0.107381
17	23	46.8563	-8.41121	44.1236	0.11209
17	24	46.7653	-8.21325	44.0558	0.116786
17	25	46.6729	-8.01891	43.9872	0.121419
17	26	46.5809	-7.82599	43.9197	0.126033
17	27	46.4877	-7.63458	43.8517	0.13063
17	28	46.3925	-7.44539	43.7824	0.135198
17	29	46.296	-7.26178	43.712	0.139657
17	30	46.1988	-7.08338	43.641	0.144016
17	31	46.0969	-6.91117	43.5652	0.148263
17	32	45.9972	-6.74347	43.4918	0.152416
17	33	45.8922	-6.5823	43.4128	0.156452
17	34	45.784	-6.42395	43.3309	0.160451
17	35	45.66	-6.27449	43.2328	0.164322
17	36	45.5165	-6.13267	43.1147	0.168112
17	37	45.3478	-6.00195	42.9705	0.171768
17	38	45.155	-5.87858	42.8019	0.175378
17	39	44.957	-5.7757	42.6252	0.178565
17	40	44.7531	-5.69197	42.4395	0.181359
17	41	44.5424	-5.62562	42.2443	0.183804
17	42	44.327	-5.57135	42.0427	0.186009
17	43	44.1083	-5.52557	41.8362	0.188052
17	44	43.8862	-5.48647	41.6255	0.189972
17	45	43.661	-5.45426	41.4105	0.191763
17	46	43.4341	-5.43112	41.1922	0.193364
17	47	43.2074	-5.41742	40.9723	0.194756
17	48	42.9826	-5.412	40.7529	0.195953
17	49	42.7605	-5.413	40.5349	0.196996
17	50	42.5405	-5.4192	40.3179	0.197913
17	51	42.3214	-5.43093	40.1008	0.198701
17	52	42.1023	-5.45087	39.8821	0.199295
17	53	41.8841	-5.48444	39.6615	0.199555
17	54	41.6687	-5.53773	39.4399	0.199313
17	55	41.4542	-5.61424	39.2145	0.198483
17	56	41.2416	-5.71396	38.9864	0.197051
17	57	41.0501	-5.82881	38.7763	0.195113
17	58	40.8791	-5.95981	38.5832	0.192642
17	59	40.7243	-6.10585	38.4035	0.189681
17	60	40.5793	-6.26219	38.2318	0.18638
17	61	40.4398	-6.42529	38.0647	0.182849
17	62	40.3046	-6.59346	37.9014	0.179134
17	63	40.1731	-6.7656	37.7417	0.175267
17	64	40.0456	-6.94006	37.586	0.171288
17	65	39.9238	-7.11685	37.4362	0.167189
17	66	39.8068	-7.29309	37.2918	0.163052
17	67	39.6939	-7.46746	37.1525	0.158913
17	68	39.5837	-7.64249	37.0162	0.154716
17	69	39.4766	-7.81832	36.8836	0.150453
17	70	39.3716	-7.99392	36.7539	0.146157
17	71	39.2708	-8.16949	36.6289	0.141816
17	72	39.176	-8.34911	36.5101	0.137313
17	73	39.088	-8.53029	36.3985	0.132713
17	74	39.0086	-8.71162	36.2962	0.12805
17	75	38.9354	-8.89087	36.2011	0.123397
17	76	38.8693	-9.06852	36.114	0.118741
17	77	38.807	-9.24625	36.0314	0.114048
17	78	38.7546	-9.42697	35.9592	0.109221
17	79	38.7081	-9.61056	35.8935	0.104277
17	80	38.6792	-9.80108	35.8454	0.0990753
17	81	38.6606	-9.99977	35.8077	0.093605
17	82	38.6626	-10.2089	35.7908	0.0877815
17	83	38.6832	-10.4091	35.7943	0.0821594
17	84	38.7242	-10.5987	35.8202	0.0767896
17	85	38.7823	-10.7813	35.8645	0.071589
17	86	38.8463	-10.9619	35.916	0.0664477
17	87	38.9174	-11.1418	35.9754	0.0613275
17	88	38.9905	-11.3247	36.0377	0.0561363
17	89	39.0698	-11.511	36.1069	0.050862
17	90	39.1534	-11.7005	36.1813	0.0455132
17	91	39.2433	-11.8926	36.2629	0.0401073
17	92	39.3366	-12.0851	36.3489	0.034715
17	93	39.4322	-12.2777	36.4383	0.0293391
17	94	39.5292	-12.4713	36.5301	0.0239637
17	95	39.6273	-12.6637	36.624	0.0186498
17	96	39.7258	-12.8562	36.7194	0.0133569
17	97	39.8261	-13.049	36.8177	0.00808548
17	98	39.9291	-13.2412	36.9196	0.00285726
17	99	40.0338	-13.4322	37.0243	-0.00231015
17	100	40.1366	-13.6227	37.128	-0.00743365
17	101	40.2399	-13.8108	37.2332	-0.0124669
17	102	40.3443	-13.9967	37.3403	-0.0174098
17	103	40.4498	-14.1811	37.4495	-0.0222831
17	104	40.5542	-14.3657	37.5584	-0.0271343
17	105	40.6611	-14.5511	37.6708	-0.0319769
17	106	40.7712	-14.738	37.7873	-0.0368282
17	107	40.8837	-14.9253	37.907	-0.0416577
17	108	40.9949	-15.1143	38.0264	-0.0465012
17	109	41.1072	-15.3033	38.1478	-0.0513138
17	110	41.2222	-15.492	38.2728	-0.0560834
17	111	41.3388	-15.6826	38.4003	-0.0608692
17	112	41.4611	-15.8714	38.5343	-0.0655661
17	113	41.6011	-16.0384	38.6852	-0.0696357
17	114	41.77	-16.1652	38.8627	-0.0725905
17	115	41.97	-16.2598	39.0691	-0.0746333
17	116	42.1876	-16.3355	39.2918	-0.0761417
17	117	42.4261	-16.3966	39.5343	-0.0772233
17	118	42.6936	-16.4445	39.8047	-0.0779046
17	119	42.9995	-16.4792	40.1124	-0.0781748
17	120	43.3066	-16.5008	40.4203	-0.078113
17	121	43.6153	-16.5071	40.7284	-0.0776749
17	122	43.9231	-16.495	41.0345	-0.0768003
17	123	44.2266	-16.4651	41.3348	-0.0755151
17	124	44.5245	-16.4203	41.6285	-0.0739014
17	125	44.8181	-16.3623	41.9171	-0.0720051
17	126	45.1089	-16.29	42.202	-0.0698004
17	127	45.3957	-16.2006	42.4821	-0.067231
17	128	45.6751	-16.0936	42.7538	-0.0642933
17	129	45.9446	-15.9716	43.0152	-0.0610613
17	130	46.2049	-15.8381	43.267	-0.0576151
17	131	46.4579	-15.6942	43.5117	-0.0539784
17	132	46.7049	-15.5382	43.7502	-0.0501142
17	133	46.9441	-15.3676	43.981	-0.0459663
17	134	47.1723	-15.1816	44.2008	-0.0415247
17	135	47.3869	-14.9826	44.4074	-0.0368474
17	136	47.5886	-14.7737	44.6018	-0.0320017
17	137	47.7793	-14.556	44.7861	-0.027005
17	138	47.9599	-14.328	44.961	-0.021829
17	139	48.1284	-14.0887	45.1249	-0.0164442
17	140	48.2823	-13.8389	45.2754	-0.0108714
17	141	48.4196	-13.5813	45.4106	-0.00516785
17	142	48.5221	-13.3472	45.5125	-1.11216e-05
18	0	-33.5227	-2.23251	38.1855	2.84626
18	1	-33.6416	-2.06824	38.3473	2.84307
18	2	-33.7648	-1.90998	38.5117	2.84008
18	3	-33.888	-1.75417	38.6758	2.83718
18	4	-34.0148	-1.60343	38.8421	2.83445
18	5	-34.1421	-1.45538	39.0084	2.83182
18	6	-34.2731	-1.31358	39.1764	2.82939
18	7	-34.4048	-1.17674	39.3439	2.82711
18	8	-34.5407	-1.04719	39.5133	2.82506
18	9	-34.677	-0.921835	39.6819	2.82313
18	10	-34.8181	-0.805289	39.8525	2.82146
18	11	-34.9586	-0.689588	40.0223	2.81982
18	12	-35.1106	-0.588302	40.1986	2.81862
18	13	-35.2691	-0.489677	40.3802	2.81755
18	14	-35.4499	-0.411561	40.5764	2.81715
18	15	-35.6449	-0.337405	40.7849	2.81695
18	16	-35.844	-0.290791	40.9885	2.81742
18	17	-36.0441	-0.25605	41.1892	2.81817
18	18	-36.2478	-0.24743	41.3852	2.81953
18	19	-36.452	-0.246124	41.5793	2.82106
18	20	-36.6548	-0.258699	41.7679	2.82287
18	21	-36.8565	-0.272984	41.955	2.8247
18	22	-37.0572	-0.294416	42.1392	2.82667
18	23	-37.2576	-0.317835	42.3225	2.82866
18	24	-37.4581	-0.347093	42.5044	2.83077
18	25	-37.6592	-0.381729	42.6854	2.83298
18	26	-37.86	-0.42482	42.8637	2.83537
18	27	-38.0584	-0.478256	43.0369	2.83794
18	28	-38.2517	-0.544998	43.2016	2.84075
18	29	-38.4387	-0.630045	43.3552	2.8439
18	30	-38.6201	-0.733987	43.4984	2.84741
18	31	-38.7982	-0.857812	43.6333	2.85131
18	32	-38.9593	-0.99096	43.7499	2.85528
18	33	-39.1033	-1.13675	43.8472	2.8594
18	34	-39.2331	-1.297	43.9276	2.86372
18	35	-39.353	-1.46989	43.996	2.86825
18	36	-39.4665	-1.65196	44.0566	2.87292
18	37	-39.5769	-1.83725	44.1144	2.87764
18	38	-39.6857	-2.02321	44.1713	2.88235
18	39	-39.7925	-2.20888	44.2275	2.88702
18	40	-39.8989	-2.39374	44.2844	2.89167
18	41	-40.0038	-2.57976	44.3404	2.89632
18	42	-40.1069	-2.76629	44.3957	2.90096
18	43	-40.2086	-2.95346	44.4503	2.90559
18	44	-40.3119	-3.139	44.5078	2.91019
18	45	-40.4133	-3.32384	44.5646	2.91475
18	46	-40.5136	-3.50748	44.6215	2.91926
18	47	-40.6107	-3.69217	44.676	2.92377
18	48	-40.7126	-3.8729	44.7368	2.92821
18	49	-40.8181	-4.05341	44.8022	2.93265
18	50	-40.9223	-4.23519	44.8668	2.93709
18	51	-41.0285	-4.41654	44.9344	2.94152
18	52	-41.1343	-4.59805	45.0025	2.94594
18	53	-41.2388	-4.77906	45.0703	2.95033
18	54	-41.3413	-4.95993	45.1369	2.9547
18	55	-41.443	-5.13806	45.2042	2.95899
18	56	-41.5413	-5.31706	45.2688	2.96327
18	57	-41.6413	-5.49303	45.3363	2.96748
18	58	-41.7419	-5.66771	45.4056	2.97166
18	59	-41.8391	-5.8434	45.472	2.97583
18	60	-41.935	-6.01772	45.5383	2.97995
18	61	-42.03	-6.18967	45.6047	2.98401
18	62	-42.122	-6.36003	45.6692	2.98801
18	63	-42.2106	-6.52646	45.7316	2.9919
18	64	-42.2943	-6.69076	45.7902	2.99572
18	65	-42.3758	-6.85256	45.8477	2.99947
18	66	-42.4498	-7.015	45.8982	3.0032
18	67	-42.5192	-7.17537	45.9451	3.00687
18	68	-42.5824	-7.33276	45.987	3.01044
18	69	-42.634	-7.48925	46.0179	3.01396
18	70	-42.6866	-7.63712	46.0515	3.01729
18	71	-42.6976	-7.78495	46.0443	3.02051
18	72	-42.6673	-7.94391	45.9953	3.02386
18	73	-42.6444	-8.11185	45.9531	3.02743
18	74	-42.6002	-8.2888	45.8894	3.03115
18	75	-42.5339	-8.48042	45.8027	3.03515
18	76	-42.4419	-8.69299	45.6891	3.03956
18	77	-42.3193	-8.93514	45.543	3.04458
18	78	-42.183	-9.17311	45.3849	3.0495
18	79	-42.0312	-9.40497	45.213	3.0543
18	80	-41.8632	-9.62697	45.0267	3.05889
18	81	-41.6812	-9.83621	44.8285	3.0632
18	82	-41.4885	-10.0327	44.6213	3.06726
18	83	-41.2864	-10.2184	44.4064	3.07109
18	84	-41.0744	-10.3943	44.1828	3.07472
18	85	-40.8508	-10.5598	43.9488	3.07814
18	86	-40.6153	-10.712	43.7044	3.08127
18	87	-40.3703	-10.849	43.4518	3.08408
18	88	-40.1188	-10.9715	43.1938	3.08658
18	89	-39.8619	-11.0815	42.9313	3.08881
18	90	-39.5984	-11.1805	42.6631	3.0908
18	91	-39.3265	-11.2671	42.3871	3.09251
18	92	-39.0456	-11.3377	42.1031	3.09386
18	93	-38.7583	-11.3895	41.8138	3.09477
18	94	-38.4687	-11.4231	41.5229	3.09525
18	95	-38.1781	-11.4416	41.2317	3.09537
18	96	-37.8851	-11.4467	40.9388	3.09517
18	97	-37.5882	-11.4371	40.6427	3.09459
18	98	-37.2883	-11.4099	40.3445	3.09357
18	99	-36.9891	-11.3639	40.0478	3.09206
18	100	-36.6935	-11.3014	39.7558	3.09012
18	101	-36.439	-11.2316	39.5053	3.08803
18	102	-36.217	-11.1582	39.2876	3.08586
18	103	-36.0172	-11.0799	39.0926	3.08358
18	104	-35.8374	-10.9842	38.9188	3.08085
18	105	-35.6965	-10.8637	38.7856	3.07753
18	106	-35.585	-10.708	38.6847	3.07333
18	107	-35.4793	-10.5425	38.5909	3.06886
18	108	-35.3793	-10.3681	38.5043	3.06416
18	109	-35.2778	-10.1897	38.4173	3.05933
18	110	-35.1812	-10.0074	38.3365	3.05438
18	111	-35.0857	-9.82342	38.2579	3.04937
18	112	-34.9921	-9.63721	38.1823	3.04429
18	113	-34.8977	-9.44917	38.1071	3.03914
18	114	-34.8031	-9.25819	38.0331	3.03389
18	115	-34.7079	-9.06435	37.9598	3.02854
18	116	-34.6136	-8.8681	37.8888	3.02311
18	117	-34.521	-8.67119	37.8207	3.01765
18	118	-34.4291	-8.47618	37.7542	3.01223
18	119	-34.3394	-8.28344	37.6906	3.00685
18	120	-34.2518	-8.09289	37.63	3.00152
18	121	-34.1694	-7.90312	37.5754	2.99621
18	122	-34.0807	-7.71184	37.5158	2.99082
18	123	-33.9866	-7.51895	37.4524	2.98535
18	124	-33.8982	-7.32113	37.3964	2.97976
18	125	-33.8071	-7.12453	37.3388	2.97417
18	126	-33.7154	-6.92947	37.2815	2.9686
18	127	-33.627	-6.73435	37.2285	2.96303
18	128	-33.5384	-6.54046	37.1763	2.95748
18	129	-33.4521	-6.34656	37.1276	2.95192
18	130	-33.3665	-6.1482	37.0815	2.94623
18	131	-33.2812	-5.94716	37.0375	2.94046
18	132	-33.1955	-5.74582	36.9944	2.93466
18	133	-33.1117	-5.54462	36.9543	2.92887
18	134	-33.0303	-5.3438	36.9177	2.92308
18	135	-32.951	-5.14204	36.8847	2.91728
18	136	-32.8776	-4.93855	36.8591	2.91145
18	137	-32.8144	-4.73349	36.8449	2.90564
18	138	-32.7692	-4.52667	36.8499	2.8999
18	139	-32.7464	-4.31852	36.8782	2.89427
18	140	-32.7422	-4.10748	36.9263	2.8887
18	141	-32.7558	-3.89152	36.9941	2.88314
18	142	-32.7876	-3.68733	37.0776	2.87804
18	143	-32.8351	-3.49101	37.1749	2.87327
18	144	-32.9022	-3.30209	37.2901	2.86886
18	145	-32.9863	-3.11608	37.4215	2.86468
18	146	-33.0818	-2.93314	37.5637	2.86069
18	147	-33.1839	-2.752	37.7123	2.85683
18	148	-33.2933	-2.57463	37.8674	2.85314
18	149	-33.4056	-2.40062	38.0248	2.8496
25	0	40.7106	-17.2787	37.9055	-0.103919
25	1	40.7921	-17.066	37.9652	-0.0981247
25	2	40.8581	-16.8683	38.012	-0.092779
25	3	40.8956	-16.675	38.032	-0.0876275
25	4	40.8973	-16.4941	38.0182	-0.0828813
25	5	40.8478	-16.3147	37.9544	-0.0782789
25	6	40.7865	-16.1334	37.8795	-0.0736356
25	7	40.7134	-15.9514	37.7936	-0.0689755
25	8	40.6366	-15.7652	37.7046	-0.0641895
25	9	40.5536	-15.5779	37.6102	-0.0593603
25	10	40.4655	-15.3896	37.5116	-0.0544881
25	11	40.3741	-15.2019	37.4106	-0.0496126
25	12	40.281	-15.0132	37.3086	-0.044684
25	13	40.1856	-14.8221	37.2052	-0.0396685
25	14	40.0895	-14.6299	37.1021	-0.0345949
25	15	39.9914	-14.4373	36.9979	-0.0294821
25	16	39.8903	-14.2457	36.8917	-0.0243716
25	17	39.788	-14.0557	36.7852	-0.0192764
25	18	39.6878	-13.8663	36.6818	-0.0141669
25	19	39.5867	-13.6789	36.5786	-0.00908352
25	20	39.4846	-13.493	36.4752	-0.0040117
25	21	39.3811	-13.3082	36.3715	0.00105878
25	22	39.2792	-13.1233	36.2703	0.00615872
25	23	39.176	-12.9412	36.1687	0.0112093
25	24	39.0708	-12.7609	36.0659	0.0162411
25	25	38.9649	-12.5792	35.9634	0.0213427
25	26	38.8591	-12.3952	35.8621	0.0265331
25	27	38.751	-12.21	35.7595	0.0317924
25	28	38.6389	-12.0243	35.6538	0.0370987
25	29	38.5216	-11.8397	35.544	0.0424095
25	30	38.3995	-11.6571	35.4302	0.0477047
25	31	38.2731	-11.4792	35.3129	0.052908
25	32	38.1414	-11.3087	35.1909	0.0579442
25	33	38.0046	-11.1472	35.064	0.0627684
25	34	37.8583	-10.9977	34.9278	0.0673032
25	35	37.7001	-10.8589	34.7796	0.0715911
25	36	37.5273	-10.7307	34.6166	0.0756429
25	37	37.3438	-10.6184	34.4424	0.0792949
25	38	37.1543	-10.5268	34.261	0.0823998
25	39	36.958	-10.4556	34.0713	0.0849542
25	40	36.754	-10.4046	33.8724	0.0869667
25	41	36.5465	-10.3663	33.669	0.088636
25	42	36.3379	-10.3373	33.4639	0.0900491
25	43	36.1302	-10.3131	33.2593	0.0913368
25	44	35.9234	-10.2938	33.0551	0.0924887
25	45	35.7173	-10.276	32.8515	0.0936065
25	46	35.5109	-10.2652	32.647	0.0945286
25	47	35.3055	-10.2582	32.4432	0.0953397
25	48	35.1026	-10.2583	32.2413	0.0959364
25	49	34.9038	-10.2614	32.043	0.0964336
25	50	34.7082	-10.2718	31.8473	0.096701
25	51	34.5164	-10.2861	31.655	0.0968364
25	52	34.328	-10.3048	31.4658	0.0968243
25	53	34.1422	-10.3279	31.2786	0.0966615
25	54	33.957	-10.353	31.0918	0.0964352
25	55	33.7737	-10.391	30.9058	0.0957799
25	56	33.5895	-10.4286	30.7188	0.0951361
25	57	33.4114	-10.4931	30.5355	0.0935875
25	58	33.2333	-10.5678	30.3512	0.0916868
25	59	33.0575	-10.6666	30.1672	0.0889584
25	60	32.8976	-10.7717	29.9987	0.085942
25	61	32.7573	-10.8878	29.8491	0.0824706
25	62	32.6291	-11.0136	29.7112	0.0786063
25	63	32.5126	-11.1494	29.5847	0.0743372
25	64	32.3969	-11.287	29.4593	0.0699733
25	65	32.2854	-11.4308	29.3384	0.0653479
25	66	32.1759	-11.5792	29.2198	0.060524
25	67	32.0709	-11.733	29.106	0.0554701
25	68	31.9677	-11.8927	28.9946	0.0501659
25	69	31.8685	-12.0577	28.8876	0.0446357
25	70	31.7741	-12.2257	28.7863	0.03895
25	71	31.6847	-12.3946	28.6909	0.0331911
25	72	31.5949	-12.5665	28.596	0.0272866
25	73	31.5061	-12.7413	28.5029	0.0212384
25	74	31.4181	-12.9179	28.4117	0.0150917
25	75	31.3348	-13.0962	28.3263	0.00884086
25	76	31.2514	-13.2782	28.2419	0.00242497
25	77	31.1729	-13.4632	28.1636	-0.00413807
25	78	31.0981	-13.6481	28.0901	-0.0107319
25	79	31.0276	-13.8356	28.0222	-0.0174493
25	80	30.9583	-14.0237	27.9569	-0.024218
25	81	30.8941	-14.214	27.898	-0.0310951
25	82	30.8313	-14.4064	27.8419	-0.038073
25	83	30.7792	-14.603	27.798	-0.0452112
25	84	30.7353	-14.8013	27.7638	-0.052417
25	85	30.7117	-15.0019	27.7515	-0.0596801
25	86	30.7033	-15.2045	27.7559	-0.0669844
25	87	30.7161	-15.4101	27.7832	-0.0743361
25	88	30.7472	-15.6209	27.8306	-0.0818074
25	89	30.7976	-15.8223	27.898	-0.0888568
25	90	30.8637	-16.017	27.9818	-0.0955762
25	91	30.949	-16.2067	28.0854	-0.102012
25	92	31.0464	-16.3951	28.2021	-0.108305
25	93	31.1535	-16.5828	28.3294	-0.114484
25	94	31.2676	-16.7705	28.4647	-0.120575
25	95	31.3853	-16.9559	28.6043	-0.126516
25	96	31.5024	-17.1394	28.7441	-0.132334
25	97	31.6191	-17.3196	28.884	-0.137984
25	98	31.7369	-17.4959	29.0253	-0.143442
25	99	31.8545	-17.6701	29.1671	-0.148777
25	100	31.9699	-17.8446	29.3075	-0.154084
25	101	32.0854	-18.0179	29.4486	-0.159296
25	102	32.2044	-18.191	29.594	-0.164434
25	103	32.3245	-18.3647	29.7413	-0.169535
25	104	32.4442	-18.5353	29.8884	-0.174483
25	105	32.5623	-18.704	30.0344	-0.179333
25	106	32.6794	-18.8716	30.1798	-0.184107
25	107	32.797	-19.0383	30.3263	-0.188799
25	108	32.914	-19.2051	30.4728	-0.193457
25	109	33.033	-19.3696	30.6216	-0.197982
25	110	33.1529	-19.5314	30.7712	-0.20237
25	111	33.2713	-19.6909	30.9196	-0.206654
25	112	33.3881	-19.8483	31.0664	-0.210841
25	113	33.5046	-20.0029	31.213	-0.214904
25	114	33.6214	-20.1526	31.3593	-0.218772
25	115	33.7368	-20.2998	31.504	-0.222537
25	116	33.8563	-20.4388	31.6515	-0.225989
25	117	33.9819	-20.566	31.8025	-0.229
25	118	34.1339	-20.6446	31.9685	-0.230317
25	119	34.3292	-20.6824	32.1672	-0.230075
25	120	34.5339	-20.7313	32.3776	-0.230103
25	121	34.7605	-20.7621	32.6054	-0.229437
25	122	35.0163	-20.7771	32.8578	-0.228112
25	123	35.3105	-20.7778	33.1446	-0.226126
25	124	35.6047	-20.7665	33.4289	-0.223823
25	125	35.9001	-20.7428	33.7119	-0.221192
25	126	36.1966	-20.7038	33.9927	-0.218158
25	127	36.4912	-20.6472	34.2683	-0.214687
25	128	36.7803	-20.5747	34.5356	-0.210852
25	129	37.0635	-20.4895	34.7949	-0.206753
25	130	37.3425	-20.3929	35.0485	-0.202423
25	131	37.6186	-20.2836	35.2973	-0.197817
25	132	37.8901	-20.1591	35.5395	-0.19288
25	133	38.1538	-20.0197	35.7721	-0.187642
25	134	38.4081	-19.8684	35.9942	-0.182196
25	135	38.6545	-19.7079	36.2081	-0.176602
25	136	38.8951	-19.5376	36.4156	-0.170838
25	137	39.1297	-19.3551	36.6164	-0.164837
25	138	39.3552	-19.1585	36.8073	-0.158561
25	139	39.5682	-18.9493	36.9854	-0.152068
25	140	39.7683	-18.7311	37.151	-0.145446
25	141	39.9578	-18.5053	37.3066	-0.138721
25	142	40.1379	-18.2707	37.4534	-0.131852
25	143	40.3071	-18.0257	37.5898	-0.124799
25	144	40.4626	-17.7713	37.7135	-0.117593
25	145	40.6029	-17.5108	37.8233	-0.110319
26	0	-25.6441	-7.54688	29.2348	2.94188
26	1	-25.7363	-7.33449	29.3679	2.93542
26	2	-25.834	-7.12734	29.5065	2.92922
26	3	-25.9353	-6.92536	29.6486	2.92328
26	4	-26.0394	-6.72712	29.7937	2.91754
26	5	-26.1472	-6.53072	29.9429	2.91195
26	6	-26.2581	-6.33639	30.0956	2.9065
26	7	-26.374	-6.14428	30.2535	2.90122
26	8	-26.4942	-5.95764	30.415	2.8962
26	9	-26.6178	-5.7774	30.579	2.89146
26	10	-26.7444	-5.6034	30.7451	2.887
26	11	-26.8711	-5.4347	30.9105	2.88275
26	12	-27.0004	-5.27033	31.0778	2.8787
26	13	-27.1339	-5.10885	31.2489	2.87482
26	14	-27.2719	-4.9527	31.4234	2.87118
26	15	-27.4165	-4.80335	31.6028	2.86785
26	16	-27.5723	-4.66594	31.79	2.86502
26	17	-27.7422	-4.54209	31.9874	2.86274
26	18	-27.9266	-4.43329	32.1947	2.86107
26	19	-28.13	-4.33735	32.4167	2.85996
26	20	-28.3371	-4.26085	32.6369	2.85947
26	21	-28.5499	-4.20299	32.8574	2.85959
26	22	-28.7709	-4.16248	33.081	2.86027
26	23	-28.9961	-4.13424	33.3052	2.86133
26	24	-29.2243	-4.11652	33.5294	2.86271
26	25	-29.4532	-4.10849	33.7518	2.86434
26	26	-29.6811	-4.10905	33.9708	2.8662
26	27	-29.9072	-4.11681	34.1863	2.86821
26	28	-30.132	-4.13083	34.3991	2.87037
26	29	-30.3566	-4.1517	34.61	2.87269
26	30	-30.5815	-4.18194	34.8189	2.87524
26	31	-30.8054	-4.22572	35.0235	2.87813
26	32	-31.025	-4.28791	35.2196	2.88146
26	33	-31.2379	-4.3738	35.4034	2.88535
26	34	-31.4432	-4.48485	35.5742	2.88983
26	35	-31.6317	-4.61319	35.7253	2.89463
26	36	-31.799	-4.75184	35.854	2.89952
26	37	-31.9455	-4.90095	35.9609	2.90452
26	38	-32.0771	-5.06105	36.0517	2.90969
26	39	-32.2021	-5.22901	36.1353	2.91501
26	40	-32.3242	-5.40481	36.2154	2.9205
26	41	-32.4429	-5.58876	36.2914	2.92616
26	42	-32.556	-5.77941	36.3617	2.93195
26	43	-32.665	-5.97536	36.4282	2.93783
26	44	-32.771	-6.17381	36.4925	2.94375
26	45	-32.8771	-6.37552	36.5576	2.94973
26	46	-32.9823	-6.5798	36.6225	2.95575
26	47	-33.0867	-6.78715	36.6875	2.96183
26	48	-33.1901	-6.99668	36.7525	2.96794
26	49	-33.2928	-7.20721	36.8179	2.97406
26	50	-33.3963	-7.41842	36.8854	2.98017
26	51	-33.4989	-7.62935	36.9535	2.98625
26	52	-33.6012	-7.84263	37.0222	2.99237
26	53	-33.7017	-8.05666	37.0905	2.99848
26	54	-33.8004	-8.2705	37.1584	3.00456
26	55	-33.8942	-8.48403	37.2228	3.01058
26	56	-33.9876	-8.69498	37.2885	3.01652
26	57	-34.0816	-8.90467	37.3562	3.0224
26	58	-34.1727	-9.11668	37.4221	3.02832
26	59	-34.2655	-9.33008	37.4909	3.03425
26	60	-34.3576	-9.5454	37.56	3.04021
26	61	-34.4462	-9.76209	37.6269	3.04618
26	62	-34.534	-9.97829	37.6945	3.05211
26	63	-34.623	-10.1939	37.7645	3.05801
26	64	-34.7116	-10.411	37.8353	3.06392
26	65	-34.7996	-10.6319	37.9065	3.06991
26	66	-34.8774	-10.8581	37.9687	3.076
26	67	-34.9146	-11.0781	37.992	3.08185
26	68	-34.9002	-11.2923	37.9654	3.08746
26	69	-34.8463	-11.5058	37.9007	3.093
26	70	-34.7669	-11.7182	37.8116	3.09851
26	71	-34.6625	-11.9354	37.6986	3.10415
26	72	-34.5286	-12.1651	37.5568	3.11013
26	73	-34.3571	-12.4166	37.3783	3.11671
26	74	-34.1685	-12.6612	37.1845	3.12316
26	75	-33.9614	-12.8942	36.9738	3.12936
26	76	-33.739	-13.1104	36.7494	3.13516
26	77	-33.5068	-13.3103	36.5164	3.1406
26	78	-33.2663	-13.4976	36.2762	-3.13743
26	79	-33.0157	-13.6734	36.0267	-3.13252
26	80	-32.7536	-13.8355	35.7665	-3.12792
26	81	-32.4823	-13.9809	35.4975	-3.12372
26	82	-32.2052	-14.1102	35.2231	-3.11991
26	83	-31.9228	-14.2259	34.9435	-3.11643
26	84	-31.6322	-14.3278	34.6557	-3.11328
26	85	-31.3316	-14.4114	34.3577	-3.1106
26	86	-31.0249	-14.4717	34.0531	-3.10855
26	87	-30.7184	-14.5092	33.7481	-3.10714
26	88	-30.4148	-14.5279	33.4453	-3.10627
26	89	-30.1495	-14.5247	33.18	-3.10608
26	90	-29.9108	-14.5004	32.9407	-3.10656
26	91	-29.6931	-14.4559	32.7215	-3.10769
26	92	-29.484	-14.417	32.5113	-3.10866
26	93	-29.3067	-14.3262	32.3311	-3.11129
26	94	-29.1465	-14.1886	32.1671	-3.11541
26	95	-28.9804	-14.0519	31.9978	-3.11955
26	96	-28.8184	-13.9038	31.8328	-3.12409
26	97	-28.6602	-13.7495	31.6724	-3.12887
26	98	-28.5026	-13.59	31.5132	-3.13387
26	99	-28.3434	-13.4249	31.3531	-3.1391
26	100	-28.1856	-13.2541	31.1953	3.13863
26	101	-28.0297	-13.0784	31.0405	3.13295
26	102	-27.8761	-12.8997	30.889	3.12712
26	103	-27.7223	-12.7208	30.7383	3.12123
26	104	-27.5678	-12.5406	30.588	3.11524
26	105	-27.4127	-12.3557	30.4385	3.10903
26	106	-27.2572	-12.1681	30.2897	3.10267
26	107	-27.0996	-11.9781	30.1403	3.09617
26	108	-26.9451	-11.7871	29.9953	3.08958
26	109	-26.7931	-11.5969	29.854	3.08295
26	110	-26.6424	-11.4073	29.7153	3.07628
26	111	-26.4919	-11.2167	29.5783	3.06952
26	112	-26.3415	-11.023	29.4429	3.06259
26	113	-26.1928	-10.8252	29.3111	3.05546
26	114	-26.0484	-10.6241	29.1852	3.04817
26	115	-25.9094	-10.4208	29.0667	3.04076
26	116	-25.7743	-10.2158	28.9537	3.03325
26	117	-25.6481	-10.0082	28.8515	3.02562
26	118	-25.5365	-9.79479	28.7662	3.0178
26	119	-25.4469	-9.57269	28.7057	3.00974
26	120	-25.3807	-9.34041	28.6716	3.0014
26	121	-25.3382	-9.09834	28.6644	2.99284
26	122	-25.323	-8.86559	28.6847	2.98473
26	123	-25.3303	-8.63929	28.7282	2.97699
26	124	-25.3621	-8.41852	28.7965	2.96961
26	125	-25.4159	-8.19892	28.8878	2.96244
26	126	-25.483	-7.98051	28.9935	2.95544
26	127	-25.5594	-7.7629	29.1096	2.94858
32	0	33.2428	-21.2719	31.2547	-0.25637
32	1	33.2362	-21.0916	31.2031	-0.250831
32	2	33.2391	-20.9129	31.162	-0.245254
32	3	33.1977	-20.7384	31.0799	-0.240133
32	4	33.111	-20.5581	30.9532	-0.235141
32	5	33.0105	-20.3815	30.8146	-0.230327
32	6	32.907	-20.2053	30.674	-0.225503
32	7	32.8005	-20.0293	30.5312	-0.220664
32	8	32.6935	-19.854	30.3888	-0.215807
32	9	32.5834	-19.6806	30.2445	-0.210987
32	10	32.4725	-19.5089	30.1004	-0.206179
32	11	32.3608	-19.3389	29.9566	-0.201388
32	12	32.2493	-19.1694	29.8138	-0.196566
32	13	32.1369	-19.0005	29.671	-0.191724
32	14	32.0238	-18.832	29.5282	-0.186852
32	15	31.9097	-18.6648	29.3854	-0.181983
32	16	31.7952	-18.4995	29.2432	-0.177132
32	17	31.6811	-18.3364	29.1024	-0.172306
32	18	31.567	-18.1757	28.9628	-0.167516
32	19	31.4538	-18.0167	28.825	-0.162729
32	20	31.3397	-17.8599	28.6873	-0.157982
32	21	31.2263	-17.7042	28.5512	-0.153221
32	22	31.1082	-17.5496	28.4112	-0.148479
32	23	30.9886	-17.3954	28.2704	-0.143708
32	24	30.8668	-17.2482	28.1291	-0.13915
32	25	30.7469	-17.106	27.9908	-0.134712
32	26	30.6248	-16.9725	27.8522	-0.130551
32	27	30.5022	-16.8459	27.7144	-0.126599
32	28	30.3795	-16.7246	27.5775	-0.122798
32	29	30.2526	-16.6127	27.4381	-0.119317
32	30	30.1262	-16.5025	27.2996	-0.115858
32	31	29.9874	-16.4023	27.1502	-0.112785
32	32	29.834	-16.3114	26.9877	-0.110077
32	33	29.6643	-16.2293	26.8101	-0.10773
32	34	29.4747	-16.1664	26.6149	-0.106145
32	35	29.2877	-16.1141	26.4234	-0.104925
32	36	29.0983	-16.0882	26.2323	-0.1047
32	37	28.9084	-16.069	26.0415	-0.10473
32	38	28.7173	-16.0653	25.851	-0.105359
32	39	28.5262	-16.0661	25.6611	-0.106173
32	40	28.3346	-16.0714	25.4712	-0.107179
32	41	28.1421	-16.0839	25.2811	-0.108483
32	42	27.9494	-16.0975	25.0911	-0.109856
32	43	27.7578	-16.1209	24.9032	-0.111632
32	44	27.567	-16.1456	24.7164	-0.113485
32	45	27.38	-16.1795	24.5344	-0.115721
32	46	27.1964	-16.2164	24.3564	-0.118095
32	47	27.0164	-16.258	24.1827	-0.12068
32	48	26.8395	-16.3049	24.0128	-0.123508
32	49	26.6648	-16.356	23.8459	-0.126539
32	50	26.494	-16.4186	23.6844	-0.130069
32	51	26.3265	-16.4952	23.5285	-0.13422
32	52	26.162	-16.5893	23.3783	-0.139149
32	53	26.0011	-16.7044	23.2353	-0.14502
32	54	25.8552	-16.8259	23.109	-0.151131
32	55	25.7321	-16.9602	23.0081	-0.157708
32	56	25.6199	-17.1007	22.9198	-0.164531
32	57	25.5222	-17.2506	22.8486	-0.171705
32	58	25.4299	-17.403	22.7842	-0.178985
32	59	25.3443	-17.5583	22.7283	-0.186382
32	60	25.2638	-17.7184	22.6795	-0.193976
32	61	25.1858	-17.8818	22.6352	-0.201722
32	62	25.1143	-18.0495	22.5994	-0.209627
32	63	25.0448	-18.2205	22.5677	-0.217679
32	64	24.9787	-18.3971	22.5421	-0.225964
32	65	24.9166	-18.578	22.5229	-0.234409
32	66	24.8606	-18.7616	22.5119	-0.242918
32	67	24.8107	-18.9453	22.5085	-0.251372
32	68	24.7643	-19.1322	22.5108	-0.259926
32	69	24.7197	-19.3208	22.5171	-0.26853
32	70	24.6804	-19.511	22.5305	-0.277135
32	71	24.6446	-19.7016	22.549	-0.2857
32	72	24.6135	-19.8969	22.575	-0.294386
32	73	24.5869	-20.0951	22.608	-0.303119
32	74	24.5675	-20.2944	22.6498	-0.311772
32	75	24.5541	-20.4956	22.6996	-0.320389
32	76	24.545	-20.6969	22.7552	-0.32891
32	77	24.5445	-20.8973	22.8202	-0.33723
32	78	24.545	-21.0979	22.8879	-0.345491
32	79	24.5562	-21.2984	22.9671	-0.353543
32	80	24.569	-21.4989	23.0492	-0.361512
32	81	24.601	-21.6969	23.1499	-0.369022
32	82	24.6418	-21.8929	23.2592	-0.376251
32	83	24.7104	-22.0832	23.3934	-0.382738
32	84	24.7894	-22.2743	23.5385	-0.389015
32	85	24.8893	-22.4407	23.6944	-0.393914
32	86	24.9914	-22.5923	23.847	-0.39814
32	87	25.1107	-22.7238	24.0081	-0.401266
32	88	25.2324	-22.8509	24.1699	-0.40414
32	89	25.3623	-22.971	24.3366	-0.406578
32	90	25.4966	-23.0907	24.5073	-0.408896
32	91	25.6381	-23.2091	24.6843	-0.411016
32	92	25.7855	-23.3265	24.8664	-0.412975
32	93	25.941	-23.4395	25.0543	-0.414617
32	94	26.1006	-23.5523	25.2458	-0.416159
32	95	26.2658	-23.6603	25.4406	-0.417416
32	96	26.4323	-23.7681	25.6365	-0.418627
32	97	26.6014	-23.873	25.8337	-0.419678
32	98	26.7715	-23.9783	26.0319	-0.420709
32	99	26.9438	-24.0833	26.232	-0.42168
32	100	27.1182	-24.1885	26.4343	-0.422611
32	101	27.2947	-24.2937	26.6384	-0.423495
32	102	27.4729	-24.3972	26.8434	-0.424282
32	103	27.6514	-24.4981	27.0476	-0.424967
32	104	27.8291	-24.5958	27.2498	-0.425542
32	105	28.0087	-24.6938	27.4538	-0.426092
32	106	28.1907	-24.7918	27.66	-0.4266
32	107	28.3761	-24.8887	27.869	-0.427013
32	108	28.565	-24.9847	28.0806	-0.427338
32	109	28.7572	-25.0811	28.2955	-0.427624
32	110	28.9519	-25.1756	28.5119	-0.427807
32	111	29.1505	-25.2532	28.7248	-0.427396
32	112	29.3398	-25.2824	28.9092	-0.425604
32	113	29.5318	-25.2628	29.0761	-0.422263
32	114	29.7237	-25.2225	29.2349	-0.418315
32	115	29.9196	-25.1633	29.3902	-0.413768
32	116	30.1269	-25.0862	29.5494	-0.408558
32	117	30.3527	-24.9836	29.7164	-0.40237
32	118	30.606	-24.8489	29.8975	-0.394908
32	119	30.8541	-24.699	30.0698	-0.387132
32	120	31.0938	-24.534	30.2304	-0.379083
32	121	31.3221	-24.3562	30.3777	-0.370866
32	122	31.5393	-24.169	30.5134	-0.362566
32	123	31.7477	-23.9735	30.6399	-0.354189
32	124	31.948	-23.7688	30.758	-0.345687
32	125	32.1392	-23.5537	30.8661	-0.337031
32	126	32.319	-23.3288	30.9626	-0.328255
32	127	32.4867	-23.0963	31.0476	-0.319427
32	128	32.6436	-22.8577	31.1229	-0.310566
32	129	32.791	-22.6126	31.1896	-0.301639
32	130	32.928	-22.3598	31.2466	-0.29261
32	131	33.0513	-22.0992	31.2907	-0.283499
32	132	33.139	-21.8663	31.3108	-0.275574
32	133	33.1966	-21.6546	31.3094	-0.268568
32	134	33.2299	-21.4583	31.29	-0.262237
33	0	-18.4963	-14.0296	21.5168	-3.10985
33	1	-18.5334	-13.8178	21.5481	-3.11973
33	2	-18.5788	-13.606	21.59	-3.12958
33	3	-18.6337	-13.3944	21.6434	-3.13939
33	4	-18.7031	-13.1868	21.7132	3.13423
33	5	-18.7959	-12.985	21.8085	3.12501
33	6	-18.9254	-12.7873	21.9421	3.1161
33	7	-19.1194	-12.583	22.1422	3.1071
33	8	-19.2445	-12.3778	22.2752	3.09809
33	9	-19.3316	-12.1838	22.3714	3.08959
33	10	-19.4032	-11.9982	22.4533	3.0815
33	11	-19.4818	-11.8235	22.5429	3.07397
33	12	-19.5637	-11.658	22.6364	3.06693
33	13	-19.6478	-11.4953	22.733	3.06006
33	14	-19.7385	-11.3377	22.8366	3.05351
33	15	-19.829	-11.1788	22.9412	3.04696
33	16	-19.9378	-11.0278	23.0643	3.04089
33	17	-20.0544	-10.8744	23.1962	3.03481
33	18	-20.1943	-10.7309	23.3508	3.02934
33	19	-20.3517	-10.586	23.5239	3.02397
33	20	-20.5215	-10.4692	23.7064	3.01991
33	21	-20.6987	-10.3696	23.8945	3.01667
33	22	-20.8854	-10.2903	24.0897	3.01438
33	23	-21.0737	-10.2172	24.2858	3.01237
33	24	-21.2649	-10.1541	24.4836	3.01083
33	25	-21.4566	-10.0922	24.6817	3.00935
33	26	-21.6513	-10.0365	24.8821	3.00816
33	27	-21.8481	-9.98128	25.0845	3.00703
33	28	-22.0486	-9.93138	25.2899	3.00613
33	29	-22.252	-9.88585	25.4976	3.00544
33	30	-22.4578	-9.84784	25.7066	3.00506
33	31	-22.6645	-9.81555	25.9158	3.00491
33	32	-22.8716	-9.78976	26.1245	3.00502
33	33	-23.0788	-9.76956	26.3325	3.00533
33	34	-23.2865	-9.757	26.54	3.00592
33	35	-23.4944	-9.75635	26.7461	3.00695
33	36	-23.7002	-9.77548	26.9475	3.00868
33	37	-23.9063	-9.81668	27.1464	3.01119
33	38	-24.1128	-9.87832	27.3433	3.01441
33	39	-24.3214	-9.96332	27.5396	3.01843
33	40	-24.5115	-10.0621	27.7164	3.02281
33	41	-24.6822	-10.1745	27.873	3.02754
33	42	-24.8373	-10.2967	28.0134	3.0325
33	43	-24.9839	-10.4275	28.1453	3.03769
33	44	-25.1286	-10.5619	28.2756	3.04295
33	45	-25.2726	-10.701	28.4057	3.04832
33	46	-25.4194	-10.844	28.539	3.05379
33	47	-25.5653	-10.9932	28.6717	3.05942
33	48	-25.7105	-11.1482	28.8041	3.06519
33	49	-25.854	-11.3082	28.9355	3.07108
33	50	-25.9961	-11.4707	29.0663	3.07701
33	51	-26.1368	-11.6342	29.1967	3.08291
33	52	-26.2766	-11.7972	29.3272	3.08874
33	53	-26.4158	-11.9595	29.4581	3.09449
33	54	-26.5512	-12.1231	29.5861	3.10023
33	55	-26.6904	-12.2891	29.7189	3.106
33	56	-26.8334	-12.4561	29.8563	3.11176
33	57	-26.9723	-12.6288	29.9905	3.11765
33	58	-27.1139	-12.8003	30.1285	3.12346
33	59	-27.2574	-12.9718	30.2693	3.12921
33	60	-27.3998	-13.1461	30.4101	3.135
33	61	-27.5438	-13.3212	30.5534	3.14076
33	62	-27.6879	-13.497	30.6979	-3.1367
33	63	-27.8292	-13.6736	30.8405	-3.13099
33	64	-27.9693	-13.8505	30.983	-3.12533
33	65	-28.109	-14.0286	31.1261	-3.11968
33	66	-28.2495	-14.2069	31.2709	-3.11408
33	67	-28.3904	-14.3863	31.4173	-3.1085
33	68	-28.5302	-14.5687	31.5635	-3.10286
33	69	-28.6486	-14.7559	31.6895	-3.09711
33	70	-28.7236	-14.948	31.7736	-3.09117
33	71	-28.7623	-15.1516	31.8231	-3.08484
33	72	-28.7799	-15.3624	31.8534	-3.07827
33	73	-28.7795	-15.5831	31.8677	-3.07136
33	74	-28.7602	-15.8201	31.8659	-3.06389
33	75	-28.7204	-16.0819	31.8477	-3.0556
33	76	-28.6636	-16.3601	31.8163	-3.04674
33	77	-28.5966	-16.6371	31.777	-3.03786
33	78	-28.5177	-16.9131	31.7284	-3.02895
33	79	-28.4252	-17.1858	31.6684	-3.02006
33	80	-28.3197	-17.4528	31.5972	-3.01127
33	81	-28.2035	-17.7132	31.517	-3.0026
33	82	-28.0784	-17.9683	31.4297	-2.99401
33	83	-27.9438	-18.2196	31.3346	-2.98545
33	84	-27.7974	-18.4669	31.2296	-2.97689
33	85	-27.6374	-18.7077	31.1123	-2.96841
33	86	-27.4646	-18.939	30.9831	-2.9601
33	87	-27.2822	-19.1598	30.8446	-2.95199
33	88	-27.0923	-19.3719	30.699	-2.94404
33	89	-26.8947	-19.577	30.5464	-2.93619
33	90	-26.6877	-19.775	30.3851	-2.92842
33	91	-26.4707	-19.9639	30.2138	-2.92079
33	92	-26.2451	-20.1415	30.0334	-2.91337
33	93	-26.0136	-20.3078	29.8464	-2.90619
33	94	-25.7773	-20.4629	29.6535	-2.89925
33	95	-25.5635	-20.5838	29.4754	-2.89353
33	96	-25.3635	-20.6758	29.3044	-2.88881
33	97	-25.1706	-20.7436	29.1349	-2.8849
33	98	-24.9798	-20.79	28.9622	-2.88167
33	99	-24.7933	-20.8403	28.795	-2.87832
33	100	-24.6044	-20.8482	28.6148	-2.87634
33	101	-24.4041	-20.8085	28.4111	-2.87584
33	102	-24.1998	-20.7415	28.1964	-2.87623
33	103	-23.9986	-20.6681	27.983	-2.87687
33	104	-23.7996	-20.5924	27.7712	-2.87763
33	105	-23.6024	-20.5172	27.5611	-2.8784
33	106	-23.4072	-20.4414	27.3529	-2.87922
33	107	-23.2142	-20.3645	27.1466	-2.88011
33	108	-23.0196	-20.2848	26.938	-2.8811
33	109	-22.8233	-20.2049	26.7278	-2.8821
33	110	-22.6274	-20.1238	26.5176	-2.88316
33	111	-22.4328	-20.0428	26.3088	-2.88424
33	112	-22.2407	-19.9607	26.1022	-2.88541
33	113	-22.0506	-19.8787	25.8975	-2.88661
33	114	-21.8628	-19.7952	25.6948	-2.88791
33	115	-21.6767	-19.7117	25.4936	-2.88925
33	116	-21.4927	-19.6278	25.2946	-2.89065
33	117	-21.3124	-19.5435	25.099	-2.89212
33	118	-21.1335	-19.4587	24.9048	-2.89364
33	119	-20.9586	-19.3709	24.7137	-2.89535
33	120	-20.7868	-19.2837	24.5259	-2.89709
33	121	-20.6193	-19.1942	24.3417	-2.89899
33	122	-20.4558	-19.1021	24.161	-2.90107
33	123	-20.2954	-19.0078	23.9827	-2.90329
33	124	-20.139	-18.9081	23.8073	-2.90581
33	125	-19.9872	-18.8016	23.6349	-2.90869
33	126	-19.8399	-18.6871	23.4653	-2.91199
33	127	-19.706	-18.552	23.3044	-2.91633
33	128	-19.5782	-18.3996	23.1461	-2.92152
33	129	-19.461	-18.2245	22.9939	-2.92783
33	130	-19.3493	-18.0468	22.8476	-2.9344
33	131	-19.2421	-17.8614	22.7051	-2.94142
33	132	-19.1365	-17.664	22.563	-2.94906
33	133	-18.9967	-17.4504	22.3857	-2.95723
33	134	-18.8145	-17.2353	22.1679	-2.96526
33	135	-18.6909	-17.0328	22.0114	-2.97333
33	136	-18.6065	-16.8401	21.8966	-2.98137
33	137	-18.5444	-16.6514	21.8059	-2.98946
33	138	-18.5007	-16.4624	21.7348	-2.99774
33	139	-18.4659	-16.2737	21.6741	-3.00613
33	140	-18.4402	-16.0804	21.6233	-3.01483
33	141	-18.4178	-15.8837	21.577	-3.02374
33	142	-18.4032	-15.6838	21.5399	-3.03288
33	143	-18.3933	-15.4817	21.5092	-3.04217
33	144	-18.391	-15.276	21.4874	-3.05168
33	145	-18.3942	-15.0689	21.473	-3.0613
33	146	-18.4047	-14.8623	21.4679	-3.07093
33	147	-18.4199	-14.655	21.4694	-3.08062
33	148	-18.4406	-14.448	21.4784	-3.0903
33	149	-18.4655	-14.2393	21.4936	-3.10005
38	0	29.3478	-28.5837	30.428	-0.524473
38	1	29.3672	-28.2831	30.2955	-0.515563
38	2	29.3707	-27.9846	30.1526	-0.506891
38	3	29.3622	-27.689	30.0027	-0.498416
38	4	29.3439	-27.395	29.8471	-0.490056
38	5	29.3148	-27.1014	29.6843	-0.481791
38	6	29.2748	-26.849	29.5326	-0.474848
38	7	29.2214	-26.6295	29.3852	-0.469035
38	8	29.1532	-26.436	29.2373	-0.464186
38	9	29.0686	-26.2634	29.0846	-0.460179
38	10	28.9975	-26.0952	28.9465	-0.456065
38	11	28.8899	-25.9659	28.793	-0.453677
38	12	28.7384	-25.8635	28.6119	-0.452783
38	13	28.5906	-25.7489	28.4289	-0.451433
38	14	28.4327	-25.6393	28.239	-0.450377
38	15	28.2684	-25.5283	28.0428	-0.449367
38	16	28.0984	-25.416	27.8409	-0.448385
38	17	27.924	-25.3029	27.6347	-0.447432
38	18	27.7454	-25.1883	27.4241	-0.446482
38	19	27.5645	-25.0759	27.2125	-0.445628
38	20	27.3835	-24.9642	27.001	-0.444785
38	21	27.2017	-24.855	26.7899	-0.444026
38	22	27.0193	-24.7469	26.5788	-0.4433
38	23	26.8353	-24.6396	26.3665	-0.442617
38	24	26.65	-24.5299	26.1521	-0.441861
38	25	26.4615	-24.4202	25.9348	-0.441146
38	26	26.2696	-24.3118	25.715	-0.440522
38	27	26.0756	-24.2054	25.4942	-0.439988
38	28	25.8828	-24.0982	25.274	-0.439402
38	29	25.6902	-23.9929	25.0549	-0.438867
38	30	25.4969	-23.8899	24.8362	-0.43842
38	31	25.3024	-23.7882	24.617	-0.438036
38	32	25.1058	-23.6869	24.3959	-0.437691
38	33	24.9046	-23.5923	24.1736	-0.437675
38	34	24.6988	-23.5146	23.9543	-0.438381
38	35	24.4878	-23.461	23.7406	-0.440109
38	36	24.271	-23.4307	23.5315	-0.442868
38	37	24.0483	-23.4215	23.3266	-0.446604
38	38	23.8346	-23.4319	23.1385	-0.451
38	39	23.6267	-23.4571	22.9627	-0.45593
38	40	23.4224	-23.4959	22.7966	-0.461406
38	41	23.2189	-23.5469	22.6376	-0.467423
38	42	23.0155	-23.6061	22.4832	-0.473852
38	43	22.8129	-23.6722	22.3335	-0.480624
38	44	22.6119	-23.7436	22.1889	-0.487668
38	45	22.4134	-23.8197	22.0497	-0.494934
38	46	22.219	-23.9006	21.9177	-0.502395
38	47	22.0288	-23.9837	21.7916	-0.509941
38	48	21.843	-24.0689	21.6717	-0.517557
38	49	21.659	-24.1573	21.5562	-0.525344
38	50	21.4787	-24.2518	21.4483	-0.53337
38	51	21.3007	-24.3484	21.3448	-0.541506
38	52	21.1291	-24.452	21.2519	-0.549848
38	53	20.961	-24.5557	21.1636	-0.558176
38	54	20.8009	-24.6667	21.0873	-0.566659
38	55	20.6455	-24.7784	21.0169	-0.575117
38	56	20.4971	-24.895	20.9565	-0.583636
38	57	20.3516	-25.0128	20.9008	-0.592174
38	58	20.2189	-25.1444	20.8649	-0.600959
38	59	20.0874	-25.2845	20.8366	-0.610075
38	60	19.9766	-25.4491	20.841	-0.619592
38	61	19.87	-25.6051	20.8457	-0.628655
38	62	19.7941	-25.7737	20.8842	-0.637321
38	63	19.7198	-25.9388	20.9235	-0.645775
38	64	19.6681	-26.1129	20.9877	-0.653883
38	65	19.6154	-26.2874	21.0527	-0.661983
38	66	19.5727	-26.4653	21.129	-0.669869
38	67	19.5333	-26.6441	21.2098	-0.677631
38	68	19.498	-26.8265	21.2973	-0.685342
38	69	19.4669	-27.012	21.3913	-0.692977
38	70	19.4406	-27.1993	21.4912	-0.700464
38	71	19.4155	-27.3923	21.5971	-0.708043
38	72	19.3949	-27.5896	21.7103	-0.715568
38	73	19.3784	-27.7886	21.829	-0.72294
38	74	19.369	-27.9857	21.9529	-0.729955
38	75	19.3622	-28.1845	22.081	-0.73687
38	76	19.3587	-28.3827	22.212	-0.743586
38	77	19.3551	-28.5838	22.346	-0.75032
38	78	19.3529	-28.7871	22.4835	-0.757
38	79	19.3544	-28.9915	22.6255	-0.763519
38	80	19.3586	-29.1993	22.7727	-0.769988
38	81	19.369	-29.4085	22.9262	-0.776222
38	82	19.3853	-29.6166	23.084	-0.782157
38	83	19.4093	-29.8231	23.247	-0.787734
38	84	19.4378	-30.0274	23.4123	-0.793026
38	85	19.4785	-30.227	23.5833	-0.797735
38	86	19.5283	-30.4222	23.758	-0.80197
38	87	19.5982	-30.6122	23.9433	-0.805393
38	88	19.6775	-30.8035	24.1363	-0.808514
38	89	19.778	-30.9811	24.3342	-0.810567
38	90	19.8808	-31.1479	24.526	-0.812215
38	91	20.0042	-31.2896	24.7137	-0.812537
38	92	20.1318	-31.4217	24.8973	-0.812463
38	93	20.2701	-31.5402	25.0784	-0.811711
38	94	20.4121	-31.6568	25.2608	-0.810809
38	95	20.5594	-31.7684	25.4432	-0.809634
38	96	20.7106	-31.8772	25.6263	-0.808289
38	97	20.8667	-31.9827	25.8105	-0.806741
38	98	21.0259	-32.0891	25.9974	-0.805152
38	99	21.19	-32.1948	26.1874	-0.80343
38	100	21.3586	-32.3012	26.381	-0.801628
38	101	21.532	-32.4069	26.5777	-0.799708
38	102	21.7089	-32.5118	26.7763	-0.797701
38	103	21.8877	-32.6155	26.9754	-0.795641
38	104	22.0666	-32.7185	27.1742	-0.793591
38	105	22.2459	-32.82	27.3724	-0.791523
38	106	22.4251	-32.9221	27.571	-0.789499
38	107	22.6062	-33.0233	27.7704	-0.787437
38	108	22.7896	-33.1245	27.9716	-0.785344
38	109	22.9758	-33.2252	28.1745	-0.783198
38	110	23.1636	-33.3261	28.3789	-0.781049
38	111	23.353	-33.4244	28.5827	-0.778827
38	112	23.5424	-33.5197	28.7845	-0.776561
38	113	23.7324	-33.6142	28.9863	-0.774294
38	114	23.9235	-33.7091	29.1893	-0.772039
38	115	24.1164	-33.8039	29.3938	-0.769771
38	116	24.3135	-33.8943	29.5984	-0.767331
38	117	24.5109	-33.9888	29.8061	-0.765015
38	118	24.7113	-34.0494	29.9928	-0.761846
38	119	24.912	-34.0578	30.1441	-0.757451
38	120	25.1202	-34.0209	30.2705	-0.751839
38	121	25.3312	-33.9589	30.3828	-0.745605
38	122	25.5507	-33.8747	30.4877	-0.738692
38	123	25.7859	-33.7658	30.5892	-0.730884
38	124	26.046	-33.6278	30.692	-0.721878
38	125	26.3018	-33.4808	30.7882	-0.712804
38	126	26.5542	-33.3231	30.8773	-0.703593
38	127	26.8013	-33.1508	30.9556	-0.694187
38	128	27.0384	-32.9628	31.0189	-0.684636
38	129	27.2624	-32.7621	31.067	-0.675073
38	130	27.4743	-32.5531	31.1032	-0.665568
38	131	27.677	-32.3369	31.1305	-0.656084
38	132	27.8719	-32.1122	31.1493	-0.646551
38	133	28.0574	-31.8771	31.1572	-0.636943
38	134	28.2306	-31.6323	31.1522	-0.627321
38	135	28.3905	-31.3809	31.1356	-0.617768
38	136	28.5393	-31.1252	31.1101	-0.608298
38	137	28.679	-30.8649	31.0774	-0.598853
38	138	28.8098	-30.5977	31.0362	-0.589369
38	139	28.9286	-30.3222	30.9833	-0.579844
38	140	29.0322	-30.0397	30.9165	-0.570364
38	141	29.12	-29.7538	30.8374	-0.561022
38	142	29.1948	-29.4665	30.7492	-0.551816
38	143	29.2587	-29.1768	30.653	-0.542676
38	144	29.3108	-28.8826	30.547	-0.533549
39	0	-15.438	-24.5809	21.5991	-2.59459
39	1	-15.4241	-24.3526	21.4693	-2.60334
39	2	-15.415	-24.1245	21.3454	-2.6123
39	3	-15.4085	-23.8925	21.2236	-2.62158
39	4	-15.4066	-23.6574	21.1061	-2.6312
39	5	-15.4114	-23.4208	20.9957	-2.64115
39	6	-15.4235	-23.1848	20.8942	-2.65133
39	7	-15.44	-22.9496	20.7991	-2.66169
39	8	-15.4608	-22.715	20.7104	-2.6722
39	9	-15.4876	-22.4806	20.6295	-2.68292
39	10	-15.524	-22.2471	20.5599	-2.69389
39	11	-15.5788	-22.019	20.5119	-2.70507
39	12	-15.6565	-21.7952	20.489	-2.71657
39	13	-15.7564	-21.5759	20.4911	-2.72833
39	14	-15.8768	-21.3713	20.5205	-2.73982
39	15	-16.0118	-21.1879	20.5742	-2.75059
39	16	-16.1623	-21.0243	20.6521	-2.76069
39	17	-16.3274	-20.8768	20.7515	-2.77024
39	18	-16.5004	-20.7395	20.8637	-2.77938
39	19	-16.6789	-20.6085	20.9851	-2.78824
39	20	-16.8625	-20.4824	21.1144	-2.79685
39	21	-17.0508	-20.3613	21.2515	-2.80521
39	22	-17.2432	-20.2457	21.3956	-2.81327
39	23	-17.4386	-20.1361	21.5459	-2.82101
39	24	-17.6353	-20.0318	21.7004	-2.82843
39	25	-17.8335	-19.933	21.859	-2.83553
39	26	-18.034	-19.8396	22.0225	-2.84231
39	27	-18.2383	-19.7533	22.1928	-2.84874
39	28	-18.4478	-19.6783	22.3721	-2.85466
39	29	-18.6644	-19.6207	22.5638	-2.85982
39	30	-18.8889	-19.5833	22.7693	-2.86414
39	31	-19.1229	-19.566	22.9897	-2.86765
39	32	-19.3497	-19.5693	23.2091	-2.87016
39	33	-19.5718	-19.5906	23.4288	-2.87182
39	34	-19.7909	-19.6312	23.6507	-2.87264
39	35	-20.0104	-19.6901	23.878	-2.8727
39	36	-20.2293	-19.759	24.1074	-2.87236
39	37	-20.4483	-19.8344	24.3385	-2.87177
39	38	-20.6667	-19.9144	24.5703	-2.871
39	39	-20.8834	-19.997	24.8013	-2.87012
39	40	-21.0974	-20.081	25.03	-2.86919
39	41	-21.309	-20.1652	25.2564	-2.86823
39	42	-21.519	-20.25	25.4816	-2.86725
39	43	-21.7291	-20.3353	25.7069	-2.86627
39	44	-21.9398	-20.4221	25.9333	-2.86526
39	45	-22.151	-20.5109	26.1607	-2.8642
39	46	-22.3592	-20.5995	26.3852	-2.86312
39	47	-22.5644	-20.6876	26.6067	-2.86206
39	48	-22.7673	-20.7748	26.8259	-2.86102
39	49	-22.9689	-20.8618	27.0437	-2.86
39	50	-23.1694	-20.9504	27.2609	-2.85892
39	51	-23.3681	-21.0418	27.4772	-2.85774
39	52	-23.5638	-21.1373	27.6918	-2.85641
39	53	-23.7545	-21.234	27.9021	-2.85501
39	54	-23.9405	-21.3323	28.1084	-2.85352
39	55	-24.1221	-21.4294	28.31	-2.85206
39	56	-24.2982	-21.5269	28.5067	-2.85054
39	57	-24.466	-21.6317	28.6976	-2.84872
39	58	-24.6	-21.7658	28.8647	-2.84561
39	59	-24.7073	-21.9447	29.0198	-2.8408
39	60	-24.7988	-22.1472	29.1678	-2.8351
39	61	-24.8829	-22.3768	29.3178	-2.8285
39	62	-24.9581	-22.6399	29.4713	-2.82079
39	63	-25.0244	-22.9456	29.6318	-2.8117
39	64	-25.0762	-23.2521	29.7813	-2.80253
39	65	-25.1164	-23.559	29.9226	-2.7933
39	66	-25.1455	-23.868	30.0568	-2.78397
39	67	-25.1614	-24.1801	30.1823	-2.77447
39	68	-25.1615	-24.4934	30.2962	-2.76482
39	69	-25.1464	-24.8047	30.3981	-2.75511
39	70	-25.1187	-25.1133	30.4903	-2.74539
39	71	-25.0793	-25.421	30.5741	-2.73561
39	72	-25.026	-25.7289	30.6482	-2.7257
39	73	-24.956	-26.035	30.7094	-2.71566
39	74	-24.8696	-26.3357	30.7566	-2.70559
39	75	-24.7704	-26.6295	30.7923	-2.69558
39	76	-24.6607	-26.9183	30.8194	-2.68559
39	77	-24.5397	-27.2039	30.8381	-2.67555
39	78	-24.405	-27.4855	30.8459	-2.66543
39	79	-24.256	-27.7601	30.8409	-2.6553
39	80	-24.0951	-28.0258	30.8244	-2.64524
39	81	-23.9246	-28.2838	30.7989	-2.63524
39	82	-23.7441	-28.5357	30.7647	-2.62523
39	83	-23.551	-28.7811	30.7195	-2.61519
39	84	-23.3445	-29.0168	30.6609	-2.60516
39	85	-23.1273	-29.2404	30.59	-2.59524
39	86	-22.9028	-29.4532	30.5102	-2.58546
39	87	-22.6724	-29.6577	30.4239	-2.57575
39	88	-22.4648	-29.827	30.3405	-2.56737
39	89	-22.2714	-29.968	30.2556	-2.55999
39	90	-22.0841	-30.0836	30.1633	-2.55337
39	91	-21.8941	-30.168	30.0525	-2.54753
39	92	-21.7111	-30.1894	29.9131	-2.54351
39	93	-21.52	-30.1541	29.7353	-2.54088
39	94	-21.325	-30.1303	29.5612	-2.53781
39	95	-21.1304	-30.0936	29.3802	-2.53508
39	96	-20.9342	-30.0514	29.1951	-2.53244
39	97	-20.7345	-30.006	29.0054	-2.52978
39	98	-20.532	-29.9569	28.8116	-2.52714
39	99	-20.326	-29.9033	28.6124	-2.52452
39	100	-20.116	-29.845	28.4075	-2.52192
39	101	-19.9026	-29.782	28.1974	-2.51934
39	102	-19.6889	-29.7158	27.9852	-2.51681
39	103	-19.4745	-29.6478	27.7716	-2.51428
39	104	-19.261	-29.5788	27.5583	-2.51176
39	105	-19.0469	-29.509	27.3443	-2.50921
39	106	-18.8307	-29.4382	27.1282	-2.50661
39	107	-18.6121	-29.3649	26.9088	-2.50398
39	108	-18.3918	-29.2883	26.6863	-2.50137
39	109	-18.1712	-29.2082	26.4616	-2.49882
39	110	-17.9532	-29.1251	26.2374	-2.49637
39	111	-17.7376	-29.0396	26.0137	-2.49402
39	112	-17.5238	-28.9507	25.7897	-2.49176
39	113	-17.3127	-28.8557	25.5642	-2.48973
39	114	-17.1071	-28.7495	25.3363	-2.48813
39	115	-16.9151	-28.6258	25.1087	-2.4874
39	116	-16.737	-28.4807	24.879	-2.48767
39	117	-16.5717	-28.316	24.6477	-2.48889
39	118	-16.4265	-28.1379	24.4242	-2.49108
39	119	-16.3072	-27.956	24.2192	-2.49407
39	120	-16.206	-27.7689	24.0258	-2.49774
39	121	-16.1167	-27.5783	23.8402	-2.50189
39	122	-16.0351	-27.3847	23.6594	-2.50639
39	123	-15.9589	-27.1875	23.4814	-2.51123
39	124	-15.8879	-26.9862	23.3056	-2.51641
39	125	-15.8228	-26.7812	23.1332	-2.52195
39	126	-15.763	-26.5712	22.963	-2.52788
39	127	-15.7085	-26.3578	22.796	-2.53416
39	128	-15.6591	-26.1423	22.6329	-2.54073
39	129	-15.6145	-25.9253	22.474	-2.54757
39	130	-15.5747	-25.7071	22.3195	-2.55467
39	131	-15.5403	-25.4883	22.1702	-2.56203
39	132	-15.5084	-25.2648	22.0218	-2.56973
39	133	-15.4802	-25.0379	21.876	-2.57775
39	134	-15.4567	-24.8096	21.7348	-2.58606
43	0	24.6954	-37.9113	32.7673	-0.847562
43	1	24.7377	-37.623	32.5799	-0.840734
43	2	24.7694	-37.3325	32.3854	-0.834021
43	3	24.7888	-37.039	32.1817	-0.827448
43	4	24.7936	-36.7441	31.9684	-0.821095
43	5	24.7842	-36.4507	31.7479	-0.815012
43	6	24.763	-36.1602	31.5225	-0.80918
43	7	24.7324	-35.8722	31.2934	-0.803537
43	8	24.6912	-35.6254	31.0875	-0.798983
43	9	24.6452	-35.4079	30.8998	-0.795138
43	10	24.5844	-35.2156	30.7201	-0.792168
43	11	24.5252	-35.0358	30.5506	-0.789414
43	12	24.4345	-34.8782	30.3748	-0.787882
43	13	24.3251	-34.7466	30.2044	-0.787377
43	14	24.1714	-34.6454	30.0243	-0.788624
43	15	24.0237	-34.5335	29.8408	-0.78949
43	16	23.869	-34.4253	29.6551	-0.790625
43	17	23.7095	-34.3206	29.4685	-0.791976
43	18	23.5469	-34.2145	29.2788	-0.793382
43	19	23.3796	-34.1076	29.0853	-0.794903
43	20	23.2094	-34.0004	28.8896	-0.79651
43	21	23.0352	-33.8939	28.6917	-0.798253
43	22	22.858	-33.7874	28.4918	-0.800099
43	23	22.6782	-33.6819	28.2909	-0.802061
43	24	22.4971	-33.5769	28.0896	-0.804095
43	25	22.3154	-33.4722	27.8882	-0.806186
43	26	22.1331	-33.3669	27.6861	-0.808302
43	27	21.9483	-33.2632	27.4835	-0.810559
43	28	21.7622	-33.158	27.2791	-0.812846
43	29	21.5746	-33.0512	27.0726	-0.815166
43	30	21.3839	-32.947	26.866	-0.817673
43	31	21.1926	-32.8423	26.6589	-0.820221
43	32	21.0004	-32.7384	26.452	-0.822857
43	33	20.8064	-32.6357	26.2448	-0.825616
43	34	20.6103	-32.533	26.0365	-0.828475
43	35	20.4119	-32.4302	25.8267	-0.831443
43	36	20.2119	-32.3322	25.6197	-0.834637
43	37	20.0102	-32.2429	25.4182	-0.838156
43	38	19.8079	-32.1652	25.2254	-0.842059
43	39	19.6049	-32.1046	25.0453	-0.846495
43	40	19.4006	-32.0643	24.8801	-0.851571
43	41	19.193	-32.038	24.7239	-0.857186
43	42	18.9788	-32.0272	24.5759	-0.863488
43	43	18.7762	-32.0305	24.4474	-0.869876
43	44	18.5817	-32.0524	24.3391	-0.876562
43	45	18.3931	-32.0855	24.2445	-0.883417
43	46	18.2064	-32.1328	24.1632	-0.890632
43	47	18.0196	-32.1847	24.0868	-0.898015
43	48	17.8335	-32.2469	24.0201	-0.905687
43	49	17.6469	-32.3126	23.9574	-0.913508
43	50	17.4626	-32.3863	23.9039	-0.921495
43	51	17.2802	-32.4632	23.8556	-0.929536
43	52	17.0966	-32.5447	23.8119	-0.937764
43	53	16.9116	-32.6297	23.7719	-0.946152
43	54	16.7273	-32.7199	23.7381	-0.954672
43	55	16.5414	-32.8147	23.7089	-0.963381
43	56	16.3562	-32.9146	23.6861	-0.97221
43	57	16.1739	-33.0195	23.6711	-0.981068
43	58	15.9932	-33.1274	23.6612	-0.989952
43	59	15.8147	-33.2385	23.6571	-0.998838
43	60	15.6391	-33.3529	23.6591	-1.0077
43	61	15.4686	-33.4733	23.6708	-1.0165
43	62	15.3082	-33.6033	23.6979	-1.02514
43	63	15.1568	-33.7448	23.741	-1.03369
43	64	15.0159	-33.9007	23.8037	-1.04213
43	65	14.8849	-34.0715	23.886	-1.05047
43	66	14.7809	-34.2474	23.9876	-1.05787
43	67	14.6944	-34.4218	24.0976	-1.06456
43	68	14.6313	-34.6018	24.2249	-1.07044
43	69	14.5716	-34.7805	24.3534	-1.0761
43	70	14.5263	-34.962	24.4919	-1.08125
43	71	14.4843	-35.1434	24.6326	-1.08622
43	72	14.4466	-35.3282	24.7788	-1.09104
43	73	14.4129	-35.5165	24.9307	-1.09573
43	74	14.3894	-35.708	25.0904	-1.10005
43	75	14.3682	-35.8992	25.2514	-1.10423
43	76	14.356	-36.094	25.4201	-1.10811
43	77	14.3451	-36.2899	25.5907	-1.11191
43	78	14.3421	-36.4853	25.7648	-1.11537
43	79	14.3423	-36.6783	25.9383	-1.11863
43	80	14.3464	-36.8736	26.1159	-1.12176
43	81	14.354	-37.0702	26.2964	-1.12475
43	82	14.3661	-37.2662	26.4785	-1.12753
43	83	14.3827	-37.4651	26.6655	-1.13017
43	84	14.4039	-37.6649	26.8553	-1.13263
43	85	14.4307	-37.8628	27.046	-1.13483
43	86	14.4608	-38.062	27.2392	-1.13692
43	87	14.4943	-38.2614	27.4343	-1.13887
43	88	14.5327	-38.4602	27.631	-1.14061
43	89	14.5763	-38.6574	27.8284	-1.14215
43	90	14.6256	-38.8559	28.0295	-1.14349
43	91	14.6802	-39.0547	28.233	-1.14465
43	92	14.7406	-39.2534	28.439	-1.1456
43	93	14.8057	-39.4511	28.646	-1.14638
43	94	14.8771	-39.6458	28.8527	-1.1469
43	95	14.9517	-39.8384	29.059	-1.14729
43	96	15.0323	-40.0281	29.2651	-1.14744
43	97	15.1193	-40.2146	29.4708	-1.14735
43	98	15.2197	-40.394	29.6756	-1.14675
43	99	15.3395	-40.5632	29.8792	-1.14543
43	100	15.4832	-40.7218	30.083	-1.14325
43	101	15.6497	-40.8718	30.2887	-1.1403
43	102	15.827	-41.0022	30.4814	-1.1368
43	103	16.0176	-41.1087	30.6584	-1.13262
43	104	16.223	-41.1939	30.823	-1.12776
43	105	16.4342	-41.2662	30.9794	-1.1226
43	106	16.6482	-41.3315	31.1314	-1.11731
43	107	16.8622	-41.3936	31.2814	-1.11204
43	108	17.0764	-41.4536	31.4304	-1.10677
43	109	17.2915	-41.511	31.5785	-1.10149
43	110	17.5066	-41.5651	31.7244	-1.09622
43	111	17.7206	-41.6152	31.8673	-1.09096
43	112	17.9326	-41.6614	32.0066	-1.08575
43	113	18.142	-41.7048	32.143	-1.08062
43	114	18.3494	-41.7461	32.2775	-1.07555
43	115	18.5556	-41.7858	32.4108	-1.07054
43	116	18.7615	-41.8233	32.5429	-1.06554
43	117	18.9673	-41.8578	32.6732	-1.06054
43	118	19.1726	-41.8887	32.8007	-1.05553
43	119	19.3764	-41.9155	32.925	-1.05055
43	120	19.5779	-41.9394	33.0462	-1.04562
43	121	19.7771	-41.9607	33.1649	-1.04074
43	122	19.9744	-41.9803	33.282	-1.03593
43	123	20.1705	-41.9978	33.3974	-1.03114
43	124	20.3655	-42.0127	33.5107	-1.02638
43	125	20.5593	-42.0238	33.6209	-1.02162
43	126	20.751	-42.03	33.7267	-1.01687
43	127	20.9398	-42.0321	33.8282	-1.01215
43	128	21.1231	-42.0321	33.9257	-1.00757
43	129	21.3011	-42.0312	34.0203	-1.00313
43	130	21.4744	-42.0286	34.1116	-0.998807
43	131	21.6436	-42.0243	34.1999	-0.99458
43	132	21.8093	-42.0167	34.2841	-0.990405
43	133	21.971	-41.9977	34.3572	-0.986167
43	134	22.1304	-41.993	34.4415	-0.982233
43	135	22.2748	-41.9439	34.4812	-0.977959
43	136	22.4155	-41.8417	34.4755	-0.972919
43	137	22.5702	-41.7447	34.4829	-0.967626
43	138	22.7246	-41.6223	34.4702	-0.961924
43	139	22.8838	-41.4718	34.4385	-0.955633
43	140	23.0533	-41.2883	34.3873	-0.948527
43	141	23.2399	-41.0654	34.3161	-0.940323
43	142	23.4185	-40.8368	34.2379	-0.932172
43	143	23.59	-40.6018	34.1525	-0.924039
43	144	23.753	-40.3585	34.0577	-0.915915
43	145	23.905	-40.1067	33.9517	-0.907847
43	146	24.0441	-39.8483	33.8347	-0.899905
43	147	24.1713	-39.5857	33.7091	-0.892108
43	148	24.2885	-39.3195	33.5765	-0.884413
43	149	24.3964	-39.0482	33.436	-0.876775
43	150	24.493	-38.7702	33.2851	-0.8692
43	151	24.5754	-38.4861	33.1221	-0.861765
43	152	24.6422	-38.199	32.9485	-0.854552
44	0	-12.2825	-35.4773	26.9001	-2.17545
44	1	-12.2572	-35.2817	26.725	-2.17883
44	2	-12.2339	-35.0886	26.5533	-2.18227
44	3	-12.2162	-34.8985	26.3876	-2.18585
44	4	-12.2006	-34.7092	26.2242	-2.18953
44	5	-12.1906	-34.5213	26.0656	-2.1934
44	6	-12.1835	-34.3355	25.9106	-2.19736
44	7	-12.1815	-34.1487	25.7584	-2.20155
44	8	-12.1863	-33.9624	25.611	-2.20599
44	9	-12.196	-33.7776	25.4683	-2.2106
44	10	-12.213	-33.5932	25.3309	-2.21549
44	11	-12.2326	-33.4099	25.1964	-2.22048
44	12	-12.2667	-33.2296	25.0738	-2.22591
44	13	-12.3046	-33.0477	24.9531	-2.23156
44	14	-12.3694	-32.8647	24.8489	-2.23814
44	15	-12.4427	-32.6759	24.7466	-2.24519
44	16	-12.5302	-32.5061	24.6692	-2.25226
44	17	-12.6198	-32.3435	24.6	-2.25925
44	18	-12.7231	-32.1914	24.5488	-2.26643
44	19	-12.831	-32.0417	24.5036	-2.27373
44	20	-12.9489	-31.8983	24.4712	-2.2812
44	21	-13.0702	-31.7539	24.4415	-2.28881
44	22	-13.199	-31.6129	24.4207	-2.29658
44	23	-13.3323	-31.4743	24.4064	-2.30443
44	24	-13.4697	-31.3398	24.3992	-2.31231
44	25	-13.6113	-31.2063	24.3972	-2.32029
44	26	-13.7557	-31.0725	24.3984	-2.32835
44	27	-13.904	-30.9407	24.4053	-2.33648
44	28	-14.0551	-30.8107	24.4171	-2.34463
44	29	-14.211	-30.6808	24.434	-2.35291
44	30	-14.3711	-30.5521	24.4564	-2.36126
44	31	-14.5348	-30.4268	24.4854	-2.3696
44	32	-14.7012	-30.3033	24.5194	-2.37794
44	33	-14.869	-30.1817	24.5573	-2.38625
44	34	-15.039	-30.0645	24.6016	-2.39445
44	35	-15.2099	-29.9504	24.6502	-2.40256
44	36	-15.385	-29.8468	24.7107	-2.41043
44	37	-15.5629	-29.7543	24.782	-2.41801
44	38	-15.7494	-29.6793	24.8728	-2.42523
44	39	-15.9423	-29.6125	24.9751	-2.43232
44	40	-16.1475	-29.5653	25.1006	-2.43907
44	41	-16.3431	-29.532	25.2288	-2.44509
44	42	-16.531	-29.5291	25.3714	-2.44992
44	43	-16.7134	-29.5373	25.5173	-2.45423
44	44	-16.892	-29.5585	25.669	-2.45801
44	45	-17.0686	-29.5857	25.8232	-2.46152
44	46	-17.2446	-29.6155	25.979	-2.46488
44	47	-17.4202	-29.6518	26.1387	-2.46801
44	48	-17.5987	-29.6918	26.3033	-2.47105
44	49	-17.7808	-29.7344	26.4726	-2.47407
44	50	-17.9659	-29.7817	26.6474	-2.47697
44	51	-18.1539	-29.8316	26.8263	-2.47983
44	52	-18.3434	-29.8851	27.0088	-2.48258
44	53	-18.5336	-29.9409	27.1933	-2.48524
44	54	-18.7236	-29.9983	27.379	-2.48781
44	55	-18.9129	-30.0573	27.5652	-2.49029
44	56	-19.1011	-30.1182	27.7519	-2.49266
44	57	-19.2934	-30.1806	27.9429	-2.49504
44	58	-19.4892	-30.245	28.1381	-2.4974
44	59	-19.6877	-30.3115	28.3368	-2.49973
44	60	-19.8876	-30.3801	28.538	-2.502
44	61	-20.0877	-30.4502	28.7405	-2.5042
44	62	-20.2875	-30.5217	28.9437	-2.50632
44	63	-20.4868	-30.5943	29.1473	-2.50838
44	64	-20.6877	-30.6676	29.3526	-2.51041
44	65	-20.8902	-30.7433	29.5608	-2.51239
44	66	-21.0917	-30.8266	29.7728	-2.51411
44	67	-21.2948	-30.9053	29.9835	-2.51596
44	68	-21.4587	-31.02	30.1836	-2.51606
44	69	-21.5924	-31.1753	30.3829	-2.51449
44	70	-21.7096	-31.3501	30.5804	-2.51211
44	71	-21.817	-31.5429	30.7809	-2.5091
44	72	-21.9176	-31.7591	30.99	-2.5054
44	73	-22.0138	-32.0072	31.2152	-2.50084
44	74	-22.1086	-32.2982	31.4656	-2.49522
44	75	-22.1945	-32.594	31.7129	-2.48941
44	76	-22.2699	-32.8953	31.9563	-2.48334
44	77	-22.3314	-33.201	32.1926	-2.477
44	78	-22.3786	-33.5078	32.4196	-2.47045
44	79	-22.4139	-33.8139	32.6384	-2.46378
44	80	-22.4396	-34.1201	32.8512	-2.45701
44	81	-22.4553	-34.4282	33.0589	-2.45009
44	82	-22.4589	-34.7381	33.2602	-2.44298
44	83	-22.4491	-35.0479	33.4528	-2.4357
44	84	-22.4273	-35.3554	33.6366	-2.42832
44	85	-22.3959	-35.6605	33.8134	-2.42089
44	86	-22.3557	-35.9649	33.9851	-2.41338
44	87	-22.3049	-36.2697	34.151	-2.40573
44	88	-22.2411	-36.5737	34.3088	-2.39791
44	89	-22.1637	-36.8743	34.4564	-2.38997
44	90	-22.075	-37.1697	34.5944	-2.38198
44	91	-21.9771	-37.4609	34.7251	-2.37396
44	92	-21.8699	-37.7494	34.8494	-2.36587
44	93	-21.7515	-38.0353	34.9663	-2.35766
44	94	-21.6207	-38.3165	35.0735	-2.34935
44	95	-21.479	-38.5909	35.1705	-2.341
44	96	-21.3289	-38.8586	35.2593	-2.33266
44	97	-21.171	-39.1205	35.341	-2.32431
44	98	-21.0216	-39.341	35.4006	-2.31697
44	99	-20.8744	-39.5291	35.4396	-2.31032
44	100	-20.7243	-39.6919	35.4594	-2.3041
44	101	-20.5668	-39.8343	35.4604	-2.29811
44	102	-20.4176	-39.9808	35.4713	-2.29222
44	103	-20.2506	-40.075	35.4322	-2.28693
44	104	-20.0572	-40.1212	35.3405	-2.28194
44	105	-19.8531	-40.1427	35.224	-2.27715
44	106	-19.6516	-40.1663	35.1115	-2.27235
44	107	-19.4516	-40.1856	34.9977	-2.26763
44	108	-19.2532	-40.204	34.8848	-2.26293
44	109	-19.0557	-40.222	34.773	-2.25823
44	110	-18.8587	-40.2389	34.6614	-2.25352
44	111	-18.6623	-40.254	34.5496	-2.24884
44	112	-18.4669	-40.2675	34.4379	-2.24417
44	113	-18.2731	-40.2783	34.3259	-2.23956
44	114	-18.0812	-40.288	34.2149	-2.23499
44	115	-17.8911	-40.2947	34.1033	-2.23048
44	116	-17.7021	-40.3005	33.9924	-2.22598
44	117	-17.5136	-40.303	33.8799	-2.22152
44	118	-17.3249	-40.3054	33.7678	-2.21703
44	119	-17.1358	-40.3032	33.6526	-2.21259
44	120	-16.9464	-40.3008	33.5376	-2.2081
44	121	-16.757	-40.2931	33.419	-2.20369
44	122	-16.5682	-40.2822	33.2988	-2.19931
44	123	-16.3818	-40.2677	33.1778	-2.19502
44	124	-16.1973	-40.2503	33.0562	-2.1908
44	125	-16.0139	-40.2312	32.9344	-2.1866
44	126	-15.8332	-40.2087	32.8119	-2.18251
44	127	-15.6546	-40.1851	32.6903	-2.17845
44	128	-15.4787	-40.154	32.5646	-2.17456
44	129	-15.3044	-40.1223	32.4397	-2.17069
44	130	-15.1337	-40.0804	32.309	-2.16706
44	131	-14.9659	-40.0384	32.1802	-2.16348
44	132	-14.802	-39.9905	32.0491	-2.16007
44	133	-14.6415	-39.9359	31.9148	-2.15684
44	134	-14.4831	-39.8757	31.7771	-2.15374
44	135	-14.3293	-39.7969	31.6268	-2.15105
44	136	-14.1756	-39.6973	31.4593	-2.1487
44	137	-14.0238	-39.5794	31.2777	-2.14669
44	138	-13.8696	-39.4401	31.0769	-2.14497
44	139	-13.7263	-39.2937	30.8762	-2.14365
44	140	-13.5958	-39.1354	30.6725	-2.14287
44	141	-13.4759	-38.9643	30.4636	-2.1426
44	142	-13.3664	-38.7826	30.2516	-2.14281
44	143	-13.2647	-38.5945	30.0384	-2.14335
44	144	-13.1713	-38.4023	29.8263	-2.14421
44	145	-13.0841	-38.2089	29.6165	-2.14528
44	146	-13.0017	-38.0158	29.4096	-2.1465
44	147	-12.9223	-37.8225	29.2043	-2.14782
44	148	-12.8468	-37.6281	29.0003	-2.14929
44	149	-12.7744	-37.4334	28.7977	-2.15089
44	150	-12.7059	-37.2389	28.5974	-2.15261
44	151	-12.6422	-37.0417	28.3978	-2.15455
44	152	-12.5842	-36.8438	28.2008	-2.15671
44	153	-12.5301	-36.6473	28.0071	-2.15898
44	154	-12.48	-36.4531	27.8179	-2.16135
44	155	-12.4332	-36.2577	27.6297	-2.16388
44	156	-12.391	-36.0619	27.4438	-2.1666
44	157	-12.3507	-35.8669	27.2598	-2.16938
44	158	-12.3149	-35.6729	27.0795	-2.17233
48	0	22.8062	-44.2238	36.6784	-1.00067
48	1	22.7137	-43.9475	36.3959	-0.998718
48	2	22.6102	-43.6768	36.1124	-0.997068
48	3	22.5052	-43.447	35.8624	-0.996049
48	4	22.394	-43.2492	35.6359	-0.995651
48	5	22.2731	-43.0768	35.4254	-0.995868
48	6	22.1388	-42.9258	35.2257	-0.996736
48	7	21.9866	-42.7991	35.0367	-0.99842
48	8	21.8047	-42.7148	34.8676	-1.0015
48	9	21.5723	-42.7004	34.7306	-1.00691
48	10	21.34	-42.6973	34.6044	-1.01254
48	11	21.1109	-42.6898	34.4772	-1.01805
48	12	20.8864	-42.675	34.3472	-1.02339
48	13	20.6663	-42.6514	34.213	-1.02853
48	14	20.4494	-42.6215	34.0758	-1.03353
48	15	20.2323	-42.5956	33.9429	-1.03863
48	16	20.0158	-42.5692	33.8108	-1.04375
48	17	19.8008	-42.5426	33.6801	-1.04887
48	18	19.5882	-42.5193	33.5543	-1.05402
48	19	19.3786	-42.4936	33.4289	-1.05909
48	20	19.1716	-42.4649	33.3029	-1.06409
48	21	18.9654	-42.4382	33.1799	-1.06913
48	22	18.7599	-42.4093	33.0562	-1.07416
48	23	18.5555	-42.3768	32.9306	-1.07915
48	24	18.353	-42.3417	32.8044	-1.08408
48	25	18.1532	-42.3066	32.6803	-1.08899
48	26	17.9557	-42.2757	32.5619	-1.09392
48	27	17.7613	-42.2439	32.4448	-1.09879
48	28	17.5696	-42.2092	32.327	-1.10359
48	29	17.3796	-42.1747	32.2111	-1.10837
48	30	17.1911	-42.1431	32.0991	-1.11319
48	31	17.005	-42.1128	31.99	-1.11799
48	32	16.8223	-42.0839	31.8845	-1.12275
48	33	16.6435	-42.0564	31.7826	-1.12744
48	34	16.4688	-42.0298	31.6839	-1.13206
48	35	16.2975	-42.0036	31.5878	-1.13662
48	36	16.1279	-41.979	31.4944	-1.14118
48	37	15.9591	-41.957	31.4045	-1.14577
48	38	15.7901	-41.9407	31.3203	-1.15047
48	39	15.6202	-41.9355	31.2466	-1.15537
48	40	15.4463	-41.9522	31.1921	-1.16068
48	41	15.2679	-41.9961	31.1618	-1.1665
48	42	15.0871	-42.0652	31.1548	-1.1727
48	43	14.9006	-42.1626	31.173	-1.17943
48	44	14.7274	-42.2767	31.2131	-1.18595
48	45	14.5678	-42.4051	31.2728	-1.19223
48	46	14.4185	-42.5454	31.3486	-1.1983
48	47	14.2772	-42.693	31.4351	-1.2042
48	48	14.1414	-42.8453	31.5292	-1.20995
48	49	14.0116	-43.003	31.6314	-1.21555
48	50	13.8888	-43.1669	31.7427	-1.22098
48	51	13.7755	-43.3382	31.8653	-1.22616
48	52	13.676	-43.5195	32.0027	-1.231
48	53	13.5933	-43.7112	32.1562	-1.23541
48	54	13.5297	-43.9157	32.3286	-1.23935
48	55	13.4901	-44.1175	32.5067	-1.24252
48	56	13.4711	-44.3184	32.6909	-1.24505
48	57	13.4713	-44.5187	32.8808	-1.247
48	58	13.4841	-44.719	33.0747	-1.24856
48	59	13.5038	-44.9194	33.2711	-1.2499
48	60	13.5274	-45.1204	33.4694	-1.25113
48	61	13.555	-45.3216	33.669	-1.25223
48	62	13.5864	-45.5225	33.8696	-1.2532
48	63	13.621	-45.7218	34.0698	-1.25407
48	64	13.6573	-45.9186	34.2681	-1.25485
48	65	13.6942	-46.1121	34.4635	-1.25558
48	66	13.7306	-46.3026	34.6559	-1.25628
48	67	13.7689	-46.4903	34.8463	-1.2569
48	68	13.8062	-46.6773	35.0357	-1.25754
48	69	13.8426	-46.865	35.2255	-1.2582
48	70	13.8823	-47.0536	35.4171	-1.25877
48	71	13.9223	-47.2439	35.6105	-1.25934
48	72	13.9637	-47.4353	35.8055	-1.25988
48	73	14.0058	-47.6273	36.001	-1.2604
48	74	14.0483	-47.8189	36.1965	-1.26089
48	75	14.0912	-48.0104	36.392	-1.26138
48	76	14.1344	-48.2023	36.588	-1.26185
48	77	14.1781	-48.3957	36.7855	-1.26231
48	78	14.2229	-48.5913	36.9855	-1.26277
48	79	14.2696	-48.7892	37.1882	-1.26319
48	80	14.3186	-48.9887	37.3932	-1.26355
48	81	14.37	-49.1888	37.5995	-1.26386
48	82	14.423	-49.3891	37.8064	-1.26412
48	83	14.4769	-49.5898	38.014	-1.26436
48	84	14.5319	-49.7915	38.2229	-1.26458
48	85	14.5885	-49.9948	38.4338	-1.26477
48	86	14.6482	-50.1998	38.6473	-1.2649
48	87	14.7119	-50.4057	38.8628	-1.26493
48	88	14.7795	-50.6112	39.0791	-1.26487
48	89	14.85	-50.8155	39.2952	-1.26472
48	90	14.9209	-51.0197	39.5112	-1.26457
48	91	14.9921	-51.2243	39.7278	-1.26441
48	92	15.0658	-51.4293	39.9454	-1.2642
48	93	15.1436	-51.6343	40.1644	-1.26389
48	94	15.2302	-51.8369	40.3836	-1.26337
48	95	15.3538	-51.9929	40.5698	-1.26162
48	96	15.5184	-52.1049	40.7267	-1.25861
48	97	15.6958	-52.198	40.8701	-1.25518
48	98	15.886	-52.2747	41.0024	-1.25135
48	99	16.0939	-52.3334	41.1238	-1.247
48	100	16.3267	-52.3709	41.2339	-1.24194
48	101	16.5919	-52.3882	41.3366	-1.236
48	102	16.8778	-52.3912	41.4344	-1.22951
48	103	17.1646	-52.3835	41.524	-1.22294
48	104	17.453	-52.3635	41.6043	-1.21626
48	105	17.7416	-52.3283	41.6725	-1.20947
48	106	18.0276	-52.2775	41.7271	-1.20262
48	107	18.3094	-52.2133	41.7695	-1.19578
48	108	18.5876	-52.1381	41.8025	-1.18893
48	109	18.8637	-52.0517	41.8263	-1.18203
48	110	19.1377	-51.9514	41.8383	-1.17506
48	111	19.4068	-51.8348	41.8355	-1.16805
48	112	19.6677	-51.7033	41.8177	-1.16108
48	113	19.92	-51.5608	41.7885	-1.15418
48	114	20.1659	-51.4098	41.751	-1.14733
48	115	20.4073	-51.2499	41.7054	-1.14048
48	116	20.6437	-51.0782	41.6489	-1.1336
48	117	20.8719	-50.8926	41.5783	-1.12674
48	118	21.0886	-50.6945	41.4935	-1.11997
48	119	21.2944	-50.4878	41.398	-1.11332
48	120	21.491	-50.2739	41.2939	-1.10676
48	121	21.6798	-50.0518	41.1806	-1.10025
48	122	21.8597	-49.8193	41.0558	-1.09378
48	123	22.0275	-49.5763	40.9178	-1.08741
48	124	22.1814	-49.3256	40.7681	-1.0812
48	125	22.3228	-49.0699	40.6097	-1.07517
48	126	22.454	-48.8098	40.444	-1.06926
48	127	22.5755	-48.5435	40.2696	-1.06343
48	128	22.6853	-48.2695	40.0841	-1.05772
48	129	22.7804	-47.9891	39.8871	-1.05219
48	130	22.8602	-47.7057	39.6811	-1.04691
48	131	22.9273	-47.4215	39.4691	-1.04183
48	132	22.9843	-47.1359	39.2518	-1.03691
48	133	23.0312	-46.8469	39.0273	-1.0321
48	134	23.065	-46.5531	38.7929	-1.02747
48	135	23.0823	-46.2563	38.5481	-1.02311
48	136	23.0825	-45.9602	38.2957	-1.01907
48	137	23.0685	-45.667	38.0389	-1.01535
48	138	23.0429	-45.3758	37.7783	-1.01186
48	139	23.0056	-45.0849	37.5121	-1.00859
48	140	22.9543	-44.7942	37.239	-1.00559
48	141	22.8874	-44.5062	36.96	-1.00295
49	0	-13.5043	-45.4625	36.1128	-2.04574
49	1	-13.453	-45.2734	35.9212	-2.04688
49	2	-13.403	-45.0841	35.7301	-2.04806
49	3	-13.3538	-44.8946	35.5392	-2.04928
49	4	-13.305	-44.7045	35.348	-2.05053
49	5	-13.2565	-44.5132	35.1559	-2.05182
49	6	-13.2078	-44.3207	34.9628	-2.05313
49	7	-13.1599	-44.1269	34.7689	-2.05449
49	8	-13.1141	-43.932	34.5751	-2.05594
49	9	-13.0718	-43.7368	34.3827	-2.0575
49	10	-13.0341	-43.5424	34.1933	-2.05919
49	11	-13.0037	-43.3487	34.0081	-2.06107
49	12	-12.9845	-43.1551	33.8283	-2.06326
49	13	-12.9789	-42.9594	33.6533	-2.06587
49	14	-12.989	-42.7592	33.4821	-2.06897
49	15	-13.0185	-42.5519	33.3143	-2.07272
49	16	-13.0662	-42.3524	33.1627	-2.07688
49	17	-13.1317	-42.1609	33.0273	-2.08143
49	18	-13.2138	-41.9747	32.9054	-2.08637
49	19	-13.3093	-41.7946	32.7962	-2.09161
49	20	-13.4154	-41.6206	32.6986	-2.09707
49	21	-13.5327	-41.4556	32.6153	-2.10272
49	22	-13.6621	-41.3022	32.5493	-2.10854
49	23	-13.8067	-41.165	32.5061	-2.11452
49	24	-13.9696	-41.044	32.4875	-2.12074
49	25	-14.1415	-40.9436	32.4923	-2.12686
49	26	-14.3164	-40.866	32.5193	-2.13269
49	27	-14.4969	-40.8209	32.5778	-2.13812
49	28	-14.6852	-40.8052	32.6662	-2.14324
49	29	-14.8768	-40.8039	32.7692	-2.14817
49	30	-15.0706	-40.8094	32.88	-2.15302
49	31	-15.2662	-40.8176	32.9948	-2.15784
49	32	-15.4627	-40.8263	33.1113	-2.16263
49	33	-15.6593	-40.8367	33.23	-2.16737
49	34	-15.8551	-40.8475	33.3492	-2.17204
49	35	-16.0491	-40.8585	33.4684	-2.17664
49	36	-16.2411	-40.8694	33.587	-2.18115
49	37	-16.4313	-40.8819	33.7067	-2.18556
49	38	-16.6204	-40.8917	33.824	-2.18996
49	39	-16.8085	-40.8951	33.9364	-2.19442
49	40	-16.9951	-40.8921	34.0432	-2.19892
49	41	-17.1812	-40.8862	34.1481	-2.20343
49	42	-17.3676	-40.8842	34.2571	-2.20785
49	43	-17.5538	-40.8821	34.3664	-2.21224
49	44	-17.7394	-40.8816	34.4774	-2.21657
49	45	-17.9247	-40.8768	34.5854	-2.22093
49	46	-18.1102	-40.8677	34.6908	-2.22534
49	47	-18.2964	-40.8609	34.7991	-2.22971
49	48	-18.483	-40.8515	34.9063	-2.2341
49	49	-18.6695	-40.8404	35.0127	-2.23849
49	50	-18.855	-40.8318	35.1212	-2.24279
49	51	-19.0382	-40.8233	35.2289	-2.24701
49	52	-19.2184	-40.8175	35.3374	-2.25109
49	53	-19.3951	-40.8109	35.4437	-2.25509
49	54	-19.5685	-40.803	35.5474	-2.259
49	55	-19.7385	-40.7997	35.6531	-2.26275
49	56	-19.9051	-40.7946	35.7557	-2.26642
49	57	-20.0681	-40.7845	35.8527	-2.2701
49	58	-20.2271	-40.7686	35.9432	-2.27377
49	59	-20.3808	-40.7725	36.0456	-2.27695
49	60	-20.4948	-40.838	36.1695	-2.27817
49	61	-20.5984	-40.9428	36.3165	-2.27846
49	62	-20.6878	-41.0678	36.4696	-2.2781
49	63	-20.77	-41.2115	36.6322	-2.27726
49	64	-20.85	-41.3776	36.8105	-2.27598
49	65	-20.9293	-41.5727	37.0105	-2.2742
49	66	-21.0098	-41.8046	37.2396	-2.27182
49	67	-21.093	-42.0818	37.5052	-2.26874
49	68	-21.1642	-42.3612	37.7653	-2.26543
49	69	-21.2251	-42.6416	38.0199	-2.26194
49	70	-21.2765	-42.9237	38.2703	-2.25828
49	71	-21.3176	-43.2088	38.5171	-2.25441
49	72	-21.3461	-43.4973	38.759	-2.25028
49	73	-21.36	-43.7868	38.9933	-2.24589
49	74	-21.3602	-44.0747	39.2186	-2.2413
49	75	-21.3498	-44.3598	39.4359	-2.23661
49	76	-21.3312	-44.6429	39.6476	-2.23182
49	77	-21.3046	-44.926	39.8552	-2.22694
49	78	-21.268	-45.2102	40.0586	-2.22189
49	79	-21.2182	-45.4949	40.2554	-2.21662
49	80	-21.1532	-45.7772	40.4423	-2.21113
49	81	-21.0741	-46.0542	40.6179	-2.20549
49	82	-20.9842	-46.3254	40.7836	-2.19978
49	83	-20.8853	-46.5922	40.9418	-2.19399
49	84	-20.7768	-46.8563	41.0936	-2.18809
49	85	-20.6565	-47.1174	41.2377	-2.18205
49	86	-20.5228	-47.3734	41.3714	-2.17585
49	87	-20.3768	-47.6215	41.4932	-2.16956
49	88	-20.2213	-47.8612	41.6044	-2.16322
49	89	-20.0586	-48.0939	41.7074	-2.15687
49	90	-19.8885	-48.3214	41.8038	-2.15047
49	91	-19.7096	-48.544	41.8929	-2.14399
49	92	-19.5206	-48.7603	41.973	-2.13741
49	93	-19.3215	-48.9673	42.0417	-2.13077
49	94	-19.1146	-49.1645	42.0999	-2.12412
49	95	-18.9023	-49.3533	42.1499	-2.11748
49	96	-18.6847	-49.5358	42.1935	-2.11083
49	97	-18.4602	-49.712	42.2302	-2.10412
49	98	-18.227	-49.8799	42.2573	-2.09735
49	99	-17.9853	-50.0367	42.2723	-2.09054
49	100	-17.7373	-50.1812	42.2756	-2.08375
49	101	-17.4857	-50.3151	42.2697	-2.07701
49	102	-17.2309	-50.4407	42.2569	-2.0703
49	103	-16.9722	-50.5585	42.2374	-2.06358
49	104	-16.7086	-50.6671	42.2092	-2.05686
49	105	-16.4771	-50.7458	42.1714	-2.05114
49	106	-16.2697	-50.7969	42.1214	-2.04621
49	107	-16.08	-50.8238	42.0588	-2.04191
49	108	-15.9025	-50.8296	41.9838	-2.03808
49	109	-15.7331	-50.8168	41.8963	-2.03461
49	110	-15.5708	-50.7808	41.7917	-2.03152
49	111	-15.4361	-50.698	41.6578	-2.02951
49	112	-15.3343	-50.5529	41.4826	-2.02886
49	113	-15.2535	-50.3755	41.2877	-2.029
49	114	-15.1775	-50.1954	41.0926	-2.02928
49	115	-15.103	-50.0145	40.8973	-2.0296
49	116	-15.0289	-49.8335	40.7023	-2.02994
49	117	-14.955	-49.6528	40.5075	-2.03028
49	118	-14.8817	-49.4729	40.3138	-2.03063
49	119	-14.8087	-49.2934	40.1206	-2.03099
49	120	-14.7362	-49.1138	39.9275	-2.03136
49	121	-14.6646	-48.9338	39.7344	-2.03176
49	122	-14.5943	-48.7534	39.5416	-2.03219
49	123	-14.5255	-48.5733	39.3496	-2.03267
49	124	-14.4578	-48.3939	39.1589	-2.03316
49	125	-14.3908	-48.2153	38.9692	-2.03367
49	126	-14.3241	-48.0371	38.7799	-2.03418
49	127	-14.2572	-47.8584	38.5902	-2.0347
49	128	-14.1906	-47.6785	38.3995	-2.03524
49	129	-14.1249	-47.4965	38.2074	-2.03584
49	130	-14.0611	-47.3126	38.0144	-2.03651
49	131	-14	-47.1271	37.8212	-2.03727
49	132	-13.9417	-46.9411	37.6289	-2.03811
49	133	-13.8854	-46.7562	37.4385	-2.03899
49	134	-13.8301	-46.5726	37.2497	-2.03989
49	135	-13.7752	-46.3898	37.0618	-2.0408
49	136	-13.7204	-46.2069	36.874	-2.04172
49	137	-13.6655	-46.0231	36.6853	-2.04266
49	138	-13.6109	-45.8378	36.4955	-2.04363
49	139	-13.557	-45.6509	36.3044	-2.04466
