# CellID	NodeIndex	X	Y	R	Theta
8	0	53.8575	-7.44291	52.2613	0.112656
8	1	54.0212	-7.24113	52.447	0.116128
8	2	54.1731	-7.02882	52.6228	0.119801
8	3	54.3113	-6.80781	52.7868	0.123645
8	4	54.4361	-6.58054	52.9391	0.127614
8	5	54.5491	-6.34842	53.0812	0.131681
8	6	54.6516	-6.11136	53.2144	0.135844
8	7	54.7437	-5.86833	53.339	0.140125
8	8	54.8237	-5.61851	53.4537	0.144544
8	9	54.8896	-5.36246	53.5563	0.149097
8	10	54.9402	-5.10227	53.6456	0.153754
8	11	54.9762	-4.84021	53.7219	0.158472
8	12	54.9997	-4.57717	53.7872	0.163232
8	13	55.0121	-4.31262	53.8431	0.168042
8	14	55.0132	-4.04549	53.8894	0.172926
8	15	55.0011	-3.77542	53.9247	0.177899
8	16	54.9739	-3.50366	53.9467	0.182946
8	17	54.9312	-3.23266	53.9547	0.188029
8	18	54.8748	-2.96415	53.9502	0.193113
8	19	54.8068	-2.69799	53.9352	0.198198
8	20	54.7279	-2.43283	53.9108	0.203309
8	21	54.6364	-2.16765	53.8755	0.208472
8	22	54.5295	-1.90329	53.8263	0.213689
8	23	54.4054	-1.64287	53.7609	0.218912
8	24	54.2655	-1.38971	53.6801	0.224082
8	25	54.1135	-1.14438	53.5871	0.229176
8	26	53.9515	-0.904973	53.4844	0.234223
8	27	53.7793	-0.669655	53.3722	0.239261
8	28	53.5947	-0.438552	53.2483	0.244299
8	29	53.3962	-0.214138	53.1107	0.249302
8	30	53.1854	0.000871084	52.9601	0.254219
8	31	52.9653	0.206402	52.7993	0.259035
8	32	52.7374	0.404571	52.6304	0.263784
8	33	52.5007	0.596874	52.4526	0.2685
8	34	52.2528	0.782274	52.2634	0.273178
8	35	51.9934	0.957619	52.0614	0.277766
8	36	51.7249	1.12092	51.8485	0.282214
8	37	51.4501	1.2736	51.6276	0.286537
8	38	51.1688	1.41804	51.399	0.29078
8	39	50.8785	1.55415	51.1604	0.294955
8	40	50.5779	1.67847	50.9093	0.299008
8	41	50.2695	1.7865	50.6468	0.302841
8	42	49.9979	1.85872	50.4093	0.305815
8	43	49.7541	1.9027	50.1902	0.308113
8	44	49.5291	1.92525	49.9827	0.309908
8	45	49.3148	1.93148	49.7806	0.31134
8	46	49.1051	1.92354	49.5786	0.312483
8	47	48.8975	1.89778	49.3731	0.313279
8	48	48.6998	1.83537	49.1658	0.313311
8	49	48.5056	1.73499	48.9501	0.312583
8	50	48.3169	1.6249	48.7367	0.311624
8	51	48.1326	1.51071	48.5263	0.310549
8	52	47.953	1.39462	48.3199	0.309397
8	53	47.7779	1.27834	48.1177	0.308203
8	54	47.607	1.16211	47.9196	0.306974
8	55	47.4388	1.04287	47.7233	0.305657
8	56	47.2737	0.919996	47.5289	0.304237
8	57	47.1117	0.793996	47.3367	0.302722
8	58	46.9546	0.664294	47.1482	0.30109
8	59	46.8017	0.527657	46.9617	0.299277
8	60	46.6552	0.384881	46.7797	0.297284
8	61	46.5145	0.239186	46.6025	0.295179
8	62	46.3798	0.0916262	46.4309	0.292982
8	63	46.2489	-0.0552558	46.2632	0.29076
8	64	46.1225	-0.202344	46.1001	0.288489
8	65	45.998	-0.353232	45.9379	0.286112
8	66	45.8771	-0.508618	45.7782	0.283601
8	67	45.7598	-0.667144	45.6215	0.280984
8	68	45.6469	-0.827504	45.4687	0.278284
8	69	45.5411	-0.98929	45.3227	0.275493
8	70	45.4403	-1.15399	45.1811	0.272592
8	71	45.3485	-1.32152	45.0477	0.269559
8	72	45.2618	-1.4884	44.92	0.266492
8	73	45.1823	-1.65543	44.7995	0.263363
8	74	45.106	-1.82155	44.6828	0.260218
8	75	45.0381	-1.9918	44.5736	0.256918
8	76	44.9737	-2.16481	44.4677	0.253523
8	77	44.9278	-2.34603	44.378	0.24983
8	78	44.8925	-2.53474	44.2976	0.245899
8	79	44.8778	-2.73472	44.235	0.241595
8	80	44.88	-2.93746	44.1891	0.237128
8	81	44.9027	-3.1352	44.1651	0.232656
8	82	44.9449	-3.32828	44.1621	0.228181
8	83	45.0076	-3.51834	44.1806	0.22367
8	84	45.0845	-3.70588	44.2145	0.219148
8	85	45.1686	-3.8922	44.2565	0.214625
8	86	45.255	-4.07703	44.3021	0.210134
8	87	45.3434	-4.2625	44.3502	0.205628
8	88	45.4332	-4.44857	44.4006	0.201113
8	89	45.5237	-4.63496	44.4526	0.196597
8	90	45.6181	-4.82099	44.5092	0.192084
8	91	45.7156	-5.00527	44.5702	0.187608
8	92	45.8147	-5.18702	44.634	0.183193
8	93	45.9112	-5.36769	44.6964	0.178825
8	94	46.0079	-5.54583	44.7603	0.174525
8	95	46.1061	-5.7211	44.827	0.170294
8	96	46.2041	-5.89434	44.8947	0.166121
8	97	46.3045	-6.06989	44.9651	0.161901
8	98	46.408	-6.24569	45.0392	0.157679
8	99	46.5128	-6.42071	45.1157	0.153482
8	100	46.6181	-6.59416	45.1936	0.149334
8	101	46.723	-6.76607	45.2722	0.145234
8	102	46.8276	-6.93667	45.3513	0.141178
8	103	46.9316	-7.10661	45.4307	0.137152
8	104	47.0361	-7.27559	45.5115	0.13316
8	105	47.1404	-7.44372	45.5929	0.129201
8	106	47.2467	-7.60864	45.6774	0.125321
8	107	47.352	-7.77034	45.7621	0.121528
8	108	47.4614	-7.92708	45.8519	0.117845
8	109	47.5694	-8.08039	45.9415	0.114255
8	110	47.679	-8.22691	46.0339	0.110821
8	111	47.786	-8.36927	46.1248	0.107497
8	112	47.8929	-8.50602	46.2166	0.104308
8	113	47.9998	-8.63781	46.3095	0.101237
8	114	48.1097	-8.76305	46.4063	0.0983125
8	115	48.213	-8.88986	46.4968	0.0953802
8	116	48.3396	-8.97878	46.6146	0.0932226
8	117	48.4938	-9.04668	46.7618	0.0914699
8	118	48.668	-9.09375	46.931	0.0901323
8	119	48.8609	-9.13837	47.1192	0.0888206
8	120	49.0819	-9.17415	47.3361	0.0876535
8	121	49.3383	-9.20422	47.589	0.0865525
8	122	49.6148	-9.22222	47.8629	0.0856784
8	123	49.8888	-9.22889	48.1353	0.0850533
8	124	50.1609	-9.22505	48.4067	0.0846548
8	125	50.4322	-9.2102	48.6784	0.0844875
8	126	50.7032	-9.1821	48.9507	0.0845923
8	127	50.9724	-9.13838	49.2227	0.0850153
8	128	51.237	-9.07841	49.4914	0.0857686
8	129	51.4946	-9.00405	49.7545	0.0868141
8	130	51.7452	-8.91793	50.0116	0.0880952
8	131	51.9897	-8.82155	50.2638	0.0895772
8	132	52.2295	-8.7145	50.5122	0.0912634
8	133	52.4642	-8.5951	50.7569	0.0931846
8	134	52.692	-8.46188	50.9962	0.09537
8	135	52.9104	-8.31518	51.2278	0.0978146
8	136	53.118	-8.15721	51.45	0.100476
8	137	53.3152	-7.99046	51.6632	0.103305
8	138	53.5037	-7.81621	51.8688	0.106272
8	139	53.6845	-7.63415	52.0681	0.10938
9	0	-40.4873	2.31162	45.2028	2.78854
9	1	-40.5745	2.47316	45.3407	2.78586
9	2	-40.6637	2.63422	45.4806	2.78322
9	3	-40.7569	2.79176	45.6233	2.78071
9	4	-40.853	2.94794	45.7685	2.77825
9	5	-40.9517	3.10062	45.9151	2.77591
9	6	-41.0514	3.24907	46.0614	2.77367
9	7	-41.1542	3.3964	46.2104	2.7715
9	8	-41.2576	3.54264	46.3599	2.76937
9	9	-41.3617	3.6865	46.5092	2.7673
9	10	-41.4698	3.8314	46.6629	2.76525
9	11	-41.5826	3.97438	46.8204	2.7633
9	12	-41.695	4.11655	46.9775	2.76137
9	13	-41.8094	4.25337	47.1345	2.75958
9	14	-41.9253	4.39105	47.2935	2.75779
9	15	-42.0446	4.52553	47.4546	2.7561
9	16	-42.1635	4.65822	47.6147	2.75446
9	17	-42.2814	4.78827	47.7731	2.75287
9	18	-42.4058	4.91597	47.9366	2.75139
9	19	-42.5312	5.0443	48.1014	2.74991
9	20	-42.6631	5.16532	48.2696	2.74864
9	21	-42.7935	5.28532	48.436	2.74738
9	22	-42.9293	5.39429	48.6033	2.74638
9	23	-43.0675	5.49273	48.7688	2.74561
9	24	-43.1973	5.59704	48.9288	2.74467
9	25	-43.344	5.66347	49.0898	2.74458
9	26	-43.5211	5.6941	49.265	2.74539
9	27	-43.7022	5.734	49.4474	2.74606
9	28	-43.8986	5.75797	49.638	2.74714
9	29	-44.1177	5.76742	49.8439	2.74865
9	30	-44.3688	5.76112	50.0735	2.75069
9	31	-44.6626	5.73559	50.3356	2.75338
9	32	-44.9832	5.68867	50.6149	2.75664
9	33	-45.2983	5.62561	50.8836	2.76011
9	34	-45.6057	5.55031	51.1412	2.76372
9	35	-45.9069	5.46572	51.3903	2.76741
9	36	-46.2041	5.37142	51.6328	2.77121
9	37	-46.4972	5.2647	51.8678	2.77518
9	38	-46.7833	5.14422	52.0922	2.7793
9	39	-47.0599	5.01209	52.3044	2.78354
9	40	-47.3275	4.87121	52.5062	2.78784
9	41	-47.5882	4.72216	52.6996	2.79221
9	42	-47.8426	4.56302	52.8847	2.79668
9	43	-48.0886	4.39182	53.0589	2.80129
9	44	-48.3233	4.20933	53.2198	2.80599
9	45	-48.5458	4.01851	53.3676	2.81074
9	46	-48.7576	3.82143	53.5046	2.81551
9	47	-48.9606	3.61788	53.6322	2.82032
9	48	-49.1542	3.40642	53.7499	2.82519
9	49	-49.3367	3.18655	53.8555	2.83012
9	50	-49.5062	2.95978	53.948	2.83508
9	51	-49.6631	2.72836	54.0284	2.84004
9	52	-49.8088	2.49326	54.0984	2.84499
9	53	-49.9443	2.25385	54.1587	2.84995
9	54	-50.0688	2.00907	54.2082	2.85494
9	55	-50.1804	1.75893	54.2452	2.85994
9	56	-50.2779	1.50513	54.269	2.86493
9	57	-50.3617	1.24969	54.2805	2.86988
9	58	-50.4334	0.993391	54.2815	2.87479
9	59	-50.4939	0.735607	54.2726	2.87966
9	60	-50.5425	0.475233	54.2527	2.88453
9	61	-50.5769	0.212099	54.2197	2.88938
9	62	-50.5952	-0.0521592	54.1721	2.89419
9	63	-50.5973	-0.314889	54.1103	2.89891
9	64	-50.5851	-0.574313	54.0367	2.90352
9	65	-50.5608	-0.830353	53.9533	2.90802
9	66	-50.5256	-1.08393	53.8609	2.91245
9	67	-50.4787	-1.33581	53.7585	2.91682
9	68	-50.4187	-1.58565	53.6448	2.92111
9	69	-50.3443	-1.83182	53.5189	2.92529
9	70	-50.2561	-2.0723	53.3815	2.92934
9	71	-50.1555	-2.30605	53.2344	2.93323
9	72	-50.0442	-2.53337	53.0788	2.93699
9	73	-49.9226	-2.75513	52.915	2.94062
9	74	-49.7899	-2.9717	52.7421	2.94414
9	75	-49.6448	-3.18223	52.5589	2.94753
9	76	-49.4869	-3.38477	52.3652	2.95074
9	77	-49.3172	-3.57747	52.1622	2.95375
9	78	-49.1378	-3.75981	51.9521	2.95656
9	79	-48.9503	-3.93265	51.7362	2.95917
9	80	-48.755	-4.09711	51.5145	2.96163
9	81	-48.5511	-4.25342	51.286	2.96391
9	82	-48.3375	-4.40044	51.0499	2.96601
9	83	-48.1143	-4.53617	50.8065	2.96787
9	84	-47.883	-4.6592	50.5575	2.96948
9	85	-47.6456	-4.76976	50.3047	2.97083
9	86	-47.4032	-4.86921	50.0489	2.97197
9	87	-47.1553	-4.95857	49.7895	2.9729
9	88	-46.9006	-5.0373	49.5253	2.9736
9	89	-46.6382	-5.10304	49.2556	2.97403
9	90	-46.3695	-5.15301	48.9823	2.97412
9	91	-46.0974	-5.18634	48.7084	2.97386
9	92	-45.8248	-5.20493	48.4366	2.9733
9	93	-45.5526	-5.21079	48.1672	2.97247
9	94	-45.3151	-5.2022	47.9346	2.97146
9	95	-45.1019	-5.18056	47.7282	2.97026
9	96	-44.9045	-5.14798	47.5393	2.96888
9	97	-44.7169	-5.10216	47.3624	2.96724
9	98	-44.5377	-5.03903	47.197	2.96527
9	99	-44.376	-4.93784	47.0558	2.96255
9	100	-44.2227	-4.79487	46.9307	2.95897
9	101	-44.0771	-4.64176	46.8156	2.95519
9	102	-43.9351	-4.48818	46.7049	2.95139
9	103	-43.7957	-4.33654	46.597	2.94763
9	104	-43.6617	-4.18288	46.4954	2.94383
9	105	-43.5275	-4.03162	46.3939	2.94007
9	106	-43.3927	-3.88261	46.2919	2.93633
9	107	-43.2615	-3.73192	46.1946	2.93256
9	108	-43.1327	-3.5815	46.1001	2.92879
9	109	-43.0068	-3.43246	46.0089	2.92504
9	110	-42.8819	-3.28793	45.9182	2.92138
9	111	-42.7588	-3.14176	45.8303	2.91768
9	112	-42.6381	-2.994	45.7458	2.91395
9	113	-42.5186	-2.84579	45.6632	2.9102
9	114	-42.3987	-2.6984	45.5806	2.90645
9	115	-42.28	-2.5507	45.4999	2.90268
9	116	-42.1611	-2.4047	45.4192	2.89894
9	117	-42.0443	-2.25991	45.3409	2.89522
9	118	-41.9309	-2.11673	45.2662	2.89154
9	119	-41.8188	-1.97053	45.1941	2.88779
9	120	-41.7049	-1.82475	45.1207	2.88403
9	121	-41.5923	-1.67733	45.0497	2.88023
9	122	-41.4815	-1.52797	44.9816	2.87639
9	123	-41.3723	-1.37738	44.9161	2.87251
9	124	-41.2627	-1.22813	44.8504	2.86866
9	125	-41.1563	-1.07923	44.7884	2.86481
9	126	-41.0545	-0.931531	44.7311	2.86102
9	127	-40.9575	-0.786515	44.6784	2.8573
9	128	-40.8617	-0.64442	44.6266	2.85364
9	129	-40.7711	-0.500444	44.5809	2.84996
9	130	-40.6811	-0.358154	44.536	2.84632
9	131	-40.5982	-0.214055	44.4989	2.84268
9	132	-40.5187	-0.070813	44.4653	2.83908
9	133	-40.4462	0.0733831	44.4394	2.83549
9	134	-40.3816	0.218463	44.4218	2.83194
9	135	-40.3216	0.361553	44.4085	2.82846
9	136	-40.2699	0.504967	44.4038	2.82503
9	137	-40.2236	0.650446	44.4053	2.82159
9	138	-40.1919	0.80216	44.4232	2.81813
9	139	-40.1706	0.96257	44.4543	2.81455
9	140	-40.1685	1.13054	44.5065	2.81096
9	141	-40.1742	1.31005	44.5706	2.8072
9	142	-40.1991	1.48251	44.6509	2.80373
9	143	-40.2297	1.65163	44.7361	2.80039
9	144	-40.279	1.81679	44.8381	2.79729
9	145	-40.3366	1.98332	44.9487	2.79423
9	146	-40.4105	2.14685	45.074	2.79138
17	0	47.4054	-10.138	45.589	0.0698099
17	1	47.442	-9.91699	45.6414	0.0745854
17	2	47.4576	-9.70898	45.673	0.0791016
17	3	47.4559	-9.50885	45.6875	0.0834713
17	4	47.4363	-9.3119	45.6848	0.0878032
17	5	47.4255	-9.1134	45.6918	0.0921515
17	6	47.3585	-8.90951	45.6444	0.0967346
17	7	47.2364	-8.69872	45.5438	0.1016
17	8	47.1194	-8.48541	45.4496	0.10653
17	9	46.9987	-8.27771	45.3522	0.111367
17	10	46.88	-8.0741	45.2573	0.11613
17	11	46.7615	-7.87504	45.1632	0.120812
17	12	46.6454	-7.67727	45.0722	0.125478
17	13	46.5306	-7.47935	44.9836	0.130163
17	14	46.4133	-7.28256	44.8934	0.134848
17	15	46.2961	-7.08539	44.8042	0.139561
17	16	46.178	-6.89256	44.7146	0.144199
17	17	46.0631	-6.70129	44.6289	0.14881
17	18	45.9547	-6.50816	44.5508	0.153458
17	19	45.8482	-6.31394	44.4757	0.158139
17	20	45.7384	-6.12069	44.3982	0.162827
17	21	45.628	-5.92719	44.3211	0.167539
17	22	45.5182	-5.73379	44.2456	0.172263
17	23	45.4073	-5.54218	44.1697	0.176967
17	24	45.2961	-5.35437	44.0937	0.181604
17	25	45.1843	-5.16861	44.0178	0.186213
17	26	45.0741	-4.98513	43.9439	0.190781
17	27	44.9637	-4.80367	43.8703	0.195319
17	28	44.8512	-4.62528	43.795	0.199814
17	29	44.7372	-4.45039	43.7185	0.204252
17	30	44.6216	-4.28284	43.6397	0.208549
17	31	44.5068	-4.12087	43.5613	0.212732
17	32	44.3883	-3.96613	43.4785	0.216786
17	33	44.2704	-3.81438	43.3963	0.220786
17	34	44.1443	-3.66939	43.3053	0.22469
17	35	44.0116	-3.52977	43.2075	0.228525
17	36	43.8564	-3.40228	43.0854	0.232223
17	37	43.6808	-3.28299	42.9423	0.235867
17	38	43.4822	-3.17565	42.7746	0.239392
17	39	43.281	-3.08793	42.6001	0.242513
17	40	43.0751	-3.02096	42.4164	0.245211
17	41	42.8643	-2.97047	42.2243	0.247583
17	42	42.6506	-2.93227	42.0266	0.24971
17	43	42.4354	-2.90175	41.8257	0.251689
17	44	42.2187	-2.87847	41.6217	0.253527
17	45	42.0003	-2.86194	41.4145	0.255236
17	46	41.7806	-2.85325	41.2041	0.256787
17	47	41.5608	-2.85278	40.9917	0.25816
17	48	41.3424	-2.86094	40.7785	0.259333
17	49	41.1267	-2.87701	40.5659	0.260314
17	50	40.9138	-2.90101	40.354	0.261097
17	51	40.7033	-2.93385	40.1422	0.26166
17	52	40.4949	-2.97883	39.9292	0.261922
17	53	40.2889	-3.04058	39.7143	0.261764
17	54	40.0829	-3.12414	39.4937	0.261069
17	55	39.8779	-3.2312	39.268	0.259783
17	56	39.692	-3.35194	39.0574	0.258018
17	57	39.5217	-3.48641	38.8585	0.25579
17	58	39.3672	-3.63562	38.6714	0.253069
17	59	39.2255	-3.79871	38.4936	0.249888
17	60	39.093	-3.97036	38.323	0.246404
17	61	38.966	-4.1466	38.1571	0.242736
17	62	38.8434	-4.32636	37.9952	0.238919
17	63	38.7242	-4.50859	37.8366	0.234985
17	64	38.609	-4.69228	37.6821	0.230956
17	65	38.4993	-4.87932	37.5328	0.226774
17	66	38.3955	-5.06711	37.3897	0.222505
17	67	38.296	-5.25273	37.2521	0.218234
17	68	38.1999	-5.43497	37.1191	0.214002
17	69	38.1059	-5.61785	36.9888	0.20971
17	70	38.0147	-5.8011	36.8618	0.205362
17	71	37.9265	-5.98389	36.7385	0.200981
17	72	37.8432	-6.17147	36.6198	0.196416
17	73	37.7667	-6.36144	36.5081	0.191721
17	74	37.6968	-6.55072	36.4039	0.186983
17	75	37.6349	-6.73771	36.3087	0.182239
17	76	37.5758	-6.92299	36.2174	0.177504
17	77	37.5247	-7.10776	36.1349	0.172721
17	78	37.4752	-7.29173	36.0549	0.16793
17	79	37.4372	-7.47768	35.9868	0.163012
17	80	37.4058	-7.66822	35.9254	0.157921
17	81	37.396	-7.8664	35.885	0.15251
17	82	37.4041	-8.07287	35.8623	0.146785
17	83	37.4357	-8.28971	35.8625	0.140675
17	84	37.4836	-8.49841	35.8813	0.134728
17	85	37.5482	-8.70019	35.9188	0.12892
17	86	37.6296	-8.89657	35.9748	0.123215
17	87	37.7285	-9.09027	36.0498	0.117546
17	88	37.8354	-9.28178	36.1341	0.111935
17	89	37.9467	-9.47291	36.2239	0.106349
17	90	38.0604	-9.66432	36.3172	0.100776
17	91	38.178	-9.85534	36.4156	0.0952317
17	92	38.2976	-10.0452	36.5171	0.0897435
17	93	38.4178	-10.2333	36.6205	0.0843349
17	94	38.5382	-10.4195	36.7253	0.0790078
17	95	38.658	-10.6052	36.8306	0.0737226
17	96	38.7793	-10.7903	36.9384	0.0684834
17	97	38.9023	-10.975	37.049	0.0632835
17	98	39.0288	-11.1571	37.1642	0.0581776
17	99	39.1532	-11.3391	37.2783	0.0531109
17	100	39.2753	-11.5204	37.391	0.0480939
17	101	39.4017	-11.6967	37.5093	0.0432391
17	102	39.5264	-11.8731	37.6267	0.0384118
17	103	39.651	-12.0496	37.7449	0.0336124
17	104	39.779	-12.2242	37.8673	0.02889
17	105	39.9078	-12.3979	37.9915	0.0242217
17	106	40.0376	-12.5694	38.1174	0.019641
17	107	40.1651	-12.7367	38.2421	0.0152029
17	108	40.2914	-12.8994	38.3662	0.0109102
17	109	40.4172	-13.0585	38.4906	0.00674307
17	110	40.5431	-13.2125	38.6157	0.00273267
17	111	40.6708	-13.3615	38.7433	-0.00112223
17	112	40.8029	-13.5027	38.8759	-0.00475114
17	113	40.9293	-13.6449	39.0032	-0.00838146
17	114	41.0815	-13.7463	39.1563	-0.0109375
17	115	41.2707	-13.812	39.3463	-0.0125547
17	116	41.4808	-13.8571	39.5569	-0.0136281
17	117	41.7119	-13.888	39.7885	-0.0143251
17	118	41.9717	-13.9072	40.0486	-0.0147128
17	119	42.2689	-13.9146	40.3458	-0.0147881
17	120	42.5654	-13.9104	40.6422	-0.0145771
17	121	42.8621	-13.8927	40.9387	-0.0140393
17	122	43.1579	-13.8583	41.234	-0.0131026
17	123	43.4495	-13.8058	41.5248	-0.0117468
17	124	43.7341	-13.7374	41.8088	-0.0100313
17	125	44.0121	-13.6559	42.086	-0.00802831
17	126	44.2851	-13.5619	42.3583	-0.0057567
17	127	44.5534	-13.4535	42.6261	-0.00317836
17	128	44.8152	-13.3288	42.8877	-0.000250546
17	129	45.0671	-13.1882	43.1398	0.00300963
17	130	45.3078	-13.0348	43.3812	0.00652793
17	131	45.5385	-12.8714	43.6133	0.0102398
17	132	45.7611	-12.6984	43.838	0.0141347
17	133	45.9761	-12.514	44.056	0.0182518
17	134	46.1816	-12.3159	44.2655	0.0226409
17	135	46.3742	-12.1041	44.4632	0.0273049
17	136	46.5516	-11.8813	44.6473	0.032185
17	137	46.715	-11.6504	44.8185	0.0372158
17	138	46.8663	-11.4125	44.9792	0.0423768
17	139	47.0066	-11.1666	45.1304	0.0476902
17	140	47.1344	-10.9116	45.2709	0.0531817
17	141	47.2473	-10.6484	45.3984	0.0588374
17	142	47.3428	-10.3796	45.5103	0.0646119
18	0	-34.1041	-1.79352	37.8298	2.83203
18	1	-34.1977	-1.61305	37.9742	2.82826
18	2	-34.2946	-1.4373	38.1207	2.82465
18	3	-34.3941	-1.26663	38.2687	2.82123
18	4	-34.4942	-1.09964	38.4165	2.81792
18	5	-34.5969	-0.937488	38.5657	2.81478
18	6	-34.7031	-0.776895	38.718	2.81173
18	7	-34.8175	-0.62238	38.8764	2.80893
18	8	-34.9337	-0.471051	39.0358	2.80623
18	9	-35.0564	-0.328064	39.1988	2.80382
18	10	-35.1817	-0.191621	39.3623	2.8016
18	11	-35.3065	-0.0593673	39.5242	2.7995
18	12	-35.4372	0.0635131	39.6886	2.79769
18	13	-35.5694	0.182951	39.8534	2.79599
18	14	-35.7095	0.299128	40.0246	2.79444
18	15	-35.8717	0.394821	40.2097	2.79358
18	16	-36.0434	0.494435	40.4051	2.79271
18	17	-36.2331	0.569791	40.6091	2.79256
18	18	-36.4238	0.637347	40.8115	2.7926
18	19	-36.6229	0.678786	41.0127	2.79331
18	20	-36.8273	0.707951	41.2148	2.79434
18	21	-37.0333	0.719562	41.4125	2.79577
18	22	-37.238	0.725355	41.6071	2.79731
18	23	-37.4412	0.722257	41.7974	2.79902
18	24	-37.6431	0.716221	41.9856	2.80077
18	25	-37.8447	0.704483	42.1718	2.80263
18	26	-38.0464	0.687843	42.3565	2.80458
18	27	-38.2483	0.662888	42.5389	2.80671
18	28	-38.4499	0.627241	42.7177	2.80905
18	29	-38.6496	0.574092	42.8892	2.81174
18	30	-38.8469	0.501426	43.0526	2.81482
18	31	-39.0429	0.40821	43.2086	2.81832
18	32	-39.2301	0.297522	43.3512	2.82211
18	33	-39.4027	0.174451	43.4768	2.82604
18	34	-39.5599	0.0359601	43.5836	2.83018
18	35	-39.7062	-0.118716	43.676	2.83458
18	36	-39.8474	-0.281766	43.7617	2.83911
18	37	-39.9868	-0.449727	43.8452	2.84371
18	38	-40.125	-0.621825	43.9272	2.84838
18	39	-40.2614	-0.795181	44.0082	2.85305
18	40	-40.3966	-0.967725	44.0892	2.85767
18	41	-40.5306	-1.13893	44.1703	2.86224
18	42	-40.6618	-1.31079	44.2495	2.86679
18	43	-40.7933	-1.48279	44.3299	2.87133
18	44	-40.9254	-1.65341	44.4121	2.87583
18	45	-41.0571	-1.82434	44.4947	2.88031
18	46	-41.1879	-1.99599	44.5771	2.88479
18	47	-41.319	-2.16377	44.6617	2.88917
18	48	-41.452	-2.32723	44.7502	2.89345
18	49	-41.5797	-2.49354	44.8335	2.89775
18	50	-41.7115	-2.65718	44.9223	2.90199
18	51	-41.8482	-2.8196	45.017	2.90622
18	52	-41.9805	-2.98889	45.1065	2.91055
18	53	-42.1149	-3.15588	45.1995	2.91483
18	54	-42.2507	-3.32094	45.2952	2.91905
18	55	-42.3794	-3.48693	45.3844	2.92324
18	56	-42.5084	-3.64882	45.4757	2.92733
18	57	-42.6378	-3.8088	45.5685	2.93137
18	58	-42.766	-3.9698	45.6607	2.9354
18	59	-42.8942	-4.13201	45.7533	2.93945
18	60	-43.019	-4.29457	45.8433	2.94347
18	61	-43.1413	-4.45628	45.9317	2.94744
18	62	-43.26	-4.61422	46.0181	2.95131
18	63	-43.3744	-4.76882	46.1016	2.95507
18	64	-43.4847	-4.92079	46.182	2.95875
18	65	-43.591	-5.07126	46.2595	2.96236
18	66	-43.6921	-5.21997	46.3327	2.96591
18	67	-43.7848	-5.36955	46.3982	2.96943
18	68	-43.889	-5.50935	46.4771	2.97278
18	69	-43.9355	-5.66345	46.4974	2.97622
18	70	-43.9646	-5.8285	46.4992	2.97982
18	71	-43.9567	-6.00439	46.4634	2.98353
18	72	-43.9436	-6.19099	46.4215	2.98745
18	73	-43.9164	-6.3943	46.3638	2.9917
18	74	-43.8678	-6.62065	46.2824	2.99638
18	75	-43.7973	-6.87822	46.176	3.00167
18	76	-43.7168	-7.13207	46.0616	3.00689
18	77	-43.6249	-7.38256	45.9375	3.01202
18	78	-43.5197	-7.62976	45.8018	3.01708
18	79	-43.3984	-7.87174	45.6519	3.02201
18	80	-43.2602	-8.10508	45.4873	3.02674
18	81	-43.1073	-8.32712	45.3105	3.03122
18	82	-42.943	-8.53785	45.1244	3.03546
18	83	-42.7691	-8.73902	44.9305	3.0395
18	84	-42.5852	-8.93204	44.7282	3.04338
18	85	-42.3897	-9.11657	44.5159	3.04707
18	86	-42.1816	-9.29038	44.2926	3.05053
18	87	-41.9623	-9.45103	44.0598	3.05371
18	88	-41.7343	-9.59794	43.8199	3.0566
18	89	-41.4995	-9.73256	43.5747	3.05922
18	90	-41.2579	-9.85649	43.3239	3.06161
18	91	-41.0079	-9.96964	43.0657	3.06376
18	92	-40.7483	-10.0697	42.7992	3.06562
18	93	-40.48	-10.1534	42.5254	3.06711
18	94	-40.2062	-10.2196	42.2474	3.06819
18	95	-39.9294	-10.2701	41.9678	3.0689
18	96	-39.65	-10.3072	41.6863	3.06931
18	97	-39.3664	-10.3316	41.4017	3.0694
18	98	-39.0779	-10.3414	41.1133	3.06913
18	99	-38.7862	-10.3347	40.8229	3.06845
18	100	-38.4947	-10.3104	40.5339	3.06732
18	101	-38.2443	-10.2732	40.287	3.06594
18	102	-38.0268	-10.2243	40.0738	3.06431
18	103	-37.8307	-10.1706	39.8826	3.06259
18	104	-37.6536	-10.1031	39.7115	3.06055
18	105	-37.4879	-10.026	39.5527	3.05827
18	106	-37.352	-9.91277	39.4268	3.05512
18	107	-37.2329	-9.7642	39.3213	3.05109
18	108	-37.1038	-9.61712	39.2064	3.04706
18	109	-36.9785	-9.45926	39.0968	3.04273
18	110	-36.8556	-9.29525	38.9912	3.03824
18	111	-36.7349	-9.12703	38.8888	3.03361
18	112	-36.6148	-8.95659	38.7882	3.02891
18	113	-36.4948	-8.78413	38.6889	3.02413
18	114	-36.3742	-8.6094	38.59	3.01927
18	115	-36.2518	-8.43207	38.4906	3.01431
18	116	-36.1287	-8.25112	38.392	3.00923
18	117	-36.0065	-8.06653	38.2958	3.00403
18	118	-35.8851	-7.8805	38.2016	2.99877
18	119	-35.7637	-7.69555	38.1083	2.99351
18	120	-35.6458	-7.51016	38.0195	2.98823
18	121	-35.5261	-7.32717	37.9297	2.98298
18	122	-35.4031	-7.14649	37.8373	2.97775
18	123	-35.2854	-6.962	37.7518	2.97242
18	124	-35.1665	-6.77903	37.6659	2.9671
18	125	-35.0475	-6.59891	37.5805	2.96183
18	126	-34.9383	-6.41768	37.506	2.95656
18	127	-34.8256	-6.2378	37.4288	2.95128
18	128	-34.7111	-6.05804	37.3509	2.94598
18	129	-34.598	-5.87566	37.276	2.94059
18	130	-34.4839	-5.69197	37.2014	2.93514
18	131	-34.3704	-5.50652	37.1289	2.92962
18	132	-34.257	-5.31898	37.0581	2.92403
18	133	-34.1463	-5.13073	36.9912	2.91841
18	134	-34.0381	-4.9418	36.9281	2.91278
18	135	-33.9333	-4.7524	36.8696	2.90713
18	136	-33.8322	-4.56201	36.816	2.90146
18	137	-33.7397	-4.36836	36.7729	2.89575
18	138	-33.667	-4.17135	36.7509	2.89007
18	139	-33.6149	-3.96787	36.7517	2.88435
18	140	-33.5813	-3.75739	36.7733	2.87858
18	141	-33.5671	-3.53841	36.8171	2.87274
18	142	-33.5736	-3.32911	36.8796	2.86731
18	143	-33.5979	-3.12691	36.9583	2.86223
18	144	-33.6427	-2.93119	37.0556	2.85748
18	145	-33.7052	-2.73779	37.1702	2.85296
18	146	-33.7765	-2.54653	37.2934	2.84859
18	147	-33.8521	-2.35585	37.4212	2.84429
18	148	-33.932	-2.16623	37.5535	2.84009
18	149	-34.0162	-1.9785	37.6899	2.83599
25	0	40.0164	-15.1562	38.1333	-0.0482241
25	1	40.0956	-14.9149	38.2015	-0.0418129
25	2	40.1503	-14.6918	38.2475	-0.0359272
25	3	40.1843	-14.4795	38.2745	-0.030352
25	4	40.2004	-14.2736	38.2848	-0.0249614
25	5	40.1936	-14.0705	38.2735	-0.0196608
25	6	40.1438	-13.8733	38.2203	-0.0145287
25	7	40.0454	-13.6743	38.1195	-0.00934579
25	8	39.9299	-13.4791	38.0027	-0.00423872
25	9	39.8128	-13.2876	37.8854	0.000802135
25	10	39.6963	-13.099	37.7694	0.00579962
25	11	39.5785	-12.9135	37.6531	0.0107445
25	12	39.4613	-12.7292	37.5385	0.0156852
25	13	39.3452	-12.5463	37.4257	0.0206206
25	14	39.2273	-12.3656	37.312	0.0255299
25	15	39.1073	-12.1857	37.1971	0.0304453
25	16	38.9893	-12.0052	37.0851	0.0354071
25	17	38.8703	-11.826	36.973	0.0403642
25	18	38.7499	-11.6478	36.8603	0.0453279
25	19	38.628	-11.4699	36.747	0.0503131
25	20	38.5068	-11.291	36.6354	0.0553566
25	21	38.3843	-11.1136	36.5234	0.0603938
25	22	38.2605	-10.9388	36.4108	0.0653913
25	23	38.1367	-10.7662	36.2991	0.0703579
25	24	38.0141	-10.5948	36.1892	0.0753205
25	25	37.8915	-10.4246	36.0802	0.0802803
25	26	37.7676	-10.2561	35.9707	0.0852252
25	27	37.6425	-10.0898	35.8607	0.0901419
25	28	37.5142	-9.9289	35.7478	0.0949489
25	29	37.3848	-9.77309	35.6341	0.0996465
25	30	37.2526	-9.62415	35.5178	0.104189
25	31	37.1206	-9.48188	35.4016	0.108574
25	32	36.9874	-9.34506	35.2843	0.112838
25	33	36.8516	-9.21191	35.1647	0.117035
25	34	36.7056	-9.08828	35.0344	0.121026
25	35	36.549	-8.97055	34.8934	0.124917
25	36	36.3703	-8.86864	34.729	0.12847
25	37	36.172	-8.77621	34.5444	0.131859
25	38	35.9703	-8.70765	34.3536	0.13461
25	39	35.7671	-8.65644	34.1592	0.136893
25	40	35.5613	-8.62387	33.9598	0.138671
25	41	35.3523	-8.60536	33.7554	0.14007
25	42	35.1434	-8.59549	33.55	0.14123
25	43	34.9339	-8.59086	33.3432	0.142252
25	44	34.7243	-8.59127	33.1357	0.143137
25	45	34.5147	-8.59605	32.9275	0.143901
25	46	34.3057	-8.60589	32.7193	0.144519
25	47	34.0986	-8.62173	32.5121	0.144955
25	48	33.8949	-8.64367	32.3073	0.145193
25	49	33.6949	-8.66808	32.1059	0.145342
25	50	33.4984	-8.69679	31.9073	0.145344
25	51	33.304	-8.72746	31.7106	0.145275
25	52	33.1123	-8.76634	31.5153	0.144935
25	53	32.921	-8.80573	31.3203	0.144572
25	54	32.733	-8.8609	31.1262	0.143689
25	55	32.5446	-8.91764	30.9317	0.142745
25	56	32.3654	-9.00016	30.7426	0.140918
25	57	32.1839	-9.0885	30.5506	0.138889
25	58	32.014	-9.20699	30.3661	0.135799
25	59	31.8571	-9.3236	30.195	0.132677
25	60	31.7285	-9.45685	30.0501	0.128847
25	61	31.6069	-9.59114	29.9125	0.124917
25	62	31.4997	-9.73567	29.7884	0.120552
25	63	31.3923	-9.88033	29.6646	0.116146
25	64	31.2921	-10.034	29.5477	0.111372
25	65	31.1912	-10.1915	29.4303	0.106435
25	66	31.0994	-10.3576	29.3218	0.101136
25	67	31.0098	-10.5257	29.216	0.0957219
25	68	30.9265	-10.6983	29.1171	0.0900941
25	69	30.8434	-10.8739	29.019	0.0843263
25	70	30.7628	-11.0523	28.9242	0.0784123
25	71	30.6846	-11.2322	28.8326	0.0724044
25	72	30.6093	-11.4123	28.745	0.0663459
25	73	30.5347	-11.5969	28.6589	0.0600927
25	74	30.4613	-11.784	28.5751	0.0537096
25	75	30.393	-11.9723	28.4973	0.0472394
25	76	30.325	-12.1632	28.421	0.0406426
25	77	30.2604	-12.356	28.3492	0.0339407
25	78	30.1979	-12.5491	28.2808	0.0271904
25	79	30.1375	-12.7458	28.2158	0.020283
25	80	30.0787	-12.9454	28.1536	0.0132357
25	81	30.0263	-13.1485	28.0994	0.00603366
25	82	29.9787	-13.3532	28.0513	-0.00125348
25	83	29.9401	-13.5594	28.0137	-0.00861662
25	84	29.9104	-13.7649	27.9865	-0.0159674
25	85	29.9006	-13.9677	27.9807	-0.0232212
25	86	29.9088	-14.1708	27.9943	-0.0304673
25	87	29.9357	-14.3756	28.0282	-0.0377429
25	88	29.9803	-14.5863	28.0814	-0.0451788
25	89	30.0418	-14.7877	28.1527	-0.0522285
25	90	30.1218	-14.9817	28.2433	-0.0589382
25	91	30.223	-15.1696	28.356	-0.0653456
25	92	30.3405	-15.3528	28.4858	-0.0714906
25	93	30.469	-15.5314	28.6272	-0.0773955
25	94	30.6004	-15.7059	28.7721	-0.0830896
25	95	30.7334	-15.8767	28.9194	-0.0885908
25	96	30.8653	-16.046	29.0661	-0.0939923
25	97	30.9972	-16.214	29.2136	-0.0992945
25	98	31.1312	-16.3801	29.3638	-0.104469
25	99	31.2662	-16.5454	29.5157	-0.109563
25	100	31.4006	-16.7104	29.6677	-0.114596
25	101	31.5369	-16.8714	29.8219	-0.119438
25	102	31.6709	-17.0311	29.9743	-0.124196
25	103	31.8026	-17.1897	30.125	-0.128878
25	104	31.9356	-17.3452	30.2772	-0.133407
25	105	32.0686	-17.4999	30.4298	-0.137864
25	106	32.2021	-17.6538	30.5835	-0.142249
25	107	32.3365	-17.8062	30.7385	-0.146536
25	108	32.4706	-17.9568	30.8933	-0.150726
25	109	32.6037	-18.1045	31.0474	-0.154785
25	110	32.7355	-18.2489	31.2001	-0.158705
25	111	32.8659	-18.39	31.3514	-0.162491
25	112	32.9964	-18.5272	31.5026	-0.16612
25	113	33.1256	-18.6592	31.652	-0.169559
25	114	33.2551	-18.785	31.8011	-0.17277
25	115	33.3882	-18.9007	31.9522	-0.175621
25	116	33.5135	-19.0168	32.096	-0.178499
25	117	33.6532	-19.0993	32.2481	-0.180248
25	118	33.8243	-19.1355	32.423	-0.180403
25	119	34.0063	-19.1645	32.6073	-0.180276
25	120	34.2057	-19.1724	32.8049	-0.179422
25	121	34.4252	-19.1748	33.0213	-0.178306
25	122	34.6741	-19.1612	33.2639	-0.176578
25	123	34.963	-19.1332	33.5434	-0.174244
25	124	35.2526	-19.0935	33.8219	-0.171602
25	125	35.543	-19.0399	34.099	-0.168601
25	126	35.8314	-18.9697	34.3717	-0.165179
25	127	36.1141	-18.8834	34.6367	-0.161379
25	128	36.3901	-18.7842	34.8934	-0.157301
25	129	36.6607	-18.6741	35.1437	-0.153001
25	130	36.9275	-18.5526	35.3893	-0.148458
25	131	37.1899	-18.4174	35.6293	-0.143618
25	132	37.4451	-18.2681	35.8609	-0.138479
25	133	37.6908	-18.107	36.0826	-0.133116
25	134	37.928	-17.9369	36.2956	-0.127602
25	135	38.1586	-17.7581	36.5022	-0.12194
25	136	38.3832	-17.5686	36.7027	-0.116072
25	137	38.5996	-17.3661	36.8948	-0.10994
25	138	38.804	-17.1509	37.0752	-0.103567
25	139	38.995	-16.9265	37.2428	-0.0970441
25	140	39.1746	-16.6955	37.3999	-0.0904305
25	141	39.3447	-16.4576	37.5487	-0.0837107
25	142	39.5051	-16.211	37.6889	-0.0768343
25	143	39.6534	-15.9551	37.818	-0.0697879
25	144	39.7874	-15.6924	37.9343	-0.0626319
25	145	39.908	-15.4258	38.0389	-0.0554397
26	0	-27.341	-8.60506	29.6455	2.98194
26	1	-27.3927	-8.37618	29.7337	2.97461
26	2	-27.4475	-8.14765	29.8266	2.96736
26	3	-27.5073	-7.91889	29.9258	2.96018
26	4	-27.5736	-7.69107	30.0329	2.95312
26	5	-27.6465	-7.46585	30.1474	2.94623
26	6	-27.7226	-7.24546	30.2655	2.93958
26	7	-27.801	-7.0284	30.3865	2.9331
26	8	-27.8807	-6.81497	30.5093	2.9268
26	9	-27.9634	-6.60417	30.6356	2.92065
26	10	-28.0514	-6.39643	30.7675	2.91469
26	11	-28.1455	-6.19288	30.9056	2.90895
26	12	-28.2434	-5.99565	31.0467	2.9035
26	13	-28.3447	-5.80444	31.1907	2.89831
26	14	-28.4503	-5.61838	31.3384	2.89336
26	15	-28.5612	-5.43627	31.491	2.88862
26	16	-28.6773	-5.25896	31.6481	2.88411
26	17	-28.8031	-5.08835	31.8135	2.87993
26	18	-28.9477	-4.92672	31.9952	2.87622
26	19	-29.1144	-4.7758	32.1958	2.87306
26	20	-29.303	-4.63656	32.4147	2.87046
26	21	-29.499	-4.51935	32.6349	2.86861
26	22	-29.7034	-4.42515	32.8572	2.86752
26	23	-29.9187	-4.35002	33.0848	2.8671
26	24	-30.1401	-4.28782	33.3147	2.8671
26	25	-30.3666	-4.23563	33.547	2.86743
26	26	-30.5982	-4.19309	33.7815	2.86808
26	27	-30.8329	-4.16159	34.0159	2.86905
26	28	-31.068	-4.14231	34.2475	2.87036
26	29	-31.3012	-4.13451	34.4743	2.87195
26	30	-31.5317	-4.13791	34.6957	2.87381
26	31	-31.76	-4.15522	34.9113	2.87602
26	32	-31.9851	-4.19463	35.1183	2.87879
26	33	-32.2102	-4.26001	35.319	2.88223
26	34	-32.4356	-4.35058	35.5139	2.88632
26	35	-32.6388	-4.45775	35.6838	2.89067
26	36	-32.8183	-4.5833	35.8269	2.89531
26	37	-32.9793	-4.72483	35.9489	2.90022
26	38	-33.1293	-4.87603	36.0589	2.90528
26	39	-33.2734	-5.03351	36.1627	2.91045
26	40	-33.414	-5.19523	36.2629	2.91568
26	41	-33.552	-5.3621	36.3605	2.921
26	42	-33.6893	-5.53543	36.4571	2.92646
26	43	-33.8267	-5.71594	36.5535	2.93209
26	44	-33.9615	-5.90199	36.6472	2.93782
26	45	-34.0943	-6.09206	36.7394	2.94362
26	46	-34.2247	-6.2824	36.8304	2.94938
26	47	-34.3554	-6.47326	36.9229	2.95513
26	48	-34.4854	-6.66424	37.0158	2.96086
26	49	-34.615	-6.85624	37.1094	2.96657
26	50	-34.7444	-7.04857	37.2039	2.97227
26	51	-34.873	-7.23982	37.2991	2.9779
26	52	-34.9983	-7.43138	37.392	2.9835
26	53	-35.1235	-7.62219	37.4862	2.98906
26	54	-35.251	-7.81281	37.5838	2.99459
26	55	-35.3765	-8.00753	37.6801	3.00019
26	56	-35.5013	-8.20494	37.7764	3.00582
26	57	-35.6243	-8.40389	37.8719	3.01147
26	58	-35.7478	-8.60152	37.9694	3.01705
26	59	-35.8699	-8.79974	38.0665	3.02262
26	60	-35.9905	-9.00069	38.163	3.02822
26	61	-36.1123	-9.20495	38.2615	3.03389
26	62	-36.2358	-9.41281	38.3626	3.03962
26	63	-36.3567	-9.62459	38.4619	3.04542
26	64	-36.4721	-9.83823	38.5569	3.05122
26	65	-36.5802	-10.0531	38.6459	3.05701
26	66	-36.6632	-10.2687	38.711	3.06274
26	67	-36.6907	-10.4803	38.7223	3.06824
26	68	-36.6664	-10.7	38.6826	3.07386
26	69	-36.6439	-10.9275	38.6454	3.0797
26	70	-36.5946	-11.1668	38.5821	3.08581
26	71	-36.5129	-11.4243	38.487	3.09237
26	72	-36.3933	-11.7065	38.3546	3.09956
26	73	-36.2559	-11.9794	38.2068	3.10655
26	74	-36.1052	-12.2435	38.0479	3.11335
26	75	-35.9415	-12.5007	37.8778	3.12001
26	76	-35.7618	-12.7507	37.6935	3.12654
26	77	-35.5645	-12.9895	37.4934	3.13283
26	78	-35.3529	-13.2132	37.2805	3.13878
26	79	-35.1316	-13.4228	37.0592	-3.13877
26	80	-34.9016	-13.6215	36.8304	-3.13335
26	81	-34.6609	-13.8104	36.5917	-3.12814
26	82	-34.4074	-13.9863	36.3411	-3.1232
26	83	-34.1434	-14.1456	36.0803	-3.11865
26	84	-33.8727	-14.2883	35.8133	-3.1145
26	85	-33.5965	-14.417	35.541	-3.11067
26	86	-33.3127	-14.5323	35.2611	-3.10715
26	87	-33.0191	-14.6309	34.9712	-3.10404
26	88	-32.7185	-14.7084	34.6738	-3.10148
26	89	-32.4165	-14.7642	34.3744	-3.09951
26	90	-32.155	-14.7943	34.1144	-3.0983
26	91	-31.923	-14.8043	33.8831	-3.09771
26	92	-31.7133	-14.8036	33.6736	-3.09746
26	93	-31.5177	-14.785	33.4773	-3.09776
26	94	-31.3302	-14.7511	33.2886	-3.09853
26	95	-31.1619	-14.6682	33.1169	-3.10081
26	96	-30.9956	-14.5537	32.9462	-3.10408
26	97	-30.8336	-14.4248	32.7797	-3.10782
26	98	-30.6676	-14.293	32.6097	-3.11169
26	99	-30.5038	-14.1555	32.442	-3.11577
26	100	-30.3388	-14.0152	32.2738	-3.11999
26	101	-30.1722	-13.8707	32.1044	-3.12438
26	102	-30.0054	-13.7223	31.9354	-3.12893
26	103	-29.8384	-13.5689	31.7669	-3.1337
26	104	-29.672	-13.4108	31.5996	-3.13866
26	105	-29.5066	-13.2495	31.4342	3.13941
26	106	-29.342	-13.0868	31.2704	3.1342
26	107	-29.1767	-12.9232	31.1067	3.1289
26	108	-29.0092	-12.7573	30.9418	3.12347
26	109	-28.8421	-12.589	30.7782	3.1179
26	110	-28.6761	-12.4169	30.6169	3.11216
26	111	-28.5123	-12.2418	30.4588	3.10625
26	112	-28.351	-12.065	30.3044	3.10023
26	113	-28.1912	-11.8875	30.1526	3.09413
26	114	-28.0318	-11.708	30.0025	3.08791
26	115	-27.8737	-11.5246	29.8551	3.08149
26	116	-27.7203	-11.335	29.714	3.0748
26	117	-27.5772	-11.1376	29.5852	3.06783
26	118	-27.4553	-10.9326	29.4794	3.06059
26	119	-27.3598	-10.7192	29.4023	3.05309
26	120	-27.2872	-10.4956	29.3507	3.04528
26	121	-27.2327	-10.2605	29.3201	3.03712
26	122	-27.1984	-10.0265	29.3112	3.02906
26	123	-27.1848	-9.79083	29.3252	3.02102
26	124	-27.1911	-9.5517	29.3612	3.01296
26	125	-27.2133	-9.31068	29.415	3.00493
26	126	-27.2486	-9.07125	29.4836	2.99705
26	127	-27.2924	-8.83615	29.5616	2.98939
32	0	32.8753	-20.1496	31.6928	-0.217262
32	1	32.8982	-19.9456	31.6719	-0.210816
32	2	32.9026	-19.7499	31.6359	-0.204737
32	3	32.8905	-19.5579	31.5855	-0.198862
32	4	32.8306	-19.3772	31.4915	-0.193613
32	5	32.7235	-19.1968	31.3521	-0.188624
32	6	32.594	-19.0208	31.1922	-0.18386
32	7	32.4627	-18.8474	31.0318	-0.179141
32	8	32.3312	-18.6776	30.8725	-0.174488
32	9	32.2028	-18.51	30.7173	-0.16984
32	10	32.0733	-18.3452	30.5621	-0.16524
32	11	31.9418	-18.1829	30.406	-0.160687
32	12	31.8097	-18.021	30.2501	-0.156105
32	13	31.6781	-17.8587	30.0951	-0.151455
32	14	31.5456	-17.6977	29.9402	-0.146807
32	15	31.4133	-17.5386	29.7863	-0.142173
32	16	31.2816	-17.3819	29.6341	-0.137568
32	17	31.1506	-17.2275	29.4835	-0.132991
32	18	31.0199	-17.0752	29.334	-0.128437
32	19	30.8884	-16.9249	29.1846	-0.123906
32	20	30.7566	-16.7756	29.0357	-0.119364
32	21	30.6235	-16.6286	28.8864	-0.114859
32	22	30.4912	-16.4835	28.7386	-0.110371
32	23	30.3572	-16.3442	28.5904	-0.106046
32	24	30.2247	-16.2095	28.4446	-0.101828
32	25	30.091	-16.0822	28.2988	-0.0978337
32	26	29.958	-15.9599	28.1548	-0.0939733
32	27	29.8236	-15.8441	28.0102	-0.0903079
32	28	29.6894	-15.7339	27.8669	-0.0868015
32	29	29.5564	-15.6257	27.7252	-0.083329
32	30	29.415	-15.5304	27.5764	-0.0803145
32	31	29.2723	-15.4348	27.4267	-0.0772557
32	32	29.1072	-15.3662	27.2568	-0.0752143
32	33	28.9349	-15.2966	27.0798	-0.0731299
32	34	28.7428	-15.2526	26.885	-0.0720188
32	35	28.5548	-15.2187	26.6951	-0.071261
32	36	28.3682	-15.2019	26.5077	-0.0711281
32	37	28.182	-15.1981	26.3217	-0.0714876
32	38	27.9948	-15.2022	26.1353	-0.072156
32	39	27.807	-15.2171	25.9491	-0.073251
32	40	27.6186	-15.235	25.7625	-0.0744773
32	41	27.4297	-15.261	25.5761	-0.0760421
32	42	27.24	-15.291	25.3893	-0.0777887
32	43	27.0521	-15.3286	25.2049	-0.0798532
32	44	26.8667	-15.3721	25.0237	-0.0821761
32	45	26.6841	-15.4193	24.8456	-0.084675
32	46	26.5051	-15.4733	24.6719	-0.0874677
32	47	26.3299	-15.5313	24.5026	-0.0904526
32	48	26.1579	-15.5942	24.3371	-0.0936641
32	49	25.9898	-15.6664	24.1767	-0.097286
32	50	25.8272	-15.7508	24.0232	-0.101443
32	51	25.6676	-15.8517	23.8749	-0.106322
32	52	25.5169	-15.9751	23.7386	-0.112165
32	53	25.3749	-16.0953	23.6113	-0.117896
32	54	25.2599	-16.2339	23.5139	-0.124325
32	55	25.1597	-16.3784	23.4329	-0.130978
32	56	25.066	-16.5263	23.3599	-0.137779
32	57	24.9786	-16.6793	23.2949	-0.144798
32	58	24.903	-16.8396	23.2439	-0.152093
32	59	24.8277	-17.0013	23.1946	-0.159474
32	60	24.7581	-17.1663	23.1527	-0.16699
32	61	24.6932	-17.3353	23.1175	-0.174662
32	62	24.6273	-17.5081	23.0833	-0.182533
32	63	24.5693	-17.6873	23.0596	-0.19063
32	64	24.5111	-17.8683	23.0375	-0.198823
32	65	24.463	-18.0517	23.0273	-0.207043
32	66	24.4164	-18.2382	23.0208	-0.215391
32	67	24.3749	-18.4271	23.0215	-0.223789
32	68	24.3373	-18.6164	23.0277	-0.232169
32	69	24.3059	-18.8055	23.0414	-0.240469
32	70	24.2736	-18.9978	23.0567	-0.248903
32	71	24.2466	-19.1941	23.0797	-0.257433
32	72	24.2228	-19.3929	23.1081	-0.266017
32	73	24.2064	-19.593	23.1457	-0.274543
32	74	24.1936	-19.7962	23.1894	-0.283126
32	75	24.1859	-20.0004	23.2399	-0.291658
32	76	24.1834	-20.2042	23.2969	-0.300068
32	77	24.1834	-20.4078	23.3579	-0.308393
32	78	24.1888	-20.6122	23.4258	-0.316637
32	79	24.197	-20.8173	23.4983	-0.324824
32	80	24.2163	-21.0218	23.5827	-0.332781
32	81	24.2422	-21.2248	23.6741	-0.34053
32	82	24.2909	-21.4213	23.7862	-0.34763
32	83	24.3485	-21.6158	23.9072	-0.354458
32	84	24.4347	-21.802	24.0531	-0.360472
32	85	24.5165	-21.9741	24.1907	-0.365939
32	86	24.6256	-22.1167	24.3438	-0.369807
32	87	24.7317	-22.2522	24.4919	-0.373397
32	88	24.8538	-22.3688	24.6481	-0.375995
32	89	24.9767	-22.4865	24.8058	-0.378589
32	90	25.1073	-22.6013	24.9697	-0.380928
32	91	25.2429	-22.7185	25.1392	-0.383249
32	92	25.3885	-22.8302	25.316	-0.385193
32	93	25.5384	-22.9432	25.4974	-0.387092
32	94	25.6969	-23.0502	25.6847	-0.38862
32	95	25.8586	-23.157	25.8748	-0.390069
32	96	26.0247	-23.2595	26.0674	-0.391284
32	97	26.1919	-23.3624	26.2612	-0.39248
32	98	26.3615	-23.4636	26.4566	-0.393559
32	99	26.5323	-23.5656	26.6536	-0.394637
32	100	26.7057	-23.6666	26.8524	-0.395625
32	101	26.8808	-23.767	27.0527	-0.396556
32	102	27.0578	-23.8645	27.2537	-0.397349
32	103	27.2352	-23.9594	27.4539	-0.398036
32	104	27.4152	-24.0544	27.6567	-0.39868
32	105	27.597	-24.1501	27.8614	-0.399313
32	106	27.7812	-24.2459	28.0684	-0.399905
32	107	27.9684	-24.341	28.2779	-0.400426
32	108	28.1595	-24.4332	28.4898	-0.40079
32	109	28.3562	-24.5183	28.7041	-0.400847
32	110	28.5501	-24.6102	28.9185	-0.401156
32	111	28.738	-24.6437	29.1046	-0.399696
32	112	28.9302	-24.6243	29.2742	-0.396529
32	113	29.1224	-24.5778	29.4338	-0.39255
32	114	29.3184	-24.5122	29.5901	-0.387969
32	115	29.5242	-24.4263	29.7485	-0.382679
32	116	29.7475	-24.3163	29.9151	-0.376479
32	117	29.9972	-24.1756	30.0965	-0.369082
32	118	30.2429	-24.0235	30.2717	-0.361468
32	119	30.483	-23.8582	30.4386	-0.353597
32	120	30.7138	-23.6792	30.5942	-0.345496
32	121	30.9333	-23.4892	30.7375	-0.337262
32	122	31.1424	-23.2911	30.8703	-0.328966
32	123	31.343	-23.0856	30.9948	-0.3206
32	124	31.5357	-22.8716	31.1114	-0.312118
32	125	31.7192	-22.6481	31.2185	-0.3035
32	126	31.8916	-22.4161	31.3149	-0.294785
32	127	32.0527	-22.1776	31.401	-0.286028
32	128	32.2038	-21.9336	31.4783	-0.277237
32	129	32.3455	-21.6829	31.5472	-0.268364
32	130	32.4764	-21.4238	31.606	-0.259361
32	131	32.5931	-21.1564	31.6516	-0.25025
32	132	32.694	-20.884	31.6832	-0.241133
32	133	32.7793	-20.6098	31.7018	-0.23209
32	134	32.8383	-20.3683	31.7047	-0.224249
33	0	-20.3598	-15.439	22.3879	-3.04671
33	1	-20.4081	-15.2588	22.4198	-3.05492
33	2	-20.4593	-15.0793	22.4559	-3.06308
33	3	-20.5358	-14.9029	22.5191	-3.07115
33	4	-20.6298	-14.7184	22.6007	-3.07959
33	5	-20.7632	-14.521	22.7226	-3.08862
33	6	-20.9496	-14.2986	22.8981	-3.09876
33	7	-21.0508	-14.0659	22.9905	-3.10906
33	8	-21.1114	-13.8309	23.0446	-3.11933
33	9	-21.1748	-13.6004	23.104	-3.12937
33	10	-21.2371	-13.3751	23.1646	-3.13913
33	11	-21.2994	-13.1535	23.2275	3.13451
33	12	-21.3653	-12.9353	23.2959	3.12516
33	13	-21.4415	-12.7239	23.3765	3.11618
33	14	-21.538	-12.5269	23.4788	3.10789
33	15	-21.6582	-12.3411	23.6059	3.1002
33	16	-21.7996	-12.1634	23.7552	3.09297
33	17	-21.965	-11.9931	23.9291	3.0862
33	18	-22.1393	-11.8477	24.1117	3.08057
33	19	-22.3256	-11.732	24.3049	3.07629
33	20	-22.525	-11.6429	24.5098	3.07319
33	21	-22.7301	-11.5707	24.7194	3.07085
33	22	-22.9372	-11.5082	24.9304	3.06893
33	23	-23.1451	-11.4514	25.142	3.06728
33	24	-23.3545	-11.3986	25.3548	3.06582
33	25	-23.566	-11.3492	25.5694	3.06452
33	26	-23.7802	-11.3037	25.7864	3.0634
33	27	-23.997	-11.2622	26.0059	3.06246
33	28	-24.2155	-11.2255	26.2266	3.06172
33	29	-24.4349	-11.1948	26.4477	3.06123
33	30	-24.654	-11.1695	26.6682	3.06094
33	31	-24.8727	-11.1487	26.8879	3.06083
33	32	-25.0915	-11.1324	27.1072	3.06088
33	33	-25.3109	-11.1218	27.3268	3.06114
33	34	-25.5313	-11.1211	27.5465	3.06176
33	35	-25.7509	-11.1369	27.7642	3.06295
33	36	-25.9713	-11.1727	27.9811	3.06485
33	37	-26.1919	-11.2282	28.1969	3.06741
33	38	-26.3927	-11.2999	28.392	3.07045
33	39	-26.5768	-11.3843	28.5698	3.07386
33	40	-26.745	-11.4836	28.7311	3.0777
33	41	-26.9036	-11.5929	28.8826	3.08183
33	42	-27.0558	-11.7095	29.0278	3.08615
33	43	-27.2069	-11.8285	29.1725	3.09051
33	44	-27.3567	-11.9528	29.316	3.095
33	45	-27.5083	-12.0802	29.4618	3.09957
33	46	-27.6601	-12.2135	29.6082	3.10428
33	47	-27.8131	-12.3512	29.7563	3.10909
33	48	-27.966	-12.4926	29.9049	3.11399
33	49	-28.1181	-12.6356	30.0533	3.11889
33	50	-28.2716	-12.7809	30.2038	3.12381
33	51	-28.4262	-12.9277	30.3562	3.12873
33	52	-28.5801	-13.0781	30.5085	3.13373
33	53	-28.7364	-13.2293	30.664	3.1387
33	54	-28.8968	-13.3809	30.8243	-3.13955
33	55	-29.0565	-13.5373	30.9847	-3.13452
33	56	-29.2162	-13.6964	31.146	-3.12944
33	57	-29.3745	-13.8574	31.3066	-3.12436
33	58	-29.5326	-14.017	31.4678	-3.11938
33	59	-29.688	-14.1771	31.6271	-3.11443
33	60	-29.8437	-14.3388	31.7875	-3.10947
33	61	-30.0012	-14.5033	31.9507	-3.10449
33	62	-30.1616	-14.6699	32.1176	-3.09949
33	63	-30.3227	-14.8394	32.2861	-3.09445
33	64	-30.4825	-15.0121	32.4542	-3.08937
33	65	-30.6153	-15.1897	32.5966	-3.08414
33	66	-30.6992	-15.3751	32.6915	-3.07863
33	67	-30.7463	-15.5742	32.7516	-3.07265
33	68	-30.7749	-15.7806	32.795	-3.06643
33	69	-30.7901	-15.9986	32.8272	-3.05984
33	70	-30.7917	-16.2362	32.849	-3.05264
33	71	-30.7774	-16.5036	32.8596	-3.04449
33	72	-30.747	-16.7919	32.8586	-3.03567
33	73	-30.7031	-17.081	32.8468	-3.02678
33	74	-30.6446	-17.3683	32.8229	-3.01788
33	75	-30.5728	-17.6512	32.7879	-3.00905
33	76	-30.4903	-17.9291	32.7441	-3.0003
33	77	-30.3985	-18.2033	32.6931	-2.9916
33	78	-30.2967	-18.4751	32.6342	-2.9829
33	79	-30.1827	-18.744	32.5654	-2.97419
33	80	-30.0555	-19.0075	32.4851	-2.96554
33	81	-29.917	-19.2635	32.3947	-2.95701
33	82	-29.7696	-19.5122	32.2966	-2.94861
33	83	-29.6146	-19.7551	32.1923	-2.94028
33	84	-29.4513	-19.9936	32.081	-2.93198
33	85	-29.2777	-20.2269	31.9608	-2.92371
33	86	-29.093	-20.4528	31.8304	-2.91552
33	87	-28.8986	-20.6695	31.6906	-2.90748
33	88	-28.6968	-20.8771	31.5434	-2.8996
33	89	-28.4882	-21.0772	31.3897	-2.89182
33	90	-28.2714	-21.2705	31.2285	-2.8841
33	91	-28.0446	-21.4558	31.0572	-2.87647
33	92	-27.8073	-21.6299	30.8747	-2.86902
33	93	-27.5624	-21.791	30.6829	-2.86181
33	94	-27.3125	-21.9388	30.4844	-2.85489
33	95	-27.0864	-22.0527	30.3002	-2.84917
33	96	-26.876	-22.1408	30.1245	-2.84436
33	97	-26.6745	-22.2092	29.9521	-2.8402
33	98	-26.4766	-22.2611	29.7787	-2.83657
33	99	-26.2772	-22.2902	29.5974	-2.83361
33	100	-26.0754	-22.2685	29.3985	-2.83223
33	101	-25.8606	-22.1887	29.1696	-2.83259
33	102	-25.6405	-22.112	28.9366	-2.83281
33	103	-25.4236	-22.0285	28.7046	-2.83328
33	104	-25.2097	-21.9418	28.4745	-2.8339
33	105	-24.9991	-21.8538	28.2471	-2.83461
33	106	-24.7907	-21.7665	28.0221	-2.83533
33	107	-24.5843	-21.6787	27.7989	-2.83611
33	108	-24.3795	-21.5885	27.5764	-2.83699
33	109	-24.1753	-21.4979	27.3544	-2.83792
33	110	-23.9713	-21.4094	27.1333	-2.83878
33	111	-23.7699	-21.3212	26.9148	-2.83968
33	112	-23.5731	-21.2317	26.7003	-2.84068
33	113	-23.3804	-21.1425	26.4899	-2.84174
33	114	-23.1903	-21.0561	26.2827	-2.84275
33	115	-23.0038	-20.9687	26.0788	-2.84384
33	116	-22.8208	-20.8793	25.8776	-2.84507
33	117	-22.6403	-20.7897	25.6788	-2.84636
33	118	-22.4643	-20.6967	25.4834	-2.84784
33	119	-22.2897	-20.6023	25.289	-2.84941
33	120	-22.122	-20.4982	25.0984	-2.85146
33	121	-21.9564	-20.3927	24.9096	-2.85362
33	122	-21.7989	-20.2765	24.7258	-2.85631
33	123	-21.6441	-20.1541	24.5429	-2.85932
33	124	-21.4984	-20.0119	24.3635	-2.86326
33	125	-21.3566	-19.8519	24.1835	-2.86801
33	126	-21.2196	-19.6708	24.0031	-2.87373
33	127	-21.0837	-19.4802	23.822	-2.87994
33	128	-20.9394	-19.266	23.6278	-2.88712
33	129	-20.7484	-19.028	23.3837	-2.89491
33	130	-20.6122	-18.8084	23.1987	-2.90266
33	131	-20.5186	-18.6056	23.0605	-2.91024
33	132	-20.4513	-18.41	22.9508	-2.91786
33	133	-20.3999	-18.2156	22.8582	-2.92566
33	134	-20.3586	-18.0201	22.7767	-2.93365
33	135	-20.3245	-17.8219	22.7032	-2.94189
33	136	-20.2964	-17.6205	22.6366	-2.95036
33	137	-20.2746	-17.4165	22.5772	-2.95905
33	138	-20.26	-17.2108	22.5264	-2.96791
33	139	-20.2511	-17.0056	22.483	-2.97683
33	140	-20.2497	-16.8007	22.449	-2.98583
33	141	-20.2518	-16.5976	22.4204	-2.99479
33	142	-20.2602	-16.3974	22.4004	-3.00368
33	143	-20.2692	-16.201	22.3831	-3.01243
33	144	-20.2863	-16.0061	22.3759	-3.02117
33	145	-20.3036	-15.8127	22.3707	-3.02984
33	146	-20.3326	-15.6237	22.3792	-3.03838
38	0	28.7599	-28.2657	30.7151	-0.50826
38	1	28.7847	-27.9667	30.5924	-0.499326
38	2	28.7986	-27.6683	30.4629	-0.490507
38	3	28.8017	-27.3686	30.3256	-0.481742
38	4	28.7917	-27.0674	30.1783	-0.473051
38	5	28.7667	-26.767	30.0203	-0.464522
38	6	28.7269	-26.4706	29.8529	-0.456242
38	7	28.6779	-26.2198	29.6991	-0.449388
38	8	28.6202	-26.0035	29.5537	-0.443645
38	9	28.553	-25.8122	29.4112	-0.438751
38	10	28.4731	-25.639	29.2656	-0.434554
38	11	28.4035	-25.4671	29.1304	-0.430206
38	12	28.2998	-25.3305	28.9793	-0.427415
38	13	28.1564	-25.2143	28.8006	-0.425809
38	14	28.0003	-25.1046	28.6132	-0.424569
38	15	27.8366	-24.9951	28.419	-0.423429
38	16	27.6678	-24.8861	28.2202	-0.422367
38	17	27.4944	-24.7774	28.0176	-0.421363
38	18	27.319	-24.6694	27.8134	-0.4204
38	19	27.1413	-24.5612	27.607	-0.41945
38	20	26.9621	-24.4543	27.3998	-0.418551
38	21	26.7813	-24.3464	27.1907	-0.417627
38	22	26.5974	-24.2382	26.9788	-0.416726
38	23	26.4098	-24.1311	26.7639	-0.415904
38	24	26.2204	-24.0228	26.5469	-0.415056
38	25	26.0306	-23.9142	26.3294	-0.414188
38	26	25.8396	-23.808	26.1119	-0.413407
38	27	25.6482	-23.7029	25.8944	-0.412659
38	28	25.4566	-23.5965	25.6762	-0.411858
38	29	25.2629	-23.49	25.4561	-0.411069
38	30	25.0666	-23.3834	25.2335	-0.410307
38	31	24.8669	-23.2792	25.0089	-0.40967
38	32	24.6648	-23.1818	24.7847	-0.409314
38	33	24.4602	-23.0972	24.5633	-0.409468
38	34	24.2547	-23.0352	24.3501	-0.410491
38	35	24.0457	-22.9944	24.1422	-0.412397
38	36	23.8322	-22.9697	23.9369	-0.415028
38	37	23.6109	-22.9622	23.7314	-0.418498
38	38	23.3956	-22.9711	23.5386	-0.422561
38	39	23.184	-22.9941	23.3552	-0.427173
38	40	22.9739	-23.0314	23.1798	-0.432393
38	41	22.7641	-23.0825	23.0111	-0.438233
38	42	22.5561	-23.1433	22.849	-0.444505
38	43	22.3507	-23.2114	22.6933	-0.451104
38	44	22.1492	-23.2851	22.5446	-0.457946
38	45	21.9512	-23.3625	22.4018	-0.46495
38	46	21.7559	-23.4421	22.2634	-0.472078
38	47	21.5619	-23.5237	22.1284	-0.479351
38	48	21.3698	-23.6098	21.9983	-0.48685
38	49	21.18	-23.701	21.8738	-0.494595
38	50	20.9935	-23.7978	21.7563	-0.502579
38	51	20.8115	-23.8996	21.6466	-0.510752
38	52	20.6347	-24.0062	21.5453	-0.519079
38	53	20.463	-24.1157	21.4512	-0.527482
38	54	20.2961	-24.2282	21.3644	-0.535964
38	55	20.1327	-24.3429	21.2832	-0.544519
38	56	19.9742	-24.4632	21.2108	-0.553243
38	57	19.8216	-24.5909	21.149	-0.56217
38	58	19.6803	-24.734	21.1065	-0.571475
38	59	19.5485	-24.8929	21.0827	-0.581196
38	60	19.4285	-25.0717	21.0816	-0.591409
38	61	19.3277	-25.2493	21.098	-0.601062
38	62	19.2505	-25.4307	21.1378	-0.610204
38	63	19.1858	-25.6117	21.1892	-0.618955
38	64	19.1347	-25.7962	21.2554	-0.627423
38	65	19.0855	-25.9814	21.325	-0.635806
38	66	19.0427	-26.1687	21.4026	-0.644033
38	67	19.0016	-26.3601	21.4854	-0.652307
38	68	18.9654	-26.5564	21.5765	-0.660557
38	69	18.9338	-26.7563	21.6749	-0.668731
38	70	18.9101	-26.9573	21.7816	-0.676649
38	71	18.8891	-27.1625	21.8945	-0.684554
38	72	18.8737	-27.3693	22.0139	-0.692275
38	73	18.8614	-27.5748	22.1362	-0.699775
38	74	18.8504	-27.7833	22.2627	-0.70726
38	75	18.8402	-27.994	22.3925	-0.714708
38	76	18.833	-28.2056	22.5263	-0.722012
38	77	18.8273	-28.4219	22.6656	-0.729338
38	78	18.8258	-28.6407	22.8109	-0.736534
38	79	18.8299	-28.8589	22.9611	-0.743458
38	80	18.8371	-29.0778	23.115	-0.750216
38	81	18.8477	-29.2958	23.2719	-0.75676
38	82	18.8625	-29.5123	23.4318	-0.763043
38	83	18.8802	-29.7291	23.5949	-0.769164
38	84	18.9044	-29.9461	23.7637	-0.775018
38	85	18.9382	-30.1619	23.9391	-0.780468
38	86	18.9895	-30.3735	24.1247	-0.785208
38	87	19.0589	-30.5819	24.3213	-0.789248
38	88	19.1516	-30.7846	24.5306	-0.792387
38	89	19.2525	-30.9654	24.7303	-0.794616
38	90	19.3704	-31.1208	24.9238	-0.795607
38	91	19.4939	-31.2608	25.1102	-0.795998
38	92	19.63	-31.383	25.2928	-0.795531
38	93	19.7663	-31.5035	25.4742	-0.795021
38	94	19.9095	-31.6164	25.6551	-0.794116
38	95	20.0554	-31.7294	25.8379	-0.793156
38	96	20.2073	-31.8401	26.0235	-0.791982
38	97	20.364	-31.9514	26.2127	-0.790709
38	98	20.5269	-32.061	26.4052	-0.789243
38	99	20.6922	-32.1684	26.598	-0.787675
38	100	20.8603	-32.2709	26.7892	-0.785926
38	101	21.0278	-32.3716	26.9789	-0.784173
38	102	21.1944	-32.4698	27.1663	-0.782402
38	103	21.3598	-32.5654	27.351	-0.780618
38	104	21.5291	-32.6609	27.5385	-0.778754
38	105	21.7025	-32.7565	27.7292	-0.776815
38	106	21.8789	-32.8538	27.9232	-0.774872
38	107	22.0585	-32.9508	28.1195	-0.77287
38	108	22.2397	-33.0475	28.3167	-0.770846
38	109	22.4212	-33.143	28.5136	-0.768813
38	110	22.6025	-33.2364	28.7089	-0.76676
38	111	22.7837	-33.3268	28.9021	-0.764665
38	112	22.9675	-33.4181	29.098	-0.762557
38	113	23.1544	-33.5098	29.2966	-0.76041
38	114	23.3445	-33.6017	29.4977	-0.758227
38	115	23.5375	-33.6922	29.7002	-0.755972
38	116	23.7334	-33.7788	29.9022	-0.753583
38	117	23.9327	-33.8455	30.0933	-0.750668
38	118	24.1225	-33.8572	30.2403	-0.74667
38	119	24.3157	-33.8144	30.3535	-0.741312
38	120	24.5141	-33.7795	30.4767	-0.736072
38	121	24.7168	-33.7224	30.5891	-0.73024
38	122	24.9304	-33.6415	30.6949	-0.723635
38	123	25.1631	-33.5328	30.7982	-0.715985
38	124	25.4247	-33.39	30.9031	-0.706945
38	125	25.6823	-33.2337	30.9988	-0.697713
38	126	25.9333	-33.0628	31.0828	-0.68831
38	127	26.1743	-32.8789	31.1534	-0.678836
38	128	26.4046	-32.6854	31.2126	-0.669377
38	129	26.6264	-32.4842	31.263	-0.659931
38	130	26.8411	-32.2745	31.3056	-0.650433
38	131	27.0481	-32.0541	31.3383	-0.640838
38	132	27.2442	-31.8227	31.3585	-0.631183
38	133	27.4275	-31.5829	31.3665	-0.621561
38	134	27.5995	-31.3377	31.365	-0.612014
38	135	27.7626	-31.0877	31.3563	-0.6025
38	136	27.9177	-30.8312	31.3401	-0.592952
38	137	28.0629	-30.5661	31.3139	-0.583339
38	138	28.1949	-30.2928	31.2749	-0.573719
38	139	28.3121	-30.0142	31.2236	-0.564189
38	140	28.4165	-29.7331	31.1629	-0.554774
38	141	28.5108	-29.4493	31.0949	-0.545421
38	142	28.595	-29.1608	31.0185	-0.536059
38	143	28.6664	-28.8659	30.9307	-0.526682
38	144	28.7215	-28.5662	30.829	-0.51738
39	0	-16.9255	-25.9656	22.7023	-2.55069
39	1	-16.9251	-25.7404	22.5773	-2.55897
39	2	-16.9278	-25.5132	22.4554	-2.56749
39	3	-16.9333	-25.2841	22.3365	-2.57623
39	4	-16.9433	-25.0529	22.2219	-2.58526
39	5	-16.9599	-24.8199	22.1139	-2.5946
39	6	-16.9831	-24.5856	22.0129	-2.60424
39	7	-17.0139	-24.3515	21.9206	-2.61413
39	8	-17.0528	-24.1197	21.8386	-2.6242
39	9	-17.1003	-23.8915	21.7682	-2.63439
39	10	-17.1576	-23.6676	21.7107	-2.64469
39	11	-17.2297	-23.4491	21.6711	-2.65514
39	12	-17.3239	-23.2363	21.6562	-2.66586
39	13	-17.4399	-23.0276	21.665	-2.67688
39	14	-17.5709	-22.8391	21.6988	-2.68735
39	15	-17.7156	-22.6678	21.7547	-2.69734
39	16	-17.8748	-22.5133	21.8331	-2.70686
39	17	-18.0472	-22.3734	21.9315	-2.71596
39	18	-18.2275	-22.2438	22.043	-2.7247
39	19	-18.4113	-22.1204	22.1619	-2.73314
39	20	-18.5978	-22.001	22.2863	-2.74139
39	21	-18.787	-21.8858	22.4165	-2.74941
39	22	-18.9794	-21.775	22.5525	-2.75721
39	23	-19.1746	-21.6693	22.6945	-2.76475
39	24	-19.3718	-21.5694	22.8417	-2.77199
39	25	-19.5698	-21.4769	22.9935	-2.77886
39	26	-19.7678	-21.3906	23.1485	-2.78538
39	27	-19.9661	-21.3097	23.3066	-2.79159
39	28	-20.1658	-21.2345	23.4688	-2.79752
39	29	-20.3697	-21.1675	23.6385	-2.8031
39	30	-20.5795	-21.1131	23.8186	-2.80818
39	31	-20.7997	-21.0756	24.0147	-2.81266
39	32	-21.03	-21.058	24.2271	-2.81641
39	33	-21.2556	-21.0627	24.4425	-2.81918
39	34	-21.477	-21.0893	24.6609	-2.821
39	35	-21.6961	-21.1368	24.8839	-2.82197
39	36	-21.9139	-21.1982	25.1099	-2.82237
39	37	-22.1308	-21.269	25.3381	-2.8224
39	38	-22.3479	-21.3459	25.5684	-2.82221
39	39	-22.5654	-21.4274	25.8005	-2.82186
39	40	-22.7827	-21.5125	26.0335	-2.82138
39	41	-22.9986	-21.6007	26.2662	-2.82078
39	42	-23.2126	-21.6908	26.4977	-2.8201
39	43	-23.423	-21.7802	26.7256	-2.81942
39	44	-23.631	-21.8687	26.9509	-2.81874
39	45	-23.8373	-21.9572	27.1746	-2.81807
39	46	-24.042	-22.0463	27.3971	-2.81736
39	47	-24.2443	-22.1366	27.6175	-2.81659
39	48	-24.4429	-22.2278	27.8349	-2.81576
39	49	-24.6373	-22.3193	28.0484	-2.81489
39	50	-24.8277	-22.4108	28.258	-2.81399
39	51	-25.0145	-22.5027	28.4645	-2.81304
39	52	-25.1979	-22.5963	28.6683	-2.81201
39	53	-25.3772	-22.6934	28.8694	-2.81084
39	54	-25.5515	-22.7951	29.0673	-2.80948
39	55	-25.7187	-22.9004	29.2597	-2.80794
39	56	-25.8763	-23.0127	29.4455	-2.80609
39	57	-26.0331	-23.1193	29.6287	-2.80444
39	58	-26.1556	-23.2587	29.7905	-2.80138
39	59	-26.2508	-23.4419	29.9417	-2.79667
39	60	-26.3296	-23.6463	30.0854	-2.79117
39	61	-26.4014	-23.8754	30.2321	-2.78486
39	62	-26.47	-24.1388	30.3893	-2.77753
39	63	-26.5358	-24.4493	30.5625	-2.7688
39	64	-26.5866	-24.7656	30.7262	-2.75982
39	65	-26.6196	-25.0842	30.8768	-2.75064
39	66	-26.6361	-25.4015	31.0143	-2.74139
39	67	-26.6393	-25.7173	31.1417	-2.73208
39	68	-26.6298	-26.0339	31.2604	-2.72267
39	69	-26.605	-26.3517	31.3684	-2.7131
39	70	-26.563	-26.6678	31.4631	-2.7034
39	71	-26.506	-26.9791	31.545	-2.6937
39	72	-26.4372	-27.2859	31.6173	-2.68401
39	73	-26.3573	-27.5904	31.6817	-2.67428
39	74	-26.2637	-27.8934	31.7362	-2.66442
39	75	-26.1536	-28.1927	31.7774	-2.65446
39	76	-26.0279	-28.4843	31.8044	-2.64451
39	77	-25.8901	-28.7675	31.8199	-2.63462
39	78	-25.7419	-29.0445	31.8264	-2.62475
39	79	-25.5816	-29.3164	31.823	-2.61484
39	80	-25.4072	-29.5815	31.807	-2.60488
39	81	-25.2195	-29.8365	31.7777	-2.59496
39	82	-25.0216	-30.0809	31.7372	-2.58514
39	83	-24.8149	-30.3167	31.6877	-2.57538
39	84	-24.5979	-30.5448	31.6285	-2.56561
39	85	-24.3691	-30.7636	31.5572	-2.55584
39	86	-24.13	-30.9702	31.4736	-2.54617
39	87	-23.884	-31.1643	31.3803	-2.53666
39	88	-23.6661	-31.3206	31.2909	-2.52859
39	89	-23.4677	-31.448	31.2027	-2.52159
39	90	-23.2817	-31.5543	31.1137	-2.51533
39	91	-23.0993	-31.6397	31.0165	-2.50966
39	92	-22.9165	-31.7025	30.9065	-2.50452
39	93	-22.7359	-31.7112	30.7667	-2.5008
39	94	-22.5426	-31.6776	30.5918	-2.49791
39	95	-22.3481	-31.6249	30.4047	-2.49545
39	96	-22.1512	-31.568	30.2133	-2.49303
39	97	-21.9533	-31.5064	30.0184	-2.49069
39	98	-21.7525	-31.4439	29.821	-2.48828
39	99	-21.5512	-31.3785	29.6214	-2.4859
39	100	-21.3475	-31.3111	29.4189	-2.48349
39	101	-21.1403	-31.2408	29.2121	-2.48106
39	102	-20.9289	-31.1674	29.0003	-2.47859
39	103	-20.7166	-31.0908	28.7859	-2.47614
39	104	-20.5036	-31.0119	28.5697	-2.47371
39	105	-20.2925	-30.9314	28.3542	-2.47133
39	106	-20.0822	-30.8504	28.1391	-2.46894
39	107	-19.8713	-30.7689	27.9234	-2.46652
39	108	-19.659	-30.6856	27.7058	-2.46408
39	109	-19.4458	-30.599	27.4855	-2.46167
39	110	-19.2334	-30.5082	27.2632	-2.45936
39	111	-19.0232	-30.4134	27.0404	-2.45718
39	112	-18.8162	-30.3149	26.8177	-2.45515
39	113	-18.6136	-30.2128	26.5964	-2.45329
39	114	-18.4175	-30.1032	26.3753	-2.45178
39	115	-18.2362	-29.9796	26.1569	-2.45101
39	116	-18.0677	-29.8384	25.9371	-2.45107
39	117	-17.9091	-29.6807	25.7143	-2.45187
39	118	-17.7613	-29.5035	25.4876	-2.45354
39	119	-17.6376	-29.3215	25.2766	-2.45599
39	120	-17.536	-29.134	25.0793	-2.45922
39	121	-17.4535	-28.9414	24.894	-2.46313
39	122	-17.3823	-28.7465	24.7165	-2.46746
39	123	-17.3191	-28.5497	24.5446	-2.47212
39	124	-17.2609	-28.351	24.3759	-2.47703
39	125	-17.2067	-28.1475	24.2081	-2.48227
39	126	-17.1564	-27.9391	24.041	-2.48784
39	127	-17.1118	-27.7266	23.8768	-2.49376
39	128	-17.0733	-27.5117	23.7169	-2.50001
39	129	-17.0414	-27.2963	23.5629	-2.50652
39	130	-17.0148	-27.082	23.4148	-2.51322
39	131	-16.9897	-26.8643	23.2672	-2.52015
39	132	-16.9663	-26.6433	23.1201	-2.52734
39	133	-16.9466	-26.4189	22.9753	-2.53482
39	134	-16.9325	-26.1925	22.8353	-2.54262
43	0	24.0668	-38.0704	33.2088	-0.841067
43	1	24.1146	-37.7769	33.0229	-0.834062
43	2	24.1502	-37.48	32.8276	-0.827182
43	3	24.172	-37.1817	32.6235	-0.820499
43	4	24.181	-36.884	32.4126	-0.814035
43	5	24.1795	-36.5875	32.1966	-0.807745
43	6	24.1683	-36.2907	31.975	-0.801583
43	7	24.146	-35.9929	31.7461	-0.795563
43	8	24.1096	-35.6956	31.5088	-0.789783
43	9	24.0611	-35.4422	31.295	-0.785184
43	10	24.0005	-35.224	31.0981	-0.781599
43	11	23.9276	-35.0328	30.9117	-0.77887
43	12	23.84	-34.8624	30.7298	-0.776928
43	13	23.7682	-34.6941	30.5607	-0.774647
43	14	23.6581	-34.5669	30.393	-0.774189
43	15	23.5009	-34.4686	30.212	-0.775501
43	16	23.348	-34.355	30.0233	-0.776365
43	17	23.1843	-34.2461	29.8302	-0.777605
43	18	23.0139	-34.1378	29.6327	-0.779037
43	19	22.8385	-34.0296	29.4319	-0.780607
43	20	22.6586	-33.9206	29.2274	-0.782288
43	21	22.477	-33.812	29.0221	-0.784044
43	22	22.2938	-33.7044	28.8165	-0.785891
43	23	22.1082	-33.5983	28.6104	-0.787858
43	24	21.9202	-33.4922	28.4026	-0.789914
43	25	21.7297	-33.3841	28.1918	-0.792018
43	26	21.5375	-33.2772	27.9807	-0.794221
43	27	21.3439	-33.1704	27.769	-0.7965
43	28	21.151	-33.0656	27.5592	-0.798844
43	29	20.9591	-32.9624	27.3515	-0.801239
43	30	20.7683	-32.8602	27.1454	-0.803671
43	31	20.5777	-32.7589	26.9403	-0.806152
43	32	20.3866	-32.6586	26.7357	-0.808714
43	33	20.1935	-32.558	26.5297	-0.811361
43	34	19.9991	-32.4581	26.3234	-0.814103
43	35	19.8041	-32.3606	26.1188	-0.816971
43	36	19.6092	-32.2668	25.9172	-0.819974
43	37	19.4139	-32.1796	25.7203	-0.823214
43	38	19.2169	-32.1025	25.53	-0.826818
43	39	19.0188	-32.0457	25.3543	-0.831051
43	40	18.8156	-32.0079	25.1897	-0.835998
43	41	18.6057	-31.9867	25.0336	-0.84165
43	42	18.3868	-31.9823	24.885	-0.848093
43	43	18.1782	-31.9982	24.7595	-0.854838
43	44	17.9774	-32.031	24.6531	-0.861857
43	45	17.785	-32.0834	24.5683	-0.86919
43	46	17.5957	-32.1435	24.4927	-0.876676
43	47	17.4112	-32.2139	24.4295	-0.884325
43	48	17.2267	-32.2851	24.3683	-0.892032
43	49	17.044	-32.3636	24.3155	-0.899908
43	50	16.86	-32.4434	24.2644	-0.907891
43	51	16.6756	-32.5291	24.2193	-0.91607
43	52	16.4891	-32.6176	24.1768	-0.924419
43	53	16.3033	-32.713	24.1419	-0.932942
43	54	16.1174	-32.8112	24.1109	-0.94156
43	55	15.933	-32.9137	24.0862	-0.950255
43	56	15.7497	-33.0188	24.0661	-0.958991
43	57	15.5678	-33.1262	24.0504	-0.967749
43	58	15.3862	-33.236	24.0388	-0.976561
43	59	15.2065	-33.3513	24.0346	-0.985441
43	60	15.0306	-33.4728	24.0398	-0.994333
43	61	14.8638	-33.6054	24.0608	-1.00315
43	62	14.7099	-33.7509	24.1017	-1.01178
43	63	14.568	-33.9098	24.1621	-1.02025
43	64	14.4363	-34.083	24.2416	-1.02861
43	65	14.3281	-34.2566	24.3351	-1.0361
43	66	14.237	-34.429	24.4377	-1.04291
43	67	14.1627	-34.6037	24.5516	-1.04911
43	68	14.1006	-34.7802	24.6741	-1.05485
43	69	14.0472	-34.9577	24.8025	-1.06025
43	70	14.0013	-35.1388	24.9384	-1.06541
43	71	13.9586	-35.3225	25.0788	-1.07044
43	72	13.9241	-35.5094	25.2265	-1.0752
43	73	13.8903	-35.6996	25.378	-1.07994
43	74	13.8656	-35.8929	25.5371	-1.08436
43	75	13.8435	-36.0864	25.6981	-1.08864
43	76	13.8305	-36.2788	25.8627	-1.09253
43	77	13.8182	-36.4735	26.0301	-1.0964
43	78	13.8113	-36.6699	26.2019	-1.10005
43	79	13.8078	-36.8665	26.3756	-1.10355
43	80	13.808	-37.0671	26.555	-1.10695
43	81	13.8127	-37.2701	26.7387	-1.11019
43	82	13.823	-37.4731	26.9253	-1.1132
43	83	13.8394	-37.6739	27.1128	-1.11592
43	84	13.8585	-37.876	27.3029	-1.11855
43	85	13.8809	-38.0787	27.4951	-1.12104
43	86	13.9069	-38.281	27.6886	-1.12337
43	87	13.9374	-38.4815	27.8826	-1.12549
43	88	13.972	-38.6844	28.0807	-1.12749
43	89	14.0114	-38.8879	28.2814	-1.12932
43	90	14.0573	-39.0894	28.4832	-1.13089
43	91	14.1066	-39.2913	28.6869	-1.13233
43	92	14.1615	-39.4916	28.8917	-1.13355
43	93	14.2193	-39.69	29.0959	-1.13464
43	94	14.283	-39.8873	29.3016	-1.13551
43	95	14.3493	-40.0844	29.5083	-1.13629
43	96	14.4267	-40.2772	29.7157	-1.13666
43	97	14.5111	-40.4657	29.9223	-1.13675
43	98	14.6177	-40.6395	30.1249	-1.13597
43	99	14.733	-40.8088	30.327	-1.13487
43	100	14.8749	-40.9611	30.525	-1.13277
43	101	15.0071	-41.1031	30.7097	-1.13083
43	102	15.1582	-41.2055	30.8669	-1.12781
43	103	15.308	-41.2912	31.0086	-1.12463
43	104	15.4578	-41.3708	31.1453	-1.12139
43	105	15.614	-41.4378	31.2737	-1.11783
43	106	15.7725	-41.5038	31.4026	-1.11421
43	107	15.9354	-41.5661	31.5306	-1.11044
43	108	16.1038	-41.6233	31.6568	-1.10648
43	109	16.2763	-41.6812	31.7862	-1.10244
43	110	16.4554	-41.7323	31.9129	-1.09816
43	111	16.6384	-41.7843	32.0428	-1.09381
43	112	16.8266	-41.8303	32.1704	-1.08927
43	113	17.0161	-41.8762	32.2992	-1.08473
43	114	17.208	-41.9183	32.4264	-1.0801
43	115	17.4016	-41.9612	32.5558	-1.07548
43	116	17.5964	-42.0004	32.6832	-1.0708
43	117	17.7928	-42.0377	32.8105	-1.0661
43	118	17.9914	-42.071	32.936	-1.06131
43	119	18.1914	-42.1015	33.0606	-1.05648
43	120	18.3922	-42.1276	33.1825	-1.05159
43	121	18.5932	-42.1516	33.3035	-1.04671
43	122	18.7945	-42.1727	33.4228	-1.04181
43	123	18.9964	-42.1929	33.5426	-1.03692
43	124	19.2003	-42.2109	33.6623	-1.03198
43	125	19.4066	-42.2278	33.7831	-1.02699
43	126	19.6158	-42.2416	33.9035	-1.02192
43	127	19.8272	-42.2535	34.0244	-1.01681
43	128	20.04	-42.2629	34.1448	-1.01165
43	129	20.2536	-42.2706	34.2651	-1.00648
43	130	20.4683	-42.2781	34.3868	-1.00133
43	131	20.6847	-42.2843	34.5091	-0.996142
43	132	20.9036	-42.2887	34.6323	-0.990908
43	133	21.1254	-42.2911	34.7563	-0.985607
43	134	21.3484	-42.2839	34.874	-0.980161
43	135	21.5456	-42.2311	34.9405	-0.974631
43	136	21.728	-42.1283	34.9585	-0.968664
43	137	21.9004	-42.0053	34.9554	-0.962605
43	138	22.0697	-41.8658	34.9383	-0.956347
43	139	22.241	-41.7054	34.9068	-0.949688
43	140	22.4178	-41.5165	34.8569	-0.942411
43	141	22.6063	-41.29	34.7857	-0.934199
43	142	22.7874	-41.0557	34.7061	-0.92599
43	143	22.9603	-40.8128	34.6172	-0.91778
43	144	23.1225	-40.5614	34.5171	-0.909623
43	145	23.2723	-40.3036	34.4067	-0.901585
43	146	23.411	-40.0415	34.2883	-0.893669
43	147	23.5404	-39.7749	34.1627	-0.885828
43	148	23.6604	-39.5022	34.0284	-0.878027
43	149	23.7685	-39.2223	33.883	-0.870297
43	150	23.862	-38.9369	33.7261	-0.862721
43	151	23.9412	-38.6491	33.5599	-0.855351
43	152	24.0088	-38.3606	33.3873	-0.848155
44	0	-12.963	-36.7699	27.7798	-2.13651
44	1	-12.9432	-36.5681	27.599	-2.13982
44	2	-12.9308	-36.3663	27.4225	-2.14341
44	3	-12.9216	-36.1623	27.2462	-2.14718
44	4	-12.9193	-35.9577	27.0737	-2.15123
44	5	-12.9204	-35.7544	26.9045	-2.15541
44	6	-12.927	-35.5504	26.7383	-2.15982
44	7	-12.9349	-35.346	26.573	-2.16434
44	8	-12.9477	-35.1407	26.4102	-2.16909
44	9	-12.9633	-34.9343	26.2488	-2.17401
44	10	-12.9888	-34.7284	26.094	-2.1793
44	11	-13.0228	-34.5245	25.9466	-2.18486
44	12	-13.0728	-34.3258	25.8135	-2.19088
44	13	-13.1356	-34.1308	25.6918	-2.19728
44	14	-13.2155	-33.9392	25.584	-2.2042
44	15	-13.31	-33.7481	25.4867	-2.21163
44	16	-13.4153	-33.5767	25.4129	-2.21898
44	17	-13.5253	-33.4168	25.3525	-2.22625
44	18	-13.6461	-33.2707	25.311	-2.23355
44	19	-13.7727	-33.1285	25.2774	-2.24096
44	20	-13.9038	-32.9881	25.2496	-2.24848
44	21	-14.0393	-32.8499	25.2276	-2.2561
44	22	-14.1831	-32.7158	25.2156	-2.26388
44	23	-14.3292	-32.5815	25.2063	-2.27175
44	24	-14.4818	-32.4535	25.2078	-2.27964
44	25	-14.6354	-32.3281	25.2133	-2.28751
44	26	-14.7936	-32.2039	25.2244	-2.29547
44	27	-14.9544	-32.0789	25.2382	-2.30353
44	28	-15.1192	-31.9562	25.2581	-2.31162
44	29	-15.2869	-31.8366	25.2839	-2.31971
44	30	-15.4593	-31.7185	25.3156	-2.32788
44	31	-15.6349	-31.603	25.353	-2.33604
44	32	-15.8127	-31.4919	25.3969	-2.34412
44	33	-15.992	-31.3826	25.4447	-2.35216
44	34	-16.1728	-31.2759	25.4972	-2.36014
44	35	-16.3557	-31.1737	25.5559	-2.36802
44	36	-16.5413	-31.0784	25.6228	-2.37574
44	37	-16.73	-30.995	25.7017	-2.38317
44	38	-16.9243	-30.9239	25.7945	-2.39035
44	39	-17.1259	-30.867	25.9037	-2.39727
44	40	-17.3363	-30.8245	26.0302	-2.40395
44	41	-17.5356	-30.8061	26.1658	-2.40959
44	42	-17.7258	-30.8035	26.3058	-2.4145
44	43	-17.9072	-30.8257	26.4563	-2.41843
44	44	-18.0839	-30.8538	26.6075	-2.42203
44	45	-18.2585	-30.8936	26.7652	-2.42521
44	46	-18.435	-30.9331	26.9244	-2.42841
44	47	-18.6138	-30.9771	27.0885	-2.4315
44	48	-18.7948	-31.0242	27.2566	-2.43452
44	49	-18.9781	-31.0758	27.4296	-2.43743
44	50	-19.1633	-31.1317	27.607	-2.44023
44	51	-19.3499	-31.1908	27.7878	-2.44294
44	52	-19.5367	-31.2528	27.9708	-2.44554
44	53	-19.7233	-31.3157	28.1545	-2.44807
44	54	-19.9083	-31.3808	28.3384	-2.45048
44	55	-20.0915	-31.4468	28.5217	-2.45279
44	56	-20.2782	-31.5142	28.7088	-2.45511
44	57	-20.4677	-31.5842	28.8998	-2.45739
44	58	-20.6587	-31.658	29.0945	-2.45958
44	59	-20.8525	-31.7296	29.2902	-2.46185
44	60	-21.0459	-31.8043	29.4876	-2.464
44	61	-21.2392	-31.8783	29.6846	-2.46614
44	62	-21.4306	-31.9547	29.8819	-2.46815
44	63	-21.624	-32.0329	30.0819	-2.47013
44	64	-21.8195	-32.1129	30.2848	-2.47208
44	65	-22.0174	-32.1937	30.4901	-2.47403
44	66	-22.2156	-32.2787	30.6985	-2.47585
44	67	-22.4062	-32.3762	30.9086	-2.47718
44	68	-22.5543	-32.5045	31.1044	-2.47687
44	69	-22.6693	-32.6716	31.2979	-2.47493
44	70	-22.7667	-32.8545	31.4877	-2.47228
44	71	-22.8551	-33.053	31.6804	-2.4691
44	72	-22.9373	-33.2735	31.8823	-2.46529
44	73	-23.0154	-33.5252	32.101	-2.4607
44	74	-23.0911	-33.8195	32.3456	-2.4551
44	75	-23.1573	-34.1185	32.5869	-2.44929
44	76	-23.2117	-34.4224	32.8234	-2.44323
44	77	-23.2518	-34.7291	33.0519	-2.4369
44	78	-23.2781	-35.0354	33.2711	-2.4304
44	79	-23.2931	-35.3405	33.4823	-2.42379
44	80	-23.2985	-35.6455	33.6878	-2.41707
44	81	-23.2934	-35.9518	33.8878	-2.4102
44	82	-23.2754	-36.259	34.0804	-2.40314
44	83	-23.2437	-36.5646	34.2636	-2.39592
44	84	-23.2004	-36.8667	34.4376	-2.38863
44	85	-23.1478	-37.1658	34.6047	-2.38128
44	86	-23.0863	-37.4637	34.7663	-2.37385
44	87	-23.0136	-37.7611	34.9216	-2.36628
44	88	-22.9271	-38.0566	35.0678	-2.35853
44	89	-22.8269	-38.347	35.2027	-2.35068
44	90	-22.7155	-38.6309	35.3273	-2.34279
44	91	-22.5951	-38.9096	35.4441	-2.33487
44	92	-22.4654	-39.1847	35.5541	-2.32688
44	93	-22.3246	-39.4559	35.656	-2.31879
44	94	-22.1717	-39.7213	35.7478	-2.3106
44	95	-22.0086	-39.9787	35.8291	-2.3024
44	96	-21.8375	-40.2286	35.902	-2.2942
44	97	-21.6589	-40.4718	35.9673	-2.286
44	98	-21.4921	-40.6751	36.0123	-2.2788
44	99	-21.3298	-40.8466	36.0378	-2.27229
44	100	-21.1665	-40.9928	36.0447	-2.26621
44	101	-20.9972	-41.1176	36.0327	-2.26038
44	102	-20.8367	-41.2479	36.0317	-2.25464
44	103	-20.6603	-41.3234	35.9793	-2.24952
44	104	-20.4584	-41.3517	35.875	-2.24464
44	105	-20.2522	-41.363	35.7555	-2.23994
44	106	-20.0475	-41.3698	35.6343	-2.23532
44	107	-19.8452	-41.3762	35.5149	-2.23072
44	108	-19.6444	-41.3817	35.3966	-2.22614
44	109	-19.4448	-41.387	35.2795	-2.22157
44	110	-19.2464	-41.3903	35.1623	-2.21702
44	111	-19.0496	-41.3928	35.0461	-2.21249
44	112	-18.8531	-41.3913	34.9276	-2.20801
44	113	-18.6574	-41.3879	34.8088	-2.20355
44	114	-18.4626	-41.3807	34.6882	-2.19915
44	115	-18.268	-41.372	34.567	-2.19474
44	116	-18.0754	-41.3621	34.4468	-2.19037
44	117	-17.884	-41.3508	34.3268	-2.18602
44	118	-17.6933	-41.3391	34.2075	-2.18167
44	119	-17.5034	-41.3242	34.0868	-2.17735
44	120	-17.3145	-41.3081	33.9661	-2.17305
44	121	-17.1275	-41.2879	33.8439	-2.16884
44	122	-16.9427	-41.2653	33.7214	-2.16469
44	123	-16.7601	-41.2398	33.5984	-2.16061
44	124	-16.5794	-41.2106	33.4738	-2.15661
44	125	-16.3996	-41.1804	33.3496	-2.15262
44	126	-16.221	-41.1442	33.2215	-2.14872
44	127	-16.0441	-41.1086	33.0952	-2.14483
44	128	-15.87	-41.0672	32.9661	-2.14108
44	129	-15.6995	-41.0254	32.8391	-2.1374
44	130	-15.5343	-40.9777	32.7105	-2.13392
44	131	-15.3737	-40.9279	32.5828	-2.13057
44	132	-15.2182	-40.874	32.4547	-2.12739
44	133	-15.0678	-40.8176	32.3275	-2.12436
44	134	-14.9217	-40.758	32.2001	-2.12147
44	135	-14.7791	-40.6937	32.0708	-2.11874
44	136	-14.6357	-40.6297	31.9417	-2.11595
44	137	-14.5014	-40.5428	31.7978	-2.11375
44	138	-14.3697	-40.4415	31.643	-2.11184
44	139	-14.2344	-40.3258	31.4742	-2.11005
44	140	-14.1078	-40.1819	31.2858	-2.10894
44	141	-13.9883	-40.0378	31.1008	-2.10801
44	142	-13.8875	-39.8819	30.9153	-2.1078
44	143	-13.7917	-39.723	30.7298	-2.10776
44	144	-13.71	-39.5572	30.5455	-2.10824
44	145	-13.631	-39.3897	30.3611	-2.10883
44	146	-13.557	-39.219	30.1767	-2.10962
44	147	-13.4907	-39.0449	29.9932	-2.1107
44	148	-13.4265	-38.8701	29.8103	-2.11187
44	149	-13.365	-38.6914	29.6254	-2.1132
44	150	-13.3061	-38.5087	29.4386	-2.11469
44	151	-13.2497	-38.3226	29.2502	-2.11633
44	152	-13.1998	-38.1334	29.0627	-2.11824
44	153	-13.1547	-37.9438	28.8774	-2.12032
44	154	-13.1143	-37.7508	28.6917	-2.12264
44	155	-13.0762	-37.5564	28.5063	-2.12507
44	156	-13.0434	-37.3614	28.3233	-2.12771
44	157	-13.0142	-37.1672	28.1431	-2.13048
44	158	-12.9871	-36.9699	27.9617	-2.1334
48	0	22.3014	-44.5796	37.3146	-0.993211
48	1	22.2201	-44.2966	37.0332	-0.990876
48	2	22.1292	-44.0162	36.749	-0.988764
48	3	22.0422	-43.7792	36.5032	-0.987185
48	4	21.9552	-43.5772	36.2867	-0.98612
48	5	21.8645	-43.4034	36.0918	-0.985558
48	6	21.7663	-43.2526	35.9118	-0.985518
48	7	21.6549	-43.1228	35.7421	-0.98611
48	8	21.5306	-43.0276	35.5941	-0.987545
48	9	21.37	-42.9874	35.4723	-0.9907
48	10	21.1948	-42.9685	35.3607	-0.99455
48	11	21.0154	-42.9515	35.249	-0.998557
48	12	20.8332	-42.9342	35.1361	-1.00265
48	13	20.6486	-42.9162	35.0219	-1.00681
48	14	20.4612	-42.9005	34.9088	-1.01111
48	15	20.271	-42.8837	34.7939	-1.01549
48	16	20.0776	-42.866	34.6772	-1.01996
48	17	19.881	-42.8501	34.5612	-1.02456
48	18	19.6821	-42.8341	34.4446	-1.02926
48	19	19.482	-42.819	34.3289	-1.03402
48	20	19.2818	-42.8037	34.2137	-1.03882
48	21	19.0817	-42.7899	34.1007	-1.04368
48	22	18.8819	-42.7734	33.9863	-1.04851
48	23	18.682	-42.751	33.8676	-1.0533
48	24	18.4818	-42.7236	33.7452	-1.05805
48	25	18.2812	-42.6947	33.6219	-1.06283
48	26	18.0804	-42.67	33.503	-1.06771
48	27	17.881	-42.6444	33.3849	-1.07257
48	28	17.6841	-42.615	33.2654	-1.07735
48	29	17.4893	-42.5814	33.1439	-1.08204
48	30	17.2938	-42.5438	33.0193	-1.08674
48	31	17.0947	-42.5062	32.8937	-1.09156
48	32	16.8924	-42.4677	32.7666	-1.0965
48	33	16.6876	-42.4297	32.6397	-1.10155
48	34	16.4819	-42.3913	32.5129	-1.10666
48	35	16.2758	-42.3537	32.3874	-1.11183
48	36	16.0696	-42.316	32.2628	-1.11704
48	37	15.863	-42.2785	32.1388	-1.12231
48	38	15.6554	-42.2418	32.0163	-1.12765
48	39	15.4473	-42.2124	31.9009	-1.13315
48	40	15.2393	-42.1962	31.7986	-1.13886
48	41	15.035	-42.2096	31.7259	-1.14489
48	42	14.8332	-42.2562	31.6856	-1.15129
48	43	14.6337	-42.3284	31.671	-1.15797
48	44	14.4353	-42.4298	31.685	-1.16499
48	45	14.2527	-42.549	31.7232	-1.17177
48	46	14.085	-42.6835	31.7826	-1.17827
48	47	13.9283	-42.831	31.8596	-1.18459
48	48	13.7789	-42.9863	31.9478	-1.19075
48	49	13.6356	-43.1477	32.0451	-1.19677
48	50	13.499	-43.3158	32.1522	-1.20264
48	51	13.3721	-43.4928	32.2722	-1.20828
48	52	13.2599	-43.6804	32.4083	-1.21357
48	53	13.1653	-43.8821	32.5645	-1.21846
48	54	13.0904	-44.0972	32.741	-1.22287
48	55	13.0403	-44.3097	32.9238	-1.2265
48	56	13.0099	-44.52	33.1117	-1.22951
48	57	12.9956	-44.7299	33.3048	-1.23202
48	58	12.9934	-44.9407	33.503	-1.23418
48	59	12.9988	-45.1529	33.7051	-1.23611
48	60	13.0091	-45.3669	33.9106	-1.23789
48	61	13.0234	-45.5823	34.119	-1.23956
48	62	13.0414	-45.7983	34.3291	-1.24111
48	63	13.0626	-46.0135	34.5396	-1.24255
48	64	13.0856	-46.2269	34.7491	-1.2439
48	65	13.1103	-46.438	34.9569	-1.24517
48	66	13.1355	-46.6476	35.1636	-1.2464
48	67	13.161	-46.8569	35.3701	-1.2476
48	68	13.1869	-47.0669	35.5776	-1.24878
48	69	13.2146	-47.2782	35.7867	-1.24992
48	70	13.2452	-47.4899	35.9974	-1.25097
48	71	13.2793	-47.7009	36.2084	-1.2519
48	72	13.3163	-47.9099	36.4185	-1.25274
48	73	13.3549	-48.1166	36.6269	-1.2535
48	74	13.3938	-48.3217	36.8338	-1.25424
48	75	13.4328	-48.5262	37.0404	-1.25496
48	76	13.4725	-48.7312	37.2476	-1.25565
48	77	13.5141	-48.9368	37.4559	-1.2563
48	78	13.5585	-49.1423	37.6651	-1.25686
48	79	13.6056	-49.3467	37.874	-1.25735
48	80	13.6545	-49.5495	38.082	-1.25777
48	81	13.7043	-49.7508	38.289	-1.25815
48	82	13.7544	-49.9517	38.4955	-1.25852
48	83	13.8053	-50.1528	38.7025	-1.25886
48	84	13.858	-50.3547	38.9108	-1.25917
48	85	13.9134	-50.5567	39.1201	-1.2594
48	86	13.972	-50.7578	39.3295	-1.25955
48	87	14.033	-50.9574	39.5382	-1.25962
48	88	14.0957	-51.1552	39.7457	-1.25965
48	89	14.1592	-51.3518	39.9523	-1.25964
48	90	14.2239	-51.548	40.1588	-1.2596
48	91	14.2903	-51.7441	40.3659	-1.25952
48	92	14.3595	-51.9399	40.5735	-1.25938
48	93	14.4322	-52.135	40.7815	-1.25915
48	94	14.5128	-52.327	40.9889	-1.25871
48	95	14.6341	-52.4702	41.1625	-1.25698
48	96	14.8029	-52.5658	41.3058	-1.2538
48	97	14.9861	-52.6402	41.4338	-1.25016
48	98	15.1852	-52.6992	41.5529	-1.24606
48	99	15.4053	-52.7418	41.664	-1.24138
48	100	15.6538	-52.7683	41.77	-1.23596
48	101	15.9401	-52.7806	41.8766	-1.2296
48	102	16.2276	-52.7824	41.9753	-1.22316
48	103	16.5171	-52.7729	42.0659	-1.21661
48	104	16.8079	-52.7491	42.1455	-1.20994
48	105	17.0976	-52.7094	42.2116	-1.20319
48	106	17.3835	-52.6554	42.2649	-1.19642
48	107	17.6656	-52.59	42.3081	-1.18965
48	108	17.9454	-52.5142	42.3428	-1.18285
48	109	18.2238	-52.4258	42.3673	-1.17597
48	110	18.4989	-52.3222	42.3786	-1.16904
48	111	18.7674	-52.2034	42.3752	-1.16211
48	112	19.028	-52.0726	42.3597	-1.15524
48	113	19.282	-51.9329	42.3354	-1.14842
48	114	19.5316	-51.7847	42.3036	-1.1416
48	115	19.7772	-51.6257	42.2622	-1.13475
48	116	20.0163	-51.453	42.2076	-1.12789
48	117	20.2454	-51.2666	42.1383	-1.12108
48	118	20.4633	-51.0699	42.0569	-1.11438
48	119	20.6718	-50.8656	41.9663	-1.10778
48	120	20.8726	-50.6534	41.8671	-1.10122
48	121	21.0656	-50.4313	41.7572	-1.09469
48	122	21.2482	-50.1982	41.6346	-1.08823
48	123	21.4178	-49.9558	41.4993	-1.0819
48	124	21.5745	-49.7072	41.3543	-1.07573
48	125	21.7207	-49.4538	41.2016	-1.06969
48	126	21.8579	-49.1947	41.0409	-1.06372
48	127	21.9848	-48.9279	40.87	-1.05784
48	128	22.0985	-48.6533	40.6873	-1.05209
48	129	22.1974	-48.3738	40.4941	-1.04655
48	130	22.2829	-48.0921	40.2936	-1.04121
48	131	22.3577	-47.8087	40.0874	-1.03603
48	132	22.4227	-47.5219	39.8743	-1.03096
48	133	22.4759	-47.2296	39.6514	-1.02602
48	134	22.5134	-46.9323	39.417	-1.0213
48	135	22.5331	-46.6335	39.1729	-1.01688
48	136	22.5373	-46.3366	38.9228	-1.01278
48	137	22.5291	-46.0417	38.6687	-1.00892
48	138	22.51	-45.7472	38.4095	-1.00526
48	139	22.4785	-45.452	38.1436	-1.00181
48	140	22.4327	-45.1575	37.871	-0.998637
48	141	22.3729	-44.8663	37.594	-0.995781
49	0	-13.7248	-45.721	35.9854	-2.02079
49	1	-13.6834	-45.53	35.7954	-2.02207
49	2	-13.6429	-45.3405	35.6072	-2.02337
49	3	-13.6028	-45.1522	35.4204	-2.02468
49	4	-13.5628	-44.9645	35.2342	-2.02599
49	5	-13.5235	-44.7767	35.0483	-2.02734
49	6	-13.4851	-44.5886	34.8625	-2.02873
49	7	-13.447	-44.4014	34.6778	-2.03013
49	8	-13.4095	-44.2155	34.4946	-2.03155
49	9	-13.3734	-44.0311	34.3134	-2.03299
49	10	-13.3391	-43.8481	34.1344	-2.03448
49	11	-13.3076	-43.666	33.9575	-2.03605
49	12	-13.2808	-43.484	33.7828	-2.03776
49	13	-13.2631	-43.3009	33.6114	-2.03974
49	14	-13.2604	-43.1148	33.4442	-2.04219
49	15	-13.2771	-42.9237	33.2817	-2.04524
49	16	-13.3154	-42.7262	33.1238	-2.04899
49	17	-13.3735	-42.5366	32.9825	-2.0532
49	18	-13.451	-42.3563	32.8591	-2.05784
49	19	-13.5467	-42.1842	32.7522	-2.06288
49	20	-13.6578	-42.022	32.6622	-2.06822
49	21	-13.7922	-41.8839	32.6055	-2.07387
49	22	-13.9471	-41.7682	32.5793	-2.07974
49	23	-14.1194	-41.671	32.579	-2.08582
49	24	-14.2952	-41.6029	32.6069	-2.09154
49	25	-14.4735	-41.5706	32.6681	-2.09676
49	26	-14.6557	-41.569	32.7585	-2.1016
49	27	-14.8391	-41.583	32.8638	-2.1062
49	28	-15.0233	-41.6045	32.9766	-2.11067
49	29	-15.2084	-41.6289	33.093	-2.11509
49	30	-15.3945	-41.6538	33.2109	-2.11949
49	31	-15.5815	-41.6801	33.3313	-2.12387
49	32	-15.7695	-41.707	33.4532	-2.12823
49	33	-15.9573	-41.7358	33.5774	-2.13252
49	34	-16.1445	-41.7642	33.7013	-2.13677
49	35	-16.3304	-41.7908	33.8238	-2.14099
49	36	-16.5137	-41.8198	33.9475	-2.14507
49	37	-16.6956	-41.8441	34.067	-2.14917
49	38	-16.8798	-41.8636	34.1843	-2.15337
49	39	-17.0665	-41.8784	34.2997	-2.15768
49	40	-17.2553	-41.8916	34.4155	-2.16203
49	41	-17.4447	-41.9088	34.5357	-2.16631
49	42	-17.6343	-41.9243	34.6552	-2.17058
49	43	-17.823	-41.9379	34.7733	-2.17485
49	44	-18.0101	-41.9541	34.8932	-2.179
49	45	-18.1963	-41.9659	35.0095	-2.18317
49	46	-18.382	-41.9731	35.1225	-2.18737
49	47	-18.5676	-41.9824	35.2377	-2.19152
49	48	-18.7535	-41.9881	35.3508	-2.19571
49	49	-18.9398	-41.9908	35.4623	-2.19992
49	50	-19.1253	-41.9957	35.5757	-2.20405
49	51	-19.309	-42.0006	35.6886	-2.20812
49	52	-19.4922	-42.0071	35.8031	-2.21213
49	53	-19.6741	-42.0135	35.9174	-2.21608
49	54	-19.8544	-42.0224	36.0332	-2.21993
49	55	-20.0332	-42.0305	36.148	-2.22373
49	56	-20.2092	-42.0337	36.2577	-2.22753
49	57	-20.3824	-42.0312	36.3618	-2.23135
49	58	-20.5526	-42.024	36.4608	-2.23516
49	59	-20.7182	-42.032	36.5694	-2.23859
49	60	-20.8433	-42.0977	36.6985	-2.24015
49	61	-20.9542	-42.1991	36.8468	-2.24081
49	62	-21.0515	-42.3204	37.0023	-2.24083
49	63	-21.1411	-42.4604	37.1677	-2.24038
49	64	-21.2257	-42.622	37.3469	-2.23947
49	65	-21.3079	-42.8114	37.5465	-2.23806
49	66	-21.3898	-43.0357	37.7735	-2.23609
49	67	-21.4736	-43.3031	38.0357	-2.23349
49	68	-21.5463	-43.5721	38.2927	-2.23066
49	69	-21.6093	-43.8424	38.545	-2.22765
49	70	-21.6627	-44.1149	38.7936	-2.22445
49	71	-21.7049	-44.3908	39.0385	-2.22101
49	72	-21.733	-44.6698	39.2779	-2.21728
49	73	-21.7454	-44.9493	39.5087	-2.21327
49	74	-21.7434	-45.2262	39.7296	-2.20906
49	75	-21.7301	-45.4998	39.9418	-2.20471
49	76	-21.7077	-45.771	40.1474	-2.20026
49	77	-21.6764	-46.0414	40.348	-2.19568
49	78	-21.6342	-46.3119	40.5431	-2.19094
49	79	-21.5786	-46.5813	40.7306	-2.18598
49	80	-21.5086	-46.8471	40.9078	-2.18084
49	81	-21.4257	-47.1071	41.074	-2.17556
49	82	-21.3324	-47.361	41.2305	-2.17019
49	83	-21.2297	-47.6104	41.379	-2.16474
49	84	-21.1168	-47.8561	41.5201	-2.15918
49	85	-20.9912	-48.0977	41.652	-2.15345
49	86	-20.8516	-48.3326	41.7721	-2.14756
49	87	-20.699	-48.5581	41.8787	-2.14158
49	88	-20.5365	-48.7732	41.9726	-2.13555
49	89	-20.3666	-48.9792	42.0565	-2.12951
49	90	-20.1898	-49.1783	42.1323	-2.12345
49	91	-20.0052	-49.3709	42.2002	-2.11733
49	92	-19.8116	-49.5566	42.259	-2.11113
49	93	-19.6079	-49.7324	42.3058	-2.10487
49	94	-19.3956	-49.8965	42.3398	-2.09858
49	95	-19.1773	-50.0491	42.3625	-2.09231
49	96	-18.9542	-50.1921	42.3762	-2.08607
49	97	-18.7261	-50.3266	42.3817	-2.07982
49	98	-18.4915	-50.4522	42.3778	-2.07354
49	99	-18.2495	-50.5663	42.3621	-2.06724
49	100	-18.0013	-50.6666	42.3329	-2.06095
49	101	-17.7492	-50.7527	42.2909	-2.05474
49	102	-17.4954	-50.8262	42.2387	-2.04861
49	103	-17.2403	-50.8894	42.1783	-2.04255
49	104	-16.9834	-50.9431	42.1101	-2.03653
49	105	-16.7241	-50.9861	42.033	-2.03056
49	106	-16.4991	-51.0091	41.9542	-2.02551
49	107	-16.3002	-51.0118	41.8696	-2.02122
49	108	-16.121	-50.9946	41.7764	-2.01753
49	109	-15.9561	-50.9592	41.6735	-2.01433
49	110	-15.8009	-50.9079	41.5608	-2.01149
49	111	-15.6522	-50.8424	41.4382	-2.00892
49	112	-15.5121	-50.7586	41.303	-2.00671
49	113	-15.4052	-50.6289	41.1403	-2.00568
49	114	-15.3116	-50.4629	40.9503	-2.00532
49	115	-15.2272	-50.2929	40.7605	-2.0052
49	116	-15.1464	-50.1221	40.5716	-2.00516
49	117	-15.067	-49.9511	40.3831	-2.00516
49	118	-14.9882	-49.7797	40.1945	-2.00518
49	119	-14.9099	-49.6074	40.0052	-2.00521
49	120	-14.8321	-49.4339	39.8151	-2.00527
49	121	-14.7555	-49.2593	39.6244	-2.00537
49	122	-14.681	-49.0837	39.4338	-2.00554
49	123	-14.6103	-48.9055	39.2424	-2.00581
49	124	-14.5433	-48.7255	39.051	-2.0062
49	125	-14.4794	-48.5444	38.8598	-2.00668
49	126	-14.4176	-48.3622	38.6685	-2.00722
49	127	-14.3573	-48.1785	38.4766	-2.00781
49	128	-14.2986	-47.9928	38.2835	-2.00848
49	129	-14.242	-47.805	38.0894	-2.00922
49	130	-14.1882	-47.6154	37.895	-2.01006
49	131	-14.1371	-47.4253	37.7012	-2.01098
49	132	-14.0883	-47.2359	37.5091	-2.01195
49	133	-14.0408	-47.0483	37.3191	-2.01295
49	134	-13.9939	-46.8628	37.1314	-2.01394
49	135	-13.9479	-46.6758	36.9428	-2.01499
49	136	-13.9022	-46.4873	36.753	-2.01607
49	137	-13.8567	-46.2971	36.5617	-2.01719
49	138	-13.8115	-46.1055	36.3695	-2.01834
49	139	-13.7674	-45.9132	36.177	-2.01954
