# CellID	NodeIndex	X	Y	R	Theta
8	0	53.4275	-5.06074	52.5423	0.160409
8	1	53.5577	-4.83283	52.7077	0.164283
8	2	53.6735	-4.59831	52.8607	0.168301
8	3	53.7757	-4.35946	53.0019	0.172421
8	4	53.866	-4.11724	53.1329	0.176621
8	5	53.9456	-3.8712	53.255	0.180906
8	6	54.0142	-3.62028	53.3681	0.1853
8	7	54.0699	-3.36401	53.4706	0.189819
8	8	54.1108	-3.10341	53.5605	0.194453
8	9	54.1362	-2.84078	53.6368	0.199166
8	10	54.1475	-2.5781	53.7004	0.203919
8	11	54.1467	-2.31588	53.7534	0.208699
8	12	54.135	-2.05335	53.797	0.213518
8	13	54.1119	-1.78954	53.8309	0.218398
8	14	54.0756	-1.52437	53.8536	0.223352
8	15	54.0244	-1.25931	53.8631	0.228361
8	16	53.9582	-0.996742	53.8587	0.233388
8	17	53.8789	-0.738118	53.842	0.238402
8	18	53.7886	-0.483117	53.8151	0.243402
8	19	53.6879	-0.230417	53.779	0.248414
8	20	53.5754	0.0208754	53.7325	0.253462
8	21	53.4486	0.269951	53.6728	0.258547
8	22	53.3056	0.513911	53.5977	0.263629
8	23	53.1477	0.749554	53.5073	0.26865
8	24	52.9783	0.976095	53.4047	0.273582
8	25	52.7996	1.19521	53.2925	0.278446
8	26	52.6119	1.40883	53.1714	0.28328
8	27	52.4133	1.61725	53.0396	0.288099
8	28	52.2024	1.81855	52.8952	0.292881
8	29	51.9798	2.01001	52.7379	0.297575
8	30	51.7481	2.1908	52.57	0.302155
8	31	51.5095	2.36259	52.3939	0.306641
8	32	51.264	2.52733	52.21	0.311068
8	33	51.0096	2.68507	52.0166	0.315452
8	34	50.7451	2.83346	51.8117	0.319759
8	35	50.4717	2.96975	51.5954	0.323932
8	36	50.1922	3.09374	51.3704	0.327952
8	37	49.908	3.20766	51.1384	0.331851
8	38	49.6178	3.31297	50.8987	0.335665
8	39	49.3195	3.40837	50.6488	0.339384
8	40	49.0131	3.49042	50.3875	0.342943
8	41	48.7023	3.55671	50.1173	0.346274
8	42	48.4326	3.5966	49.8774	0.348861
8	43	48.1938	3.6164	49.6599	0.35088
8	44	47.976	3.62055	49.4568	0.352473
8	45	47.7706	3.61034	49.2606	0.353717
8	46	47.5749	3.58134	49.067	0.354544
8	47	47.4002	3.51803	48.8811	0.354571
8	48	47.2376	3.41937	48.6944	0.35383
8	49	47.0695	3.32343	48.5034	0.353176
8	50	46.9041	3.21672	48.3114	0.352287
8	51	46.7404	3.10383	48.1188	0.351259
8	52	46.5804	2.98469	47.9276	0.350074
8	53	46.4239	2.86185	47.7385	0.348781
8	54	46.2732	2.73417	47.5533	0.347341
8	55	46.1269	2.6047	47.3717	0.345822
8	56	45.9815	2.47014	47.1894	0.344184
8	57	45.8361	2.33175	47.0059	0.342456
8	58	45.6934	2.18754	46.8232	0.340578
8	59	45.5549	2.03816	46.6428	0.338551
8	60	45.4234	1.88378	46.4676	0.336358
8	61	45.2996	1.72682	46.299	0.33404
8	62	45.1793	1.56634	46.133	0.331608
8	63	45.0622	1.40381	45.9694	0.329095
8	64	44.9485	1.23941	45.8089	0.326501
8	65	44.8386	1.07302	45.6515	0.323821
8	66	44.7329	0.904498	45.4979	0.321049
8	67	44.6281	0.730927	45.3439	0.318145
8	68	44.5258	0.552344	45.1911	0.3151
8	69	44.4288	0.369277	45.0423	0.311903
8	70	44.3382	0.183629	44.8994	0.308587
8	71	44.2524	-0.00479061	44.7607	0.305159
8	72	44.1704	-0.194263	44.6258	0.301661
8	73	44.095	-0.385339	44.4974	0.298064
8	74	44.0237	-0.576896	44.3732	0.29441
8	75	43.9643	-0.771084	44.2604	0.2906
8	76	43.9151	-0.966028	44.1577	0.28669
8	77	43.8859	-1.1657	44.0736	0.282532
8	78	43.866	-1.36948	43.9981	0.27821
8	79	43.8726	-1.57943	43.9473	0.273575
8	80	43.8901	-1.77794	43.9109	0.269115
8	81	43.9387	-1.95913	43.91	0.264843
8	82	43.9927	-2.1317	43.9173	0.260728
8	83	44.0664	-2.29528	43.9467	0.2567
8	84	44.1384	-2.45962	43.975	0.252669
8	85	44.2192	-2.62189	44.013	0.248641
8	86	44.3027	-2.78515	44.0541	0.244582
8	87	44.3933	-2.94833	44.1029	0.240495
8	88	44.4886	-3.11335	44.1565	0.236351
8	89	44.5907	-3.27905	44.2173	0.232168
8	90	44.6964	-3.44673	44.2821	0.227933
8	91	44.808	-3.61376	44.3534	0.223696
8	92	44.9215	-3.78113	44.4274	0.219456
8	93	45.0378	-3.94717	44.5051	0.215246
8	94	45.1543	-4.11317	44.5838	0.21105
8	95	45.2716	-4.27887	44.6642	0.206872
8	96	45.3893	-4.44471	44.7457	0.202705
8	97	45.5081	-4.60967	44.8293	0.198567
8	98	45.6277	-4.77266	44.9148	0.194484
8	99	45.7475	-4.932	45.0019	0.190496
8	100	45.8682	-5.0929	45.0903	0.186485
8	101	45.9898	-5.25401	45.1803	0.182482
8	102	46.1132	-5.41425	45.2729	0.178506
8	103	46.2379	-5.57424	45.3675	0.174548
8	104	46.3628	-5.7353	45.463	0.170582
8	105	46.4897	-5.89661	45.5609	0.16662
8	106	46.6199	-6.05669	45.6631	0.16269
8	107	46.7526	-6.21485	45.7688	0.15881
8	108	46.8851	-6.3741	45.8748	0.154926
8	109	47.0192	-6.53315	45.9831	0.151058
8	110	47.1552	-6.68998	46.0943	0.147251
8	111	47.2906	-6.84599	46.2057	0.143481
8	112	47.4267	-7.00171	46.3185	0.139733
8	113	47.5625	-7.15787	46.4315	0.135996
8	114	47.7098	-7.28754	46.5601	0.132807
8	115	47.8723	-7.37286	46.71	0.130536
8	116	48.0537	-7.42309	46.8834	0.12897
8	117	48.2384	-7.47962	47.0593	0.127274
8	118	48.4377	-7.51961	47.252	0.125899
8	119	48.6575	-7.54258	47.4672	0.124838
8	120	48.9046	-7.54753	47.7118	0.12409
8	121	49.1876	-7.53444	47.9943	0.123631
8	122	49.4666	-7.5095	48.2742	0.123431
8	123	49.7423	-7.47465	48.552	0.123444
8	124	50.0159	-7.42908	48.8292	0.12368
8	125	50.2875	-7.37028	49.106	0.124186
8	126	50.5553	-7.29581	49.3809	0.125011
8	127	50.8161	-7.20547	49.651	0.126161
8	128	51.0681	-7.10163	49.9142	0.12759
8	129	51.3116	-6.98708	50.1703	0.129237
8	130	51.5481	-6.86307	50.4209	0.131071
8	131	51.7786	-6.7289	50.6671	0.133102
8	132	52.0026	-6.58284	50.9086	0.135362
8	133	52.2177	-6.42379	51.1434	0.137876
8	134	52.4217	-6.25273	51.3691	0.140628
8	135	52.6136	-6.07222	51.5846	0.143572
8	136	52.7945	-5.88453	51.7908	0.146659
8	137	52.9661	-5.69048	51.9892	0.149869
8	138	53.1294	-5.48939	52.181	0.153212
8	139	53.2839	-5.27982	52.3659	0.156717
9	0	-40.6646	2.44057	45.1164	2.78159
9	1	-40.7163	2.59373	45.219	2.77882
9	2	-40.7745	2.7489	45.3286	2.77608
9	3	-40.8372	2.90578	45.4434	2.77335
9	4	-40.9091	3.06019	45.5662	2.77075
9	5	-40.9848	3.2118	45.6918	2.76826
9	6	-41.0644	3.36481	45.8219	2.76579
9	7	-41.1485	3.51665	45.956	2.76338
9	8	-41.2333	3.66745	46.0907	2.76102
9	9	-41.3201	3.81475	46.226	2.75876
9	10	-41.4097	3.96347	46.3648	2.75651
9	11	-41.5017	4.11256	46.5062	2.75428
9	12	-41.5967	4.25971	46.6498	2.75213
9	13	-41.6943	4.40982	46.7973	2.74995
9	14	-41.7958	4.56017	46.9486	2.74782
9	15	-41.8992	4.70966	47.1015	2.74573
9	16	-42.0057	4.85534	47.256	2.74375
9	17	-42.1148	5.00153	47.4134	2.7418
9	18	-42.227	5.14685	47.5733	2.73991
9	19	-42.3412	5.29121	47.735	2.73806
9	20	-42.4585	5.43597	47.8998	2.73624
9	21	-42.5795	5.58018	48.0679	2.73448
9	22	-42.7063	5.72073	48.2401	2.73284
9	23	-42.8402	5.85481	48.4163	2.7314
9	24	-42.969	5.99029	48.5885	2.7299
9	25	-43.117	6.08272	48.7611	2.72938
9	26	-43.2927	6.137	48.9438	2.7298
9	27	-43.4703	6.2	49.1319	2.73007
9	28	-43.6628	6.24618	49.3268	2.73078
9	29	-43.8759	6.27684	49.5344	2.73193
9	30	-44.1179	6.29207	49.7625	2.73358
9	31	-44.399	6.29066	50.0201	2.73584
9	32	-44.7315	6.26938	50.3174	2.73883
9	33	-45.0641	6.23126	50.6087	2.7421
9	34	-45.3914	6.17625	50.8891	2.7456
9	35	-45.7104	6.10838	51.1577	2.74923
9	36	-46.0231	6.03104	51.4173	2.75295
9	37	-46.3317	5.94387	51.6703	2.75677
9	38	-46.6361	5.84394	51.9154	2.76076
9	39	-46.9333	5.72988	52.1493	2.7649
9	40	-47.2207	5.60403	52.3708	2.76916
9	41	-47.4992	5.46937	52.5816	2.77347
9	42	-47.7708	5.32627	52.784	2.77785
9	43	-48.036	5.17259	52.9777	2.78234
9	44	-48.2925	5.00648	53.1601	2.78696
9	45	-48.5374	4.8291	53.3287	2.79168
9	46	-48.7702	4.64352	53.4844	2.79643
9	47	-48.9928	4.45142	53.6295	2.80121
9	48	-49.2065	4.25219	53.765	2.80602
9	49	-49.4105	4.04431	53.8898	2.81091
9	50	-49.6027	3.82765	54.0019	2.81586
9	51	-49.7816	3.60412	54.1006	2.82084
9	52	-49.948	3.3758	54.1872	2.8258
9	53	-50.1034	3.1432	54.2633	2.83077
9	54	-50.2482	2.9054	54.3291	2.83575
9	55	-50.3813	2.66145	54.3833	2.84077
9	56	-50.5007	2.41188	54.424	2.84579
9	57	-50.6055	2.15876	54.4512	2.8508
9	58	-50.6969	1.9039	54.4663	2.85577
9	59	-50.7764	1.64766	54.471	2.86069
9	60	-50.8445	1.38908	54.4654	2.8656
9	61	-50.8998	1.12713	54.4479	2.87051
9	62	-50.9399	0.862151	54.4163	2.87539
9	63	-50.9633	0.596337	54.3695	2.88022
9	64	-50.9706	0.33231	54.3089	2.88496
9	65	-50.964	0.0713175	54.2369	2.88958
9	66	-50.9455	-0.18702	54.1551	2.89411
9	67	-50.9155	-0.443709	54.0637	2.89858
9	68	-50.8729	-0.699201	53.9614	2.90299
9	69	-50.8161	-0.952631	53.8469	2.90731
9	70	-50.7447	-1.20205	53.7199	2.91152
9	71	-50.6595	-1.4457	53.5819	2.91558
9	72	-50.5624	-1.68315	53.4345	2.91951
9	73	-50.4546	-1.91509	53.2786	2.92331
9	74	-50.3358	-2.1423	53.1137	2.927
9	75	-50.2047	-2.3646	52.9386	2.93057
9	76	-50.0601	-2.58048	52.7523	2.934
9	77	-49.9022	-2.78776	52.5554	2.93724
9	78	-49.7329	-2.98509	52.3498	2.94028
9	79	-49.5541	-3.17271	52.1373	2.94312
9	80	-49.3667	-3.35181	51.9185	2.94579
9	81	-49.1703	-3.5231	51.6927	2.9483
9	82	-48.9637	-3.68599	51.4588	2.95063
9	83	-48.7463	-3.8386	51.2165	2.95275
9	84	-48.5192	-3.97902	50.9671	2.95462
9	85	-48.2844	-4.10682	50.7128	2.95624
9	86	-48.0436	-4.22319	50.4547	2.95763
9	87	-47.7967	-4.3295	50.1925	2.95881
9	88	-47.5423	-4.42573	49.9249	2.95978
9	89	-47.2791	-4.50985	49.6509	2.96049
9	90	-47.0076	-4.57872	49.3714	2.96087
9	91	-46.7309	-4.63068	49.0898	2.9609
9	92	-46.4521	-4.66719	48.809	2.9606
9	93	-46.1727	-4.69134	48.5299	2.96006
9	94	-45.9344	-4.70134	48.2937	2.95937
9	95	-45.7266	-4.69932	48.0897	2.95855
9	96	-45.5406	-4.68408	47.9096	2.95753
9	97	-45.3701	-4.65332	47.7476	2.95624
9	98	-45.2052	-4.6339	47.5892	2.9552
9	99	-45.0678	-4.57579	47.465	2.95346
9	100	-44.9484	-4.47115	47.3674	2.95082
9	101	-44.8163	-4.3748	47.2562	2.94829
9	102	-44.6874	-4.26693	47.1506	2.94552
9	103	-44.5606	-4.14997	47.0491	2.94255
9	104	-44.4341	-4.02918	46.9493	2.9395
9	105	-44.3077	-3.90498	46.8507	2.93636
9	106	-44.1828	-3.7764	46.7548	2.93312
9	107	-44.0565	-3.64611	46.6584	2.92983
9	108	-43.9303	-3.51265	46.5634	2.92646
9	109	-43.8043	-3.37627	46.4696	2.92301
9	110	-43.6779	-3.23824	46.3765	2.91952
9	111	-43.5516	-3.09973	46.2841	2.916
9	112	-43.4255	-2.96227	46.1922	2.91249
9	113	-43.3022	-2.82539	46.1035	2.90899
9	114	-43.1839	-2.68861	46.0202	2.9055
9	115	-43.064	-2.55046	45.9362	2.90197
9	116	-42.9429	-2.41069	45.8521	2.89838
9	117	-42.8221	-2.26833	45.7695	2.89473
9	118	-42.7009	-2.1249	45.6872	2.89103
9	119	-42.579	-1.98154	45.605	2.88732
9	120	-42.4595	-1.83701	45.526	2.88359
9	121	-42.3434	-1.69201	45.4511	2.87986
9	122	-42.2313	-1.5474	45.3806	2.87614
9	123	-42.1158	-1.40235	45.3074	2.87238
9	124	-42	-1.25455	45.2354	2.86855
9	125	-41.885	-1.10338	45.1659	2.86464
9	126	-41.7698	-0.950438	45.0971	2.86068
9	127	-41.6536	-0.797465	45.0284	2.8567
9	128	-41.5393	-0.644342	44.962	2.85272
9	129	-41.4286	-0.491675	44.8998	2.84876
9	130	-41.3193	-0.336986	44.8401	2.84475
9	131	-41.2113	-0.181109	44.7828	2.84071
9	132	-41.1052	-0.0240681	44.7284	2.83666
9	133	-41.0001	0.135173	44.6763	2.83255
9	134	-40.895	0.29529	44.6253	2.82842
9	135	-40.8002	0.461328	44.5867	2.82422
9	136	-40.7081	0.627166	44.5512	2.82004
9	137	-40.6395	0.8009	44.5415	2.81585
9	138	-40.5818	0.975148	44.5429	2.81173
9	139	-40.5417	1.15552	44.5638	2.80761
9	140	-40.5148	1.34133	44.5997	2.80348
9	141	-40.5082	1.51497	44.6513	2.79976
9	142	-40.507	1.67987	44.7058	2.79627
9	143	-40.5162	1.83707	44.7679	2.79304
9	144	-40.5493	1.98802	44.8507	2.79013
9	145	-40.5822	2.1386	44.9337	2.78723
9	146	-40.6201	2.28944	45.0217	2.78438
17	0	47.1091	-8.97607	45.7689	0.0979706
17	1	47.157	-8.73104	45.8411	0.103188
17	2	47.1838	-8.51061	45.891	0.107906
17	3	47.192	-8.30856	45.9214	0.112261
17	4	47.1808	-8.11783	45.932	0.116414
17	5	47.1793	-7.93167	45.9525	0.120442
17	6	47.1269	-7.76189	45.9212	0.124249
17	7	47.019	-7.59508	45.8351	0.128152
17	8	46.9175	-7.41732	45.7576	0.132289
17	9	46.8035	-7.24097	45.6682	0.136446
17	10	46.6836	-7.06762	45.5735	0.140572
17	11	46.5621	-6.89393	45.4779	0.144728
17	12	46.439	-6.71845	45.3818	0.148946
17	13	46.3127	-6.54385	45.2831	0.153173
17	14	46.1836	-6.36833	45.1828	0.157448
17	15	46.0543	-6.18957	45.0835	0.161814
17	16	45.922	-6.0099	44.9824	0.166229
17	17	45.7871	-5.82959	44.8796	0.170689
17	18	45.6521	-5.65033	44.7775	0.175146
17	19	45.5181	-5.46948	44.6775	0.179655
17	20	45.3817	-5.29125	44.5755	0.184136
17	21	45.2465	-5.11163	44.476	0.188663
17	22	45.1137	-4.92961	44.3802	0.193252
17	23	44.978	-4.7501	44.2819	0.197819
17	24	44.8426	-4.57159	44.1847	0.202383
17	25	44.7052	-4.39564	44.0859	0.206919
17	26	44.5697	-4.21792	43.9902	0.211506
17	27	44.4338	-4.03813	43.8956	0.21616
17	28	44.2941	-3.8577	43.7984	0.220868
17	29	44.1529	-3.67531	43.701	0.225648
17	30	44.01	-3.49276	43.6031	0.230462
17	31	43.8657	-3.31187	43.5045	0.235268
17	32	43.72	-3.13357	43.4049	0.240045
17	33	43.5718	-2.95856	43.3029	0.244784
17	34	43.4192	-2.78992	43.1962	0.249428
17	35	43.2577	-2.63228	43.0791	0.253899
17	36	43.0824	-2.49131	42.9453	0.258102
17	37	42.8906	-2.36799	42.7916	0.262032
17	38	42.6826	-2.26121	42.6186	0.265717
17	39	42.4757	-2.17948	42.4407	0.268855
17	40	42.2685	-2.12174	42.2564	0.271475
17	41	42.0603	-2.08449	42.0659	0.273655
17	42	41.8506	-2.06037	41.8706	0.275563
17	43	41.6396	-2.04495	41.6718	0.277297
17	44	41.4269	-2.03626	41.4697	0.278902
17	45	41.2123	-2.03454	41.2639	0.280375
17	46	40.9963	-2.04085	41.0546	0.281683
17	47	40.7803	-2.05593	40.843	0.282798
17	48	40.5658	-2.07937	40.6305	0.283717
17	49	40.3539	-2.11042	40.4183	0.284448
17	50	40.1447	-2.14859	40.2068	0.284997
17	51	39.9384	-2.19483	39.9959	0.285337
17	52	39.7356	-2.25249	39.785	0.285381
17	53	39.5371	-2.32672	39.5737	0.284994
17	54	39.3414	-2.42198	39.3591	0.284069
17	55	39.1488	-2.53964	39.1413	0.282562
17	56	38.9774	-2.66814	38.941	0.28062
17	57	38.8276	-2.80566	38.759	0.278281
17	58	38.6948	-2.95384	38.5907	0.275535
17	59	38.5723	-3.10798	38.4311	0.272543
17	60	38.4582	-3.26676	38.2787	0.26935
17	61	38.3467	-3.42952	38.1281	0.266013
17	62	38.2387	-3.59769	37.9799	0.262489
17	63	38.1328	-3.77026	37.8331	0.25881
17	64	38.0322	-3.94787	37.6907	0.254937
17	65	37.9368	-4.12803	37.5532	0.250936
17	66	37.8437	-4.31366	37.4173	0.246748
17	67	37.753	-4.502	37.2837	0.242443
17	68	37.6664	-4.69125	37.1545	0.238059
17	69	37.5835	-4.87917	37.03	0.233655
17	70	37.5004	-5.06976	36.9054	0.229152
17	71	37.4179	-5.26267	36.7817	0.224554
17	72	37.3383	-5.45756	36.6611	0.219855
17	73	37.2599	-5.6574	36.5414	0.214986
17	74	37.1856	-5.86084	36.4259	0.209964
17	75	37.1176	-6.06579	36.3171	0.204835
17	76	37.0536	-6.27206	36.213	0.199617
17	77	36.9945	-6.47883	36.1146	0.19433
17	78	36.9403	-6.68558	36.022	0.18899
17	79	36.8957	-6.89298	35.9398	0.183554
17	80	36.865	-7.1004	35.8722	0.178026
17	81	36.8513	-7.31036	35.8222	0.172325
17	82	36.8526	-7.52392	35.7875	0.166439
17	83	36.8756	-7.7419	35.7747	0.160324
17	84	36.9132	-7.94421	35.7802	0.154574
17	85	36.9725	-8.13162	35.8104	0.149149
17	86	37.0432	-8.30906	35.8544	0.143961
17	87	37.13	-8.47733	35.9166	0.138978
17	88	37.2177	-8.64579	35.9806	0.134004
17	89	37.3149	-8.81158	36.0552	0.129086
17	90	37.4136	-8.98118	36.1317	0.12408
17	91	37.5205	-9.15195	36.2171	0.119036
17	92	37.6318	-9.32373	36.3077	0.113974
17	93	37.7498	-9.49427	36.4059	0.108951
17	94	37.8711	-9.66467	36.5085	0.10395
17	95	37.9953	-9.83469	36.6148	0.0989796
17	96	38.1209	-10.0057	36.7234	0.0940082
17	97	38.2485	-10.1782	36.8346	0.08902
17	98	38.3781	-10.353	36.9487	0.0839971
17	99	38.5104	-10.5295	37.0662	0.0789504
17	100	38.6449	-10.7074	37.1867	0.0738976
17	101	38.7807	-10.8859	37.3095	0.0688571
17	102	38.9176	-11.0651	37.4341	0.0638298
17	103	39.0548	-11.2424	37.5602	0.0588873
17	104	39.192	-11.4199	37.6871	0.0539705
17	105	39.3309	-11.5978	37.8167	0.0490738
17	106	39.4722	-11.7759	37.9496	0.0442042
17	107	39.6155	-11.9536	38.0853	0.0393783
17	108	39.7589	-12.131	38.222	0.0345922
17	109	39.9029	-12.3075	38.3603	0.0298645
17	110	40.0471	-12.4836	38.4997	0.0251796
17	111	40.1944	-12.6576	38.6429	0.0205823
17	112	40.3514	-12.8176	38.7969	0.0163768
17	113	40.5243	-12.9351	38.9681	0.0132869
17	114	40.7208	-13.0156	39.1636	0.0111656
17	115	40.9302	-13.0748	39.3723	0.00960324
17	116	41.1541	-13.1166	39.5959	0.00849307
17	117	41.3982	-13.1406	39.8398	0.00783978
17	118	41.6702	-13.1458	40.1117	0.00765566
17	119	41.9784	-13.1317	40.42	0.00794552
17	120	42.2838	-13.1056	40.7256	0.00852747
17	121	42.5876	-13.0668	41.0297	0.00941063
17	122	42.8892	-13.0121	41.3319	0.0106644
17	123	43.1856	-12.9402	41.629	0.0123168
17	124	43.474	-12.8529	41.9186	0.0143129
17	125	43.7549	-12.7532	42.201	0.0165803
17	126	44.03	-12.6416	42.4781	0.0191015
17	127	44.2998	-12.5159	42.7504	0.0219203
17	128	44.5622	-12.3739	43.016	0.0250856
17	129	44.8135	-12.2164	43.2715	0.0285787
17	130	45.0524	-12.0468	43.5155	0.0323173
17	131	45.2807	-11.8681	43.7497	0.0362324
17	132	45.5005	-11.6805	43.9765	0.0403135
17	133	45.7123	-11.4824	44.1965	0.0446008
17	134	45.9141	-11.2714	44.4081	0.0491428
17	135	46.1027	-11.0479	44.6079	0.0539394
17	136	46.2763	-10.8146	44.7944	0.0589315
17	137	46.436	-10.5741	44.9686	0.0640612
17	138	46.5838	-10.3268	45.1325	0.06932
17	139	46.7198	-10.0713	45.2865	0.0747411
17	140	46.842	-9.8064	45.4289	0.0803548
17	141	46.9476	-9.53349	45.5568	0.0861398
17	142	47.0362	-9.25591	45.6698	0.0920284
18	0	-34.0518	-1.59563	37.5336	2.82018
18	1	-34.1545	-1.42941	37.6838	2.81685
18	2	-34.262	-1.26526	37.8383	2.81365
18	3	-34.3763	-1.10655	37.9978	2.81066
18	4	-34.4925	-0.946854	38.1597	2.80769
18	5	-34.6134	-0.788587	38.326	2.80483
18	6	-34.7361	-0.629548	38.4945	2.80198
18	7	-34.8647	-0.472964	38.668	2.79927
18	8	-34.9969	-0.317586	38.8448	2.79664
18	9	-35.1353	-0.164936	39.0268	2.79416
18	10	-35.2768	-0.0141996	39.2113	2.79178
18	11	-35.424	0.129846	39.399	2.78962
18	12	-35.5731	0.269006	39.5871	2.78762
18	13	-35.7295	0.396461	39.7779	2.78598
18	14	-35.8932	0.512492	39.9719	2.78468
18	15	-36.0708	0.613114	40.1734	2.78388
18	16	-36.261	0.704081	40.3834	2.78342
18	17	-36.4613	0.77863	40.5972	2.78343
18	18	-36.6632	0.838595	40.8073	2.78379
18	19	-36.8693	0.881284	41.0153	2.78457
18	20	-37.079	0.910024	41.2218	2.7857
18	21	-37.2901	0.925991	41.4254	2.78711
18	22	-37.5005	0.934998	41.6259	2.78866
18	23	-37.7099	0.936919	41.823	2.79035
18	24	-37.9184	0.93532	42.0184	2.79209
18	25	-38.1262	0.928043	42.2112	2.79394
18	26	-38.3339	0.917098	42.4028	2.79585
18	27	-38.5415	0.8978	42.5916	2.79793
18	28	-38.7483	0.869468	42.7769	2.80018
18	29	-38.9507	0.82274	42.9522	2.80279
18	30	-39.1518	0.757652	43.1203	2.80576
18	31	-39.3496	0.672043	43.2791	2.80913
18	32	-39.5376	0.57446	43.4253	2.81267
18	33	-39.7072	0.464997	43.5507	2.81631
18	34	-39.8626	0.349361	43.6613	2.81995
18	35	-40.0046	0.222198	43.7561	2.82374
18	36	-40.144	0.0909962	43.8478	2.82757
18	37	-40.2811	-0.0475259	43.9358	2.83154
18	38	-40.4189	-0.191248	44.0236	2.8356
18	39	-40.5579	-0.341081	44.1113	2.83979
18	40	-40.6942	-0.494416	44.1963	2.84402
18	41	-40.8289	-0.650821	44.2797	2.84829
18	42	-40.9611	-0.809034	44.3608	2.85256
18	43	-41.0946	-0.967189	44.4442	2.85683
18	44	-41.2284	-1.1279	44.5278	2.86114
18	45	-41.3629	-1.29224	44.612	2.86551
18	46	-41.497	-1.458	44.6963	2.8699
18	47	-41.6323	-1.62425	44.7824	2.87428
18	48	-41.7633	-1.79166	44.865	2.87865
18	49	-41.8953	-1.95637	44.95	2.88296
18	50	-42.0304	-2.11815	45.0396	2.8872
18	51	-42.1609	-2.28491	45.1244	2.8915
18	52	-42.2957	-2.45103	45.2143	2.8958
18	53	-42.4344	-2.6135	45.3098	2.90002
18	54	-42.5753	-2.77443	45.4084	2.9042
18	55	-42.7074	-2.93942	45.4985	2.90841
18	56	-42.8402	-3.10049	45.5909	2.91252
18	57	-42.9761	-3.25666	45.6881	2.91653
18	58	-43.1143	-3.41049	45.7888	2.92047
18	59	-43.2499	-3.56774	45.887	2.92447
18	60	-43.3852	-3.72721	45.9852	2.92849
18	61	-43.5198	-3.88888	46.0829	2.93253
18	62	-43.6555	-4.04989	46.1826	2.93655
18	63	-43.7894	-4.21153	46.2811	2.94056
18	64	-43.9207	-4.37407	46.3777	2.94456
18	65	-44.0503	-4.5372	46.4732	2.94855
18	66	-44.1763	-4.70393	46.5653	2.95258
18	67	-44.3117	-4.86284	46.6687	2.95647
18	68	-44.3839	-5.02757	46.7098	2.96022
18	69	-44.4027	-5.20696	46.6963	2.96408
18	70	-44.4358	-5.38806	46.6972	2.96802
18	71	-44.447	-5.57832	46.6757	2.97207
18	72	-44.4365	-5.78064	46.6317	2.97631
18	73	-44.403	-6.00004	46.563	2.98084
18	74	-44.3448	-6.24316	46.4672	2.98581
18	75	-44.2679	-6.50078	46.3519	2.99104
18	76	-44.18	-6.754	46.2277	2.99617
18	77	-44.0809	-7.00362	46.094	3.00122
18	78	-43.9684	-7.24966	45.9487	3.00618
18	79	-43.8398	-7.49032	45.7893	3.011
18	80	-43.6944	-7.72228	45.6155	3.01563
18	81	-43.5344	-7.94294	45.4295	3.02001
18	82	-43.3631	-8.15224	45.2345	3.02414
18	83	-43.1825	-8.35199	45.032	3.02808
18	84	-42.9924	-8.54374	44.8218	3.03185
18	85	-42.7915	-8.72744	44.6022	3.03545
18	86	-42.5783	-8.90113	44.3721	3.03883
18	87	-42.3538	-9.0623	44.1324	3.04194
18	88	-42.1203	-9.21	43.8856	3.04476
18	89	-41.88	-9.34543	43.6334	3.04732
18	90	-41.633	-9.47029	43.376	3.04965
18	91	-41.3783	-9.58491	43.1118	3.05175
18	92	-41.1144	-9.68751	42.8399	3.05358
18	93	-40.842	-9.7753	42.5608	3.05508
18	94	-40.5637	-9.84705	42.2774	3.0562
18	95	-40.282	-9.90418	41.9919	3.05698
18	96	-39.997	-9.94886	41.7041	3.05747
18	97	-39.7073	-9.98156	41.4128	3.05767
18	98	-39.4122	-10.0004	41.1171	3.05753
18	99	-39.1131	-10.0027	40.8188	3.05697
18	100	-38.8134	-9.988	40.5215	3.05598
18	101	-38.5155	-9.95684	40.2274	3.05458
18	102	-38.2557	-9.90885	39.9728	3.05281
18	103	-38.0238	-9.8462	39.7475	3.05073
18	104	-37.8105	-9.76809	39.5422	3.04827
18	105	-37.6006	-9.69472	39.3403	3.04592
18	106	-37.4188	-9.5781	39.1706	3.04251
18	107	-37.2588	-9.41027	39.0284	3.03782
18	108	-37.1136	-9.21986	38.9043	3.03257
18	109	-36.9673	-9.03111	38.7799	3.02732
18	110	-36.8305	-8.83873	38.6665	3.02198
18	111	-36.6944	-8.65028	38.5544	3.0167
18	112	-36.5594	-8.46477	38.4441	3.01148
18	113	-36.4257	-8.27961	38.336	3.00623
18	114	-36.2913	-8.0926	38.2286	3.00091
18	115	-36.1562	-7.90458	38.1218	2.99553
18	116	-36.023	-7.7156	38.018	2.9901
18	117	-35.8913	-7.52736	37.9168	2.98467
18	118	-35.7629	-7.33903	37.82	2.97922
18	119	-35.6321	-7.15371	37.7214	2.97381
18	120	-35.4983	-6.97048	37.6207	2.96842
18	121	-35.3669	-6.78535	37.5237	2.96296
18	122	-35.237	-6.60029	37.4293	2.95747
18	123	-35.1095	-6.41673	37.3381	2.95201
18	124	-34.9834	-6.23694	37.2487	2.94664
18	125	-34.8626	-6.05902	37.1652	2.94131
18	126	-34.7431	-5.88541	37.0831	2.93608
18	127	-34.6237	-5.71614	37.0013	2.93094
18	128	-34.5072	-5.54221	36.9242	2.92568
18	129	-34.391	-5.36655	36.8489	2.92035
18	130	-34.2774	-5.1896	36.7775	2.91497
18	131	-34.1676	-5.01299	36.7106	2.90961
18	132	-34.0641	-4.83684	36.651	2.90429
18	133	-33.9654	-4.66288	36.5964	2.89903
18	134	-33.873	-4.48975	36.5488	2.89383
18	135	-33.7837	-4.31815	36.5048	2.88867
18	136	-33.6992	-4.14626	36.4665	2.88353
18	137	-33.62	-3.9724	36.4347	2.87836
18	138	-33.5537	-3.79276	36.418	2.87312
18	139	-33.5072	-3.60176	36.4243	2.86773
18	140	-33.4793	-3.39841	36.453	2.86215
18	141	-33.4712	-3.18084	36.5059	2.85636
18	142	-33.4784	-2.97707	36.5706	2.85107
18	143	-33.5128	-2.78654	36.6586	2.84636
18	144	-33.5615	-2.60556	36.7582	2.84203
18	145	-33.6313	-2.43426	36.8757	2.83815
18	146	-33.7062	-2.26731	36.9973	2.83445
18	147	-33.7853	-2.10074	37.1233	2.83082
18	148	-33.8687	-1.93322	37.2542	2.82722
18	149	-33.9582	-1.76489	37.3916	2.82368
25	0	39.6051	-14.7512	38.0675	-0.0341105
25	1	39.7063	-14.4784	38.1604	-0.0268756
25	2	39.7797	-14.235	38.228	-0.0204595
25	3	39.8262	-14.0118	38.2706	-0.0146036
25	4	39.8461	-13.8019	38.288	-0.00911403
25	5	39.8755	-13.6067	38.3161	-0.00401291
25	6	39.8445	-13.4378	38.2848	0.000394499
25	7	39.7551	-13.278	38.1958	0.00457975
25	8	39.6766	-13.1095	38.1185	0.00900772
25	9	39.585	-12.9455	38.0287	0.0133426
25	10	39.4854	-12.7839	37.9316	0.0176383
25	11	39.3828	-12.6216	37.8323	0.0219764
25	12	39.2755	-12.4593	37.7288	0.0263388
25	13	39.1647	-12.2959	37.6228	0.0307577
25	14	39.0493	-12.1328	37.5128	0.0351991
25	15	38.9312	-11.9697	37.401	0.0396683
25	16	38.8097	-11.8048	37.2865	0.0442157
25	17	38.6867	-11.6382	37.1714	0.0488399
25	18	38.5612	-11.4713	37.0545	0.0535029
25	19	38.435	-11.3024	36.938	0.058251
25	20	38.3061	-11.1327	36.8196	0.0630582
25	21	38.1735	-10.9624	36.6984	0.0679149
25	22	38.0385	-10.7913	36.5758	0.0728343
25	23	37.9029	-10.6191	36.4536	0.0778151
25	24	37.7665	-10.4473	36.3314	0.0828219
25	25	37.6299	-10.2754	36.2099	0.0878657
25	26	37.4927	-10.1028	36.0888	0.092962
25	27	37.3536	-9.92977	35.9669	0.0981122
25	28	37.2113	-9.75736	35.8426	0.103288
25	29	37.0654	-9.58736	35.7155	0.108444
25	30	36.9169	-9.41928	35.5865	0.113591
25	31	36.7666	-9.25474	35.4563	0.118682
25	32	36.6136	-9.09564	35.3237	0.123668
25	33	36.4551	-8.94495	35.1854	0.128473
25	34	36.2886	-8.81084	35.0377	0.132878
25	35	36.1098	-8.69241	34.8765	0.136923
25	36	35.9183	-8.58678	34.7014	0.140692
25	37	35.7108	-8.49564	34.5091	0.14415
25	38	35.5055	-8.42878	34.3156	0.146937
25	39	35.301	-8.38449	34.1199	0.149099
25	40	35.0953	-8.35993	33.9201	0.150716
25	41	34.8898	-8.34711	33.7189	0.152007
25	42	34.6849	-8.34367	33.5169	0.153034
25	43	34.4798	-8.3441	33.3141	0.15396
25	44	34.2733	-8.35009	33.1092	0.154737
25	45	34.0657	-8.35869	32.9027	0.155452
25	46	33.8567	-8.37283	32.6941	0.156014
25	47	33.6466	-8.39114	32.4837	0.156462
25	48	33.4363	-8.41567	32.2722	0.156727
25	49	33.2277	-8.44338	32.0618	0.156889
25	50	33.0203	-8.47489	31.852	0.156929
25	51	32.8132	-8.50902	31.6422	0.156886
25	52	32.6066	-8.54724	31.4321	0.156712
25	53	32.4003	-8.59136	31.2214	0.156348
25	54	32.1966	-8.64684	31.0116	0.155603
25	55	31.9987	-8.71758	30.8051	0.154331
25	56	31.8071	-8.80608	30.6022	0.152436
25	57	31.6207	-8.91186	30.402	0.149927
25	58	31.4401	-9.03771	30.2049	0.1467
25	59	31.2787	-9.17166	30.0258	0.143073
25	60	31.1324	-9.31506	29.8608	0.139018
25	61	30.9996	-9.46916	29.7082	0.134501
25	62	30.8781	-9.63597	29.5659	0.129461
25	63	30.7633	-9.80912	29.4301	0.12413
25	64	30.6543	-9.98855	29.3001	0.118514
25	65	30.5486	-10.1712	29.1741	0.112726
25	66	30.4488	-10.3563	29.0546	0.106781
25	67	30.3531	-10.5409	28.9402	0.100792
25	68	30.2624	-10.7272	28.8319	0.0946799
25	69	30.1741	-10.9127	28.7269	0.0885419
25	70	30.0886	-11.0971	28.626	0.0823887
25	71	30.0047	-11.2843	28.5275	0.0760898
25	72	29.9243	-11.4735	28.4336	0.0696704
25	73	29.8466	-11.6619	28.3436	0.0632306
25	74	29.7729	-11.8476	28.2588	0.0568384
25	75	29.7034	-12.0345	28.1794	0.0503546
25	76	29.6372	-12.2205	28.1046	0.0438635
25	77	29.576	-12.4049	28.0359	0.0373898
25	78	29.5159	-12.5858	27.9697	0.031006
25	79	29.4645	-12.7701	27.9132	0.0244625
25	80	29.415	-12.9541	27.8597	0.0179044
25	81	29.3776	-13.1387	27.8196	0.0112946
25	82	29.3413	-13.3204	27.7819	0.00477079
25	83	29.317	-13.5008	27.7574	-0.00172468
25	84	29.2963	-13.6801	27.7376	-0.00819154
25	85	29.2902	-13.8597	27.7335	-0.0146677
25	86	29.2953	-14.0404	27.7419	-0.021179
25	87	29.3173	-14.2253	27.7683	-0.0278201
25	88	29.3491	-14.4171	27.8062	-0.0346834
25	89	29.4013	-14.5957	27.8651	-0.0410243
25	90	29.4605	-14.7658	27.9317	-0.0470208
25	91	29.5415	-14.9233	28.0204	-0.0525011
25	92	29.6253	-15.08	28.1128	-0.0579111
25	93	29.7233	-15.2312	28.2197	-0.0630564
25	94	29.8225	-15.3849	28.3288	-0.0682529
25	95	29.9322	-15.5355	28.4489	-0.073269
25	96	30.0458	-15.6848	28.5734	-0.0781909
25	97	30.1632	-15.8334	28.7024	-0.083034
25	98	30.2854	-15.981	28.8367	-0.0877824
25	99	30.4112	-16.1292	28.9754	-0.0924954
25	100	30.5404	-16.279	29.1181	-0.0972079
25	101	30.6721	-16.4309	29.2643	-0.10194
25	102	30.8063	-16.5842	29.4138	-0.10666
25	103	30.9425	-16.7379	29.5659	-0.111337
25	104	31.0798	-16.8916	29.7197	-0.115965
25	105	31.218	-17.0454	29.8751	-0.120541
25	106	31.3568	-17.2005	30.0319	-0.125114
25	107	31.4981	-17.3568	30.1919	-0.129665
25	108	31.6431	-17.5141	30.3563	-0.134188
25	109	31.7916	-17.6726	30.525	-0.138682
25	110	31.9407	-17.8334	30.6952	-0.143199
25	111	32.0916	-17.9933	30.8677	-0.147629
25	112	32.2441	-18.151	31.042	-0.15193
25	113	32.3968	-18.3078	31.217	-0.156155
25	114	32.5507	-18.4632	31.3934	-0.160284
25	115	32.711	-18.6045	31.5744	-0.163891
25	116	32.8823	-18.7049	31.7598	-0.166128
25	117	33.0713	-18.7703	31.9571	-0.16717
25	118	33.2704	-18.8169	32.1612	-0.167568
25	119	33.4825	-18.8482	32.3755	-0.167428
25	120	33.7136	-18.8626	32.6058	-0.166683
25	121	33.9702	-18.8565	32.8579	-0.165205
25	122	34.2614	-18.8286	33.1406	-0.162928
25	123	34.5512	-18.7889	33.4202	-0.160351
25	124	34.8406	-18.7385	33.698	-0.157503
25	125	35.1296	-18.6751	33.9736	-0.154325
25	126	35.4159	-18.5966	34.2447	-0.150775
25	127	35.6966	-18.5039	34.5086	-0.146898
25	128	35.971	-18.3997	34.7651	-0.142777
25	129	36.2406	-18.2855	35.016	-0.138452
25	130	36.5065	-18.1602	35.2624	-0.133892
25	131	36.7678	-18.0218	35.5033	-0.129046
25	132	37.0218	-17.8699	35.7361	-0.123916
25	133	37.2667	-17.7068	35.9595	-0.118574
25	134	37.5034	-17.5349	36.1747	-0.113083
25	135	37.7337	-17.3545	36.3839	-0.107442
25	136	37.9582	-17.1635	36.5871	-0.101592
25	137	38.1743	-16.9596	36.7821	-0.0954811
25	138	38.3786	-16.7436	36.9656	-0.0891392
25	139	38.57	-16.519	37.1371	-0.0826546
25	140	38.7504	-16.2879	37.2986	-0.0760805
25	141	38.9218	-16.05	37.4522	-0.0693989
25	142	39.0836	-15.8035	37.5975	-0.0625612
25	143	39.2335	-15.5481	37.732	-0.055557
25	144	39.3696	-15.286	37.8543	-0.0484439
25	145	39.4928	-15.02	37.9654	-0.0412898
26	0	-27.1844	-8.97108	29.0914	2.98692
26	1	-27.2031	-8.734	29.1474	2.97898
26	2	-27.2275	-8.49803	29.2105	2.97114
26	3	-27.2559	-8.26155	29.2795	2.96335
26	4	-27.2884	-8.02268	29.3547	2.95553
26	5	-27.3264	-7.78294	29.4373	2.94777
26	6	-27.3711	-7.54221	29.5284	2.94006
26	7	-27.4236	-7.30402	29.6284	2.93254
26	8	-27.4822	-7.06894	29.7353	2.92521
26	9	-27.5451	-6.83616	29.8475	2.91805
26	10	-27.6122	-6.60419	29.9651	2.911
26	11	-27.6849	-6.37213	30.0896	2.90404
26	12	-27.7655	-6.14073	30.2231	2.89723
26	13	-27.8555	-5.91235	30.3663	2.89065
26	14	-27.9549	-5.68948	30.5185	2.88438
26	15	-28.0627	-5.47347	30.6783	2.87847
26	16	-28.1821	-5.26611	30.848	2.87298
26	17	-28.3204	-5.07306	31.0329	2.86817
26	18	-28.4834	-4.89259	31.2389	2.86401
26	19	-28.6701	-4.72344	31.465	2.86047
26	20	-28.8861	-4.56487	31.7166	2.85756
26	21	-29.1108	-4.43079	31.9699	2.8555
26	22	-29.3431	-4.32214	32.2235	2.8543
26	23	-29.5837	-4.23312	32.4795	2.85377
26	24	-29.8279	-4.1559	32.7355	2.85363
26	25	-30.0755	-4.08699	32.9926	2.85376
26	26	-30.3278	-4.02654	33.2516	2.85417
26	27	-30.5843	-3.97651	33.5118	2.8549
26	28	-30.8425	-3.93901	33.77	2.856
26	29	-31.0992	-3.91469	34.0232	2.85744
26	30	-31.3529	-3.90527	34.2694	2.85925
26	31	-31.6042	-3.91497	34.5082	2.86155
26	32	-31.8521	-3.95495	34.7356	2.86463
26	33	-32.1013	-4.02909	34.9552	2.86862
26	34	-32.3523	-4.13398	35.1691	2.87341
26	35	-32.5829	-4.25989	35.3586	2.87858
26	36	-32.7957	-4.40521	35.5268	2.88408
26	37	-32.9886	-4.57179	35.6716	2.88998
26	38	-33.1666	-4.7574	35.7984	2.89624
26	39	-33.3363	-4.95049	35.9168	2.9026
26	40	-33.5012	-5.14681	36.0313	2.90898
26	41	-33.6631	-5.34597	36.1437	2.91537
26	42	-33.8217	-5.54774	36.2537	2.92178
26	43	-33.9761	-5.75067	36.3609	2.92815
26	44	-34.1267	-5.95283	36.4661	2.93444
26	45	-34.2752	-6.15349	36.5708	2.94065
26	46	-34.423	-6.35383	36.6763	2.9468
26	47	-34.5705	-6.55566	36.7826	2.95296
26	48	-34.7165	-6.75678	36.889	2.95906
26	49	-34.8601	-6.95734	36.9945	2.9651
26	50	-35.0001	-7.15436	37.0984	2.97099
26	51	-35.1376	-7.34835	37.2016	2.97675
26	52	-35.2739	-7.54065	37.3051	2.98244
26	53	-35.4092	-7.73283	37.4088	2.98808
26	54	-35.5423	-7.9256	37.5115	2.9937
26	55	-35.6721	-8.11825	37.612	2.99928
26	56	-35.798	-8.30953	37.7101	3.00477
26	57	-35.921	-8.4988	37.8067	3.01018
26	58	-36.0419	-8.6868	37.9025	3.01551
26	59	-36.1607	-8.87517	37.9972	3.02082
26	60	-36.2763	-9.06544	38.0895	3.02615
26	61	-36.3872	-9.25479	38.1784	3.03141
26	62	-36.4919	-9.44293	38.2623	3.0366
26	63	-36.5897	-9.6293	38.3406	3.0417
26	64	-36.6783	-9.81231	38.4109	3.04667
26	65	-36.7663	-9.98953	38.4821	3.05147
26	66	-36.8233	-10.1674	38.5234	3.0562
26	67	-36.8384	-10.3526	38.523	3.06103
26	68	-36.8265	-10.5479	38.4959	3.06606
26	69	-36.7922	-10.7541	38.4467	3.07134
26	70	-36.7384	-10.9762	38.3781	3.07701
26	71	-36.657	-11.221	38.2818	3.08326
26	72	-36.5428	-11.4961	38.1527	3.09028
26	73	-36.4134	-11.7634	38.0107	3.09713
26	74	-36.2722	-12.0229	37.8589	3.10381
26	75	-36.1197	-12.2759	37.6977	3.11036
26	76	-35.9539	-12.5228	37.5252	3.1168
26	77	-35.7727	-12.7614	37.3388	3.12307
26	78	-35.5769	-12.9877	37.1395	3.12907
26	79	-35.3704	-13.2008	36.931	3.13477
26	80	-35.1558	-13.4027	36.7156	3.14023
26	81	-34.9327	-13.5957	36.4927	-3.13768
26	82	-34.6988	-13.779	36.2599	-3.1326
26	83	-34.4533	-13.9497	36.0164	-3.1278
26	84	-34.1989	-14.1051	35.7645	-3.12336
26	85	-33.9386	-14.2461	35.5071	-3.11925
26	86	-33.6729	-14.375	35.2447	-3.11543
26	87	-33.4	-14.4923	34.9751	-3.11187
26	88	-33.1183	-14.5953	34.6968	-3.10866
26	89	-32.8302	-14.6805	34.4118	-3.10591
26	90	-32.5401	-14.7471	34.1243	-3.10366
26	91	-32.2823	-14.7868	33.8682	-3.1022
26	92	-32.0467	-14.8056	33.6336	-3.10136
26	93	-31.8241	-14.8063	33.4112	-3.10107
26	94	-31.6082	-14.7853	33.1947	-3.10144
26	95	-31.4033	-14.7234	32.9875	-3.10307
26	96	-31.2025	-14.6094	32.7826	-3.10631
26	97	-31.0053	-14.4636	32.5806	-3.11057
26	98	-30.813	-14.3119	32.3841	-3.11506
26	99	-30.6246	-14.1608	32.1921	-3.1196
26	100	-30.4399	-14.0101	32.0044	-3.12418
26	101	-30.2576	-13.8604	31.8199	-3.12878
26	102	-30.0763	-13.7112	31.637	-3.13343
26	103	-29.8956	-13.5613	31.4554	-3.13815
26	104	-29.7163	-13.4099	31.2761	3.14022
26	105	-29.5397	-13.2577	31.1	3.13532
26	106	-29.3657	-13.106	30.9274	3.13038
26	107	-29.1934	-12.9553	30.7571	3.12541
26	108	-29.0216	-12.8047	30.5882	3.1204
26	109	-28.8502	-12.6524	30.4204	3.11528
26	110	-28.681	-12.4992	30.2557	3.11007
26	111	-28.5155	-12.3438	30.0957	3.10473
26	112	-28.3569	-12.1884	29.9433	3.09935
26	113	-28.2053	-12.0332	29.7988	3.09393
26	114	-28.0598	-11.8774	29.6614	3.08845
26	115	-27.9196	-11.7221	29.5301	3.08295
26	116	-27.7847	-11.564	29.4051	3.07731
26	117	-27.656	-11.4005	29.2877	3.07146
26	118	-27.5377	-11.2259	29.1825	3.06521
26	119	-27.4347	-11.034	29.0951	3.05836
26	120	-27.3493	-10.8224	29.0284	3.05085
26	121	-27.2811	-10.5917	28.9823	3.04271
26	122	-27.2333	-10.3647	28.9581	3.03474
26	123	-27.2023	-10.1379	28.9524	3.02684
26	124	-27.1835	-9.90893	28.9609	3.01891
26	125	-27.1717	-9.67727	28.9784	3.01093
26	126	-27.1671	-9.4435	29.0052	3.00292
26	127	-27.1716	-9.20781	29.0432	2.9949
32	0	32.2556	-20.0431	31.3954	-0.211484
32	1	32.2809	-19.8381	31.3778	-0.204927
32	2	32.2963	-19.649	31.3549	-0.198922
32	3	32.3071	-19.4705	31.3308	-0.193267
32	4	32.2671	-19.3105	31.2611	-0.188492
32	5	32.1919	-19.1646	31.1602	-0.184344
32	6	32.1101	-19.0134	31.0523	-0.18004
32	7	32.0121	-18.8669	30.93	-0.175948
32	8	31.9128	-18.7171	30.8063	-0.171725
32	9	31.8025	-18.5713	30.6729	-0.167655
32	10	31.6903	-18.4235	30.5378	-0.163496
32	11	31.572	-18.2772	30.3975	-0.15938
32	12	31.4508	-18.1299	30.2548	-0.15521
32	13	31.3261	-17.9819	30.109	-0.150993
32	14	31.1981	-17.8324	29.9603	-0.146704
32	15	31.0668	-17.6817	29.8086	-0.142346
32	16	30.9325	-17.5303	29.6544	-0.137933
32	17	30.7958	-17.3789	29.4985	-0.133488
32	18	30.6577	-17.2282	29.3419	-0.129024
32	19	30.5189	-17.0778	29.1852	-0.124526
32	20	30.3793	-16.9273	29.0283	-0.119979
32	21	30.2385	-16.7758	28.8707	-0.115352
32	22	30.0956	-16.6233	28.7115	-0.110648
32	23	29.95	-16.4702	28.5502	-0.105883
32	24	29.801	-16.3185	28.3863	-0.101122
32	25	29.6495	-16.1696	28.2209	-0.0964142
32	26	29.496	-16.0249	28.0545	-0.0918064
32	27	29.3418	-15.8826	27.8881	-0.087235
32	28	29.1853	-15.7449	27.7206	-0.0827776
32	29	29.0255	-15.6134	27.5506	-0.0784995
32	30	28.8588	-15.4931	27.3753	-0.0745958
32	31	28.6832	-15.3868	27.1923	-0.0711778
32	32	28.4945	-15.2976	26.9979	-0.0683792
32	33	28.2938	-15.2218	26.7926	-0.0660682
32	34	28.0961	-15.1712	26.592	-0.0646604
32	35	27.9005	-15.1362	26.3945	-0.0638185
32	36	27.7058	-15.1268	26.1996	-0.0639326
32	37	27.5113	-15.126	26.0055	-0.0643793
32	38	27.3173	-15.1391	25.8127	-0.0653718
32	39	27.1226	-15.1535	25.6194	-0.0664288
32	40	26.9271	-15.1772	25.426	-0.0678685
32	41	26.7293	-15.2026	25.2304	-0.0694053
32	42	26.5314	-15.2369	25.0354	-0.0713189
32	43	26.3329	-15.2735	24.8401	-0.0733581
32	44	26.1362	-15.3198	24.6473	-0.0758182
32	45	25.9404	-15.368	24.4558	-0.0783874
32	46	25.7488	-15.4255	24.2694	-0.0813677
32	47	25.5583	-15.4826	24.0842	-0.0843745
32	48	25.3728	-15.5518	23.9054	-0.0879132
32	49	25.1894	-15.6251	23.7293	-0.0916675
32	50	25.0152	-15.7196	23.5648	-0.09634
32	51	24.8442	-15.8272	23.4053	-0.10162
32	52	24.6809	-15.9582	23.2566	-0.107933
32	53	24.5275	-16.1011	23.12	-0.114794
32	54	24.3952	-16.2558	23.0069	-0.122131
32	55	24.2783	-16.4183	22.9113	-0.129791
32	56	24.1802	-16.593	22.8374	-0.137936
32	57	24.0909	-16.773	22.7745	-0.146301
32	58	24.0124	-16.958	22.7247	-0.15486
32	59	23.938	-17.1449	22.6808	-0.163507
32	60	23.8692	-17.3341	22.6446	-0.172246
32	61	23.8054	-17.5262	22.6156	-0.181098
32	62	23.7472	-17.72	22.5941	-0.190001
32	63	23.6948	-17.9138	22.5801	-0.198866
32	64	23.6477	-18.1089	22.5734	-0.207752
32	65	23.6071	-18.3038	22.5747	-0.216571
32	66	23.5689	-18.4965	22.5797	-0.225269
32	67	23.537	-18.6923	22.5932	-0.234033
32	68	23.5077	-18.8898	22.6114	-0.242831
32	69	23.4835	-19.0887	22.6366	-0.251613
32	70	23.4627	-19.2872	22.6668	-0.260326
32	71	23.4467	-19.4839	22.7027	-0.268879
32	72	23.4383	-19.6821	22.748	-0.277376
32	73	23.4357	-19.8793	22.8004	-0.285726
32	74	23.4398	-20.074	22.86	-0.293847
32	75	23.4479	-20.2655	22.9239	-0.301743
32	76	23.4603	-20.4538	22.9924	-0.3094
32	77	23.478	-20.6411	23.067	-0.316901
32	78	23.5007	-20.8271	23.1471	-0.324233
32	79	23.5285	-21.0116	23.2328	-0.331379
32	80	23.5657	-21.1936	23.3277	-0.338238
32	81	23.6096	-21.3735	23.4294	-0.344857
32	82	23.6741	-21.5465	23.549	-0.350848
32	83	23.7529	-21.7195	23.6828	-0.356563
32	84	23.8537	-21.8876	23.8362	-0.361693
32	85	23.9708	-22.0594	24.0069	-0.366661
32	86	24.1016	-22.2148	24.1849	-0.370722
32	87	24.2414	-22.3604	24.3681	-0.374212
32	88	24.3981	-22.4919	24.5621	-0.376863
32	89	24.5641	-22.6182	24.763	-0.379141
32	90	24.7407	-22.7351	24.9704	-0.380871
32	91	24.9217	-22.8482	25.1804	-0.382367
32	92	25.106	-22.9545	25.3911	-0.383546
32	93	25.2889	-23.0581	25.5995	-0.384623
32	94	25.4723	-23.1574	25.8067	-0.385523
32	95	25.6548	-23.2551	26.0127	-0.386364
32	96	25.8372	-23.3514	26.2179	-0.387147
32	97	26.0196	-23.4466	26.4227	-0.387878
32	98	26.202	-23.5404	26.6271	-0.388547
32	99	26.3844	-23.6308	26.8302	-0.389089
32	100	26.5653	-23.7185	27.0308	-0.389552
32	101	26.7441	-23.8024	27.228	-0.38991
32	102	26.9195	-23.8842	27.4214	-0.390235
32	103	27.0926	-23.9615	27.6109	-0.39044
32	104	27.2628	-24.0361	27.7966	-0.390593
32	105	27.4313	-24.105	27.9787	-0.390575
32	106	27.5984	-24.1718	28.1587	-0.390512
32	107	27.7652	-24.2311	28.3355	-0.390204
32	108	27.9302	-24.2842	28.5083	-0.389728
32	109	28.095	-24.323	28.6754	-0.388795
32	110	28.2529	-24.3688	28.839	-0.388189
32	111	28.4069	-24.3723	28.9829	-0.386287
32	112	28.567	-24.3332	29.1165	-0.382974
32	113	28.7359	-24.301	29.2614	-0.379795
32	114	28.9136	-24.2476	29.4068	-0.375871
32	115	29.1033	-24.1723	29.556	-0.371143
32	116	29.3122	-24.0709	29.7143	-0.365413
32	117	29.5482	-23.9374	29.8878	-0.35842
32	118	29.7799	-23.7908	30.0541	-0.351149
32	119	30.0048	-23.6308	30.2112	-0.343616
32	120	30.2201	-23.4587	30.3568	-0.335888
32	121	30.425	-23.2773	30.4913	-0.328054
32	122	30.6207	-23.0884	30.6167	-0.320154
32	123	30.8087	-22.8921	30.7344	-0.312169
32	124	30.9889	-22.6876	30.8441	-0.304062
32	125	31.1601	-22.4742	30.9446	-0.295826
32	126	31.3206	-22.2529	31.0347	-0.287498
32	127	31.4704	-22.0256	31.1149	-0.279127
32	128	31.6106	-21.793	31.1867	-0.27072
32	129	31.7418	-21.5544	31.2505	-0.262241
32	130	31.8629	-21.3084	31.3049	-0.253646
32	131	31.9712	-21.0546	31.3472	-0.244941
32	132	32.0646	-20.7952	31.3761	-0.2362
32	133	32.1427	-20.5334	31.3919	-0.227509
32	134	32.2094	-20.2716	31.3991	-0.218905
33	0	-20.9596	-16.075	22.6714	-3.02568
33	1	-21.0437	-15.8989	22.7353	-3.0338
33	2	-21.1546	-15.7116	22.8263	-3.04248
33	3	-21.3294	-15.5173	22.982	-3.05165
33	4	-21.4503	-15.3034	23.0842	-3.06134
33	5	-21.5201	-15.0987	23.1384	-3.07041
33	6	-21.5716	-14.8976	23.1763	-3.07922
33	7	-21.6323	-14.7023	23.2256	-3.08777
33	8	-21.6947	-14.5099	23.2784	-3.09617
33	9	-21.7609	-14.3213	23.3367	-3.10437
33	10	-21.8298	-14.1363	23.3995	-3.11238
33	11	-21.9027	-13.9552	23.4678	-3.12019
33	12	-21.9782	-13.7764	23.5402	-3.12785
33	13	-22.0664	-13.605	23.6266	-3.13516
33	14	-22.1674	-13.4424	23.7271	3.14115
33	15	-22.2949	-13.293	23.8551	3.13489
33	16	-22.4399	-13.1504	24.0015	3.12899
33	17	-22.6102	-13.0172	24.1738	3.12357
33	18	-22.791	-12.8969	24.357	3.11876
33	19	-22.9833	-12.7907	24.552	3.11462
33	20	-23.1826	-12.695	24.7539	3.11097
33	21	-23.3832	-12.6069	24.9572	3.10769
33	22	-23.5833	-12.5235	25.1602	3.10465
33	23	-23.7827	-12.4434	25.3625	3.10178
33	24	-23.9819	-12.3662	25.5647	3.09907
33	25	-24.1817	-12.2923	25.7676	3.09654
33	26	-24.3826	-12.2235	25.9714	3.09424
33	27	-24.5832	-12.1602	26.1748	3.09218
33	28	-24.7826	-12.1044	26.3768	3.09045
33	29	-24.9796	-12.054	26.5761	3.08893
33	30	-25.1741	-12.0099	26.7728	3.08767
33	31	-25.3657	-11.9681	26.9663	3.0865
33	32	-25.556	-11.9304	27.1584	3.0855
33	33	-25.7461	-11.8955	27.3502	3.08462
33	34	-25.9381	-11.8705	27.5433	3.08411
33	35	-26.1321	-11.8536	27.7379	3.0839
33	36	-26.3295	-11.8604	27.9346	3.08455
33	37	-26.5319	-11.8843	28.1354	3.08581
33	38	-26.739	-11.9343	28.3394	3.08798
33	39	-26.937	-11.9992	28.5338	3.09063
33	40	-27.1249	-12.0849	28.7172	3.09394
33	41	-27.3064	-12.1875	28.8939	3.09778
33	42	-27.4826	-12.3038	29.065	3.10205
33	43	-27.6563	-12.427	29.234	3.10649
33	44	-27.8286	-12.555	29.402	3.11105
33	45	-28.0013	-12.685	29.571	3.11562
33	46	-28.1738	-12.8191	29.7402	3.12028
33	47	-28.3451	-12.9562	29.9089	3.12498
33	48	-28.5139	-13.0947	30.0757	3.12968
33	49	-28.6806	-13.2315	30.2411	3.13427
33	50	-28.844	-13.3666	30.4038	3.13875
33	51	-29.0031	-13.501	30.5629	-3.14002
33	52	-29.1627	-13.6385	30.7229	-3.13555
33	53	-29.3239	-13.7775	30.8853	-3.13108
33	54	-29.4856	-13.9188	31.0488	-3.12659
33	55	-29.6464	-14.0619	31.2121	-3.12208
33	56	-29.8051	-14.2056	31.3738	-3.1176
33	57	-29.9603	-14.3491	31.5327	-3.11317
33	58	-30.1124	-14.4913	31.6891	-3.10882
33	59	-30.2607	-14.6332	31.8422	-3.10452
33	60	-30.4066	-14.7742	31.9936	-3.10028
33	61	-30.5482	-14.9167	32.1413	-3.09603
33	62	-30.6863	-15.0572	32.2859	-3.09188
33	63	-30.8221	-15.195	32.4287	-3.08784
33	64	-30.941	-15.3429	32.5556	-3.08351
33	65	-31.037	-15.493	32.6605	-3.07909
33	66	-31.085	-15.6698	32.7198	-3.07379
33	67	-31.1319	-15.8524	32.7795	-3.06833
33	68	-31.1577	-16.0519	32.8205	-3.06232
33	69	-31.1813	-16.2724	32.8621	-3.05569
33	70	-31.1898	-16.5221	32.893	-3.04815
33	71	-31.1843	-16.8119	32.9158	-3.03937
33	72	-31.1656	-17.1045	32.9284	-3.03047
33	73	-31.1317	-17.3985	32.9286	-3.02148
33	74	-31.0814	-17.6901	32.915	-3.0125
33	75	-31.017	-17.9769	32.8893	-3.0036
33	76	-30.9414	-18.259	32.8545	-2.99478
33	77	-30.8557	-18.5383	32.8119	-2.98598
33	78	-30.7584	-18.8157	32.7601	-2.97715
33	79	-30.6476	-19.0898	32.6968	-2.96833
33	80	-30.5234	-19.3577	32.6219	-2.95958
33	81	-30.3884	-19.6182	32.5376	-2.95096
33	82	-30.245	-19.8726	32.4461	-2.94242
33	83	-30.093	-20.1225	32.3478	-2.93392
33	84	-29.9305	-20.3683	32.2406	-2.92542
33	85	-29.7555	-20.6078	32.1222	-2.91697
33	86	-29.5688	-20.8382	31.9926	-2.90865
33	87	-29.373	-21.0588	31.8541	-2.90049
33	88	-29.1697	-21.2712	31.7084	-2.89246
33	89	-28.9582	-21.4767	31.5551	-2.88449
33	90	-28.736	-21.6746	31.3915	-2.87659
33	91	-28.5023	-21.8616	31.2158	-2.86885
33	92	-28.2595	-22.0351	31.0296	-2.86136
33	93	-28.0115	-22.1958	30.8366	-2.85413
33	94	-27.7602	-22.3461	30.639	-2.84709
33	95	-27.534	-22.4661	30.4579	-2.84117
33	96	-27.3264	-22.5641	30.2889	-2.83605
33	97	-27.1278	-22.6417	30.1232	-2.83161
33	98	-26.9309	-22.6959	29.9524	-2.82788
33	99	-26.7435	-22.6959	29.7742	-2.82594
33	100	-26.5489	-22.652	29.5756	-2.82531
33	101	-26.3545	-22.5905	29.3717	-2.82524
33	102	-26.1595	-22.5243	29.1658	-2.82532
33	103	-25.9644	-22.4528	28.9581	-2.82557
33	104	-25.7679	-22.3795	28.7486	-2.82587
33	105	-25.5695	-22.3034	28.5364	-2.82624
33	106	-25.3707	-22.2249	28.323	-2.8267
33	107	-25.1704	-22.144	28.1075	-2.82723
33	108	-24.9682	-22.0603	27.8894	-2.82784
33	109	-24.765	-21.9736	27.6693	-2.82856
33	110	-24.5621	-21.884	27.4487	-2.82939
33	111	-24.3608	-21.7927	27.2291	-2.83031
33	112	-24.1615	-21.701	27.0113	-2.83128
33	113	-23.9632	-21.6106	26.7949	-2.83223
33	114	-23.7662	-21.5195	26.5796	-2.83324
33	115	-23.5685	-21.4253	26.3626	-2.83437
33	116	-23.3674	-21.3286	26.1417	-2.83557
33	117	-23.1639	-21.2295	25.9178	-2.83685
33	118	-22.9615	-21.1254	25.6935	-2.83835
33	119	-22.7626	-21.0163	25.4712	-2.84011
33	120	-22.5683	-20.9031	25.2521	-2.8421
33	121	-22.381	-20.783	25.0377	-2.84448
33	122	-22.207	-20.6509	24.8328	-2.84751
33	123	-22.0444	-20.5033	24.6346	-2.85133
33	124	-21.89	-20.3403	24.4402	-2.85592
33	125	-21.7458	-20.1688	24.2538	-2.86103
33	126	-21.6059	-19.986	24.0692	-2.86671
33	127	-21.4649	-19.783	23.8789	-2.87329
33	128	-21.277	-19.5555	23.6381	-2.88047
33	129	-21.1439	-19.3522	23.4575	-2.88738
33	130	-21.0482	-19.1609	23.3173	-2.89428
33	131	-20.9774	-18.9719	23.203	-2.90143
33	132	-20.9217	-18.7797	23.1038	-2.90894
33	133	-20.8781	-18.5851	23.0173	-2.91673
33	134	-20.8421	-18.3871	22.9388	-2.92479
33	135	-20.8152	-18.1858	22.87	-2.93314
33	136	-20.795	-17.9825	22.809	-2.94167
33	137	-20.7839	-17.7789	22.7586	-2.95035
33	138	-20.7779	-17.5769	22.7151	-2.95903
33	139	-20.779	-17.3779	22.6809	-2.96766
33	140	-20.7843	-17.1805	22.6528	-2.97629
33	141	-20.797	-16.985	22.634	-2.9849
33	142	-20.8099	-16.7949	22.6179	-2.99329
33	143	-20.8341	-16.6127	22.6156	-3.00142
33	144	-20.8574	-16.4309	22.6141	-3.00952
33	145	-20.906	-16.2554	22.6399	-3.01749
38	0	28.5101	-28.147	30.6959	-0.499174
38	1	28.5227	-27.851	30.5664	-0.490473
38	2	28.5246	-27.5546	30.4296	-0.481852
38	3	28.5143	-27.2565	30.2835	-0.473284
38	4	28.4894	-26.9575	30.1261	-0.464829
38	5	28.4492	-26.6609	29.9583	-0.456578
38	6	28.3966	-26.3687	29.7832	-0.448553
38	7	28.3335	-26.0809	29.6024	-0.440717
38	8	28.2634	-25.8304	29.4328	-0.434033
38	9	28.1842	-25.606	29.2671	-0.428214
38	10	28.093	-25.3997	29.0988	-0.423066
38	11	27.9836	-25.2095	28.9212	-0.418624
38	12	27.839	-25.0517	28.7252	-0.415651
38	13	27.6511	-24.9215	28.5007	-0.414133
38	14	27.4468	-24.8057	28.2671	-0.41329
38	15	27.2414	-24.6963	28.0351	-0.412659
38	16	27.0388	-24.589	27.8064	-0.412049
38	17	26.8375	-24.4859	27.5807	-0.411546
38	18	26.6387	-24.3824	27.3571	-0.410985
38	19	26.4403	-24.2793	27.134	-0.410421
38	20	26.2401	-24.1791	26.9105	-0.409978
38	21	26.0418	-24.0805	26.6893	-0.40955
38	22	25.847	-23.9827	26.4717	-0.40909
38	23	25.6558	-23.8875	26.2584	-0.408663
38	24	25.4673	-23.7967	26.0493	-0.408337
38	25	25.2812	-23.7089	25.8437	-0.408082
38	26	25.0976	-23.6216	25.6405	-0.407798
38	27	24.9138	-23.5384	25.4388	-0.40766
38	28	24.7309	-23.4567	25.2385	-0.407561
38	29	24.5471	-23.3809	25.0397	-0.407692
38	30	24.3659	-23.3111	24.8456	-0.408003
38	31	24.1874	-23.2459	24.6559	-0.408451
38	32	24.009	-23.1921	24.4709	-0.409325
38	33	23.8325	-23.1413	24.2887	-0.410299
38	34	23.6539	-23.0955	24.1067	-0.411512
38	35	23.4661	-23.0762	23.9269	-0.413914
38	36	23.2701	-23.0586	23.7405	-0.416556
38	37	23.0632	-23.0719	23.5568	-0.420625
38	38	22.8641	-23.0884	23.382	-0.424747
38	39	22.6736	-23.1351	23.228	-0.429957
38	40	22.4855	-23.1851	23.0782	-0.435324
38	41	22.3028	-23.255	22.9425	-0.441445
38	42	22.1211	-23.3282	22.8099	-0.447749
38	43	21.9414	-23.4065	22.6824	-0.454293
38	44	21.7633	-23.4886	22.5588	-0.461026
38	45	21.585	-23.574	22.4377	-0.467971
38	46	21.4047	-23.661	22.3166	-0.475093
38	47	21.2234	-23.7528	22.1979	-0.48251
38	48	21.0409	-23.8496	22.0818	-0.490228
38	49	20.8591	-23.9532	21.9709	-0.498283
38	50	20.6758	-24.0629	21.8631	-0.506697
38	51	20.4934	-24.179	21.7609	-0.51543
38	52	20.3143	-24.3009	21.6659	-0.524398
38	53	20.1396	-24.4273	21.579	-0.533524
38	54	19.9675	-24.5564	21.4973	-0.542765
38	55	19.7983	-24.6889	21.4219	-0.552142
38	56	19.6335	-24.827	21.355	-0.561695
38	57	19.4766	-24.9734	21.3011	-0.571436
38	58	19.3323	-25.1322	21.2667	-0.581384
38	59	19.202	-25.3064	21.2546	-0.591602
38	60	19.0844	-25.4964	21.264	-0.602104
38	61	18.988	-25.6876	21.294	-0.612068
38	62	18.909	-25.8816	21.3418	-0.621634
38	63	18.8476	-26.0803	21.4085	-0.630849
38	64	18.8003	-26.2854	21.4921	-0.639853
38	65	18.762	-26.4943	21.587	-0.648678
38	66	18.7277	-26.7058	21.6882	-0.657403
38	67	18.6971	-26.9187	21.7949	-0.665992
38	68	18.6698	-27.1321	21.9061	-0.674425
38	69	18.6477	-27.3457	22.023	-0.682627
38	70	18.6303	-27.557	22.1434	-0.690528
38	71	18.6179	-27.768	22.2689	-0.698184
38	72	18.6086	-27.9767	22.3966	-0.705591
38	73	18.6004	-28.1824	22.5243	-0.71278
38	74	18.5961	-28.3896	22.6571	-0.719822
38	75	18.5952	-28.5965	22.7933	-0.726672
38	76	18.5995	-28.8008	22.9328	-0.733204
38	77	18.6096	-29.0057	23.0779	-0.739512
38	78	18.6239	-29.209	23.2259	-0.745563
38	79	18.6386	-29.4066	23.3711	-0.751347
38	80	18.6611	-29.6039	23.5226	-0.756823
38	81	18.6863	-29.7999	23.6758	-0.762114
38	82	18.7152	-29.9927	23.8302	-0.767127
38	83	18.746	-30.1845	23.9858	-0.771992
38	84	18.7848	-30.3751	24.1467	-0.77653
38	85	18.8342	-30.5642	24.3147	-0.780651
38	86	18.9034	-30.751	24.4955	-0.784081
38	87	18.9943	-30.9356	24.6903	-0.786777
38	88	19.1079	-31.1191	24.9005	-0.78875
38	89	19.2331	-31.2851	25.1065	-0.789871
38	90	19.3691	-31.4366	25.3099	-0.790267
38	91	19.5169	-31.5747	25.512	-0.789961
38	92	19.6784	-31.7018	25.716	-0.788977
38	93	19.8503	-31.8213	25.9219	-0.787522
38	94	20.0263	-31.9371	26.1281	-0.785874
38	95	20.2049	-32.0509	26.3349	-0.784132
38	96	20.3867	-32.1616	26.5419	-0.782247
38	97	20.5702	-32.2692	26.748	-0.780264
38	98	20.7536	-32.3733	26.9516	-0.778221
38	99	20.9355	-32.474	27.1519	-0.77616
38	100	21.1148	-32.5729	27.3492	-0.774148
38	101	21.2924	-32.6691	27.5435	-0.77214
38	102	21.469	-32.762	27.7349	-0.770096
38	103	21.644	-32.8535	27.9243	-0.768086
38	104	21.8209	-32.9457	28.1156	-0.76607
38	105	22	-33.0354	28.307	-0.763969
38	106	22.1793	-33.1231	28.4971	-0.761837
38	107	22.3577	-33.208	28.6849	-0.759686
38	108	22.5342	-33.2908	28.8699	-0.757555
38	109	22.7087	-33.3713	29.052	-0.755441
38	110	22.8822	-33.4478	29.2309	-0.753278
38	111	23.0547	-33.5209	29.4068	-0.751078
38	112	23.226	-33.5901	29.5793	-0.748836
38	113	23.3965	-33.6529	29.7471	-0.746481
38	114	23.5642	-33.7122	29.9105	-0.744127
38	115	23.7306	-33.7614	30.0664	-0.741584
38	116	23.897	-33.7989	30.2145	-0.738779
38	117	24.0584	-33.8431	30.3636	-0.736276
38	118	24.2204	-33.855	30.4918	-0.732996
38	119	24.3915	-33.8127	30.5911	-0.728228
38	120	24.5689	-33.761	30.6894	-0.723122
38	121	24.7529	-33.6876	30.7793	-0.717378
38	122	24.9534	-33.5982	30.8723	-0.710927
38	123	25.1769	-33.4824	30.9669	-0.703384
38	124	25.4313	-33.3313	31.0645	-0.694378
38	125	25.6804	-33.1669	31.1521	-0.685204
38	126	25.9211	-32.9893	31.2274	-0.675922
38	127	26.1513	-32.801	31.2905	-0.666624
38	128	26.3722	-32.6046	31.3441	-0.657343
38	129	26.5858	-32.4001	31.3896	-0.648029
38	130	26.7921	-32.1854	31.4258	-0.638619
38	131	26.9885	-31.959	31.4499	-0.629114
38	132	27.1719	-31.7223	31.4604	-0.619602
38	133	27.3424	-31.4791	31.4594	-0.610162
38	134	27.5024	-31.2313	31.4499	-0.600789
38	135	27.6541	-30.9782	31.4333	-0.591419
38	136	27.797	-30.7176	31.408	-0.581994
38	137	27.9282	-30.4483	31.371	-0.572524
38	138	28.0448	-30.1723	31.3209	-0.563097
38	139	28.1472	-29.8928	31.2597	-0.553789
38	140	28.238	-29.6114	31.1902	-0.544584
38	141	28.3191	-29.3269	31.1135	-0.535413
38	142	28.3893	-29.0373	31.0274	-0.52623
38	143	28.4455	-28.7421	30.9291	-0.517066
38	144	28.4854	-28.4443	30.8177	-0.508026
39	0	-17.3447	-26.2368	22.8211	-2.54699
39	1	-17.3433	-26.0114	22.6944	-2.55518
39	2	-17.3464	-25.7856	22.5729	-2.56359
39	3	-17.3548	-25.5598	22.4574	-2.57222
39	4	-17.3691	-25.3352	22.3493	-2.58103
39	5	-17.3899	-25.1137	22.25	-2.58996
39	6	-17.4164	-24.8968	22.1598	-2.59892
39	7	-17.4489	-24.6824	22.0778	-2.608
39	8	-17.4869	-24.4701	22.0034	-2.61718
39	9	-17.5311	-24.259	21.937	-2.62652
39	10	-17.5846	-24.0485	21.8808	-2.6361
39	11	-17.654	-23.8399	21.8416	-2.64599
39	12	-17.7467	-23.6345	21.8267	-2.65629
39	13	-17.8636	-23.4301	21.8359	-2.66707
39	14	-17.9949	-23.2466	21.87	-2.67728
39	15	-18.1384	-23.0814	21.9254	-2.68694
39	16	-18.2938	-22.9323	22.0004	-2.69613
39	17	-18.4597	-22.7965	22.0925	-2.70492
39	18	-18.6311	-22.6687	22.1946	-2.7134
39	19	-18.8068	-22.5463	22.3043	-2.72166
39	20	-18.9866	-22.4277	22.4209	-2.72976
39	21	-19.1705	-22.3136	22.5445	-2.73767
39	22	-19.3581	-22.2044	22.6747	-2.74534
39	23	-19.5488	-22.101	22.8114	-2.75275
39	24	-19.7416	-22.0033	22.9533	-2.75988
39	25	-19.9353	-21.9119	23.0995	-2.76667
39	26	-20.1298	-21.8256	23.2494	-2.77319
39	27	-20.3262	-21.7447	23.404	-2.77944
39	28	-20.5258	-21.6701	23.5646	-2.7854
39	29	-20.7297	-21.6048	23.7333	-2.79098
39	30	-20.9386	-21.5516	23.9115	-2.79607
39	31	-21.1542	-21.5141	24.1019	-2.80056
39	32	-21.3764	-21.4954	24.3052	-2.80434
39	33	-21.5875	-21.4974	24.5052	-2.80711
39	34	-21.7903	-21.5179	24.7036	-2.80902
39	35	-21.9873	-21.5535	24.9014	-2.81026
39	36	-22.1819	-21.5981	25.1	-2.8111
39	37	-22.3772	-21.6487	25.3011	-2.81171
39	38	-22.5755	-21.7037	25.5066	-2.81219
39	39	-22.7766	-21.7653	25.7167	-2.81245
39	40	-22.9785	-21.8332	25.9298	-2.81249
39	41	-23.1813	-21.9071	26.1456	-2.81233
39	42	-23.3852	-21.9851	26.3637	-2.81202
39	43	-23.5878	-22.0666	26.5818	-2.81159
39	44	-23.7902	-22.1502	26.8004	-2.81109
39	45	-23.9934	-22.2357	27.0204	-2.81053
39	46	-24.1979	-22.3233	27.2422	-2.80993
39	47	-24.4032	-22.4133	27.4656	-2.80927
39	48	-24.6081	-22.5055	27.6894	-2.80853
39	49	-24.8118	-22.5993	27.9126	-2.80775
39	50	-25.014	-22.6942	28.1347	-2.80692
39	51	-25.2154	-22.7901	28.3564	-2.80605
39	52	-25.4191	-22.8873	28.5808	-2.80519
39	53	-25.6249	-22.9865	28.8078	-2.80429
39	54	-25.8323	-23.089	29.0375	-2.80333
39	55	-26.0381	-23.1964	29.2673	-2.8022
39	56	-26.2352	-23.3141	29.4924	-2.80066
39	57	-26.4028	-23.4512	29.6962	-2.7982
39	58	-26.5352	-23.6167	29.8768	-2.79447
39	59	-26.6441	-23.8071	30.0443	-2.78975
39	60	-26.7392	-24.0153	30.2058	-2.78436
39	61	-26.8245	-24.2477	30.3676	-2.77817
39	62	-26.9	-24.5149	30.5339	-2.77088
39	63	-26.9639	-24.8286	30.7083	-2.76211
39	64	-27.0094	-25.1469	30.8697	-2.75308
39	65	-27.0379	-25.465	31.0179	-2.74393
39	66	-27.0529	-25.7817	31.1558	-2.73475
39	67	-27.0564	-26.0986	31.2857	-2.72549
39	68	-27.0467	-26.4173	31.407	-2.71608
39	69	-27.0214	-26.7362	31.5171	-2.70654
39	70	-26.9811	-27.0523	31.6152	-2.69693
39	71	-26.9283	-27.365	31.7035	-2.68731
39	72	-26.8641	-27.6759	31.7837	-2.67763
39	73	-26.7862	-27.9864	31.8546	-2.66782
39	74	-26.6914	-28.2947	31.9124	-2.65787
39	75	-26.5799	-28.5964	31.9556	-2.64789
39	76	-26.4553	-28.8902	31.9868	-2.63795
39	77	-26.3202	-29.1782	32.0089	-2.62804
39	78	-26.1732	-29.462	32.022	-2.61806
39	79	-26.0121	-29.7404	32.0232	-2.60802
39	80	-25.8371	-30.0102	32.0114	-2.59798
39	81	-25.6514	-30.2701	31.9885	-2.58802
39	82	-25.4569	-30.5222	31.9571	-2.57811
39	83	-25.2524	-30.768	31.9171	-2.56818
39	84	-25.0359	-31.0061	31.866	-2.55822
39	85	-24.8078	-31.2334	31.8023	-2.5483
39	86	-24.5712	-31.4486	31.728	-2.53851
39	87	-24.3276	-31.6522	31.6443	-2.52884
39	88	-24.1052	-31.815	31.5571	-2.52057
39	89	-23.8946	-31.9435	31.4614	-2.51335
39	90	-23.6886	-32.0425	31.3536	-2.50694
39	91	-23.4821	-32.1153	31.231	-2.50114
39	92	-23.282	-32.1928	31.1174	-2.4953
39	93	-23.0765	-32.2092	30.9635	-2.49088
39	94	-22.8524	-32.166	30.7592	-2.48758
39	95	-22.6289	-32.1005	30.5421	-2.48483
39	96	-22.4078	-32.0306	30.3244	-2.48221
39	97	-22.1881	-31.9604	30.1079	-2.47958
39	98	-21.9692	-31.8899	29.892	-2.47694
39	99	-21.7507	-31.8183	29.6759	-2.4743
39	100	-21.5331	-31.7451	29.4598	-2.47168
39	101	-21.3179	-31.6704	29.2448	-2.46911
39	102	-21.1059	-31.5948	29.032	-2.4666
39	103	-20.8967	-31.5191	28.8215	-2.46411
39	104	-20.6893	-31.4432	28.6123	-2.46164
39	105	-20.4822	-31.3662	28.4031	-2.45916
39	106	-20.2769	-31.2888	28.195	-2.4567
39	107	-20.0734	-31.209	27.9869	-2.45431
39	108	-19.8746	-31.1272	27.7815	-2.45204
39	109	-19.6812	-31.0429	27.5787	-2.44994
39	110	-19.4929	-30.9562	27.3784	-2.44799
39	111	-19.3097	-30.8691	27.1819	-2.44615
39	112	-19.1303	-30.7801	26.9872	-2.44442
39	113	-18.9539	-30.6864	26.7918	-2.44287
39	114	-18.7808	-30.5852	26.5942	-2.4416
39	115	-18.6126	-30.4705	26.3917	-2.44082
39	116	-18.4522	-30.3344	26.1813	-2.44084
39	117	-18.3016	-30.1704	25.9604	-2.44193
39	118	-18.1609	-29.9819	25.7315	-2.44401
39	119	-18.0412	-29.787	25.5147	-2.44685
39	120	-17.9411	-29.5847	25.3084	-2.45046
39	121	-17.8572	-29.3742	25.1098	-2.45479
39	122	-17.7843	-29.158	24.9167	-2.45965
39	123	-17.7184	-28.9377	24.727	-2.46489
39	124	-17.6593	-28.7141	24.5413	-2.47048
39	125	-17.6064	-28.4887	24.3601	-2.47637
39	126	-17.559	-28.2635	24.1842	-2.48249
39	127	-17.5182	-28.0379	24.0143	-2.48888
39	128	-17.4821	-27.8136	23.8499	-2.49543
39	129	-17.4488	-27.5914	23.6901	-2.50207
39	130	-17.4201	-27.3662	23.5332	-2.50902
39	131	-17.3962	-27.1389	23.3802	-2.51626
39	132	-17.3771	-26.911	23.2319	-2.52373
39	133	-17.3622	-26.6845	23.0892	-2.53135
39	134	-17.3508	-26.4614	22.9527	-2.53904
43	0	24.1646	-38.2062	33.5217	-0.830732
43	1	24.2065	-37.9118	33.3334	-0.823848
43	2	24.236	-37.6143	33.136	-0.817095
43	3	24.2521	-37.316	32.9301	-0.81054
43	4	24.2559	-37.0188	32.7181	-0.804194
43	5	24.2495	-36.7224	32.5007	-0.798011
43	6	24.2329	-36.4255	32.2771	-0.791957
43	7	24.2038	-36.1274	32.0451	-0.786069
43	8	24.1596	-35.8304	31.8042	-0.780454
43	9	24.0986	-35.5384	31.5558	-0.775238
43	10	24.0237	-35.2873	31.3269	-0.771187
43	11	23.9346	-35.0674	31.1098	-0.768112
43	12	23.8302	-34.8703	30.8979	-0.765873
43	13	23.7367	-34.6759	30.6959	-0.763421
43	14	23.5983	-34.5259	30.4922	-0.763004
43	15	23.4045	-34.4101	30.2721	-0.764663
43	16	23.2081	-34.2871	30.0453	-0.766233
43	17	23.0046	-34.1717	29.8187	-0.768177
43	18	22.7988	-34.0599	29.593	-0.770296
43	19	22.5933	-33.9508	29.3696	-0.772501
43	20	22.3906	-33.8443	29.1503	-0.774737
43	21	22.1912	-33.739	28.9342	-0.776957
43	22	21.9934	-33.6358	28.7208	-0.779224
43	23	21.7958	-33.5349	28.5094	-0.781574
43	24	21.5986	-33.4353	28.2994	-0.783985
43	25	21.4028	-33.336	28.0907	-0.786406
43	26	21.2079	-33.2389	27.8843	-0.788892
43	27	21.0147	-33.1423	27.6798	-0.791385
43	28	20.8219	-33.0478	27.4772	-0.79396
43	29	20.6306	-32.9566	27.2781	-0.796618
43	30	20.4401	-32.8675	27.0813	-0.799347
43	31	20.253	-32.7796	26.8879	-0.802057
43	32	20.068	-32.6958	26.6992	-0.804854
43	33	19.886	-32.616	26.5156	-0.807715
43	34	19.7063	-32.5413	26.3376	-0.810687
43	35	19.5289	-32.4712	26.1647	-0.813754
43	36	19.3542	-32.4058	25.9972	-0.816912
43	37	19.1809	-32.3429	25.8329	-0.820136
43	38	19.0052	-32.2884	25.6734	-0.823691
43	39	18.8264	-32.239	25.5158	-0.827519
43	40	18.6379	-32.2116	25.3684	-0.832256
43	41	18.4349	-32.2005	25.2239	-0.83791
43	42	18.2191	-32.2118	25.0885	-0.844608
43	43	18.0134	-32.2399	24.9735	-0.851512
43	44	17.8162	-32.2863	24.8791	-0.858706
43	45	17.6266	-32.3491	24.8035	-0.866145
43	46	17.441	-32.4205	24.7383	-0.87373
43	47	17.259	-32.499	24.6824	-0.881425
43	48	17.0775	-32.5794	24.6298	-0.889188
43	49	16.897	-32.6652	24.5834	-0.89709
43	50	16.7152	-32.7536	24.5399	-0.905127
43	51	16.5337	-32.8472	24.5022	-0.91331
43	52	16.3517	-32.9442	24.4686	-0.921622
43	53	16.1709	-33.0467	24.4418	-0.930048
43	54	15.9918	-33.1515	24.4197	-0.938493
43	55	15.8147	-33.2591	24.4027	-0.946955
43	56	15.6389	-33.3692	24.3902	-0.955441
43	57	15.4648	-33.4815	24.3823	-0.96393
43	58	15.2922	-33.5974	24.3799	-0.972457
43	59	15.1224	-33.7192	24.3859	-0.981023
43	60	14.9585	-33.8489	24.4033	-0.989564
43	61	14.8043	-33.9892	24.4369	-0.997989
43	62	14.6611	-34.1424	24.4888	-1.00629
43	63	14.5296	-34.3087	24.5598	-1.01444
43	64	14.4092	-34.4913	24.6521	-1.0225
43	65	14.3093	-34.6755	24.7578	-1.02982
43	66	14.2254	-34.8614	24.8746	-1.03656
43	67	14.1564	-35.0515	25.0035	-1.04281
43	68	14.1	-35.2476	25.145	-1.04867
43	69	14.0525	-35.4483	25.2956	-1.05426
43	70	14.0122	-35.652	25.4532	-1.05959
43	71	13.9776	-35.8576	25.6159	-1.06469
43	72	13.9499	-36.0643	25.7836	-1.06952
43	73	13.9278	-36.2699	25.9535	-1.07407
43	74	13.9121	-36.4755	26.1271	-1.07835
43	75	13.9004	-36.6797	26.3017	-1.08241
43	76	13.8915	-36.8817	26.4761	-1.08629
43	77	13.8864	-37.0851	26.6539	-1.09001
43	78	13.885	-37.2887	26.8339	-1.09357
43	79	13.8871	-37.4908	27.0145	-1.09693
43	80	13.8946	-37.6945	27.1993	-1.10011
43	81	13.9075	-37.897	27.3858	-1.10304
43	82	13.9233	-38.0963	27.5709	-1.10579
43	83	13.9455	-38.2968	27.7602	-1.10831
43	84	13.9707	-38.4975	27.9511	-1.11071
43	85	14.0013	-38.6969	28.1434	-1.11288
43	86	14.0323	-38.895	28.3349	-1.11499
43	87	14.0689	-39.0899	28.5261	-1.11684
43	88	14.1092	-39.2851	28.7192	-1.11857
43	89	14.1586	-39.477	28.9135	-1.11993
43	90	14.209	-39.6659	29.1054	-1.1212
43	91	14.2665	-39.8491	29.2954	-1.12215
43	92	14.3229	-40.0314	29.4841	-1.12311
43	93	14.3893	-40.2098	29.6737	-1.12369
43	94	14.455	-40.3879	29.8628	-1.12429
43	95	14.5312	-40.5619	30.0526	-1.1245
43	96	14.6107	-40.735	30.243	-1.1246
43	97	14.7076	-40.9015	30.4351	-1.12409
43	98	14.8214	-41.0609	30.628	-1.12299
43	99	14.9576	-41.2106	30.822	-1.12111
43	100	15.114	-41.3536	31.0188	-1.11857
43	101	15.2752	-41.4787	31.2019	-1.11567
43	102	15.4429	-41.5876	31.3736	-1.1124
43	103	15.6169	-41.6836	31.5369	-1.1088
43	104	15.8019	-41.764	31.6916	-1.1047
43	105	15.9934	-41.8372	31.8434	-1.10036
43	106	16.1888	-41.9028	31.9907	-1.09585
43	107	16.3858	-41.9657	32.1372	-1.09129
43	108	16.5864	-42.0229	32.2808	-1.0866
43	109	16.7881	-42.0771	32.423	-1.08187
43	110	16.99	-42.1265	32.5618	-1.07711
43	111	17.1903	-42.1739	32.6988	-1.0724
43	112	17.391	-42.2172	32.8331	-1.06766
43	113	17.592	-42.2585	32.9666	-1.06292
43	114	17.7941	-42.2967	33.0987	-1.05815
43	115	17.9976	-42.3328	33.2303	-1.05335
43	116	18.2027	-42.3647	33.3599	-1.04847
43	117	18.409	-42.393	33.4878	-1.04356
43	118	18.616	-42.4167	33.6128	-1.03859
43	119	18.8214	-42.438	33.7358	-1.03367
43	120	19.026	-42.4567	33.8569	-1.02875
43	121	19.2284	-42.4747	33.9772	-1.02393
43	122	19.4297	-42.4905	34.0958	-1.01913
43	123	19.6302	-42.5056	34.2141	-1.01436
43	124	19.8302	-42.5168	34.3296	-1.00959
43	125	20.0286	-42.5265	34.4438	-1.00486
43	126	20.2249	-42.5319	34.554	-1.00015
43	127	20.4185	-42.5362	34.6625	-0.995517
43	128	20.6096	-42.5375	34.768	-0.990927
43	129	20.7985	-42.5379	34.8722	-0.986401
43	130	20.9859	-42.5367	34.9749	-0.981915
43	131	21.172	-42.532	35.0747	-0.977427
43	132	21.3549	-42.5285	35.1745	-0.97306
43	133	21.534	-42.5162	35.2654	-0.968665
43	134	21.7054	-42.4949	35.3453	-0.964328
43	135	21.8544	-42.4281	35.3757	-0.959791
43	136	21.997	-42.3074	35.359	-0.95453
43	137	22.1506	-42.1919	35.3542	-0.949095
43	138	22.3007	-42.0543	35.3303	-0.943373
43	139	22.4542	-41.8918	35.2895	-0.93715
43	140	22.6173	-41.6982	35.231	-0.930164
43	141	22.7976	-41.4654	35.1533	-0.922094
43	142	22.971	-41.2253	35.0678	-0.914017
43	143	23.1359	-40.9767	34.9727	-0.905944
43	144	23.2895	-40.7201	34.8667	-0.897936
43	145	23.4309	-40.458	34.7509	-0.890052
43	146	23.5615	-40.192	34.6274	-0.882287
43	147	23.6828	-39.9217	34.4968	-0.874593
43	148	23.7944	-39.6455	34.3574	-0.866945
43	149	23.8939	-39.3628	34.2073	-0.859379
43	150	23.9793	-39.0756	34.0464	-0.851972
43	151	24.0513	-38.7868	33.8774	-0.844759
43	152	24.1125	-38.4974	33.7025	-0.837699
44	0	-13.4878	-37.1783	28.0949	-2.13601
44	1	-13.477	-36.9793	27.9212	-2.1395
44	2	-13.4723	-36.7827	27.7532	-2.14317
44	3	-13.4704	-36.5863	27.5873	-2.14697
44	4	-13.4746	-36.3917	27.4266	-2.15097
44	5	-13.4821	-36.2003	27.2708	-2.15504
44	6	-13.4926	-36.0122	27.12	-2.15919
44	7	-13.5074	-35.8244	26.9723	-2.16351
44	8	-13.5292	-35.6382	26.8303	-2.16806
44	9	-13.5525	-35.4532	26.6906	-2.17268
44	10	-13.5845	-35.2687	26.557	-2.17761
44	11	-13.6226	-35.0851	26.4283	-2.18275
44	12	-13.671	-34.9036	26.3079	-2.18822
44	13	-13.7337	-34.7224	26.197	-2.19418
44	14	-13.8152	-34.5366	26.0942	-2.20087
44	15	-13.9167	-34.3481	26.0025	-2.2083
44	16	-14.0275	-34.1712	25.927	-2.21579
44	17	-14.149	-34.0034	25.8667	-2.22345
44	18	-14.28	-33.8417	25.8186	-2.23128
44	19	-14.4222	-33.6854	25.7833	-2.23936
44	20	-14.5716	-33.5322	25.7565	-2.24759
44	21	-14.7268	-33.3835	25.7386	-2.25591
44	22	-14.8848	-33.2389	25.7276	-2.26422
44	23	-15.0469	-33.0999	25.7251	-2.27253
44	24	-15.2097	-32.9651	25.7281	-2.28074
44	25	-15.3717	-32.8342	25.7353	-2.28883
44	26	-15.5315	-32.7055	25.7443	-2.29679
44	27	-15.6938	-32.5802	25.7592	-2.30474
44	28	-15.8569	-32.4575	25.7781	-2.31262
44	29	-16.0213	-32.3401	25.8034	-2.32039
44	30	-16.184	-32.2261	25.8317	-2.32801
44	31	-16.3502	-32.1198	25.8692	-2.3355
44	32	-16.5152	-32.0172	25.9102	-2.34284
44	33	-16.6803	-31.9213	25.9573	-2.34997
44	34	-16.844	-31.8294	26.0075	-2.35693
44	35	-17.0092	-31.742	26.0633	-2.36378
44	36	-17.1751	-31.6561	26.1219	-2.37059
44	37	-17.3475	-31.5823	26.1946	-2.37719
44	38	-17.523	-31.5111	26.2726	-2.38377
44	39	-17.7123	-31.462	26.3768	-2.39005
44	40	-17.9129	-31.4192	26.4947	-2.39641
44	41	-18.1204	-31.4024	26.6362	-2.40215
44	42	-18.3242	-31.3963	26.7832	-2.40745
44	43	-18.5257	-31.4152	26.9456	-2.41194
44	44	-18.7276	-31.4466	27.1173	-2.41604
44	45	-18.9287	-31.4945	27.2997	-2.41961
44	46	-19.1304	-31.5467	27.4857	-2.42304
44	47	-19.332	-31.6035	27.6751	-2.42629
44	48	-19.5341	-31.6617	27.8659	-2.42947
44	49	-19.7355	-31.7222	28.0581	-2.43252
44	50	-19.9362	-31.7862	28.2522	-2.43543
44	51	-20.1361	-31.8497	28.4456	-2.43829
44	52	-20.3334	-31.9144	28.638	-2.44103
44	53	-20.5274	-31.9802	28.8288	-2.44362
44	54	-20.7183	-32.046	29.0174	-2.44611
44	55	-20.9069	-32.1092	29.2028	-2.44859
44	56	-21.0962	-32.1754	29.3908	-2.45097
44	57	-21.2851	-32.2449	29.5808	-2.45323
44	58	-21.4729	-32.3164	29.7714	-2.45538
44	59	-21.6587	-32.3884	29.9608	-2.45745
44	60	-21.8415	-32.4609	30.1483	-2.45942
44	61	-22.0206	-32.534	30.3335	-2.46127
44	62	-22.1963	-32.6066	30.5158	-2.46304
44	63	-22.3686	-32.6794	30.6956	-2.46472
44	64	-22.5373	-32.7531	30.8733	-2.46628
44	65	-22.7021	-32.8288	31.0493	-2.46769
44	66	-22.8589	-32.9143	31.2252	-2.46869
44	67	-23.0185	-32.9856	31.3945	-2.47008
44	68	-23.1472	-33.0873	31.5586	-2.4701
44	69	-23.2413	-33.2435	31.7294	-2.46809
44	70	-23.3307	-33.4134	31.9054	-2.46567
44	71	-23.4061	-33.6046	32.0839	-2.46249
44	72	-23.4848	-33.8173	32.279	-2.4589
44	73	-23.5614	-34.0639	32.4943	-2.4545
44	74	-23.6409	-34.3546	32.7407	-2.44917
44	75	-23.7112	-34.6495	32.9836	-2.44365
44	76	-23.7706	-34.9494	33.2224	-2.43788
44	77	-23.8161	-35.2532	33.4542	-2.43184
44	78	-23.8469	-35.5576	33.6766	-2.42558
44	79	-23.8654	-35.8609	33.8903	-2.41919
44	80	-23.8738	-36.1636	34.0976	-2.41269
44	81	-23.8722	-36.4674	34.2994	-2.40605
44	82	-23.8584	-36.7725	34.4946	-2.39922
44	83	-23.8308	-37.0769	34.681	-2.39222
44	84	-23.7908	-37.3783	34.8579	-2.38511
44	85	-23.7407	-37.6764	35.027	-2.37794
44	86	-23.6818	-37.9727	35.1903	-2.3707
44	87	-23.6129	-38.2685	35.3478	-2.36334
44	88	-23.5312	-38.5631	35.4975	-2.35581
44	89	-23.4358	-38.8538	35.6368	-2.34815
44	90	-23.3285	-39.1385	35.7655	-2.34043
44	91	-23.2118	-39.4178	35.8859	-2.33268
44	92	-23.086	-39.6932	35.9995	-2.32487
44	93	-22.9495	-39.9652	36.1054	-2.31695
44	94	-22.8008	-40.232	36.2015	-2.30894
44	95	-22.6409	-40.4912	36.2869	-2.30087
44	96	-22.4726	-40.7425	36.3631	-2.29281
44	97	-22.2975	-40.987	36.4321	-2.28477
44	98	-22.1407	-41.1918	36.485	-2.27784
44	99	-21.9943	-41.365	36.5223	-2.27172
44	100	-21.8597	-41.5207	36.555	-2.26616
44	101	-21.7189	-41.6526	36.5666	-2.26089
44	102	-21.5804	-41.7746	36.5729	-2.25584
44	103	-21.433	-41.8265	36.5202	-2.25182
44	104	-21.2781	-41.8443	36.4367	-2.24821
44	105	-21.1205	-41.8784	36.3648	-2.24424
44	106	-20.9581	-41.8981	36.2792	-2.24041
44	107	-20.7937	-41.9171	36.1923	-2.23652
44	108	-20.6276	-41.9305	36.1005	-2.23267
44	109	-20.4596	-41.9438	36.0081	-2.22876
44	110	-20.2888	-41.9534	35.9115	-2.22484
44	111	-20.1145	-41.9618	35.8124	-2.22083
44	112	-19.936	-41.9679	35.7095	-2.21675
44	113	-19.7551	-41.9695	35.6022	-2.21266
44	114	-19.5721	-41.9685	35.4921	-2.20855
44	115	-19.3875	-41.9616	35.377	-2.20447
44	116	-19.2018	-41.9536	35.2608	-2.20037
44	117	-19.0153	-41.9409	35.1411	-2.19629
44	118	-18.8277	-41.9275	35.0206	-2.19217
44	119	-18.6385	-41.9113	34.8977	-2.18803
44	120	-18.447	-41.8938	34.7729	-2.18383
44	121	-18.2525	-41.8746	34.6455	-2.17956
44	122	-18.0545	-41.8529	34.5149	-2.17521
44	123	-17.8532	-41.8293	34.3814	-2.17079
44	124	-17.6508	-41.8024	34.2453	-2.16635
44	125	-17.4471	-41.7737	34.1075	-2.16188
44	126	-17.2442	-41.7412	33.9679	-2.15745
44	127	-17.0412	-41.7068	33.8271	-2.15302
44	128	-16.8374	-41.6693	33.6841	-2.14858
44	129	-16.632	-41.6294	33.5388	-2.1441
44	130	-16.4252	-41.5849	33.3896	-2.13961
44	131	-16.2174	-41.5359	33.2368	-2.13514
44	132	-16.0087	-41.4836	33.0813	-2.13066
44	133	-15.8001	-41.4287	32.9243	-2.12617
44	134	-15.5927	-41.3717	32.7668	-2.12171
44	135	-15.3867	-41.3118	32.6083	-2.11729
44	136	-15.1832	-41.2462	32.4467	-2.11298
44	137	-15.0006	-41.1771	32.2936	-2.10924
44	138	-14.8332	-41.0867	32.1302	-2.10622
44	139	-14.6662	-40.9878	31.9602	-2.1033
44	140	-14.5105	-40.864	31.7745	-2.10106
44	141	-14.3707	-40.7348	31.5924	-2.09931
44	142	-14.2636	-40.5807	31.4054	-2.09884
44	143	-14.1656	-40.3969	31.1972	-2.09909
44	144	-14.0925	-40.1993	30.9897	-2.10027
44	145	-14.0213	-40.0005	30.7822	-2.10153
44	146	-13.96	-39.7985	30.577	-2.10315
44	147	-13.9016	-39.5969	30.3737	-2.10486
44	148	-13.8471	-39.3956	30.1727	-2.1067
44	149	-13.7948	-39.1952	29.9737	-2.10862
44	150	-13.7458	-38.9932	29.7752	-2.11068
44	151	-13.6998	-38.7907	29.578	-2.11286
44	152	-13.6583	-38.5889	29.3837	-2.1152
44	153	-13.6224	-38.3849	29.1907	-2.11776
44	154	-13.5917	-38.1807	29.0005	-2.12052
44	155	-13.5654	-37.9777	28.8138	-2.12342
44	156	-13.5408	-37.777	28.6302	-2.12637
44	157	-13.5193	-37.5785	28.4503	-2.12941
44	158	-13.5005	-37.3787	28.271	-2.13259
48	0	22.3598	-44.8192	37.6362	-0.985243
48	1	22.2941	-44.5377	37.3655	-0.982543
48	2	22.2179	-44.2579	37.0906	-0.980067
48	3	22.1392	-44.0211	36.8501	-0.978263
48	4	22.0546	-43.8192	36.6354	-0.977101
48	5	21.9622	-43.6453	36.4396	-0.976531
48	6	21.861	-43.4929	36.2566	-0.97649
48	7	21.7495	-43.3569	36.0815	-0.97694
48	8	21.6252	-43.2357	35.9115	-0.977921
48	9	21.4638	-43.1725	35.7691	-0.980675
48	10	21.2633	-43.1598	35.6473	-0.98515
48	11	21.0622	-43.1587	35.5357	-0.989849
48	12	20.8626	-43.1517	35.4206	-0.994452
48	13	20.6647	-43.1391	35.3026	-0.998957
48	14	20.4658	-43.1304	35.188	-1.00358
48	15	20.2659	-43.1192	35.0715	-1.00821
48	16	20.0648	-43.1058	34.9533	-1.01288
48	17	19.8628	-43.0942	34.8369	-1.01762
48	18	19.661	-43.0826	34.7214	-1.02239
48	19	19.4604	-43.072	34.6081	-1.02717
48	20	19.2615	-43.0612	34.4964	-1.03195
48	21	19.064	-43.0518	34.3874	-1.03674
48	22	18.8673	-43.0388	34.2765	-1.04148
48	23	18.671	-43.0191	34.1607	-1.04615
48	24	18.4752	-42.9936	34.041	-1.05076
48	25	18.2801	-42.9661	33.9205	-1.05534
48	26	18.0863	-42.9421	33.8044	-1.05998
48	27	17.8955	-42.9153	33.6881	-1.06453
48	28	17.7034	-42.8849	33.5688	-1.0691
48	29	17.51	-42.8504	33.4459	-1.07367
48	30	17.3149	-42.8123	33.3196	-1.07827
48	31	17.1175	-42.7736	33.1927	-1.08296
48	32	16.9182	-42.7369	33.0671	-1.08777
48	33	16.718	-42.7009	32.9427	-1.09264
48	34	16.5177	-42.6685	32.8222	-1.09761
48	35	16.3202	-42.6364	32.7039	-1.10253
48	36	16.125	-42.6045	32.5878	-1.10744
48	37	15.9307	-42.5747	32.4747	-1.11238
48	38	15.7361	-42.5462	32.3634	-1.11738
48	39	15.5396	-42.5221	32.2561	-1.12253
48	40	15.3406	-42.5054	32.1553	-1.12788
48	41	15.14	-42.5027	32.0674	-1.1335
48	42	14.9373	-42.528	32.005	-1.13957
48	43	14.7284	-42.5869	31.972	-1.14628
48	44	14.5155	-42.6734	31.9639	-1.15346
48	45	14.3187	-42.7787	31.9812	-1.16042
48	46	14.1381	-42.9006	32.0217	-1.16711
48	47	13.9686	-43.0367	32.0808	-1.17364
48	48	13.8058	-43.1813	32.1519	-1.18005
48	49	13.6486	-43.3333	32.2332	-1.18635
48	50	13.4984	-43.4935	32.326	-1.19252
48	51	13.3579	-43.6639	32.433	-1.19848
48	52	13.2349	-43.8464	32.5588	-1.20404
48	53	13.1316	-44.0439	32.7066	-1.20916
48	54	13.0475	-44.2575	32.877	-1.21385
48	55	12.9891	-44.4687	33.0546	-1.21773
48	56	12.9516	-44.6795	33.2396	-1.22099
48	57	12.9333	-44.8901	33.4314	-1.22366
48	58	12.9276	-45.1014	33.6282	-1.22596
48	59	12.929	-45.3136	33.8285	-1.22804
48	60	12.9349	-45.5272	34.0317	-1.22998
48	61	12.9443	-45.742	34.2373	-1.23182
48	62	12.9572	-45.9573	34.4447	-1.23355
48	63	12.9742	-46.1721	34.6531	-1.23513
48	64	12.9941	-46.3854	34.8611	-1.23661
48	65	13.0152	-46.5974	35.0684	-1.23803
48	66	13.0365	-46.809	35.2753	-1.23942
48	67	13.0579	-47.0213	35.483	-1.24079
48	68	13.0804	-47.2351	35.6927	-1.24214
48	69	13.1054	-47.4505	35.9046	-1.24341
48	70	13.134	-47.6663	36.1182	-1.24458
48	71	13.166	-47.881	36.3319	-1.24564
48	72	13.2003	-48.0937	36.5443	-1.24661
48	73	13.2356	-48.3044	36.7553	-1.24753
48	74	13.2713	-48.5141	36.9655	-1.24842
48	75	13.3077	-48.7237	37.1759	-1.24927
48	76	13.3458	-48.9337	37.3872	-1.25008
48	77	13.3864	-49.1437	37.5992	-1.25082
48	78	13.4298	-49.3526	37.8112	-1.25147
48	79	13.4752	-49.5598	38.0222	-1.25204
48	80	13.5217	-49.7652	38.2319	-1.25257
48	81	13.569	-49.9696	38.4408	-1.25307
48	82	13.6174	-50.1737	38.6498	-1.25353
48	83	13.6681	-50.378	38.8597	-1.25393
48	84	13.7222	-50.582	39.0704	-1.25424
48	85	13.7801	-50.7848	39.2812	-1.25444
48	86	13.8414	-50.9857	39.4912	-1.25455
48	87	13.9037	-51.1845	39.6995	-1.25462
48	88	13.9665	-51.3812	39.906	-1.25465
48	89	14.0298	-51.5768	40.1116	-1.25467
48	90	14.0942	-51.772	40.3171	-1.25466
48	91	14.1608	-51.9666	40.5228	-1.25459
48	92	14.232	-52.1595	40.7282	-1.2544
48	93	14.3147	-52.3464	40.9316	-1.2539
48	94	14.4196	-52.499	41.1093	-1.25263
48	95	14.5709	-52.6059	41.2583	-1.24996
48	96	14.7356	-52.6921	41.3923	-1.24684
48	97	14.9126	-52.7627	41.5158	-1.24334
48	98	15.1068	-52.818	41.631	-1.23935
48	99	15.3246	-52.8591	41.7411	-1.23474
48	100	15.5741	-52.8875	41.8508	-1.22933
48	101	15.8656	-52.9053	41.9661	-1.22293
48	102	16.1597	-52.9118	42.0733	-1.21641
48	103	16.4564	-52.9041	42.17	-1.20975
48	104	16.7536	-52.8793	42.2528	-1.20296
48	105	17.0477	-52.8377	42.3207	-1.19612
48	106	17.3374	-52.7829	42.3767	-1.18929
48	107	17.6241	-52.7172	42.4235	-1.18244
48	108	17.9091	-52.6397	42.4607	-1.17554
48	109	18.1918	-52.5476	42.4856	-1.16856
48	110	18.4689	-52.4397	42.4958	-1.16157
48	111	18.7381	-52.3187	42.4929	-1.15462
48	112	19.0002	-52.1881	42.4804	-1.14774
48	113	19.2574	-52.0492	42.4603	-1.14087
48	114	19.5107	-51.9	42.4314	-1.13398
48	115	19.7582	-51.7375	42.3898	-1.12706
48	116	19.9963	-51.5607	42.3334	-1.12019
48	117	20.2228	-51.3727	42.2637	-1.11343
48	118	20.4393	-51.1772	42.1849	-1.10678
48	119	20.6477	-50.9743	42.0976	-1.10019
48	120	20.8486	-50.7623	42.0006	-1.09364
48	121	21.0399	-50.5397	41.8917	-1.08715
48	122	21.2189	-50.3077	41.7704	-1.08077
48	123	21.3852	-50.0693	41.6391	-1.07455
48	124	21.5407	-49.8265	41.5003	-1.06847
48	125	21.6873	-49.5787	41.3545	-1.06248
48	126	21.8249	-49.3242	41.1999	-1.05655
48	127	21.951	-49.0622	41.0345	-1.05074
48	128	22.0633	-48.7943	40.8585	-1.04509
48	129	22.1623	-48.5235	40.6745	-1.03965
48	130	22.2503	-48.2511	40.4848	-1.03437
48	131	22.3292	-47.976	40.2892	-1.02919
48	132	22.3983	-47.696	40.0854	-1.02412
48	133	22.4542	-47.4103	39.8708	-1.01919
48	134	22.4939	-47.1206	39.6454	-1.01451
48	135	22.5174	-46.8308	39.4121	-1.01012
48	136	22.5278	-46.5427	39.174	-1.00598
48	137	22.5279	-46.2555	38.9317	-1.00203
48	138	22.5181	-45.9674	38.6839	-0.998236
48	139	22.4967	-45.6781	38.4294	-0.994625
48	140	22.4625	-45.3892	38.1687	-0.991253
48	141	22.4162	-45.1027	37.9039	-0.988137
49	0	-13.7745	-46.0883	36.0584	-2.01005
49	1	-13.7544	-45.8895	35.87	-2.01189
49	2	-13.736	-45.6905	35.6822	-2.01381
49	3	-13.7182	-45.4919	35.4952	-2.01576
49	4	-13.7004	-45.2928	35.3079	-2.01773
49	5	-13.6826	-45.0923	35.1195	-2.01974
49	6	-13.6653	-44.8899	34.9297	-2.02181
49	7	-13.6489	-44.6858	34.7389	-2.02394
49	8	-13.6334	-44.4803	34.5475	-2.02614
49	9	-13.6186	-44.2752	34.3569	-2.02838
49	10	-13.604	-44.0704	34.1668	-2.03065
49	11	-13.5897	-43.8655	33.9769	-2.03295
49	12	-13.5769	-43.66	33.7874	-2.03532
49	13	-13.5702	-43.4536	33.6	-2.03789
49	14	-13.5799	-43.2616	33.4331	-2.04074
49	15	-13.6132	-43.0902	33.2955	-2.04396
49	16	-13.668	-42.9146	33.1643	-2.04784
49	17	-13.7453	-42.7341	33.0398	-2.05243
49	18	-13.8398	-42.5646	32.9338	-2.05736
49	19	-13.9488	-42.4202	32.8575	-2.06234
49	20	-14.0868	-42.278	32.7978	-2.0681
49	21	-14.2442	-42.1854	32.7921	-2.07367
49	22	-14.4168	-42.1139	32.8132	-2.07933
49	23	-14.5874	-42.0644	32.8534	-2.08459
49	24	-14.7553	-42.0375	32.913	-2.08944
49	25	-14.9341	-42.0391	33.0032	-2.09412
49	26	-15.1261	-42.0601	33.1178	-2.09883
49	27	-15.3158	-42.0843	33.2347	-2.10339
49	28	-15.5041	-42.1085	33.3514	-2.10789
49	29	-15.6916	-42.1339	33.4695	-2.11231
49	30	-15.8795	-42.1591	33.5883	-2.11672
49	31	-16.0686	-42.1836	33.7077	-2.12113
49	32	-16.257	-42.2114	33.8302	-2.12545
49	33	-16.4447	-42.2401	33.9538	-2.1297
49	34	-16.631	-42.2688	34.0772	-2.1339
49	35	-16.8153	-42.2979	34.2005	-2.138
49	36	-16.9972	-42.3265	34.3226	-2.14202
49	37	-17.1759	-42.3584	34.4464	-2.14588
49	38	-17.3565	-42.3857	34.5677	-2.14984
49	39	-17.5395	-42.4065	34.6856	-2.15393
49	40	-17.7244	-42.4243	34.8026	-2.15808
49	41	-17.9098	-42.4461	34.9238	-2.16215
49	42	-18.0954	-42.466	35.044	-2.16623
49	43	-18.2805	-42.4835	35.1626	-2.17031
49	44	-18.4643	-42.5037	35.2833	-2.17429
49	45	-18.6475	-42.5195	35.4005	-2.1783
49	46	-18.8307	-42.5307	35.5146	-2.18235
49	47	-19.014	-42.5441	35.6311	-2.18635
49	48	-19.1981	-42.5541	35.7459	-2.19039
49	49	-19.3829	-42.5612	35.8593	-2.19447
49	50	-19.5675	-42.5722	35.9763	-2.19846
49	51	-19.7512	-42.582	36.0924	-2.20242
49	52	-19.9353	-42.5886	36.2067	-2.20641
49	53	-20.1188	-42.5982	36.3236	-2.21032
49	54	-20.3018	-42.6041	36.4379	-2.21425
49	55	-20.4851	-42.6025	36.5469	-2.21829
49	56	-20.6687	-42.593	36.6503	-2.22245
49	57	-20.8524	-42.5756	36.7483	-2.22671
49	58	-21.0355	-42.5504	36.8403	-2.23106
49	59	-21.2154	-42.5491	36.9499	-2.23493
49	60	-21.3484	-42.6168	37.0852	-2.23663
49	61	-21.4602	-42.7205	37.2358	-2.23727
49	62	-21.5549	-42.8449	37.3922	-2.2372
49	63	-21.6372	-42.9872	37.5549	-2.23658
49	64	-21.71	-43.1505	37.7284	-2.23543
49	65	-21.7751	-43.3409	37.9184	-2.23368
49	66	-21.8337	-43.5655	38.1316	-2.23127
49	67	-21.8869	-43.8324	38.3752	-2.2281
49	68	-21.9278	-44.1007	38.6128	-2.22469
49	69	-21.9585	-44.369	38.8448	-2.22112
49	70	-21.9804	-44.6376	39.072	-2.2174
49	71	-21.9933	-44.9076	39.2956	-2.21352
49	72	-21.9957	-45.1793	39.5149	-2.20945
49	73	-21.9858	-45.4519	39.7282	-2.20516
49	74	-21.9634	-45.7231	39.9337	-2.20068
49	75	-21.9303	-45.9913	40.1314	-2.19608
49	76	-21.8889	-46.2568	40.3229	-2.19139
49	77	-21.8401	-46.5209	40.5099	-2.18662
49	78	-21.783	-46.7851	40.6929	-2.18173
49	79	-21.7148	-47.0493	40.8708	-2.17665
49	80	-21.6328	-47.312	41.0406	-2.17137
49	81	-21.5365	-47.5699	41.1996	-2.1659
49	82	-21.428	-47.821	41.3474	-2.16032
49	83	-21.31	-48.0658	41.4858	-2.15468
49	84	-21.1833	-48.3057	41.6169	-2.14896
49	85	-21.0471	-48.5418	41.7409	-2.14313
49	86	-20.8991	-48.7733	41.8561	-2.13717
49	87	-20.7383	-48.9977	41.9599	-2.13106
49	88	-20.5662	-49.2124	42.0511	-2.12488
49	89	-20.3857	-49.4172	42.1311	-2.11868
49	90	-20.1987	-49.6137	42.2023	-2.11247
49	91	-20.0053	-49.8037	42.2662	-2.10624
49	92	-19.8046	-49.9883	42.3234	-2.09993
49	93	-19.5943	-50.1652	42.3708	-2.09354
49	94	-19.3739	-50.3314	42.4056	-2.08708
49	95	-19.1456	-50.485	42.4274	-2.08061
49	96	-18.9118	-50.627	42.4382	-2.07417
49	97	-18.6739	-50.7595	42.4403	-2.06775
49	98	-18.4308	-50.8837	42.4345	-2.06132
49	99	-18.1812	-50.9982	42.4188	-2.05486
49	100	-17.9244	-51.1004	42.3906	-2.04838
49	101	-17.6621	-51.1878	42.3485	-2.04193
49	102	-17.3972	-51.2609	42.2943	-2.03556
49	103	-17.1313	-51.322	42.2306	-2.02928
49	104	-16.864	-51.3732	42.159	-2.02306
49	105	-16.5946	-51.4142	42.079	-2.01688
49	106	-16.3227	-51.4431	41.9885	-2.01074
49	107	-16.0868	-51.452	41.8967	-2.00556
49	108	-15.8793	-51.4408	41.7995	-2.00117
49	109	-15.6935	-51.4106	41.6948	-1.99742
49	110	-15.5237	-51.3631	41.5816	-1.99417
49	111	-15.3652	-51.2995	41.4586	-1.99132
49	112	-15.2188	-51.215	41.3219	-1.98892
49	113	-15.1128	-51.0856	41.1606	-1.98784
49	114	-15.0238	-50.9249	40.9776	-1.98744
49	115	-14.9453	-50.7586	40.7938	-1.98733
49	116	-14.8701	-50.5906	40.6097	-1.98731
49	117	-14.7962	-50.4218	40.4254	-1.98733
49	118	-14.7235	-50.2512	40.24	-1.98739
49	119	-14.6523	-50.0782	40.053	-1.98752
49	120	-14.5834	-49.9023	39.8643	-1.98772
49	121	-14.5174	-49.7234	39.674	-1.98803
49	122	-14.4552	-49.5418	39.4828	-1.98845
49	123	-14.397	-49.3583	39.2914	-1.98899
49	124	-14.3426	-49.1736	39.1005	-1.98964
49	125	-14.2909	-48.9883	38.9102	-1.99036
49	126	-14.2413	-48.8022	38.7201	-1.99115
49	127	-14.1933	-48.6147	38.5294	-1.992
49	128	-14.1471	-48.4251	38.3375	-1.99292
49	129	-14.1036	-48.2329	38.1443	-1.99394
49	130	-14.0637	-48.0383	37.9505	-1.99509
49	131	-14.0279	-47.8421	37.757	-1.99637
49	132	-13.9956	-47.6464	37.5655	-1.99773
49	133	-13.9655	-47.4521	37.3761	-1.99915
49	134	-13.9362	-47.259	37.1884	-2.00059
49	135	-13.9072	-47.0667	37.0015	-2.00205
49	136	-13.8784	-46.8739	36.8144	-2.00352
49	137	-13.85	-46.6799	36.6264	-2.00504
49	138	-13.8226	-46.4841	36.4373	-2.00662
49	139	-13.7973	-46.2868	36.2478	-2.00829
