# CellID	Layer	Boundary	Stem	Area	Perimeter	CenterX	CenterY	WUS	CK	Neighbors	IsDividing	Volume	Circularity	WallNodeCount	CytNodeCount	CenterDist	CenterAngle	IsBuffer	ThetaLocal
# Units	-	-	-	-	um^2	um	um	um	-	-	count	-	um^3	-	count	count	um	rad	-	rad
0	1	1	0	85.4307	34.4029	3.56745	1.11577	63.5843	0	0	0	85.4307	0.907054	153	27	21.0333	1.38225	0	1.61224
1	1	1	0	80.9911	33.5126	-4.80117	1.46275	63.0849	0	0	0	80.9911	0.906215	129	28	21.4688	1.77846	0	1.52935
2	1	1	0	87.8681	34.5867	12.353	1.27251	59.9269	0	0	0	87.8681	0.923046	155	29	24.3999	1.02203	0	1.57156
3	1	1	0	64.4894	29.2447	-13.1759	0.820435	60.208	0	0	0	64.4894	0.947553	130	20	24.0543	2.13196	0	1.60706
4	1	1	0	80.4617	33.3922	20.8038	0.164858	55.3753	0	0	0	80.4617	0.906794	147	25	28.931	0.749487	0	1.62333
5	1	1	0	77.5987	33.0901	-21.089	0.608837	55.5661	0	0	0	77.5987	0.890569	149	26	28.9006	2.36991	0	1.60341
6	1	1	0	72.2472	31.5037	29.2007	-0.68735	50.0105	0	0	0	72.2472	0.914761	136	25	35.0758	0.567611	0	1.63713
7	1	1	0	89.2589	35.0241	-29.9578	0.352305	49.8498	0	0	0	89.2589	0.914381	153	28	35.6517	2.5495	0	1.6023
8	1	1	0	57.29	27.1716	37.4356	-1.89753	44.9828	0	0	0	57.29	0.975118	130	20	41.726	0.436679	0	1.65454
9	1	1	0	68.1319	29.6024	-38.8033	-1.65874	44.6332	0	0	0	68.1319	0.977029	138	25	42.387	2.70597	0	1.64732
10	2	0	0	46.9588	24.9643	-0.269281	-7.45454	73.2171	0	0	0	46.9588	0.946868	137	22	12.0907	1.56207	0	0
11	2	0	0	47.3271	24.6093	8.23782	-7.33809	69.2484	0	0	0	47.3271	0.982022	117	20	14.9393	0.956343	0	0
12	2	0	0	45.5702	24.3927	-8.55214	-7.61337	69.704	0	0	0	45.5702	0.962431	95	20	14.4647	2.17163	0	0
13	2	0	0	52.0375	26.1575	16.3154	-7.79926	62.9585	0	0	0	52.0375	0.955728	137	26	20.4088	0.61323	0	0
14	2	0	0	45.6599	24.659	-15.938	-7.30439	63.6593	0	0	0	45.6599	0.943612	140	23	19.8	2.47514	0	0
15	2	0	0	57.2104	27.7537	25.3016	-8.38511	55.4121	0	0	0	57.2104	0.933345	143	27	27.9968	0.409997	0	0
16	2	0	0	56.2338	27.5874	-25.5079	-7.46698	55.9209	0	0	0	56.2338	0.928511	143	27	27.8845	2.69362	0	0
17	2	1	0	56.9339	27.0348	34.2206	-9.23387	48.7301	0	0	0	56.9339	0.978893	139	20	36.0993	0.28966	0	0
18	2	1	0	55.1981	26.7415	-34.6469	-8.40221	48.7951	0	0	0	55.1981	0.969978	139	20	36.038	2.82725	0	0
19	3	0	0	43.7725	23.8441	4.16682	-14.8386	78.9399	91.3939	0	0	43.7725	0.967497	99	18	6.54028	0.80319	0	0
20	3	0	0	57.7836	27.499	-4.15283	-14.7966	78.8067	90.7612	0	0	57.7836	0.960243	131	26	6.06782	2.24289	0	0
21	3	0	0	48.2671	24.8298	11.4556	-14.6981	70.2073	84.8043	0	0	48.2671	0.983818	118	19	12.7848	0.388824	0	0
22	3	0	0	56.559	27.0735	-12.2554	-15.2099	70.217	84.7025	0	0	56.559	0.96967	140	20	12.6467	2.79173	0	0
23	3	0	0	55.9453	27.0203	20.1534	-15.4997	60.8379	74.9877	0	0	55.9453	0.962924	113	25	20.923	0.194557	0	0
24	3	0	0	67.9138	30.4184	-20.2805	-15.2037	61.8012	75.8612	0	0	67.9138	0.922351	149	28	20.3735	2.92687	0	0
25	3	1	0	60.7191	28.0055	28.6745	-15.9969	53.4235	66.2176	0	0	60.7191	0.972857	134	23	29.2652	0.12153	0	0
26	3	1	0	81.1503	32.4178	-29.2743	-15.7207	53.6142	66.4865	0	0	81.1503	0.970361	158	30	29.1514	3.01003	0	0
27	4	0	0	62.3712	28.7319	-0.177481	-22.5836	77.039	104.302	0	0	62.3712	0.949434	133	27	3.04526	-1.50594	0	0
28	4	0	0	52.0947	26.4774	7.6753	-22.4704	73.2292	96.8438	0	0	52.0947	0.933795	141	21	8.56527	-0.348581	0	0
29	4	0	0	46.3631	24.5502	-8.21301	-22.8827	71.8838	95.4113	0	0	46.3631	0.96666	110	18	8.51928	-2.739	0	0
30	4	0	0	55.8801	26.9711	15.5804	-23.0825	64.3206	84.0451	0	0	55.8801	0.965315	104	25	16.3428	-0.218196	0	0
31	4	0	0	56.2428	27.1952	-16.3239	-23.5234	64.5834	84.4154	0	0	56.2428	0.955633	109	25	16.4378	-2.89712	0	0
32	4	1	0	67.9291	29.6617	24.2535	-23.5031	56.3271	72.7911	0	0	67.9291	0.970229	147	26	24.9444	-0.15936	0	0
33	4	1	0	71.1325	30.3455	-25.6093	-24.0541	56.3495	73.0569	0	0	71.1325	0.970707	153	28	25.6342	-2.96476	0	0
34	5	0	0	58.9214	27.8528	3.53742	-30.8833	67.3019	99.3862	0	0	58.9214	0.954431	128	26	11.9944	-1.23854	0	0
35	5	0	0	52.1761	25.9682	-5.26112	-30.9693	66.6137	97.4664	0	0	52.1761	0.972295	111	21	12.4256	-1.97495	0	0
36	5	0	0	64.55	29.5047	11.1247	-31.2378	63.4759	89.6126	0	0	64.55	0.931801	133	28	16.4002	-0.793739	0	0
37	5	0	0	56.7643	27.6868	-12.8506	-31.1596	62.4664	87.6912	0	0	56.7643	0.930547	124	24	17.0455	-2.39192	0	0
38	5	1	0	76.0423	31.4147	20.2596	-31.323	56.8101	77.296	0	0	76.0423	0.968275	154	28	23.7594	-0.518674	0	0
39	5	1	0	69.59	30.1524	-21.4503	-31.7168	56.5661	77.1213	0	0	69.59	0.961863	148	27	24.3379	-2.61785	0	0
40	6	0	0	58.4227	27.9205	-1.09208	-38.8033	59.8646	88.8788	0	0	58.4227	0.94177	118	27	19.2719	-1.60802	0	0
41	6	0	0	67.9731	30.8779	7.5925	-39.6548	57.6694	84.4617	0	0	67.9731	0.895882	130	28	21.6308	-1.19358	0	0
42	6	0	0	64.9877	30.2632	-9.16057	-39.3113	57.9474	84.5975	0	0	64.9877	0.891683	140	28	21.6311	-1.98905	0	0
43	6	1	0	57.0429	27.0605	16.436	-39.4481	54.347	77.1889	0	0	57.0429	0.978903	140	23	26.0527	-0.869429	0	0
44	6	1	0	67.1981	29.495	-17.8917	-39.7372	53.6534	76.0714	0	0	67.1981	0.970664	141	27	26.7315	-2.28536	0	0
45	7	0	1	75.9332	33.4729	-0.170225	-47.9259	52.0614	76.8671	0	0	75.9332	0.851639	153	27	28.3818	-1.56359	0	0
46	7	0	1	71.133	31.0892	8.17979	-48.3716	50.8731	74.5301	0	0	71.133	0.924832	147	26	30.0694	-1.28231	0	0
47	7	0	1	74.703	32.0855	-8.39509	-48.3141	51.029	74.8013	0	0	74.703	0.911865	153	28	29.8664	-1.84267	0	0
48	7	1	1	52.6368	26.7058	16.1082	-47.3289	49.181	70.8125	0	0	52.6368	0.927443	137	20	32.3056	-1.03535	0	0
49	7	1	1	48.9334	25.6546	-16.076	-47.5469	49.242	71.0041	0	0	48.9334	0.934293	137	19	32.1036	-2.08183	0	0
