# CellID	Layer	Boundary	Stem	Area	Perimeter	CenterX	CenterY	WUS	CK	Neighbors	IsDividing	Volume	Circularity	WallNodeCount	CytNodeCount	CenterDist	CenterAngle	IsBuffer	ThetaLocal
# Units	-	-	-	-	um^2	um	um	um	-	-	count	-	um^3	-	count	count	um	rad	-	rad
0	1	1	0	101.917	36.644	3.64856	1.79888	60.2802	0	0	0	101.917	0.953788	157	30	23.9786	1.35852	0	1.66605
1	1	1	0	95.9254	35.5584	-7.42343	2.85658	59.0461	0	0	0	95.9254	0.953366	129	30	25.2269	1.81176	0	1.47554
2	1	1	0	104.036	37.0427	15.1508	-0.297787	57.0436	0	0	0	104.036	0.952772	158	30	27.011	0.91111	0	1.72605
3	1	1	0	80.091	32.4174	-18.2197	2.04892	55.2458	0	0	0	80.091	0.957715	130	22	29.0521	2.18809	0	1.58339
4	1	1	0	101.755	36.656	26.2442	-3.20138	51.2957	0	0	0	101.755	0.951644	153	30	33.2329	0.588212	0	1.76726
5	1	1	0	101.338	36.7482	-28.4423	-0.281171	50.3005	0	0	0	101.338	0.942997	149	30	34.4581	2.47299	0	1.66396
6	1	1	0	96.1258	36.1237	37.0132	-6.79831	45.0002	0	0	0	96.1258	0.925687	138	30	41.1844	0.368705	0	1.80356
7	1	1	0	100.87	37.136	-38.5043	-3.70857	44.8786	0	0	0	100.87	0.91914	152	30	41.2076	2.69135	0	1.72958
8	1	1	0	60.5513	27.988	45.8293	-10.2958	39.8927	0	0	0	60.5513	0.971377	128	22	48.5763	0.235742	0	1.83169
9	1	1	0	82.2008	32.7388	-47.4132	-8.36927	40.1129	0	0	0	82.2008	0.96374	139	30	47.8858	2.86075	0	1.79699
10	2	0	0	75.6422	32.337	-1.65126	-5.77215	68.5993	0	0	0	75.6422	0.909025	138	30	15.8713	1.58641	0	0
11	2	0	0	60.9013	27.9344	8.95031	-7.4215	66.2792	0	0	0	60.9013	0.980751	117	22	17.59	0.941453	0	0
12	2	0	0	57.2729	27.2342	-11.7975	-5.49866	64.5213	0	0	0	57.2729	0.970356	95	22	19.1997	2.14286	0	0
13	2	0	0	73.0212	31.5537	19.1204	-9.45721	59.422	0	0	0	73.0212	0.921632	129	30	23.868	0.535749	0	0
14	2	0	0	76.1462	31.5976	-20.9231	-7.08009	58.7012	0	0	0	76.1462	0.958409	139	30	24.3527	2.50067	0	0
15	2	0	0	74.9018	32.3537	30.8662	-12.8695	50.7533	0	0	0	74.9018	0.899197	138	30	33.4406	0.265421	0	0
16	2	0	0	73.738	31.8326	-31.9562	-10.3079	51.3523	0	0	0	73.738	0.914444	144	30	32.5872	2.78638	0	0
17	2	1	0	59.3954	27.7467	40.9005	-16.5423	43.6026	0	0	0	59.3954	0.96948	135	22	42.6101	0.119957	0	0
18	2	1	0	58.349	27.8439	-41.8819	-13.992	44.4897	0	0	0	58.349	0.945763	139	22	41.1949	2.95482	0	0
19	3	0	0	58.9958	27.5315	3.48591	-14.352	76.062	84.4491	0	0	58.9958	0.978074	101	21	8.77734	0.979983	0	0
20	3	0	0	78.4712	32.1129	-6.26856	-13.934	75.6161	83.9056	0	0	78.4712	0.956225	132	30	9.11454	2.13386	0	0
21	3	0	0	64.2206	28.8366	13.0339	-15.8343	67.3827	79.4857	0	0	64.2206	0.970505	119	22	15.5614	0.382429	0	0
22	3	0	0	71.1177	30.2795	-15.4481	-15.2014	66.823	78.5728	0	0	71.1177	0.974742	144	22	15.4508	2.71166	0	0
23	3	0	0	78.1654	32.4467	23.837	-18.4846	57.2703	70.439	0	0	78.1654	0.933004	116	30	25.4371	0.124424	0	0
24	3	0	0	80.7394	33.0446	-25.195	-16.641	58.172	70.717	0	0	80.7394	0.929168	150	30	24.3115	2.93443	0	0
25	3	1	0	73.3107	30.9308	34.225	-21.8536	48.5823	60.9596	0	0	73.3107	0.962933	134	30	35.629	-0.00595353	0	0
26	3	1	0	77.8312	31.9944	-35.3843	-19.3357	49.8499	61.9373	0	0	77.8312	0.955464	160	30	34.059	3.07384	0	0
27	4	0	0	73.0706	30.9401	-2.10116	-22.7324	79.4305	98.4848	0	0	73.0706	0.959202	133	30	1.29501	-2.13982	0	0
28	4	0	0	79.667	32.4087	7.82459	-23.2378	72.106	91.7992	0	0	79.667	0.953157	144	30	9.36504	-0.171295	0	0
29	4	0	0	58.7184	27.5316	-11.0051	-23.2537	71.4541	90.7442	0	0	58.7184	0.973466	113	22	9.73616	-2.97524	0	0
30	4	0	0	75.9391	31.5042	17.7662	-25.4552	62.0947	80.4206	0	0	75.9391	0.961475	107	30	19.5453	-0.196385	0	0
31	4	0	0	74.3197	31.2717	-20.3933	-24.573	61.7519	79.6117	0	0	74.3197	0.955018	109	30	19.2148	-2.98843	0	0
32	4	1	0	77.8962	31.9687	27.6455	-27.967	52.7914	68.7878	0	0	77.8962	0.957803	148	30	29.7296	-0.214406	0	0
33	4	1	0	76.8684	31.8669	-30.5296	-26.4963	52.6528	68.1685	0	0	76.8684	0.951212	156	30	29.528	-2.97643	0	0
34	5	0	0	77.4494	31.8915	2.26796	-31.6767	68.2141	102.162	0	0	77.4494	0.956925	129	30	10.6858	-1.22008	0	0
35	5	0	0	61.148	28.035	-7.27332	-31.6322	67.417	98.6708	0	0	61.148	0.977667	114	22	11.5875	-2.102	0	0
36	5	0	0	80.3497	32.5872	11.6445	-33.0771	62.3456	88.1685	0	0	80.3497	0.95082	131	30	17.35	-0.719642	0	0
37	5	0	0	75.049	31.5081	-16.3122	-32.4482	61.1145	85.2535	0	0	75.049	0.94997	119	30	18.4135	-2.51438	0	0
38	5	1	0	76.736	31.6451	22.1198	-34.9112	54.4071	74.6279	0	0	76.736	0.962933	154	30	27.0079	-0.513615	0	0
39	5	1	0	76.0134	31.6406	-25.9029	-34.0463	53.5212	72.9043	0	0	76.0134	0.954135	148	30	27.4609	-2.67289	0	0
40	6	0	0	76.6831	31.8265	-3.02857	-40.4652	60.1826	91.8857	0	0	76.6831	0.951332	123	30	18.8938	-1.65692	0	0
41	6	0	0	81.5224	33.0513	6.74842	-41.6867	57.707	86.5293	0	0	81.5224	0.937796	133	30	21.6394	-1.18455	0	0
42	6	0	0	80.5355	32.9458	-12.2394	-41.0274	57.0514	84.4986	0	0	80.5355	0.932391	141	30	22.2088	-2.08049	0	0
43	6	1	0	71.8997	30.9234	17.0116	-42.1145	53.0885	76.4833	0	0	71.8997	0.944848	142	30	27.5365	-0.838271	0	0
44	6	1	0	76.7063	31.5622	-21.8987	-42.035	51.6698	73.7825	0	0	76.7063	0.967623	144	30	28.9129	-2.35868	0	0
45	7	0	1	97.8553	37.4126	-0.798139	-50.8113	51.2068	77.7424	0	0	97.8553	0.878535	153	30	29.1761	-1.55005	0	0
46	7	0	1	92.1366	35.8134	8.51729	-51.4367	49.6358	74.4829	0	0	92.1366	0.902718	147	30	31.4034	-1.24938	0	0
47	7	0	1	98.2334	37.0238	-9.96961	-50.8773	50.1856	75.4371	0	0	98.2334	0.900547	153	30	30.465	-1.85582	0	0
48	7	1	1	57.0314	28.8005	16.4136	-49.4626	48.5084	71.1536	0	0	57.0314	0.864021	137	22	33.0372	-1.00119	0	0
49	7	1	1	58.1478	28.0169	-18.4734	-49.824	48.3671	71.0441	0	0	58.1478	0.930901	137	22	32.949	-2.11539	0	0
