0 1 1 110.811 0.142874 -1 1.03963 0.341429 0 0 0 58.1161 0 530000 0 1.59945
1 1 1 111.676 0.263981 -1 1.07366 0 1 0 0 57.8899 0 530000 0 1.54214
2 1 1 110.054 1.43402 -1 1.07131 2.33153 2 0 0 54.7526 0 530000 0 1.69202
3 1 1 111.257 1.72914 -1 1.02765 0.930232 3 0 0 53.9619 0 530000 0 1.61421
4 1 1 108.523 1.43126 -1 1.1391 4.73285 4 0 0 49.1023 0 530000 0 1.7275
5 1 1 106.82 1.70799 -1 1.09099 3.22625 5 0 0 48.648 0 530000 0 1.67644
6 1 1 101.904 1.36554 -1 1.13426 7.64962 6 0 0 43.3156 0 530000 0 1.75802
7 1 1 104.792 1.82162 -1 1.13783 5.86629 7 0 0 42.7435 0 530000 0 1.71343
8 1 1 60.0968 2.55774 -1 1.19925 10.6771 8 0 0 38.5489 0 530000 0 1.78438
9 1 1 82.8802 0.676177 -1 1.21602 9.1883 9 0 0 37.9004 0 530000 0 1.75309
10 2 0 85.2447 0.406492 0 1.22031 8.83077 10 0 0 67.2924 0 530000 0 0
11 2 0 84.9864 2.50735 0 1.30158 9.9713 11 0 0 64.275 0 530000 0 0
12 2 0 89.8701 0.50571 0 1.25907 9.48524 12 0 0 63.3435 0 530000 0 0
13 2 0 83.3333 2.53501 0 1.38945 12.691 13 0 0 56.8758 0 530000 0 0
14 2 0 71.0809 0.571685 -1 1.21162 10.9147 14 0 0 56.2446 0 530000 0 0
15 2 0 83.5908 2.59415 0 1.45002 15.4723 15 0 0 48.6543 0 530000 0 0
16 2 0 87.5085 0.635153 0 1.51692 13.5208 16 0 0 48.4236 0 530000 0 0
17 2 1 84.6375 2.54684 -1 1.17111 18.3506 17 0 0 41.6147 0 530000 0 0
18 2 1 84.709 0.701205 -1 1.24036 17.2527 18 0 0 41.1329 0 530000 0 0
19 3 0 86.8673 1.54574 1.5708 1.20271 18.1429 19 0 0 75.2829 82.1874 530000 0 0
20 3 0 87.1817 2.77486 0 1.15453 18.0658 20 0 0 74.7592 81.8688 530000 0 0
21 3 0 87.8741 2.60208 0 1.38516 19.5303 21 0 0 65.0081 76.0343 530000 0 0
22 3 0 88.371 2.8071 0 1.21192 18.8271 22 0 0 64.6181 75.2887 530000 0 0
23 3 0 86.8595 2.50599 0 1.35611 22.3308 23 0 0 54.6054 66.5474 530000 0 0
24 3 0 89.6958 0.676067 1.5708 1.25092 20.7027 24 0 0 54.4056 65.7511 530000 0 0
25 3 1 83.4091 2.36161 -1 1.17266 25.3526 25 0 0 46.1311 57.343 530000 0 0
26 3 1 78.7851 0.748572 -1 1.21828 23.4243 26 0 0 46.0717 56.7374 530000 0 0
27 4 0 71.3861 2.54643 -1 1.25611 27.1849 27 0 0 80.1357 96.1964 530000 0 0
28 4 0 87.4516 0.479297 0 1.16528 27.6335 28 0 0 71.7256 89.7884 530000 0 0
29 4 0 79.8929 0.548622 -1 1.18921 27.0026 29 0 0 71.2593 88.7717 530000 0 0
30 4 0 89.3861 2.4248 1.5708 1.34755 29.2364 30 0 0 59.9626 76.7177 530000 0 0
31 4 0 89.8288 0.700095 1.5708 1.23215 28.642 31 0 0 59.8491 76.1713 530000 0 0
32 4 1 79.1544 2.40986 -1 1.24044 32.2179 32 0 0 50.1698 64.841 530000 0 0
33 4 1 84.4883 0.634728 -1 1.20444 30.7735 33 0 0 50.3543 64.4918 530000 0 0
34 5 0 76.4465 2.65284 -1 1.11445 36.6863 34 0 0 68.0727 101.554 530000 0 0
35 5 0 87.1702 1.57181 1.5708 1.34743 36.0081 35 0 0 68.4581 101.355 530000 0 0
36 5 0 87.0516 2.55253 1.5708 1.18214 37.1092 36 0 0 61.558 85.5058 530000 0 0
37 5 0 89.3755 0.553124 0 1.3703 36.5585 37 0 0 61.4395 85.0673 530000 0 0
38 5 1 79.9319 2.49598 -1 1.23662 39.0995 38 0 0 52.7476 71.7174 530000 0 0
39 5 1 78.8355 0.62553 -1 1.23607 38.4817 39 0 0 52.388 70.8107 530000 0 0
40 6 0 84.9439 2.9506 -1 1.10955 45.6756 40 0 0 59.7028 92.5901 530000 0 0
41 6 0 70.2841 2.76009 -1 1.3371 45.2851 41 0 0 58.0457 86.8079 530000 0 0
42 6 0 86.1981 0.50523 1.5708 1.17144 45.5676 42 0 0 57.4482 85.9729 530000 0 0
43 6 1 54.5506 2.72505 -1 1.36633 45.8243 43 0 0 52.7465 75.5521 530000 0 0
44 6 1 79.703 0.487628 -1 1.2516 45.8793 44 0 0 52.2131 74.6828 530000 0 0
45 7 0 68.1302 1.59996 1.5708 1.45343 55.4146 45 0 0 51.2919 79.0485 530000 0 0
46 7 0 93.0817 1.69739 1.5708 1.35094 54.3694 46 0 0 50.9471 77.5757 530000 0 0
47 7 0 101.802 1.45609 1.5708 1.36094 54.8841 47 0 0 50.8127 77.611 530000 0 0
48 7 1 79.3413 3.09306 1.5708 1.09173 53.4162 48 0 0 48.8535 72.2235 530000 0 0
49 7 1 84.2642 0.190788 1.5708 1.10739 54.3805 49 0 0 48.3723 71.7488 530000 0 0
