0 1 1 101.254 1.55717 -1 1.32299 0 0 0 0 60.1803 0 140000 0 1.53175
1 1 1 92.8005 1.56658 -1 1.34848 0.379592 1 0 0 60.4148 0 140000 0 1.60984
2 1 1 99.8285 1.50004 -1 1.25183 0.60383 2 0 0 56.8258 0 140000 0 1.59939
3 1 1 100.625 1.59416 -1 1.28835 0.798533 3 0 0 56.973 0 140000 0 1.61254
4 1 1 99.0121 1.5586 -1 1.28089 1.37887 4 0 0 51.3973 0 140000 0 1.61906
5 1 1 101.271 1.62562 -1 1.30155 1.87755 5 0 0 51.8935 0 140000 0 1.63952
6 1 1 98.1466 1.4937 -1 1.22575 2.79856 6 0 0 45.7986 0 140000 0 1.64602
7 1 1 100.046 1.7061 -1 1.26389 3.20933 7 0 0 46.1739 0 140000 0 1.65819
8 1 1 61.9763 2.5213 -1 1.21771 4.8433 8 0 0 40.9527 0 140000 0 1.67719
9 1 1 81.0543 0.653082 -1 1.20183 5.89149 9 0 0 41.2834 0 140000 0 1.70086
10 2 0 74.7709 0.371065 0 1.08602 9.59573 10 0 0 70.474 0 140000 0 0
11 2 0 76.5295 2.69121 0 1.12148 9.70053 11 0 0 66.6897 0 140000 0 0
12 2 0 77.7215 2.69874 0 1.1233 10.2676 12 0 0 66.7791 0 140000 0 0
13 2 0 78.4087 2.68472 0 1.26444 10.4775 13 0 0 59.0934 0 140000 0 0
14 2 0 64.5841 1.53804 -1 1.14041 10.6839 14 0 0 59.7535 0 140000 0 0
15 2 0 77.4599 2.70007 0 1.26348 11.5817 15 0 0 51.248 0 140000 0 0
16 2 0 78.3304 0.44472 0 1.32865 11.9452 16 0 0 52.1385 0 140000 0 0
17 2 1 84.8074 2.62067 -1 1.09642 13.2242 17 0 0 44.4857 0 140000 0 0
18 2 1 83.745 0.599639 -1 1.29208 14.0149 18 0 0 44.9544 0 140000 0 0
19 3 0 70.248 0.368604 0 1.09885 18.1986 19 0 0 78.2608 87.5566 140000 0 0
20 3 0 62.8633 0.387243 0 1.0863 18.4877 20 0 0 77.6929 87.6817 140000 0 0
21 3 0 78.9441 0.319809 0 1.17588 18.5773 21 0 0 67.0857 79.5743 140000 0 0
22 3 0 67.7787 2.71882 0 1.15768 18.855 22 0 0 67.6309 80.624 140000 0 0
23 3 0 84.7684 2.6408 0 1.08658 19.741 23 0 0 57.1935 69.7621 140000 0 0
24 3 0 78.6193 0.461991 0 1.25709 19.7647 24 0 0 57.5953 70.4023 140000 0 0
25 3 1 85.7045 2.45867 -1 1.05504 21.2547 25 0 0 49.6111 61.3996 140000 0 0
26 3 1 74.4024 0.656703 -1 1.23951 21.3765 26 0 0 49.2163 60.9086 140000 0 0
27 4 0 62.2834 2.27861 -1 1.12708 26.7788 27 0 0 76.9801 102.119 140000 0 0
28 4 0 71.4935 1.51527 1.5708 1.20157 26.9754 28 0 0 72.364 94.1645 140000 0 0
29 4 0 69.3988 0.556355 -1 1.3044 26.6267 29 0 0 70.8561 92.0386 140000 0 0
30 4 0 86.9847 2.60778 0 1.33273 27.6773 30 0 0 62.9584 81.6466 140000 0 0
31 4 0 77.8589 0.555681 1.5708 1.19273 27.8821 31 0 0 61.2825 79.2429 140000 0 0
32 4 1 74.0283 2.51717 -1 1.09822 29.3065 32 0 0 54.0579 70.1225 140000 0 0
33 4 1 82.8976 0.584385 -1 1.24503 29.1094 33 0 0 52.5196 67.7926 140000 0 0
34 5 0 68.5255 1.50686 -1 1.08831 36.1148 34 0 0 66.7623 100.608 140000 0 0
35 5 0 75.8107 1.52918 1.5708 1.47065 35.3857 35 0 0 66.7414 98.7091 140000 0 0
36 5 0 79.5555 1.51617 1.5708 1.26647 36.109 36 0 0 62.3166 88.4928 140000 0 0
37 5 0 78.3756 0.534423 0 1.34686 35.8649 37 0 0 61.3019 85.6079 140000 0 0
38 5 1 82.5555 2.57312 -1 1.18392 36.9635 38 0 0 55.3906 76.0909 140000 0 0
39 5 1 74.6294 0.537008 -1 1.23372 37.1032 39 0 0 53.913 73.2864 140000 0 0
40 6 0 70.9178 0.364585 -1 1.20483 44.4021 40 0 0 59.1376 89.9762 140000 0 0
41 6 0 65.3616 2.81507 -1 1.37545 44.3602 41 0 0 57.7362 86.1649 140000 0 0
42 6 0 71.5227 1.47602 1.5708 1.28925 44.6224 42 0 0 56.8576 84.3245 140000 0 0
43 6 1 56.3803 2.80896 -1 1.27597 44.6013 43 0 0 53.3965 76.8361 140000 0 0
44 6 1 77.0005 0.386262 -1 1.21961 44.8972 44 0 0 52.4222 74.8906 140000 0 0
45 7 0 65.9642 1.6296 1.5708 1.57789 53.304 45 0 0 51.5127 77.9568 140000 0 0
46 7 0 82.4801 1.64902 1.5708 1.37032 53.2472 46 0 0 50.7939 76.1931 140000 0 0
47 7 0 94.7033 1.56164 1.5708 1.4029 53.625 47 0 0 50.5109 75.8369 140000 0 0
48 7 1 78.5973 3.12602 1.5708 1.03764 52.6237 48 0 0 48.6405 71.3486 140000 0 0
49 7 1 82.3654 0.0607265 1.5708 1.08591 53.5547 49 0 0 48.0111 70.4269 140000 0 0
