0 1 1 105.503 1.50658 -1 1.21534 -0.125301 0 0 0 59.6079 0 200000 0 1.55892
1 1 1 98.5266 1.54443 -1 1.17406 0 1 0 0 59.8411 0 200000 0 1.58268
2 1 1 101.656 1.47209 -1 1.22665 0.690153 2 0 0 56.2459 0 200000 0 1.61858
3 1 1 103.233 1.57957 -1 1.1648 0.635758 3 0 0 56.3414 0 200000 0 1.61545
4 1 1 103.398 1.48351 -1 1.19832 1.85568 4 0 0 50.8682 0 200000 0 1.64434
5 1 1 106.619 1.5548 -1 1.25084 2.2692 5 0 0 50.9147 0 200000 0 1.65955
6 1 1 100.394 1.38707 -1 1.15978 3.72473 6 0 0 45.0201 0 200000 0 1.67469
7 1 1 100.965 1.73436 -1 1.26046 4.28264 7 0 0 45.1341 0 200000 0 1.68966
8 1 1 61.8731 2.55539 -1 1.19102 6.41433 8 0 0 40.1541 0 200000 0 1.71293
9 1 1 81.6142 0.625746 -1 1.18989 6.87062 9 0 0 40.1573 0 200000 0 1.72221
10 2 0 81.2507 0.400788 0 1.10459 9.30298 10 0 0 69.8296 0 200000 0 0
11 2 0 81.3742 2.67111 0 1.16328 9.71774 11 0 0 66.1814 0 200000 0 0
12 2 0 80.8691 0.299051 0 1.09675 9.59232 12 0 0 65.8668 0 200000 0 0
13 2 0 81.9114 2.59021 0 1.22915 10.7485 13 0 0 58.6377 0 200000 0 0
14 2 0 67.8705 0.653827 -1 1.18569 10.6689 14 0 0 58.4323 0 200000 0 0
15 2 0 79.4024 2.6811 0 1.31105 11.9486 15 0 0 50.5235 0 200000 0 0
16 2 0 82.8148 0.548591 0 1.29743 12.7581 16 0 0 51.0158 0 200000 0 0
17 2 1 84.1881 2.56961 -1 1.14571 14.4979 17 0 0 43.6226 0 200000 0 0
18 2 1 85.1991 0.62295 -1 1.23327 15.1635 18 0 0 43.671 0 200000 0 0
19 3 0 76.9882 0.349343 0 1.11192 18.3588 19 0 0 77.8068 86.5341 200000 0 0
20 3 0 73.1469 2.69518 0 1.12964 18.2492 20 0 0 76.7486 85.9746 200000 0 0
21 3 0 83.4898 0.266548 0 1.13976 18.9882 21 0 0 66.8474 79.2237 200000 0 0
22 3 0 78.4402 1.59609 1.5708 1.23431 18.796 22 0 0 66.0807 78.387 200000 0 0
23 3 0 86.5498 2.64286 0 1.08196 20.2609 23 0 0 56.6419 69.2551 200000 0 0
24 3 0 86.7967 0.609104 0 1.32889 20.4373 24 0 0 56.4431 69.1294 200000 0 0
25 3 1 84.7768 2.42543 -1 1.12666 22.156 25 0 0 48.4738 60.1579 200000 0 0
26 3 1 77.5806 0.619637 -1 1.17789 22.4485 26 0 0 48.3801 60.1242 200000 0 0
27 4 0 65.8576 1.57728 -1 1.10186 27.0506 27 0 0 77.6619 100.752 200000 0 0
28 4 0 81.3477 0.308648 0 1.10031 27.3625 28 0 0 72.1481 93.5821 200000 0 0
29 4 0 73.7214 0.623568 -1 1.25925 27.1344 29 0 0 71.0794 91.014 200000 0 0
30 4 0 89.5241 2.6852 0 1.21922 28.3211 30 0 0 62.2539 80.7547 200000 0 0
31 4 0 81.2523 1.57197 1.5708 1.15829 28.8741 31 0 0 60.4792 78.4748 200000 0 0
32 4 1 77.4369 2.44773 -1 1.10934 29.9278 32 0 0 52.9769 68.7575 200000 0 0
33 4 1 84.1583 0.548241 -1 1.24903 30.2707 33 0 0 51.5948 67.0293 200000 0 0
34 5 0 70.871 1.62825 -1 1.23483 36.5482 34 0 0 66.4823 100.677 200000 0 0
35 5 0 75.9264 1.60982 1.5708 1.47279 36.0398 35 0 0 66.6042 98.7569 200000 0 0
36 5 0 87.0712 2.66928 0 1.23518 36.6948 36 0 0 61.7047 87.7854 200000 0 0
37 5 0 78.7845 0.494693 0 1.4922 36.6633 37 0 0 60.5635 84.8972 200000 0 0
38 5 1 81.1128 2.52971 -1 1.14021 37.8959 38 0 0 54.6014 75.201 200000 0 0
39 5 1 77.1985 0.582789 -1 1.22756 38.2036 39 0 0 52.59 71.9389 200000 0 0
40 6 0 74.0659 0.270933 -1 1.23282 45.2264 40 0 0 58.512 89.336 200000 0 0
41 6 0 71.54 2.85296 -1 1.27329 45.0649 41 0 0 56.9553 85.2521 200000 0 0
42 6 0 76.3948 1.51827 1.5708 1.22467 45.2313 42 0 0 56.1847 83.3648 200000 0 0
43 6 1 56.8754 2.8213 -1 1.28347 45.3655 43 0 0 52.6456 75.9429 200000 0 0
44 6 1 77.1076 0.442 -1 1.2331 46.0003 44 0 0 50.9756 73.0194 200000 0 0
45 7 0 67.2834 1.64657 1.5708 1.57575 54.1948 45 0 0 50.7866 77.1334 200000 0 0
46 7 0 87.5049 1.69328 1.5708 1.31164 54.0325 46 0 0 50.0542 75.3505 200000 0 0
47 7 0 97.1844 1.54925 1.5708 1.41801 54.4493 47 0 0 49.7737 74.9746 200000 0 0
48 7 1 79.9267 0.0328138 1.5708 1.04021 53.4275 48 0 0 47.841 70.348 200000 0 0
49 7 1 83.8663 0.170367 1.5708 1.07618 54.579 49 0 0 47.1466 69.4127 200000 0 0
