0 1 1 83.9659 1.59267 -1 1.5651 0 0 0 0 66.2846 0 10000 0 1.52762
1 1 1 67.1666 1.57252 -1 1.6914 0.341605 1 0 0 66.2846 0 10000 0 1.61397
2 1 1 79.54 1.56011 -1 1.64282 0.0512425 2 0 0 62.6305 0 10000 0 1.56139
3 1 1 80.9693 1.55773 -1 1.56191 0.170661 3 0 0 62.6305 0 10000 0 1.57137
4 1 1 83.1477 1.56667 -1 1.56586 0.30582 4 0 0 57.2733 0 10000 0 1.57784
5 1 1 81.8895 1.58092 -1 1.58728 0.360715 5 0 0 57.2733 0 10000 0 1.5806
6 1 1 80.7034 1.48126 -1 1.50027 0.427701 6 0 0 51.5798 0 10000 0 1.58008
7 1 1 77.2817 1.60619 -1 1.52404 0.583364 7 0 0 51.5798 0 10000 0 1.58561
8 1 1 54.7801 2.58131 -1 1.15817 1.53026 8 0 0 46.1086 0 10000 0 1.60827
9 1 1 60.8432 0.526408 -1 1.1566 1.54034 9 0 0 46.1086 0 10000 0 1.6086
10 2 0 52.9541 1.64827 0 1.02799 8.89911 10 0 0 75.6615 0 10000 0 0
11 2 0 54.5239 2.82134 0 1.11244 8.80267 11 0 0 71.5837 0 10000 0 0
12 2 0 57.1516 1.56516 0 1.06846 9.30445 12 0 0 71.5837 0 10000 0 0
13 2 0 57.3807 3.06939 0 1.02075 9.20345 13 0 0 64.4228 0 10000 0 0
14 2 0 47.3884 1.5322 -1 1.32126 9.25703 14 0 0 64.4228 0 10000 0 0
15 2 0 48.6146 3.07606 0 1.03705 9.14594 15 0 0 57.3268 0 10000 0 0
16 2 0 52.2936 0.274468 0 1.17648 9.19904 16 0 0 57.3268 0 10000 0 0
17 2 1 70.2816 2.61447 -1 1.12286 9.26099 17 0 0 50.8296 0 10000 0 0
18 2 1 74.9194 0.506693 -1 1.12109 9.49226 18 0 0 50.8296 0 10000 0 0
19 3 0 50.8075 1.50851 1.5708 1.76777 16.7489 19 0 0 79.403 96.8519 10000 0 0
20 3 0 48.4293 2.84233 0 1.06524 16.8488 20 0 0 79.403 96.8519 10000 0 0
21 3 0 60.3696 0.112393 0 1.17439 16.7904 21 0 0 70.1832 88.0275 10000 0 0
22 3 0 43.1722 2.88061 0 1.24815 16.674 22 0 0 70.1832 88.0275 10000 0 0
23 3 0 59.0415 1.54085 0 1.03117 17.019 23 0 0 61.9924 78.1855 10000 0 0
24 3 0 53.3387 2.95252 0 1.15476 16.7472 24 0 0 61.9924 78.1855 10000 0 0
25 3 1 71.0783 2.58455 -1 1.07054 17.2821 25 0 0 54.7522 69.0449 10000 0 0
26 3 1 55.2498 0.565032 -1 1.11219 17.0057 26 0 0 54.7522 69.0449 10000 0 0
27 4 0 50.5535 2.35198 -1 1.37296 24.8416 27 0 0 73.7784 107.857 10000 0 0
28 4 0 53.1151 1.31942 1.5708 1.34983 25.0018 28 0 0 70.3209 96.5122 10000 0 0
29 4 0 55.8668 2.67419 -1 1.06382 24.1032 29 0 0 70.3209 96.5122 10000 0 0
30 4 0 66.3228 2.79244 0 1.37362 24.6118 30 0 0 63.7013 84.8672 10000 0 0
31 4 0 50.3834 1.58745 1.5708 1.62046 24.4126 31 0 0 63.7013 84.8672 10000 0 0
32 4 1 53.2194 2.58682 -1 1.075 25.0617 32 0 0 56.872 74.5905 10000 0 0
33 4 1 74.1427 0.488246 -1 1.11779 24.8376 33 0 0 56.872 74.5905 10000 0 0
34 5 0 60.8322 2.72961 -1 1.09189 33.0453 34 0 0 64.6837 93.5092 10000 0 0
35 5 0 59.202 1.543 1.5708 1.47647 32.4391 35 0 0 64.6837 93.5092 10000 0 0
36 5 0 60.3177 1.57891 1.5708 1.52587 32.9581 36 0 0 61.3808 86.1319 10000 0 0
37 5 0 51.835 1.54235 1.5708 1.46862 32.2622 37 0 0 61.3808 86.1319 10000 0 0
38 5 1 69.9177 1.4947 -1 1.05017 32.9214 38 0 0 56.3789 77.053 10000 0 0
39 5 1 60.6646 0.43451 -1 1.18918 32.7742 39 0 0 56.3789 77.053 10000 0 0
40 6 0 55.4885 0.302215 -1 1.18852 40.7865 40 0 0 57.543 83.2762 10000 0 0
41 6 0 51.2368 2.86686 -1 1.14808 40.8468 41 0 0 56.4296 80.93 10000 0 0
42 6 0 59.3166 1.5109 1.5708 1.31772 40.9471 42 0 0 56.4296 80.93 10000 0 0
43 6 1 47.2891 2.90142 -1 1.1444 40.8554 43 0 0 53.482 75.2289 10000 0 0
44 6 1 60.7931 0.247542 -1 1.22939 40.428 44 0 0 53.482 75.2289 10000 0 0
45 7 0 49.606 1.52094 1.5708 1.14165 48.5918 45 0 0 50.8187 73.174 10000 0 0
46 7 0 54.8965 1.57069 1.5708 1.10159 48.5752 46 0 0 50.0656 71.7235 10000 0 0
47 7 0 62.6714 1.57224 1.5708 1.16111 48.6049 47 0 0 50.0656 71.7235 10000 0 0
48 7 1 54.4429 0.0874933 1.5708 1.03784 48.4293 48 0 0 47.9854 67.8778 10000 0 0
49 7 1 60.9848 0.0337465 1.5708 1.02506 48.5248 49 0 0 47.9854 67.8778 10000 0 0
