0 1 1 110.207 0.132192 -1 1.02699 0.390221 0 0 0 58.1161 0 515000 0 1.60379
1 1 1 110.807 0.250275 -1 1.06376 0 1 0 0 57.8899 0 515000 0 1.5378
2 1 1 109.552 1.43716 -1 1.07549 2.22819 2 0 0 54.7526 0 515000 0 1.68556
3 1 1 111.19 0.357906 -1 1.02377 0.890136 3 0 0 53.9619 0 515000 0 1.6109
4 1 1 108.626 1.43193 -1 1.13187 4.51361 4 0 0 49.1023 0 515000 0 1.71967
5 1 1 107.169 1.70772 -1 1.10028 3.21365 5 0 0 48.648 0 515000 0 1.67562
6 1 1 101.818 1.35278 -1 1.13589 7.50166 6 0 0 43.3156 0 515000 0 1.75423
7 1 1 105.156 1.78899 -1 1.14609 5.77531 7 0 0 42.7435 0 515000 0 1.71091
8 1 1 60.1297 2.53707 -1 1.2028 10.6485 8 0 0 38.5489 0 515000 0 1.78391
9 1 1 82.646 0.617552 -1 1.20988 9.01051 9 0 0 37.9004 0 515000 0 1.74917
10 2 0 85.0453 0.40464 0 1.20569 8.87763 10 0 0 67.2924 0 515000 0 0
11 2 0 84.022 2.55531 0 1.30882 9.96603 11 0 0 64.275 0 515000 0 0
12 2 0 89.2907 0.505214 0 1.2598 9.42165 12 0 0 63.3435 0 515000 0 0
13 2 0 83.1282 2.53666 0 1.36617 12.4929 13 0 0 56.8758 0 515000 0 0
14 2 0 71.5834 0.578703 -1 1.19978 10.9509 14 0 0 56.2446 0 515000 0 0
15 2 0 83.4641 2.58615 0 1.44234 15.2663 15 0 0 48.6543 0 515000 0 0
16 2 0 87.9319 0.627596 0 1.508 13.4947 16 0 0 48.4236 0 515000 0 0
17 2 1 84.0151 2.53966 -1 1.18658 18.2446 17 0 0 41.6147 0 515000 0 0
18 2 1 84.3423 0.661525 -1 1.2741 17.0562 18 0 0 41.1329 0 515000 0 0
19 3 0 85.6137 1.52442 1.5708 1.15112 18.0844 19 0 0 75.2829 82.1874 515000 0 0
20 3 0 86.2007 2.78145 0 1.15109 18.0049 20 0 0 74.7592 81.8688 515000 0 0
21 3 0 86.8821 2.58757 0 1.35158 19.4646 21 0 0 65.0081 76.0343 515000 0 0
22 3 0 87.7918 2.82494 0 1.19097 18.8273 22 0 0 64.6181 75.2887 515000 0 0
23 3 0 86.3026 2.50013 0 1.37591 22.1238 23 0 0 54.6054 66.5474 515000 0 0
24 3 0 89.2915 0.638276 1.5708 1.26472 20.6526 24 0 0 54.4056 65.7511 515000 0 0
25 3 1 82.5386 2.36953 -1 1.20827 25.1533 25 0 0 46.1311 57.343 515000 0 0
26 3 1 79.3055 0.731579 -1 1.24071 23.2369 26 0 0 46.0717 56.7374 515000 0 0
27 4 0 70.7028 2.55751 -1 1.22233 27.0361 27 0 0 80.1357 96.1964 515000 0 0
28 4 0 86.8555 0.45491 0 1.16299 27.4937 28 0 0 71.7256 89.7884 515000 0 0
29 4 0 79.1666 0.583354 -1 1.19192 26.9933 29 0 0 71.2593 88.7717 515000 0 0
30 4 0 89.3628 2.49258 1.5708 1.35024 29.0726 30 0 0 59.9626 76.7177 515000 0 0
31 4 0 89.4362 0.651301 1.5708 1.25174 28.5111 31 0 0 59.8491 76.1713 515000 0 0
32 4 1 78.8178 2.39467 -1 1.25774 31.971 32 0 0 50.1698 64.841 515000 0 0
33 4 1 84.777 0.646206 -1 1.20635 30.4974 33 0 0 50.3543 64.4918 515000 0 0
34 5 0 75.9968 2.6444 -1 1.09632 36.5349 34 0 0 68.0727 101.554 515000 0 0
35 5 0 86.8549 1.56623 1.5708 1.36814 35.9904 35 0 0 68.4581 101.355 515000 0 0
36 5 0 87.7259 2.5875 1.5708 1.19977 36.8611 36 0 0 61.558 85.5058 515000 0 0
37 5 0 90.1122 0.520362 0 1.34522 36.4889 37 0 0 61.4395 85.0673 515000 0 0
38 5 1 80.4824 2.46401 -1 1.23105 38.8435 38 0 0 52.7476 71.7174 515000 0 0
39 5 1 79.3762 0.587003 -1 1.21809 38.199 39 0 0 52.388 70.8107 515000 0 0
40 6 0 84.801 2.91993 -1 1.11556 45.6336 40 0 0 59.7028 92.5901 515000 0 0
41 6 0 71.7088 2.77906 -1 1.30276 45.1016 41 0 0 58.0457 86.8079 515000 0 0
42 6 0 86.058 0.503178 1.5708 1.17558 45.5673 42 0 0 57.4482 85.9729 515000 0 0
43 6 1 55.2786 2.66227 -1 1.33869 45.577 43 0 0 52.7465 75.5521 515000 0 0
44 6 1 80.5533 0.384477 -1 1.22302 45.7346 44 0 0 52.2131 74.6828 515000 0 0
45 7 0 68.1196 1.60089 1.5708 1.4544 55.339 45 0 0 51.2919 79.0485 515000 0 0
46 7 0 93.0382 1.69744 1.5708 1.37099 54.3766 46 0 0 50.9471 77.5757 515000 0 0
47 7 0 100.938 1.44793 1.5708 1.35609 54.8996 47 0 0 50.8127 77.611 515000 0 0
48 7 1 80.2609 3.0164 1.5708 1.06908 53.2955 48 0 0 48.8535 72.2235 515000 0 0
49 7 1 84.5487 0.135399 1.5708 1.10089 54.3033 49 0 0 48.3723 71.7488 515000 0 0
