0 1 1 87.7794 2.84398 -1 1.14173 -0.0201305 426 0 0 58.7 0 550000 0 1.56909
1 1 1 109.79 0.279403 -1 1.08581 0 1977 0 0 58.5 0 550000 0 1.57251
2 1 1 113.306 2.72903 -1 1.2135 1.4672 15 0 0 55.3 0 550000 0 1.6521
3 1 1 110.786 0.398781 -1 1.1775 1.1876 2176 0 0 55.1 0 550000 0 1.63774
4 1 1 86.8398 2.70877 -1 1.20704 4.2326 1010486592 0 0 50.2 0 550000 0 1.71124
5 1 1 88.1364 0.43113 -1 1.2773 3.41447 3 0 0 49.7 0 550000 0 1.68496
6 1 1 105.881 2.535 -1 1.08211 8.32503 2346 0 0 44.6 0 550000 0 1.771
7 1 1 104.99 0.467219 -1 1.10588 7.52957 1504 0 0 44.1 0 550000 0 1.75
8 1 1 82.898 2.21621 -1 1.21503 13.5626 239 0 0 39.9 0 550000 0 1.83542
9 1 1 62.8357 0.881987 -1 1.13484 12.5529 903 0 0 39.6 0 550000 0 1.81453
10 2 0 88.137 0.357566 0 1.19924 8.33413 2507 0 0 68.1 0 550000 0 0
11 2 0 88.3111 2.58328 0 1.23652 9.35304 2156 0 0 64.9 0 550000 0 0
12 2 0 89.6324 0.467077 0 1.3322 9.06184 1116 0 0 64.7 0 550000 0 0
13 2 0 90.0465 2.50505 0 1.19014 11.184 4158 0 0 57.9 0 550000 0 0
14 2 0 88.1706 0.597629 0 1.26164 10.696 5369 0 0 57.2 0 550000 0 0
15 2 0 88.507 2.38619 0 1.48293 14.5574 6656 0 0 50.3 0 550000 0 0
16 2 0 88.0319 0.655554 0 1.46923 13.6646 4302 0 0 49.7 0 550000 0 0
17 2 1 59.3399 2.35895 -1 1.38535 19.1121 351 0 0 43.5 0 550000 0 0
18 2 1 57.7778 0.785564 -1 1.37126 17.5876 439 0 0 42.9 0 550000 0 0
19 3 0 91.6824 2.64104 0 1.18905 17.6995 557 0 0 76.3 84.5 550000 0 0
20 3 0 91.1902 0.48814 0 1.17545 17.3955 645 0 0 75.9 83.7 550000 0 0
21 3 0 76.7166 2.54231 -1 1.14593 19.0865 763 0 0 66.2 78.3 550000 0 0
22 3 0 94.3386 0.542246 1.5708 1.30017 18.5286 1071 0 0 65.2 76.6 550000 0 0
23 3 0 91.3031 2.45329 1.5708 1.34854 21.5074 851 0 0 56.4 69.3 550000 0 0
24 3 0 75.7854 0.587497 -1 1.33317 20.7202 35 0 0 55.3 67.4 550000 0 0
25 3 1 81.4271 2.38405 -1 1.3127 24.7826 961 0 0 48 60 550000 0 0
26 3 1 78.413 0.718278 -1 1.29855 23.379 123 0 0 47.2 58.5 550000 0 0
27 4 0 72.9886 2.6174 -1 1.12925 26.186 233 0 0 94.2 97.9 550000 0 0
28 4 0 76.0633 2.55295 -1 1.15909 27.1952 763 0 0 85.8 91.2 550000 0 0
29 4 0 88.3765 0.455302 0 1.35 26.5713 851 0 0 85.5 89.5 550000 0 0
30 4 0 87.8275 2.5528 0 1.372 28.9309 2123 0 0 75.4 78.9 550000 0 0
31 4 0 85.071 0.575503 0 1.30934 28.0789 35 0 0 74.4 76.6 550000 0 0
32 4 1 77.5293 2.43079 -1 1.26819 31.5259 1601 0 0 66.4 67.2 550000 0 0
33 4 1 81.4526 0.712636 -1 1.20487 30.5191 1887 0 0 65.9 65.9 550000 0 0
34 5 0 92.4738 2.6178 0 1.17502 35.4857 1365 0 0 82.4 101.6 550000 0 0
35 5 0 90.8942 0.400833 0 1.2103 34.9838 351 0 0 81.7 98.6 550000 0 0
36 5 0 78.776 2.58356 -1 1.17751 36.806 1483 0 0 75.4 85.8 550000 0 0
37 5 0 85.9598 0.447219 0 1.3223 35.7376 439 0 0 75 84.1 550000 0 0
38 5 1 80.0072 2.49618 -1 1.25144 38.5838 233 0 0 67.7 72.8 550000 0 0
39 5 1 59.1417 0.657223 -1 1.18216 37.3174 123 0 0 67.6 71.8 550000 0 0
40 6 0 93.2372 0.262844 0 1.22553 44.3047 961 0 0 73.5 90.1 550000 0 0
41 6 0 102.691 0.151159 0 1.19882 45.5879 1071 0 0 71.7 85.9 550000 0 0
42 6 0 73.9145 0.363957 -1 1.19322 44.0226 1159 0 0 70.9 83.5 550000 0 0
43 6 1 77.5113 2.66564 -1 1.29513 46.0231 645 0 0 66.7 75.1 550000 0 0
44 6 1 58.6463 0.485536 -1 1.20912 44.2008 1799 0 0 66.5 73.9 550000 0 0
45 7 0 83.7914 1.43191 -1 1.14855 53.9495 1277 0 0 65.2 76.9 550000 0 0
46 7 0 94.296 1.57827 1.5708 1.13545 55.301 2005 0 0 64 74.4 550000 0 0
47 7 0 80.3907 1.4774 -1 1.12852 52.8032 1689 0 0 64.6 75.3 550000 0 0
48 7 1 77.6628 3.02713 -1 1.06691 54.2094 557 0 0 62 69.9 550000 0 0
49 7 1 82.8763 0.130561 -1 1.05566 52.123 2211 0 0 62.6 70.4 550000 0 0
