0 1 1 87.4745 2.84446 -1 1.13859 -0.0292912 426 0 0 58.7 0 545000 0 1.5683
1 1 1 109.602 0.27437 -1 1.08604 0 1977 0 0 58.5 0 545000 0 1.57329
2 1 1 113.325 2.72964 -1 1.21373 1.4622 15 0 0 55.3 0 545000 0 1.6523
3 1 1 110.08 0.380953 -1 1.16444 1.1881 2176 0 0 55.1 0 545000 0 1.63833
4 1 1 86.781 2.70869 -1 1.20121 4.24282 1010486592 0 0 50.2 0 545000 0 1.71207
5 1 1 88.7237 0.498571 -1 1.30249 3.39144 3 0 0 49.7 0 545000 0 1.68476
6 1 1 105.737 2.53597 -1 1.08175 8.31845 2346 0 0 44.6 0 545000 0 1.7714
7 1 1 104.949 0.459649 -1 1.10499 7.45524 1504 0 0 44.1 0 545000 0 1.74873
8 1 1 82.7337 2.29165 -1 1.2058 13.5352 239 0 0 39.9 0 545000 0 1.83543
9 1 1 62.9082 0.872789 -1 1.13423 12.4327 903 0 0 39.6 0 545000 0 1.81269
10 2 0 88.0122 0.358743 0 1.19658 8.32343 2507 0 0 68.1 0 545000 0 0
11 2 0 88.1837 2.58083 0 1.22988 9.34314 2156 0 0 64.9 0 545000 0 0
12 2 0 89.2956 0.468977 0 1.3332 9.09345 1116 0 0 64.7 0 545000 0 0
13 2 0 90.1114 2.49944 0 1.18839 11.1979 4158 0 0 57.9 0 545000 0 0
14 2 0 87.9912 0.589401 0 1.25881 10.7064 5369 0 0 57.2 0 545000 0 0
15 2 0 88.5065 2.39432 0 1.48923 14.5713 6656 0 0 50.3 0 545000 0 0
16 2 0 87.8272 0.648541 0 1.47645 13.6208 4302 0 0 49.7 0 545000 0 0
17 2 1 59.3052 2.33884 -1 1.39238 19.0966 351 0 0 43.5 0 545000 0 0
18 2 1 57.6465 0.777992 -1 1.37125 17.5119 439 0 0 42.9 0 545000 0 0
19 3 0 91.2506 2.59652 0 1.18929 17.7003 557 0 0 76.3 84.5 545000 0 0
20 3 0 90.9287 0.536804 0 1.1696 17.3909 645 0 0 75.9 83.7 545000 0 0
21 3 0 76.5298 2.54491 -1 1.14237 19.0809 763 0 0 66.2 78.3 545000 0 0
22 3 0 93.8818 0.546151 1.5708 1.31497 18.523 1071 0 0 65.2 76.6 545000 0 0
23 3 0 90.985 2.51627 1.5708 1.35519 21.4788 851 0 0 56.4 69.3 545000 0 0
24 3 0 75.581 0.640751 -1 1.34622 20.6902 35 0 0 55.3 67.4 545000 0 0
25 3 1 81.205 2.38237 -1 1.31232 24.7709 961 0 0 48 60 545000 0 0
26 3 1 78.5276 0.714475 -1 1.29329 23.3355 123 0 0 47.2 58.5 545000 0 0
27 4 0 72.7098 2.61446 -1 1.12856 26.1888 233 0 0 94.2 97.9 545000 0 0
28 4 0 75.7519 2.55789 -1 1.1606 27.2085 763 0 0 85.8 91.2 545000 0 0
29 4 0 88.4233 0.449896 0 1.34953 26.5406 851 0 0 85.5 89.5 545000 0 0
30 4 0 87.9451 2.53415 0 1.37067 28.8859 2123 0 0 75.4 78.9 545000 0 0
31 4 0 85.153 0.577108 0 1.30516 28.0528 35 0 0 74.4 76.6 545000 0 0
32 4 1 77.7908 2.44874 -1 1.26561 31.4662 1601 0 0 66.4 67.2 545000 0 0
33 4 1 81.5829 0.711355 -1 1.19464 30.5026 1887 0 0 65.9 65.9 545000 0 0
34 5 0 92.2888 2.61279 0 1.18026 35.4742 1365 0 0 82.4 101.6 545000 0 0
35 5 0 90.7648 0.42718 0 1.2291 34.9597 351 0 0 81.7 98.6 545000 0 0
36 5 0 78.9087 2.58399 -1 1.16994 36.8124 1483 0 0 75.4 85.8 545000 0 0
37 5 0 86.0893 0.444536 0 1.31386 35.7335 439 0 0 75 84.1 545000 0 0
38 5 1 80.2925 2.47793 -1 1.24566 38.5538 233 0 0 67.7 72.8 545000 0 0
39 5 1 59.1763 0.704495 -1 1.18545 37.3172 123 0 0 67.6 71.8 545000 0 0
40 6 0 93.5064 0.260007 0 1.21026 44.3023 961 0 0 73.5 90.1 545000 0 0
41 6 0 103.037 0.080555 0 1.1719 45.6105 1071 0 0 71.7 85.9 545000 0 0
42 6 0 74.1068 0.362876 -1 1.19379 44.0443 1159 0 0 70.9 83.5 545000 0 0
43 6 1 77.6418 2.66597 -1 1.2968 46.0355 645 0 0 66.7 75.1 545000 0 0
44 6 1 58.6873 0.482365 -1 1.20928 44.218 1799 0 0 66.5 73.9 545000 0 0
45 7 0 83.6987 1.4078 -1 1.14562 53.9785 1277 0 0 65.2 76.9 545000 0 0
46 7 0 94.2833 1.62574 1.5708 1.12595 55.3344 2005 0 0 64 74.4 545000 0 0
47 7 0 80.3532 1.47846 -1 1.12926 52.8379 1689 0 0 64.6 75.3 545000 0 0
48 7 1 77.4091 3.03097 -1 1.06239 54.2299 557 0 0 62 69.9 545000 0 0
49 7 1 82.9291 0.13098 -1 1.05478 52.1532 2211 0 0 62.6 70.4 545000 0 0
