0 1 1 89.1108 2.903 -1 1.18417 -0.222682 426 0 0 58.7 0 740000 0 1.55244
1 1 1 111.142 0.393949 -1 1.1752 0 1977 0 0 58.5 0 740000 0 1.58916
2 1 1 111.383 2.65744 -1 1.22285 1.17762 15 0 0 55.3 0 740000 0 1.63964
3 1 1 111.997 0.384983 -1 1.20413 1.26707 2176 0 0 55.1 0 740000 0 1.64571
4 1 1 84.2766 2.71381 -1 1.16308 3.828 1010486592 0 0 50.2 0 740000 0 1.69938
5 1 1 81.8008 0.568058 -1 1.29165 3.9342 3 0 0 49.7 0 740000 0 1.70303
6 1 1 104.718 2.52863 -1 1.06587 7.74702 2346 0 0 44.6 0 740000 0 1.75799
7 1 1 101.398 0.471792 -1 1.19865 8.2384 1504 0 0 44.1 0 740000 0 1.76789
8 1 1 82.4489 2.27383 -1 1.21163 12.8977 239 0 0 39.9 0 740000 0 1.8233
9 1 1 62.2669 0.94087 -1 1.18403 13.3244 903 0 0 39.6 0 740000 0 1.82806
10 2 0 87.5184 0.398494 0 1.25385 7.94018 2507 0 0 68.1 0 740000 0 0
11 2 0 87.6622 2.60338 0 1.21511 8.81818 2156 0 0 64.9 0 740000 0 0
12 2 0 85.7223 0.468007 0 1.38705 8.75826 1116 0 0 64.7 0 740000 0 0
13 2 0 88.0877 0.285364 0 1.18739 10.5367 4158 0 0 57.9 0 740000 0 0
14 2 0 85.3903 0.648159 0 1.31252 10.5863 5369 0 0 57.2 0 740000 0 0
15 2 0 87.1554 2.43793 0 1.46836 13.8902 6656 0 0 50.3 0 740000 0 0
16 2 0 83.3706 0.70751 0 1.47056 13.8902 4302 0 0 49.7 0 740000 0 0
17 2 1 58.8132 2.32876 -1 1.40864 18.3504 351 0 0 43.5 0 740000 0 0
18 2 1 56.721 0.810099 -1 1.4133 17.982 439 0 0 42.9 0 740000 0 0
19 3 0 87.3675 2.66128 0 1.26698 16.9161 557 0 0 76.3 84.5 740000 0 0
20 3 0 87.8201 0.47338 0 1.25012 16.5471 645 0 0 75.9 83.7 740000 0 0
21 3 0 72.9805 2.50858 -1 1.12288 18.2655 763 0 0 66.2 78.3 740000 0 0
22 3 0 91.2805 0.61363 1.5708 1.32288 17.8803 1071 0 0 65.2 76.6 740000 0 0
23 3 0 90.3395 2.54415 0 1.45482 20.574 851 0 0 56.4 69.3 740000 0 0
24 3 0 72.1808 0.602778 -1 1.40102 20.4911 35 0 0 55.3 67.4 740000 0 0
25 3 1 79.3413 2.38574 -1 1.31755 23.8268 961 0 0 48 60 740000 0 0
26 3 1 78.351 0.723521 -1 1.33074 23.4823 123 0 0 47.2 58.5 740000 0 0
27 4 0 72.3419 2.63846 -1 1.17235 24.8884 233 0 0 94.2 97.9 740000 0 0
28 4 0 72.5679 2.54834 -1 1.22295 26.0509 763 0 0 85.8 91.2 740000 0 0
29 4 0 87.8409 0.578868 0 1.28744 25.3939 851 0 0 85.5 89.5 740000 0 0
30 4 0 88.9322 2.59678 0 1.40309 27.8037 2123 0 0 75.4 78.9 740000 0 0
31 4 0 82.2872 0.537537 0 1.35223 27.233 35 0 0 74.4 76.6 740000 0 0
32 4 1 78.2234 2.39221 -1 1.29986 30.6694 1601 0 0 66.4 67.2 740000 0 0
33 4 1 79.6812 0.74536 -1 1.2627 30.19 1887 0 0 65.9 65.9 740000 0 0
34 5 0 92.4989 2.59128 1.5708 1.12543 34.0416 1365 0 0 82.4 101.6 740000 0 0
35 5 0 90.9376 0.520256 1.5708 1.2306 33.6616 351 0 0 81.7 98.6 740000 0 0
36 5 0 78.1239 2.57288 -1 1.27183 35.4409 1483 0 0 75.4 85.8 740000 0 0
37 5 0 85.6485 0.449559 0 1.44535 34.3857 439 0 0 75 84.1 740000 0 0
38 5 1 79.59 2.45067 -1 1.29965 37.4577 233 0 0 67.7 72.8 740000 0 0
39 5 1 57.2871 0.746411 -1 1.31984 36.279 123 0 0 67.6 71.8 740000 0 0
40 6 0 88.6802 0.2776 0 1.42541 42.6294 961 0 0 73.5 90.1 740000 0 0
41 6 0 98.5738 0.172225 1.5708 1.15185 43.8488 1071 0 0 71.7 85.9 740000 0 0
42 6 0 69.5945 0.319184 -1 1.29461 42.2779 1159 0 0 70.9 83.5 740000 0 0
43 6 1 76.9569 2.67827 -1 1.36246 44.5206 645 0 0 66.7 75.1 740000 0 0
44 6 1 56.6754 0.52645 -1 1.33008 42.5559 1799 0 0 66.5 73.9 740000 0 0
45 7 0 83.5715 1.39117 -1 1.10878 51.6034 1277 0 0 65.2 76.9 740000 0 0
46 7 0 92.3629 1.59384 0 1.06402 53.2718 2005 0 0 64 74.4 740000 0 0
47 7 0 79.6864 1.43952 -1 1.07361 50.4265 1689 0 0 64.6 75.3 740000 0 0
48 7 1 75.9139 2.95926 -1 1.10786 52.2893 557 0 0 62 69.9 740000 0 0
49 7 1 81.1982 0.192378 -1 1.11037 49.9407 2211 0 0 62.6 70.4 740000 0 0
