# CellID	NodeIndex	X	Y	R	Theta
8	0	48.245	0.986171	50.0068	0.282605
8	1	48.3777	1.18833	50.1909	0.285735
8	2	48.4993	1.39592	50.3663	0.289009
8	3	48.611	1.6076	50.534	0.292394
8	4	48.714	1.82311	50.695	0.29588
8	5	48.8087	2.043	50.8501	0.299473
8	6	48.8948	2.26811	50.9991	0.303192
8	7	48.9706	2.49877	51.1407	0.307054
8	8	49.0348	2.73431	51.2734	0.311055
8	9	49.0865	2.97319	51.3963	0.315172
8	10	49.1265	3.21387	51.5093	0.319374
8	11	49.1559	3.45566	51.6136	0.323642
8	12	49.1757	3.69879	51.7102	0.327978
8	13	49.1859	3.94392	51.7993	0.332395
8	14	49.1853	4.19138	51.88	0.336908
8	15	49.1726	4.44057	51.951	0.341515
8	16	49.147	4.68993	52.011	0.346197
8	17	49.1093	4.93788	52.0602	0.350924
8	18	49.0608	5.18372	52.0998	0.355674
8	19	49.003	5.42779	52.1311	0.36045
8	20	48.936	5.67086	52.1548	0.365264
8	21	48.8589	5.91329	52.17	0.370132
8	22	48.7705	6.15443	52.1755	0.375054
8	23	48.6702	6.39277	52.1701	0.380009
8	24	48.5587	6.62684	52.154	0.38497
8	25	48.4375	6.85624	52.1284	0.389922
8	26	48.3077	7.08165	52.0947	0.394871
8	27	48.1691	7.30394	52.053	0.399837
8	28	48.0205	7.52309	52.002	0.404832
8	29	47.8602	7.73773	51.9398	0.409845
8	30	47.6883	7.94563	51.8657	0.414842
8	31	47.5065	8.1454	51.7805	0.419788
8	32	47.3183	8.33666	51.6871	0.424652
8	33	47.1246	8.52089	51.5871	0.429453
8	34	46.925	8.69911	51.4805	0.434214
8	35	46.7183	8.87092	51.3658	0.438942
8	36	46.5038	9.03472	51.2418	0.443615
8	37	46.2824	9.18888	51.1086	0.448198
8	38	46.0561	9.33318	50.9676	0.452673
8	39	45.8261	9.46881	50.8206	0.457053
8	40	45.5925	9.59705	50.668	0.461359
8	41	45.354	9.71806	50.5088	0.465606
8	42	45.1098	9.83054	50.3416	0.46978
8	43	44.8602	9.93252	50.1656	0.473846
8	44	44.6068	10.023	49.9817	0.477769
8	45	44.3513	10.1025	49.7918	0.481547
8	46	44.0944	10.1727	49.597	0.4852
8	47	43.8355	10.2343	49.3969	0.488749
8	48	43.5735	10.2868	49.1906	0.492192
8	49	43.3085	10.3286	48.9771	0.495501
8	50	43.042	10.3587	48.7571	0.498643
8	51	42.7758	10.3779	48.5328	0.501612
8	52	42.511	10.3879	48.3056	0.50443
8	53	42.2473	10.3892	48.0756	0.507105
8	54	42.016	10.3764	47.8672	0.509218
8	55	41.8072	10.351	47.6726	0.510888
8	56	41.6136	10.3127	47.485	0.512178
8	57	41.4291	10.2632	47.3	0.513177
8	58	41.2544	10.1936	47.1136	0.513711
8	59	41.1007	10.0929	46.9302	0.513452
8	60	40.9634	9.95282	46.7419	0.512284
8	61	40.835	9.80322	46.5567	0.510834
8	62	40.7136	9.64927	46.3756	0.509218
8	63	40.5947	9.49514	46.1967	0.507561
8	64	40.4795	9.34105	46.0212	0.50585
8	65	40.367	9.18877	45.849	0.504135
8	66	40.2557	9.03535	45.6776	0.502371
8	67	40.1485	8.87967	45.5088	0.500506
8	68	40.0418	8.72523	45.3411	0.498647
8	69	39.9406	8.56386	45.1752	0.496581
8	70	39.84	8.40062	45.009	0.494458
8	71	39.7458	8.2338	44.8471	0.49218
8	72	39.6531	8.06803	44.6872	0.489891
8	73	39.5655	7.90249	44.532	0.487537
8	74	39.4795	7.73372	44.3771	0.485085
8	75	39.3957	7.56207	44.2231	0.482535
8	76	39.315	7.38766	44.0709	0.479879
8	77	39.2352	7.21202	43.9192	0.47717
8	78	39.1604	7.03426	43.7713	0.474347
8	79	39.0884	6.85665	43.6263	0.471479
8	80	39.0218	6.67969	43.4867	0.46855
8	81	38.9615	6.50432	43.354	0.465568
8	82	38.904	6.33247	43.2256	0.462613
8	83	38.8549	6.16008	43.1049	0.459543
8	84	38.8062	5.98963	42.9858	0.456492
8	85	38.7672	5.81835	42.8756	0.453307
8	86	38.7296	5.64775	42.7673	0.450106
8	87	38.6969	5.47575	42.6632	0.446809
8	88	38.6867	5.29864	42.5778	0.443161
8	89	38.683	5.11329	42.4953	0.439258
8	90	38.7109	4.92094	42.4392	0.434876
8	91	38.7459	4.7143	42.3843	0.430107
8	92	38.8049	4.51778	42.3565	0.425309
8	93	38.876	4.32799	42.3435	0.420533
8	94	38.9671	4.14564	42.3527	0.415724
8	95	39.0682	3.96702	42.3735	0.410904
8	96	39.1775	3.79244	42.4045	0.406101
8	97	39.2901	3.61957	42.4401	0.401311
8	98	39.4045	3.448	42.4789	0.396541
8	99	39.5214	3.27758	42.5213	0.391782
8	100	39.6399	3.10886	42.5669	0.387056
8	101	39.7588	2.94241	42.6147	0.382386
8	102	39.8786	2.77765	42.6648	0.377755
8	103	40.0005	2.61406	42.7182	0.373143
8	104	40.1238	2.45155	42.7742	0.368554
8	105	40.2477	2.28959	42.8319	0.363985
8	106	40.3721	2.12811	42.8911	0.359434
8	107	40.4965	1.96735	42.9515	0.354911
8	108	40.6206	1.80825	43.0129	0.350441
8	109	40.7434	1.65183	43.075	0.346051
8	110	40.8694	1.49552	43.1409	0.341652
8	111	40.9975	1.33958	43.2098	0.337259
8	112	41.127	1.18376	43.2809	0.332871
8	113	41.2577	1.02747	43.3538	0.328478
8	114	41.3898	0.870767	43.4287	0.324082
8	115	41.5234	0.714217	43.5059	0.319693
8	116	41.6585	0.558804	43.5857	0.315334
8	117	41.7946	0.405565	43.6679	0.311032
8	118	41.9306	0.255189	43.7518	0.306808
8	119	42.0646	0.108559	43.8357	0.302696
8	120	42.1958	-0.0349134	43.9184	0.298687
8	121	42.3249	-0.174331	44.0012	0.294795
8	122	42.4539	-0.307842	44.0861	0.291047
8	123	42.5803	-0.437357	44.1704	0.287417
8	124	42.7071	-0.562897	44.2566	0.283885
8	125	42.8322	-0.68515	44.3427	0.280448
8	126	42.9572	-0.799255	44.4315	0.277202
8	127	43.0853	-0.900306	44.5273	0.274232
8	128	43.1989	-1.0084	44.6076	0.271209
8	129	43.3218	-1.07455	44.7084	0.269047
8	130	43.4657	-1.10131	44.84	0.267619
8	131	43.6077	-1.14366	44.9658	0.265876
8	132	43.7602	-1.16468	45.1075	0.264537
8	133	43.9247	-1.18584	45.2607	0.263136
8	134	44.1093	-1.18634	45.4389	0.262069
8	135	44.3211	-1.18269	45.6444	0.260944
8	136	44.5693	-1.16126	45.8898	0.259999
8	137	44.8179	-1.13007	46.1381	0.259268
8	138	45.0651	-1.08574	46.3884	0.258825
8	139	45.3088	-1.02831	46.6387	0.258678
8	140	45.547	-0.958468	46.8868	0.258819
8	141	45.7789	-0.87818	47.1316	0.259206
8	142	46.0053	-0.788979	47.3733	0.259801
8	143	46.2271	-0.691295	47.6127	0.260587
8	144	46.4446	-0.584503	47.8504	0.261572
8	145	46.6574	-0.467535	48.0862	0.262778
8	146	46.8642	-0.339823	48.3191	0.264219
8	147	47.0635	-0.201904	48.5476	0.265889
8	148	47.2546	-0.0551722	48.7707	0.267762
8	149	47.438	0.099017	48.9884	0.269807
8	150	47.6143	0.260117	49.2014	0.272008
8	151	47.784	0.428568	49.4102	0.274369
8	152	47.9467	0.605389	49.6149	0.276911
8	153	48.1009	0.791354	49.8143	0.279655
9	0	-36.5763	7.63288	42.1677	2.63143
9	1	-36.621	7.7964	42.2867	2.62857
9	2	-36.6718	7.9603	42.4116	2.62579
9	3	-36.7262	8.12413	42.5399	2.62307
9	4	-36.7874	8.28831	42.6746	2.62044
9	5	-36.8494	8.45403	42.8109	2.6178
9	6	-36.9158	8.61919	42.9512	2.61524
9	7	-36.9843	8.78428	43.0936	2.61273
9	8	-37.0561	8.94888	43.2387	2.61028
9	9	-37.1332	9.11194	43.3879	2.60794
9	10	-37.2134	9.27411	43.5396	2.60567
9	11	-37.2964	9.43556	43.6934	2.60346
9	12	-37.3874	9.59242	43.8521	2.60146
9	13	-37.4778	9.74869	44.0101	2.59947
9	14	-37.5754	9.89859	44.1711	2.5977
9	15	-37.6728	10.0484	44.332	2.59595
9	16	-37.7759	10.1965	44.4971	2.5943
9	17	-37.8808	10.3457	44.6644	2.59267
9	18	-37.991	10.4936	44.8356	2.59114
9	19	-38.103	10.6423	45.0089	2.58963
9	20	-38.221	10.7878	45.1857	2.58825
9	21	-38.3469	10.9295	45.3673	2.58706
9	22	-38.4658	11.0779	45.5466	2.58566
9	23	-38.5978	11.1715	45.7081	2.58544
9	24	-38.7454	11.2235	45.8609	2.58618
9	25	-38.8894	11.2864	46.0165	2.58667
9	26	-39.0402	11.3333	46.1694	2.58753
9	27	-39.196	11.3716	46.322	2.58859
9	28	-39.3607	11.3972	46.4757	2.58999
9	29	-39.5383	11.415	46.6363	2.59166
9	30	-39.7363	11.4158	46.8057	2.59385
9	31	-39.9624	11.4015	46.9914	2.59662
9	32	-40.2258	11.3663	47.1987	2.60015
9	33	-40.4902	11.3203	47.4019	2.60386
9	34	-40.7539	11.261	47.5984	2.60776
9	35	-41.0145	11.189	47.7865	2.61184
9	36	-41.2702	11.1054	47.9653	2.61603
9	37	-41.521	11.0121	48.1359	2.62032
9	38	-41.768	10.9098	48.2996	2.62471
9	39	-42.0119	10.7976	48.4567	2.62921
9	40	-42.2517	10.674	48.6056	2.63384
9	41	-42.4855	10.5389	48.7448	2.6386
9	42	-42.7118	10.3937	48.8736	2.64343
9	43	-42.9307	10.2406	48.9933	2.64831
9	44	-43.1435	10.0806	49.1056	2.65323
9	45	-43.3513	9.91307	49.2111	2.65822
9	46	-43.5524	9.73693	49.308	2.66328
9	47	-43.7448	9.55059	49.3936	2.66842
9	48	-43.9255	9.35448	49.4658	2.67362
9	49	-44.0932	9.15104	49.5243	2.67881
9	50	-44.2486	8.94278	49.5711	2.68397
9	51	-44.3936	8.73081	49.6081	2.68909
9	52	-44.5292	8.5148	49.6364	2.6942
9	53	-44.6554	8.29386	49.6552	2.69931
9	54	-44.7706	8.06768	49.6632	2.70442
9	55	-44.8736	7.83722	49.6595	2.7095
9	56	-44.964	7.60416	49.6446	2.71453
9	57	-45.0428	7.36983	49.6199	2.71949
9	58	-45.1113	7.13449	49.5866	2.72438
9	59	-45.1699	6.89755	49.5447	2.72923
9	60	-45.2177	6.6583	49.4932	2.73405
9	61	-45.2531	6.41674	49.4306	2.73882
9	62	-45.2747	6.17408	49.3558	2.74351
9	63	-45.282	5.93228	49.2694	2.7481
9	64	-45.2762	5.693	49.1728	2.75254
9	65	-45.2589	5.45678	49.0676	2.75687
9	66	-45.2313	5.22332	48.9548	2.76107
9	67	-45.1933	4.99204	48.834	2.76518
9	68	-45.1442	4.76285	48.7046	2.76919
9	69	-45.0832	4.53647	48.5657	2.77307
9	70	-45.0097	4.31431	48.4174	2.77681
9	71	-44.9243	4.09773	48.2607	2.78037
9	72	-44.8284	3.88739	48.097	2.78375
9	73	-44.7232	3.68313	47.9271	2.78698
9	74	-44.6089	3.48436	47.7511	2.79005
9	75	-44.4853	3.29079	47.5686	2.79297
9	76	-44.3512	3.10286	47.3786	2.79574
9	77	-44.2058	2.92195	47.1807	2.7983
9	78	-44.0494	2.74989	46.9755	2.80063
9	79	-43.883	2.58808	46.7647	2.8027
9	80	-43.7085	2.4368	46.5499	2.80452
9	81	-43.5273	2.29539	46.3322	2.8061
9	82	-43.34	2.16274	46.1117	2.80748
9	83	-43.1461	2.03838	45.8879	2.80866
9	84	-42.9454	1.92238	45.6602	2.80962
9	85	-42.7374	1.81584	45.4289	2.81035
9	86	-42.5229	1.72044	45.195	2.8108
9	87	-42.3037	1.63711	44.9606	2.81097
9	88	-42.1116	1.58153	44.7609	2.81075
9	89	-41.942	1.54406	44.5883	2.81031
9	90	-41.788	1.53004	44.4382	2.80948
9	91	-41.6463	1.52667	44.3031	2.80851
9	92	-41.5102	1.51312	44.1701	2.80779
9	93	-41.3837	1.54633	44.0615	2.80614
9	94	-41.2533	1.57729	43.9486	2.8045
9	95	-41.1307	1.65773	43.8597	2.80184
9	96	-40.9973	1.72949	43.758	2.79928
9	97	-40.86	1.80965	43.6557	2.79649
9	98	-40.7198	1.89936	43.5543	2.79347
9	99	-40.5738	1.99404	43.4496	2.79027
9	100	-40.4246	2.09678	43.3452	2.78686
9	101	-40.2726	2.20642	43.2409	2.78326
9	102	-40.1194	2.3232	43.1387	2.77948
9	103	-39.9646	2.44464	43.0373	2.77557
9	104	-39.8094	2.56836	42.937	2.77159
9	105	-39.6535	2.69365	42.8373	2.76754
9	106	-39.4986	2.82327	42.7409	2.7634
9	107	-39.343	2.95547	42.6455	2.75917
9	108	-39.1863	3.08999	42.5507	2.75486
9	109	-39.0297	3.22702	42.4577	2.75048
9	110	-38.8754	3.3669	42.3688	2.74604
9	111	-38.7232	3.50738	42.2829	2.74159
9	112	-38.5741	3.64821	42.2008	2.73714
9	113	-38.4268	3.78798	42.1208	2.73271
9	114	-38.2821	3.92786	42.0442	2.72829
9	115	-38.1396	4.06735	41.97	2.72388
9	116	-37.9953	4.20995	41.8964	2.71937
9	117	-37.85	4.35521	41.8239	2.71478
9	118	-37.7059	4.50327	41.7544	2.71013
9	119	-37.5642	4.65369	41.6891	2.70543
9	120	-37.4252	4.80574	41.6278	2.7007
9	121	-37.287	4.95981	41.5691	2.69593
9	122	-37.1503	5.11615	41.5135	2.69112
9	123	-37.0179	5.27671	41.4647	2.68624
9	124	-36.8926	5.44242	41.4257	2.68132
9	125	-36.7796	5.61431	41.4012	2.67639
9	126	-36.6819	5.79203	41.3941	2.67149
9	127	-36.6024	5.97788	41.4079	2.66662
9	128	-36.5315	6.16895	41.4328	2.66174
9	129	-36.4918	6.34933	41.4812	2.65744
9	130	-36.4525	6.51848	41.5255	2.65339
9	131	-36.4524	6.68161	41.6022	2.64993
9	132	-36.4461	6.83879	41.6711	2.64653
9	133	-36.4652	6.99428	41.7619	2.64347
9	134	-36.4839	7.15135	41.8536	2.64039
9	135	-36.5067	7.31032	41.9502	2.63733
9	136	-36.5405	7.47024	42.0572	2.63438
17	0	42.4971	-3.17817	43.3918	0.227352
17	1	42.5672	-2.90822	43.5217	0.233032
17	2	42.6266	-2.63649	43.643	0.238775
17	3	42.665	-2.39556	43.7378	0.24392
17	4	42.6847	-2.17559	43.8105	0.248684
17	5	42.6884	-1.96873	43.8656	0.253233
17	6	42.6754	-1.76903	43.9034	0.257712
17	7	42.6402	-1.5743	43.9195	0.262203
17	8	42.5584	-1.39188	43.8882	0.2667
17	9	42.426	-1.2108	43.8087	0.271484
17	10	42.2852	-1.0359	43.7204	0.276202
17	11	42.1438	-0.863041	43.632	0.280897
17	12	42.0019	-0.692157	43.5435	0.285571
17	13	41.86	-0.522364	43.4557	0.29024
17	14	41.7194	-0.351878	43.3702	0.294935
17	15	41.5764	-0.181037	43.2835	0.299672
17	16	41.4314	-0.00911271	43.1962	0.304465
17	17	41.2838	0.159575	43.1065	0.309225
17	18	41.1394	0.328095	43.0207	0.313978
17	19	41.0005	0.499546	42.942	0.318774
17	20	40.8647	0.67323	42.8681	0.323614
17	21	40.7235	0.842823	42.7885	0.328422
17	22	40.5843	1.0146	42.7127	0.333279
17	23	40.4474	1.18836	42.6407	0.338181
17	24	40.3056	1.35779	42.5637	0.343041
17	25	40.1667	1.52922	42.491	0.34794
17	26	40.0288	1.70244	42.4209	0.352887
17	27	39.8872	1.87496	42.3482	0.357866
17	28	39.7465	2.04823	42.2776	0.36287
17	29	39.6046	2.22128	42.207	0.367896
17	30	39.4631	2.3909	42.1365	0.37286
17	31	39.322	2.55715	42.0662	0.377763
17	32	39.1821	2.72141	41.9972	0.382627
17	33	39.0415	2.88344	41.9277	0.387464
17	34	38.9019	3.04318	41.8594	0.392257
17	35	38.7609	3.19973	41.7893	0.397009
17	36	38.6173	3.35308	41.7166	0.40173
17	37	38.4731	3.50022	41.6419	0.406336
17	38	38.3292	3.64314	41.5667	0.410863
17	39	38.1817	3.77954	41.4863	0.415297
17	40	38.0285	3.91035	41.3993	0.419681
17	41	37.8614	4.03062	41.2961	0.423989
17	42	37.6793	4.14281	41.1766	0.428293
17	43	37.4787	4.24398	41.0366	0.432565
17	44	37.2785	4.32406	40.8887	0.436396
17	45	37.0762	4.3819	40.73	0.439783
17	46	36.8726	4.41705	40.561	0.442703
17	47	36.6657	4.42749	40.3785	0.445133
17	48	36.4586	4.42467	40.1905	0.447288
17	49	36.2528	4.40929	39.9984	0.449166
17	50	36.0488	4.38897	39.8059	0.450932
17	51	35.8466	4.36161	39.612	0.452535
17	52	35.6453	4.33117	39.4177	0.454073
17	53	35.4448	4.29405	39.2213	0.455465
17	54	35.2448	4.25049	39.0225	0.456717
17	55	35.0469	4.19486	38.8204	0.457679
17	56	34.8546	4.12113	38.6153	0.458167
17	57	34.6742	4.01959	38.4087	0.457873
17	58	34.504	3.88778	38.1977	0.456747
17	59	34.3405	3.73197	37.9823	0.454965
17	60	34.1939	3.5684	37.7788	0.452781
17	61	34.0604	3.39779	37.5843	0.450252
17	62	33.9396	3.21727	37.3971	0.447312
17	63	33.8269	3.02991	37.2147	0.444082
17	64	33.7192	2.83833	37.0353	0.440661
17	65	33.6158	2.64347	36.8589	0.437076
17	66	33.5166	2.44672	36.686	0.433361
17	67	33.4213	2.24997	36.5172	0.429567
17	68	33.3294	2.05301	36.3519	0.425694
17	69	33.2402	1.85725	36.1901	0.421786
17	70	33.1539	1.66074	36.0311	0.417791
17	71	33.0698	1.46369	35.8747	0.413721
17	72	32.9878	1.26655	35.7206	0.40959
17	73	32.908	1.07024	35.5695	0.405422
17	74	32.8309	0.875938	35.4224	0.401239
17	75	32.7572	0.67902	35.278	0.396916
17	76	32.687	0.480706	35.1369	0.392484
17	77	32.6198	0.281663	34.999	0.387964
17	78	32.5552	0.0819262	34.8641	0.383361
17	79	32.494	-0.118652	34.7326	0.378664
17	80	32.4371	-0.31996	34.6057	0.373867
17	81	32.3851	-0.521389	34.4842	0.368981
17	82	32.3367	-0.719745	34.3679	0.364105
17	83	32.2918	-0.91482	34.2568	0.359251
17	84	32.2496	-1.10689	34.1502	0.35442
17	85	32.2117	-1.29718	34.049	0.349565
17	86	32.1772	-1.48677	33.9521	0.344666
17	87	32.1553	-1.67739	33.8676	0.339587
17	88	32.144	-1.87135	33.7927	0.334287
17	89	32.15	-2.07167	33.7332	0.328619
17	90	32.1692	-2.27975	33.6849	0.322588
17	91	32.2107	-2.47456	33.663	0.316709
17	92	32.2692	-2.65363	33.6634	0.311113
17	93	32.3502	-2.81967	33.6902	0.305685
17	94	32.4382	-2.98029	33.7262	0.300359
17	95	32.5318	-3.13763	33.7696	0.295087
17	96	32.63	-3.29341	33.8187	0.289836
17	97	32.7308	-3.4504	33.8709	0.284543
17	98	32.8375	-3.60564	33.9301	0.27927
17	99	32.9479	-3.76117	33.9939	0.273976
17	100	33.0633	-3.91638	34.0635	0.268673
17	101	33.1826	-4.07148	34.1378	0.263365
17	102	33.3048	-4.2264	34.216	0.258063
17	103	33.4298	-4.3803	34.298	0.252795
17	104	33.5559	-4.53408	34.3821	0.247547
17	105	33.6836	-4.68728	34.4689	0.24233
17	106	33.8129	-4.84057	34.5581	0.237126
17	107	33.9433	-4.99472	34.6491	0.231917
17	108	34.0758	-5.14884	34.743	0.226724
17	109	34.2098	-5.30247	34.8396	0.221562
17	110	34.3446	-5.45537	34.9379	0.216445
17	111	34.4798	-5.60702	35.0379	0.211389
17	112	34.6158	-5.7571	35.1398	0.206401
17	113	34.7498	-5.90865	35.2403	0.201413
17	114	34.8848	-6.05946	35.3429	0.196468
17	115	35.0217	-6.2086	35.4485	0.191587
17	116	35.1598	-6.35572	35.5564	0.186786
17	117	35.2975	-6.50065	35.6652	0.182076
17	118	35.4358	-6.64473	35.7755	0.177415
17	119	35.5738	-6.7878	35.8865	0.172812
17	120	35.7126	-6.92856	35.9994	0.168298
17	121	35.851	-7.0683	36.1128	0.163841
17	122	35.9922	-7.20549	36.23	0.159469
17	123	36.1343	-7.34085	36.3492	0.155172
17	124	36.2804	-7.47001	36.4739	0.151054
17	125	36.4451	-7.5401	36.6263	0.148486
17	126	36.6254	-7.58948	36.7974	0.146433
17	127	36.8174	-7.596	36.9864	0.145502
17	128	37.0193	-7.60252	37.1852	0.144541
17	129	37.2387	-7.58233	37.4053	0.14423
17	130	37.4839	-7.54952	37.6526	0.144156
17	131	37.7636	-7.4942	37.9373	0.14454
17	132	38.0406	-7.43013	38.2207	0.145156
17	133	38.3153	-7.35597	38.5032	0.14603
17	134	38.5873	-7.27028	38.7848	0.147195
17	135	38.8547	-7.17164	39.0639	0.148688
17	136	39.1157	-7.06074	39.3385	0.150494
17	137	39.3697	-6.93938	39.6079	0.152562
17	138	39.6176	-6.80856	39.8729	0.15486
17	139	39.8603	-6.66757	40.1346	0.157398
17	140	40.097	-6.51478	40.3924	0.160215
17	141	40.3256	-6.34951	40.6446	0.163332
17	142	40.5441	-6.1732	40.8891	0.166718
17	143	40.7525	-5.98825	41.1256	0.170312
17	144	40.9522	-5.796	41.3553	0.174074
17	145	41.1445	-5.5961	41.5797	0.178008
17	146	41.329	-5.3872	41.7986	0.182146
17	147	41.5037	-5.16856	42.0104	0.186511
17	148	41.6669	-4.94121	42.2134	0.191086
17	149	41.8182	-4.70722	42.4068	0.195826
17	150	41.9589	-4.46783	42.5919	0.200697
17	151	42.09	-4.22269	42.7698	0.205702
17	152	42.211	-3.97068	42.9403	0.210871
17	153	42.3201	-3.71142	43.1019	0.216224
17	154	42.4154	-3.44642	43.2524	0.221735
18	0	-31.2474	0.603297	34.2672	2.73469
18	1	-31.275	0.824752	34.3807	2.72909
18	2	-31.3031	1.04354	34.4947	2.72361
18	3	-31.3307	1.26007	34.6083	2.71821
18	4	-31.3589	1.47445	34.7226	2.71292
18	5	-31.3904	1.692	34.8422	2.70761
18	6	-31.4256	1.9114	34.9668	2.70234
18	7	-31.4634	2.13107	35.0949	2.69714
18	8	-31.5035	2.34967	35.2256	2.69202
18	9	-31.5458	2.56666	35.3584	2.68701
18	10	-31.5905	2.78218	35.4936	2.68211
18	11	-31.6386	2.99647	35.6322	2.67732
18	12	-31.6911	3.20965	35.775	2.67265
18	13	-31.7466	3.42023	35.92	2.66812
18	14	-31.8053	3.62783	36.0673	2.66374
18	15	-31.8684	3.83185	36.2175	2.65954
18	16	-31.937	4.03229	36.3715	2.65553
18	17	-32.0173	4.22624	36.5333	2.65186
18	18	-32.115	4.41256	36.7073	2.64863
18	19	-32.2315	4.59374	36.8959	2.6458
18	20	-32.3671	4.77431	37.1012	2.64326
18	21	-32.5125	4.93142	37.304	2.64142
18	22	-32.6706	5.05956	37.5042	2.64045
18	23	-32.8432	5.16046	37.7041	2.6403
18	24	-33.0261	5.244	37.9047	2.64069
18	25	-33.2165	5.31184	38.1043	2.64152
18	26	-33.4096	5.3728	38.303	2.64255
18	27	-33.6055	5.42233	38.4987	2.64385
18	28	-33.8009	5.46899	38.6927	2.6452
18	29	-33.997	5.5057	38.8827	2.64677
18	30	-34.1921	5.54234	39.0718	2.64832
18	31	-34.3885	5.56793	39.257	2.65011
18	32	-34.5854	5.59064	39.4413	2.65196
18	33	-34.7843	5.59659	39.6198	2.65419
18	34	-34.9846	5.58846	39.7931	2.65673
18	35	-35.1863	5.55281	39.9551	2.65987
18	36	-35.391	5.49367	40.1094	2.66354
18	37	-35.5989	5.40826	40.2551	2.6678
18	38	-35.7912	5.31069	40.382	2.67212
18	39	-35.9679	5.20111	40.4904	2.67651
18	40	-36.1331	5.08335	40.5856	2.68093
18	41	-36.2912	4.95966	40.6727	2.68538
18	42	-36.4473	4.83308	40.7575	2.68986
18	43	-36.6025	4.7028	40.8406	2.69439
18	44	-36.7595	4.56929	40.9249	2.69899
18	45	-36.9197	4.43171	41.0112	2.70369
18	46	-37.0813	4.29028	41.0981	2.70848
18	47	-37.2456	4.14645	41.1873	2.71332
18	48	-37.4088	4.00122	41.2759	2.71816
18	49	-37.5716	3.85471	41.3647	2.72301
18	50	-37.7309	3.70628	41.4503	2.72784
18	51	-37.8914	3.5599	41.539	2.73262
18	52	-38.0541	3.41487	41.6311	2.73737
18	53	-38.2157	3.26684	41.7219	2.74216
18	54	-38.3779	3.11819	41.814	2.74694
18	55	-38.5378	2.96699	41.9039	2.75174
18	56	-38.7002	2.81937	41.9984	2.75646
18	57	-38.8655	2.67527	42.098	2.76111
18	58	-39.0275	2.52673	42.1937	2.7658
18	59	-39.1936	2.38061	42.295	2.77046
18	60	-39.3632	2.23499	42.4007	2.77511
18	61	-39.5343	2.08766	42.5082	2.77979
18	62	-39.7055	1.94001	42.6164	2.78445
18	63	-39.877	1.79343	42.7264	2.78907
18	64	-40.0492	1.64789	42.8382	2.79364
18	65	-40.22	1.50046	42.9489	2.79823
18	66	-40.3915	1.35296	43.0612	2.80279
18	67	-40.5621	1.20418	43.1731	2.80736
18	68	-40.7224	1.04754	43.2736	2.81199
18	69	-40.8374	0.879021	43.3283	2.81653
18	70	-40.9113	0.687994	43.3378	2.82125
18	71	-40.9905	0.497924	43.3537	2.82599
18	72	-41.0527	0.295577	43.3505	2.83087
18	73	-41.0988	0.0751838	43.3276	2.83604
18	74	-41.1294	-0.171174	43.2834	2.84168
18	75	-41.1447	-0.452378	43.2158	2.848
18	76	-41.1492	-0.733846	43.1395	2.85428
18	77	-41.1432	-1.01609	43.0545	2.86053
18	78	-41.1243	-1.29865	42.9589	2.86672
18	79	-41.0912	-1.57947	42.8515	2.87282
18	80	-41.0443	-1.85623	42.7336	2.87877
18	81	-40.986	-2.12823	42.6074	2.88458
18	82	-40.9179	-2.39634	42.474	2.89028
18	83	-40.8396	-2.66165	42.3329	2.89589
18	84	-40.7496	-2.92421	42.1824	2.90141
18	85	-40.6462	-3.18239	42.0211	2.90679
18	86	-40.5298	-3.43386	41.85	2.91199
18	87	-40.4023	-3.67743	41.6709	2.91698
18	88	-40.266	-3.91378	41.4859	2.92181
18	89	-40.1215	-4.14427	41.295	2.92649
18	90	-39.9677	-4.3696	41.0972	2.93105
18	91	-39.8033	-4.58896	40.8909	2.93545
18	92	-39.6273	-4.80028	40.6757	2.93965
18	93	-39.4409	-5.00166	40.4531	2.94361
18	94	-39.2465	-5.19293	40.2251	2.94732
18	95	-39.0456	-5.37546	39.9929	2.95083
18	96	-38.8379	-5.55062	39.756	2.95416
18	97	-38.6219	-5.71852	39.5128	2.95732
18	98	-38.3961	-5.87736	39.2619	2.96024
18	99	-38.1603	-6.02428	39.0036	2.96286
18	100	-37.9167	-6.15739	38.7403	2.96512
18	101	-37.6682	-6.27746	38.4746	2.96706
18	102	-37.4164	-6.38704	38.2077	2.96874
18	103	-37.1612	-6.48825	37.9389	2.97021
18	104	-36.9016	-6.58031	37.6674	2.97144
18	105	-36.6705	-6.64795	37.4283	2.97218
18	106	-36.4589	-6.692	37.2122	2.97238
18	107	-36.2606	-6.72236	37.0116	2.97229
18	108	-36.0686	-6.7294	36.8212	2.9716
18	109	-35.8794	-6.72484	36.6355	2.9706
18	110	-35.7009	-6.66978	36.4691	2.96828
18	111	-35.5215	-6.57224	36.3095	2.96479
18	112	-35.3473	-6.44009	36.1616	2.96034
18	113	-35.1748	-6.30657	36.0163	2.95583
18	114	-35.0034	-6.17212	35.8731	2.95127
18	115	-34.8319	-6.03828	35.7304	2.94668
18	116	-34.6615	-5.90333	35.5897	2.94203
18	117	-34.4906	-5.76617	35.4498	2.93728
18	118	-34.319	-5.62852	35.3101	2.93248
18	119	-34.148	-5.49093	35.1717	2.92764
18	120	-33.9788	-5.35304	35.0361	2.92277
18	121	-33.8118	-5.21462	34.9036	2.91786
18	122	-33.6459	-5.07609	34.773	2.91292
18	123	-33.4801	-4.93782	34.6433	2.90795
18	124	-33.315	-4.79872	34.5153	2.90292
18	125	-33.151	-4.65869	34.3895	2.89784
18	126	-32.9889	-4.51853	34.2665	2.89272
18	127	-32.8295	-4.37861	34.1469	2.8876
18	128	-32.6733	-4.2389	34.0312	2.88248
18	129	-32.52	-4.09933	33.9192	2.87734
18	130	-32.3699	-3.95848	33.8116	2.87216
18	131	-32.2229	-3.81868	33.7076	2.867
18	132	-32.08	-3.67769	33.6087	2.86181
18	133	-31.9413	-3.53491	33.5153	2.85657
18	134	-31.8088	-3.38809	33.4299	2.85124
18	135	-31.6824	-3.23715	33.3525	2.84582
18	136	-31.5662	-3.0773	33.2884	2.84021
18	137	-31.4621	-2.90347	33.2413	2.83429
18	138	-31.3708	-2.7131	33.2125	2.82799
18	139	-31.2891	-2.50342	33.2002	2.82123
18	140	-31.2251	-2.29312	33.2064	2.81461
18	141	-31.1755	-2.08042	33.2285	2.80807
18	142	-31.1418	-1.86331	33.2684	2.80157
18	143	-31.1236	-1.64027	33.3263	2.79508
18	144	-31.1175	-1.41339	33.3983	2.78863
18	145	-31.1199	-1.18675	33.4796	2.7823
18	146	-31.1276	-0.961886	33.5665	2.77611
18	147	-31.1379	-0.739385	33.6563	2.77004
18	148	-31.1497	-0.517399	33.7485	2.76404
18	149	-31.1623	-0.295435	33.8427	2.75808
18	150	-31.178	-0.0715059	33.9416	2.75214
18	151	-31.1975	0.153876	34.0458	2.74623
18	152	-31.221	0.379336	34.1548	2.7404
25	0	35.752	-8.9377	35.757	0.112689
25	1	35.7768	-8.71995	35.8066	0.118654
25	2	35.79	-8.52013	35.844	0.124146
25	3	35.7975	-8.33042	35.8755	0.129368
25	4	35.7739	-8.1487	35.876	0.134475
25	5	35.7244	-7.98281	35.8496	0.139246
25	6	35.6136	-7.83059	35.7613	0.143892
25	7	35.5006	-7.67658	35.672	0.148619
25	8	35.383	-7.52002	35.5792	0.15346
25	9	35.2589	-7.36425	35.4809	0.158333
25	10	35.1337	-7.20778	35.3823	0.163259
25	11	35.0058	-7.05149	35.282	0.168218
25	12	34.8786	-6.89531	35.1832	0.1732
25	13	34.7504	-6.7398	35.0841	0.178196
25	14	34.6197	-6.58523	34.9833	0.183207
25	15	34.4871	-6.43029	34.8815	0.188267
25	16	34.3543	-6.2734	34.7809	0.193413
25	17	34.2194	-6.11684	34.6791	0.198591
25	18	34.0838	-5.96041	34.5775	0.203799
25	19	33.9482	-5.80414	34.4768	0.209034
25	20	33.8126	-5.64815	34.3771	0.214291
25	21	33.6763	-5.49264	34.2774	0.21957
25	22	33.5369	-5.33884	34.1754	0.224851
25	23	33.3992	-5.182	34.0766	0.230239
25	24	33.2617	-5.02306	33.9794	0.235717
25	25	33.1209	-4.86549	33.8799	0.241209
25	26	32.9805	-4.70718	33.7818	0.246753
25	27	32.8396	-4.54949	33.6843	0.252314
25	28	32.6975	-4.39299	33.5862	0.257883
25	29	32.5541	-4.23707	33.4879	0.263477
25	30	32.41	-4.08082	33.39	0.269118
25	31	32.2637	-3.92558	33.2908	0.274782
25	32	32.115	-3.77121	33.19	0.280475
25	33	31.9635	-3.62031	33.0868	0.286125
25	34	31.8076	-3.47693	32.9782	0.29163
25	35	31.6469	-3.34389	32.863	0.296913
25	36	31.4784	-3.22514	32.737	0.301888
25	37	31.2999	-3.11957	32.5983	0.306608
25	38	31.1102	-3.02521	32.4463	0.311145
25	39	30.9048	-2.94156	32.2767	0.315561
25	40	30.6995	-2.87743	32.1016	0.319445
25	41	30.4918	-2.83512	31.9179	0.322747
25	42	30.2798	-2.81512	31.7233	0.325465
25	43	30.0645	-2.81297	31.5201	0.327713
25	44	29.849	-2.82316	31.3128	0.32962
25	45	29.6343	-2.84224	31.1036	0.331274
25	46	29.4216	-2.86766	30.8942	0.332735
25	47	29.2108	-2.89751	30.6852	0.33406
25	48	29.0012	-2.93027	30.4765	0.335299
25	49	28.7924	-2.96615	30.2675	0.33645
25	50	28.584	-3.00667	30.0575	0.337466
25	51	28.3767	-3.05396	29.8462	0.338271
25	52	28.1718	-3.11094	29.634	0.338751
25	53	27.973	-3.18354	29.4224	0.33867
25	54	27.7856	-3.27883	29.214	0.337724
25	55	27.6078	-3.39926	29.0064	0.335838
25	56	27.4352	-3.53963	28.7972	0.333211
25	57	27.2755	-3.69282	28.5963	0.329976
25	58	27.1334	-3.84773	28.4119	0.326438
25	59	27.0069	-4.00828	28.2408	0.322489
25	60	26.8914	-4.1723	28.0796	0.318253
25	61	26.7826	-4.34215	27.9233	0.313695
25	62	26.6756	-4.51492	27.7686	0.308965
25	63	26.5729	-4.69106	27.6175	0.30402
25	64	26.4704	-4.87095	27.4662	0.298889
25	65	26.3701	-5.05461	27.3167	0.293544
25	66	26.2737	-5.2418	27.1707	0.287976
25	67	26.1751	-5.43306	27.0223	0.282226
25	68	26.0792	-5.63865	26.8734	0.275873
25	69	25.9542	-5.84621	26.6972	0.269667
25	70	25.758	-6.05782	26.4521	0.263932
25	71	25.6056	-6.26426	26.2516	0.257855
25	72	25.4982	-6.47533	26.0945	0.251083
25	73	25.415	-6.68738	25.962	0.243967
25	74	25.3455	-6.89453	25.8451	0.23684
25	75	25.2848	-7.10207	25.7381	0.229554
25	76	25.2326	-7.30629	25.6414	0.222262
25	77	25.1899	-7.51382	25.5548	0.214709
25	78	25.1602	-7.72077	25.4825	0.207022
25	79	25.1483	-7.93486	25.4276	0.198879
25	80	25.1612	-8.1539	25.3979	0.190324
25	81	25.2148	-8.39299	25.4066	0.180684
25	82	25.322	-8.64421	25.4682	0.170224
25	83	25.3578	-8.8886	25.4633	0.160527
25	84	25.3572	-9.12057	25.4267	0.151525
25	85	25.3625	-9.34698	25.3987	0.142681
25	86	25.3682	-9.56874	25.3738	0.133998
25	87	25.3739	-9.79055	25.3508	0.125297
25	88	25.3823	-10.0099	25.3326	0.116663
25	89	25.3923	-10.2286	25.318	0.108038
25	90	25.4052	-10.4457	25.3084	0.0994543
25	91	25.4203	-10.6624	25.3028	0.090874
25	92	25.441	-10.8786	25.3048	0.0822918
25	93	25.4719	-11.0926	25.3189	0.0737673
25	94	25.5203	-11.3021	25.3526	0.065387
25	95	25.5889	-11.5084	25.4084	0.0571079
25	96	25.6774	-11.7129	25.486	0.0488967
25	97	25.7802	-11.8987	25.5803	0.041447
25	98	25.8972	-12.0684	25.6907	0.0346588
25	99	26.032	-12.2198	25.8207	0.0286163
25	100	26.1861	-12.3567	25.9712	0.0231778
25	101	26.3487	-12.4847	26.1311	0.0181381
25	102	26.5156	-12.6078	26.2961	0.0133408
25	103	26.6844	-12.7294	26.4635	0.00866168
25	104	26.8562	-12.8494	26.6346	0.0041014
25	105	27.0305	-12.9682	26.8086	-0.000357169
25	106	27.2068	-13.0852	26.9853	-0.00468972
25	107	27.384	-13.2001	27.1632	-0.0088904
25	108	27.5609	-13.3127	27.3413	-0.0129513
25	109	27.7368	-13.4236	27.5188	-0.0168969
25	110	27.911	-13.5338	27.6951	-0.0207686
25	111	28.0844	-13.6432	27.871	-0.0245638
25	112	28.2581	-13.7508	28.0474	-0.0282496
25	113	28.4316	-13.8576	28.2241	-0.0318571
25	114	28.6047	-13.9628	28.4006	-0.0353662
25	115	28.7765	-14.0663	28.5761	-0.0387727
25	116	28.9471	-14.166	28.7506	-0.0420068
25	117	29.1153	-14.263	28.9228	-0.0451131
25	118	29.2825	-14.3544	29.0941	-0.0479936
25	119	29.4473	-14.4431	29.2631	-0.050752
25	120	29.6125	-14.5247	29.4323	-0.0532365
25	121	29.777	-14.6018	29.6007	-0.0555408
25	122	29.9413	-14.669	29.7686	-0.0574867
25	123	30.102	-14.7369	29.933	-0.0594438
25	124	30.2504	-14.8133	30.0858	-0.0616865
25	125	30.3986	-14.8322	30.2348	-0.0620093
25	126	30.5619	-14.7967	30.3956	-0.0605078
25	127	30.7373	-14.7745	30.5694	-0.0594383
25	128	30.9235	-14.7291	30.7527	-0.0576041
25	129	31.1264	-14.6614	30.9514	-0.0550436
25	130	31.351	-14.5692	31.1707	-0.0516917
25	131	31.6062	-14.4488	31.4197	-0.0474454
25	132	31.8588	-14.3199	31.6662	-0.0430019
25	133	32.1089	-14.1818	31.9104	-0.0383424
25	134	32.3548	-14.0328	32.1508	-0.0334163
25	135	32.594	-13.8725	32.3851	-0.0282219
25	136	32.8252	-13.7027	32.6119	-0.0228189
25	137	33.049	-13.5256	32.832	-0.017271
25	138	33.2669	-13.3418	33.0472	-0.0115943
25	139	33.4795	-13.1501	33.2581	-0.00575675
25	140	33.6857	-12.9491	33.4638	0.000282815
25	141	33.8834	-12.739	33.6623	0.00652272
25	142	34.0717	-12.5216	33.8526	0.01291
25	143	34.2513	-12.2987	34.0358	0.0193913
25	144	34.4239	-12.0706	34.2136	0.0259582
25	145	34.5901	-11.8361	34.3865	0.0326482
25	146	34.7485	-11.5937	34.5536	0.0395101
25	147	34.8966	-11.3433	34.7123	0.0465518
25	148	35.0329	-11.0867	34.8613	0.0537211
25	149	35.1582	-10.8263	35.0013	0.0609574
25	150	35.2745	-10.5627	35.1344	0.0682457
25	151	35.3826	-10.2948	35.2615	0.075616
25	152	35.4814	-10.0216	35.3816	0.0831049
25	153	35.569	-9.74359	35.493	0.0907061
25	154	35.6442	-9.46296	35.5944	0.0983663
25	155	35.7087	-9.18197	35.6872	0.106025
26	0	-25.7706	-9.03448	26.2871	2.99175
26	1	-25.7847	-8.83438	26.3316	2.98432
26	2	-25.802	-8.63389	26.3808	2.97692
26	3	-25.8227	-8.43419	26.4346	2.96959
26	4	-25.8465	-8.23618	26.4926	2.96238
26	5	-25.8727	-8.03471	26.555	2.95509
26	6	-25.902	-7.83083	26.6224	2.94777
26	7	-25.9365	-7.62659	26.6963	2.94051
26	8	-25.9757	-7.42431	26.7758	2.9334
26	9	-26.0182	-7.22026	26.8602	2.9263
26	10	-26.0633	-7.01548	26.9487	2.91923
26	11	-26.1117	-6.8108	27.0417	2.91224
26	12	-26.1628	-6.6047	27.1389	2.90527
26	13	-26.2187	-6.39626	27.2427	2.89832
26	14	-26.2812	-6.18741	27.3544	2.89146
26	15	-26.3515	-5.98073	27.4743	2.8848
26	16	-26.4318	-5.78013	27.6034	2.87851
26	17	-26.5253	-5.58972	27.7437	2.87276
26	18	-26.6319	-5.40828	27.8951	2.8675
26	19	-26.7532	-5.23503	28.0591	2.86273
26	20	-26.8917	-5.06854	28.2382	2.85841
26	21	-27.0401	-4.92014	28.4224	2.85486
26	22	-27.2025	-4.79239	28.6144	2.85218
26	23	-27.3777	-4.68004	28.8144	2.85018
26	24	-27.5621	-4.57875	29.0202	2.84866
26	25	-27.7524	-4.48572	29.2292	2.84749
26	26	-27.9454	-4.39916	29.4391	2.84658
26	27	-28.1386	-4.3168	29.6479	2.84582
26	28	-28.3314	-4.23865	29.8551	2.8452
26	29	-28.5243	-4.16384	30.0614	2.84469
26	30	-28.7186	-4.09454	30.2676	2.84438
26	31	-28.9123	-4.02703	30.4725	2.84412
26	32	-29.1064	-3.96605	30.6759	2.84408
26	33	-29.2991	-3.90769	30.8773	2.8441
26	34	-29.4918	-3.85889	31.0758	2.84441
26	35	-29.6827	-3.81246	31.272	2.84478
26	36	-29.8747	-3.77804	31.4656	2.84552
26	37	-30.068	-3.75192	31.6581	2.84651
26	38	-30.267	-3.7488	31.8496	2.84824
26	39	-30.4739	-3.7628	32.0436	2.85052
26	40	-30.6915	-3.79878	32.2419	2.85353
26	41	-30.9013	-3.85087	32.4284	2.85691
26	42	-31.1047	-3.9208	32.6042	2.86072
26	43	-31.3013	-4.01193	32.7681	2.86505
26	44	-31.4929	-4.12525	32.922	2.86995
26	45	-31.6784	-4.24971	33.0677	2.87508
26	46	-31.8595	-4.37962	33.2086	2.88029
26	47	-32.0383	-4.51114	33.3478	2.88549
26	48	-32.2164	-4.64272	33.4872	2.89064
26	49	-32.394	-4.77424	33.6271	2.89574
26	50	-32.571	-4.90858	33.7665	2.90087
26	51	-32.7462	-5.04545	33.9045	2.90602
26	52	-32.9191	-5.18353	34.0408	2.91115
26	53	-33.0899	-5.32154	34.176	2.91623
26	54	-33.2598	-5.459	34.3113	2.92124
26	55	-33.4294	-5.59624	34.4472	2.9262
26	56	-33.5989	-5.73405	34.5838	2.93114
26	57	-33.7676	-5.87297	34.7202	2.93607
26	58	-33.9344	-6.01289	34.8553	2.94098
26	59	-34.0984	-6.15307	34.9885	2.94584
26	60	-34.2596	-6.29297	35.1198	2.95064
26	61	-34.4184	-6.43266	35.2496	2.95538
26	62	-34.5751	-6.57321	35.378	2.96011
26	63	-34.73	-6.71578	35.505	2.96484
26	64	-34.881	-6.85914	35.6289	2.96955
26	65	-35.0264	-7.00511	35.7475	2.97427
26	66	-35.1603	-7.15629	35.8547	2.97905
26	67	-35.2977	-7.29714	35.9679	2.98353
26	68	-35.39	-7.45424	36.0347	2.98824
26	69	-35.4419	-7.6398	36.0582	2.99355
26	70	-35.4743	-7.83765	36.0616	2.99911
26	71	-35.4944	-8.05203	36.0517	3.00507
26	72	-35.5056	-8.29131	36.031	3.01169
26	73	-35.5036	-8.56367	35.9948	3.01919
26	74	-35.4839	-8.88115	35.9378	3.02789
26	75	-35.4472	-9.19993	35.8665	3.0366
26	76	-35.3932	-9.51563	35.7811	3.04522
26	77	-35.3248	-9.8259	35.6845	3.05369
26	78	-35.2446	-10.1321	35.5789	3.06207
26	79	-35.1512	-10.4361	35.4629	3.0704
26	80	-35.0421	-10.7368	35.3339	3.07867
26	81	-34.917	-11.0302	35.1917	3.08677
26	82	-34.7794	-11.3147	35.0399	3.09466
26	83	-34.6322	-11.5922	34.8808	3.10241
26	84	-34.4744	-11.8647	34.7135	3.11008
26	85	-34.3032	-12.1317	34.5349	3.11765
26	86	-34.1172	-12.3895	34.3438	3.12502
26	87	-33.9194	-12.6355	34.1428	3.13213
26	88	-33.7127	-12.871	33.9347	3.13901
26	89	-33.4972	-13.0982	33.7194	-3.13745
26	90	-33.2705	-13.317	33.4943	-3.13089
26	91	-33.0317	-13.5242	33.2584	-3.12459
26	92	-32.7834	-13.7174	33.014	-3.11861
26	93	-32.5288	-13.8977	32.7641	-3.11293
26	94	-32.2681	-14.0676	32.5089	-3.10747
26	95	-31.9999	-14.2273	32.2467	-3.10224
26	96	-31.7241	-14.3744	31.9774	-3.0973
26	97	-31.4844	-14.4862	31.743	-3.09345
26	98	-31.2733	-14.569	31.5363	-3.09051
26	99	-31.0834	-14.6279	31.3497	-3.08832
26	100	-30.9075	-14.6661	31.1762	-3.0868
26	101	-30.7397	-14.6822	31.0095	-3.08598
26	102	-30.5802	-14.713	30.852	-3.0847
26	103	-30.4351	-14.6915	30.7059	-3.08513
26	104	-30.2891	-14.6164	30.556	-3.08731
26	105	-30.1307	-14.5556	30.3946	-3.08903
26	106	-29.9664	-14.4978	30.2275	-3.09065
26	107	-29.8014	-14.4269	30.0591	-3.09273
26	108	-29.6317	-14.3523	29.8861	-3.09494
26	109	-29.4634	-14.2691	29.7142	-3.09748
26	110	-29.295	-14.1829	29.5422	-3.10014
26	111	-29.1269	-14.0938	29.3707	-3.10293
26	112	-28.9597	-14.0009	29.2002	-3.10589
26	113	-28.7925	-13.9057	29.0298	-3.10896
26	114	-28.6241	-13.8083	28.8585	-3.11215
26	115	-28.4539	-13.7098	28.6857	-3.1154
26	116	-28.2827	-13.6094	28.512	-3.11877
26	117	-28.1117	-13.5067	28.3389	-3.12225
26	118	-27.9419	-13.4024	28.1673	-3.12583
26	119	-27.7734	-13.2981	27.9973	-3.12947
26	120	-27.6072	-13.1923	27.8301	-3.13319
26	121	-27.4416	-13.0832	27.6638	-3.13709
26	122	-27.2749	-12.9729	27.4967	-3.14107
26	123	-27.1094	-12.8579	27.3315	3.13791
26	124	-26.944	-12.7419	27.1667	3.13361
26	125	-26.7879	-12.615	27.0119	3.12887
26	126	-26.6363	-12.4865	26.8623	3.12402
26	127	-26.5027	-12.3444	26.7316	3.11861
26	128	-26.3799	-12.1965	26.6127	3.11295
26	129	-26.2711	-12.0367	26.509	3.10681
26	130	-26.1697	-11.8666	26.4142	3.10024
26	131	-26.0854	-11.6976	26.3375	3.0937
26	132	-26.0179	-11.5262	26.2789	3.08706
26	133	-25.9611	-11.3523	26.2322	3.08032
26	134	-25.9149	-11.1744	26.1976	3.07343
26	135	-25.8736	-10.9915	26.1696	3.06635
26	136	-25.8391	-10.8037	26.1499	3.05909
26	137	-25.8124	-10.6119	26.1398	3.0517
26	138	-25.7905	-10.4182	26.1361	3.04424
26	139	-25.777	-10.2238	26.1423	3.03679
26	140	-25.7666	-10.0309	26.1528	3.02941
26	141	-25.7604	-9.83427	26.1694	3.02192
26	142	-25.7555	-9.63477	26.1891	3.01433
26	143	-25.7553	-9.43364	26.2152	3.00672
26	144	-25.7601	-9.23276	26.2477	2.99916
32	0	30.145	-17.0363	30.1997	-0.135438
32	1	30.1292	-16.7224	30.1432	-0.125189
32	2	30.1015	-16.4529	30.0833	-0.116416
32	3	30.0628	-16.2154	30.0181	-0.108709
32	4	30.013	-15.9999	29.946	-0.101733
32	5	29.9523	-15.7999	29.8659	-0.09528
32	6	29.8745	-15.612	29.7711	-0.0892439
32	7	29.7642	-15.4482	29.6471	-0.0840733
32	8	29.611	-15.3064	29.4827	-0.0797165
32	9	29.432	-15.179	29.2944	-0.0758673
32	10	29.2513	-15.0573	29.1052	-0.0721685
32	11	29.0727	-14.9369	28.9186	-0.0684638
32	12	28.8948	-14.8184	28.7331	-0.06477
32	13	28.7164	-14.7019	28.5478	-0.0611038
32	14	28.5374	-14.5867	28.3623	-0.0574339
32	15	28.3595	-14.4699	28.1782	-0.0536584
32	16	28.1812	-14.3548	27.9942	-0.0498952
32	17	28.0026	-14.2432	27.8104	-0.0462067
32	18	27.8253	-14.1344	27.6285	-0.0425713
32	19	27.6508	-14.0267	27.4497	-0.0389208
32	20	27.4777	-13.9214	27.2728	-0.0353111
32	21	27.3054	-13.8184	27.0972	-0.0317339
32	22	27.1333	-13.7173	26.9222	-0.0281838
32	23	26.9611	-13.6181	26.7474	-0.0246601
32	24	26.7895	-13.5204	26.5735	-0.021143
32	25	26.6178	-13.4268	26.4	-0.0177341
32	26	26.4474	-13.3365	26.2282	-0.0144092
32	27	26.2772	-13.253	26.057	-0.0112985
32	28	26.1083	-13.1739	25.8873	-0.00831754
32	29	25.9389	-13.1012	25.7175	-0.00554642
32	30	25.7709	-13.0311	25.5491	-0.00283746
32	31	25.5998	-12.9696	25.3779	-0.000433141
32	32	25.4259	-12.9107	25.204	0.00190235
32	33	25.2414	-12.8723	25.0197	0.00344999
32	34	25.0432	-12.8508	24.8215	0.00434484
32	35	24.8288	-12.8573	24.6071	0.00411756
32	36	24.5977	-12.884	24.3759	0.00306192
32	37	24.3728	-12.9293	24.151	0.00121502
32	38	24.1539	-12.9875	23.9321	-0.00120517
32	39	23.9398	-13.0588	23.7181	-0.00422564
32	40	23.7277	-13.1416	23.5066	-0.00778563
32	41	23.5177	-13.2315	23.2974	-0.0117131
32	42	23.3082	-13.3252	23.0893	-0.0158794
32	43	23.0997	-13.4229	22.8826	-0.0202922
32	44	22.8923	-13.5247	22.6775	-0.0249665
32	45	22.6871	-13.6315	22.4753	-0.0299431
32	46	22.4866	-13.7446	22.2786	-0.0352869
32	47	22.292	-13.8631	22.0886	-0.0409577
32	48	22.1036	-13.9868	21.9059	-0.046952
32	49	21.9222	-14.119	21.7314	-0.0534226
32	50	21.7473	-14.2621	21.5649	-0.0604799
32	51	21.5769	-14.4202	21.4049	-0.0683351
32	52	21.4128	-14.5976	21.2542	-0.0771882
32	53	21.272	-14.7804	21.1288	-0.0863319
32	54	21.1548	-14.9714	21.0294	-0.095861
32	55	21.0587	-15.1705	20.9539	-0.105756
32	56	20.9774	-15.3751	20.8957	-0.115904
32	57	20.9057	-15.5821	20.8495	-0.126164
32	58	20.8407	-15.7896	20.8122	-0.13645
32	59	20.7794	-15.9971	20.7809	-0.146742
32	60	20.7208	-16.2051	20.7544	-0.157071
32	61	20.6656	-16.4143	20.7337	-0.167453
32	62	20.6142	-16.6245	20.7192	-0.177866
32	63	20.5673	-16.8345	20.7113	-0.188248
32	64	20.5269	-17.0459	20.7123	-0.198638
32	65	20.4923	-17.2565	20.721	-0.208932
32	66	20.4616	-17.4647	20.7353	-0.219064
32	67	20.4326	-17.67	20.7526	-0.229022
32	68	20.4045	-17.8724	20.7722	-0.238819
32	69	20.379	-18.0768	20.7968	-0.248661
32	70	20.3568	-18.2828	20.8269	-0.258509
32	71	20.3385	-18.4889	20.8629	-0.268285
32	72	20.3245	-18.693	20.9045	-0.277878
32	73	20.3172	-18.8988	20.955	-0.287417
32	74	20.3157	-19.104	21.0126	-0.2968
32	75	20.3185	-19.3071	21.0755	-0.305979
32	76	20.3236	-19.5079	21.1418	-0.314961
32	77	20.3298	-19.7062	21.2099	-0.323761
32	78	20.3383	-19.9017	21.2809	-0.332346
32	79	20.3507	-20.0991	21.3578	-0.340892
32	80	20.3702	-20.2965	21.443	-0.349261
32	81	20.3948	-20.4921	21.5337	-0.357409
32	82	20.425	-20.6846	21.63	-0.365254
32	83	20.4609	-20.8725	21.7313	-0.372744
32	84	20.4993	-21.0564	21.8345	-0.379945
32	85	20.5434	-21.2381	21.9434	-0.386891
32	86	20.593	-21.4182	22.0578	-0.393606
32	87	20.6489	-21.5977	22.1788	-0.400111
32	88	20.7267	-21.7712	22.3183	-0.405913
32	89	20.8197	-21.9448	22.4727	-0.411378
32	90	20.9385	-22.1148	22.6498	-0.416159
32	91	21.0693	-22.2794	22.8362	-0.420438
32	92	21.2132	-22.4262	23.0276	-0.423704
32	93	21.3646	-22.5617	23.2215	-0.426345
32	94	21.532	-22.6798	23.4227	-0.427981
32	95	21.7085	-22.788	23.6282	-0.429045
32	96	21.8893	-22.8883	23.8343	-0.429716
32	97	22.0706	-22.986	24.0399	-0.430269
32	98	22.2523	-23.0816	24.2449	-0.430727
32	99	22.4355	-23.1756	24.4506	-0.431092
32	100	22.6203	-23.2679	24.657	-0.431359
32	101	22.8057	-23.3583	24.8632	-0.431545
32	102	22.9909	-23.446	25.0682	-0.431634
32	103	23.1747	-23.5312	25.2708	-0.431654
32	104	23.3565	-23.6138	25.4704	-0.431612
32	105	23.5361	-23.6942	25.6672	-0.431531
32	106	23.7139	-23.7731	25.8617	-0.431427
32	107	23.8908	-23.8498	26.0544	-0.43126
32	108	24.0666	-23.9255	26.2458	-0.431079
32	109	24.2426	-23.9974	26.4357	-0.43077
32	110	24.4174	-24.0669	26.6236	-0.430399
32	111	24.5916	-24.1297	26.8082	-0.429819
32	112	24.7638	-24.1872	26.9886	-0.429096
32	113	24.9318	-24.2373	27.1623	-0.428201
32	114	25.0971	-24.2757	27.3287	-0.426967
32	115	25.2542	-24.3194	27.4897	-0.426046
32	116	25.4124	-24.3243	27.6359	-0.423844
32	117	25.5812	-24.2717	27.7684	-0.419617
32	118	25.7565	-24.2079	27.9028	-0.414968
32	119	25.9397	-24.1202	28.0355	-0.409472
32	120	26.1445	-24.0186	28.1834	-0.403273
32	121	26.3757	-23.8893	28.3461	-0.395876
32	122	26.6424	-23.7256	28.5302	-0.386976
32	123	26.9025	-23.5487	28.7055	-0.377849
32	124	27.1538	-23.3611	28.8711	-0.368598
32	125	27.3968	-23.1652	29.0284	-0.359287
32	126	27.6334	-22.9612	29.1795	-0.349889
32	127	27.8639	-22.7465	29.3238	-0.340319
32	128	28.0852	-22.5192	29.4579	-0.330535
32	129	28.2939	-22.2806	29.5793	-0.320618
32	130	28.4898	-22.0349	29.6893	-0.310684
32	131	28.676	-21.7841	29.7914	-0.300756
32	132	28.8546	-21.5269	29.8873	-0.290767
32	133	29.0246	-21.2609	29.9754	-0.280639
32	134	29.1826	-20.9853	30.0525	-0.270371
32	135	29.3263	-20.7031	30.1172	-0.260065
32	136	29.4574	-20.4176	30.172	-0.249805
32	137	29.579	-20.1295	30.2202	-0.239574
32	138	29.6925	-19.837	30.2627	-0.229293
32	139	29.7959	-19.5378	30.297	-0.218901
32	140	29.8855	-19.2323	30.3198	-0.208424
32	141	29.9599	-18.9238	30.3304	-0.197965
32	142	30.0214	-18.6147	30.3315	-0.187574
32	143	30.0725	-18.3043	30.3255	-0.177203
32	144	30.1128	-17.9904	30.3115	-0.166776
32	145	30.1392	-17.6725	30.2864	-0.156278
32	146	30.1494	-17.3532	30.2484	-0.145801
33	0	-21.4954	-17.6352	22.2151	-2.92949
33	1	-21.4861	-17.4143	22.1606	-2.93915
33	2	-21.481	-17.1901	22.1115	-2.94904
33	3	-21.4819	-16.9632	22.0701	-2.95913
33	4	-21.4906	-16.7355	22.0385	-2.96937
33	5	-21.5073	-16.5091	22.0174	-2.97963
33	6	-21.5298	-16.2847	22.0045	-2.98985
33	7	-21.5564	-16.061	21.9982	-3.00009
33	8	-21.5874	-15.8382	21.9986	-3.01032
33	9	-21.6232	-15.6161	22.0061	-3.02053
33	10	-21.6678	-15.3959	22.0249	-3.0307
33	11	-21.7266	-15.1798	22.0606	-3.04074
33	12	-21.8054	-14.9709	22.119	-3.05049
33	13	-21.9035	-14.7673	22.1992	-3.06002
33	14	-22.0137	-14.5894	22.2953	-3.06838
33	15	-22.136	-14.4334	22.4065	-3.07572
33	16	-22.2678	-14.2962	22.5294	-3.08219
33	17	-22.4116	-14.176	22.6662	-3.08786
33	18	-22.561	-14.065	22.8097	-3.09307
33	19	-22.7143	-13.9606	22.958	-3.09793
33	20	-22.8713	-13.8619	23.1108	-3.1025
33	21	-23.03	-13.7657	23.2659	-3.10689
33	22	-23.1924	-13.6744	23.4252	-3.11103
33	23	-23.3578	-13.5867	23.588	-3.11496
33	24	-23.5253	-13.5012	23.7534	-3.11875
33	25	-23.6969	-13.4243	23.9233	-3.12212
33	26	-23.8677	-13.3479	24.0928	-3.12543
33	27	-24.0413	-13.2823	24.2653	-3.12825
33	28	-24.2137	-13.219	24.4369	-3.13093
33	29	-24.3867	-13.1643	24.6094	-3.13324
33	30	-24.5591	-13.1145	24.7814	-3.1353
33	31	-24.7324	-13.0732	24.9545	-3.137
33	32	-24.9059	-13.0346	25.1279	-3.13857
33	33	-25.0838	-13.0149	25.3058	-3.13937
33	34	-25.2655	-12.999	25.4874	-3.14001
33	35	-25.4545	-13.0051	25.6764	-3.13978
33	36	-25.6423	-13.0192	25.8643	-3.13925
33	37	-25.824	-13.0414	26.046	-3.13841
33	38	-25.9936	-13.0938	26.2158	-3.13644
33	39	-26.161	-13.1454	26.3835	-3.13451
33	40	-26.3229	-13.2131	26.546	-3.132
33	41	-26.4858	-13.2819	26.7096	-3.12949
33	42	-26.6474	-13.3572	26.8723	-3.12676
33	43	-26.8101	-13.4357	27.0362	-3.12395
33	44	-26.9737	-13.5192	27.2013	-3.12098
33	45	-27.141	-13.6044	27.3705	-3.118
33	46	-27.3091	-13.6934	27.5408	-3.11491
33	47	-27.4794	-13.7846	27.7136	-3.11179
33	48	-27.6523	-13.877	27.8893	-3.10866
33	49	-27.8266	-13.9715	28.0668	-3.1055
33	50	-28.0002	-14.0701	28.244	-3.10223
33	51	-28.1734	-14.1699	28.4211	-3.09896
33	52	-28.3467	-14.2691	28.5986	-3.09575
33	53	-28.5179	-14.3711	28.7745	-3.09248
33	54	-28.6901	-14.4719	28.9516	-3.0893
33	55	-28.8649	-14.5705	29.1314	-3.08623
33	56	-29.0372	-14.6764	29.3095	-3.08295
33	57	-29.2115	-14.782	29.4898	-3.07972
33	58	-29.3891	-14.8881	29.6737	-3.07652
33	59	-29.5656	-14.999	29.8573	-3.0732
33	60	-29.7372	-15.1171	30.0367	-3.06967
33	61	-29.9151	-15.221	30.2218	-3.06666
33	62	-30.0266	-15.3506	30.3429	-3.06268
33	63	-30.0863	-15.5138	30.4157	-3.05748
33	64	-30.1629	-15.6718	30.5057	-3.05254
33	65	-30.2228	-15.8417	30.5809	-3.04718
33	66	-30.2716	-16.0258	30.6473	-3.04135
33	67	-30.3099	-16.2307	30.7066	-3.03483
33	68	-30.3385	-16.4651	30.7609	-3.02735
33	69	-30.356	-16.7392	30.8107	-3.01858
33	70	-30.3623	-17.016	30.8521	-3.0097
33	71	-30.3561	-17.2937	30.8838	-3.00076
33	72	-30.3373	-17.5699	30.9052	-2.99182
33	73	-30.3074	-17.8432	30.9176	-2.98294
33	74	-30.2682	-18.1138	30.9228	-2.9741
33	75	-30.2201	-18.3828	30.9215	-2.96526
33	76	-30.1619	-18.6511	30.9125	-2.95639
33	77	-30.0915	-18.918	30.8936	-2.94748
33	78	-30.0078	-19.181	30.8634	-2.93859
33	79	-29.9123	-19.4382	30.8229	-2.92979
33	80	-29.8075	-19.6891	30.7743	-2.92111
33	81	-29.695	-19.935	30.7196	-2.91249
33	82	-29.575	-20.1773	30.6588	-2.90391
33	83	-29.4461	-20.4161	30.5909	-2.89533
33	84	-29.3066	-20.6504	30.5138	-2.88677
33	85	-29.1564	-20.878	30.4269	-2.87829
33	86	-28.997	-21.0975	30.3312	-2.86993
33	87	-28.8304	-21.3093	30.2286	-2.8617
33	88	-28.6576	-21.5148	30.1202	-2.85356
33	89	-28.4778	-21.7147	30.0057	-2.84547
33	90	-28.2901	-21.9086	29.8837	-2.83743
33	91	-28.0936	-22.0945	29.7529	-2.82949
33	92	-27.8896	-22.2705	29.6136	-2.82172
33	93	-27.707	-22.4085	29.4843	-2.81533
33	94	-27.5428	-22.5188	29.3645	-2.80998
33	95	-27.3888	-22.6036	29.2468	-2.80552
33	96	-27.2425	-22.6708	29.1311	-2.80169
33	97	-27.099	-22.7157	29.0108	-2.79858
33	98	-26.9673	-22.7766	28.9075	-2.79506
33	99	-26.8348	-22.7813	28.7845	-2.79335
33	100	-26.6886	-22.7447	28.6346	-2.7928
33	101	-26.5337	-22.722	28.4813	-2.7917
33	102	-26.3766	-22.6839	28.3207	-2.79106
33	103	-26.2162	-22.6446	28.1566	-2.79041
33	104	-26.0533	-22.5993	27.988	-2.78993
33	105	-25.8866	-22.552	27.8152	-2.78946
33	106	-25.7167	-22.5019	27.6384	-2.78904
33	107	-25.5451	-22.4465	27.4583	-2.78878
33	108	-25.3717	-22.3896	27.2759	-2.78854
33	109	-25.1983	-22.3282	27.092	-2.78846
33	110	-25.0242	-22.2661	26.9071	-2.78838
33	111	-24.8499	-22.2018	26.7214	-2.78839
33	112	-24.6749	-22.1362	26.5345	-2.78842
33	113	-24.4988	-22.0691	26.346	-2.7885
33	114	-24.3223	-21.9986	26.156	-2.78869
33	115	-24.1451	-21.9265	25.9649	-2.78894
33	116	-23.9664	-21.8518	25.7713	-2.78927
33	117	-23.7873	-21.775	25.5768	-2.78967
33	118	-23.6091	-21.6942	25.3816	-2.79024
33	119	-23.4316	-21.6113	25.1864	-2.7909
33	120	-23.2551	-21.5263	24.9915	-2.79167
33	121	-23.0795	-21.4396	24.7968	-2.79253
33	122	-22.9066	-21.3468	24.6026	-2.79367
33	123	-22.7373	-21.2493	24.4102	-2.79506
33	124	-22.5791	-21.1354	24.2228	-2.79726
33	125	-22.4309	-21.0059	24.0398	-2.80025
33	126	-22.2974	-20.8524	23.8627	-2.80444
33	127	-22.173	-20.6797	23.6885	-2.80958
33	128	-22.0702	-20.4998	23.5331	-2.81539
33	129	-21.9821	-20.3162	23.3913	-2.82162
33	130	-21.9116	-20.1274	23.2655	-2.82836
33	131	-21.8517	-19.9335	23.1494	-2.83554
33	132	-21.7993	-19.7369	23.0407	-2.84299
33	133	-21.7487	-19.5385	22.9347	-2.85061
33	134	-21.7018	-19.337	22.8327	-2.85847
33	135	-21.6579	-19.1318	22.734	-2.8666
33	136	-21.619	-18.9227	22.6405	-2.87502
33	137	-21.5856	-18.7104	22.5533	-2.88371
33	138	-21.5587	-18.4964	22.4735	-2.89262
33	139	-21.5375	-18.2821	22.4012	-2.90165
33	140	-21.5212	-18.0685	22.3355	-2.91077
33	141	-21.5073	-17.8531	22.2736	-2.92004
38	0	25.2111	-26.1361	28.2507	-0.485269
38	1	25.1639	-25.8926	28.0961	-0.478387
38	2	25.1067	-25.6813	27.9485	-0.472617
38	3	25.0397	-25.4929	27.8035	-0.467682
38	4	24.9627	-25.321	27.6575	-0.463387
38	5	24.8716	-25.1617	27.5049	-0.459687
38	6	24.7931	-24.9966	27.3616	-0.455551
38	7	24.6686	-24.8644	27.1918	-0.453202
38	8	24.487	-24.7568	26.9814	-0.452563
38	9	24.2958	-24.6649	26.7692	-0.4526
38	10	24.1062	-24.573	26.5585	-0.452609
38	11	23.9162	-24.4844	26.3489	-0.452737
38	12	23.7281	-24.3971	26.1415	-0.452884
38	13	23.5426	-24.31	25.9367	-0.452993
38	14	23.3585	-24.2253	25.734	-0.453164
38	15	23.1749	-24.1433	25.5331	-0.453425
38	16	22.9915	-24.0641	25.3335	-0.453784
38	17	22.8091	-23.9853	25.135	-0.454151
38	18	22.627	-23.9099	24.9384	-0.454636
38	19	22.4472	-23.8357	24.7442	-0.455133
38	20	22.2691	-23.7663	24.5537	-0.455782
38	21	22.0947	-23.6981	24.3671	-0.456419
38	22	21.9215	-23.6374	24.185	-0.457321
38	23	21.7517	-23.5777	24.0062	-0.458213
38	24	21.5826	-23.5245	23.8311	-0.45935
38	25	21.4163	-23.474	23.6596	-0.460553
38	26	21.2514	-23.4262	23.4906	-0.461851
38	27	21.0852	-23.3862	23.3241	-0.463491
38	28	20.9176	-23.3524	23.1591	-0.465423
38	29	20.7454	-23.3338	22.9969	-0.46806
38	30	20.5655	-23.3364	22.8377	-0.471716
38	31	20.3772	-23.3524	22.6775	-0.476117
38	32	20.1901	-23.3879	22.5277	-0.481325
38	33	20.0116	-23.4323	22.3904	-0.486773
38	34	19.8434	-23.4932	22.2707	-0.49272
38	35	19.6821	-23.5637	22.1623	-0.498967
38	36	19.525	-23.6443	22.0634	-0.505581
38	37	19.368	-23.7277	21.967	-0.512364
38	38	19.2115	-23.8164	21.8746	-0.519409
38	39	19.0528	-23.9074	21.7825	-0.52665
38	40	18.8937	-24.004	21.6942	-0.534188
38	41	18.7342	-24.1052	21.609	-0.541975
38	42	18.5738	-24.2121	21.5275	-0.550074
38	43	18.4147	-24.3253	21.4518	-0.558448
38	44	18.2573	-24.4424	21.3812	-0.566994
38	45	18.1036	-24.5637	21.3175	-0.575666
38	46	17.951	-24.6867	21.2572	-0.584429
38	47	17.7981	-24.8113	21.1993	-0.59331
38	48	17.6465	-24.9394	21.1461	-0.602342
38	49	17.4946	-25.0694	21.0954	-0.611498
38	50	17.3458	-25.2051	21.0524	-0.620832
38	51	17.2002	-25.3448	21.0162	-0.630273
38	52	17.0696	-25.4942	20.9997	-0.639681
38	53	16.9512	-25.6514	20.9995	-0.649056
38	54	16.8444	-25.8175	21.0157	-0.658421
38	55	16.7512	-25.9941	21.0509	-0.667769
38	56	16.673	-26.1661	21.0969	-0.676467
38	57	16.6223	-26.337	21.1649	-0.684261
38	58	16.577	-26.5051	21.2367	-0.691743
38	59	16.5506	-26.6745	21.325	-0.698651
38	60	16.5248	-26.8448	21.4152	-0.705516
38	61	16.5029	-27.0177	21.5111	-0.712295
38	62	16.4859	-27.1931	21.6134	-0.71895
38	63	16.472	-27.3732	21.722	-0.725611
38	64	16.4644	-27.5567	21.8386	-0.732129
38	65	16.4612	-27.7409	21.9598	-0.738464
38	66	16.4652	-27.9288	22.0896	-0.744634
38	67	16.4711	-28.1177	22.2224	-0.750704
38	68	16.4832	-28.3044	22.359	-0.756439
38	69	16.4951	-28.4931	22.4975	-0.762175
38	70	16.5099	-28.6818	22.6388	-0.767755
38	71	16.5262	-28.8685	22.7806	-0.773152
38	72	16.5454	-29.0576	22.9267	-0.778473
38	73	16.5663	-29.2476	23.0754	-0.7837
38	74	16.5908	-29.441	23.2295	-0.788854
38	75	16.6181	-29.6358	23.3873	-0.793893
38	76	16.6536	-29.8283	23.5497	-0.798549
38	77	16.6929	-30.0201	23.7147	-0.803003
38	78	16.742	-30.2074	23.8837	-0.806973
38	79	16.7966	-30.3892	24.053	-0.810561
38	80	16.8657	-30.5599	24.2245	-0.813351
38	81	16.944	-30.7249	24.3981	-0.815664
38	82	17.0358	-30.8841	24.577	-0.817384
38	83	17.1394	-31.0413	24.7626	-0.818677
38	84	17.2459	-31.1829	24.9388	-0.819437
38	85	17.361	-31.3068	25.1079	-0.819454
38	86	17.4826	-31.4162	25.2708	-0.818894
38	87	17.6121	-31.5153	25.4317	-0.817836
38	88	17.7491	-31.6059	25.5915	-0.816352
38	89	17.8884	-31.6972	25.7534	-0.814838
38	90	18.0341	-31.7819	25.9151	-0.812988
38	91	18.184	-31.8635	26.0775	-0.810963
38	92	18.3375	-31.9412	26.2396	-0.808762
38	93	18.4957	-32.0168	26.4035	-0.806407
38	94	18.658	-32.0909	26.5695	-0.803926
38	95	18.8237	-32.1651	26.738	-0.80139
38	96	18.993	-32.2393	26.9091	-0.798787
38	97	19.1651	-32.3152	27.0837	-0.79619
38	98	19.3406	-32.3911	27.2607	-0.793535
38	99	19.5196	-32.4647	27.4388	-0.790768
38	100	19.6998	-32.5376	27.6176	-0.787986
38	101	19.8796	-32.6106	27.7962	-0.785251
38	102	20.0596	-32.6782	27.9713	-0.782412
38	103	20.241	-32.7483	28.1496	-0.779637
38	104	20.4235	-32.8225	28.3316	-0.776968
38	105	20.611	-32.8909	28.5134	-0.774068
38	106	20.8003	-32.9626	28.699	-0.771243
38	107	20.9913	-33.0374	28.8882	-0.768493
38	108	21.1869	-33.1057	29.0764	-0.765505
38	109	21.3837	-33.1798	29.2698	-0.762672
38	110	21.5875	-33.2339	29.4547	-0.75922
38	111	21.7668	-33.2385	29.5881	-0.755161
38	112	21.935	-33.1764	29.6685	-0.74975
38	113	22.1015	-33.1074	29.7438	-0.744239
38	114	22.2611	-33.0141	29.7985	-0.738309
38	115	22.4302	-32.9155	29.8577	-0.732053
38	116	22.6063	-32.7917	29.9068	-0.725039
38	117	22.7984	-32.6415	29.9519	-0.71703
38	118	23.0107	-32.4525	29.989	-0.707629
38	119	23.2178	-32.2535	30.0185	-0.698107
38	120	23.418	-32.0434	30.0382	-0.688464
38	121	23.6081	-31.8225	30.046	-0.678767
38	122	23.7862	-31.5934	30.0422	-0.66911
38	123	23.9534	-31.359	30.0294	-0.659533
38	124	24.1121	-31.1202	30.0098	-0.650003
38	125	24.2635	-30.8759	29.9838	-0.640462
38	126	24.4065	-30.6245	29.9496	-0.630878
38	127	24.5387	-30.3657	29.9051	-0.621281
38	128	24.6585	-30.1014	29.85	-0.611747
38	129	24.7666	-29.8342	29.7864	-0.602317
38	130	24.8652	-29.5648	29.7164	-0.592967
38	131	24.9559	-29.2925	29.6406	-0.58364
38	132	25.0378	-29.0157	29.5577	-0.574298
38	133	25.1086	-28.7337	29.4653	-0.564956
38	134	25.1662	-28.4479	29.3622	-0.555686
38	135	25.2105	-28.161	29.2497	-0.546553
38	136	25.2437	-27.8742	29.1302	-0.537549
38	137	25.2676	-27.5869	29.0047	-0.528619
38	138	25.2818	-27.2975	28.8722	-0.519717
38	139	25.2842	-27.0057	28.7305	-0.510858
38	140	25.2728	-26.713	28.5786	-0.502119
38	141	25.248	-26.4225	28.4181	-0.493579
39	0	-17.7684	-28.0929	23.5095	-2.4422
39	1	-17.7577	-27.8964	23.3752	-2.44834
39	2	-17.7493	-27.6979	23.2424	-2.45468
39	3	-17.7417	-27.4981	23.1103	-2.46115
39	4	-17.7371	-27.2979	22.9813	-2.4678
39	5	-17.7358	-27.0986	22.8564	-2.47458
39	6	-17.738	-26.902	22.7371	-2.48143
39	7	-17.7443	-26.7094	22.6245	-2.48833
39	8	-17.7523	-26.5215	22.5172	-2.49517
39	9	-17.7637	-26.336	22.4151	-2.50208
39	10	-17.778	-26.1528	22.3178	-2.50905
39	11	-17.7961	-25.9712	22.2255	-2.51612
39	12	-17.8164	-25.7901	22.1365	-2.52329
39	13	-17.8492	-25.61	22.0595	-2.53081
39	14	-17.8904	-25.4292	21.9902	-2.53862
39	15	-17.9545	-25.2472	21.9406	-2.54711
39	16	-18.035	-25.0625	21.9047	-2.55615
39	17	-18.135	-24.8826	21.8896	-2.56552
39	18	-18.2466	-24.712	21.8912	-2.57484
39	19	-18.3724	-24.5514	21.912	-2.5841
39	20	-18.5078	-24.3984	21.947	-2.59328
39	21	-18.6478	-24.2498	21.9899	-2.60237
39	22	-18.7902	-24.1044	22.0384	-2.61135
39	23	-18.9344	-23.9608	22.091	-2.62026
39	24	-19.0814	-23.8196	22.149	-2.62909
39	25	-19.2303	-23.6802	22.2112	-2.63785
39	26	-19.3819	-23.5442	22.2792	-2.64648
39	27	-19.5352	-23.412	22.3521	-2.65494
39	28	-19.6895	-23.285	22.4298	-2.66316
39	29	-19.8435	-23.1635	22.5113	-2.6711
39	30	-19.9973	-23.0462	22.5959	-2.67882
39	31	-20.1512	-22.9334	22.6839	-2.68629
39	32	-20.3038	-22.8227	22.7728	-2.69361
39	33	-20.4569	-22.7157	22.8651	-2.70073
39	34	-20.6101	-22.6104	22.9593	-2.70772
39	35	-20.7644	-22.5075	23.0565	-2.71458
39	36	-20.9224	-22.4108	23.1608	-2.72121
39	37	-21.0798	-22.3137	23.2654	-2.72778
39	38	-21.2457	-22.2346	23.3859	-2.73373
39	39	-21.4118	-22.1586	23.5086	-2.7395
39	40	-21.5901	-22.1096	23.6538	-2.74436
39	41	-21.7724	-22.0617	23.8037	-2.74917
39	42	-21.9484	-22.0428	23.9592	-2.75271
39	43	-22.1144	-22.0324	24.109	-2.75572
39	44	-22.273	-22.0441	24.2604	-2.75774
39	45	-22.4292	-22.0647	24.4129	-2.75935
39	46	-22.5848	-22.0933	24.568	-2.76063
39	47	-22.7424	-22.1253	24.7263	-2.7618
39	48	-22.9031	-22.1629	24.8895	-2.76279
39	49	-23.0675	-22.2044	25.0576	-2.76368
39	50	-23.2347	-22.2516	25.2303	-2.76439
39	51	-23.4056	-22.3014	25.4076	-2.76504
39	52	-23.5792	-22.3562	25.5892	-2.76554
39	53	-23.7564	-22.4122	25.7746	-2.76605
39	54	-23.9339	-22.4715	25.9615	-2.76643
39	55	-24.1116	-22.5342	26.1498	-2.76669
39	56	-24.2911	-22.597	26.3397	-2.76697
39	57	-24.4729	-22.6598	26.532	-2.76727
39	58	-24.6562	-22.7266	26.727	-2.76745
39	59	-24.8414	-22.7958	26.9247	-2.76757
39	60	-25.0293	-22.8641	27.1245	-2.76776
39	61	-25.2179	-22.9342	27.3257	-2.76789
39	62	-25.4067	-23.0062	27.5277	-2.76796
39	63	-25.596	-23.0783	27.7304	-2.76803
39	64	-25.7863	-23.1506	27.9339	-2.76811
39	65	-25.9772	-23.2248	28.1387	-2.76813
39	66	-26.1683	-23.3031	28.3452	-2.76802
39	67	-26.3633	-23.3787	28.5544	-2.76805
39	68	-26.5483	-23.4714	28.7604	-2.76739
39	69	-26.6949	-23.596	28.9425	-2.76524
39	70	-26.8117	-23.7592	29.1113	-2.7615
39	71	-26.9126	-23.9386	29.2719	-2.75708
39	72	-27.0048	-24.1347	29.4312	-2.75208
39	73	-27.0916	-24.3535	29.5951	-2.74636
39	74	-27.175	-24.6037	29.7691	-2.73968
39	75	-27.258	-24.8963	29.9608	-2.73177
39	76	-27.3327	-25.1926	30.1484	-2.72375
39	77	-27.3979	-25.494	30.3313	-2.71554
39	78	-27.4499	-25.8002	30.5063	-2.7071
39	79	-27.4866	-26.108	30.6703	-2.6985
39	80	-27.5099	-26.4146	30.8239	-2.68984
39	81	-27.5227	-26.7198	30.9699	-2.68115
39	82	-27.5259	-27.0257	31.1099	-2.67239
39	83	-27.5174	-27.3335	31.2426	-2.66348
39	84	-27.4938	-27.6421	31.365	-2.6544
39	85	-27.4549	-27.9478	31.4751	-2.64524
39	86	-27.4039	-28.2485	31.5747	-2.63609
39	87	-27.344	-28.5452	31.6673	-2.62698
39	88	-27.2762	-28.8398	31.7546	-2.61785
39	89	-27.1988	-29.1338	31.8359	-2.60864
39	90	-27.1087	-29.4261	31.9083	-2.59931
39	91	-27.0049	-29.7138	31.9693	-2.58993
39	92	-26.8896	-29.9948	32.0197	-2.58057
39	93	-26.7652	-30.2695	32.062	-2.57125
39	94	-26.6325	-30.5398	32.0976	-2.56193
39	95	-26.49	-30.8063	32.1258	-2.55256
39	96	-26.3364	-31.0674	32.1446	-2.54315
39	97	-26.1723	-31.3212	32.1533	-2.53375
39	98	-25.9998	-31.5672	32.1536	-2.52441
39	99	-25.8201	-31.8067	32.147	-2.5151
39	100	-25.6319	-32.041	32.1335	-2.50576
39	101	-25.4327	-32.2693	32.1101	-2.49635
39	102	-25.2207	-32.4881	32.0737	-2.48693
39	103	-24.9981	-32.6942	32.0241	-2.47759
39	104	-24.7691	-32.8881	31.9646	-2.4684
39	105	-24.5358	-33.0726	31.8985	-2.45931
39	106	-24.2982	-33.2498	31.8271	-2.45029
39	107	-24.0882	-33.3945	31.7585	-2.44256
39	108	-23.8967	-33.5123	31.6885	-2.43583
39	109	-23.7157	-33.6067	31.6125	-2.42984
39	110	-23.5379	-33.6774	31.5245	-2.42446
39	111	-23.3745	-33.7639	31.4587	-2.41897
39	112	-23.2216	-33.7763	31.3524	-2.41545
39	113	-23.0554	-33.7328	31.1994	-2.41296
39	114	-22.8918	-33.6621	31.0303	-2.41115
39	115	-22.7232	-33.5953	30.8602	-2.40911
39	116	-22.5534	-33.5224	30.6852	-2.40718
39	117	-22.3805	-33.4474	30.5067	-2.4052
39	118	-22.2077	-33.369	30.3261	-2.40329
39	119	-22.0326	-33.2919	30.1448	-2.40128
39	120	-21.8567	-33.2126	29.9614	-2.39927
39	121	-21.6805	-33.1302	29.7759	-2.39731
39	122	-21.5039	-33.0466	29.5895	-2.39534
39	123	-21.3276	-32.9635	29.4036	-2.39335
39	124	-21.1535	-32.8801	29.2194	-2.39138
39	125	-20.9781	-32.7946	29.0328	-2.38942
39	126	-20.8008	-32.7093	28.8451	-2.38738
39	127	-20.623	-32.6216	28.6555	-2.38536
39	128	-20.4445	-32.5309	28.4636	-2.38338
39	129	-20.2642	-32.439	28.2695	-2.38135
39	130	-20.0818	-32.3469	28.0739	-2.37925
39	131	-19.8992	-32.2525	27.8767	-2.37718
39	132	-19.7183	-32.1554	27.679	-2.37519
39	133	-19.538	-32.0573	27.4811	-2.37321
39	134	-19.3614	-31.9554	27.2834	-2.3714
39	135	-19.1866	-31.8543	27.0876	-2.36958
39	136	-19.0205	-31.7435	26.8913	-2.36822
39	137	-18.8568	-31.6335	26.6973	-2.36689
39	138	-18.7098	-31.5051	26.5024	-2.36647
39	139	-18.5641	-31.3731	26.3061	-2.36618
39	140	-18.4346	-31.2201	26.1065	-2.36689
39	141	-18.3064	-31.0566	25.9004	-2.36794
39	142	-18.2059	-30.8812	25.7061	-2.37009
39	143	-18.1203	-30.7018	25.5197	-2.37279
39	144	-18.0627	-30.51	25.3452	-2.37665
39	145	-18.0146	-30.3135	25.1746	-2.38096
39	146	-17.9806	-30.1133	25.0123	-2.38582
39	147	-17.9487	-29.9131	24.8521	-2.3908
39	148	-17.9214	-29.7128	24.6958	-2.39598
39	149	-17.895	-29.5123	24.5407	-2.40125
39	150	-17.8709	-29.3114	24.3878	-2.40667
39	151	-17.8474	-29.1106	24.2361	-2.41216
39	152	-17.8273	-28.9065	24.0854	-2.41792
39	153	-17.8102	-28.7009	23.9369	-2.42389
39	154	-17.7958	-28.4957	23.7916	-2.42999
39	155	-17.7816	-28.2927	23.6487	-2.43609
43	0	22.2782	-36.2805	32.0997	-0.813279
43	1	22.242	-35.9328	31.8229	-0.806599
43	2	22.1878	-35.5919	31.54	-0.800361
43	3	22.122	-35.2571	31.2544	-0.79441
43	4	22.0585	-34.9742	31.0085	-0.78948
43	5	21.9929	-34.7308	30.7897	-0.785424
43	6	21.9273	-34.5155	30.5912	-0.781965
43	7	21.8481	-34.3249	30.4008	-0.779352
43	8	21.7639	-34.1481	30.2168	-0.777149
43	9	21.6442	-34.0189	30.0408	-0.776876
43	10	21.5053	-33.9158	29.8695	-0.777676
43	11	21.3404	-33.8397	29.6987	-0.779745
43	12	21.1748	-33.7587	29.524	-0.781736
43	13	21.0038	-33.6787	29.3464	-0.783907
43	14	20.8298	-33.5985	29.1666	-0.786173
43	15	20.6518	-33.5173	28.9834	-0.788539
43	16	20.4676	-33.4368	28.7966	-0.791108
43	17	20.2786	-33.3572	28.6072	-0.793848
43	18	20.0854	-33.2766	28.4145	-0.796708
43	19	19.8905	-33.1979	28.2221	-0.799696
43	20	19.6951	-33.1207	28.0306	-0.802775
43	21	19.4999	-33.0438	27.8399	-0.805901
43	22	19.3041	-32.9674	27.6493	-0.809097
43	23	19.1065	-32.8908	27.4576	-0.812379
43	24	18.9057	-32.8136	27.2636	-0.815778
43	25	18.7008	-32.7363	27.0671	-0.819335
43	26	18.4936	-32.661	26.8708	-0.823053
43	27	18.2854	-32.5879	26.6758	-0.826916
43	28	18.0773	-32.5169	26.4829	-0.830883
43	29	17.87	-32.4478	26.2923	-0.834933
43	30	17.6627	-32.3816	26.1043	-0.839115
43	31	17.4543	-32.3213	25.9204	-0.843543
43	32	17.2454	-32.2745	25.747	-0.848396
43	33	17.0348	-32.248	25.5882	-0.853888
43	34	16.8198	-32.2435	25.4441	-0.86014
43	35	16.6003	-32.2591	25.3133	-0.867114
43	36	16.3857	-32.2967	25.2037	-0.874572
43	37	16.185	-32.3492	25.1161	-0.882045
43	38	15.9954	-32.4177	25.0492	-0.889628
43	39	15.8107	-32.4946	24.9934	-0.897303
43	40	15.631	-32.5805	24.9492	-0.905082
43	41	15.451	-32.669	24.9084	-0.912959
43	42	15.2719	-32.7651	24.8757	-0.921018
43	43	15.092	-32.8659	24.848	-0.929238
43	44	14.9123	-32.9743	24.8282	-0.937649
43	45	14.733	-33.0885	24.815	-0.946199
43	46	14.5571	-33.2097	24.8114	-0.954805
43	47	14.3831	-33.3339	24.8132	-0.963422
43	48	14.2111	-33.4613	24.8205	-0.972041
43	49	14.04	-33.5899	24.8312	-0.980652
43	50	13.8696	-33.7218	24.8469	-0.989305
43	51	13.701	-33.8594	24.8702	-0.998008
43	52	13.5364	-34.0035	24.9031	-1.0067
43	53	13.3794	-34.1562	24.9491	-1.01529
43	54	13.235	-34.319	25.0122	-1.02363
43	55	13.1083	-34.4949	25.0972	-1.03159
43	56	12.9989	-34.687	25.2066	-1.03922
43	57	12.9033	-34.8961	25.3391	-1.04666
43	58	12.8269	-35.1062	25.4834	-1.05338
43	59	12.7649	-35.319	25.6381	-1.05959
43	60	12.7176	-35.537	25.8056	-1.06532
43	61	12.6844	-35.7628	25.9875	-1.07064
43	62	12.663	-35.9933	26.1798	-1.07558
43	63	12.6503	-36.2251	26.3779	-1.08018
43	64	12.645	-36.4554	26.5788	-1.08444
43	65	12.6436	-36.6824	26.7791	-1.08845
43	66	12.6431	-36.9056	26.9768	-1.0923
43	67	12.6446	-37.1291	27.1761	-1.09604
43	68	12.6475	-37.3529	27.3766	-1.09968
43	69	12.6523	-37.5759	27.5777	-1.1032
43	70	12.6615	-37.8021	27.7839	-1.10657
43	71	12.674	-38.0282	27.9918	-1.10979
43	72	12.6895	-38.251	28.1984	-1.11281
43	73	12.7048	-38.4694	28.4011	-1.11573
43	74	12.7234	-38.6899	28.6075	-1.11853
43	75	12.7439	-38.9118	28.8161	-1.12126
43	76	12.7672	-39.1336	29.0262	-1.12386
43	77	12.7951	-39.3531	29.2361	-1.12624
43	78	12.827	-39.5675	29.4435	-1.12839
43	79	12.8631	-39.7791	29.6503	-1.13035
43	80	12.902	-39.9869	29.8549	-1.13214
43	81	12.9429	-40.1911	30.0572	-1.13379
43	82	12.9851	-40.393	30.258	-1.13535
43	83	13.0374	-40.5913	30.4599	-1.13654
43	84	13.1011	-40.7795	30.6574	-1.13724
43	85	13.2003	-40.9558	30.859	-1.13672
43	86	13.3072	-41.118	31.0512	-1.13579
43	87	13.4388	-41.2468	31.2236	-1.13371
43	88	13.582	-41.3687	31.3947	-1.13122
43	89	13.7616	-41.4514	31.5462	-1.12719
43	90	13.9702	-41.5206	31.6986	-1.12218
43	91	14.1849	-41.5708	31.8375	-1.11679
43	92	14.3982	-41.618	31.9739	-1.11144
43	93	14.6102	-41.6598	32.1058	-1.1061
43	94	14.8206	-41.7009	32.2373	-1.10084
43	95	15.0312	-41.7394	32.3674	-1.09557
43	96	15.2422	-41.7764	32.4973	-1.09032
43	97	15.4535	-41.8099	32.6251	-1.08505
43	98	15.6662	-41.8384	32.7501	-1.07972
43	99	15.8787	-41.8618	32.8715	-1.07435
43	100	16.0903	-41.8817	32.9902	-1.069
43	101	16.3011	-41.8993	33.1075	-1.06367
43	102	16.5121	-41.9155	33.2246	-1.05835
43	103	16.7248	-41.9296	33.3416	-1.053
43	104	16.9402	-41.9402	33.458	-1.04756
43	105	17.1584	-41.9456	33.5722	-1.04202
43	106	17.3763	-41.9458	33.6828	-1.03643
43	107	17.5937	-41.9411	33.79	-1.03083
43	108	17.8077	-41.9335	33.894	-1.02529
43	109	18.0195	-41.924	33.9963	-1.01982
43	110	18.2306	-41.9129	34.0979	-1.01438
43	111	18.4421	-41.8992	34.1985	-1.00892
43	112	18.6542	-41.8814	34.2969	-1.0034
43	113	18.8662	-41.8577	34.3914	-0.997836
43	114	19.077	-41.8278	34.4811	-0.992229
43	115	19.2843	-41.7939	34.5666	-0.986671
43	116	19.4888	-41.7569	34.6491	-0.981158
43	117	19.6897	-41.718	34.7289	-0.975728
43	118	19.8879	-41.6761	34.8058	-0.970336
43	119	20.0817	-41.6273	34.8755	-0.964963
43	120	20.2735	-41.5862	34.9515	-0.959781
43	121	20.4457	-41.5038	34.9833	-0.954399
43	122	20.6066	-41.3731	34.9703	-0.948484
43	123	20.7583	-41.2162	34.9318	-0.942337
43	124	20.9083	-41.0331	34.8727	-0.935772
43	125	21.0586	-40.8206	34.7916	-0.92867
43	126	21.2145	-40.5711	34.6863	-0.920763
43	127	21.3832	-40.2744	34.5536	-0.911677
43	128	21.5424	-39.9699	34.4118	-0.902602
43	129	21.6884	-39.655	34.2565	-0.893563
43	130	21.8164	-39.3322	34.0865	-0.8847
43	131	21.9273	-39.0065	33.906	-0.876086
43	132	22.0255	-38.6791	33.7185	-0.867631
43	133	22.1124	-38.3466	33.5223	-0.85924
43	134	22.1842	-38.0067	33.3129	-0.850944
43	135	22.2359	-37.662	33.0888	-0.842902
43	136	22.2687	-37.318	32.8549	-0.83519
43	137	22.2873	-36.9751	32.614	-0.827711
43	138	22.2921	-36.6296	32.3638	-0.820381
44	0	-13.8915	-37.8337	28.6	-2.08688
44	1	-13.8833	-37.6194	28.4097	-2.09035
44	2	-13.8798	-37.4042	28.2214	-2.09403
44	3	-13.8794	-37.1923	28.0377	-2.09779
44	4	-13.8833	-36.9772	27.8541	-2.1018
44	5	-13.89	-36.7621	27.6722	-2.10594
44	6	-13.8992	-36.5491	27.494	-2.11018
44	7	-13.9146	-36.3331	27.3168	-2.11472
44	8	-13.9366	-36.1185	27.1449	-2.11951
44	9	-13.9638	-35.9084	26.9801	-2.12443
44	10	-13.9963	-35.7011	26.8212	-2.12953
44	11	-14.0345	-35.4973	26.669	-2.13479
44	12	-14.0785	-35.2974	26.524	-2.14022
44	13	-14.1298	-35.0977	26.3839	-2.14594
44	14	-14.1926	-34.8987	26.2516	-2.15207
44	15	-14.2728	-34.6965	26.1272	-2.15889
44	16	-14.3738	-34.4935	26.0151	-2.16644
44	17	-14.4896	-34.3079	25.9272	-2.17416
44	18	-14.6209	-34.1372	25.8619	-2.18208
44	19	-14.7684	-33.9818	25.8202	-2.19022
44	20	-14.9309	-33.8389	25.7991	-2.19856
44	21	-15.0993	-33.7046	25.7903	-2.20691
44	22	-15.2702	-33.5754	25.7887	-2.21521
44	23	-15.4432	-33.4489	25.7924	-2.22352
44	24	-15.6189	-33.3258	25.8022	-2.23183
44	25	-15.7971	-33.2067	25.8185	-2.24011
44	26	-15.9771	-33.0922	25.8412	-2.24832
44	27	-16.1578	-32.9836	25.8707	-2.25639
44	28	-16.3399	-32.8822	25.9083	-2.26431
44	29	-16.5219	-32.7879	25.9529	-2.27203
44	30	-16.7033	-32.6993	26.003	-2.27956
44	31	-16.8843	-32.615	26.0575	-2.28693
44	32	-17.0669	-32.5365	26.1189	-2.29418
44	33	-17.2536	-32.465	26.1896	-2.30133
44	34	-17.4471	-32.4057	26.2752	-2.30832
44	35	-17.6502	-32.3589	26.3777	-2.31522
44	36	-17.8643	-32.3311	26.5029	-2.32187
44	37	-18.069	-32.3238	26.6377	-2.32767
44	38	-18.262	-32.3418	26.7836	-2.33245
44	39	-18.4467	-32.3776	26.9372	-2.33649
44	40	-18.6263	-32.4256	27.0965	-2.34005
44	41	-18.8042	-32.4795	27.2591	-2.34336
44	42	-18.9822	-32.5378	27.4252	-2.34652
44	43	-19.1618	-32.6013	27.5964	-2.34956
44	44	-19.3455	-32.6679	27.773	-2.35258
44	45	-19.5306	-32.741	27.9554	-2.35544
44	46	-19.7178	-32.8188	28.1428	-2.35819
44	47	-19.9061	-32.9019	28.335	-2.3608
44	48	-20.0957	-32.9881	28.5304	-2.36333
44	49	-20.287	-33.0758	28.7283	-2.36583
44	50	-20.4781	-33.1643	28.9268	-2.36828
44	51	-20.6703	-33.2545	29.1275	-2.37067
44	52	-20.8624	-33.3462	29.3292	-2.37299
44	53	-21.055	-33.4389	29.5322	-2.37527
44	54	-21.2475	-33.5331	29.7362	-2.37747
44	55	-21.4387	-33.6285	29.9404	-2.37959
44	56	-21.6284	-33.7245	30.1439	-2.38163
44	57	-21.8166	-33.8212	30.347	-2.3836
44	58	-22.0039	-33.919	30.5503	-2.38549
44	59	-22.1939	-34.0182	30.7567	-2.38738
44	60	-22.3866	-34.1194	30.9665	-2.38926
44	61	-22.5806	-34.2243	31.1798	-2.39105
44	62	-22.7679	-34.3414	31.3967	-2.3924
44	63	-22.9101	-34.4846	31.5984	-2.39214
44	64	-23.0135	-34.6657	31.7975	-2.39018
44	65	-23.0954	-34.8613	31.991	-2.38747
44	66	-23.164	-35.0709	32.1847	-2.38418
44	67	-23.2221	-35.3011	32.3853	-2.38025
44	68	-23.2706	-35.5616	32.6005	-2.37549
44	69	-23.309	-35.8647	32.8389	-2.36965
44	70	-23.3341	-36.2252	33.1092	-2.36237
44	71	-23.3389	-36.5898	33.3698	-2.3547
44	72	-23.3235	-36.9518	33.6163	-2.34678
44	73	-23.2932	-37.3096	33.8516	-2.33873
44	74	-23.2495	-37.6668	34.0794	-2.33053
44	75	-23.1881	-38.025	34.298	-2.32204
44	76	-23.1056	-38.3791	34.5018	-2.31328
44	77	-23.0065	-38.7245	34.6906	-2.30445
44	78	-22.8962	-39.0633	34.8698	-2.29559
44	79	-22.7746	-39.3995	35.0422	-2.28663
44	80	-22.6365	-39.7334	35.2051	-2.27745
44	81	-22.4794	-40.0596	35.3527	-2.26808
44	82	-22.3078	-40.3742	35.4852	-2.25868
44	83	-22.1254	-40.68	35.6072	-2.24927
44	84	-21.9313	-40.9794	35.7201	-2.23978
44	85	-21.7525	-41.2288	35.8061	-2.23154
44	86	-21.5826	-41.4358	35.8662	-2.22426
44	87	-21.4172	-41.6077	35.9029	-2.21769
44	88	-21.2506	-41.7508	35.9174	-2.21159
44	89	-21.0984	-41.8948	35.9424	-2.2058
44	90	-20.934	-41.9728	35.9081	-2.20082
44	91	-20.744	-41.9961	35.8154	-2.19615
44	92	-20.5481	-42.0353	35.733	-2.19107
44	93	-20.3433	-42.0665	35.6398	-2.18588
44	94	-20.1329	-42.0943	35.5416	-2.18059
44	95	-19.9192	-42.1189	35.4399	-2.17525
44	96	-19.7026	-42.1402	35.3348	-2.16987
44	97	-19.4862	-42.1568	35.227	-2.16453
44	98	-19.2698	-42.1698	35.1172	-2.15921
44	99	-19.0557	-42.1794	35.0068	-2.15398
44	100	-18.8419	-42.1862	34.8953	-2.14875
44	101	-18.6285	-42.1891	34.7816	-2.14357
44	102	-18.4148	-42.1873	34.6647	-2.13842
44	103	-18.2013	-42.1804	34.5445	-2.13331
44	104	-17.9892	-42.1689	34.4221	-2.12828
44	105	-17.7797	-42.1538	34.299	-2.12333
44	106	-17.5726	-42.1368	34.1762	-2.11843
44	107	-17.367	-42.1184	34.0538	-2.11356
44	108	-17.1619	-42.0989	33.9316	-2.10868
44	109	-16.9564	-42.0768	33.8077	-2.10379
44	110	-16.7504	-42.0519	33.682	-2.0989
44	111	-16.545	-42.0221	33.5531	-2.09406
44	112	-16.3411	-41.989	33.423	-2.08927
44	113	-16.1402	-41.9502	33.2901	-2.08461
44	114	-15.9418	-41.91	33.1579	-2.07999
44	115	-15.747	-41.8627	33.022	-2.07554
44	116	-15.5541	-41.8155	32.8877	-2.0711
44	117	-15.3654	-41.7564	32.7456	-2.06691
44	118	-15.1789	-41.6947	32.6029	-2.06278
44	119	-15.0052	-41.6078	32.4444	-2.05933
44	120	-14.8457	-41.5034	32.2776	-2.05648
44	121	-14.7089	-41.3621	32.0887	-2.05477
44	122	-14.5819	-41.203	31.8888	-2.05356
44	123	-14.4795	-41.0164	31.676	-2.05343
44	124	-14.3936	-40.8214	31.4634	-2.05389
44	125	-14.3252	-40.6162	31.2499	-2.055
44	126	-14.2654	-40.4076	31.0375	-2.05643
44	127	-14.2116	-40.1979	30.8271	-2.05806
44	128	-14.162	-39.9855	30.6162	-2.05988
44	129	-14.1164	-39.7719	30.4062	-2.06185
44	130	-14.0761	-39.5537	30.1949	-2.06408
44	131	-14.0411	-39.3347	29.9855	-2.06651
44	132	-14.0098	-39.1186	29.7806	-2.06904
44	133	-13.9829	-38.9032	29.5787	-2.07172
44	134	-13.9585	-38.6918	29.3817	-2.07445
44	135	-13.937	-38.4791	29.1851	-2.07732
44	136	-13.9178	-38.2676	28.991	-2.08028
44	137	-13.9026	-38.0511	28.7947	-2.08349
48	0	21.6489	-46.168	39.5219	-0.997795
48	1	21.6383	-45.8919	39.2844	-0.994213
48	2	21.6191	-45.6171	39.0438	-0.990788
48	3	21.5918	-45.342	38.7989	-0.987489
48	4	21.5545	-45.0652	38.5476	-0.984344
48	5	21.5039	-44.7877	38.2886	-0.981432
48	6	21.4385	-44.5121	38.0233	-0.978833
48	7	21.3598	-44.2414	37.7548	-0.976562
48	8	21.2708	-43.976	37.4852	-0.974565
48	9	21.1737	-43.7146	37.2144	-0.97278
48	10	21.0684	-43.4558	36.9412	-0.971193
48	11	20.9528	-43.2002	36.6651	-0.969861
48	12	20.8395	-42.9844	36.423	-0.969079
48	13	20.725	-42.8007	36.2067	-0.968812
48	14	20.6081	-42.641	36.009	-0.968976
48	15	20.4892	-42.4972	35.8231	-0.96944
48	16	20.3524	-42.3769	35.6465	-0.970693
48	17	20.1851	-42.3186	35.5041	-0.973655
48	18	19.9804	-42.3254	35.3951	-0.978546
48	19	19.7677	-42.3537	35.3004	-0.983993
48	20	19.5569	-42.3826	35.2081	-0.989434
48	21	19.3468	-42.4107	35.1168	-0.994872
48	22	19.1372	-42.4341	35.0227	-1.00026
48	23	18.9278	-42.4514	34.9247	-1.00557
48	24	18.7186	-42.4628	34.8228	-1.01082
48	25	18.5108	-42.4709	34.7197	-1.01601
48	26	18.3019	-42.4818	34.6195	-1.02131
48	27	18.0936	-42.4932	34.5209	-1.02663
48	28	17.8866	-42.5045	34.4239	-1.03194
48	29	17.6814	-42.5167	34.3295	-1.03725
48	30	17.4771	-42.5245	34.2328	-1.04251
48	31	17.2729	-42.5247	34.1305	-1.04768
48	32	17.0686	-42.5177	34.0229	-1.05278
48	33	16.8648	-42.5073	33.9133	-1.05785
48	34	16.6625	-42.4992	33.8074	-1.06294
48	35	16.4633	-42.4873	33.7005	-1.06794
48	36	16.263	-42.4713	33.5904	-1.07293
48	37	16.0618	-42.4531	33.4788	-1.07795
48	38	15.8594	-42.4371	33.3694	-1.08307
48	39	15.656	-42.4196	33.259	-1.08822
48	40	15.4518	-42.4018	33.1489	-1.09343
48	41	15.2476	-42.3859	33.0415	-1.0987
48	42	15.0448	-42.3707	32.9361	-1.10397
48	43	14.8441	-42.3589	32.8357	-1.10927
48	44	14.6479	-42.3464	32.7377	-1.11447
48	45	14.4555	-42.3339	32.642	-1.11959
48	46	14.2658	-42.3229	32.5498	-1.12469
48	47	14.0778	-42.3121	32.4594	-1.12977
48	48	13.8908	-42.303	32.3718	-1.13487
48	49	13.7055	-42.2957	32.2874	-1.13998
48	50	13.5217	-42.2966	32.2118	-1.14517
48	51	13.341	-42.3207	32.1596	-1.1506
48	52	13.1604	-42.3748	32.136	-1.15642
48	53	12.9997	-42.4463	32.1371	-1.16189
48	54	12.8771	-42.5571	32.1905	-1.16676
48	55	12.7686	-42.6937	32.2738	-1.17151
48	56	12.6918	-42.8543	32.3922	-1.17563
48	57	12.6315	-43.0442	32.5444	-1.17958
48	58	12.5867	-43.2374	32.7062	-1.1831
48	59	12.5503	-43.4333	32.8739	-1.18638
48	60	12.5176	-43.6306	33.0447	-1.18953
48	61	12.4861	-43.8288	33.2171	-1.19263
48	62	12.4532	-44.0277	33.39	-1.19575
48	63	12.4188	-44.2282	33.5641	-1.19889
48	64	12.3857	-44.4311	33.7413	-1.20199
48	65	12.3551	-44.6366	33.9222	-1.20502
48	66	12.3281	-44.8443	34.1065	-1.20793
48	67	12.3055	-45.0527	34.2935	-1.2107
48	68	12.288	-45.259	34.4805	-1.21329
48	69	12.2702	-45.4636	34.6661	-1.21584
48	70	12.2523	-45.6695	34.853	-1.21837
48	71	12.2336	-45.8772	35.0416	-1.22092
48	72	12.216	-46.0873	35.2331	-1.22343
48	73	12.2008	-46.2997	35.4277	-1.22587
48	74	12.189	-46.5135	35.625	-1.22822
48	75	12.1806	-46.7273	35.8237	-1.23044
48	76	12.1745	-46.9403	36.0225	-1.23258
48	77	12.1681	-47.152	36.2202	-1.23468
48	78	12.1624	-47.3631	36.4177	-1.23674
48	79	12.158	-47.5742	36.6157	-1.23874
48	80	12.156	-47.7854	36.8148	-1.24067
48	81	12.1578	-47.9962	37.0148	-1.24247
48	82	12.1644	-48.2049	37.2146	-1.24411
48	83	12.1754	-48.4099	37.4123	-1.24559
48	84	12.1843	-48.6151	37.6096	-1.24711
48	85	12.1919	-48.8201	37.8065	-1.24864
48	86	12.1986	-49.0251	38.0031	-1.25018
48	87	12.207	-49.23	38.2002	-1.25166
48	88	12.2177	-49.4345	38.3977	-1.25307
48	89	12.2296	-49.6416	38.5982	-1.25445
48	90	12.2431	-49.8501	38.8006	-1.25579
48	91	12.2588	-50.0586	39.0039	-1.25707
48	92	12.2772	-50.2665	39.2073	-1.25826
48	93	12.2984	-50.4735	39.4108	-1.25936
48	94	12.3174	-50.6823	39.6154	-1.26052
48	95	12.339	-50.8928	39.8225	-1.26161
48	96	12.3668	-51.1031	40.0313	-1.26255
48	97	12.4133	-51.3004	40.2334	-1.26294
48	98	12.4913	-51.4694	40.4181	-1.26237
48	99	12.5992	-51.6188	40.5932	-1.26095
48	100	12.7229	-51.7579	40.7635	-1.2591
48	101	12.8708	-51.8804	40.9255	-1.25658
48	102	13.0416	-51.9922	41.0849	-1.25347
48	103	13.2402	-52.097	41.2467	-1.24969
48	104	13.4733	-52.1994	41.4178	-1.24512
48	105	13.7108	-52.2925	41.5825	-1.24043
48	106	13.9528	-52.3772	41.7416	-1.2356
48	107	14.2007	-52.4516	41.894	-1.2306
48	108	14.4545	-52.5128	42.0369	-1.2254
48	109	14.7125	-52.5582	42.1676	-1.22
48	110	14.9719	-52.5877	42.2851	-1.21448
48	111	15.2307	-52.6037	42.391	-1.20889
48	112	15.4888	-52.6087	42.4878	-1.20325
48	113	15.7475	-52.6036	42.5766	-1.19754
48	114	16.0073	-52.5871	42.6567	-1.19173
48	115	16.2678	-52.5569	42.7258	-1.1858
48	116	16.5269	-52.5118	42.7821	-1.17979
48	117	16.7823	-52.4528	42.8256	-1.17375
48	118	17.0333	-52.3824	42.8586	-1.16772
48	119	17.2805	-52.303	42.8833	-1.16169
48	120	17.5249	-52.2153	42.9009	-1.15565
48	121	17.7667	-52.1193	42.9113	-1.14959
48	122	18.0056	-52.0146	42.9142	-1.14351
48	123	18.2409	-51.9017	42.9097	-1.13743
48	124	18.4728	-51.7808	42.8982	-1.13134
48	125	18.7016	-51.6515	42.8794	-1.12523
48	126	18.9269	-51.5121	42.8515	-1.11908
48	127	19.1469	-51.3609	42.8123	-1.11292
48	128	19.3593	-51.1974	42.7603	-1.10677
48	129	19.5623	-51.0233	42.6963	-1.10069
48	130	19.7548	-50.839	42.62	-1.09471
48	131	19.9417	-50.6494	42.5379	-1.08876
48	132	20.1225	-50.4522	42.4477	-1.08283
48	133	20.2959	-50.2459	42.3474	-1.07693
48	134	20.4598	-50.03	42.2358	-1.07109
48	135	20.6128	-49.8064	42.1135	-1.06536
48	136	20.7552	-49.577	41.9824	-1.05975
48	137	20.8885	-49.3427	41.8439	-1.05423
48	138	21.0136	-49.1028	41.6977	-1.04878
48	139	21.1298	-48.8555	41.5418	-1.04339
48	140	21.2341	-48.6001	41.3743	-1.0381
48	141	21.3242	-48.3386	41.1953	-1.03299
48	142	21.4001	-48.0741	41.0075	-1.0281
48	143	21.4646	-47.8088	40.814	-1.02339
48	144	21.5202	-47.5426	40.6162	-1.01881
48	145	21.5683	-47.2741	40.4131	-1.01431
48	146	21.6075	-47.0016	40.2029	-1.0099
48	147	21.6351	-46.725	39.9836	-1.00564
48	148	21.6487	-46.4461	39.7558	-1.00159
49	0	-12.7645	-46.8637	36.307	-1.93658
49	1	-12.7754	-46.6506	36.112	-1.93897
49	2	-12.7907	-46.4369	35.9183	-1.94151
49	3	-12.8108	-46.2242	35.7275	-1.94419
49	4	-12.8351	-46.0133	35.5401	-1.94699
49	5	-12.8623	-45.8044	35.3559	-1.94988
49	6	-12.8916	-45.5967	35.174	-1.95284
49	7	-12.9231	-45.3892	34.9934	-1.95588
49	8	-12.9576	-45.1813	34.8138	-1.95905
49	9	-12.9961	-44.9727	34.6355	-1.96236
49	10	-13.0377	-44.7652	34.4597	-1.96577
49	11	-13.0826	-44.5594	34.2873	-1.96929
49	12	-13.1309	-44.3557	34.1185	-1.97291
49	13	-13.1817	-44.1552	33.9541	-1.9766
49	14	-13.2354	-43.9573	33.7937	-1.98037
49	15	-13.2968	-43.762	33.6393	-1.98436
49	16	-13.3728	-43.5678	33.4924	-1.98877
49	17	-13.4675	-43.375	33.355	-1.99371
49	18	-13.5858	-43.1827	33.2287	-1.99933
49	19	-13.7199	-43.0011	33.1198	-2.00529
49	20	-13.8526	-42.8492	33.0384	-2.01087
49	21	-14.0207	-42.7084	32.9833	-2.0173
49	22	-14.198	-42.6008	32.9635	-2.02356
49	23	-14.3731	-42.5225	32.9702	-2.02937
49	24	-14.5417	-42.4778	33.0052	-2.03455
49	25	-14.7217	-42.4599	33.0702	-2.03966
49	26	-14.9152	-42.4581	33.1565	-2.04489
49	27	-15.1084	-42.4645	33.2508	-2.04997
49	28	-15.3032	-42.4753	33.3506	-2.05501
49	29	-15.4996	-42.4906	33.456	-2.05999
49	30	-15.698	-42.5096	33.5664	-2.06494
49	31	-15.8983	-42.5312	33.6809	-2.06987
49	32	-16.0999	-42.5545	33.7982	-2.07478
49	33	-16.3017	-42.5805	33.9188	-2.07962
49	34	-16.5036	-42.6057	34.0395	-2.08444
49	35	-16.7063	-42.626	34.1572	-2.08932
49	36	-16.9107	-42.6433	34.274	-2.09425
49	37	-17.1168	-42.6633	34.3948	-2.09914
49	38	-17.3246	-42.6816	34.5157	-2.10408
49	39	-17.5332	-42.696	34.6346	-2.10905
49	40	-17.7407	-42.7087	34.7523	-2.11399
49	41	-17.9457	-42.7238	34.8716	-2.1188
49	42	-18.148	-42.7353	34.9872	-2.12357
49	43	-18.348	-42.7428	35.099	-2.1283
49	44	-18.5455	-42.7538	35.2132	-2.1329
49	45	-18.7467	-42.7593	35.3255	-2.13763
49	46	-18.9511	-42.7586	35.435	-2.14251
49	47	-19.1573	-42.7539	35.5431	-2.14746
49	48	-19.3634	-42.7466	35.6498	-2.15242
49	49	-19.5679	-42.7367	35.7543	-2.15735
49	50	-19.7745	-42.7224	35.8572	-2.16237
49	51	-19.9833	-42.7089	35.9629	-2.1674
49	52	-20.1942	-42.6907	36.0668	-2.17252
49	53	-20.407	-42.6677	36.1688	-2.17773
49	54	-20.6238	-42.6486	36.2772	-2.18294
49	55	-20.7938	-42.6905	36.4094	-2.1861
49	56	-20.9236	-42.7921	36.5673	-2.18739
49	57	-21.0367	-42.9105	36.7294	-2.18804
49	58	-21.1447	-43.038	36.8958	-2.18843
49	59	-21.2479	-43.1807	37.0719	-2.18847
49	60	-21.3458	-43.3456	37.2631	-2.18805
49	61	-21.4387	-43.5399	37.4752	-2.18707
49	62	-21.5283	-43.7705	37.7153	-2.18547
49	63	-21.6184	-44.0454	37.9919	-2.18324
49	64	-21.6989	-44.3218	38.2645	-2.18081
49	65	-21.7715	-44.6004	38.5346	-2.17821
49	66	-21.8351	-44.8831	38.8031	-2.1754
49	67	-21.8861	-45.1707	39.0689	-2.17229
49	68	-21.9212	-45.4609	39.3283	-2.16885
49	69	-21.9406	-45.75	39.5785	-2.16514
49	70	-21.9477	-46.036	39.8196	-2.16127
49	71	-21.9456	-46.3197	40.0544	-2.15728
49	72	-21.9347	-46.603	40.2847	-2.15316
49	73	-21.9135	-46.8869	40.5105	-2.14887
49	74	-21.8795	-47.1703	40.7297	-2.14437
49	75	-21.8325	-47.4505	40.9401	-2.13969
49	76	-21.7745	-47.7262	41.1415	-2.13489
49	77	-21.7074	-47.9978	41.3356	-2.13001
49	78	-21.6313	-48.267	41.524	-2.12501
49	79	-21.5441	-48.5344	41.7061	-2.11986
49	80	-21.443	-48.7986	41.8792	-2.11451
49	81	-21.3275	-49.056	42.0404	-2.10899
49	82	-21.2005	-49.3045	42.1894	-2.10339
49	83	-21.0658	-49.5446	42.3285	-2.09777
49	84	-20.9254	-49.7786	42.4608	-2.09214
49	85	-20.7793	-50.0086	42.5882	-2.08647
49	86	-20.6252	-50.2353	42.7101	-2.08072
49	87	-20.4597	-50.4574	42.8239	-2.07481
49	88	-20.281	-50.6715	42.9259	-2.06876
49	89	-20.0919	-50.8755	43.0156	-2.06263
49	90	-19.8906	-51.063	43.0866	-2.05646
49	91	-19.683	-51.2388	43.146	-2.0503
49	92	-19.4699	-51.4056	43.1965	-2.04414
49	93	-19.25	-51.5642	43.2382	-2.03794
49	94	-19.0213	-51.7124	43.2684	-2.03168
49	95	-18.7841	-51.8471	43.2844	-2.02539
49	96	-18.5411	-51.967	43.2863	-2.01913
49	97	-18.2952	-52.0737	43.2767	-2.01294
49	98	-18.0473	-52.1699	43.2584	-2.00681
49	99	-17.7967	-52.2571	43.2324	-2.0007
49	100	-17.5417	-52.3343	43.1971	-1.99459
49	101	-17.2819	-52.3989	43.1499	-1.98849
49	102	-17.0188	-52.4482	43.0891	-1.98244
49	103	-16.755	-52.4824	43.0156	-1.9765
49	104	-16.4922	-52.5037	42.9323	-1.97068
49	105	-16.2303	-52.5144	42.8408	-1.96495
49	106	-15.968	-52.5147	42.741	-1.95928
49	107	-15.7043	-52.5024	42.6304	-1.95367
49	108	-15.4404	-52.4745	42.5066	-1.94816
49	109	-15.1791	-52.4296	42.3692	-1.94281
49	110	-14.9233	-52.3694	42.2207	-1.93769
49	111	-14.6736	-52.2971	42.0642	-1.93276
49	112	-14.4291	-52.2155	41.9017	-1.928
49	113	-14.1891	-52.1244	41.7329	-1.92337
49	114	-13.9844	-52.0298	41.5737	-1.91953
49	115	-13.8078	-51.927	41.417	-1.91637
49	116	-13.6539	-51.8127	41.2574	-1.9138
49	117	-13.5215	-51.6823	41.0902	-1.91184
49	118	-13.3997	-51.5439	40.9191	-1.91016
49	119	-13.2919	-51.3934	40.7413	-1.9089
49	120	-13.2099	-51.2196	40.5502	-1.90841
49	121	-13.1536	-51.0161	40.3395	-1.90877
49	122	-13.1093	-50.8067	40.1273	-1.90946
49	123	-13.0697	-50.5986	39.9178	-1.91025
49	124	-13.0318	-50.3917	39.7101	-1.91109
49	125	-12.9933	-50.1854	39.5029	-1.91191
49	126	-12.9563	-49.9791	39.296	-1.91278
49	127	-12.9217	-49.773	39.0903	-1.91371
49	128	-12.8899	-49.5685	38.887	-1.91471
49	129	-12.8615	-49.3647	38.6856	-1.9158
49	130	-12.8371	-49.1606	38.4853	-1.91699
49	131	-12.8157	-48.9564	38.286	-1.91828
49	132	-12.7965	-48.7517	38.087	-1.91963
49	133	-12.7793	-48.5457	37.8876	-1.92107
49	134	-12.7649	-48.3377	37.6874	-1.9226
49	135	-12.7543	-48.128	37.4869	-1.92426
49	136	-12.7482	-47.9171	37.287	-1.92607
49	137	-12.7464	-47.7063	37.0888	-1.928
49	138	-12.7479	-47.496	36.8923	-1.93003
49	139	-12.7516	-47.286	36.6971	-1.93214
49	140	-12.757	-47.0754	36.5022	-1.93431
