# CellID	NodeIndex	X	Y	R	Theta
8	0	42.8599	-1.37666	46.1408	0.386588
8	1	42.9095	-1.15117	46.2721	0.390698
8	2	42.9496	-0.922208	46.3968	0.394932
8	3	42.9789	-0.689763	46.5138	0.399302
8	4	42.9961	-0.454776	46.6215	0.403802
8	5	43.0009	-0.218885	46.719	0.408405
8	6	42.9941	0.0164076	46.8067	0.413077
8	7	42.977	0.250442	46.8856	0.417794
8	8	42.951	0.483456	46.9569	0.422554
8	9	42.9164	0.716124	47.0213	0.427369
8	10	42.8727	0.948954	47.0785	0.432255
8	11	42.8185	1.18176	47.1274	0.437223
8	12	42.7528	1.41346	47.1666	0.442263
8	13	42.6755	1.64247	47.1954	0.447349
8	14	42.5876	1.86758	47.2141	0.452453
8	15	42.4905	2.08858	47.2241	0.45756
8	16	42.3852	2.30605	47.2263	0.462676
8	17	42.2716	2.52066	47.221	0.467818
8	18	42.1487	2.73249	47.2075	0.472997
8	19	42.0154	2.94062	47.1843	0.478211
8	20	41.8714	3.14343	47.1504	0.483435
8	21	41.7177	3.33953	47.1061	0.488637
8	22	41.556	3.52867	47.0527	0.4938
8	23	41.3875	3.71164	46.9917	0.498928
8	24	41.2124	3.88941	46.9236	0.50404
8	25	41.03	4.06227	46.848	0.509151
8	26	40.8392	4.2294	46.7635	0.514261
8	27	40.6398	4.3892	46.6691	0.519344
8	28	40.4328	4.54034	46.565	0.524368
8	29	40.2199	4.68271	46.4526	0.529315
8	30	40.0022	4.81732	46.3332	0.534196
8	31	39.7797	4.94527	46.2073	0.539031
8	32	39.5528	5.06603	46.0751	0.543808
8	33	39.3206	5.17849	45.9351	0.548519
8	34	39.0831	5.2808	45.7863	0.55313
8	35	38.8419	5.37175	45.6293	0.557603
8	36	38.5988	5.45168	45.4658	0.561924
8	37	38.3548	5.52203	45.2972	0.566108
8	38	38.1096	5.58403	45.1239	0.570182
8	39	37.8624	5.63771	44.945	0.574157
8	40	37.6123	5.68178	44.7594	0.578018
8	41	37.3601	5.71447	44.5662	0.581725
8	42	37.1073	5.73489	44.3665	0.58524
8	43	36.8559	5.74376	44.1621	0.588553
8	44	36.6066	5.74286	43.9545	0.591684
8	45	36.3591	5.73367	43.7442	0.594665
8	46	36.1125	5.71651	43.5304	0.597513
8	47	35.866	5.69038	43.3121	0.600215
8	48	35.6201	5.65367	43.0885	0.602736
8	49	35.3762	5.6052	42.8602	0.605031
8	50	35.1361	5.54552	42.6289	0.607082
8	51	34.901	5.47614	42.3963	0.608902
8	52	34.6703	5.39988	42.1635	0.610548
8	53	34.4433	5.31732	41.9303	0.612038
8	54	34.2184	5.23077	41.6965	0.613438
8	55	33.9987	5.13206	41.4601	0.614541
8	56	33.8178	5.02724	41.2518	0.614994
8	57	33.6781	4.90264	41.0659	0.614478
8	58	33.5636	4.76661	40.8939	0.613375
8	59	33.4787	4.61243	40.7358	0.61148
8	60	33.3913	4.46152	40.5777	0.609671
8	61	33.3128	4.30723	40.425	0.607655
8	62	33.2449	4.1493	40.2792	0.605398
8	63	33.1802	3.99102	40.136	0.603072
8	64	33.1293	3.82394	39.9996	0.600353
8	65	33.0809	3.64599	39.8593	0.597356
8	66	33.0455	3.45786	39.7244	0.593941
8	67	33.0097	3.26459	39.5868	0.590402
8	68	32.9812	3.06552	39.4526	0.586612
8	69	32.9536	2.86219	39.3173	0.582694
8	70	32.9311	2.65862	39.1868	0.578672
8	71	32.9121	2.45627	39.0606	0.574601
8	72	32.897	2.25624	38.9395	0.5705
8	73	32.8862	2.05893	38.8243	0.566372
8	74	32.8772	1.86413	38.7125	0.562251
8	75	32.8724	1.67095	38.6057	0.558084
8	76	32.8681	1.47863	38.5006	0.553905
8	77	32.869	1.28665	38.4007	0.549642
8	78	32.8708	1.09526	38.3026	0.545356
8	79	32.8796	0.905406	38.2121	0.540988
8	80	32.8892	0.718068	38.1241	0.536647
8	81	32.9049	0.53462	38.0442	0.532291
8	82	32.9228	0.355646	37.9692	0.527991
8	83	32.9446	0.181645	37.9007	0.523735
8	84	32.969	0.0124781	37.8375	0.519541
8	85	32.9957	-0.15219	37.7793	0.515406
8	86	33.0249	-0.313848	37.7253	0.511297
8	87	33.0576	-0.472714	37.6764	0.507194
8	88	33.0964	-0.62893	37.6348	0.503066
8	89	33.1442	-0.784804	37.6018	0.498821
8	90	33.2059	-0.940611	37.5818	0.494395
8	91	33.2865	-1.09643	37.5792	0.489728
8	92	33.382	-1.25599	37.5889	0.484786
8	93	33.4995	-1.40842	37.6223	0.479746
8	94	33.6197	-1.55733	37.6607	0.474766
8	95	33.7544	-1.69321	37.7189	0.469929
8	96	33.8927	-1.82844	37.7814	0.46508
8	97	34.041	-1.95536	37.8574	0.460326
8	98	34.1911	-2.08232	37.9359	0.455571
8	99	34.3452	-2.20599	38.0203	0.450866
8	100	34.5003	-2.32933	38.1065	0.44618
8	101	34.6586	-2.45058	38.1974	0.441528
8	102	34.8185	-2.56982	38.2915	0.436927
8	103	34.9786	-2.68696	38.3874	0.432398
8	104	35.137	-2.80285	38.483	0.427939
8	105	35.2938	-2.91661	38.5789	0.423569
8	106	35.4504	-3.02636	38.6768	0.419318
8	107	35.6076	-3.13572	38.7763	0.415091
8	108	35.767	-3.24692	38.8776	0.410821
8	109	35.9284	-3.35897	38.9812	0.406532
8	110	36.092	-3.46999	39.0879	0.402268
8	111	36.2559	-3.58087	39.1957	0.398028
8	112	36.4204	-3.68923	39.3056	0.393865
8	113	36.5849	-3.79498	39.4173	0.389786
8	114	36.7495	-3.89839	39.5306	0.385783
8	115	36.9123	-4.00309	39.6424	0.381791
8	116	37.0756	-4.10588	39.7558	0.377862
8	117	37.2397	-4.20569	39.8719	0.374016
8	118	37.4036	-4.30315	39.9891	0.37025
8	119	37.5629	-4.39975	40.103	0.366567
8	120	37.7211	-4.49322	40.2174	0.362988
8	121	37.879	-4.58396	40.3331	0.359494
8	122	38.037	-4.66963	40.451	0.356138
8	123	38.193	-4.75297	40.5684	0.352872
8	124	38.3478	-4.83185	40.6866	0.349737
8	125	38.5016	-4.90637	40.8057	0.346731
8	126	38.6577	-4.96731	40.932	0.344034
8	127	38.8032	-5.04058	41.0444	0.341158
8	128	38.944	-5.06185	41.17	0.339527
8	129	39.0935	-5.03901	41.3186	0.338843
8	130	39.2499	-5.03196	41.4685	0.33775
8	131	39.4117	-4.99746	41.6326	0.337244
8	132	39.5873	-4.95357	41.8128	0.336845
8	133	39.7773	-4.88037	42.0163	0.336995
8	134	39.9932	-4.78976	42.25	0.337329
8	135	40.2028	-4.68757	42.4817	0.337966
8	136	40.4081	-4.57973	42.7112	0.338754
8	137	40.6083	-4.46424	42.9384	0.339741
8	138	40.8042	-4.34164	43.164	0.340907
8	139	40.9952	-4.21025	43.3879	0.342289
8	140	41.1804	-4.06923	43.6097	0.34391
8	141	41.358	-3.91809	43.828	0.34579
8	142	41.5265	-3.75771	44.041	0.347919
8	143	41.6855	-3.58969	44.2478	0.350264
8	144	41.8352	-3.41564	44.4484	0.352786
8	145	41.9769	-3.23647	44.6434	0.355456
8	146	42.1114	-3.05218	44.8338	0.358265
8	147	42.2389	-2.86211	45.0201	0.361226
8	148	42.3586	-2.66544	45.2018	0.36436
8	149	42.4691	-2.46187	45.3778	0.367684
8	150	42.5688	-2.25204	45.5466	0.371196
8	151	42.6571	-2.0374	45.707	0.374872
8	152	42.7344	-1.81951	45.859	0.378676
8	153	42.8016	-1.59925	46.0033	0.382584
9	0	-32.755	-0.0196735	37.8516	2.62324
9	1	-32.7678	0.134796	37.9394	2.61987
9	2	-32.7843	0.29179	38.0321	2.61651
9	3	-32.8029	0.450878	38.1282	2.61314
9	4	-32.8295	0.61101	38.2321	2.60988
9	5	-32.858	0.773118	38.3391	2.60661
9	6	-32.8951	0.936044	38.4542	2.60346
9	7	-32.9336	1.10134	38.5722	2.60029
9	8	-32.9806	1.26717	38.6982	2.59724
9	9	-33.0299	1.43491	38.8274	2.5942
9	10	-33.0862	1.60248	38.9628	2.59128
9	11	-33.1452	1.77061	39.1012	2.58841
9	12	-33.2089	1.93786	39.2435	2.58563
9	13	-33.2759	2.1042	39.3882	2.58294
9	14	-33.3477	2.26887	39.5365	2.58038
9	15	-33.422	2.43328	39.6871	2.57786
9	16	-33.502	2.59636	39.8419	2.57548
9	17	-33.5832	2.76064	39.9987	2.5731
9	18	-33.6697	2.92413	40.1597	2.57083
9	19	-33.7602	3.08657	40.3237	2.56865
9	20	-33.8544	3.25038	40.4918	2.56651
9	21	-33.9524	3.41445	40.6634	2.56444
9	22	-34.0629	3.55862	40.8347	2.56296
9	23	-34.1818	3.66476	40.9923	2.56237
9	24	-34.3222	3.73472	41.148	2.56282
9	25	-34.4563	3.81321	41.3033	2.563
9	26	-34.5952	3.88208	41.4573	2.56345
9	27	-34.7393	3.94097	41.6101	2.56415
9	28	-34.8886	3.99821	41.7665	2.56496
9	29	-35.0523	4.04185	41.9275	2.56621
9	30	-35.2341	4.0811	42.1014	2.56778
9	31	-35.4439	4.0996	42.2878	2.57011
9	32	-35.6883	4.10882	42.4986	2.57303
9	33	-35.9349	4.10242	42.7031	2.57627
9	34	-36.1814	4.08468	42.902	2.5797
9	35	-36.4262	4.05549	43.0939	2.5833
9	36	-36.669	4.01642	43.2794	2.58703
9	37	-36.9102	3.96777	43.4592	2.59091
9	38	-37.1504	3.90903	43.6335	2.59494
9	39	-37.389	3.83905	43.8014	2.59913
9	40	-37.6248	3.75723	43.9614	2.60349
9	41	-37.8561	3.66418	44.1129	2.60799
9	42	-38.0825	3.56132	44.2559	2.6126
9	43	-38.3042	3.44976	44.3915	2.61729
9	44	-38.5207	3.33016	44.5196	2.62205
9	45	-38.732	3.20147	44.6396	2.6269
9	46	-38.9369	3.06251	44.7501	2.63186
9	47	-39.1335	2.91318	44.8494	2.6369
9	48	-39.3202	2.75479	44.9368	2.642
9	49	-39.4969	2.58926	45.0132	2.6471
9	50	-39.6644	2.41785	45.0799	2.65222
9	51	-39.8237	2.2407	45.1378	2.65734
9	52	-39.9747	2.05715	45.1866	2.66249
9	53	-40.1164	1.86657	45.2251	2.66767
9	54	-40.2473	1.66921	45.2521	2.67287
9	55	-40.3662	1.46636	45.2672	2.67806
9	56	-40.4732	1.25966	45.2711	2.6832
9	57	-40.5693	1.05019	45.2652	2.68829
9	58	-40.6554	0.838158	45.2503	2.69333
9	59	-40.7317	0.62304	45.2264	2.69835
9	60	-40.7974	0.40428	45.1924	2.70335
9	61	-40.8509	0.18197	45.1471	2.70831
9	62	-40.8908	-0.0427416	45.0895	2.7132
9	63	-40.9167	-0.268008	45.02	2.71799
9	64	-40.9293	-0.49214	44.9399	2.72266
9	65	-40.93	-0.714284	44.8506	2.72719
9	66	-40.92	-0.934431	44.7533	2.7316
9	67	-40.8996	-1.15296	44.6478	2.73591
9	68	-40.8683	-1.37007	44.5338	2.74011
9	69	-40.8253	-1.58536	44.4105	2.74419
9	70	-40.7699	-1.79777	44.2775	2.74813
9	71	-40.702	-2.00592	44.1353	2.7519
9	72	-40.6227	-2.20871	43.9851	2.75548
9	73	-40.533	-2.4057	43.8281	2.75887
9	74	-40.4338	-2.59702	43.6649	2.76209
9	75	-40.3256	-2.78302	43.4957	2.76514
9	76	-40.2077	-2.96362	43.3198	2.76801
9	77	-40.0796	-3.13828	43.137	2.7707
9	78	-39.9408	-3.3056	42.9472	2.77316
9	79	-39.7919	-3.4643	42.7512	2.77537
9	80	-39.6337	-3.61311	42.5502	2.7773
9	81	-39.4679	-3.75212	42.3458	2.77897
9	82	-39.2953	-3.88133	42.1386	2.78039
9	83	-39.1168	-4.0021	41.929	2.78158
9	84	-38.932	-4.11416	41.7167	2.78253
9	85	-38.7416	-4.21873	41.5016	2.78328
9	86	-38.5447	-4.31349	41.284	2.78376
9	87	-38.3428	-4.39874	41.065	2.78398
9	88	-38.1607	-4.45694	40.8741	2.78375
9	89	-37.9939	-4.49184	40.7056	2.78312
9	90	-37.8377	-4.49701	40.5576	2.78189
9	91	-37.6982	-4.52319	40.4179	2.78128
9	92	-37.5788	-4.49294	40.3168	2.77953
9	93	-37.4551	-4.49188	40.2015	2.77842
9	94	-37.326	-4.44471	40.0977	2.77618
9	95	-37.1873	-4.41008	39.9806	2.77413
9	96	-37.0467	-4.35993	39.8675	2.77169
9	97	-36.9047	-4.29833	39.7576	2.76895
9	98	-36.7596	-4.23049	39.6473	2.76603
9	99	-36.6106	-4.15786	39.5355	2.76293
9	100	-36.4588	-4.0783	39.4241	2.75963
9	101	-36.3014	-3.99598	39.3089	2.7562
9	102	-36.1409	-3.90724	39.1939	2.75256
9	103	-35.9792	-3.81673	39.0788	2.74885
9	104	-35.8199	-3.72009	38.9689	2.74499
9	105	-35.6602	-3.62327	38.8593	2.74111
9	106	-35.5026	-3.52219	38.7539	2.73712
9	107	-35.3443	-3.42095	38.6485	2.7331
9	108	-35.1868	-3.31643	38.5459	2.72899
9	109	-35.0283	-3.21129	38.4431	2.72483
9	110	-34.8705	-3.10365	38.3427	2.7206
9	111	-34.7128	-2.99568	38.2433	2.71634
9	112	-34.5573	-2.8859	38.1473	2.71203
9	113	-34.4034	-2.77617	38.0535	2.70773
9	114	-34.253	-2.66434	37.9643	2.70339
9	115	-34.102	-2.55203	37.8756	2.69901
9	116	-33.9535	-2.43557	37.7917	2.69454
9	117	-33.8057	-2.31828	37.7095	2.69004
9	118	-33.6645	-2.19466	37.6368	2.68545
9	119	-33.5264	-2.06988	37.5682	2.68085
9	120	-33.3993	-1.93883	37.513	2.67621
9	121	-33.2822	-1.80623	37.4682	2.67165
9	122	-33.1756	-1.66771	37.4363	2.66706
9	123	-33.0746	-1.52732	37.411	2.66249
9	124	-32.9963	-1.39174	37.4043	2.65831
9	125	-32.9317	-1.26264	37.4074	2.65445
9	126	-32.8787	-1.13713	37.4195	2.65082
9	127	-32.8415	-1.01111	37.4464	2.64739
9	128	-32.8081	-0.882982	37.478	2.64395
9	129	-32.7871	-0.749665	37.5234	2.64056
9	130	-32.7679	-0.611862	37.573	2.6371
9	131	-32.7522	-0.468615	37.6287	2.63357
9	132	-32.7484	-0.320976	37.6974	2.6301
9	133	-32.7517	-0.170836	37.774	2.62667
17	0	38.8387	-7.36384	40.3606	0.286592
17	1	38.8224	-7.0896	40.4234	0.293213
17	2	38.795	-6.81749	40.4767	0.299844
17	3	38.7574	-6.58375	40.5105	0.305631
17	4	38.7075	-6.37861	40.5252	0.310829
17	5	38.6481	-6.19281	40.5259	0.315643
17	6	38.5757	-6.02077	40.511	0.320234
17	7	38.4966	-5.85272	40.4892	0.324789
17	8	38.3969	-5.69592	40.4451	0.32925
17	9	38.2707	-5.55458	40.3718	0.333573
17	10	38.1043	-5.42925	40.256	0.337868
17	11	37.9332	-5.31086	40.1341	0.342065
17	12	37.7604	-5.1939	40.0109	0.346267
17	13	37.5857	-5.07811	39.8862	0.350485
17	14	37.4101	-4.96055	39.7621	0.354777
17	15	37.2321	-4.842	39.6367	0.359143
17	16	37.0515	-4.72164	39.5103	0.363601
17	17	36.8667	-4.60276	39.3803	0.368091
17	18	36.684	-4.48368	39.2531	0.372596
17	19	36.5042	-4.36326	39.1299	0.377135
17	20	36.3215	-4.249	39.0025	0.381584
17	21	36.1441	-4.1315	38.8819	0.386088
17	22	35.9701	-4.01006	38.7669	0.390679
17	23	35.7926	-3.89402	38.6473	0.395206
17	24	35.6167	-3.77543	38.5311	0.399803
17	25	35.4428	-3.65482	38.4182	0.404457
17	26	35.2661	-3.54071	38.3012	0.409011
17	27	35.0922	-3.4254	38.1879	0.413593
17	28	34.9196	-3.30969	38.0767	0.418198
17	29	34.7448	-3.19673	37.9632	0.422786
17	30	34.5716	-3.08392	37.8519	0.427382
17	31	34.3983	-2.97212	37.741	0.431981
17	32	34.2247	-2.86124	37.6302	0.436588
17	33	34.0527	-2.75476	37.5197	0.441099
17	34	33.8831	-2.6517	37.4107	0.445525
17	35	33.7143	-2.55457	37.3006	0.449826
17	36	33.5496	-2.45942	37.1939	0.454055
17	37	33.3849	-2.37001	37.0855	0.458169
17	38	33.219	-2.28554	36.9744	0.462202
17	39	33.0507	-2.20557	36.8597	0.46618
17	40	32.8772	-2.13014	36.7389	0.470137
17	41	32.6894	-2.07763	36.5955	0.47374
17	42	32.4946	-2.02534	36.4462	0.477456
17	43	32.3024	-2.0094	36.283	0.48028
17	44	32.1151	-1.99213	36.125	0.4831
17	45	31.9315	-2.01125	35.9536	0.485001
17	46	31.7512	-2.0365	35.7823	0.486727
17	47	31.5724	-2.06795	35.6097	0.488294
17	48	31.3957	-2.1083	35.4347	0.489628
17	49	31.2211	-2.15596	35.2582	0.490764
17	50	31.0472	-2.20775	35.0805	0.491798
17	51	30.8745	-2.2656	34.901	0.492674
17	52	30.7021	-2.32706	34.72	0.493463
17	53	30.5337	-2.39995	34.5371	0.493914
17	54	30.3674	-2.47666	34.3544	0.494242
17	55	30.204	-2.55932	34.1713	0.494381
17	56	30.0623	-2.67324	33.9926	0.493408
17	57	29.9231	-2.79425	33.8126	0.492207
17	58	29.8094	-2.94847	33.6397	0.489764
17	59	29.6936	-3.1131	33.4602	0.48705
17	60	29.6008	-3.28558	33.2977	0.483776
17	61	29.5127	-3.45763	33.1398	0.480418
17	62	29.4398	-3.63677	32.9926	0.476624
17	63	29.3755	-3.82241	32.8506	0.4725
17	64	29.3192	-4.01349	32.7138	0.468082
17	65	29.2697	-4.20667	32.5828	0.463477
17	66	29.2229	-4.39947	32.4551	0.458808
17	67	29.1837	-4.59348	32.3344	0.453965
17	68	29.1476	-4.78637	32.2177	0.449076
17	69	29.1162	-4.97761	32.1068	0.444135
17	70	29.0869	-5.16652	31.9996	0.439198
17	71	29.0588	-5.35303	31.8952	0.434279
17	72	29.0341	-5.53998	31.7946	0.429271
17	73	29.0106	-5.72879	31.695	0.424164
17	74	28.9928	-5.91899	31.601	0.41891
17	75	28.9763	-6.10882	31.5092	0.413619
17	76	28.9657	-6.29753	31.4241	0.408256
17	77	28.956	-6.48404	31.3415	0.402917
17	78	28.9505	-6.66828	31.2647	0.397564
17	79	28.9455	-6.85015	31.1901	0.392251
17	80	28.9447	-7.02973	31.1211	0.386929
17	81	28.9443	-7.20683	31.0544	0.381651
17	82	28.952	-7.38096	30.9972	0.376346
17	83	28.9593	-7.55442	30.9406	0.371046
17	84	28.9795	-7.72534	30.8979	0.365653
17	85	28.9969	-7.89248	30.8548	0.360393
17	86	29.0284	-8.0556	30.8272	0.355081
17	87	29.0587	-8.21684	30.8	0.34983
17	88	29.1061	-8.37468	30.7908	0.344487
17	89	29.1598	-8.53557	30.7875	0.338978
17	90	29.2342	-8.69494	30.8052	0.333297
17	91	29.3206	-8.86268	30.8325	0.327239
17	92	29.4212	-9.02139	30.8773	0.321324
17	93	29.5278	-9.17752	30.9297	0.315446
17	94	29.6477	-9.32747	30.9977	0.309648
17	95	29.7795	-9.47435	31.079	0.303854
17	96	29.9217	-9.61601	31.1727	0.298153
17	97	30.0668	-9.75252	31.2718	0.292617
17	98	30.2132	-9.88508	31.3742	0.287226
17	99	30.3595	-10.0141	31.4785	0.281978
17	100	30.5045	-10.1412	31.5827	0.276836
17	101	30.6505	-10.2671	31.6892	0.271754
17	102	30.7995	-10.3931	31.7993	0.26668
17	103	30.9512	-10.5192	31.9128	0.261617
17	104	31.1047	-10.6448	32.029	0.256586
17	105	31.2591	-10.7695	32.1471	0.251618
17	106	31.4133	-10.8924	32.2663	0.246737
17	107	31.5668	-11.0135	32.3859	0.241954
17	108	31.719	-11.1333	32.5053	0.237254
17	109	31.8707	-11.2514	32.6253	0.232642
17	110	32.0218	-11.3685	32.7457	0.228098
17	111	32.1786	-11.4865	32.8721	0.223523
17	112	32.3383	-11.6045	33.0021	0.218965
17	113	32.5005	-11.7222	33.1351	0.214435
17	114	32.6605	-11.8378	33.2672	0.210016
17	115	32.8181	-11.9511	33.398	0.205713
17	116	32.9737	-12.062	33.528	0.201529
17	117	33.1285	-12.1694	33.6585	0.197481
17	118	33.2819	-12.2727	33.7888	0.193592
17	119	33.4335	-12.3726	33.9186	0.189842
17	120	33.5853	-12.4655	34.0504	0.186322
17	121	33.7343	-12.5559	34.1802	0.182915
17	122	33.8831	-12.634	34.3125	0.179886
17	123	34.0308	-12.6994	34.4462	0.177253
17	124	34.165	-12.7767	34.5649	0.174367
17	125	34.3051	-12.8022	34.6985	0.172942
17	126	34.4662	-12.7777	34.8614	0.17284
17	127	34.6357	-12.7677	35.0301	0.172289
17	128	34.8153	-12.7365	35.2123	0.172288
17	129	35.0117	-12.6868	35.4144	0.172718
17	130	35.2334	-12.6169	35.6448	0.173581
17	131	35.4902	-12.5232	35.914	0.174917
17	132	35.7442	-12.4172	36.1826	0.17658
17	133	35.9935	-12.2967	36.4492	0.178632
17	134	36.2345	-12.1614	36.7105	0.181095
17	135	36.4652	-12.0133	36.9643	0.183911
17	136	36.6861	-11.8553	37.2105	0.187001
17	137	36.8988	-11.6883	37.4508	0.190325
17	138	37.1043	-11.5115	37.6862	0.193899
17	139	37.3015	-11.3233	37.9163	0.197768
17	140	37.4878	-11.1233	38.1386	0.20195
17	141	37.6613	-10.9135	38.351	0.206401
17	142	37.8223	-10.6968	38.5534	0.211048
17	143	37.9727	-10.4747	38.7475	0.21584
17	144	38.1142	-10.2468	38.935	0.22078
17	145	38.2466	-10.0114	39.1163	0.225909
17	146	38.3679	-9.76722	39.2897	0.231275
17	147	38.475	-9.51466	39.4525	0.236884
17	148	38.5664	-9.25641	39.6026	0.242681
17	149	38.6433	-8.99516	39.7407	0.248598
17	150	38.708	-8.73167	39.869	0.254604
17	151	38.7618	-8.46497	39.989	0.26072
17	152	38.8037	-8.19375	40.1002	0.266985
17	153	38.8312	-7.91814	40.2002	0.273418
17	154	38.8426	-7.64048	40.287	0.279978
18	0	-28.324	-6.78051	30.8728	2.74264
18	1	-28.3369	-6.5724	30.9661	2.73661
18	2	-28.351	-6.36539	31.0611	2.73066
18	3	-28.3694	-6.15552	31.1624	2.72472
18	4	-28.3919	-5.94473	31.2688	2.71885
18	5	-28.4171	-5.73433	31.3786	2.71306
18	6	-28.4438	-5.52464	31.4906	2.70736
18	7	-28.4717	-5.31528	31.6045	2.70172
18	8	-28.5014	-5.106	31.721	2.69615
18	9	-28.5338	-4.8969	31.8408	2.69066
18	10	-28.5706	-4.68886	31.965	2.68531
18	11	-28.6115	-4.48288	32.0929	2.68011
18	12	-28.6557	-4.27979	32.2234	2.67508
18	13	-28.7017	-4.08139	32.354	2.67024
18	14	-28.75	-3.88701	32.4857	2.66558
18	15	-28.8023	-3.69218	32.6218	2.66101
18	16	-28.8699	-3.50018	32.7708	2.65677
18	17	-28.9525	-3.30785	32.9337	2.65277
18	18	-29.0612	-3.11282	33.1215	2.64911
18	19	-29.1703	-2.93794	33.3005	2.64603
18	20	-29.3005	-2.80044	33.4805	2.64427
18	21	-29.4333	-2.68221	33.6537	2.64306
18	22	-29.5861	-2.59856	33.8278	2.64305
18	23	-29.7392	-2.51925	34.0002	2.64316
18	24	-29.8978	-2.45295	34.1713	2.64367
18	25	-30.0588	-2.39447	34.3406	2.64441
18	26	-30.2197	-2.33722	34.5094	2.64518
18	27	-30.3834	-2.29075	34.6755	2.64625
18	28	-30.547	-2.24529	34.8411	2.64733
18	29	-30.7118	-2.20465	35.0054	2.64855
18	30	-30.8783	-2.16974	35.1686	2.64991
18	31	-31.046	-2.13846	35.3313	2.65137
18	32	-31.2152	-2.11041	35.4938	2.65292
18	33	-31.3869	-2.09384	35.6532	2.65477
18	34	-31.5599	-2.08653	35.8096	2.65685
18	35	-31.7338	-2.08488	35.9643	2.65906
18	36	-31.9079	-2.10899	36.1076	2.66189
18	37	-32.0857	-2.14158	36.2504	2.66495
18	38	-32.2678	-2.18868	36.3908	2.6684
18	39	-32.4406	-2.2641	36.5106	2.67239
18	40	-32.6076	-2.33703	36.6268	2.67623
18	41	-32.7645	-2.42222	36.729	2.68022
18	42	-32.9202	-2.50772	36.8307	2.68418
18	43	-33.0758	-2.59723	36.9311	2.68822
18	44	-33.2335	-2.68932	37.0328	2.69232
18	45	-33.3915	-2.78638	37.1333	2.69652
18	46	-33.5523	-2.88607	37.2359	2.7008
18	47	-33.7156	-2.98937	37.3398	2.70516
18	48	-33.8799	-3.09327	37.4452	2.70953
18	49	-34.0435	-3.19889	37.5499	2.71391
18	50	-34.206	-3.30585	37.6537	2.71829
18	51	-34.3656	-3.4163	37.7543	2.72269
18	52	-34.527	-3.52387	37.8583	2.72702
18	53	-34.6913	-3.62876	37.9668	2.73129
18	54	-34.8529	-3.74037	38.0708	2.73567
18	55	-35.0179	-3.85001	38.1795	2.74002
18	56	-35.1864	-3.95775	38.2928	2.74433
18	57	-35.3512	-4.07286	38.4006	2.74875
18	58	-35.5178	-4.18478	38.512	2.75309
18	59	-35.6878	-4.29051	38.6296	2.75729
18	60	-35.8629	-4.3929	38.754	2.76144
18	61	-36.0383	-4.50182	38.8767	2.76571
18	62	-36.2153	-4.60847	39.0026	2.76992
18	63	-36.3947	-4.71313	39.1321	2.77408
18	64	-36.5711	-4.82384	39.2573	2.77832
18	65	-36.748	-4.93265	39.3843	2.7825
18	66	-36.9073	-5.05352	39.4913	2.78679
18	67	-37.0387	-5.18008	39.5709	2.79094
18	68	-37.137	-5.3271	39.6131	2.79528
18	69	-37.2239	-5.47976	39.6434	2.79964
18	70	-37.3072	-5.63678	39.6697	2.80408
18	71	-37.3828	-5.80578	39.6855	2.80873
18	72	-37.4433	-5.99577	39.6811	2.81375
18	73	-37.4999	-6.21087	39.666	2.81934
18	74	-37.5445	-6.46326	39.6292	2.82574
18	75	-37.5782	-6.7402	39.5761	2.83266
18	76	-37.5985	-7.01893	39.5116	2.83953
18	77	-37.6057	-7.2973	39.4366	2.84633
18	78	-37.6003	-7.57337	39.352	2.853
18	79	-37.5841	-7.84669	39.2595	2.85955
18	80	-37.558	-8.11815	39.1597	2.86603
18	81	-37.5212	-8.38884	39.0514	2.87244
18	82	-37.4715	-8.6587	38.9326	2.87878
18	83	-37.4071	-8.92581	38.8017	2.885
18	84	-37.3283	-9.18743	38.6598	2.89103
18	85	-37.2374	-9.44209	38.5093	2.89685
18	86	-37.137	-9.69037	38.3523	2.9025
18	87	-37.0281	-9.9337	38.1895	2.90801
18	88	-36.9101	-10.1731	38.0198	2.91342
18	89	-36.7813	-10.4083	37.8416	2.9187
18	90	-36.6403	-10.6375	37.654	2.92381
18	91	-36.4877	-10.8586	37.4576	2.92869
18	92	-36.3254	-11.0707	37.2546	2.93334
18	93	-36.1552	-11.2744	37.0463	2.93777
18	94	-35.9777	-11.4713	36.833	2.94203
18	95	-35.7916	-11.6618	36.6132	2.94612
18	96	-35.5953	-11.8451	36.3852	2.95001
18	97	-35.3875	-12.0185	36.1485	2.95363
18	98	-35.1696	-12.1794	35.9045	2.9569
18	99	-34.9443	-12.3272	35.6561	2.95981
18	100	-34.7141	-12.4636	35.4051	2.96243
18	101	-34.4796	-12.5908	35.1518	2.9648
18	102	-34.2402	-12.7099	34.8953	2.96695
18	103	-33.9951	-12.8203	34.6348	2.96886
18	104	-33.7438	-12.9194	34.3702	2.97044
18	105	-33.5209	-12.9892	34.1387	2.97135
18	106	-33.3191	-13.0332	33.9323	2.97162
18	107	-33.1323	-13.0564	33.7444	2.97136
18	108	-32.9552	-13.0609	33.569	2.9706
18	109	-32.7836	-13.0477	33.4022	2.96933
18	110	-32.6131	-13.046	33.2345	2.9684
18	111	-32.4495	-13.0016	33.0812	2.96623
18	112	-32.2818	-12.9115	32.9319	2.96265
18	113	-32.1197	-12.8042	32.7917	2.95854
18	114	-31.955	-12.6985	32.6493	2.95444
18	115	-31.7904	-12.5879	32.5085	2.95016
18	116	-31.6236	-12.4766	32.3662	2.9458
18	117	-31.4567	-12.3651	32.2245	2.9414
18	118	-31.2925	-12.2516	32.0865	2.93692
18	119	-31.1299	-12.139	31.9505	2.93243
18	120	-30.9696	-12.0278	31.8171	2.92797
18	121	-30.8126	-11.9162	31.6876	2.92347
18	122	-30.658	-11.8047	31.5612	2.91897
18	123	-30.5045	-11.6948	31.436	2.91448
18	124	-30.3528	-11.585	31.3132	2.90997
18	125	-30.2008	-11.4733	31.1913	2.90537
18	126	-30.0488	-11.3609	31.0702	2.90071
18	127	-29.8986	-11.247	30.9518	2.89597
18	128	-29.7519	-11.1307	30.8381	2.89116
18	129	-29.6078	-11.0139	30.7278	2.88631
18	130	-29.466	-10.8966	30.6207	2.88144
18	131	-29.3293	-10.7789	30.5192	2.87656
18	132	-29.1961	-10.6612	30.4219	2.87168
18	133	-29.0688	-10.5391	30.3321	2.86668
18	134	-28.9443	-10.4165	30.2459	2.86166
18	135	-28.8257	-10.288	30.1679	2.85648
18	136	-28.7142	-10.1516	30.0997	2.85109
18	137	-28.6147	-10.0004	30.0481	2.84532
18	138	-28.5268	-9.82803	30.015	2.83897
18	139	-28.4514	-9.63699	30.0006	2.83214
18	140	-28.3916	-9.44629	30.0024	2.82548
18	141	-28.347	-9.25391	30.0205	2.81893
18	142	-28.3133	-9.05934	30.0509	2.81243
18	143	-28.2931	-8.85997	30.0968	2.80595
18	144	-28.2795	-8.65696	30.1514	2.79944
18	145	-28.2727	-8.4508	30.2149	2.79294
18	146	-28.2698	-8.24218	30.2841	2.78643
18	147	-28.2708	-8.03208	30.3587	2.77996
18	148	-28.2744	-7.82189	30.4371	2.77354
18	149	-28.2803	-7.61308	30.5183	2.76722
18	150	-28.289	-7.40456	30.6033	2.76099
18	151	-28.2998	-7.19648	30.6912	2.75482
18	152	-28.3117	-6.98859	30.7812	2.74871
25	0	33.8269	-14.4913	33.9736	0.126371
25	1	33.8182	-14.2559	33.9954	0.133273
25	2	33.7947	-14.0478	34.0004	0.139431
25	3	33.7569	-13.8589	33.9898	0.145088
25	4	33.705	-13.6831	33.9643	0.150431
25	5	33.6357	-13.5176	33.9211	0.155562
25	6	33.5798	-13.3482	33.8925	0.160756
25	7	33.4755	-13.2022	33.8134	0.165511
25	8	33.3115	-13.0738	33.6731	0.170074
25	9	33.1542	-12.9356	33.5418	0.17493
25	10	32.9931	-12.8034	33.4066	0.179666
25	11	32.8327	-12.6725	33.2725	0.184398
25	12	32.6734	-12.5434	33.1399	0.189109
25	13	32.5137	-12.4175	33.0071	0.193766
25	14	32.3545	-12.2925	32.8753	0.198427
25	15	32.1961	-12.1668	32.7452	0.203145
25	16	32.0356	-12.0433	32.6133	0.207848
25	17	31.8756	-11.9185	32.4829	0.212622
25	18	31.7179	-11.7914	32.3558	0.217491
25	19	31.557	-11.6709	32.2251	0.222219
25	20	31.4011	-11.5483	32.1004	0.227016
25	21	31.2504	-11.4229	31.9822	0.231896
25	22	31.0929	-11.3002	31.8575	0.236782
25	23	30.9332	-11.1766	31.7317	0.241749
25	24	30.7701	-11.0522	31.6035	0.246805
25	25	30.6068	-10.9287	31.4757	0.251878
25	26	30.4428	-10.8067	31.3477	0.256949
25	27	30.2797	-10.6856	31.2212	0.262029
25	28	30.1182	-10.566	31.0965	0.26709
25	29	29.9575	-10.449	30.9728	0.272101
25	30	29.7971	-10.3347	30.8494	0.27707
25	31	29.6384	-10.2231	30.7276	0.281976
25	32	29.4794	-10.1144	30.6055	0.286833
25	33	29.3185	-10.0086	30.4814	0.291655
25	34	29.1599	-9.90432	30.3599	0.296447
25	35	28.9985	-9.8089	30.2337	0.301025
25	36	28.8393	-9.7119	30.1107	0.305669
25	37	28.669	-9.63474	29.9718	0.309834
25	38	28.4892	-9.56691	29.8216	0.313838
25	39	28.2999	-9.50359	29.6613	0.317839
25	40	28.1148	-9.46139	29.4988	0.321158
25	41	27.9317	-9.43919	29.3322	0.323847
25	42	27.7504	-9.42453	29.165	0.326302
25	43	27.5683	-9.42551	28.9923	0.328284
25	44	27.3861	-9.43793	28.8159	0.329914
25	45	27.2033	-9.45492	28.6375	0.33142
25	46	27.0205	-9.48022	28.4564	0.33267
25	47	26.8377	-9.51044	28.2738	0.333771
25	48	26.6565	-9.54877	28.0901	0.334595
25	49	26.4764	-9.58879	27.9067	0.335361
25	50	26.3002	-9.6391	27.7238	0.335738
25	51	26.1258	-9.69006	27.5424	0.336078
25	52	25.9557	-9.75002	27.362	0.336059
25	53	25.7906	-9.81935	27.1833	0.335654
25	54	25.6329	-9.90251	27.007	0.33467
25	55	25.4862	-10.0091	26.8335	0.332715
25	56	25.344	-10.1323	26.6589	0.330087
25	57	25.2074	-10.2763	26.4832	0.326615
25	58	25.0864	-10.4203	26.3226	0.322908
25	59	24.9792	-10.5691	26.1739	0.318818
25	60	24.8866	-10.7222	26.0383	0.31435
25	61	24.8065	-10.8787	25.914	0.309563
25	62	24.7329	-11.0393	25.7953	0.304501
25	63	24.6658	-11.2029	25.6826	0.299206
25	64	24.6024	-11.3665	25.5741	0.293827
25	65	24.5431	-11.5333	25.4695	0.288229
25	66	24.4866	-11.7015	25.3679	0.282508
25	67	24.4312	-11.8716	25.2677	0.276655
25	68	24.3744	-12.0483	25.1653	0.270515
25	69	24.3157	-12.2427	25.0574	0.263665
25	70	24.2249	-12.4493	24.9165	0.256609
25	71	24.0723	-12.6473	24.7192	0.250429
25	72	23.9789	-12.8579	24.5771	0.243068
25	73	23.9586	-13.0765	24.5057	0.234609
25	74	24.0081	-13.3036	24.5022	0.225123
25	75	24.1462	-13.5271	24.5881	0.21501
25	76	24.2025	-13.7836	24.5898	0.204332
25	77	24.1597	-14.0352	24.498	0.194629
25	78	24.0113	-14.2639	24.3089	0.186578
25	79	23.9445	-14.4852	24.2031	0.178106
25	80	23.9517	-14.7038	24.1724	0.169154
25	81	24.0277	-14.9228	24.2115	0.159708
25	82	24.1805	-15.1463	24.3281	0.14964
25	83	24.2534	-15.3708	24.3678	0.140084
25	84	24.285	-15.583	24.3704	0.131281
25	85	24.3255	-15.7844	24.3851	0.122876
25	86	24.365	-15.9835	24.4007	0.114577
25	87	24.4088	-16.1801	24.4226	0.106374
25	88	24.4549	-16.3763	24.4484	0.0981959
25	89	24.5038	-16.5702	24.4788	0.0901158
25	90	24.5635	-16.7552	24.5224	0.082383
25	91	24.6289	-16.9335	24.5736	0.0749344
25	92	24.708	-17.1043	24.6403	0.0677802
25	93	24.7894	-17.2726	24.7108	0.0607614
25	94	24.8826	-17.4336	24.7946	0.0540523
25	95	24.9762	-17.5939	24.88	0.0474157
25	96	25.0831	-17.7456	24.98	0.0411469
25	97	25.189	-17.8964	25.0801	0.034965
25	98	25.3151	-18.0298	25.2018	0.0295017
25	99	25.4431	-18.1625	25.3262	0.0241155
25	100	25.5916	-18.2774	25.4721	0.0194629
25	101	25.743	-18.3919	25.6216	0.0148801
25	102	25.9004	-18.4996	25.7776	0.0106126
25	103	26.0607	-18.6034	25.937	0.00654437
25	104	26.2217	-18.7056	26.0976	0.00258727
25	105	26.3841	-18.8051	26.2599	-0.00121554
25	106	26.5462	-18.9049	26.4222	-0.00498597
25	107	26.709	-19.0035	26.5857	-0.00866575
25	108	26.8736	-19.1032	26.7514	-0.0123357
25	109	27.0405	-19.2012	26.9196	-0.0159029
25	110	27.2088	-19.2969	27.0897	-0.0193351
25	111	27.3769	-19.3914	27.2596	-0.022683
25	112	27.5439	-19.4851	27.4289	-0.0259575
25	113	27.7107	-19.5773	27.5981	-0.0291402
25	114	27.8784	-19.6672	27.7685	-0.0322004
25	115	28.0448	-19.7559	27.9379	-0.0351833
25	116	28.2111	-19.8428	28.1072	-0.0380653
25	117	28.3756	-19.9262	28.2749	-0.0407892
25	118	28.5375	-20.0069	28.44	-0.0433954
25	119	28.6986	-20.0804	28.6042	-0.0457153
25	120	28.8535	-20.1529	28.7623	-0.0479893
25	121	29.0069	-20.2155	28.9186	-0.0498952
25	122	29.1569	-20.2701	29.0712	-0.0515156
25	123	29.2953	-20.3329	29.2127	-0.0534184
25	124	29.4302	-20.3435	29.3479	-0.0535325
25	125	29.5748	-20.312	29.4907	-0.0522043
25	126	29.7286	-20.294	29.6434	-0.0513266
25	127	29.8899	-20.2553	29.8025	-0.0497517
25	128	30.0644	-20.1989	29.9741	-0.0475852
25	129	30.259	-20.1218	30.1649	-0.0447241
25	130	30.4811	-20.0187	30.3823	-0.0410069
25	131	30.7184	-19.8922	30.6146	-0.0365608
25	132	30.9498	-19.7521	30.8411	-0.0317458
25	133	31.1729	-19.6001	31.0596	-0.0266272
25	134	31.387	-19.4391	31.2699	-0.021297
25	135	31.5938	-19.271	31.4734	-0.0158189
25	136	31.7948	-19.0961	31.6722	-0.0101953
25	137	31.9906	-18.9127	31.8666	-0.00438011
25	138	32.1798	-18.7191	32.0556	0.00168516
25	139	32.3598	-18.5147	32.2366	0.00801641
25	140	32.5284	-18.3013	32.4076	0.0145606
25	141	32.686	-18.0815	32.5691	0.0212377
25	142	32.8342	-17.8569	32.7228	0.0280029
25	143	32.9749	-17.6273	32.8706	0.0348683
25	144	33.1079	-17.3909	33.0126	0.0418837
25	145	33.2313	-17.1465	33.1469	0.0490943
25	146	33.3422	-16.8946	33.2711	0.0564909
25	147	33.4397	-16.6379	33.3838	0.0640051
25	148	33.5248	-16.3787	33.4862	0.0715685
25	149	33.5999	-16.1175	33.5808	0.0791641
25	150	33.6662	-15.8536	33.6687	0.0868235
25	151	33.7229	-15.5855	33.7495	0.0945916
25	152	33.768	-15.3132	33.8212	0.102482
25	153	33.8	-15.0385	33.8822	0.110449
25	154	33.8193	-14.7641	33.9327	0.118425
26	0	-23.2158	-15.7107	23.5401	3.01113
26	1	-23.2184	-15.5322	23.5666	3.00363
26	2	-23.2205	-15.3522	23.5941	2.99609
26	3	-23.2297	-15.1716	23.6301	2.98858
26	4	-23.2431	-14.9864	23.6722	2.98094
26	5	-23.263	-14.7988	23.7225	2.97326
26	6	-23.2856	-14.6122	23.7768	2.96569
26	7	-23.3134	-14.4252	23.8375	2.95816
26	8	-23.341	-14.2363	23.8998	2.9506
26	9	-23.3726	-14.048	23.9673	2.94314
26	10	-23.4056	-13.8574	24.0379	2.93564
26	11	-23.4542	-13.6644	24.1256	2.92822
26	12	-23.5121	-13.4751	24.2228	2.92109
26	13	-23.5728	-13.289	24.3234	2.91417
26	14	-23.6392	-13.1073	24.4295	2.90754
26	15	-23.7247	-12.9333	24.5536	2.90145
26	16	-23.811	-12.7572	24.6797	2.89535
26	17	-23.9244	-12.5932	24.83	2.89006
26	18	-24.0425	-12.4288	24.9857	2.88486
26	19	-24.1813	-12.281	25.1576	2.88058
26	20	-24.3183	-12.1369	25.3274	2.87648
26	21	-24.472	-12.0168	25.5074	2.87351
26	22	-24.6272	-11.9014	25.6877	2.87078
26	23	-24.7973	-11.8064	25.8771	2.869
26	24	-24.9706	-11.7133	26.069	2.86736
26	25	-25.1483	-11.6275	26.2633	2.86604
26	26	-25.3265	-11.5416	26.4582	2.86475
26	27	-25.5061	-11.458	26.6538	2.86357
26	28	-25.6873	-11.3774	26.8502	2.86254
26	29	-25.8698	-11.3022	27.0464	2.86173
26	30	-26.0521	-11.2322	27.2409	2.86111
26	31	-26.2334	-11.1683	27.4329	2.86069
26	32	-26.4131	-11.1091	27.6219	2.86044
26	33	-26.59	-11.0536	27.8072	2.86029
26	34	-26.7653	-11.0022	27.9899	2.86026
26	35	-26.9394	-10.9516	28.1712	2.86025
26	36	-27.1165	-10.9135	28.352	2.8607
26	37	-27.2951	-10.8744	28.5344	2.86111
26	38	-27.4816	-10.8683	28.7153	2.86271
26	39	-27.6764	-10.867	28.903	2.86452
26	40	-27.8789	-10.9007	29.0887	2.86754
26	41	-28.0746	-10.9352	29.2679	2.87048
26	42	-28.26	-10.997	29.4302	2.87419
26	43	-28.4433	-11.0614	29.5901	2.87793
26	44	-28.6197	-11.1495	29.7377	2.88234
26	45	-28.7948	-11.246	29.8827	2.88696
26	46	-28.9689	-11.3459	30.0262	2.89164
26	47	-29.1414	-11.4508	30.1678	2.89642
26	48	-29.3122	-11.5599	30.3074	2.90128
26	49	-29.4823	-11.6699	30.4467	2.90612
26	50	-29.6493	-11.7822	30.5833	2.91097
26	51	-29.8137	-11.8939	30.7181	2.91573
26	52	-29.9751	-12.0045	30.8511	2.92039
26	53	-30.1358	-12.1154	30.9839	2.92502
26	54	-30.2965	-12.2264	31.1173	2.92962
26	55	-30.4569	-12.3386	31.2508	2.93421
26	56	-30.6173	-12.4515	31.3848	2.93878
26	57	-30.7762	-12.5666	31.5176	2.94337
26	58	-30.934	-12.6821	31.6499	2.94793
26	59	-31.087	-12.7972	31.7782	2.95241
26	60	-31.2368	-12.9094	31.9046	2.95675
26	61	-31.3823	-13.021	32.0274	2.96101
26	62	-31.5241	-13.132	32.1472	2.9652
26	63	-31.661	-13.2447	32.2625	2.96938
26	64	-31.7945	-13.3582	32.3748	2.97354
26	65	-31.9214	-13.476	32.4805	2.97777
26	66	-32.0369	-13.5989	32.5747	2.98207
26	67	-32.1602	-13.7067	32.6796	2.98593
26	68	-32.2338	-13.8353	32.7326	2.99016
26	69	-32.2638	-13.9996	32.738	2.99526
26	70	-32.3106	-14.1691	32.7601	3.00059
26	71	-32.3384	-14.3545	32.762	3.00631
26	72	-32.3506	-14.5607	32.7469	3.0126
26	73	-32.3486	-14.7949	32.7157	3.01969
26	74	-32.3336	-15.0661	32.6689	3.02787
26	75	-32.3099	-15.337	32.6156	3.03604
26	76	-32.2771	-15.608	32.5556	3.04422
26	77	-32.2333	-15.8789	32.4867	3.05238
26	78	-32.1765	-16.148	32.4073	3.0605
26	79	-32.1071	-16.413	32.3176	3.0685
26	80	-32.0266	-16.6729	32.2194	3.07636
26	81	-31.9366	-16.9285	32.1139	3.08412
26	82	-31.8367	-17.1809	32.0006	3.09181
26	83	-31.7249	-17.43	31.8775	3.09945
26	84	-31.5995	-17.6739	31.7428	3.10696
26	85	-31.4609	-17.9098	31.597	3.11427
26	86	-31.3117	-18.1364	31.4425	3.12134
26	87	-31.1545	-18.3545	31.2815	3.12821
26	88	-30.9899	-18.5659	31.1148	3.13493
26	89	-30.8168	-18.7715	30.9411	3.14154
26	90	-30.6337	-18.9702	30.7586	-3.13519
26	91	-30.4399	-19.1597	30.5666	-3.12895
26	92	-30.237	-19.3379	30.3665	-3.123
26	93	-30.0274	-19.5049	30.1605	-3.11733
26	94	-29.8126	-19.6621	29.9501	-3.11191
26	95	-29.5933	-19.8114	29.7357	-3.10667
26	96	-29.3682	-19.9519	29.516	-3.10165
26	97	-29.1712	-20.064	29.3239	-3.09756
26	98	-28.9927	-20.1476	29.1494	-3.09442
26	99	-28.8304	-20.2156	28.9905	-3.09182
26	100	-28.6747	-20.2593	28.8373	-3.09003
26	101	-28.5244	-20.2869	28.6886	-3.08881
26	102	-28.3836	-20.3257	28.5501	-3.08719
26	103	-28.2468	-20.3219	28.4133	-3.08706
26	104	-28.1017	-20.2734	28.2658	-3.08849
26	105	-27.9483	-20.2382	28.1107	-3.08945
26	106	-27.7928	-20.1904	27.9531	-3.09087
26	107	-27.6329	-20.1389	27.7907	-3.09243
26	108	-27.471	-20.0815	27.6263	-3.09422
26	109	-27.3052	-20.0232	27.4579	-3.09605
26	110	-27.1374	-19.9586	27.2874	-3.09814
26	111	-26.9663	-19.8932	27.1137	-3.10027
26	112	-26.7943	-19.823	26.939	-3.10261
26	113	-26.6203	-19.7534	26.7625	-3.10496
26	114	-26.4461	-19.6819	26.5859	-3.1074
26	115	-26.2725	-19.6076	26.4099	-3.10999
26	116	-26.0986	-19.5312	26.2338	-3.11269
26	117	-25.923	-19.4554	26.0562	-3.11541
26	118	-25.7465	-19.3771	25.8778	-3.11825
26	119	-25.569	-19.2975	25.6986	-3.12119
26	120	-25.3918	-19.2157	25.5198	-3.12425
26	121	-25.2162	-19.1316	25.343	-3.12745
26	122	-25.0412	-19.0462	25.1669	-3.13074
26	123	-24.8675	-18.9599	24.9924	-3.13412
26	124	-24.6957	-18.8722	24.8202	-3.1376
26	125	-24.5267	-18.7816	24.651	-3.14125
26	126	-24.3613	-18.6866	24.4857	3.13806
26	127	-24.2027	-18.583	24.3277	3.13377
26	128	-24.0527	-18.4677	24.1789	3.12896
26	129	-23.9137	-18.3357	24.0419	3.1234
26	130	-23.7785	-18.1927	23.9098	3.11731
26	131	-23.6736	-18.0412	23.8091	3.11084
26	132	-23.5734	-17.894	23.7139	3.10451
26	133	-23.5082	-17.733	23.6553	3.09761
26	134	-23.4448	-17.5739	23.5995	3.09075
26	135	-23.403	-17.4083	23.5669	3.08364
26	136	-23.3632	-17.2431	23.5372	3.07654
26	137	-23.3317	-17.0766	23.5173	3.06939
26	138	-23.3038	-16.9097	23.5021	3.06222
26	139	-23.2848	-16.7417	23.497	3.05503
26	140	-23.2649	-16.5735	23.4924	3.04782
26	141	-23.2513	-16.4037	23.4953	3.04057
26	142	-23.2378	-16.2323	23.4999	3.03326
26	143	-23.227	-16.0593	23.5084	3.02589
26	144	-23.2202	-15.8861	23.5223	3.01855
32	0	29.2693	-22.4288	29.3734	-0.124777
32	1	29.2481	-22.1487	29.3189	-0.115388
32	2	29.2166	-21.9081	29.2607	-0.107344
32	3	29.173	-21.6976	29.1956	-0.100336
32	4	29.1167	-21.51	29.1213	-0.0941184
32	5	29.0473	-21.3407	29.0367	-0.0885396
32	6	28.9616	-21.1868	28.9381	-0.0835038
32	7	28.8909	-21.0292	28.855	-0.078264
32	8	28.7748	-20.9044	28.7297	-0.0742506
32	9	28.6124	-20.8046	28.5605	-0.0711871
32	10	28.4559	-20.6944	28.3968	-0.0677073
32	11	28.2962	-20.5897	28.2305	-0.0643901
32	12	28.1365	-20.4872	28.0646	-0.0611114
32	13	27.9769	-20.3867	27.8994	-0.057867
32	14	27.8156	-20.2883	27.7327	-0.0546609
32	15	27.6548	-20.1886	27.5669	-0.0513665
32	16	27.4936	-20.0907	27.401	-0.048103
32	17	27.3328	-19.9953	27.236	-0.0448868
32	18	27.1739	-19.902	27.0732	-0.0417079
32	19	27.0175	-19.8113	26.9133	-0.0385835
32	20	26.8589	-19.7226	26.7515	-0.0354977
32	21	26.7	-19.6324	26.5896	-0.0323209
32	22	26.5391	-19.5438	26.4261	-0.0291671
32	23	26.3756	-19.458	26.2603	-0.0260803
32	24	26.2112	-19.3725	26.0938	-0.0229715
32	25	26.0462	-19.2881	25.927	-0.019861
32	26	25.8812	-19.2055	25.7606	-0.0167849
32	27	25.7184	-19.1271	25.5966	-0.0138298
32	28	25.5583	-19.0519	25.4355	-0.0109604
32	29	25.3987	-18.9836	25.2753	-0.00832564
32	30	25.2404	-18.9179	25.1166	-0.00576323
32	31	25.0826	-18.8574	24.9585	-0.00337586
32	32	24.9228	-18.8038	24.7986	-0.0012349
32	33	24.761	-18.7496	24.6368	0.000955204
32	34	24.5887	-18.7164	24.4645	0.0023199
32	35	24.4059	-18.6865	24.2818	0.0035689
32	36	24.2113	-18.6819	24.0872	0.00378715
32	37	24.0255	-18.6882	23.9014	0.00355438
32	38	23.845	-18.7108	23.7209	0.0026306
32	39	23.6693	-18.7478	23.545	0.00107746
32	40	23.4968	-18.7931	23.3726	-0.000850849
32	41	23.3287	-18.8489	23.2045	-0.00326408
32	42	23.1624	-18.9095	23.0386	-0.00591942
32	43	22.9993	-18.9777	22.8759	-0.00893956
32	44	22.8392	-19.0532	22.7166	-0.0123272
32	45	22.6811	-19.1374	22.5598	-0.0161463
32	46	22.5283	-19.2361	22.4089	-0.0206619
32	47	22.3769	-19.3441	22.2599	-0.025653
32	48	22.2325	-19.4739	22.1193	-0.0316866
32	49	22.0922	-19.6086	21.9838	-0.0380137
32	50	21.9603	-19.7513	21.8579	-0.0447631
32	51	21.8366	-19.8996	21.7416	-0.0518335
32	52	21.7203	-20.0517	21.6338	-0.0591333
32	53	21.619	-20.2073	21.5425	-0.0666196
32	54	21.528	-20.3658	21.4629	-0.0742746
32	55	21.4443	-20.5286	21.3922	-0.0821516
32	56	21.3711	-20.699	21.334	-0.0903958
32	57	21.2983	-20.8718	21.2778	-0.0987919
32	58	21.2305	-21.0498	21.2287	-0.107448
32	59	21.1662	-21.2283	21.1847	-0.116151
32	60	21.109	-21.4082	21.1495	-0.124915
32	61	21.052	-21.5886	21.1163	-0.133726
32	62	20.9989	-21.7681	21.0884	-0.142501
32	63	20.9516	-21.9434	21.0672	-0.151057
32	64	20.9098	-22.1199	21.0532	-0.159644
32	65	20.871	-22.2961	21.0437	-0.168201
32	66	20.8338	-22.4761	21.038	-0.176933
32	67	20.7992	-22.6563	21.0364	-0.185654
32	68	20.7707	-22.8337	21.042	-0.194192
32	69	20.7445	-23.0127	21.0516	-0.202775
32	70	20.7212	-23.193	21.0658	-0.21138
32	71	20.6963	-23.3751	21.0805	-0.220075
32	72	20.6778	-23.5558	21.1026	-0.228622
32	73	20.6638	-23.7309	21.1294	-0.236845
32	74	20.6546	-23.9056	21.1621	-0.244972
32	75	20.6445	-24.0799	21.1953	-0.253067
32	76	20.637	-24.2508	21.2315	-0.260948
32	77	20.6328	-24.4229	21.2725	-0.268815
32	78	20.632	-24.5944	21.3179	-0.276582
32	79	20.638	-24.7675	21.3716	-0.284294
32	80	20.6444	-24.9402	21.4269	-0.29195
32	81	20.6598	-25.113	21.4919	-0.299442
32	82	20.6758	-25.2849	21.5585	-0.306843
32	83	20.7012	-25.454	21.6343	-0.313937
32	84	20.7287	-25.6217	21.7128	-0.320892
32	85	20.7655	-25.7861	21.8	-0.327517
32	86	20.803	-25.9501	21.8887	-0.334059
32	87	20.8586	-26.1089	21.9938	-0.340054
32	88	20.918	-26.2685	22.1034	-0.345965
32	89	21.0002	-26.4247	22.234	-0.351319
32	90	21.098	-26.5813	22.38	-0.356384
32	91	21.2129	-26.7307	22.54	-0.36082
32	92	21.3382	-26.8683	22.706	-0.36454
32	93	21.476	-26.992	22.879	-0.367445
32	94	21.6212	-27.1105	23.0571	-0.369978
32	95	21.7787	-27.2146	23.2417	-0.371705
32	96	21.9365	-27.3192	23.4266	-0.373419
32	97	22.0999	-27.4153	23.6138	-0.374684
32	98	22.2615	-27.5119	23.7996	-0.375974
32	99	22.4248	-27.6053	23.9858	-0.377097
32	100	22.5878	-27.6986	24.1717	-0.378204
32	101	22.751	-27.7903	24.3573	-0.37923
32	102	22.913	-27.8813	24.5415	-0.380226
32	103	23.0765	-27.9694	24.726	-0.381081
32	104	23.2395	-28.0565	24.9098	-0.381896
32	105	23.4027	-28.1407	25.0925	-0.382583
32	106	23.5645	-28.2247	25.274	-0.383277
32	107	23.7259	-28.3072	25.4545	-0.383914
32	108	23.8873	-28.3879	25.6344	-0.384472
32	109	24.0473	-28.4644	25.8115	-0.384894
32	110	24.2059	-28.5361	25.9854	-0.385162
32	111	24.3624	-28.6029	26.1555	-0.38528
32	112	24.5164	-28.6639	26.3212	-0.385227
32	113	24.6692	-28.7149	26.4819	-0.384846
32	114	24.8178	-28.7539	26.6343	-0.384108
32	115	24.955	-28.7953	26.777	-0.383621
32	116	25.0919	-28.7944	26.9036	-0.381687
32	117	25.2397	-28.7483	27.0238	-0.378066
32	118	25.4012	-28.7105	27.1601	-0.374577
32	119	25.5716	-28.6511	27.2973	-0.370267
32	120	25.7567	-28.5691	27.4405	-0.365042
32	121	25.9642	-28.4635	27.5972	-0.358784
32	122	26.2025	-28.3287	27.7738	-0.351227
32	123	26.4379	-28.1835	27.9457	-0.343449
32	124	26.6683	-28.0263	28.1106	-0.335422
32	125	26.8905	-27.8571	28.2657	-0.327183
32	126	27.103	-27.6781	28.4104	-0.318813
32	127	27.3067	-27.4915	28.5464	-0.310367
32	128	27.5032	-27.2975	28.6752	-0.301833
32	129	27.6927	-27.0947	28.797	-0.293154
32	130	27.8739	-26.8818	28.9101	-0.284292
32	131	28.0442	-26.659	29.0122	-0.275274
32	132	28.2022	-26.4287	29.1029	-0.266182
32	133	28.3492	-26.1933	29.184	-0.257077
32	134	28.4873	-25.9537	29.2579	-0.247955
32	135	28.6175	-25.7086	29.3252	-0.238765
32	136	28.7388	-25.4566	29.3846	-0.229454
32	137	28.8486	-25.197	29.4339	-0.220018
32	138	28.9449	-24.9318	29.4713	-0.210522
32	139	29.028	-24.6635	29.4979	-0.201038
32	140	29.1001	-24.3933	29.5159	-0.191581
32	141	29.1625	-24.1204	29.5265	-0.182106
32	142	29.2145	-23.8432	29.5287	-0.172554
32	143	29.2534	-23.5612	29.52	-0.162917
32	144	29.2768	-23.2764	29.4983	-0.15326
32	145	29.2852	-22.9919	29.4645	-0.143675
32	146	29.2817	-22.7095	29.422	-0.134192
33	0	-20.2528	-23.5818	20.9368	-2.90985
33	1	-20.2405	-23.4154	20.8872	-2.91747
33	2	-20.2325	-23.2502	20.8433	-2.92511
33	3	-20.2255	-23.087	20.802	-2.9327
33	4	-20.225	-22.9264	20.7688	-2.94026
33	5	-20.227	-22.7685	20.7397	-2.94774
33	6	-20.2369	-22.6137	20.7202	-2.95516
33	7	-20.2472	-22.4615	20.7026	-2.96248
33	8	-20.2676	-22.3142	20.697	-2.96966
33	9	-20.2862	-22.1697	20.6912	-2.97669
33	10	-20.3198	-22.0291	20.7018	-2.98366
33	11	-20.3582	-21.8861	20.7176	-2.99077
33	12	-20.4069	-21.7401	20.7445	-2.99808
33	13	-20.4766	-21.6101	20.7953	-3.00475
33	14	-20.5451	-21.4816	20.8461	-3.0113
33	15	-20.6256	-21.361	20.9106	-3.01752
33	16	-20.7109	-21.2408	20.9808	-3.02371
33	17	-20.8037	-21.1236	21.0596	-3.02975
33	18	-20.8998	-21.0043	21.1422	-3.03586
33	19	-21.0061	-20.8899	21.2361	-3.04175
33	20	-21.1168	-20.7727	21.335	-3.04774
33	21	-21.2337	-20.6543	21.4407	-3.05374
33	22	-21.3589	-20.539	21.5556	-3.05958
33	23	-21.4878	-20.4246	21.675	-3.06533
33	24	-21.6223	-20.3108	21.8009	-3.071
33	25	-21.7616	-20.1994	21.9323	-3.07652
33	26	-21.9029	-20.0904	22.0665	-3.08187
33	27	-22.0477	-19.9843	22.205	-3.08702
33	28	-22.1928	-19.878	22.3444	-3.09213
33	29	-22.3439	-19.7806	22.4907	-3.09679
33	30	-22.4939	-19.6819	22.6364	-3.10144
33	31	-22.6525	-19.6001	22.7918	-3.1053
33	32	-22.8107	-19.5199	22.9471	-3.10905
33	33	-22.9785	-19.4599	23.1129	-3.11187
33	34	-23.1517	-19.4097	23.2846	-3.11425
33	35	-23.3354	-19.3813	23.4676	-3.11567
33	36	-23.5116	-19.3627	23.6432	-3.11666
33	37	-23.6807	-19.3703	23.8124	-3.11651
33	38	-23.8431	-19.3878	23.9752	-3.11595
33	39	-24.0037	-19.4085	24.1363	-3.11527
33	40	-24.1624	-19.4433	24.2959	-3.114
33	41	-24.3236	-19.4782	24.458	-3.11276
33	42	-24.4855	-19.5232	24.6212	-3.11112
33	43	-24.6507	-19.5719	24.7878	-3.10936
33	44	-24.8196	-19.6262	24.9585	-3.10741
33	45	-24.9905	-19.685	25.1313	-3.1053
33	46	-25.1636	-19.746	25.3065	-3.10314
33	47	-25.3376	-19.8103	25.483	-3.10088
33	48	-25.5115	-19.8788	25.6596	-3.09849
33	49	-25.6851	-19.9499	25.8362	-3.09603
33	50	-25.86	-20.0204	26.0142	-3.09363
33	51	-26.0355	-20.093	26.1931	-3.09118
33	52	-26.2117	-20.1688	26.373	-3.08865
33	53	-26.3897	-20.2461	26.5549	-3.0861
33	54	-26.5686	-20.3261	26.738	-3.08348
33	55	-26.7484	-20.4069	26.9222	-3.08087
33	56	-26.928	-20.488	27.1065	-3.07829
33	57	-27.1056	-20.5722	27.2892	-3.07562
33	58	-27.2823	-20.6565	27.4712	-3.07298
33	59	-27.4601	-20.7413	27.6545	-3.07036
33	60	-27.6356	-20.8324	27.8361	-3.06755
33	61	-27.8138	-20.9137	28.0199	-3.06512
33	62	-27.9412	-21.0229	28.1555	-3.0616
33	63	-28.0301	-21.1648	28.2557	-3.05685
33	64	-28.1318	-21.3012	28.3689	-3.05236
33	65	-28.2179	-21.4539	28.4686	-3.04729
33	66	-28.2932	-21.6236	28.56	-3.04162
33	67	-28.356	-21.8164	28.6424	-3.03514
33	68	-28.4101	-22.0379	28.7205	-3.02767
33	69	-28.4557	-22.2967	28.7963	-3.01893
33	70	-28.4914	-22.557	28.8647	-3.01012
33	71	-28.5173	-22.8195	28.926	-3.00125
33	72	-28.5318	-23.0849	28.9786	-2.99225
33	73	-28.5319	-23.3524	29.0197	-2.98313
33	74	-28.5158	-23.6194	29.0472	-2.97397
33	75	-28.4848	-23.8832	29.0619	-2.96484
33	76	-28.4415	-24.1427	29.066	-2.95579
33	77	-28.3878	-24.3988	29.0617	-2.94679
33	78	-28.3237	-24.6529	29.0492	-2.93778
33	79	-28.2478	-24.9051	29.0271	-2.92874
33	80	-28.1585	-25.154	28.9936	-2.9197
33	81	-28.056	-25.3973	28.9483	-2.91072
33	82	-27.942	-25.6337	28.8926	-2.90185
33	83	-27.8182	-25.8637	28.8281	-2.89308
33	84	-27.6848	-26.0885	28.7551	-2.88437
33	85	-27.5402	-26.3082	28.6723	-2.87567
33	86	-27.3826	-26.5211	28.5773	-2.86703
33	87	-27.212	-26.7244	28.4691	-2.85853
33	88	-27.0307	-26.916	28.3495	-2.85026
33	89	-26.8417	-27.0963	28.2212	-2.84222
33	90	-26.6471	-27.2674	28.0866	-2.83435
33	91	-26.4468	-27.4306	27.9459	-2.82662
33	92	-26.2407	-27.5863	27.799	-2.81899
33	93	-26.0547	-27.7091	27.662	-2.81265
33	94	-25.8861	-27.8072	27.5345	-2.8073
33	95	-25.7261	-27.8781	27.407	-2.80294
33	96	-25.5725	-27.9272	27.2786	-2.79938
33	97	-25.4321	-27.9893	27.1674	-2.79549
33	98	-25.2985	-27.9921	27.0427	-2.79371
33	99	-25.16	-27.9561	26.9002	-2.79322
33	100	-25.013	-27.9333	26.7542	-2.79214
33	101	-24.8663	-27.8919	26.6022	-2.79172
33	102	-24.7156	-27.8498	26.4463	-2.79126
33	103	-24.5651	-27.7994	26.2876	-2.7911
33	104	-24.4125	-27.7465	26.1261	-2.79099
33	105	-24.2573	-27.6911	25.9614	-2.79094
33	106	-24.1005	-27.6309	25.7934	-2.79105
33	107	-23.941	-27.5689	25.6223	-2.79118
33	108	-23.7804	-27.5028	25.4488	-2.79146
33	109	-23.6191	-27.434	25.2737	-2.79182
33	110	-23.4585	-27.3621	25.0981	-2.79232
33	111	-23.2989	-27.2886	24.923	-2.7929
33	112	-23.1411	-27.2134	24.749	-2.79358
33	113	-22.9849	-27.1376	24.5764	-2.79431
33	114	-22.8298	-27.0624	24.4049	-2.79504
33	115	-22.6743	-26.9862	24.2328	-2.79582
33	116	-22.5179	-26.9059	24.0584	-2.79676
33	117	-22.3611	-26.8225	23.8827	-2.79783
33	118	-22.2037	-26.7386	23.7062	-2.79892
33	119	-22.0474	-26.6529	23.5303	-2.80012
33	120	-21.8936	-26.5648	23.3559	-2.80147
33	121	-21.7395	-26.4765	23.1812	-2.80284
33	122	-21.5875	-26.3848	23.0074	-2.80441
33	123	-21.4387	-26.2887	22.8352	-2.80622
33	124	-21.2923	-26.1898	22.6645	-2.80821
33	125	-21.1557	-26.0801	22.4995	-2.81083
33	126	-21.0262	-25.965	22.3398	-2.81383
33	127	-20.911	-25.8344	22.1888	-2.81772
33	128	-20.8016	-25.6956	22.0411	-2.82212
33	129	-20.7116	-25.5496	21.9101	-2.82715
33	130	-20.6318	-25.4009	21.7885	-2.83251
33	131	-20.5703	-25.2453	21.683	-2.83848
33	132	-20.5169	-25.0861	21.585	-2.84478
33	133	-20.4747	-24.9228	21.4974	-2.85148
33	134	-20.436	-24.7582	21.4137	-2.85832
33	135	-20.4026	-24.5924	21.3357	-2.86535
33	136	-20.3703	-24.4262	21.2599	-2.87245
33	137	-20.3412	-24.2595	21.1881	-2.87967
33	138	-20.3131	-24.0911	21.1179	-2.88703
33	139	-20.2902	-23.921	21.0535	-2.89458
33	140	-20.2694	-23.7508	20.9924	-2.90219
38	0	24.8271	-30.5728	27.3763	-0.445619
38	1	24.7979	-30.3404	27.2504	-0.438385
38	2	24.7579	-30.1376	27.1287	-0.432243
38	3	24.7063	-29.9574	27.0067	-0.426983
38	4	24.6434	-29.7928	26.8816	-0.422379
38	5	24.5644	-29.6405	26.7473	-0.418397
38	6	24.4961	-29.4838	26.6215	-0.41406
38	7	24.3876	-29.3554	26.4706	-0.41127
38	8	24.2339	-29.2444	26.2854	-0.409735
38	9	24.0666	-29.147	26.0931	-0.408867
38	10	23.8981	-29.0526	25.901	-0.408107
38	11	23.7313	-28.9597	25.711	-0.407368
38	12	23.5668	-28.8685	25.5238	-0.406641
38	13	23.4022	-28.7812	25.3382	-0.406046
38	14	23.239	-28.6948	25.1541	-0.40545
38	15	23.078	-28.6076	24.9718	-0.404787
38	16	22.9156	-28.5215	24.7886	-0.404174
38	17	22.752	-28.4373	24.6051	-0.40364
38	18	22.5885	-28.3546	24.4222	-0.403158
38	19	22.4255	-28.2741	24.2407	-0.402738
38	20	22.2641	-28.1946	24.0611	-0.402328
38	21	22.1034	-28.1182	23.8833	-0.402022
38	22	21.9447	-28.0468	23.7093	-0.401867
38	23	21.7879	-27.9793	23.5386	-0.401834
38	24	21.6329	-27.9147	23.3707	-0.401886
38	25	21.4777	-27.8564	23.205	-0.402191
38	26	21.3219	-27.8043	23.0413	-0.402756
38	27	21.1661	-27.7594	22.8804	-0.40362
38	28	21.0126	-27.7147	22.7217	-0.404464
38	29	20.8534	-27.6908	22.5659	-0.406263
38	30	20.689	-27.6811	22.4112	-0.408766
38	31	20.519	-27.6755	22.253	-0.411573
38	32	20.3406	-27.6874	22.0944	-0.415296
38	33	20.1715	-27.7173	21.952	-0.419651
38	34	20.0065	-27.7519	21.8156	-0.42418
38	35	19.8454	-27.7984	21.6882	-0.429192
38	36	19.6878	-27.852	21.5675	-0.434492
38	37	19.5334	-27.916	21.4548	-0.440227
38	38	19.3788	-27.9842	21.3444	-0.446204
38	39	19.2257	-28.0567	21.2379	-0.452395
38	40	19.0726	-28.1346	21.1347	-0.458878
38	41	18.9184	-28.2138	21.032	-0.465501
38	42	18.7667	-28.3003	20.9358	-0.472443
38	43	18.6171	-28.3891	20.8435	-0.479504
38	44	18.4679	-28.4831	20.7551	-0.486839
38	45	18.3197	-28.581	20.6705	-0.49438
38	46	18.1728	-28.6818	20.5896	-0.502076
38	47	18.0269	-28.7888	20.5138	-0.510069
38	48	17.8796	-28.8973	20.4389	-0.518222
38	49	17.7366	-29.0144	20.3735	-0.526693
38	50	17.5927	-29.132	20.3089	-0.535261
38	51	17.4572	-29.2581	20.2574	-0.544026
38	52	17.3253	-29.3857	20.2114	-0.552804
38	53	17.2014	-29.5191	20.1768	-0.561655
38	54	17.0858	-29.6583	20.1539	-0.570555
38	55	16.9774	-29.8019	20.1411	-0.579465
38	56	16.8749	-29.9493	20.1367	-0.588376
38	57	16.7795	-30.1014	20.1426	-0.597284
38	58	16.7035	-30.2598	20.1696	-0.605901
38	59	16.6452	-30.4261	20.2171	-0.6143
38	60	16.6048	-30.6006	20.2854	-0.622478
38	61	16.5688	-30.7779	20.3602	-0.630588
38	62	16.5389	-30.9586	20.4432	-0.638587
38	63	16.5132	-31.1417	20.5324	-0.646498
38	64	16.4908	-31.325	20.6255	-0.654243
38	65	16.4715	-31.5062	20.7211	-0.661747
38	66	16.4521	-31.6848	20.8161	-0.66909
38	67	16.4364	-31.8609	20.9135	-0.676158
38	68	16.4245	-32.0341	21.0131	-0.682946
38	69	16.4153	-32.2055	21.1146	-0.689516
38	70	16.4132	-32.3739	21.2205	-0.695702
38	71	16.4138	-32.5406	21.3282	-0.701685
38	72	16.4204	-32.704	21.4391	-0.707305
38	73	16.4313	-32.8644	21.5519	-0.712632
38	74	16.441	-33.0213	21.6621	-0.717825
38	75	16.454	-33.1746	21.7729	-0.722735
38	76	16.4692	-33.325	21.8841	-0.727428
38	77	16.4883	-33.4731	21.9971	-0.731879
38	78	16.5117	-33.6201	22.1129	-0.736118
38	79	16.5481	-33.7628	22.2358	-0.739776
38	80	16.5853	-33.9042	22.3588	-0.743323
38	81	16.6408	-34.0413	22.4925	-0.746142
38	82	16.7036	-34.1782	22.6317	-0.7487
38	83	16.7911	-34.3085	22.7844	-0.750278
38	84	16.877	-34.429	22.9295	-0.751563
38	85	16.9633	-34.5471	23.0732	-0.752751
38	86	17.0755	-34.6368	23.2164	-0.752267
38	87	17.1811	-34.7342	23.3601	-0.752223
38	88	17.2993	-34.8192	23.5044	-0.751425
38	89	17.421	-34.9062	23.6527	-0.750603
38	90	17.549	-34.9925	23.8052	-0.749583
38	91	17.683	-35.0755	23.9599	-0.74831
38	92	17.822	-35.1563	24.1168	-0.746846
38	93	17.9653	-35.2361	24.2761	-0.745247
38	94	18.1133	-35.3145	24.4381	-0.743499
38	95	18.2653	-35.3927	24.603	-0.741656
38	96	18.4206	-35.4719	24.7711	-0.739779
38	97	18.5794	-35.5507	24.9415	-0.73782
38	98	18.7401	-35.6304	25.1141	-0.735864
38	99	18.9021	-35.7098	25.2875	-0.733892
38	100	19.0645	-35.7881	25.4606	-0.731904
38	101	19.228	-35.8622	25.6318	-0.729791
38	102	19.3916	-35.9333	25.8012	-0.727615
38	103	19.5574	-36.0072	25.9742	-0.725496
38	104	19.7265	-36.0814	26.15	-0.723327
38	105	19.8998	-36.1536	26.3277	-0.721025
38	106	20.0759	-36.2253	26.5074	-0.718672
38	107	20.253	-36.2976	26.6885	-0.716342
38	108	20.4315	-36.3668	26.8685	-0.713923
38	109	20.6126	-36.4286	27.046	-0.711267
38	110	20.7872	-36.4999	27.2249	-0.709062
38	111	20.9489	-36.5146	27.3573	-0.705623
38	112	21.1105	-36.4774	27.4565	-0.700775
38	113	21.2774	-36.4542	27.5694	-0.696227
38	114	21.4459	-36.4102	27.6709	-0.691101
38	115	21.6211	-36.3488	27.7672	-0.685377
38	116	21.8078	-36.2646	27.8591	-0.678793
38	117	22.0133	-36.1537	27.9501	-0.67109
38	118	22.2433	-36.0075	28.0406	-0.661906
38	119	22.4664	-35.8473	28.1193	-0.652535
38	120	22.6797	-35.6748	28.1854	-0.643076
38	121	22.8824	-35.493	28.2398	-0.633621
38	122	23.0758	-35.3041	28.2851	-0.624189
38	123	23.2617	-35.1081	28.3227	-0.61474
38	124	23.4404	-34.904	28.3522	-0.605223
38	125	23.6106	-34.6905	28.372	-0.595622
38	126	23.7701	-34.4681	28.3805	-0.585983
38	127	23.918	-34.2388	28.3783	-0.576367
38	128	24.0551	-34.0042	28.3667	-0.566798
38	129	24.1829	-33.7647	28.3472	-0.557249
38	130	24.3015	-33.5193	28.3194	-0.547681
38	131	24.4095	-33.2675	28.2818	-0.538091
38	132	24.5054	-33.0103	28.2336	-0.528527
38	133	24.5889	-32.7496	28.1755	-0.519042
38	134	24.6613	-32.4867	28.1091	-0.509643
38	135	24.7238	-32.2212	28.0355	-0.500288
38	136	24.7762	-31.9517	27.9534	-0.490931
38	137	24.8162	-31.6773	27.8605	-0.481569
38	138	24.8408	-31.3993	27.7548	-0.472281
38	139	24.8494	-31.1211	27.637	-0.463173
38	140	24.844	-30.8454	27.5101	-0.454294
39	0	-15.9925	-31.3494	20.4429	-2.47897
39	1	-15.9891	-31.164	20.3267	-2.48606
39	2	-15.9857	-30.9796	20.2121	-2.49318
39	3	-15.9846	-30.7966	20.1012	-2.50041
39	4	-15.9863	-30.6154	19.9947	-2.50772
39	5	-15.9913	-30.4332	19.8914	-2.51525
39	6	-15.9981	-30.2517	19.7911	-2.52288
39	7	-16.0081	-30.0725	19.6959	-2.53059
39	8	-16.023	-29.897	19.608	-2.53836
39	9	-16.0389	-29.7254	19.5244	-2.54605
39	10	-16.0607	-29.5585	19.4493	-2.55379
39	11	-16.0833	-29.3951	19.3781	-2.56145
39	12	-16.1141	-29.2356	19.317	-2.56923
39	13	-16.148	-29.0783	19.2609	-2.57705
39	14	-16.1823	-28.9194	19.2055	-2.58499
39	15	-16.2522	-28.7682	19.1856	-2.59361
39	16	-16.3229	-28.6071	19.1629	-2.60271
39	17	-16.4258	-28.4515	19.1723	-2.61243
39	18	-16.5391	-28.2971	19.193	-2.62236
39	19	-16.6691	-28.1592	19.2383	-2.63193
39	20	-16.8147	-28.0366	19.3065	-2.64115
39	21	-16.971	-27.9243	19.3905	-2.6501
39	22	-17.137	-27.824	19.4902	-2.65866
39	23	-17.3041	-27.7272	19.594	-2.667
39	24	-17.4734	-27.6358	19.7034	-2.67505
39	25	-17.6432	-27.5469	19.8157	-2.68291
39	26	-17.8131	-27.4592	19.9298	-2.69063
39	27	-17.9847	-27.3762	20.0486	-2.69809
39	28	-18.1583	-27.2963	20.1716	-2.70536
39	29	-18.334	-27.2223	20.3001	-2.71232
39	30	-18.5087	-27.1535	20.4308	-2.71894
39	31	-18.681	-27.0884	20.5616	-2.72526
39	32	-18.8508	-27.0292	20.6934	-2.7312
39	33	-19.0173	-26.9721	20.8236	-2.7369
39	34	-19.1834	-26.9215	20.9566	-2.74225
39	35	-19.3478	-26.8712	21.0888	-2.74747
39	36	-19.5136	-26.8297	21.2262	-2.75228
39	37	-19.6791	-26.7902	21.3646	-2.75693
39	38	-19.8467	-26.7596	21.5087	-2.76117
39	39	-20.0202	-26.7411	21.663	-2.76494
39	40	-20.1993	-26.7351	21.8275	-2.76821
39	41	-20.3697	-26.7426	21.9889	-2.77072
39	42	-20.5322	-26.7673	22.1494	-2.77234
39	43	-20.689	-26.7983	22.3068	-2.77358
39	44	-20.8414	-26.8418	22.4647	-2.77421
39	45	-20.9941	-26.8884	22.624	-2.77472
39	46	-21.1492	-26.9392	22.7869	-2.77508
39	47	-21.307	-26.9951	22.9542	-2.77527
39	48	-21.4685	-27.0568	23.1272	-2.77528
39	49	-21.6331	-27.123	23.3045	-2.77515
39	50	-21.8005	-27.1947	23.4865	-2.77486
39	51	-21.9688	-27.2697	23.6706	-2.77445
39	52	-22.1381	-27.3473	23.8564	-2.77396
39	53	-22.3092	-27.4255	24.0441	-2.77348
39	54	-22.4795	-27.5043	24.2315	-2.77298
39	55	-22.6484	-27.5863	24.4185	-2.77234
39	56	-22.8185	-27.6672	24.6063	-2.77177
39	57	-22.9917	-27.7445	24.7958	-2.77138
39	58	-23.168	-27.8196	24.9874	-2.77114
39	59	-23.3438	-27.8996	25.1802	-2.7707
39	60	-23.5195	-27.9816	25.3737	-2.7702
39	61	-23.6945	-28.0652	25.5671	-2.76964
39	62	-23.8702	-28.147	25.7605	-2.76916
39	63	-24.0454	-28.2303	25.954	-2.76863
39	64	-24.2203	-28.3161	26.1481	-2.76801
39	65	-24.3961	-28.4027	26.3434	-2.76738
39	66	-24.5731	-28.4917	26.5407	-2.7667
39	67	-24.7545	-28.5754	26.7402	-2.76627
39	68	-24.9028	-28.6845	26.9181	-2.76452
39	69	-25.0238	-28.8151	27.0789	-2.76168
39	70	-25.1177	-28.9713	27.2242	-2.75763
39	71	-25.2076	-29.1347	27.369	-2.75332
39	72	-25.2835	-29.3155	27.5081	-2.74829
39	73	-25.3565	-29.5153	27.6525	-2.74262
39	74	-25.4207	-29.7457	27.8018	-2.73589
39	75	-25.4799	-30.016	27.9638	-2.72784
39	76	-25.5274	-30.2917	28.1191	-2.71954
39	77	-25.5613	-30.5726	28.2662	-2.71097
39	78	-25.5786	-30.8561	28.4013	-2.70215
39	79	-25.5793	-31.1384	28.5232	-2.6932
39	80	-25.5664	-31.4173	28.6337	-2.68423
39	81	-25.543	-31.6936	28.7358	-2.67524
39	82	-25.5098	-31.9688	28.831	-2.6662
39	83	-25.4652	-32.2436	28.9184	-2.65704
39	84	-25.4077	-32.5169	28.996	-2.64778
39	85	-25.337	-32.7865	29.0629	-2.63846
39	86	-25.255	-33.0513	29.12	-2.62914
39	87	-25.1631	-33.3117	29.1688	-2.61981
39	88	-25.0609	-33.5691	29.2098	-2.61043
39	89	-24.9464	-33.8233	29.2411	-2.60095
39	90	-24.8179	-34.0722	29.2604	-2.59139
39	91	-24.6765	-34.3129	29.2671	-2.58186
39	92	-24.5249	-34.5445	29.2629	-2.5724
39	93	-24.3652	-34.7683	29.2503	-2.56301
39	94	-24.1977	-34.9861	29.2304	-2.55364
39	95	-24.0209	-35.1979	29.2021	-2.54425
39	96	-23.8336	-35.4022	29.1633	-2.53484
39	97	-23.6363	-35.5967	29.1135	-2.52549
39	98	-23.4314	-35.7807	29.0538	-2.51624
39	99	-23.2201	-35.9555	28.986	-2.50709
39	100	-23.0021	-36.1222	28.9105	-2.49797
39	101	-22.7757	-36.2803	28.8254	-2.48887
39	102	-22.5398	-36.4274	28.7285	-2.47982
39	103	-22.2959	-36.5608	28.6193	-2.4709
39	104	-22.0476	-36.6801	28.5	-2.46221
39	105	-21.7973	-36.787	28.3734	-2.45373
39	106	-21.5787	-36.8675	28.2564	-2.44662
39	107	-21.383	-36.9268	28.1445	-2.44055
39	108	-21.2047	-36.967	28.0346	-2.43535
39	109	-21.0372	-36.9868	27.9203	-2.43092
39	110	-20.8801	-37.0191	27.8226	-2.42636
39	111	-20.7362	-37.0029	27.7035	-2.42339
39	112	-20.5908	-36.9365	27.5504	-2.42173
39	113	-20.4341	-36.8805	27.3956	-2.4195
39	114	-20.2743	-36.8144	27.2321	-2.41744
39	115	-20.1134	-36.7394	27.062	-2.41558
39	116	-19.952	-36.6613	26.8895	-2.41377
39	117	-19.7904	-36.5804	26.715	-2.412
39	118	-19.6293	-36.4955	26.5384	-2.41034
39	119	-19.4674	-36.4089	26.3601	-2.40869
39	120	-19.3052	-36.3189	26.1793	-2.4071
39	121	-19.1411	-36.2282	25.9968	-2.40546
39	122	-18.9765	-36.1351	25.8124	-2.40385
39	123	-18.8112	-36.0419	25.6273	-2.4022
39	124	-18.6469	-35.9476	25.4424	-2.40059
39	125	-18.4855	-35.851	25.2582	-2.39909
39	126	-18.3266	-35.7535	25.0752	-2.39767
39	127	-18.1655	-35.6577	24.8918	-2.39612
39	128	-18.0043	-35.5595	24.7068	-2.39462
39	129	-17.8434	-35.4576	24.5195	-2.39321
39	130	-17.6815	-35.354	24.3304	-2.3918
39	131	-17.5176	-35.2485	24.1386	-2.39038
39	132	-17.3542	-35.1405	23.9454	-2.38901
39	133	-17.1939	-35.0292	23.7524	-2.38782
39	134	-17.0396	-34.9128	23.5602	-2.38694
39	135	-16.8928	-34.7945	23.3723	-2.38632
39	136	-16.7628	-34.6653	23.1891	-2.38654
39	137	-16.6434	-34.5284	23.0083	-2.38731
39	138	-16.5278	-34.3868	22.8271	-2.38837
39	139	-16.4154	-34.2361	22.6421	-2.38982
39	140	-16.334	-34.0746	22.4724	-2.3926
39	141	-16.2491	-33.9178	22.3035	-2.39516
39	142	-16.1975	-33.7476	22.1502	-2.39922
39	143	-16.1478	-33.5731	21.9958	-2.40354
39	144	-16.1221	-33.3894	21.8536	-2.40897
39	145	-16.0953	-33.2055	21.711	-2.41444
39	146	-16.0786	-33.0209	21.5762	-2.42031
39	147	-16.0624	-32.8361	21.4423	-2.42629
39	148	-16.0495	-32.6516	21.312	-2.43243
39	149	-16.0376	-32.466	21.1825	-2.43871
39	150	-16.0265	-32.2794	21.0539	-2.44513
39	151	-16.0175	-32.0924	20.9274	-2.45171
39	152	-16.0094	-31.9059	20.803	-2.45838
39	153	-16.003	-31.7215	20.6821	-2.4651
39	154	-15.9975	-31.5356	20.5618	-2.47198
43	0	21.1349	-39.1152	29.2446	-0.769231
43	1	21.125	-38.8431	29.0488	-0.762739
43	2	21.0998	-38.5739	28.8452	-0.756597
43	3	21.0612	-38.3092	28.6359	-0.750798
43	4	21.0183	-38.087	28.4532	-0.746118
43	5	20.9687	-37.8975	28.2884	-0.742387
43	6	20.9157	-37.7311	28.137	-0.739305
43	7	20.8522	-37.5833	27.9905	-0.736931
43	8	20.7763	-37.4504	27.845	-0.735228
43	9	20.7154	-37.3166	27.7101	-0.733121
43	10	20.6252	-37.2145	27.5748	-0.732557
43	11	20.4902	-37.1399	27.4245	-0.733829
43	12	20.3584	-37.0479	27.2651	-0.734561
43	13	20.2158	-36.9594	27.1	-0.735663
43	14	20.0653	-36.876	26.9324	-0.737118
43	15	19.911	-36.7914	26.7614	-0.738654
43	16	19.7513	-36.7085	26.5875	-0.740389
43	17	19.588	-36.627	26.412	-0.742284
43	18	19.4221	-36.5429	26.233	-0.744197
43	19	19.2536	-36.4602	26.0531	-0.74624
43	20	19.082	-36.3792	25.8722	-0.748445
43	21	18.9077	-36.2993	25.6901	-0.750784
43	22	18.7328	-36.2173	25.5064	-0.753114
43	23	18.5564	-36.1368	25.3227	-0.755558
43	24	18.3785	-36.0583	25.1395	-0.758135
43	25	18.1988	-35.9809	24.9559	-0.760833
43	26	18.0181	-35.9005	24.7697	-0.763515
43	27	17.8339	-35.8211	24.5817	-0.766363
43	28	17.6457	-35.7434	24.3924	-0.769419
43	29	17.4552	-35.6671	24.2026	-0.772631
43	30	17.264	-35.5955	24.0159	-0.776055
43	31	17.0742	-35.5256	23.8315	-0.779537
43	32	16.8842	-35.4658	23.6546	-0.783384
43	33	16.6969	-35.4149	23.4861	-0.787477
43	34	16.5079	-35.3812	23.3292	-0.7922
43	35	16.3169	-35.3548	23.1765	-0.797264
43	36	16.1201	-35.346	23.0331	-0.803114
43	37	15.9324	-35.3492	22.9055	-0.809105
43	38	15.7541	-35.371	22.7987	-0.815427
43	39	15.5806	-35.4023	22.703	-0.821935
43	40	15.4102	-35.4483	22.6213	-0.828836
43	41	15.2413	-35.4993	22.5452	-0.835885
43	42	15.0742	-35.5602	22.479	-0.843217
43	43	14.9069	-35.6238	22.4159	-0.850678
43	44	14.7399	-35.6947	22.3597	-0.858384
43	45	14.5709	-35.7681	22.3055	-0.866272
43	46	14.403	-35.8496	22.2595	-0.874389
43	47	14.2329	-35.9349	22.2167	-0.882725
43	48	14.0642	-36.0282	22.1824	-0.891273
43	49	13.8949	-36.1242	22.1515	-0.89994
43	50	13.7285	-36.2264	22.129	-0.908701
43	51	13.5666	-36.3342	22.1153	-0.917469
43	52	13.4069	-36.444	22.1062	-0.926229
43	53	13.2553	-36.5639	22.1119	-0.934966
43	54	13.1085	-36.6869	22.1245	-0.943607
43	55	12.9696	-36.8175	22.1495	-0.952145
43	56	12.8546	-36.9722	22.2096	-0.960401
43	57	12.7353	-37.1302	22.2715	-0.968859
43	58	12.6523	-37.303	22.3676	-0.976293
43	59	12.5683	-37.4724	22.4614	-0.983611
43	60	12.5226	-37.6551	22.5886	-0.989778
43	61	12.4817	-37.8411	22.722	-0.995777
43	62	12.4623	-38.0327	22.8726	-1.00104
43	63	12.4462	-38.2249	23.0261	-1.00613
43	64	12.4346	-38.417	23.1824	-1.01099
43	65	12.4268	-38.6097	23.3418	-1.01566
43	66	12.4215	-38.8024	23.503	-1.02017
43	67	12.4181	-38.9944	23.6651	-1.02454
43	68	12.4184	-39.189	23.8317	-1.02877
43	69	12.4214	-39.3841	24.0006	-1.03286
43	70	12.4258	-39.578	24.1696	-1.03681
43	71	12.4314	-39.7689	24.3369	-1.0406
43	72	12.4379	-39.956	24.5018	-1.04424
43	73	12.4474	-40.1446	24.6697	-1.04775
43	74	12.4588	-40.3337	24.8394	-1.05115
43	75	12.4736	-40.5219	25.0103	-1.05438
43	76	12.4907	-40.7077	25.1804	-1.05743
43	77	12.5118	-40.889	25.3488	-1.06022
43	78	12.5375	-41.0671	25.5168	-1.06275
43	79	12.566	-41.2434	25.6847	-1.06512
43	80	12.6036	-41.4157	25.8538	-1.06708
43	81	12.6467	-41.5845	26.0224	-1.06875
43	82	12.6936	-41.751	26.191	-1.07024
43	83	12.7514	-41.9139	26.3617	-1.07129
43	84	12.8271	-42.0682	26.5334	-1.07157
43	85	12.9211	-42.2166	26.7087	-1.07114
43	86	13.0339	-42.3601	26.8887	-1.07001
43	87	13.1527	-42.4916	27.0611	-1.06849
43	88	13.2827	-42.6086	27.2263	-1.06638
43	89	13.4422	-42.7088	27.3913	-1.06305
43	90	13.6242	-42.788	27.5493	-1.05867
43	91	13.82	-42.8442	27.6945	-1.0535
43	92	14.0159	-42.9	27.8403	-1.04838
43	93	14.2124	-42.9479	27.9802	-1.04315
43	94	14.4078	-42.9932	28.1182	-1.03795
43	95	14.6031	-43.0343	28.2531	-1.03274
43	96	14.7984	-43.073	28.3869	-1.02753
43	97	14.9942	-43.1074	28.5178	-1.02228
43	98	15.1894	-43.1399	28.6478	-1.01705
43	99	15.3842	-43.167	28.7736	-1.01179
43	100	15.5773	-43.1922	28.8978	-1.00659
43	101	15.7693	-43.2133	29.0187	-1.00139
43	102	15.9603	-43.2327	29.1385	-0.996224
43	103	16.1517	-43.2491	29.2566	-0.991037
43	104	16.3441	-43.264	29.3749	-0.985835
43	105	16.5382	-43.2747	29.4914	-0.980547
43	106	16.7336	-43.2841	29.6084	-0.975242
43	107	16.9293	-43.2869	29.7209	-0.969844
43	108	17.1242	-43.2883	29.8327	-0.964482
43	109	17.318	-43.2831	29.9393	-0.959065
43	110	17.5092	-43.2772	30.0447	-0.953741
43	111	17.6993	-43.2661	30.146	-0.948385
43	112	17.8873	-43.2535	30.2459	-0.943093
43	113	18.074	-43.2365	30.3421	-0.937783
43	114	18.2596	-43.217	30.4367	-0.932488
43	115	18.4437	-43.1929	30.5274	-0.927175
43	116	18.6237	-43.1669	30.6151	-0.92196
43	117	18.7992	-43.1375	30.6982	-0.916827
43	118	18.9675	-43.1003	30.7714	-0.91175
43	119	19.1305	-43.0734	30.8503	-0.907039
43	120	19.2691	-43.0204	30.8942	-0.902449
43	121	19.3914	-42.9376	30.9054	-0.897683
43	122	19.5182	-42.8599	30.9241	-0.89291
43	123	19.6462	-42.7709	30.9354	-0.887882
43	124	19.7703	-42.6566	30.9255	-0.882436
43	125	19.9057	-42.5251	30.9105	-0.876352
43	126	20.0427	-42.3608	30.8727	-0.869536
43	127	20.1896	-42.1611	30.8158	-0.861715
43	128	20.3355	-41.9335	30.7392	-0.85329
43	129	20.469	-41.6998	30.6519	-0.844994
43	130	20.5909	-41.4614	30.5555	-0.836831
43	131	20.7026	-41.2183	30.4508	-0.828761
43	132	20.8037	-40.9691	30.3364	-0.820754
43	133	20.8924	-40.7134	30.2107	-0.812835
43	134	20.9666	-40.4524	30.0731	-0.805076
43	135	21.0262	-40.1886	29.9251	-0.797533
43	136	21.0725	-39.9235	29.7685	-0.790199
43	137	21.1067	-39.6567	29.6038	-0.783035
43	138	21.1283	-39.3872	29.4297	-0.776027
44	0	-12.1405	-39.7669	24.3139	-2.09953
44	1	-12.1339	-39.5926	24.1601	-2.10293
44	2	-12.1307	-39.4164	24.0068	-2.10654
44	3	-12.1306	-39.2415	23.8565	-2.11027
44	4	-12.1325	-39.0634	23.7049	-2.1142
44	5	-12.1381	-38.8854	23.5556	-2.11832
44	6	-12.1501	-38.7046	23.4077	-2.12277
44	7	-12.1626	-38.5224	23.2594	-2.12734
44	8	-12.1895	-38.3427	23.1213	-2.13243
44	9	-12.2191	-38.1652	22.9872	-2.13763
44	10	-12.2614	-37.9922	22.8643	-2.14326
44	11	-12.3069	-37.8214	22.7458	-2.14901
44	12	-12.3639	-37.6549	22.6379	-2.15514
44	13	-12.4296	-37.4922	22.5389	-2.16155
44	14	-12.5027	-37.3297	22.4452	-2.16829
44	15	-12.5839	-37.1695	22.359	-2.17532
44	16	-12.68	-37.0163	22.2882	-2.18277
44	17	-12.7785	-36.8632	22.2201	-2.19036
44	18	-12.8932	-36.721	22.1716	-2.1983
44	19	-13.0154	-36.584	22.1331	-2.2064
44	20	-13.1613	-36.465	22.1248	-2.2149
44	21	-13.3168	-36.3551	22.1311	-2.2235
44	22	-13.4764	-36.2495	22.145	-2.23212
44	23	-13.639	-36.1495	22.1667	-2.24068
44	24	-13.8047	-36.0559	22.1971	-2.24915
44	25	-13.9702	-35.9642	22.2303	-2.25754
44	26	-14.1359	-35.8762	22.268	-2.2658
44	27	-14.3019	-35.7936	22.3116	-2.27388
44	28	-14.469	-35.7148	22.3603	-2.28186
44	29	-14.6385	-35.6476	22.4206	-2.28955
44	30	-14.805	-35.582	22.4816	-2.29704
44	31	-14.9725	-35.5307	22.555	-2.3041
44	32	-15.1374	-35.4781	22.6268	-2.31108
44	33	-15.305	-35.4394	22.7118	-2.31767
44	34	-15.4741	-35.4057	22.8024	-2.32412
44	35	-15.6497	-35.3815	22.9054	-2.33043
44	36	-15.8373	-35.3764	23.0312	-2.33649
44	37	-16.016	-35.3755	23.1549	-2.34208
44	38	-16.1848	-35.4053	23.2941	-2.34639
44	39	-16.3488	-35.4446	23.4372	-2.35021
44	40	-16.5127	-35.4911	23.5856	-2.35376
44	41	-16.6773	-35.5464	23.741	-2.35704
44	42	-16.842	-35.6116	23.9037	-2.35997
44	43	-17.0048	-35.682	24.0689	-2.36267
44	44	-17.1669	-35.7564	24.2366	-2.36518
44	45	-17.3278	-35.8371	24.408	-2.36744
44	46	-17.4909	-35.9194	24.5823	-2.36969
44	47	-17.6565	-36.0054	24.761	-2.37186
44	48	-17.8257	-36.0949	24.9448	-2.374
44	49	-17.9965	-36.1866	25.1314	-2.3761
44	50	-18.1676	-36.2821	25.321	-2.37806
44	51	-18.3379	-36.3806	25.5122	-2.37989
44	52	-18.5072	-36.4806	25.7038	-2.38162
44	53	-18.6771	-36.5784	25.8943	-2.3834
44	54	-18.8464	-36.6769	26.085	-2.38512
44	55	-19.0154	-36.7776	26.2771	-2.38675
44	56	-19.1852	-36.8808	26.4715	-2.3883
44	57	-19.3581	-36.9833	26.6678	-2.38993
44	58	-19.5312	-37.0891	26.8665	-2.39146
44	59	-19.7022	-37.1987	27.0664	-2.3928
44	60	-19.8728	-37.3097	27.267	-2.39408
44	61	-20.0438	-37.4191	27.4668	-2.39539
44	62	-20.186	-37.543	27.6553	-2.39559
44	63	-20.2926	-37.675	27.8231	-2.39471
44	64	-20.3712	-37.8235	27.9818	-2.39272
44	65	-20.4407	-37.9774	28.1375	-2.3904
44	66	-20.5068	-38.1388	28.2961	-2.38782
44	67	-20.5634	-38.3158	28.4586	-2.38465
44	68	-20.6067	-38.5157	28.6276	-2.38061
44	69	-20.6394	-38.7456	28.8102	-2.37562
44	70	-20.6551	-39.0155	29.0092	-2.36929
44	71	-20.655	-39.2869	29.1992	-2.36263
44	72	-20.6409	-39.5571	29.3796	-2.35574
44	73	-20.6146	-39.825	29.5514	-2.34871
44	74	-20.5774	-40.0915	29.7158	-2.34152
44	75	-20.528	-40.3575	29.873	-2.33413
44	76	-20.4642	-40.6223	30.0212	-2.3265
44	77	-20.3844	-40.8835	30.1574	-2.31863
44	78	-20.2899	-41.1379	30.2807	-2.31063
44	79	-20.1835	-41.3849	30.3924	-2.30256
44	80	-20.0673	-41.6256	30.4948	-2.29445
44	81	-19.9413	-41.8614	30.5891	-2.28626
44	82	-19.804	-42.0923	30.6744	-2.27795
44	83	-19.6549	-42.3168	30.7492	-2.26952
44	84	-19.5149	-42.501	30.8011	-2.26219
44	85	-19.3873	-42.6536	30.8379	-2.25585
44	86	-19.2655	-42.7785	30.858	-2.25023
44	87	-19.1492	-42.8844	30.8677	-2.24514
44	88	-19.0308	-42.9704	30.8614	-2.24041
44	89	-18.9255	-43.0658	30.8712	-2.23582
44	90	-18.8	-43.1157	30.8332	-2.23161
44	91	-18.6508	-43.1417	30.7625	-2.22727
44	92	-18.4963	-43.1795	30.6984	-2.22253
44	93	-18.3333	-43.2095	30.6238	-2.2177
44	94	-18.164	-43.2379	30.5448	-2.21272
44	95	-17.9905	-43.267	30.4646	-2.20759
44	96	-17.8128	-43.2952	30.3821	-2.20233
44	97	-17.6335	-43.3188	30.2957	-2.19709
44	98	-17.4537	-43.341	30.2087	-2.19184
44	99	-17.2733	-43.3572	30.1173	-2.18666
44	100	-17.0928	-43.3728	30.0261	-2.18145
44	101	-16.9113	-43.3851	29.9325	-2.17625
44	102	-16.7278	-43.3956	29.8372	-2.17099
44	103	-16.5412	-43.4057	29.7405	-2.16562
44	104	-16.3527	-43.4102	29.6391	-2.16027
44	105	-16.1617	-43.4147	29.537	-2.15481
44	106	-15.9701	-43.4102	29.4281	-2.14946
44	107	-15.7787	-43.4046	29.3192	-2.1441
44	108	-15.588	-43.3915	29.2051	-2.13885
44	109	-15.3977	-43.3782	29.0919	-2.13359
44	110	-15.2074	-43.3613	28.9765	-2.12834
44	111	-15.016	-43.3436	28.8606	-2.12304
44	112	-14.8225	-43.3234	28.7423	-2.11768
44	113	-14.6269	-43.3002	28.6212	-2.11226
44	114	-14.4297	-43.2736	28.4972	-2.10681
44	115	-14.2341	-43.2418	28.3703	-2.10146
44	116	-14.041	-43.2054	28.2416	-2.09621
44	117	-13.8501	-43.1688	28.1146	-2.09099
44	118	-13.6697	-43.1131	27.9769	-2.08639
44	119	-13.4963	-43.0589	27.8445	-2.08193
44	120	-13.3771	-42.9788	27.7164	-2.07959
44	121	-13.2614	-42.8938	27.5859	-2.07743
44	122	-13.1431	-42.8059	27.4517	-2.07522
44	123	-13.0262	-42.7054	27.3073	-2.07325
44	124	-12.9346	-42.5765	27.1502	-2.07258
44	125	-12.8408	-42.4541	26.9978	-2.07171
44	126	-12.7679	-42.3185	26.8438	-2.07175
44	127	-12.6943	-42.182	26.6888	-2.07179
44	128	-12.623	-42.0209	26.5132	-2.07235
44	129	-12.5577	-41.8551	26.3364	-2.07321
44	130	-12.4957	-41.6873	26.1596	-2.07422
44	131	-12.4419	-41.5174	25.9847	-2.07556
44	132	-12.3935	-41.3474	25.8126	-2.0771
44	133	-12.3496	-41.1777	25.6429	-2.07881
44	134	-12.3103	-41.0072	25.4749	-2.08072
44	135	-12.278	-40.8323	25.3065	-2.08298
44	136	-12.2449	-40.6574	25.138	-2.08524
44	137	-12.2113	-40.4805	24.9674	-2.08755
44	138	-12.1838	-40.3011	24.798	-2.09016
44	139	-12.1645	-40.1208	24.632	-2.09312
44	140	-12.1491	-39.9444	24.4715	-2.09617
48	0	20.598	-46.9402	34.8218	-0.942264
48	1	20.5848	-46.7116	34.6293	-0.93869
48	2	20.5637	-46.4827	34.4324	-0.935257
48	3	20.5337	-46.2531	34.2299	-0.931981
48	4	20.4928	-46.0229	34.0209	-0.928913
48	5	20.4394	-45.7938	33.8056	-0.926118
48	6	20.3736	-45.5678	33.5856	-0.923642
48	7	20.2968	-45.3467	33.3629	-0.921483
48	8	20.2108	-45.1305	33.1388	-0.919604
48	9	20.1171	-44.9186	32.9135	-0.917966
48	10	20.0159	-44.7103	32.6865	-0.916556
48	11	19.906	-44.5061	32.4577	-0.915413
48	12	19.8011	-44.335	32.2581	-0.914761
48	13	19.6974	-44.1906	32.0804	-0.914574
48	14	19.5928	-44.0665	31.9183	-0.9148
48	15	19.4857	-43.9566	31.7659	-0.915361
48	16	19.3716	-43.8592	31.6191	-0.916344
48	17	19.244	-43.7789	31.4778	-0.918009
48	18	19.0958	-43.7333	31.3516	-0.92088
48	19	18.9093	-43.7407	31.2451	-0.925775
48	20	18.7113	-43.767	31.1476	-0.931364
48	21	18.5157	-43.7947	31.0535	-0.936949
48	22	18.3225	-43.8174	30.9578	-0.942412
48	23	18.1315	-43.8311	30.8571	-0.947682
48	24	17.9428	-43.8381	30.7531	-0.952795
48	25	17.7541	-43.8496	30.6535	-0.958031
48	26	17.5651	-43.8586	30.5526	-0.963259
48	27	17.3765	-43.8621	30.4482	-0.968411
48	28	17.1892	-43.8594	30.3403	-0.973447
48	29	17.0039	-43.8527	30.2309	-0.978391
48	30	16.8208	-43.8464	30.1237	-0.983318
48	31	16.6397	-43.8372	30.0161	-0.988168
48	32	16.4559	-43.8301	29.9094	-0.993171
48	33	16.2696	-43.8196	29.7992	-0.998215
48	34	16.0815	-43.8058	29.6861	-1.00329
48	35	15.8923	-43.7947	29.5755	-1.00848
48	36	15.7037	-43.7807	29.4635	-1.01365
48	37	15.5161	-43.7638	29.3503	-1.01876
48	38	15.3293	-43.7492	29.2403	-1.02394
48	39	15.1431	-43.7313	29.1286	-1.02908
48	40	14.9574	-43.7077	29.013	-1.03415
48	41	14.7721	-43.6801	28.8949	-1.03917
48	42	14.5873	-43.6525	28.7778	-1.04422
48	43	14.4036	-43.6275	28.6642	-1.04932
48	44	14.2219	-43.6032	28.553	-1.05442
48	45	14.0423	-43.579	28.4437	-1.05949
48	46	13.8646	-43.5555	28.3365	-1.06455
48	47	13.6882	-43.533	28.2317	-1.06963
48	48	13.5126	-43.5125	28.1297	-1.07475
48	49	13.3392	-43.493	28.0304	-1.07986
48	50	13.1673	-43.4774	27.936	-1.08502
48	51	12.9965	-43.4712	27.8511	-1.09035
48	52	12.8233	-43.4878	27.7863	-1.09615
48	53	12.6754	-43.5289	27.7557	-1.10156
48	54	12.53	-43.603	27.7565	-1.10745
48	55	12.418	-43.7275	27.8182	-1.11305
48	56	12.3182	-43.88	27.9114	-1.11867
48	57	12.2539	-44.0434	28.0306	-1.12328
48	58	12.2122	-44.2274	28.1786	-1.12744
48	59	12.1868	-44.4159	28.3382	-1.1311
48	60	12.1707	-44.6071	28.5045	-1.13447
48	61	12.1592	-44.7986	28.6734	-1.13765
48	62	12.1506	-44.9885	28.8423	-1.14069
48	63	12.1434	-45.1767	29.0104	-1.14362
48	64	12.1367	-45.3634	29.1777	-1.14648
48	65	12.1296	-45.5495	29.3445	-1.14931
48	66	12.1223	-45.7353	29.5112	-1.15211
48	67	12.1158	-45.9212	29.6784	-1.15486
48	68	12.1104	-46.1065	29.8459	-1.15753
48	69	12.1061	-46.2909	30.0131	-1.16013
48	70	12.1025	-46.474	30.1797	-1.16266
48	71	12.0994	-46.6562	30.3458	-1.16514
48	72	12.0957	-46.8369	30.5105	-1.16759
48	73	12.0919	-47.0169	30.6746	-1.17
48	74	12.0885	-47.1965	30.8388	-1.17238
48	75	12.086	-47.3758	31.0031	-1.1747
48	76	12.0846	-47.5542	31.1672	-1.17694
48	77	12.0843	-47.7312	31.3307	-1.17912
48	78	12.0849	-47.9067	31.4931	-1.18123
48	79	12.0842	-48.0809	31.6541	-1.18334
48	80	12.0822	-48.2546	31.8143	-1.18546
48	81	12.0789	-48.4287	31.9744	-1.18761
48	82	12.0761	-48.6037	32.1358	-1.18972
48	83	12.0744	-48.78	32.2988	-1.1918
48	84	12.0742	-48.9572	32.4634	-1.19383
48	85	12.0759	-49.1347	32.6292	-1.19578
48	86	12.0796	-49.3121	32.7956	-1.19766
48	87	12.082	-49.4886	32.961	-1.19954
48	88	12.0849	-49.6647	33.1262	-1.20139
48	89	12.0858	-49.8411	33.2911	-1.20328
48	90	12.0834	-50.0182	33.4555	-1.20525
48	91	12.0754	-50.1961	33.6189	-1.20736
48	92	12.0788	-50.375	33.7873	-1.20915
48	93	12.107	-50.5322	33.9444	-1.21001
48	94	12.1581	-50.6737	34.0948	-1.21007
48	95	12.2247	-50.8089	34.2449	-1.20965
48	96	12.3028	-50.9384	34.3936	-1.20885
48	97	12.3906	-51.0639	34.542	-1.20776
48	98	12.4954	-51.1814	34.6892	-1.20614
48	99	12.6177	-51.2918	34.836	-1.20399
48	100	12.7574	-51.398	34.9854	-1.20135
48	101	12.9159	-51.5028	35.1405	-1.19822
48	102	13.0957	-51.609	35.3051	-1.19457
48	103	13.3005	-51.7195	35.4834	-1.19035
48	104	13.5103	-51.823	35.6578	-1.18597
48	105	13.7261	-51.9182	35.8274	-1.18138
48	106	13.9483	-52.0023	35.99	-1.17656
48	107	14.1755	-52.073	36.1431	-1.1715
48	108	14.4055	-52.1298	36.2853	-1.16627
48	109	14.636	-52.1742	36.4173	-1.16093
48	110	14.8662	-52.2083	36.5409	-1.15553
48	111	15.0964	-52.2338	36.6576	-1.15006
48	112	15.3276	-52.2508	36.7681	-1.14451
48	113	15.56	-52.2578	36.8712	-1.13885
48	114	15.7929	-52.2534	36.9652	-1.13308
48	115	16.0247	-52.2367	37.049	-1.12722
48	116	16.254	-52.2086	37.1227	-1.12132
48	117	16.4799	-52.1711	37.1878	-1.11541
48	118	16.7031	-52.1256	37.2457	-1.10949
48	119	16.9242	-52.0723	37.2971	-1.10354
48	120	17.144	-52.0102	37.3412	-1.09754
48	121	17.3616	-51.9373	37.3763	-1.09147
48	122	17.5755	-51.8521	37.4	-1.08534
48	123	17.7836	-51.7546	37.4116	-1.07921
48	124	17.9845	-51.6466	37.4119	-1.07311
48	125	18.1784	-51.5303	37.4029	-1.06707
48	126	18.3662	-51.4073	37.3866	-1.06108
48	127	18.5492	-51.278	37.3637	-1.05512
48	128	18.7275	-51.1413	37.3334	-1.04916
48	129	18.8995	-50.9953	37.2931	-1.04321
48	130	19.0632	-50.8389	37.2411	-1.0373
48	131	19.2203	-50.6763	37.1816	-1.03143
48	132	19.3693	-50.5076	37.114	-1.02566
48	133	19.5104	-50.3339	37.0392	-1.01997
48	134	19.6446	-50.1557	36.9582	-1.01435
48	135	19.7726	-49.9725	36.8708	-1.00878
48	136	19.8941	-49.7833	36.776	-1.00324
48	137	20.0079	-49.587	36.6723	-0.997744
48	138	20.112	-49.3837	36.5584	-0.992336
48	139	20.2049	-49.1746	36.4346	-0.987063
48	140	20.2863	-48.9615	36.3021	-0.981956
48	141	20.3574	-48.746	36.1629	-0.977012
48	142	20.4198	-48.5287	36.018	-0.972202
48	143	20.4742	-48.309	35.8676	-0.967497
48	144	20.5206	-48.0862	35.7109	-0.962886
48	145	20.5578	-47.8598	35.5466	-0.958392
48	146	20.5841	-47.6305	35.3745	-0.954056
48	147	20.599	-47.3999	35.1953	-0.94992
48	148	20.6032	-47.1696	35.0106	-0.945997
49	0	-12.301	-47.2231	31.0449	-1.98257
49	1	-12.3046	-47.0406	30.8792	-1.98504
49	2	-12.3105	-46.8581	30.7146	-1.98761
49	3	-12.3178	-46.6753	30.5505	-1.99025
49	4	-12.3264	-46.4918	30.3865	-1.99297
49	5	-12.3373	-46.3072	30.2227	-1.9958
49	6	-12.3509	-46.1209	30.0587	-1.99877
49	7	-12.3642	-45.9328	29.8933	-2.00178
49	8	-12.3827	-45.7444	29.73	-2.005
49	9	-12.4075	-45.5572	29.5708	-2.00842
49	10	-12.4366	-45.3726	29.4161	-2.01198
49	11	-12.4689	-45.1911	29.266	-2.01562
49	12	-12.5034	-45.0126	29.1198	-2.01933
49	13	-12.5351	-44.8355	28.9742	-2.02297
49	14	-12.5724	-44.6609	28.8337	-2.02677
49	15	-12.6152	-44.5077	28.7152	-2.03046
49	16	-12.6664	-44.376	28.62	-2.03411
49	17	-12.7349	-44.2451	28.5338	-2.03831
49	18	-12.8234	-44.1171	28.4597	-2.04311
49	19	-12.9209	-44.0154	28.4139	-2.04779
49	20	-13.0261	-43.9368	28.3926	-2.05236
49	21	-13.1495	-43.8808	28.4004	-2.05712
49	22	-13.278	-43.8491	28.4328	-2.06163
49	23	-13.435	-43.8374	28.4968	-2.06669
49	24	-13.5956	-43.8363	28.5726	-2.07165
49	25	-13.7596	-43.8412	28.656	-2.07659
49	26	-13.9281	-43.8499	28.7457	-2.08157
49	27	-14.1001	-43.8616	28.8403	-2.08657
49	28	-14.2741	-43.8748	28.938	-2.09158
49	29	-14.4488	-43.8882	29.0369	-2.09657
49	30	-14.6237	-43.9031	29.1379	-2.1015
49	31	-14.7989	-43.9166	29.2386	-2.10644
49	32	-14.9749	-43.9277	29.3383	-2.1114
49	33	-15.1518	-43.9417	29.4417	-2.11631
49	34	-15.3297	-43.9534	29.5444	-2.12125
49	35	-15.5081	-43.9639	29.647	-2.1262
49	36	-15.6857	-43.9751	29.7505	-2.13107
49	37	-15.8608	-43.9882	29.855	-2.13581
49	38	-16.0371	-43.9963	29.9566	-2.14063
49	39	-16.2141	-43.9961	30.0523	-2.14559
49	40	-16.3921	-43.9906	30.1448	-2.15065
49	41	-16.5711	-43.9876	30.2408	-2.15566
49	42	-16.7511	-43.9802	30.3344	-2.16074
49	43	-16.9319	-43.9686	30.4257	-2.16589
49	44	-17.1135	-43.9596	30.5204	-2.17098
49	45	-17.2954	-43.9461	30.6124	-2.17613
49	46	-17.4776	-43.9254	30.6995	-2.1814
49	47	-17.6609	-43.9014	30.7854	-2.18672
49	48	-17.8492	-43.8771	30.8748	-2.19215
49	49	-18.0412	-43.8471	30.9626	-2.19776
49	50	-18.2359	-43.8109	31.0481	-2.20352
49	51	-18.4333	-43.775	31.1364	-2.20932
49	52	-18.6024	-43.7713	31.2345	-2.21373
49	53	-18.7389	-43.8091	31.3467	-2.2165
49	54	-18.8597	-43.8698	31.468	-2.2184
49	55	-18.9731	-43.9375	31.5904	-2.21997
49	56	-19.0798	-44.0133	31.7153	-2.22121
49	57	-19.18	-44.1003	31.8452	-2.22206
49	58	-19.2778	-44.1991	31.9831	-2.22262
49	59	-19.3749	-44.3151	32.1342	-2.22283
49	60	-19.4732	-44.4539	32.3042	-2.22264
49	61	-19.5757	-44.622	32.4999	-2.22201
49	62	-19.6858	-44.8268	32.7297	-2.22089
49	63	-19.7876	-45.0382	32.9596	-2.21947
49	64	-19.88	-45.2563	33.1892	-2.21772
49	65	-19.9604	-45.4804	33.4166	-2.2156
49	66	-20.0274	-45.7084	33.6392	-2.21311
49	67	-20.0813	-45.9378	33.8553	-2.21033
49	68	-20.1238	-46.1668	34.0646	-2.20732
49	69	-20.1571	-46.3953	34.2683	-2.20414
49	70	-20.182	-46.6242	34.4678	-2.20079
49	71	-20.1979	-46.8546	34.6635	-2.19724
49	72	-20.2029	-47.0865	34.8545	-2.19346
49	73	-20.195	-47.3189	35.039	-2.18941
49	74	-20.1737	-47.5496	35.2149	-2.18512
49	75	-20.14	-47.7765	35.3813	-2.18064
49	76	-20.0959	-47.9991	35.5388	-2.17604
49	77	-20.0432	-48.2175	35.6889	-2.17134
49	78	-19.9825	-48.4328	35.8326	-2.16655
49	79	-19.9136	-48.6453	35.9703	-2.16165
49	80	-19.8359	-48.8547	36.1014	-2.15663
49	81	-19.749	-49.0602	36.225	-2.15149
49	82	-19.6534	-49.2608	36.3408	-2.14626
49	83	-19.5498	-49.4562	36.4489	-2.14096
49	84	-19.4388	-49.6467	36.5498	-2.13559
49	85	-19.3201	-49.8326	36.6438	-2.13014
49	86	-19.1929	-50.0138	36.7305	-2.12459
49	87	-19.0561	-50.1897	36.8087	-2.11891
49	88	-18.9097	-50.3589	36.8775	-2.11314
49	89	-18.7562	-50.5213	36.938	-2.1073
49	90	-18.5915	-50.671	36.9831	-2.10141
49	91	-18.4201	-50.811	37.0178	-2.0955
49	92	-18.2437	-50.943	37.0443	-2.0896
49	93	-18.0621	-51.0679	37.0634	-2.08367
49	94	-17.8746	-51.1858	37.0748	-2.0777
49	95	-17.6803	-51.2954	37.0769	-2.07169
49	96	-17.4793	-51.3949	37.0684	-2.06564
49	97	-17.2726	-51.483	37.0484	-2.0596
49	98	-17.0619	-51.5596	37.0178	-2.0536
49	99	-16.8487	-51.6259	36.9781	-2.04766
49	100	-16.6332	-51.6833	36.9309	-2.04177
49	101	-16.4153	-51.7323	36.8764	-2.0359
49	102	-16.1945	-51.7726	36.8139	-2.03005
49	103	-15.9707	-51.8029	36.7425	-2.02422
49	104	-15.745	-51.822	36.6614	-2.01846
49	105	-15.5188	-51.83	36.5713	-2.01279
49	106	-15.293	-51.828	36.4735	-2.00722
49	107	-15.0678	-51.8172	36.369	-2.00173
49	108	-14.8426	-51.7977	36.2578	-1.99631
49	109	-14.6169	-51.7685	36.1385	-1.99096
49	110	-14.3912	-51.7274	36.0095	-1.9857
49	111	-14.1671	-51.6727	35.8696	-1.9806
49	112	-13.9472	-51.6042	35.7195	-1.97572
49	113	-13.7333	-51.5234	35.5613	-1.97108
49	114	-13.5258	-51.4329	35.3975	-1.96668
49	115	-13.3243	-51.3348	35.2296	-1.96248
49	116	-13.1439	-51.2365	35.0701	-1.95879
49	117	-12.9918	-51.1396	34.923	-1.95581
49	118	-12.8623	-51.04	34.7822	-1.95343
49	119	-12.7516	-50.9337	34.6423	-1.95161
49	120	-12.6562	-50.8225	34.5036	-1.95025
49	121	-12.5759	-50.7021	34.3621	-1.94937
49	122	-12.5023	-50.5752	34.2169	-1.94874
49	123	-12.4394	-50.4391	34.0672	-1.9485
49	124	-12.398	-50.2826	33.9065	-1.94907
49	125	-12.3802	-50.0967	33.7272	-1.95061
49	126	-12.3723	-49.9118	33.5526	-1.95244
49	127	-12.3679	-49.7288	33.3812	-1.95436
49	128	-12.3615	-49.548	33.2112	-1.95622
49	129	-12.3539	-49.3689	33.0425	-1.95804
49	130	-12.3455	-49.1909	32.8745	-1.95985
49	131	-12.3365	-49.0131	32.7067	-1.96166
49	132	-12.3271	-48.8353	32.5387	-1.96347
49	133	-12.3191	-48.6572	32.3712	-1.96535
49	134	-12.3131	-48.479	32.2044	-1.9673
49	135	-12.3089	-48.3009	32.0386	-1.96933
49	136	-12.3064	-48.1229	31.8736	-1.97142
49	137	-12.3046	-47.9448	31.709	-1.97356
49	138	-12.3026	-47.7661	31.5439	-1.97573
49	139	-12.3014	-47.5862	31.3782	-1.97795
49	140	-12.3	-47.4052	31.2115	-1.98021
