0 1 0 83.8704 0.0783497 0 1.17985 0 0 0 0 61.1572 0 70000 0 1.0747
1 1 0 65.8837 1.74014 -1 1.14469 1.6161 1 0 0 62.2388 0 70000 0 2.31956
2 1 0 64.2843 2.6076 -1 1.18514 1.98701 2 0 0 58.8359 0 70000 0 0.372048
3 1 0 69.9082 1.58177 -1 1.22093 2.82226 3 0 0 59.3149 0 70000 0 2.82371
4 1 0 60.7419 2.6364 -1 1.13064 4.44462 4 0 0 54.2762 0 70000 0 0.127657
5 1 0 76.2342 0.248938 0 1.02334 2.54862 5 0 0 53.4663 0 70000 0 2.93477
6 1 0 61.6927 2.56858 -1 1.2267 7.54351 6 0 0 48.6496 0 70000 0 0.00273261
7 1 0 68.7469 0.641088 -1 1.26262 5.29244 7 0 0 48.5201 0 70000 0 3.07467
8 1 1 85.5041 2.2629 -1 1.19689 10.6056 8 0 0 43.5854 0 70000 0 0.0762705
9 1 1 63.9286 0.83665 -1 1.15979 9.31717 9 0 0 43.666 0 70000 0 3.09586
10 2 0 60.8314 1.82156 0 1.09067 8.87491 10 0 0 70.6241 0 70000 0 0
11 2 0 66.454 2.62868 0 1.25264 8.4654 11 0 0 66.8598 0 70000 0 0
12 2 0 63.0473 2.80311 0 1.26416 10.6656 12 0 0 68.7965 0 70000 0 0
13 2 0 54.524 1.41174 -1 1.32261 11.2123 13 0 0 61.8078 0 70000 0 0
14 2 0 61.7633 1.80073 0 1.20189 10.7042 14 0 0 61.6413 0 70000 0 0
15 2 0 79.579 2.59379 0 1.21485 13.5039 15 0 0 55.262 0 70000 0 0
16 2 0 69.0091 0.514263 0 1.13779 11.6311 16 0 0 54.5743 0 70000 0 0
17 2 1 55.0271 2.3622 -1 1.30271 16.6193 17 0 0 48.2866 0 70000 0 0
18 2 1 54.5156 0.708208 -1 1.30732 15.0848 18 0 0 48.21 0 70000 0 0
19 3 0 71.8515 1.5764 0 1.38079 17.9096 19 0 0 78.7923 89.6533 70000 0 0
20 3 0 64.3285 1.52093 -1 1.47797 18.4503 20 0 0 79.2282 89.8042 70000 0 0
21 3 0 70.5171 1.48442 0 1.32626 18.6703 21 0 0 70.2998 84.1608 70000 0 0
22 3 0 62.356 1.5817 -1 1.25451 19.5458 22 0 0 69.894 84.2115 70000 0 0
23 3 0 69.9332 2.93074 0 1.05512 20.7573 23 0 0 61.1106 75.6126 70000 0 0
24 3 0 73.06 1.68286 0 1.16243 19.6527 24 0 0 61.011 74.9376 70000 0 0
25 3 1 70.2627 2.43183 -1 1.11235 22.9401 25 0 0 52.9469 66.4419 70000 0 0
26 3 1 81.1182 0.686629 -1 1.17849 21.4319 26 0 0 52.9639 65.9477 70000 0 0
27 4 0 55.8084 1.63528 -1 1.35171 27.2621 27 0 0 75.5842 105.275 70000 0 0
28 4 0 71.3458 1.50978 1.5708 1.26616 28.0244 28 0 0 71.1836 96.3604 70000 0 0
29 4 0 58.0978 1.59452 0 1.11076 27.9562 29 0 0 71.7591 96.6094 70000 0 0
30 4 0 67.2295 1.51086 1.5708 1.30287 28.977 30 0 0 64.1202 85.0827 70000 0 0
31 4 0 73.0617 1.56624 1.5708 1.56649 29.0794 31 0 0 63.5687 84.3226 70000 0 0
32 4 1 72.3072 2.52159 -1 1.15671 29.8991 32 0 0 56.4702 74.1283 70000 0 0
33 4 1 81.5891 0.565579 -1 1.07109 29.913 33 0 0 55.533 72.768 70000 0 0
34 5 0 61.2695 1.45093 1.5708 1.5031 37.0739 34 0 0 65.1378 97.3275 70000 0 0
35 5 0 64.5693 1.49896 1.5708 1.5323 36.9644 35 0 0 65.2044 97.8267 70000 0 0
36 5 0 60.5939 1.56668 1.5708 1.296 37.7752 36 0 0 61.4435 88.0887 70000 0 0
37 5 0 71.162 1.57825 1.5708 1.49401 37.8281 37 0 0 61.2226 87.9953 70000 0 0
38 5 1 51.0612 2.62226 -1 1.14454 37.6245 38 0 0 56.3446 78.0745 70000 0 0
39 5 1 76.6764 0.507301 -1 1.05586 38.8174 39 0 0 55.45 77.1723 70000 0 0
40 6 0 54.6358 1.55335 -1 1.16904 45.8851 40 0 0 57.2224 85.9862 70000 0 0
41 6 0 59.9662 1.62076 1.5708 1.21343 46.7429 41 0 0 55.5372 82.4217 70000 0 0
42 6 0 51.5285 1.58126 -1 1.10543 46.151 42 0 0 55.9385 83.0396 70000 0 0
43 6 1 71.0051 2.97089 -1 1.1424 45.778 43 0 0 53.0885 76.5368 70000 0 0
44 6 1 50.7878 0.229539 -1 1.17013 46.6821 44 0 0 52.5693 76.034 70000 0 0
45 7 0 81.3922 1.55925 1.5708 1.46097 55.1352 45 0 0 49.5951 74.0927 70000 0 0
46 7 0 61.1347 1.58892 1.5708 1.42611 55.4307 46 0 0 48.727 72.3158 70000 0 0
47 7 0 88.0233 1.56475 1.5708 1.3831 55.1073 47 0 0 48.8903 72.5492 70000 0 0
48 7 1 85.1157 1.4864 1.5708 1.05572 54.7862 48 0 0 47.0673 68.6938 70000 0 0
49 7 1 65.1529 1.63356 1.5708 1.1158 54.6153 49 0 0 47.1577 68.8051 70000 0 0
